#!ascii label  , from subject fsaverage vox2ras=TkReg
398
86  35.045  -82.677  0.649 0.0000000000
976  41.192  -80.731  3.843 0.0000000000
1275  42.541  -74.408  10.523 0.0000000000
2365  48.431  -74.083  10.526 0.0000000000
2366  42.459  -77.392  6.809 0.0000000000
2367  35.748  -78.439  4.623 0.0000000000
2896  37.803  -81.742  2.080 0.0000000000
5266  46.641  -72.709  11.818 0.0000000000
5267  39.783  -75.012  9.822 0.0000000000
5268  42.808  -75.757  8.444 0.0000000000
5269  39.441  -76.183  7.342 0.0000000000
5270  38.845  -77.655  5.498 0.0000000000
6364  44.937  -80.088  5.527 0.0000000000
6903  44.752  -73.650  12.042 0.0000000000
7390  32.296  -84.044  0.313 0.0000000000
9652  45.624  -74.806  10.268 0.0000000000
9653  46.312  -76.569  8.629 0.0000000000
9654  45.814  -78.690  7.281 0.0000000000
9655  41.904  -79.043  5.479 0.0000000000
9656  38.350  -79.575  3.812 0.0000000000
9657  35.275  -80.524  2.452 0.0000000000
9665  32.380  -79.655  3.908 0.0000000000
9666  31.919  -81.970  1.934 0.0000000000
10576  36.409  -82.186  1.261 0.0000000000
10577  37.371  -82.835  1.155 0.0000000000
10578  36.145  -83.239  0.380 0.0000000000
12945  45.966  -71.326  11.784 0.0000000000
12946  45.695  -72.156  12.409 0.0000000000
12948  39.589  -75.581  8.462 0.0000000000
12950  37.845  -76.492  7.019 0.0000000000
14446  43.015  -80.376  4.792 0.0000000000
14448  42.072  -81.374  3.850 0.0000000000
16246  31.012  -85.040  0.585 0.0000000000
16247  32.080  -85.480  -0.094 0.0000000000
21561  49.043  -74.940  9.319 0.0000000000
21562  43.850  -74.121  11.275 0.0000000000
21563  45.157  -74.065  11.119 0.0000000000
21564  44.058  -74.676  10.131 0.0000000000
21565  42.790  -76.576  7.541 0.0000000000
21566  44.571  -76.263  8.497 0.0000000000
21567  44.497  -77.235  7.704 0.0000000000
21568  46.102  -77.659  7.923 0.0000000000
21569  44.234  -78.167  7.131 0.0000000000
21570  43.820  -78.999  6.397 0.0000000000
21571  42.249  -78.238  6.194 0.0000000000
21572  37.285  -77.955  4.998 0.0000000000
21573  38.625  -78.490  4.653 0.0000000000
21574  37.096  -78.876  4.126 0.0000000000
21575  36.839  -80.011  3.188 0.0000000000
21576  35.524  -79.343  3.556 0.0000000000
21597  30.846  -80.763  3.982 0.0000000000
21598  32.025  -80.798  2.900 0.0000000000
21599  30.645  -81.912  3.026 0.0000000000
21600  30.634  -82.916  2.130 0.0000000000
23644  39.443  -81.212  2.902 0.0000000000
23645  40.396  -81.874  2.998 0.0000000000
23646  38.802  -82.380  2.068 0.0000000000
27911  47.238  -71.895  11.247 0.0000000000
27912  47.575  -73.418  11.285 0.0000000000
27913  41.140  -74.619  10.099 0.0000000000
27914  42.603  -75.002  9.455 0.0000000000
27915  41.131  -75.226  8.934 0.0000000000
27916  41.070  -76.052  7.746 0.0000000000
27917  40.867  -76.737  6.896 0.0000000000
27918  40.608  -77.536  6.146 0.0000000000
27919  39.148  -76.924  6.438 0.0000000000
27920  37.542  -77.178  6.004 0.0000000000
27921  35.985  -77.627  5.651 0.0000000000
31467  45.230  -72.949  12.777 0.0000000000
31469  43.821  -73.791  12.439 0.0000000000
31470  42.683  -74.122  11.856 0.0000000000
31473  41.263  -74.305  11.360 0.0000000000
32674  33.629  -83.290  0.274 0.0000000000
32675  34.773  -83.797  -0.183 0.0000000000
32676  33.384  -84.526  -0.285 0.0000000000
35955  35.993  -84.434  -0.343 0.0000000000
39190  45.828  -73.395  11.974 0.0000000000
39191  46.446  -73.906  11.292 0.0000000000
39192  47.129  -74.635  10.579 0.0000000000
39193  44.351  -75.387  9.258 0.0000000000
39194  46.151  -75.569  9.459 0.0000000000
39195  47.781  -75.507  9.648 0.0000000000
39196  47.872  -76.527  8.667 0.0000000000
39197  47.620  -77.586  7.843 0.0000000000
39199  45.450  -79.404  6.465 0.0000000000
39200  43.422  -79.692  5.588 0.0000000000
39201  41.464  -79.892  4.625 0.0000000000
39202  40.375  -78.344  5.367 0.0000000000
39203  39.998  -79.198  4.568 0.0000000000
39204  39.736  -80.220  3.678 0.0000000000
39205  38.117  -80.687  2.945 0.0000000000
39206  36.553  -81.173  2.156 0.0000000000
39207  35.054  -81.698  1.462 0.0000000000
39228  34.418  -78.141  5.351 0.0000000000
39231  34.017  -78.886  4.062 0.0000000000
39232  33.696  -79.938  2.995 0.0000000000
39233  33.490  -81.109  1.958 0.0000000000
39234  33.448  -82.280  1.099 0.0000000000
39235  32.072  -83.040  1.035 0.0000000000
39236  30.774  -84.012  1.251 0.0000000000
41296  35.738  -82.433  0.928 0.0000000000
41297  36.273  -82.714  0.842 0.0000000000
41298  35.613  -82.942  0.484 0.0000000000
45166  42.081  -80.547  4.319 0.0000000000
45167  42.519  -80.843  4.321 0.0000000000
45168  41.666  -81.032  3.848 0.0000000000
52277  48.477  -73.319  10.737 0.0000000000
52281  48.845  -74.463  10.031 0.0000000000
52282  43.214  -74.309  10.863 0.0000000000
52283  43.919  -74.375  10.672 0.0000000000
52284  43.260  -74.566  10.277 0.0000000000
52285  42.671  -76.989  7.163 0.0000000000
52286  43.632  -76.908  7.605 0.0000000000
52287  43.525  -77.375  7.257 0.0000000000
52288  44.406  -77.693  7.428 0.0000000000
52289  43.361  -77.781  6.967 0.0000000000
52290  43.189  -78.218  6.672 0.0000000000
52291  42.357  -77.822  6.524 0.0000000000
52292  36.530  -78.198  4.804 0.0000000000
52293  37.196  -78.375  4.551 0.0000000000
52294  36.411  -78.612  4.345 0.0000000000
52295  36.320  -79.105  3.859 0.0000000000
52296  35.656  -78.840  4.115 0.0000000000
52318  30.686  -81.311  3.485 0.0000000000
52320  30.002  -82.477  3.160 0.0000000000
54766  38.589  -81.473  2.488 0.0000000000
54767  39.070  -81.784  2.493 0.0000000000
54768  38.293  -82.045  2.045 0.0000000000
54769  37.270  -83.367  0.738 0.0000000000
54770  37.909  -83.157  1.186 0.0000000000
61877  46.373  -71.992  11.824 0.0000000000
61878  46.618  -71.582  11.512 0.0000000000
61879  46.974  -72.288  11.549 0.0000000000
61880  47.583  -72.601  11.294 0.0000000000
61881  47.121  -73.028  11.520 0.0000000000
61882  40.473  -74.770  9.941 0.0000000000
61883  41.163  -74.855  9.524 0.0000000000
61884  40.427  -75.061  9.323 0.0000000000
61885  39.517  -75.896  7.863 0.0000000000
61886  40.294  -75.780  8.083 0.0000000000
61887  40.236  -76.113  7.539 0.0000000000
61888  41.010  -76.379  7.278 0.0000000000
61889  40.125  -76.453  7.079 0.0000000000
61890  39.978  -76.834  6.679 0.0000000000
61891  39.292  -76.564  6.905 0.0000000000
61893  37.687  -76.844  6.505 0.0000000000
61894  36.903  -77.084  6.364 0.0000000000
61895  36.787  -77.407  5.826 0.0000000000
66384  39.987  -82.506  2.569 0.0000000000
69079  43.377  -73.909  12.719 0.0000000000
69080  43.284  -73.972  12.148 0.0000000000
69081  42.790  -74.104  12.459 0.0000000000
69088  41.475  -74.327  12.014 0.0000000000
69090  40.604  -74.456  11.218 0.0000000000
71776  32.931  -83.610  0.259 0.0000000000
71777  33.489  -83.873  -0.036 0.0000000000
71778  32.832  -84.264  -0.012 0.0000000000
71780  32.656  -85.693  -0.350 0.0000000000
79674  34.675  -84.396  -0.406 0.0000000000
79675  35.384  -84.073  -0.290 0.0000000000
79676  35.304  -84.788  -0.531 0.0000000000
87727  45.068  -73.406  12.486 0.0000000000
87728  45.483  -73.150  12.352 0.0000000000
87729  45.264  -73.533  11.989 0.0000000000
87730  45.402  -74.432  10.694 0.0000000000
87731  45.872  -74.061  11.194 0.0000000000
87732  46.074  -74.386  10.796 0.0000000000
87733  46.745  -74.249  10.948 0.0000000000
87734  46.373  -74.777  10.396 0.0000000000
87735  42.737  -75.369  8.901 0.0000000000
87736  43.481  -75.198  9.237 0.0000000000
87737  43.623  -75.584  8.809 0.0000000000
87738  45.466  -76.457  8.561 0.0000000000
87739  45.440  -75.979  8.981 0.0000000000
87740  46.274  -76.054  9.055 0.0000000000
87741  46.964  -75.580  9.594 0.0000000000
87742  47.113  -76.108  9.128 0.0000000000
87743  47.859  -76.005  9.144 0.0000000000
87744  47.093  -76.603  8.685 0.0000000000
87745  45.936  -78.239  7.632 0.0000000000
87746  46.890  -77.738  7.960 0.0000000000
87747  46.754  -78.214  7.608 0.0000000000
87748  47.354  -78.128  7.410 0.0000000000
87749  46.568  -78.698  7.234 0.0000000000
87750  46.359  -79.053  6.792 0.0000000000
87751  45.644  -79.069  6.876 0.0000000000
87752  42.882  -79.015  5.930 0.0000000000
87753  43.650  -79.356  5.993 0.0000000000
87754  42.693  -79.402  5.538 0.0000000000
87755  42.423  -79.781  5.105 0.0000000000
87756  41.688  -79.467  5.076 0.0000000000
87757  39.703  -77.608  5.814 0.0000000000
87758  40.482  -77.953  5.757 0.0000000000
87759  39.585  -77.990  5.373 0.0000000000
87760  38.493  -79.009  4.253 0.0000000000
87761  39.299  -78.850  4.596 0.0000000000
87762  39.111  -79.354  4.195 0.0000000000
87763  39.845  -79.730  4.158 0.0000000000
87764  39.018  -79.917  3.757 0.0000000000
87765  38.981  -80.467  3.294 0.0000000000
87766  38.268  -80.132  3.391 0.0000000000
87767  36.075  -80.236  2.821 0.0000000000
87768  36.694  -80.581  2.676 0.0000000000
87769  35.957  -80.835  2.300 0.0000000000
87770  35.828  -81.413  1.768 0.0000000000
87771  35.172  -81.094  1.964 0.0000000000
87830  32.530  -79.202  4.475 0.0000000000
87831  33.388  -78.822  4.553 0.0000000000
87832  33.220  -79.204  3.959 0.0000000000
87833  33.875  -79.385  3.542 0.0000000000
87834  33.031  -79.728  3.420 0.0000000000
87835  31.939  -81.382  2.397 0.0000000000
87836  32.702  -80.902  2.323 0.0000000000
87837  32.655  -81.507  1.899 0.0000000000
87838  33.444  -81.687  1.511 0.0000000000
87839  32.598  -82.102  1.521 0.0000000000
87840  32.718  -82.640  1.037 0.0000000000
87841  31.956  -82.514  1.504 0.0000000000
87842  30.053  -83.499  2.249 0.0000000000
87843  30.687  -83.467  1.669 0.0000000000
87844  30.114  -84.033  1.797 0.0000000000
87845  30.207  -84.545  1.378 0.0000000000
92764  37.085  -81.988  1.673 0.0000000000
92765  37.574  -82.306  1.608 0.0000000000
92766  36.894  -82.494  1.229 0.0000000000
92767  36.745  -83.029  0.756 0.0000000000
92768  36.660  -83.570  0.334 0.0000000000
97031  45.833  -71.702  12.120 0.0000000000
97032  46.125  -72.431  12.134 0.0000000000
97034  39.669  -75.264  9.126 0.0000000000
97035  38.930  -75.451  8.951 0.0000000000
97036  38.857  -75.739  8.304 0.0000000000
97037  38.741  -76.002  7.715 0.0000000000
97038  38.648  -76.301  7.177 0.0000000000
99730  43.989  -80.222  5.209 0.0000000000
99732  43.488  -80.622  4.738 0.0000000000
102970  31.636  -84.537  0.461 0.0000000000
102971  32.187  -84.743  0.101 0.0000000000
102972  31.548  -85.251  0.238 0.0000000000
112540  44.366  -73.895  11.673 0.0000000000
112541  44.935  -73.811  11.577 0.0000000000
112542  44.538  -74.113  11.162 0.0000000000
112543  44.666  -74.385  10.636 0.0000000000
112544  44.859  -74.766  10.197 0.0000000000
112545  42.863  -76.149  7.969 0.0000000000
112546  43.707  -75.976  8.436 0.0000000000
112547  43.684  -76.449  8.008 0.0000000000
112548  44.534  -76.767  8.082 0.0000000000
112549  45.426  -76.960  8.160 0.0000000000
112550  46.237  -77.107  8.222 0.0000000000
112551  45.331  -77.492  7.853 0.0000000000
112552  45.183  -77.985  7.553 0.0000000000
112553  44.966  -78.513  7.233 0.0000000000
112554  44.840  -78.946  6.859 0.0000000000
112555  43.994  -78.623  6.805 0.0000000000
112556  43.031  -78.636  6.332 0.0000000000
112557  42.085  -78.628  5.846 0.0000000000
112558  38.010  -77.747  5.220 0.0000000000
112559  38.716  -78.046  5.072 0.0000000000
112560  37.910  -78.170  4.808 0.0000000000
112561  37.859  -78.664  4.378 0.0000000000
112562  37.733  -79.206  3.940 0.0000000000
112563  37.594  -79.795  3.503 0.0000000000
112564  36.976  -79.416  3.684 0.0000000000
112565  36.188  -79.654  3.320 0.0000000000
112566  35.334  -79.938  2.952 0.0000000000
112603  31.576  -80.177  3.908 0.0000000000
112604  32.193  -80.205  3.376 0.0000000000
112605  31.395  -80.732  3.402 0.0000000000
112606  31.290  -81.324  2.952 0.0000000000
112607  31.268  -81.923  2.466 0.0000000000
112608  31.272  -82.459  1.990 0.0000000000
112609  30.634  -82.445  2.574 0.0000000000
112610  30.002  -83.005  2.710 0.0000000000
116608  40.354  -81.020  3.304 0.0000000000
116609  40.819  -81.292  3.379 0.0000000000
116610  39.930  -81.539  2.938 0.0000000000
116611  39.560  -82.136  2.538 0.0000000000
116612  39.312  -82.726  2.096 0.0000000000
116613  38.047  -82.614  1.621 0.0000000000
116614  38.590  -82.948  1.642 0.0000000000
126568  47.761  -72.232  11.025 0.0000000000
126569  48.005  -72.957  11.072 0.0000000000
126570  48.026  -73.725  10.968 0.0000000000
126571  41.830  -74.518  10.287 0.0000000000
126572  42.552  -74.695  9.970 0.0000000000
126573  41.838  -74.786  9.726 0.0000000000
126574  41.866  -75.101  9.189 0.0000000000
126575  41.926  -75.499  8.657 0.0000000000
126576  40.340  -75.416  8.703 0.0000000000
126577  41.100  -75.647  8.352 0.0000000000
126578  41.936  -75.912  8.123 0.0000000000
126579  41.941  -76.287  7.572 0.0000000000
126580  41.839  -76.678  7.136 0.0000000000
126581  41.696  -77.060  6.806 0.0000000000
126582  41.536  -77.449  6.471 0.0000000000
126583  40.710  -77.124  6.531 0.0000000000
126584  39.813  -77.213  6.258 0.0000000000
126585  38.983  -77.279  5.973 0.0000000000
126586  38.500  -76.654  6.672 0.0000000000
126587  38.346  -76.994  6.170 0.0000000000
126588  38.173  -77.387  5.682 0.0000000000
126589  37.401  -77.557  5.457 0.0000000000
126590  36.649  -77.786  5.291 0.0000000000
126591  35.851  -78.012  5.131 0.0000000000
132471  41.240  -81.607  3.443 0.0000000000
135881  44.967  -73.192  12.935 0.0000000000
135882  44.713  -73.524  12.575 0.0000000000
135884  44.297  -73.622  12.728 0.0000000000
135885  44.314  -73.738  12.203 0.0000000000
135886  43.820  -73.900  11.899 0.0000000000
135887  43.259  -74.084  11.557 0.0000000000
135888  42.617  -74.168  11.174 0.0000000000
135895  42.146  -74.209  12.223 0.0000000000
135896  42.002  -74.178  11.549 0.0000000000
135897  41.901  -74.262  10.873 0.0000000000
135898  41.142  -74.412  10.693 0.0000000000
135899  40.497  -74.558  10.541 0.0000000000
135900  39.862  -74.794  10.467 0.0000000000
139246  34.340  -82.974  0.417 0.0000000000
139247  34.885  -83.219  0.193 0.0000000000
139248  34.200  -83.542  0.012 0.0000000000
139249  34.074  -84.143  -0.263 0.0000000000
139250  33.969  -84.796  -0.481 0.0000000000
139251  32.733  -84.974  -0.217 0.0000000000
139252  33.299  -85.233  -0.468 0.0000000000
148845  35.490  -83.477  0.039 0.0000000000
148846  36.097  -83.766  -0.058 0.0000000000
158524  45.546  -72.596  12.628 0.0000000000
158525  45.876  -72.836  12.278 0.0000000000
158526  46.262  -73.082  11.968 0.0000000000
158527  45.544  -73.732  11.566 0.0000000000
158528  46.183  -73.626  11.637 0.0000000000
158529  46.717  -73.388  11.675 0.0000000000
158530  47.040  -73.703  11.341 0.0000000000
158531  47.411  -74.071  11.005 0.0000000000
158532  47.848  -74.433  10.651 0.0000000000
158533  43.391  -74.890  9.726 0.0000000000
158534  44.204  -75.008  9.689 0.0000000000
158535  45.084  -75.149  9.759 0.0000000000
158536  44.521  -75.819  8.914 0.0000000000
158537  45.263  -75.539  9.367 0.0000000000
158538  45.891  -75.184  9.851 0.0000000000
158539  46.717  -75.135  10.052 0.0000000000
158540  47.514  -75.045  10.146 0.0000000000
158541  48.200  -74.824  10.144 0.0000000000
158542  48.483  -75.295  9.587 0.0000000000
158543  48.564  -75.805  9.018 0.0000000000
158544  48.497  -76.343  8.492 0.0000000000
158545  47.018  -77.170  8.285 0.0000000000
158546  47.770  -77.072  8.238 0.0000000000
158552  46.053  -79.422  6.318 0.0000000000
158553  45.169  -79.735  5.990 0.0000000000
158554  44.649  -79.272  6.449 0.0000000000
158555  44.447  -79.641  6.070 0.0000000000
158556  44.229  -79.922  5.598 0.0000000000
158557  43.229  -80.011  5.193 0.0000000000
158558  42.223  -80.154  4.694 0.0000000000
158559  41.318  -80.296  4.222 0.0000000000
158560  41.425  -77.871  6.122 0.0000000000
158561  41.296  -78.290  5.766 0.0000000000
158562  41.109  -78.674  5.422 0.0000000000
158563  39.480  -78.399  4.981 0.0000000000
158564  40.182  -78.736  4.977 0.0000000000
158565  40.925  -79.103  5.021 0.0000000000
158566  40.756  -79.587  4.594 0.0000000000
158567  40.586  -80.030  4.149 0.0000000000
158568  40.477  -80.509  3.711 0.0000000000
158569  39.670  -80.748  3.246 0.0000000000
158570  38.849  -81.014  2.846 0.0000000000
158571  37.900  -81.266  2.482 0.0000000000
158572  37.443  -80.333  3.076 0.0000000000
158573  37.294  -80.915  2.574 0.0000000000
158574  37.133  -81.498  2.093 0.0000000000
158575  36.445  -81.713  1.657 0.0000000000
158576  35.751  -81.947  1.308 0.0000000000
158577  35.025  -82.208  1.043 0.0000000000
158639  35.152  -77.869  5.490 0.0000000000
158640  35.033  -78.248  4.952 0.0000000000
158648  34.212  -78.508  4.728 0.0000000000
158649  34.879  -78.672  4.407 0.0000000000
158650  34.776  -79.096  3.814 0.0000000000
158651  34.598  -79.625  3.216 0.0000000000
158652  34.437  -80.228  2.640 0.0000000000
158653  32.839  -80.329  2.895 0.0000000000
158654  33.566  -80.520  2.439 0.0000000000
158655  34.384  -80.778  2.162 0.0000000000
158656  34.312  -81.366  1.683 0.0000000000
158657  34.246  -81.972  1.243 0.0000000000
158658  34.253  -82.479  0.826 0.0000000000
158659  33.523  -82.789  0.655 0.0000000000
158660  32.847  -83.156  0.597 0.0000000000
158661  32.200  -83.575  0.633 0.0000000000
158662  31.311  -82.972  1.557 0.0000000000
158663  31.407  -83.498  1.123 0.0000000000
158664  31.537  -84.027  0.749 0.0000000000
158665  30.880  -84.510  0.896 0.0000000000
158666  30.304  -85.035  1.008 0.0000000000
