#!ascii label  , from subject fsaverage vox2ras=TkReg
344
87  -19.867  -88.014  -7.449 0.0000000000
1404  -13.097  -92.364  -8.817 0.0000000000
1779  -23.754  -83.335  -11.750 0.0000000000
1993  -12.331  -95.856  -12.665 0.0000000000
1994  -17.728  -93.465  -9.698 0.0000000000
3324  -16.029  -90.684  -7.396 0.0000000000
3325  -13.683  -89.808  -7.720 0.0000000000
3326  -17.214  -87.668  -7.928 0.0000000000
4371  -14.760  -96.163  -13.767 0.0000000000
4372  -14.479  -94.553  -11.772 0.0000000000
4373  -17.483  -95.615  -11.897 0.0000000000
7134  -10.646  -93.661  -10.342 0.0000000000
7989  -22.535  -85.661  -9.862 0.0000000000
7990  -20.149  -85.892  -8.668 0.0000000000
7991  -22.345  -83.605  -9.832 0.0000000000
8561  -10.459  -95.485  -10.991 0.0000000000
8562  -12.243  -93.920  -11.180 0.0000000000
8563  -15.038  -92.620  -9.282 0.0000000000
8564  -18.741  -90.728  -8.267 0.0000000000
8573  -22.264  -87.602  -10.008 0.0000000000
8574  -23.341  -84.907  -12.614 0.0000000000
8575  -26.295  -82.966  -12.899 0.0000000000
11004  -17.950  -89.357  -7.016 0.0000000000
11005  -16.612  -88.874  -7.065 0.0000000000
11006  -18.343  -87.711  -7.364 0.0000000000
12052  -15.861  -95.829  -12.896 0.0000000000
15729  -11.859  -93.011  -9.724 0.0000000000
15731  -11.755  -92.156  -8.877 0.0000000000
17529  -23.016  -84.506  -11.155 0.0000000000
17530  -22.322  -84.714  -10.069 0.0000000000
17531  -23.016  -83.484  -10.883 0.0000000000
18871  -11.328  -95.770  -11.823 0.0000000000
18872  -11.178  -94.791  -11.418 0.0000000000
18873  -12.094  -94.887  -12.159 0.0000000000
18874  -15.869  -94.225  -10.614 0.0000000000
18875  -14.648  -93.550  -10.610 0.0000000000
18876  -16.202  -93.075  -9.565 0.0000000000
18877  -16.660  -91.972  -8.412 0.0000000000
18878  -18.054  -92.104  -8.966 0.0000000000
18900  -21.846  -88.589  -10.460 0.0000000000
18901  -22.817  -87.186  -11.727 0.0000000000
18902  -23.039  -86.126  -11.298 0.0000000000
18903  -23.294  -85.801  -12.773 0.0000000000
18905  -25.760  -83.407  -13.769 0.0000000000
18907  -28.522  -82.272  -11.997 0.0000000000
22727  -20.258  -84.910  -9.061 0.0000000000
22728  -19.110  -85.871  -9.133 0.0000000000
24414  -14.461  -91.648  -7.990 0.0000000000
24415  -13.240  -91.364  -8.006 0.0000000000
24416  -14.902  -90.317  -7.386 0.0000000000
24417  -15.525  -88.537  -7.541 0.0000000000
24418  -16.121  -87.520  -8.717 0.0000000000
25494  -25.601  -82.475  -11.436 0.0000000000
25495  -24.462  -82.371  -10.591 0.0000000000
26299  -13.519  -96.027  -13.331 0.0000000000
26300  -13.205  -95.085  -12.644 0.0000000000
26301  -14.522  -95.408  -12.860 0.0000000000
26302  -15.829  -95.130  -11.727 0.0000000000
26303  -17.666  -94.631  -10.685 0.0000000000
34299  -21.476  -86.902  -8.528 0.0000000000
34300  -20.015  -86.797  -7.862 0.0000000000
34301  -21.432  -85.808  -8.901 0.0000000000
34302  -21.362  -84.818  -9.341 0.0000000000
35946  -10.410  -94.507  -10.924 0.0000000000
35947  -11.430  -93.815  -10.680 0.0000000000
35948  -12.752  -93.080  -9.936 0.0000000000
35949  -13.295  -94.058  -11.664 0.0000000000
35950  -13.646  -93.202  -10.403 0.0000000000
35951  -14.137  -92.508  -9.038 0.0000000000
35952  -15.465  -91.867  -8.069 0.0000000000
35953  -17.226  -90.863  -7.542 0.0000000000
35954  -19.400  -89.374  -7.668 0.0000000000
35978  -19.823  -91.752  -9.692 0.0000000000
35979  -20.157  -90.348  -9.362 0.0000000000
35980  -20.813  -88.949  -8.990 0.0000000000
35981  -21.265  -87.912  -8.553 0.0000000000
35982  -22.470  -86.641  -9.763 0.0000000000
35983  -23.051  -85.315  -11.173 0.0000000000
35984  -23.495  -84.175  -12.297 0.0000000000
35985  -23.949  -84.461  -13.803 0.0000000000
35986  -24.353  -83.732  -13.396 0.0000000000
35987  -24.838  -83.134  -12.530 0.0000000000
35988  -26.916  -82.449  -11.853 0.0000000000
40585  -18.803  -86.743  -8.280 0.0000000000
40586  -17.705  -86.716  -9.131 0.0000000000
41724  -18.907  -88.615  -7.120 0.0000000000
41725  -18.142  -88.509  -7.071 0.0000000000
41726  -19.073  -87.846  -7.259 0.0000000000
46449  -12.490  -92.693  -9.266 0.0000000000
46450  -11.844  -92.605  -9.267 0.0000000000
46451  -12.507  -92.297  -8.748 0.0000000000
48249  -23.294  -83.925  -11.628 0.0000000000
48250  -23.010  -84.016  -11.072 0.0000000000
48251  -23.348  -83.313  -11.330 0.0000000000
49587  -12.530  -96.310  -12.837 0.0000000000
49589  -12.016  -96.245  -12.418 0.0000000000
49590  -11.538  -96.203  -11.955 0.0000000000
49591  -11.815  -95.810  -12.279 0.0000000000
49592  -11.652  -95.370  -12.069 0.0000000000
49593  -12.157  -95.419  -12.460 0.0000000000
49594  -16.788  -93.959  -10.102 0.0000000000
49595  -16.038  -93.667  -10.083 0.0000000000
49596  -16.908  -93.342  -9.639 0.0000000000
49597  -17.041  -92.689  -9.172 0.0000000000
49598  -17.784  -92.810  -9.332 0.0000000000
49620  -22.688  -87.769  -11.862 0.0000000000
49622  -23.106  -86.429  -12.241 0.0000000000
53448  -19.695  -84.801  -8.951 0.0000000000
56049  -15.186  -91.217  -7.707 0.0000000000
56050  -14.670  -91.068  -7.681 0.0000000000
56051  -15.476  -90.504  -7.379 0.0000000000
56052  -16.881  -88.231  -7.383 0.0000000000
56053  -16.002  -88.834  -7.183 0.0000000000
56054  -16.370  -88.054  -7.708 0.0000000000
56055  -15.796  -87.970  -8.059 0.0000000000
56056  -16.651  -87.555  -8.304 0.0000000000
57849  -26.609  -82.130  -11.068 0.0000000000
57850  -26.008  -82.094  -10.725 0.0000000000
59190  -13.708  -96.428  -13.585 0.0000000000
59191  -14.133  -96.129  -13.582 0.0000000000
59192  -13.976  -95.722  -13.239 0.0000000000
59193  -14.635  -95.765  -13.349 0.0000000000
59194  -16.605  -95.840  -12.271 0.0000000000
59195  -15.821  -95.530  -12.289 0.0000000000
59196  -16.629  -95.436  -11.716 0.0000000000
59197  -16.674  -94.992  -11.175 0.0000000000
59198  -17.566  -95.125  -11.281 0.0000000000
70232  -13.409  -90.663  -7.824 0.0000000000
70233  -12.531  -91.150  -8.148 0.0000000000
75624  -22.106  -86.297  -9.120 0.0000000000
75625  -21.461  -86.333  -8.612 0.0000000000
75626  -22.033  -85.735  -9.288 0.0000000000
75627  -22.275  -84.159  -10.124 0.0000000000
75628  -21.877  -84.740  -9.706 0.0000000000
75629  -21.881  -84.237  -9.670 0.0000000000
75630  -21.404  -84.323  -9.221 0.0000000000
75631  -21.938  -83.557  -9.274 0.0000000000
79647  -10.621  -95.954  -10.963 0.0000000000
79651  -10.091  -95.297  -10.695 0.0000000000
79652  -10.010  -94.843  -10.669 0.0000000000
79653  -10.371  -94.991  -10.972 0.0000000000
79654  -11.659  -94.369  -11.359 0.0000000000
79655  -11.252  -94.283  -11.087 0.0000000000
79656  -11.812  -93.883  -10.904 0.0000000000
79657  -12.125  -93.484  -10.344 0.0000000000
79658  -12.457  -93.450  -10.555 0.0000000000
79659  -13.798  -94.774  -12.310 0.0000000000
79660  -13.206  -94.577  -12.196 0.0000000000
79661  -13.887  -94.273  -11.759 0.0000000000
79662  -14.800  -93.033  -10.004 0.0000000000
79663  -14.110  -93.330  -10.565 0.0000000000
79664  -14.385  -92.890  -9.889 0.0000000000
79665  -13.915  -92.823  -9.689 0.0000000000
79666  -14.617  -92.570  -9.117 0.0000000000
79667  -14.782  -92.201  -8.516 0.0000000000
79668  -15.278  -92.261  -8.612 0.0000000000
79669  -17.607  -91.464  -8.228 0.0000000000
79670  -16.908  -91.452  -7.938 0.0000000000
79671  -17.931  -90.852  -7.825 0.0000000000
79672  -18.343  -90.144  -7.478 0.0000000000
79673  -19.091  -90.075  -7.939 0.0000000000
79734  -20.860  -90.739  -10.016 0.0000000000
79735  -19.950  -91.022  -9.539 0.0000000000
79736  -20.883  -90.103  -10.067 0.0000000000
79737  -22.072  -88.110  -10.209 0.0000000000
79738  -21.378  -88.775  -9.716 0.0000000000
79739  -21.640  -88.290  -9.448 0.0000000000
79740  -21.095  -88.421  -8.674 0.0000000000
79741  -21.809  -87.790  -9.284 0.0000000000
79742  -21.924  -87.314  -9.135 0.0000000000
79743  -22.381  -87.117  -9.875 0.0000000000
79744  -23.230  -85.487  -11.966 0.0000000000
79745  -23.056  -85.706  -11.197 0.0000000000
79746  -23.234  -85.083  -11.915 0.0000000000
79747  -23.238  -84.701  -11.819 0.0000000000
79748  -23.413  -84.572  -12.460 0.0000000000
79752  -26.025  -83.187  -13.353 0.0000000000
79753  -25.126  -83.504  -13.605 0.0000000000
79754  -25.292  -83.271  -13.226 0.0000000000
79755  -24.559  -83.455  -13.008 0.0000000000
79756  -25.499  -83.017  -12.812 0.0000000000
79757  -25.780  -82.725  -12.302 0.0000000000
79758  -26.574  -82.701  -12.423 0.0000000000
79760  -28.761  -81.922  -11.430 0.0000000000
91217  -20.073  -86.313  -8.277 0.0000000000
91218  -19.344  -86.758  -8.011 0.0000000000
91219  -19.474  -86.313  -8.451 0.0000000000
91220  -18.579  -85.711  -9.442 0.0000000000
91221  -18.459  -86.280  -9.170 0.0000000000
91222  -17.882  -86.110  -9.530 0.0000000000
93534  -17.006  -90.056  -7.067 0.0000000000
93535  -16.345  -89.852  -7.121 0.0000000000
93536  -17.191  -89.177  -6.979 0.0000000000
93537  -17.453  -88.306  -7.195 0.0000000000
93538  -17.707  -87.672  -7.572 0.0000000000
95420  -15.229  -95.912  -13.400 0.0000000000
95422  -16.569  -96.120  -12.992 0.0000000000
102039  -11.290  -93.280  -10.147 0.0000000000
102040  -10.632  -93.280  -10.034 0.0000000000
102041  -11.237  -92.919  -9.706 0.0000000000
102042  -11.152  -92.500  -9.308 0.0000000000
105279  -22.787  -85.036  -10.570 0.0000000000
105280  -22.435  -85.120  -9.988 0.0000000000
105281  -22.753  -84.586  -10.587 0.0000000000
105282  -22.662  -84.127  -10.558 0.0000000000
105283  -22.671  -83.553  -10.367 0.0000000000
107694  -11.100  -96.131  -11.469 0.0000000000
107695  -10.874  -95.665  -11.365 0.0000000000
107696  -10.759  -95.166  -11.263 0.0000000000
107697  -11.176  -95.308  -11.623 0.0000000000
107698  -11.593  -94.895  -11.742 0.0000000000
107699  -12.133  -94.413  -11.700 0.0000000000
107700  -15.142  -94.335  -11.218 0.0000000000
107701  -14.554  -94.052  -11.193 0.0000000000
107702  -15.232  -93.865  -10.624 0.0000000000
107703  -15.382  -93.369  -10.066 0.0000000000
107704  -15.578  -92.791  -9.433 0.0000000000
107705  -15.812  -92.311  -8.783 0.0000000000
107706  -16.397  -92.477  -9.007 0.0000000000
107707  -17.328  -92.061  -8.686 0.0000000000
107708  -18.374  -91.420  -8.621 0.0000000000
107746  -21.665  -89.145  -10.619 0.0000000000
107747  -22.251  -88.441  -11.198 0.0000000000
107748  -22.434  -87.932  -11.060 0.0000000000
107749  -22.608  -87.379  -10.878 0.0000000000
107750  -22.708  -86.859  -10.656 0.0000000000
107751  -22.974  -86.617  -11.515 0.0000000000
107752  -23.181  -85.937  -12.087 0.0000000000
107753  -23.320  -85.331  -12.668 0.0000000000
107757  -26.950  -83.165  -13.495 0.0000000000
107758  -27.173  -82.968  -12.983 0.0000000000
107759  -27.450  -82.680  -12.434 0.0000000000
107760  -28.295  -82.595  -12.538 0.0000000000
114635  -20.205  -85.444  -9.019 0.0000000000
114636  -19.602  -85.910  -8.875 0.0000000000
114637  -19.711  -85.449  -9.167 0.0000000000
114638  -19.166  -85.350  -9.325 0.0000000000
118404  -13.793  -92.021  -8.377 0.0000000000
118405  -13.146  -91.896  -8.332 0.0000000000
118406  -13.906  -91.509  -7.957 0.0000000000
118407  -14.097  -90.966  -7.665 0.0000000000
118408  -14.261  -90.050  -7.505 0.0000000000
118409  -15.746  -89.698  -7.171 0.0000000000
118410  -15.186  -89.418  -7.307 0.0000000000
118411  -14.585  -89.140  -7.604 0.0000000000
118412  -14.951  -88.385  -7.977 0.0000000000
120924  -24.578  -82.854  -11.649 0.0000000000
120925  -24.019  -82.849  -11.216 0.0000000000
120926  -24.979  -82.425  -10.964 0.0000000000
122802  -13.109  -96.370  -13.244 0.0000000000
122803  -12.897  -95.934  -13.005 0.0000000000
122804  -12.707  -95.511  -12.730 0.0000000000
122805  -13.299  -95.580  -13.025 0.0000000000
122806  -13.852  -95.268  -12.777 0.0000000000
122807  -14.448  -95.015  -12.306 0.0000000000
122808  -15.184  -95.561  -12.885 0.0000000000
122809  -15.116  -95.212  -12.321 0.0000000000
122810  -15.112  -94.758  -11.796 0.0000000000
122811  -15.852  -94.682  -11.167 0.0000000000
122812  -16.713  -94.513  -10.577 0.0000000000
122813  -17.684  -94.087  -10.138 0.0000000000
137345  -12.437  -91.782  -8.399 0.0000000000
143949  -20.720  -87.478  -7.971 0.0000000000
143950  -19.975  -87.391  -7.616 0.0000000000
143951  -20.776  -86.889  -8.065 0.0000000000
143952  -20.771  -86.304  -8.309 0.0000000000
143953  -20.802  -85.870  -8.710 0.0000000000
143954  -21.948  -85.230  -9.504 0.0000000000
143955  -21.401  -85.324  -9.200 0.0000000000
143956  -20.759  -85.398  -8.978 0.0000000000
143957  -20.789  -84.924  -9.097 0.0000000000
143958  -20.819  -84.380  -8.975 0.0000000000
143960  -23.643  -82.809  -10.763 0.0000000000
143961  -23.243  -82.881  -10.353 0.0000000000
148819  -10.040  -94.368  -10.560 0.0000000000
148820  -10.526  -94.068  -10.617 0.0000000000
148821  -10.752  -94.637  -11.159 0.0000000000
148822  -10.889  -94.170  -10.854 0.0000000000
148823  -11.071  -93.723  -10.498 0.0000000000
148824  -11.667  -93.369  -10.217 0.0000000000
148825  -12.335  -93.065  -9.781 0.0000000000
148826  -12.973  -92.716  -9.344 0.0000000000
148827  -12.634  -94.978  -12.420 0.0000000000
148828  -12.651  -94.462  -11.998 0.0000000000
148829  -12.751  -93.997  -11.459 0.0000000000
148830  -13.955  -93.797  -11.184 0.0000000000
148831  -13.404  -93.628  -11.088 0.0000000000
148832  -12.944  -93.510  -10.826 0.0000000000
148833  -13.189  -93.110  -10.146 0.0000000000
148834  -13.445  -92.761  -9.498 0.0000000000
148835  -13.658  -92.412  -8.871 0.0000000000
148836  -14.289  -92.095  -8.449 0.0000000000
148837  -14.944  -91.749  -8.021 0.0000000000
148838  -15.712  -91.353  -7.732 0.0000000000
148839  -16.037  -91.912  -8.172 0.0000000000
148840  -16.308  -91.419  -7.764 0.0000000000
148841  -16.651  -90.796  -7.389 0.0000000000
148842  -17.648  -90.126  -7.164 0.0000000000
148843  -18.637  -89.379  -7.239 0.0000000000
148844  -19.636  -88.717  -7.481 0.0000000000
148905  -18.627  -94.545  -10.879 0.0000000000
148906  -18.655  -94.010  -10.283 0.0000000000
148907  -18.660  -93.416  -9.841 0.0000000000
148915  -19.694  -92.473  -9.880 0.0000000000
148916  -18.743  -92.737  -9.562 0.0000000000
148917  -18.912  -92.000  -9.294 0.0000000000
148918  -19.162  -91.279  -9.030 0.0000000000
148919  -19.471  -90.522  -8.833 0.0000000000
148920  -21.094  -89.415  -9.925 0.0000000000
148921  -20.500  -89.584  -9.218 0.0000000000
148922  -19.833  -89.811  -8.579 0.0000000000
148923  -20.152  -89.172  -8.261 0.0000000000
148924  -20.421  -88.534  -8.003 0.0000000000
148925  -20.605  -88.002  -7.948 0.0000000000
148926  -21.379  -87.423  -8.502 0.0000000000
148927  -22.046  -86.826  -9.061 0.0000000000
148928  -22.532  -86.172  -9.762 0.0000000000
148929  -22.797  -86.363  -10.538 0.0000000000
148930  -22.851  -85.927  -10.488 0.0000000000
148931  -22.871  -85.485  -10.473 0.0000000000
148932  -23.012  -84.910  -11.146 0.0000000000
148933  -23.250  -84.321  -11.721 0.0000000000
148934  -23.569  -83.736  -12.129 0.0000000000
148936  -23.474  -85.169  -13.332 0.0000000000
148937  -23.515  -84.705  -13.252 0.0000000000
148938  -24.821  -83.828  -13.911 0.0000000000
148939  -24.106  -84.063  -13.650 0.0000000000
148940  -23.661  -84.301  -13.129 0.0000000000
148941  -23.859  -83.963  -12.908 0.0000000000
148942  -24.017  -83.612  -12.574 0.0000000000
148943  -24.268  -83.229  -12.164 0.0000000000
148944  -25.173  -82.791  -12.035 0.0000000000
148945  -26.206  -82.440  -11.707 0.0000000000
148946  -27.289  -82.142  -11.238 0.0000000000
148947  -27.716  -82.388  -11.893 0.0000000000
148948  -27.952  -82.084  -11.387 0.0000000000
148949  -28.242  -81.676  -10.849 0.0000000000
162709  -19.231  -87.251  -7.575 0.0000000000
162710  -18.577  -87.125  -7.794 0.0000000000
162711  -18.036  -87.192  -8.133 0.0000000000
162712  -18.995  -86.340  -8.748 0.0000000000
162713  -18.285  -86.725  -8.715 0.0000000000
162714  -17.495  -87.157  -8.550 0.0000000000
162715  -16.957  -87.074  -8.935 0.0000000000
