#!ascii label  , from subject fsaverage vox2ras=TkReg
397
266  -44.462  34.844  5.623 0.0000000000
1158  -49.395  32.541  1.269 0.0000000000
1159  -50.090  31.834  6.698 0.0000000000
1632  -44.751  37.742  0.872 0.0000000000
1633  -49.155  34.788  -2.689 0.0000000000
3078  -50.545  31.264  -0.510 0.0000000000
3680  -43.684  37.170  -1.207 0.0000000000
3681  -47.013  36.539  -0.815 0.0000000000
3682  -46.372  36.238  -2.790 0.0000000000
3683  -48.250  35.294  -4.263 0.0000000000
3684  -45.387  36.438  -4.743 0.0000000000
4915  -43.672  33.514  7.827 0.0000000000
4916  -52.009  29.648  6.489 0.0000000000
4917  -49.651  30.592  8.655 0.0000000000
6692  -46.821  33.364  3.366 0.0000000000
6693  -47.226  33.259  6.674 0.0000000000
6694  -49.915  31.982  4.127 0.0000000000
7645  -42.048  36.687  4.485 0.0000000000
7648  -44.490  35.834  2.788 0.0000000000
7649  -47.058  35.086  0.863 0.0000000000
7650  -49.449  33.931  -0.986 0.0000000000
9225  -46.672  32.306  8.505 0.0000000000
9226  -46.219  30.061  10.031 0.0000000000
11360  -43.298  36.972  -2.191 0.0000000000
11361  -45.009  36.624  -2.003 0.0000000000
11362  -44.665  36.474  -2.973 0.0000000000
11363  -45.855  36.172  -3.771 0.0000000000
11364  -44.203  36.688  -4.005 0.0000000000
12593  -42.776  35.029  6.086 0.0000000000
12594  -42.321  34.177  7.282 0.0000000000
12595  -44.117  34.308  6.849 0.0000000000
12597  -51.778  28.928  7.277 0.0000000000
14993  -48.215  32.925  2.276 0.0000000000
14994  -48.343  32.680  3.883 0.0000000000
14995  -49.675  32.087  2.746 0.0000000000
16796  -43.095  38.116  0.598 0.0000000000
16798  -43.728  38.257  1.842 0.0000000000
16799  -43.648  37.262  2.816 0.0000000000
16800  -44.739  36.907  1.986 0.0000000000
16801  -45.654  35.362  1.880 0.0000000000
16802  -45.916  36.557  1.058 0.0000000000
16803  -48.187  35.707  -1.799 0.0000000000
16804  -48.372  35.525  -0.911 0.0000000000
16805  -49.349  34.501  -1.925 0.0000000000
16806  -50.031  33.134  -1.827 0.0000000000
16807  -49.808  33.555  -2.618 0.0000000000
16809  -49.476  34.036  -3.273 0.0000000000
16810  -47.782  35.676  -5.155 0.0000000000
20506  -48.684  32.524  6.673 0.0000000000
20507  -47.035  32.858  7.816 0.0000000000
20508  -48.479  32.209  7.801 0.0000000000
20509  -49.456  29.235  9.061 0.0000000000
20510  -47.957  30.425  9.443 0.0000000000
20511  -47.843  28.964  9.735 0.0000000000
23972  -50.272  32.004  0.294 0.0000000000
23973  -50.562  31.580  1.655 0.0000000000
25056  -44.177  37.624  -0.239 0.0000000000
25057  -45.752  37.197  0.003 0.0000000000
25058  -45.385  36.971  -0.964 0.0000000000
25059  -46.692  36.390  -1.788 0.0000000000
25060  -47.870  35.731  -2.643 0.0000000000
25061  -48.684  35.028  -3.461 0.0000000000
25062  -47.401  35.692  -3.564 0.0000000000
25063  -46.972  35.865  -4.482 0.0000000000
25064  -46.524  36.274  -5.386 0.0000000000
27279  -43.208  32.810  8.614 0.0000000000
27280  -51.156  30.880  6.684 0.0000000000
27281  -49.830  31.397  7.773 0.0000000000
27282  -50.908  30.274  7.620 0.0000000000
27283  -50.738  29.185  8.249 0.0000000000
27284  -50.598  27.843  8.730 0.0000000000
30974  -45.584  34.136  4.588 0.0000000000
30975  -45.729  34.001  6.233 0.0000000000
30976  -47.012  33.280  5.026 0.0000000000
30977  -48.581  32.644  5.352 0.0000000000
30978  -50.146  32.010  5.379 0.0000000000
30979  -50.861  31.322  3.018 0.0000000000
30980  -51.121  31.261  4.334 0.0000000000
30981  -51.232  31.207  5.590 0.0000000000
33366  -41.571  35.864  5.439 0.0000000000
33367  -43.173  35.708  4.901 0.0000000000
33375  -43.378  36.298  3.623 0.0000000000
33376  -44.327  35.176  3.991 0.0000000000
33377  -45.513  34.485  2.994 0.0000000000
33378  -46.856  33.968  1.868 0.0000000000
33379  -48.254  33.727  0.877 0.0000000000
33380  -47.176  36.135  0.122 0.0000000000
33381  -48.450  34.720  -0.044 0.0000000000
33382  -49.389  33.219  -0.008 0.0000000000
33383  -50.147  32.468  -0.868 0.0000000000
33384  -50.294  31.706  -1.609 0.0000000000
33390  -49.109  34.456  -4.045 0.0000000000
37917  -45.599  33.573  7.504 0.0000000000
37918  -45.213  32.973  8.266 0.0000000000
37919  -44.652  32.146  9.023 0.0000000000
37920  -48.158  31.521  8.704 0.0000000000
37921  -46.386  31.433  9.445 0.0000000000
37922  -44.531  31.028  9.956 0.0000000000
42081  -44.020  36.697  -2.556 0.0000000000
42082  -43.810  36.677  -3.113 0.0000000000
42083  -44.434  36.554  -3.473 0.0000000000
42084  -43.589  36.810  -3.646 0.0000000000
43313  -43.709  34.988  5.953 0.0000000000
43314  -43.468  34.690  6.494 0.0000000000
43315  -44.385  34.625  6.316 0.0000000000
45713  -48.847  32.762  1.776 0.0000000000
45714  -48.976  32.509  2.564 0.0000000000
45715  -49.523  32.299  2.023 0.0000000000
47516  -43.935  38.106  0.737 0.0000000000
47517  -43.434  38.297  1.190 0.0000000000
47518  -44.201  37.981  1.345 0.0000000000
47519  -44.317  37.632  1.941 0.0000000000
47520  -44.864  37.419  1.460 0.0000000000
47521  -45.302  36.740  1.531 0.0000000000
47522  -45.378  37.215  0.994 0.0000000000
47523  -48.697  35.313  -2.258 0.0000000000
47524  -48.793  35.218  -1.842 0.0000000000
47525  -49.233  34.685  -2.305 0.0000000000
47526  -49.647  34.028  -2.309 0.0000000000
47527  -49.591  34.157  -2.685 0.0000000000
47528  -49.613  33.809  -2.949 0.0000000000
47529  -49.334  34.370  -3.003 0.0000000000
47530  -47.606  35.859  -5.582 0.0000000000
51226  -49.410  32.225  6.708 0.0000000000
51227  -48.642  32.386  7.266 0.0000000000
51228  -49.316  32.063  7.284 0.0000000000
51229  -49.359  28.483  9.267 0.0000000000
51230  -48.657  29.098  9.414 0.0000000000
51231  -48.585  28.356  9.611 0.0000000000
55313  -50.461  31.646  -0.143 0.0000000000
55314  -50.593  31.427  0.441 0.0000000000
57118  -43.083  37.398  -0.857 0.0000000000
57119  -43.355  37.588  -0.357 0.0000000000
57120  -43.934  37.366  -0.733 0.0000000000
57121  -44.742  37.302  -0.613 0.0000000000
57122  -44.547  37.078  -1.067 0.0000000000
57123  -45.659  36.409  -2.359 0.0000000000
57124  -45.783  36.520  -1.829 0.0000000000
57125  -46.474  36.274  -2.271 0.0000000000
57126  -47.309  36.109  -2.236 0.0000000000
57127  -47.106  36.062  -2.688 0.0000000000
57128  -47.624  35.719  -3.100 0.0000000000
57129  -46.880  35.970  -3.191 0.0000000000
57130  -45.604  36.274  -4.291 0.0000000000
57131  -46.434  35.995  -4.156 0.0000000000
57132  -46.227  36.156  -4.619 0.0000000000
57133  -46.770  36.061  -4.918 0.0000000000
57134  -46.053  36.346  -5.036 0.0000000000
60821  -42.954  33.819  7.570 0.0000000000
60822  -42.020  33.737  7.765 0.0000000000
60823  -42.639  33.441  7.986 0.0000000000
60824  -42.452  33.071  8.437 0.0000000000
60825  -43.413  33.167  8.239 0.0000000000
60826  -51.623  30.272  6.611 0.0000000000
60827  -51.082  30.591  7.175 0.0000000000
60828  -51.532  29.985  7.059 0.0000000000
60830  -51.330  29.043  7.781 0.0000000000
60831  -51.264  28.476  8.079 0.0000000000
60832  -50.645  28.578  8.501 0.0000000000
68018  -46.194  33.693  3.975 0.0000000000
68019  -46.267  33.688  4.822 0.0000000000
68020  -46.832  33.280  4.216 0.0000000000
68021  -49.173  32.312  4.044 0.0000000000
68022  -48.473  32.639  4.622 0.0000000000
68023  -49.277  32.319  4.708 0.0000000000
68024  -49.366  32.358  5.324 0.0000000000
68025  -50.026  32.015  4.772 0.0000000000
68026  -50.947  31.119  1.816 0.0000000000
68027  -50.696  31.424  2.356 0.0000000000
68028  -51.111  30.978  2.475 0.0000000000
68030  -51.424  30.779  3.829 0.0000000000
68031  -51.539  30.832  4.413 0.0000000000
68032  -51.240  31.260  4.946 0.0000000000
68033  -51.612  30.819  5.041 0.0000000000
68034  -51.643  30.702  5.642 0.0000000000
73415  -41.833  36.282  4.996 0.0000000000
73416  -42.444  35.817  5.232 0.0000000000
73417  -42.582  36.200  4.663 0.0000000000
73436  -44.058  36.543  2.792 0.0000000000
73437  -43.470  36.701  3.167 0.0000000000
73438  -43.932  36.093  3.222 0.0000000000
73439  -43.849  35.782  3.825 0.0000000000
73440  -44.395  35.426  3.347 0.0000000000
73441  -44.916  34.812  3.530 0.0000000000
73442  -44.969  35.126  2.881 0.0000000000
73443  -46.363  35.211  1.394 0.0000000000
73444  -46.277  34.601  1.820 0.0000000000
73445  -46.978  34.491  1.317 0.0000000000
73446  -47.577  33.840  1.358 0.0000000000
73447  -47.704  34.354  0.804 0.0000000000
73448  -46.379  36.877  -0.388 0.0000000000
73449  -46.497  36.729  0.095 0.0000000000
73450  -47.129  36.473  -0.323 0.0000000000
73451  -49.006  34.722  -0.955 0.0000000000
73452  -48.432  35.153  -0.440 0.0000000000
73453  -48.993  34.367  -0.500 0.0000000000
73454  -48.921  33.941  -0.086 0.0000000000
73455  -49.410  33.563  -0.547 0.0000000000
73456  -49.842  32.855  -0.434 0.0000000000
73457  -49.823  33.177  -0.956 0.0000000000
73458  -50.097  32.711  -2.179 0.0000000000
73459  -50.220  32.410  -1.749 0.0000000000
73470  -48.500  35.156  -3.842 0.0000000000
73471  -48.942  34.730  -3.771 0.0000000000
73472  -48.739  34.913  -4.153 0.0000000000
84556  -46.454  33.620  6.489 0.0000000000
84557  -45.667  33.813  6.958 0.0000000000
84558  -46.470  33.463  7.176 0.0000000000
84559  -46.896  32.610  8.130 0.0000000000
84560  -46.171  32.938  8.064 0.0000000000
84561  -45.964  32.638  8.410 0.0000000000
84562  -44.935  32.626  8.610 0.0000000000
84563  -45.686  32.287  8.794 0.0000000000
84564  -49.726  31.083  8.278 0.0000000000
84565  -49.040  31.519  8.278 0.0000000000
84566  -48.917  31.098  8.739 0.0000000000
84567  -47.090  30.250  9.785 0.0000000000
84568  -47.169  30.955  9.521 0.0000000000
84569  -46.306  30.792  9.822 0.0000000000
84570  -45.439  31.232  9.721 0.0000000000
84571  -45.375  30.582  10.070 0.0000000000
84572  -44.455  30.389  10.252 0.0000000000
84573  -45.291  29.891  10.284 0.0000000000
94176  -43.430  37.014  -1.691 0.0000000000
94177  -44.306  36.855  -1.619 0.0000000000
94178  -44.157  36.769  -2.077 0.0000000000
94179  -44.861  36.558  -2.476 0.0000000000
94180  -45.499  36.364  -2.862 0.0000000000
94181  -46.087  36.170  -3.284 0.0000000000
94182  -45.264  36.350  -3.365 0.0000000000
94183  -45.024  36.432  -3.865 0.0000000000
94184  -44.778  36.550  -4.388 0.0000000000
96395  -41.947  35.065  6.321 0.0000000000
96396  -41.719  34.617  6.934 0.0000000000
96397  -42.572  34.644  6.700 0.0000000000
96398  -43.225  34.244  7.077 0.0000000000
96399  -43.900  33.888  7.379 0.0000000000
96401  -51.887  29.369  6.932 0.0000000000
100715  -47.506  33.080  2.777 0.0000000000
100716  -47.530  32.991  3.628 0.0000000000
100717  -48.297  32.743  3.119 0.0000000000
100718  -49.066  32.357  3.316 0.0000000000
100719  -49.765  32.001  3.460 0.0000000000
103964  -43.171  38.388  2.252 0.0000000000
103965  -43.198  37.975  2.776 0.0000000000
103966  -43.822  37.824  2.416 0.0000000000
103967  -44.260  37.102  2.443 0.0000000000
103968  -44.597  36.342  2.360 0.0000000000
103969  -45.059  35.614  2.351 0.0000000000
103970  -45.143  36.145  1.960 0.0000000000
103971  -45.782  35.972  1.507 0.0000000000
103972  -46.459  35.815  1.033 0.0000000000
103973  -47.653  36.091  -1.336 0.0000000000
103974  -47.734  36.132  -0.844 0.0000000000
103975  -48.289  35.629  -1.357 0.0000000000
103976  -48.891  34.999  -1.426 0.0000000000
103977  -49.415  34.267  -1.454 0.0000000000
103978  -49.817  33.520  -1.393 0.0000000000
103979  -49.737  33.837  -1.877 0.0000000000
103980  -49.925  33.406  -2.259 0.0000000000
103981  -49.887  32.923  -2.509 0.0000000000
103983  -49.732  33.214  -2.881 0.0000000000
103984  -49.572  33.478  -3.223 0.0000000000
103986  -48.037  35.496  -4.722 0.0000000000
103987  -48.533  35.135  -4.576 0.0000000000
103988  -48.261  35.325  -5.026 0.0000000000
110638  -47.944  32.901  6.731 0.0000000000
110639  -47.189  33.103  7.308 0.0000000000
110640  -47.920  32.733  7.303 0.0000000000
110641  -47.805  32.559  7.781 0.0000000000
110642  -47.597  32.275  8.152 0.0000000000
110643  -49.568  29.960  8.900 0.0000000000
110644  -48.873  30.526  9.100 0.0000000000
110645  -48.753  29.851  9.262 0.0000000000
110646  -47.905  29.703  9.608 0.0000000000
110647  -47.049  29.520  9.893 0.0000000000
110648  -46.154  29.366  10.122 0.0000000000
110649  -47.038  28.815  9.965 0.0000000000
117374  -49.904  32.241  0.748 0.0000000000
117375  -50.003  32.055  1.502 0.0000000000
117376  -50.402  31.730  0.922 0.0000000000
117377  -50.812  31.285  1.121 0.0000000000
119903  -43.643  37.870  0.203 0.0000000000
119904  -44.460  37.795  0.318 0.0000000000
119905  -45.235  37.529  0.425 0.0000000000
119906  -44.960  37.505  -0.118 0.0000000000
119907  -45.558  37.147  -0.498 0.0000000000
119908  -46.219  36.799  -0.854 0.0000000000
119909  -45.161  36.775  -1.479 0.0000000000
119910  -46.016  36.677  -1.344 0.0000000000
119911  -46.891  36.466  -1.295 0.0000000000
119912  -47.493  36.102  -1.781 0.0000000000
119913  -48.062  35.759  -2.207 0.0000000000
119914  -48.576  35.298  -2.654 0.0000000000
119915  -48.905  34.897  -3.059 0.0000000000
119916  -48.360  35.394  -3.082 0.0000000000
119917  -48.102  35.409  -3.509 0.0000000000
119918  -47.885  35.473  -3.930 0.0000000000
119919  -46.649  35.952  -3.680 0.0000000000
119920  -47.201  35.731  -4.026 0.0000000000
119921  -47.657  35.605  -4.381 0.0000000000
119922  -47.404  35.782  -4.827 0.0000000000
119923  -47.227  35.982  -5.252 0.0000000000
119924  -46.981  36.170  -5.725 0.0000000000
125091  -42.977  32.372  9.023 0.0000000000
125092  -50.658  31.392  6.693 0.0000000000
125093  -49.989  31.645  7.256 0.0000000000
125094  -50.549  31.197  7.269 0.0000000000
125095  -50.405  30.898  7.738 0.0000000000
125096  -50.331  30.535  8.160 0.0000000000
125097  -51.451  29.557  7.423 0.0000000000
125098  -50.858  29.798  7.975 0.0000000000
125099  -50.262  29.990  8.469 0.0000000000
125100  -50.111  29.277  8.683 0.0000000000
125101  -50.052  28.539  8.886 0.0000000000
125102  -49.989  27.837  9.152 0.0000000000
134540  -45.063  34.551  5.164 0.0000000000
134541  -45.087  34.413  5.939 0.0000000000
134542  -45.672  34.109  5.432 0.0000000000
134543  -46.379  33.706  5.698 0.0000000000
134544  -47.157  33.322  5.916 0.0000000000
134545  -47.636  32.962  4.431 0.0000000000
134546  -47.834  32.914  5.207 0.0000000000
134547  -47.909  32.980  6.023 0.0000000000
134548  -48.653  32.642  6.037 0.0000000000
134549  -49.405  32.314  6.058 0.0000000000
134550  -50.145  31.981  6.109 0.0000000000
134551  -50.154  31.862  2.213 0.0000000000
134552  -50.305  31.723  2.922 0.0000000000
134553  -50.419  31.661  3.580 0.0000000000
134554  -51.266  30.866  3.159 0.0000000000
134555  -51.012  31.271  3.695 0.0000000000
134556  -50.564  31.692  4.246 0.0000000000
134557  -50.687  31.699  4.874 0.0000000000
134558  -50.758  31.650  5.493 0.0000000000
134559  -50.756  31.560  6.112 0.0000000000
134560  -51.209  31.080  6.146 0.0000000000
134561  -51.648  30.538  6.136 0.0000000000
141251  -42.159  35.446  5.741 0.0000000000
141252  -43.062  35.368  5.584 0.0000000000
141253  -43.787  35.214  5.283 0.0000000000
141274  -42.270  37.074  3.945 0.0000000000
141275  -43.058  37.416  3.167 0.0000000000
141276  -42.907  36.856  3.523 0.0000000000
141277  -42.727  36.543  4.064 0.0000000000
141278  -43.250  36.043  4.245 0.0000000000
141279  -43.814  35.503  4.520 0.0000000000
141280  -44.436  35.000  4.843 0.0000000000
141281  -44.937  34.617  4.323 0.0000000000
141282  -45.521  34.241  3.747 0.0000000000
141283  -46.177  33.859  3.162 0.0000000000
141284  -45.598  34.871  2.372 0.0000000000
141285  -46.200  34.168  2.434 0.0000000000
141286  -46.849  33.561  2.557 0.0000000000
141287  -47.507  33.400  2.025 0.0000000000
141288  -48.183  33.282  1.510 0.0000000000
141289  -48.810  33.117  1.046 0.0000000000
141290  -45.918  37.072  0.558 0.0000000000
141291  -46.563  36.331  0.553 0.0000000000
141292  -47.133  35.633  0.499 0.0000000000
141293  -47.786  35.874  -0.375 0.0000000000
141294  -47.794  35.459  0.052 0.0000000000
141295  -47.747  34.925  0.392 0.0000000000
141296  -48.369  34.201  0.313 0.0000000000
141297  -48.873  33.502  0.387 0.0000000000
141298  -49.391  32.852  0.570 0.0000000000
141299  -49.859  32.578  0.146 0.0000000000
141300  -50.200  32.240  -0.298 0.0000000000
141301  -50.408  31.811  -0.724 0.0000000000
141302  -50.114  32.803  -1.360 0.0000000000
141303  -50.321  32.067  -1.306 0.0000000000
141304  -50.427  31.457  -1.107 0.0000000000
141318  -49.126  34.534  -3.383 0.0000000000
141319  -49.281  34.238  -3.682 0.0000000000
141337  -43.973  36.864  -4.541 0.0000000000
141338  -44.564  36.759  -4.893 0.0000000000
141341  -45.181  36.639  -5.214 0.0000000000
141342  -45.713  36.572  -5.549 0.0000000000
141343  -46.239  36.475  -5.892 0.0000000000
154713  -45.033  34.191  6.651 0.0000000000
154714  -44.840  33.929  7.199 0.0000000000
154715  -44.683  33.563  7.676 0.0000000000
154716  -46.338  33.227  7.695 0.0000000000
154717  -45.427  33.272  7.904 0.0000000000
154718  -44.443  33.240  8.067 0.0000000000
154719  -44.199  32.927  8.436 0.0000000000
154720  -43.966  32.508  8.788 0.0000000000
154721  -43.757  31.989  9.275 0.0000000000
154722  -49.169  31.821  7.786 0.0000000000
154723  -48.301  31.896  8.201 0.0000000000
154724  -47.429  31.907  8.591 0.0000000000
154725  -48.001  31.057  9.187 0.0000000000
154726  -47.310  31.471  9.111 0.0000000000
154727  -46.491  31.906  8.974 0.0000000000
154728  -45.481  31.823  9.272 0.0000000000
154729  -44.571  31.607  9.527 0.0000000000
154730  -43.659  31.428  9.798 0.0000000000
