#!ascii label  , from subject fsaverage vox2ras=TkReg
739
18  -27.277  -50.706  39.815 0.0000000000
292  -26.919  -54.258  48.135 0.0000000000
772  -26.861  -52.075  44.438 0.0000000000
773  -26.068  -56.035  43.038 0.0000000000
774  -27.041  -54.652  39.423 0.0000000000
1678  -26.394  -56.257  50.822 0.0000000000
1915  -29.081  -50.264  35.578 0.0000000000
2076  -29.186  -55.930  56.216 0.0000000000
2077  -30.316  -53.885  53.826 0.0000000000
2078  -30.048  -51.544  50.597 0.0000000000
2079  -29.290  -49.855  46.166 0.0000000000
2088  -29.146  -48.137  40.838 0.0000000000
2692  -26.878  -51.255  42.173 0.0000000000
2693  -26.571  -53.280  41.729 0.0000000000
2694  -26.947  -52.660  39.658 0.0000000000
3757  -26.716  -55.253  49.720 0.0000000000
3759  -25.756  -55.995  47.073 0.0000000000
4563  -29.864  -55.062  55.127 0.0000000000
4564  -32.384  -54.151  56.436 0.0000000000
4566  -32.433  -51.729  53.473 0.0000000000
4567  -31.940  -50.986  51.434 0.0000000000
4568  -29.740  -50.713  48.497 0.0000000000
4569  -31.454  -50.387  49.133 0.0000000000
5998  -26.909  -53.131  46.377 0.0000000000
5999  -26.219  -55.085  45.431 0.0000000000
6000  -26.467  -54.068  43.693 0.0000000000
6001  -26.398  -55.258  41.230 0.0000000000
6002  -27.401  -56.708  39.569 0.0000000000
7761  -25.809  -56.884  44.592 0.0000000000
8353  -28.041  -50.428  37.535 0.0000000000
8354  -28.003  -52.384  37.230 0.0000000000
8355  -29.314  -52.334  35.499 0.0000000000
8797  -27.602  -55.911  53.777 0.0000000000
8798  -28.029  -54.973  52.560 0.0000000000
8799  -28.460  -54.045  51.098 0.0000000000
8800  -32.613  -52.861  55.212 0.0000000000
8801  -30.289  -52.592  52.342 0.0000000000
8802  -28.342  -52.783  49.525 0.0000000000
8803  -28.023  -51.514  47.689 0.0000000000
8804  -27.823  -50.551  45.473 0.0000000000
8805  -27.776  -49.905  43.075 0.0000000000
8831  -29.030  -48.959  43.442 0.0000000000
8832  -28.102  -49.250  40.166 0.0000000000
8833  -28.677  -48.870  37.904 0.0000000000
8834  -29.673  -48.455  36.012 0.0000000000
9539  -28.242  -54.334  37.535 0.0000000000
10372  -27.010  -50.955  41.004 0.0000000000
10373  -26.767  -51.936  40.814 0.0000000000
10374  -27.032  -51.657  39.710 0.0000000000
11437  -26.879  -54.772  48.946 0.0000000000
11438  -26.082  -55.620  48.433 0.0000000000
11439  -26.289  -55.158  47.581 0.0000000000
12243  -32.126  -54.792  56.923 0.0000000000
12248  -31.716  -50.676  50.329 0.0000000000
13837  -26.882  -52.558  45.455 0.0000000000
13838  -26.618  -53.554  45.041 0.0000000000
13839  -26.640  -53.075  44.076 0.0000000000
13840  -26.682  -53.898  40.459 0.0000000000
13841  -26.487  -54.251  41.431 0.0000000000
13842  -26.648  -54.935  40.289 0.0000000000
13843  -26.726  -55.957  40.222 0.0000000000
13844  -27.097  -55.651  39.402 0.0000000000
17040  -26.052  -55.504  44.159 0.0000000000
17041  -25.917  -55.905  45.049 0.0000000000
17042  -25.916  -56.473  43.842 0.0000000000
18382  -28.525  -50.350  36.509 0.0000000000
18383  -28.478  -51.316  36.384 0.0000000000
18384  -29.160  -51.250  35.473 0.0000000000
19444  -28.354  -55.897  55.031 0.0000000000
19445  -30.162  -54.481  54.475 0.0000000000
19446  -28.829  -54.943  53.876 0.0000000000
19447  -29.192  -54.489  53.174 0.0000000000
19448  -28.285  -54.594  51.795 0.0000000000
19449  -29.342  -53.920  52.480 0.0000000000
19451  -33.787  -53.034  56.708 0.0000000000
19452  -33.765  -52.430  55.901 0.0000000000
19453  -31.182  -51.608  51.997 0.0000000000
19454  -31.369  -52.076  52.944 0.0000000000
19455  -30.177  -52.008  51.544 0.0000000000
19456  -29.251  -52.653  51.023 0.0000000000
19457  -29.101  -52.127  50.149 0.0000000000
19458  -28.135  -52.152  48.641 0.0000000000
19459  -28.998  -51.514  49.174 0.0000000000
19460  -29.454  -50.258  47.320 0.0000000000
19461  -28.586  -50.527  46.966 0.0000000000
19462  -28.529  -50.136  45.766 0.0000000000
19463  -27.743  -50.179  44.278 0.0000000000
19464  -28.446  -49.771  44.633 0.0000000000
19529  -29.776  -48.589  43.682 0.0000000000
19530  -29.071  -48.523  42.124 0.0000000000
19531  -28.414  -49.014  41.791 0.0000000000
19532  -28.623  -48.679  40.502 0.0000000000
19533  -28.326  -49.029  39.048 0.0000000000
19534  -28.777  -48.376  39.397 0.0000000000
19536  -29.503  -47.849  37.301 0.0000000000
21285  -28.810  -53.345  36.377 0.0000000000
21286  -28.068  -53.419  37.347 0.0000000000
21287  -28.986  -54.300  36.653 0.0000000000
23278  -26.854  -51.611  43.348 0.0000000000
23279  -26.594  -52.620  43.043 0.0000000000
23280  -26.678  -52.269  41.933 0.0000000000
23281  -26.665  -52.906  40.702 0.0000000000
23282  -26.984  -53.653  39.516 0.0000000000
25195  -26.541  -55.741  50.264 0.0000000000
25196  -25.786  -56.594  49.574 0.0000000000
25197  -25.933  -56.069  49.024 0.0000000000
25198  -25.585  -56.493  47.735 0.0000000000
25199  -25.550  -56.842  46.485 0.0000000000
25200  -26.341  -56.628  41.959 0.0000000000
26005  -29.814  -50.187  34.746 0.0000000000
26642  -30.552  -55.599  56.801 0.0000000000
26643  -29.541  -55.523  55.725 0.0000000000
26644  -30.834  -55.203  56.259 0.0000000000
26645  -31.177  -54.555  55.697 0.0000000000
26646  -31.421  -53.917  55.107 0.0000000000
26648  -33.732  -51.801  55.007 0.0000000000
26649  -33.503  -51.374  53.923 0.0000000000
26650  -32.199  -51.278  52.474 0.0000000000
26651  -31.003  -51.201  51.067 0.0000000000
26652  -29.929  -51.119  49.612 0.0000000000
26653  -30.781  -50.918  50.032 0.0000000000
26654  -30.539  -50.524  48.894 0.0000000000
26655  -30.316  -50.085  47.744 0.0000000000
29356  -26.977  -53.631  47.294 0.0000000000
29357  -26.498  -54.547  46.724 0.0000000000
29358  -26.593  -54.036  45.939 0.0000000000
29359  -26.385  -54.554  44.566 0.0000000000
29360  -26.234  -55.096  43.271 0.0000000000
29361  -26.525  -53.635  42.739 0.0000000000
29362  -26.357  -54.657  42.375 0.0000000000
29363  -26.212  -55.629  42.092 0.0000000000
29364  -26.487  -56.274  41.053 0.0000000000
29365  -27.086  -57.025  40.370 0.0000000000
33681  -25.991  -55.524  46.239 0.0000000000
33682  -25.714  -56.368  45.821 0.0000000000
35347  -27.625  -50.506  38.701 0.0000000000
35348  -27.478  -51.480  38.377 0.0000000000
35349  -27.938  -51.355  37.355 0.0000000000
35350  -28.611  -52.350  36.303 0.0000000000
36639  -26.913  -56.077  52.368 0.0000000000
36640  -28.647  -55.438  54.500 0.0000000000
36641  -27.809  -55.411  53.218 0.0000000000
36642  -27.080  -55.585  51.800 0.0000000000
36643  -27.274  -55.161  51.116 0.0000000000
36644  -27.520  -54.661  50.429 0.0000000000
36645  -27.614  -54.125  49.655 0.0000000000
36646  -33.628  -53.687  57.280 0.0000000000
36647  -32.559  -53.476  55.895 0.0000000000
36648  -31.429  -53.315  54.425 0.0000000000
36649  -32.568  -52.258  54.419 0.0000000000
36650  -31.480  -52.663  53.777 0.0000000000
36651  -30.285  -53.219  53.112 0.0000000000
36652  -29.330  -53.329  51.818 0.0000000000
36653  -28.461  -53.446  50.307 0.0000000000
36654  -27.555  -53.524  48.792 0.0000000000
36655  -27.514  -52.855  47.989 0.0000000000
36656  -27.349  -52.252  47.063 0.0000000000
36657  -27.286  -51.716  46.108 0.0000000000
36658  -28.824  -50.977  48.042 0.0000000000
36659  -27.856  -51.005  46.593 0.0000000000
36660  -27.248  -51.218  45.017 0.0000000000
36661  -27.209  -50.786  43.884 0.0000000000
36662  -27.240  -50.442  42.716 0.0000000000
36663  -27.365  -50.195  41.450 0.0000000000
36737  -31.149  -49.855  47.848 0.0000000000
36738  -30.015  -49.616  46.392 0.0000000000
36740  -29.910  -49.143  45.040 0.0000000000
36741  -29.159  -49.409  44.823 0.0000000000
36742  -28.420  -49.375  43.215 0.0000000000
36743  -27.860  -49.523  41.609 0.0000000000
36744  -27.652  -49.914  39.988 0.0000000000
36745  -27.995  -49.734  38.826 0.0000000000
36746  -28.334  -49.623  37.667 0.0000000000
36747  -28.810  -49.481  36.589 0.0000000000
36748  -29.086  -48.148  38.279 0.0000000000
36749  -29.142  -48.655  36.892 0.0000000000
36750  -29.346  -49.340  35.674 0.0000000000
36751  -30.061  -49.190  34.831 0.0000000000
38855  -27.428  -52.517  38.382 0.0000000000
38856  -27.462  -53.449  38.428 0.0000000000
38857  -27.585  -54.382  38.456 0.0000000000
38859  -28.464  -55.333  37.753 0.0000000000
38860  -27.732  -55.436  38.544 0.0000000000
38861  -28.019  -56.487  38.697 0.0000000000
41092  -27.124  -50.807  40.431 0.0000000000
41093  -26.990  -51.279  40.336 0.0000000000
41094  -27.136  -51.162  39.775 0.0000000000
42157  -26.887  -54.547  48.539 0.0000000000
42158  -26.566  -54.952  48.282 0.0000000000
42159  -26.592  -54.724  47.867 0.0000000000
44557  -26.857  -52.304  44.924 0.0000000000
44558  -26.733  -52.806  44.752 0.0000000000
44559  -26.744  -52.566  44.242 0.0000000000
44560  -26.828  -54.267  39.934 0.0000000000
44561  -26.671  -54.418  40.396 0.0000000000
44562  -26.823  -54.793  39.874 0.0000000000
44563  -26.825  -55.315  39.789 0.0000000000
44564  -27.063  -55.190  39.385 0.0000000000
47752  -26.290  -56.544  51.140 0.0000000000
47754  -25.956  -56.618  50.496 0.0000000000
47760  -26.005  -55.768  43.548 0.0000000000
47761  -25.928  -55.965  44.000 0.0000000000
47762  -25.989  -56.255  43.461 0.0000000000
49102  -28.782  -50.306  36.025 0.0000000000
49103  -28.792  -50.761  35.944 0.0000000000
49104  -29.115  -50.741  35.520 0.0000000000
50163  -28.221  -56.091  55.284 0.0000000000
50164  -28.780  -55.895  55.644 0.0000000000
50165  -30.249  -54.220  54.126 0.0000000000
50166  -29.644  -54.493  53.805 0.0000000000
50167  -29.766  -54.230  53.479 0.0000000000
50168  -29.277  -54.248  52.767 0.0000000000
50169  -29.811  -53.918  53.141 0.0000000000
50173  -30.618  -51.534  51.301 0.0000000000
50174  -30.682  -51.768  51.771 0.0000000000
50175  -30.136  -51.762  51.105 0.0000000000
50176  -29.643  -52.026  50.861 0.0000000000
50177  -29.587  -51.809  50.394 0.0000000000
50178  -29.087  -51.845  49.645 0.0000000000
50179  -29.523  -51.573  49.871 0.0000000000
50180  -29.361  -50.056  46.736 0.0000000000
50181  -28.946  -50.170  46.556 0.0000000000
50182  -28.895  -49.990  45.961 0.0000000000
50183  -28.468  -49.966  45.209 0.0000000000
50184  -28.848  -49.800  45.391 0.0000000000
50248  -29.409  -48.112  41.650 0.0000000000
50249  -29.410  -48.328  42.309 0.0000000000
50250  -29.097  -48.337  41.467 0.0000000000
50251  -28.805  -48.558  41.292 0.0000000000
50252  -28.865  -48.397  40.650 0.0000000000
50253  -28.686  -48.526  39.948 0.0000000000
50254  -28.917  -48.236  40.126 0.0000000000
52005  -29.294  -53.829  36.099 0.0000000000
52006  -28.898  -53.829  36.509 0.0000000000
54157  -26.864  -51.431  42.762 0.0000000000
54158  -26.767  -51.935  42.623 0.0000000000
54159  -26.763  -51.750  42.055 0.0000000000
54160  -26.798  -52.298  40.227 0.0000000000
54161  -26.693  -52.447  40.763 0.0000000000
54162  -26.777  -52.805  40.179 0.0000000000
54163  -26.792  -53.268  40.119 0.0000000000
54164  -26.942  -53.171  39.603 0.0000000000
57352  -26.630  -55.486  50.017 0.0000000000
57353  -26.234  -55.883  49.662 0.0000000000
57354  -26.345  -55.635  49.371 0.0000000000
57355  -25.892  -55.836  47.713 0.0000000000
57356  -25.808  -56.062  48.068 0.0000000000
57357  -25.686  -56.257  47.388 0.0000000000
57358  -25.545  -56.660  47.063 0.0000000000
57359  -25.625  -56.390  46.774 0.0000000000
57360  -26.585  -57.008  41.538 0.0000000000
59762  -31.201  -55.408  57.114 0.0000000000
59763  -30.720  -55.402  56.571 0.0000000000
59764  -31.340  -55.211  56.867 0.0000000000
59765  -32.243  -54.488  56.656 0.0000000000
59766  -31.661  -54.643  56.307 0.0000000000
59767  -31.782  -54.346  56.049 0.0000000000
59768  -31.318  -54.237  55.408 0.0000000000
59769  -31.911  -54.029  55.781 0.0000000000
59773  -32.613  -50.953  52.130 0.0000000000
59774  -32.718  -51.110  52.658 0.0000000000
59775  -32.096  -51.131  51.943 0.0000000000
59776  -31.582  -51.280  51.765 0.0000000000
59777  -31.459  -51.108  51.264 0.0000000000
59778  -30.850  -51.074  50.533 0.0000000000
59779  -31.324  -50.963  50.735 0.0000000000
59780  -31.583  -50.532  49.737 0.0000000000
59781  -31.116  -50.625  49.629 0.0000000000
59782  -30.979  -50.459  49.004 0.0000000000
59783  -30.428  -50.299  48.310 0.0000000000
59784  -30.884  -50.230  48.461 0.0000000000
64552  -26.941  -53.385  46.853 0.0000000000
64553  -26.727  -53.815  46.612 0.0000000000
64554  -26.737  -53.569  46.188 0.0000000000
64555  -26.549  -53.783  44.379 0.0000000000
64556  -26.489  -54.034  44.801 0.0000000000
64557  -26.423  -54.292  44.138 0.0000000000
64558  -26.305  -54.803  43.921 0.0000000000
64559  -26.349  -54.594  43.456 0.0000000000
64560  -26.561  -52.943  42.347 0.0000000000
64561  -26.528  -53.128  42.912 0.0000000000
64562  -26.532  -53.435  42.247 0.0000000000
64563  -26.427  -54.725  41.382 0.0000000000
64564  -26.406  -54.417  41.894 0.0000000000
64565  -26.351  -54.947  41.818 0.0000000000
64566  -26.263  -55.161  42.249 0.0000000000
64567  -26.321  -55.464  41.655 0.0000000000
64568  -26.320  -55.941  41.526 0.0000000000
64569  -26.419  -55.782  41.085 0.0000000000
64570  -27.025  -56.320  39.897 0.0000000000
64571  -26.878  -56.465  40.266 0.0000000000
64572  -27.210  -56.829  39.964 0.0000000000
64574  -27.640  -57.243  39.656 0.0000000000
74145  -25.529  -56.770  48.938 0.0000000000
74160  -26.344  -54.802  46.047 0.0000000000
74161  -26.264  -55.041  46.468 0.0000000000
74162  -26.176  -55.259  45.816 0.0000000000
74163  -25.815  -56.368  44.823 0.0000000000
74164  -25.815  -56.144  45.430 0.0000000000
74165  -25.742  -56.621  45.209 0.0000000000
74166  -25.686  -56.811  45.607 0.0000000000
78187  -27.809  -50.462  38.109 0.0000000000
78188  -27.733  -50.916  37.995 0.0000000000
78189  -27.962  -50.887  37.448 0.0000000000
78190  -28.846  -51.820  35.882 0.0000000000
78191  -28.517  -51.839  36.308 0.0000000000
78192  -28.941  -52.307  35.908 0.0000000000
78193  -29.059  -52.829  35.943 0.0000000000
78194  -29.423  -52.831  35.572 0.0000000000
81365  -27.463  -56.128  54.038 0.0000000000
81367  -27.132  -56.161  53.391 0.0000000000
81368  -26.802  -56.287  52.671 0.0000000000
81369  -27.275  -55.961  53.063 0.0000000000
81370  -29.688  -55.331  55.427 0.0000000000
81371  -29.059  -55.505  55.143 0.0000000000
81372  -29.239  -55.265  54.829 0.0000000000
81373  -28.442  -54.956  53.206 0.0000000000
81374  -28.300  -55.149  53.555 0.0000000000
81375  -27.914  -55.206  52.891 0.0000000000
81376  -27.420  -55.511  52.560 0.0000000000
81377  -27.522  -55.285  52.230 0.0000000000
81378  -27.167  -55.381  51.467 0.0000000000
81379  -27.625  -55.075  51.875 0.0000000000
81380  -28.406  -54.342  51.449 0.0000000000
81381  -27.914  -54.644  51.144 0.0000000000
81382  -27.985  -54.357  50.749 0.0000000000
81383  -27.582  -54.394  50.032 0.0000000000
81384  -28.058  -54.080  50.363 0.0000000000
81388  -33.216  -52.930  55.979 0.0000000000
81389  -33.135  -53.253  56.323 0.0000000000
81390  -32.589  -53.167  55.564 0.0000000000
81391  -32.001  -53.391  55.154 0.0000000000
81392  -32.020  -53.106  54.811 0.0000000000
81393  -33.074  -51.760  54.246 0.0000000000
81394  -33.144  -52.023  54.740 0.0000000000
81395  -32.498  -51.965  53.971 0.0000000000
81396  -30.841  -52.310  52.641 0.0000000000
81397  -31.417  -52.375  53.347 0.0000000000
81398  -30.887  -52.612  53.071 0.0000000000
81399  -30.884  -52.918  53.440 0.0000000000
81400  -30.310  -52.901  52.768 0.0000000000
81401  -29.795  -53.285  52.478 0.0000000000
81402  -29.771  -52.958  52.130 0.0000000000
81403  -28.846  -52.757  50.348 0.0000000000
81404  -28.855  -53.052  50.738 0.0000000000
81405  -28.419  -53.116  49.944 0.0000000000
81406  -27.999  -53.490  49.546 0.0000000000
81407  -27.957  -53.131  49.160 0.0000000000
81408  -27.541  -53.182  48.400 0.0000000000
81409  -27.867  -52.776  48.749 0.0000000000
81410  -28.037  -51.830  48.100 0.0000000000
81411  -27.692  -52.183  47.848 0.0000000000
81412  -27.630  -51.853  47.398 0.0000000000
81413  -27.323  -51.970  46.615 0.0000000000
81414  -27.588  -51.577  46.924 0.0000000000
81415  -29.831  -50.931  49.056 0.0000000000
81416  -29.381  -51.066  48.843 0.0000000000
81417  -29.313  -50.820  48.268 0.0000000000
81418  -28.186  -50.519  46.217 0.0000000000
81419  -28.217  -50.734  46.782 0.0000000000
81420  -27.844  -50.767  46.040 0.0000000000
81421  -27.514  -51.084  45.813 0.0000000000
81422  -27.531  -50.840  45.290 0.0000000000
81423  -27.234  -50.984  44.481 0.0000000000
81424  -27.482  -50.629  44.683 0.0000000000
81425  -27.745  -50.028  43.695 0.0000000000
81426  -27.476  -50.268  43.521 0.0000000000
81427  -27.486  -50.133  42.927 0.0000000000
81428  -27.291  -50.316  42.099 0.0000000000
81429  -27.520  -50.023  42.308 0.0000000000
81615  -31.032  -49.640  47.149 0.0000000000
81616  -30.587  -49.755  47.114 0.0000000000
81617  -30.441  -49.505  46.439 0.0000000000
81621  -29.387  -48.751  43.553 0.0000000000
81622  -29.819  -48.849  44.344 0.0000000000
81623  -29.429  -49.042  44.278 0.0000000000
81624  -29.521  -49.255  44.941 0.0000000000
81625  -29.072  -49.197  44.130 0.0000000000
81626  -28.773  -49.382  44.000 0.0000000000
81627  -28.669  -49.152  43.283 0.0000000000
81628  -28.215  -49.109  40.987 0.0000000000
81629  -28.120  -49.261  41.692 0.0000000000
81630  -27.948  -49.373  40.888 0.0000000000
81631  -27.709  -49.681  40.739 0.0000000000
81632  -27.868  -49.554  40.053 0.0000000000
81633  -27.819  -49.823  39.408 0.0000000000
81634  -28.019  -49.470  39.472 0.0000000000
81635  -28.498  -48.934  38.488 0.0000000000
81636  -28.319  -49.280  38.357 0.0000000000
81637  -28.515  -49.223  37.743 0.0000000000
81638  -28.560  -49.566  37.097 0.0000000000
81639  -28.726  -49.157  37.172 0.0000000000
81641  -29.160  -47.968  39.013 0.0000000000
81642  -29.318  -47.819  38.506 0.0000000000
81643  -29.567  -48.148  36.655 0.0000000000
81644  -29.317  -48.259  37.093 0.0000000000
81645  -29.396  -48.559  36.453 0.0000000000
81646  -29.238  -48.960  36.247 0.0000000000
81647  -29.500  -48.882  35.819 0.0000000000
81648  -29.684  -49.274  35.242 0.0000000000
81649  -29.834  -48.797  35.372 0.0000000000
86895  -27.702  -51.892  37.792 0.0000000000
86896  -27.460  -52.019  38.330 0.0000000000
86897  -27.697  -52.450  37.807 0.0000000000
86898  -28.171  -53.887  37.445 0.0000000000
86899  -27.757  -53.428  37.869 0.0000000000
86900  -27.815  -53.873  37.941 0.0000000000
86901  -27.524  -53.886  38.451 0.0000000000
86902  -27.893  -54.335  38.001 0.0000000000
86908  -28.542  -55.816  37.877 0.0000000000
86909  -28.067  -55.349  38.148 0.0000000000
86910  -28.185  -55.891  38.232 0.0000000000
86911  -27.851  -55.973  38.626 0.0000000000
86912  -28.331  -56.432  38.331 0.0000000000
92398  -26.902  -51.056  41.596 0.0000000000
92399  -26.797  -51.574  41.477 0.0000000000
92400  -26.873  -51.419  40.898 0.0000000000
92401  -26.876  -51.766  40.258 0.0000000000
92402  -26.953  -52.164  39.680 0.0000000000
94315  -26.827  -55.033  49.351 0.0000000000
94316  -26.435  -55.417  49.060 0.0000000000
94317  -26.504  -55.203  48.698 0.0000000000
94318  -26.189  -55.410  47.987 0.0000000000
94319  -25.986  -55.585  47.333 0.0000000000
95763  -31.990  -55.063  57.213 0.0000000000
95765  -32.720  -54.586  57.303 0.0000000000
95766  -32.861  -54.270  57.056 0.0000000000
95771  -32.428  -50.826  51.562 0.0000000000
95772  -31.824  -50.840  50.896 0.0000000000
95773  -32.342  -50.703  51.023 0.0000000000
95774  -32.223  -50.557  50.443 0.0000000000
95775  -32.087  -50.446  49.878 0.0000000000
98635  -26.894  -52.846  45.927 0.0000000000
98636  -26.743  -53.342  45.706 0.0000000000
98637  -26.723  -53.069  45.267 0.0000000000
98638  -26.630  -53.306  44.585 0.0000000000
98639  -26.560  -53.577  43.911 0.0000000000
98640  -26.628  -53.605  41.098 0.0000000000
98641  -26.527  -53.765  41.604 0.0000000000
98642  -26.585  -54.098  40.965 0.0000000000
98643  -26.541  -54.590  40.855 0.0000000000
98644  -26.501  -55.074  40.773 0.0000000000
98645  -26.482  -55.578  40.649 0.0000000000
98646  -26.632  -55.438  40.210 0.0000000000
98647  -26.870  -55.806  39.859 0.0000000000
98648  -27.223  -56.184  39.506 0.0000000000
104400  -26.127  -55.261  44.784 0.0000000000
104401  -26.057  -55.467  45.230 0.0000000000
104402  -25.977  -55.684  44.607 0.0000000000
104403  -25.874  -56.149  44.423 0.0000000000
104404  -25.882  -56.680  44.255 0.0000000000
106816  -28.282  -50.388  37.029 0.0000000000
106817  -28.216  -50.858  36.932 0.0000000000
106818  -28.491  -50.810  36.451 0.0000000000
106819  -28.810  -51.271  35.910 0.0000000000
106820  -29.202  -51.795  35.456 0.0000000000
108725  -27.861  -56.084  54.709 0.0000000000
108726  -27.951  -55.904  54.425 0.0000000000
108727  -30.012  -54.794  54.786 0.0000000000
108728  -29.350  -55.004  54.515 0.0000000000
108729  -29.482  -54.752  54.140 0.0000000000
108730  -29.015  -54.726  53.506 0.0000000000
108731  -28.601  -54.725  52.877 0.0000000000
108732  -28.152  -54.784  52.185 0.0000000000
108733  -28.716  -54.528  52.461 0.0000000000
108734  -28.824  -54.282  52.118 0.0000000000
108735  -28.892  -54.008  51.812 0.0000000000
108739  -33.837  -52.697  56.348 0.0000000000
108740  -33.188  -52.606  55.587 0.0000000000
108741  -31.788  -51.665  52.725 0.0000000000
108742  -31.896  -51.884  53.261 0.0000000000
108743  -31.290  -51.815  52.492 0.0000000000
108744  -30.775  -52.000  52.214 0.0000000000
108745  -30.233  -52.253  51.926 0.0000000000
108746  -29.736  -52.614  51.702 0.0000000000
108747  -29.693  -52.285  51.279 0.0000000000
108748  -29.213  -52.315  50.605 0.0000000000
108749  -28.715  -52.481  49.847 0.0000000000
108750  -28.224  -52.473  49.077 0.0000000000
108751  -28.606  -52.152  49.377 0.0000000000
108752  -28.528  -51.819  48.894 0.0000000000
108753  -28.463  -51.511  48.392 0.0000000000
108754  -29.598  -50.458  47.907 0.0000000000
108755  -29.172  -50.581  47.687 0.0000000000
108756  -29.029  -50.364  47.119 0.0000000000
108757  -28.544  -50.312  46.348 0.0000000000
108758  -28.155  -50.320  45.621 0.0000000000
108759  -27.768  -50.352  44.871 0.0000000000
108760  -28.110  -50.143  45.032 0.0000000000
108761  -28.074  -49.973  44.455 0.0000000000
108762  -28.085  -49.799  43.862 0.0000000000
108878  -29.774  -48.360  43.100 0.0000000000
108879  -29.397  -48.519  42.909 0.0000000000
108880  -29.034  -48.723  42.764 0.0000000000
108881  -28.704  -48.939  42.641 0.0000000000
108882  -28.721  -48.752  41.960 0.0000000000
108883  -28.534  -48.845  41.138 0.0000000000
108884  -28.379  -48.970  40.316 0.0000000000
108885  -28.213  -49.147  39.595 0.0000000000
108886  -28.434  -48.837  39.766 0.0000000000
108887  -28.555  -48.704  39.214 0.0000000000
108888  -28.694  -48.596  38.660 0.0000000000
112041  -28.354  -52.859  36.762 0.0000000000
112042  -28.003  -52.929  37.291 0.0000000000
112043  -28.403  -53.395  36.855 0.0000000000
112044  -28.491  -53.870  36.963 0.0000000000
112045  -28.604  -54.325  37.088 0.0000000000
115756  -26.853  -51.832  43.914 0.0000000000
115757  -26.722  -52.335  43.733 0.0000000000
115758  -26.691  -52.107  43.212 0.0000000000
115759  -26.627  -52.440  42.498 0.0000000000
115760  -26.567  -52.787  41.826 0.0000000000
115761  -26.698  -52.081  41.382 0.0000000000
115762  -26.622  -52.613  41.293 0.0000000000
115763  -26.636  -53.115  41.220 0.0000000000
115764  -26.700  -53.417  40.616 0.0000000000
115765  -26.843  -53.769  40.033 0.0000000000
115766  -27.012  -54.144  39.474 0.0000000000
120229  -26.472  -55.993  50.529 0.0000000000
120230  -26.084  -56.400  50.193 0.0000000000
120231  -26.176  -56.169  49.910 0.0000000000
120232  -25.867  -56.336  49.309 0.0000000000
120233  -25.609  -56.511  48.667 0.0000000000
120234  -26.043  -55.826  48.722 0.0000000000
120235  -25.708  -56.280  48.393 0.0000000000
120236  -25.481  -56.712  48.021 0.0000000000
120237  -25.445  -56.921  47.352 0.0000000000
120240  -26.174  -56.314  42.503 0.0000000000
120241  -26.110  -56.552  42.960 0.0000000000
120242  -26.273  -56.859  42.408 0.0000000000
122119  -29.455  -50.235  35.109 0.0000000000
122120  -29.469  -50.718  35.097 0.0000000000
122121  -29.842  -50.677  34.707 0.0000000000
123602  -29.869  -55.772  56.508 0.0000000000
123603  -29.382  -55.704  56.000 0.0000000000
123604  -30.068  -55.577  56.275 0.0000000000
123605  -30.191  -55.388  55.979 0.0000000000
123606  -30.350  -55.113  55.676 0.0000000000
123607  -31.495  -54.994  56.578 0.0000000000
123608  -31.026  -54.859  55.982 0.0000000000
123609  -30.529  -54.819  55.381 0.0000000000
123610  -30.677  -54.528  55.087 0.0000000000
123611  -30.814  -54.194  54.814 0.0000000000
123612  -30.831  -53.933  54.433 0.0000000000
123616  -33.631  -51.559  54.493 0.0000000000
123617  -32.960  -51.543  53.719 0.0000000000
123619  -32.825  -51.329  53.179 0.0000000000
123620  -32.293  -51.515  52.951 0.0000000000
123621  -31.671  -51.476  52.231 0.0000000000
123622  -31.085  -51.411  51.530 0.0000000000
123623  -30.535  -51.303  50.823 0.0000000000
123624  -29.984  -51.329  50.110 0.0000000000
123625  -30.427  -51.160  50.311 0.0000000000
123626  -30.341  -51.003  49.799 0.0000000000
123627  -30.240  -50.831  49.278 0.0000000000
123628  -31.238  -50.808  50.201 0.0000000000
123629  -30.659  -50.742  49.475 0.0000000000
123630  -30.124  -50.625  48.722 0.0000000000
123631  -30.023  -50.369  48.130 0.0000000000
123632  -29.882  -50.175  47.503 0.0000000000
123633  -29.769  -49.939  46.922 0.0000000000
123729  -29.237  -47.985  40.321 0.0000000000
130150  -26.982  -53.901  47.730 0.0000000000
130151  -26.671  -54.345  47.460 0.0000000000
130152  -26.708  -54.066  47.033 0.0000000000
130153  -26.526  -54.321  46.313 0.0000000000
130154  -26.409  -54.563  45.654 0.0000000000
130155  -26.607  -53.797  45.491 0.0000000000
130156  -26.493  -54.282  45.262 0.0000000000
130157  -26.329  -54.831  44.990 0.0000000000
130158  -26.221  -55.064  44.350 0.0000000000
130159  -26.148  -55.306  43.723 0.0000000000
130160  -26.095  -55.566  43.118 0.0000000000
130161  -26.630  -52.843  43.569 0.0000000000
130162  -26.541  -53.360  43.419 0.0000000000
130163  -26.465  -53.875  43.227 0.0000000000
130164  -26.501  -53.921  42.070 0.0000000000
130165  -26.437  -54.146  42.555 0.0000000000
130166  -26.388  -54.376  43.010 0.0000000000
130167  -26.277  -54.903  42.799 0.0000000000
130168  -26.177  -55.360  42.684 0.0000000000
130169  -26.141  -55.820  42.573 0.0000000000
130170  -26.238  -56.109  42.006 0.0000000000
130171  -26.420  -56.448  41.475 0.0000000000
130172  -26.671  -56.824  41.118 0.0000000000
130173  -26.596  -56.111  40.624 0.0000000000
130174  -26.762  -56.665  40.685 0.0000000000
130175  -26.980  -57.208  40.789 0.0000000000
142161  -26.392  -54.862  47.166 0.0000000000
142162  -26.096  -55.340  46.909 0.0000000000
142163  -25.849  -55.756  46.679 0.0000000000
142164  -25.960  -55.699  45.651 0.0000000000
142165  -25.821  -55.928  46.027 0.0000000000
142166  -25.696  -56.156  46.436 0.0000000000
142167  -25.627  -56.590  46.177 0.0000000000
142170  -26.032  -56.767  43.325 0.0000000000
142171  -25.992  -56.978  43.711 0.0000000000
147049  -27.448  -50.605  39.244 0.0000000000
147050  -27.339  -51.076  39.056 0.0000000000
147051  -27.532  -50.977  38.531 0.0000000000
147052  -27.697  -51.402  37.871 0.0000000000
147053  -27.984  -51.849  37.241 0.0000000000
147054  -28.185  -51.357  36.831 0.0000000000
147055  -28.231  -51.845  36.749 0.0000000000
147056  -28.298  -52.352  36.750 0.0000000000
147057  -28.707  -52.844  36.333 0.0000000000
147058  -29.180  -53.331  36.002 0.0000000000
147060  -29.524  -51.232  35.074 0.0000000000
147061  -29.582  -51.775  35.054 0.0000000000
147062  -29.696  -52.343  35.121 0.0000000000
150884  -26.513  -56.400  51.901 0.0000000000
150885  -26.624  -56.187  51.590 0.0000000000
150886  -28.923  -55.696  55.393 0.0000000000
150887  -28.463  -55.683  54.817 0.0000000000
150888  -28.090  -55.680  54.165 0.0000000000
150889  -28.706  -55.173  54.207 0.0000000000
150890  -28.211  -55.415  53.876 0.0000000000
150891  -27.728  -55.686  53.504 0.0000000000
150892  -27.336  -55.746  52.855 0.0000000000
150893  -26.992  -55.836  52.082 0.0000000000
150894  -26.701  -55.895  51.330 0.0000000000
150895  -26.769  -55.685  51.003 0.0000000000
150896  -26.892  -55.445  50.714 0.0000000000
150897  -26.967  -55.200  50.435 0.0000000000
150898  -27.730  -54.884  51.472 0.0000000000
150899  -27.404  -54.924  50.810 0.0000000000
150900  -27.057  -54.952  50.103 0.0000000000
150901  -27.202  -54.689  49.693 0.0000000000
150902  -27.229  -54.433  49.279 0.0000000000
150903  -27.219  -54.212  48.891 0.0000000000
150906  -32.992  -53.938  56.808 0.0000000000
150907  -33.707  -53.364  57.018 0.0000000000
150908  -33.099  -53.592  56.568 0.0000000000
150909  -32.508  -53.822  56.173 0.0000000000
150910  -31.987  -53.702  55.487 0.0000000000
150911  -31.439  -53.617  54.774 0.0000000000
150912  -30.878  -53.563  54.155 0.0000000000
150913  -33.789  -52.057  55.494 0.0000000000
150914  -33.184  -52.320  55.176 0.0000000000
150915  -32.605  -52.555  54.827 0.0000000000
150916  -31.900  -52.169  53.612 0.0000000000
150917  -32.018  -52.468  54.071 0.0000000000
150918  -32.044  -52.824  54.456 0.0000000000
150919  -31.451  -53.006  54.084 0.0000000000
150920  -30.854  -53.247  53.770 0.0000000000
150921  -30.312  -53.533  53.487 0.0000000000
150922  -29.823  -53.527  52.829 0.0000000000
150923  -29.348  -53.644  52.163 0.0000000000
150924  -28.917  -53.707  51.473 0.0000000000
150925  -29.297  -52.990  51.446 0.0000000000
150926  -28.921  -53.361  51.093 0.0000000000
150927  -28.539  -53.742  50.691 0.0000000000
150928  -28.062  -53.798  49.957 0.0000000000
150929  -27.613  -53.843  49.235 0.0000000000
150930  -27.250  -53.875  48.473 0.0000000000
150931  -27.257  -53.549  48.061 0.0000000000
150932  -27.236  -53.252  47.643 0.0000000000
150933  -27.192  -52.965  47.192 0.0000000000
150934  -27.804  -52.506  48.342 0.0000000000
150935  -27.440  -52.546  47.533 0.0000000000
150936  -27.114  -52.685  46.717 0.0000000000
150937  -27.094  -52.399  46.273 0.0000000000
150938  -27.068  -52.124  45.788 0.0000000000
150939  -27.041  -51.876  45.259 0.0000000000
150940  -29.482  -51.273  49.427 0.0000000000
150941  -28.906  -51.229  48.637 0.0000000000
150942  -28.423  -51.224  47.917 0.0000000000
150943  -28.726  -50.735  47.481 0.0000000000
150944  -28.287  -50.958  47.325 0.0000000000
150945  -27.921  -51.253  47.154 0.0000000000
150946  -27.531  -51.358  46.358 0.0000000000
150947  -27.248  -51.479  45.528 0.0000000000
150948  -27.023  -51.639  44.723 0.0000000000
150949  -27.025  -51.375  44.236 0.0000000000
150950  -26.993  -51.177  43.641 0.0000000000
150951  -27.028  -50.979  43.048 0.0000000000
150952  -27.469  -50.437  44.098 0.0000000000
150953  -27.241  -50.589  43.300 0.0000000000
150954  -27.037  -50.807  42.460 0.0000000000
150955  -27.081  -50.663  41.854 0.0000000000
150956  -27.171  -50.536  41.238 0.0000000000
150957  -27.275  -50.425  40.605 0.0000000000
151176  -31.942  -50.213  49.216 0.0000000000
151179  -31.311  -50.101  48.507 0.0000000000
151180  -30.714  -49.959  47.813 0.0000000000
151181  -30.166  -49.850  47.071 0.0000000000
151182  -29.665  -49.718  46.307 0.0000000000
151187  -30.299  -48.989  45.084 0.0000000000
151188  -30.405  -49.229  45.778 0.0000000000
151189  -29.933  -49.360  45.709 0.0000000000
151190  -29.514  -49.485  45.577 0.0000000000
151191  -29.214  -49.627  45.508 0.0000000000
151192  -28.853  -49.564  44.770 0.0000000000
151193  -28.452  -49.579  43.921 0.0000000000
151194  -28.114  -49.654  43.117 0.0000000000
151195  -28.381  -49.171  42.511 0.0000000000
151196  -28.103  -49.403  42.435 0.0000000000
151197  -27.807  -49.700  42.339 0.0000000000
151198  -27.600  -49.833  41.545 0.0000000000
151199  -27.494  -50.038  40.699 0.0000000000
151200  -27.457  -50.286  39.920 0.0000000000
151201  -27.604  -50.199  39.367 0.0000000000
151202  -27.814  -50.120  38.756 0.0000000000
151203  -27.993  -50.048  38.166 0.0000000000
151204  -28.152  -49.358  38.959 0.0000000000
151205  -28.142  -49.652  38.269 0.0000000000
151206  -28.182  -50.009  37.603 0.0000000000
151207  -28.403  -49.980  37.058 0.0000000000
151208  -28.646  -49.919  36.532 0.0000000000
151209  -28.930  -49.836  36.072 0.0000000000
151210  -29.068  -48.094  39.613 0.0000000000
151211  -28.908  -48.251  38.846 0.0000000000
151212  -28.875  -48.502  38.100 0.0000000000
151213  -29.257  -48.006  37.767 0.0000000000
151214  -29.085  -48.390  37.572 0.0000000000
151215  -28.887  -48.777  37.371 0.0000000000
151216  -28.951  -49.067  36.668 0.0000000000
151217  -29.065  -49.404  36.123 0.0000000000
151218  -29.213  -49.797  35.594 0.0000000000
151219  -29.553  -49.752  35.165 0.0000000000
151220  -29.938  -49.693  34.776 0.0000000000
157523  -27.246  -51.571  39.025 0.0000000000
157524  -27.193  -52.076  39.011 0.0000000000
157525  -27.168  -52.569  39.006 0.0000000000
157526  -27.716  -52.953  37.844 0.0000000000
157527  -27.422  -53.005  38.385 0.0000000000
157528  -27.182  -53.021  39.017 0.0000000000
157529  -27.203  -53.518  38.972 0.0000000000
157530  -27.258  -54.008  38.937 0.0000000000
157531  -27.305  -54.501  38.929 0.0000000000
157534  -28.668  -54.756  37.180 0.0000000000
157537  -28.339  -54.805  37.633 0.0000000000
157538  -27.957  -54.827  38.038 0.0000000000
157539  -27.632  -54.863  38.497 0.0000000000
157540  -27.367  -55.013  38.929 0.0000000000
157541  -27.415  -55.545  38.977 0.0000000000
157542  -27.528  -56.056  39.032 0.0000000000
157543  -27.685  -56.590  39.131 0.0000000000
157546  -27.886  -57.094  39.206 0.0000000000
