#!ascii label  , from subject fsaverage vox2ras=TkReg
2093
31  -58.417  -56.324  -1.545 0.0000000000
340  -53.512  -58.043  -7.626 0.0000000000
437  -61.956  -45.978  -2.051 0.0000000000
438  -58.367  -47.025  -8.561 0.0000000000
439  -62.155  -38.201  -9.614 0.0000000000
553  -41.641  -64.687  5.706 0.0000000000
554  -51.684  -61.750  5.175 0.0000000000
557  -56.412  -53.527  3.183 0.0000000000
820  -54.020  -55.732  -4.037 0.0000000000
969  -61.709  -41.873  -5.967 0.0000000000
1220  -46.033  -61.308  4.999 0.0000000000
1228  -52.523  -56.624  5.550 0.0000000000
1229  -52.077  -51.514  3.789 0.0000000000
1381  -57.077  -42.301  -11.153 0.0000000000
1382  -55.084  -49.083  -11.888 0.0000000000
1760  -43.723  -63.014  -0.705 0.0000000000
1979  -61.763  -50.973  -1.306 0.0000000000
1980  -57.701  -50.322  -4.152 0.0000000000
1981  -61.348  -45.711  -5.265 0.0000000000
1982  -61.095  -42.679  -9.404 0.0000000000
1983  -61.182  -38.373  -12.541 0.0000000000
1985  -63.264  -33.508  -12.624 0.0000000000
2296  -43.239  -70.176  6.358 0.0000000000
2297  -39.522  -66.238  3.279 0.0000000000
2298  -44.066  -61.137  2.217 0.0000000000
2299  -50.274  -59.840  1.703 0.0000000000
2300  -56.275  -59.765  2.005 0.0000000000
2308  -57.126  -59.905  5.789 0.0000000000
2309  -60.569  -55.357  2.453 0.0000000000
2310  -60.259  -50.078  1.131 0.0000000000
2311  -56.938  -46.060  -1.634 0.0000000000
2491  -53.814  -51.373  -7.902 0.0000000000
2492  -55.776  -55.202  -10.884 0.0000000000
2738  -56.297  -58.527  -1.615 0.0000000000
2739  -54.483  -58.263  -3.076 0.0000000000
2740  -56.019  -55.847  -2.737 0.0000000000
3148  -50.056  -52.553  4.942 0.0000000000
3301  -57.400  -40.411  -12.903 0.0000000000
3302  -55.335  -43.454  -13.332 0.0000000000
3896  -53.061  -59.577  -5.837 0.0000000000
3898  -52.638  -60.664  -7.049 0.0000000000
3900  -53.254  -59.685  -8.730 0.0000000000
4343  -62.505  -48.286  -1.607 0.0000000000
4344  -61.674  -48.277  -3.408 0.0000000000
4345  -62.663  -45.598  -3.483 0.0000000000
4346  -61.694  -40.095  -7.907 0.0000000000
4347  -62.473  -42.024  -7.599 0.0000000000
4348  -62.268  -40.347  -9.567 0.0000000000
4349  -60.949  -40.672  -10.817 0.0000000000
4350  -62.406  -38.308  -11.196 0.0000000000
5097  -41.687  -67.670  6.077 0.0000000000
5098  -40.718  -68.601  5.078 0.0000000000
5099  -40.356  -65.274  4.635 0.0000000000
5100  -41.204  -63.129  2.867 0.0000000000
5101  -42.148  -62.714  4.190 0.0000000000
5102  -48.877  -61.251  5.070 0.0000000000
5103  -47.893  -60.230  3.201 0.0000000000
5104  -50.815  -60.258  3.425 0.0000000000
5105  -53.271  -59.874  1.901 0.0000000000
5106  -53.896  -60.773  3.666 0.0000000000
5125  -54.412  -55.294  4.248 0.0000000000
5126  -54.828  -58.375  5.690 0.0000000000
5127  -56.821  -56.494  4.329 0.0000000000
5128  -58.973  -57.524  4.325 0.0000000000
5129  -58.957  -54.411  3.116 0.0000000000
5130  -60.803  -52.760  2.128 0.0000000000
5131  -58.366  -52.077  2.285 0.0000000000
5134  -54.401  -45.852  -1.129 0.0000000000
5135  -54.719  -44.172  -2.668 0.0000000000
5581  -57.392  -48.109  -6.396 0.0000000000
5582  -55.060  -50.303  -5.682 0.0000000000
5583  -55.649  -48.919  -7.969 0.0000000000
5584  -55.284  -50.598  -13.637 0.0000000000
5585  -55.834  -52.156  -11.476 0.0000000000
6083  -53.338  -58.525  -4.571 0.0000000000
6084  -53.127  -56.606  -5.822 0.0000000000
6350  -60.061  -44.196  -3.204 0.0000000000
6351  -62.095  -43.509  -3.768 0.0000000000
6803  -42.895  -64.418  6.986 0.0000000000
6804  -43.371  -62.495  5.184 0.0000000000
6805  -44.776  -62.908  6.718 0.0000000000
6806  -47.306  -62.692  6.721 0.0000000000
6807  -50.169  -63.157  6.812 0.0000000000
6818  -51.018  -57.623  6.966 0.0000000000
6819  -50.456  -54.911  5.579 0.0000000000
6820  -52.184  -54.007  4.362 0.0000000000
6821  -54.166  -52.658  3.412 0.0000000000
6822  -56.004  -51.185  2.287 0.0000000000
7093  -57.365  -44.723  -9.952 0.0000000000
7094  -55.907  -47.626  -9.886 0.0000000000
7095  -54.998  -45.513  -11.597 0.0000000000
7096  -54.820  -47.074  -14.013 0.0000000000
8525  -60.359  -53.840  -1.243 0.0000000000
8526  -58.454  -53.371  -2.638 0.0000000000
8527  -60.343  -51.071  -3.076 0.0000000000
8528  -59.492  -48.081  -4.784 0.0000000000
8529  -59.604  -46.289  -7.008 0.0000000000
8530  -62.542  -43.689  -5.445 0.0000000000
8531  -61.412  -44.366  -7.509 0.0000000000
8532  -59.769  -44.779  -8.870 0.0000000000
8533  -59.200  -42.511  -10.319 0.0000000000
8534  -59.065  -40.415  -11.698 0.0000000000
8535  -59.570  -38.265  -13.542 0.0000000000
8541  -62.824  -35.845  -11.307 0.0000000000
8542  -62.856  -36.089  -12.932 0.0000000000
8543  -61.596  -36.030  -14.402 0.0000000000
9447  -42.313  -71.554  5.487 0.0000000000
9448  -39.694  -69.969  4.083 0.0000000000
9450  -40.842  -64.041  1.168 0.0000000000
9451  -43.660  -61.982  0.670 0.0000000000
9452  -46.899  -60.652  0.211 0.0000000000
9453  -44.927  -61.042  3.555 0.0000000000
9454  -47.249  -60.212  1.647 0.0000000000
9455  -49.953  -60.241  -0.010 0.0000000000
9458  -57.762  -58.627  0.176 0.0000000000
9480  -53.179  -59.712  7.319 0.0000000000
9481  -55.221  -61.634  7.127 0.0000000000
9482  -55.201  -62.114  5.354 0.0000000000
9483  -57.551  -60.369  4.100 0.0000000000
9484  -59.160  -58.217  2.281 0.0000000000
9485  -60.267  -56.158  0.321 0.0000000000
9486  -61.488  -53.386  0.679 0.0000000000
9487  -61.960  -50.628  0.436 0.0000000000
9488  -61.461  -48.080  -0.397 0.0000000000
9489  -57.511  -49.738  1.054 0.0000000000
9490  -58.836  -47.850  -0.239 0.0000000000
9491  -59.523  -46.021  -1.891 0.0000000000
9492  -57.386  -44.262  -3.124 0.0000000000
10027  -55.699  -52.982  -3.972 0.0000000000
10028  -53.535  -53.228  -5.617 0.0000000000
10029  -53.493  -54.781  -7.642 0.0000000000
10030  -55.135  -50.369  -9.942 0.0000000000
10031  -54.675  -53.338  -9.565 0.0000000000
10032  -54.658  -56.653  -9.383 0.0000000000
10418  -57.352  -57.421  -1.526 0.0000000000
10419  -56.210  -57.172  -2.180 0.0000000000
10420  -57.198  -56.073  -2.021 0.0000000000
11576  -53.200  -58.749  -6.675 0.0000000000
11577  -52.937  -60.039  -6.491 0.0000000000
11578  -53.287  -59.457  -7.405 0.0000000000
11579  -53.036  -60.230  -7.884 0.0000000000
11580  -53.623  -58.889  -8.272 0.0000000000
12023  -62.406  -47.040  -1.764 0.0000000000
12024  -62.583  -46.910  -2.619 0.0000000000
12025  -62.507  -45.682  -2.674 0.0000000000
12026  -61.878  -39.194  -8.828 0.0000000000
12027  -62.344  -40.148  -8.636 0.0000000000
12028  -62.412  -39.197  -9.511 0.0000000000
12029  -62.329  -39.313  -10.371 0.0000000000
12030  -62.645  -38.185  -10.293 0.0000000000
12775  -41.964  -65.902  6.596 0.0000000000
12776  -42.235  -67.232  6.725 0.0000000000
12777  -41.395  -66.212  5.952 0.0000000000
12778  -40.804  -66.472  5.369 0.0000000000
12779  -40.990  -64.983  5.200 0.0000000000
12780  -41.061  -63.871  4.459 0.0000000000
12781  -41.655  -63.667  4.964 0.0000000000
12782  -50.316  -61.532  5.122 0.0000000000
12783  -49.818  -60.679  4.146 0.0000000000
12784  -51.193  -60.907  4.331 0.0000000000
12785  -52.347  -60.521  3.584 0.0000000000
12786  -52.675  -61.280  4.472 0.0000000000
12805  -55.453  -54.408  3.642 0.0000000000
12806  -55.569  -55.949  4.220 0.0000000000
12807  -56.632  -54.953  3.539 0.0000000000
12808  -57.914  -55.422  3.618 0.0000000000
12809  -57.685  -53.884  3.091 0.0000000000
12810  -58.720  -53.166  2.755 0.0000000000
12811  -57.463  -52.798  2.757 0.0000000000
12814  -53.150  -45.588  -0.908 0.0000000000
12815  -53.321  -44.864  -1.654 0.0000000000
13261  -57.960  -47.530  -7.624 0.0000000000
13262  -56.581  -48.494  -7.204 0.0000000000
13263  -57.195  -48.025  -8.398 0.0000000000
13264  -55.423  -51.400  -14.664 0.0000000000
13265  -55.506  -52.134  -13.395 0.0000000000
13976  -54.301  -56.929  -3.422 0.0000000000
13977  -53.851  -58.254  -3.818 0.0000000000
13978  -53.639  -57.097  -4.212 0.0000000000
13979  -53.166  -57.488  -5.162 0.0000000000
13980  -53.415  -55.991  -4.808 0.0000000000
15180  -43.689  -63.469  6.774 0.0000000000
15181  -44.510  -63.685  7.470 0.0000000000
15183  -46.723  -63.347  7.487 0.0000000000
15185  -48.730  -62.810  6.740 0.0000000000
15204  -49.369  -54.137  5.615 0.0000000000
15205  -51.037  -52.086  4.404 0.0000000000
15206  -51.090  -53.300  4.598 0.0000000000
15207  -52.075  -52.769  4.061 0.0000000000
15208  -53.142  -53.416  3.772 0.0000000000
15209  -53.099  -52.136  3.552 0.0000000000
15210  -54.059  -51.424  2.983 0.0000000000
15211  -53.056  -50.933  3.201 0.0000000000
15661  -57.145  -43.518  -10.565 0.0000000000
15662  -56.044  -44.946  -10.565 0.0000000000
15663  -55.876  -43.819  -11.361 0.0000000000
15665  -54.990  -45.314  -13.745 0.0000000000
15666  -55.668  -46.063  -14.909 0.0000000000
15667  -55.575  -47.792  -15.151 0.0000000000
18788  -61.116  -52.483  -1.216 0.0000000000
18789  -60.451  -52.420  -2.140 0.0000000000
18790  -61.204  -51.068  -2.265 0.0000000000
18791  -61.522  -46.844  -4.334 0.0000000000
18792  -60.704  -48.235  -4.191 0.0000000000
18793  -60.446  -46.879  -5.063 0.0000000000
18794  -59.277  -46.943  -5.845 0.0000000000
18795  -60.367  -45.939  -6.167 0.0000000000
18796  -61.917  -42.830  -4.905 0.0000000000
18797  -62.667  -43.476  -4.452 0.0000000000
18798  -62.494  -42.715  -5.533 0.0000000000
18799  -61.958  -42.467  -8.541 0.0000000000
18800  -62.091  -43.250  -7.537 0.0000000000
18801  -61.335  -43.630  -8.483 0.0000000000
18802  -60.637  -44.685  -8.203 0.0000000000
18803  -60.431  -43.755  -9.132 0.0000000000
18804  -59.393  -43.580  -9.670 0.0000000000
18805  -60.214  -42.621  -9.931 0.0000000000
18806  -60.907  -39.445  -11.650 0.0000000000
18807  -59.968  -40.566  -11.217 0.0000000000
18808  -60.082  -39.382  -12.152 0.0000000000
18809  -59.167  -39.348  -12.650 0.0000000000
18810  -60.379  -38.247  -13.023 0.0000000000
18825  -62.158  -34.747  -11.488 0.0000000000
18826  -62.966  -34.709  -12.022 0.0000000000
18827  -63.075  -35.952  -12.096 0.0000000000
18828  -63.265  -34.775  -12.821 0.0000000000
18830  -62.496  -34.855  -14.619 0.0000000000
21052  -44.252  -71.239  6.450 0.0000000000
21053  -43.849  -71.912  5.978 0.0000000000
21054  -42.806  -70.717  5.740 0.0000000000
21055  -39.822  -67.512  4.305 0.0000000000
21056  -40.178  -69.256  4.562 0.0000000000
21057  -39.410  -68.130  3.665 0.0000000000
21058  -39.213  -68.756  2.998 0.0000000000
21059  -39.358  -66.770  2.577 0.0000000000
21060  -39.906  -65.455  1.384 0.0000000000
21061  -39.911  -65.050  2.275 0.0000000000
21062  -42.559  -62.033  2.520 0.0000000000
21063  -42.285  -62.384  1.758 0.0000000000
21064  -43.836  -61.438  1.430 0.0000000000
21065  -45.315  -61.207  0.405 0.0000000000
21066  -45.428  -60.696  1.152 0.0000000000
21067  -44.642  -61.791  5.011 0.0000000000
21068  -44.072  -61.732  4.407 0.0000000000
21069  -45.428  -61.080  4.217 0.0000000000
21070  -49.060  -59.986  2.453 0.0000000000
21071  -47.494  -60.165  2.424 0.0000000000
21072  -48.748  -59.976  1.613 0.0000000000
21073  -48.565  -60.078  0.813 0.0000000000
21074  -50.100  -59.947  0.831 0.0000000000
21076  -51.528  -59.976  0.899 0.0000000000
21079  -55.764  -59.589  1.092 0.0000000000
21080  -56.552  -59.262  0.171 0.0000000000
21081  -57.095  -59.200  1.097 0.0000000000
21135  -51.762  -57.113  6.211 0.0000000000
21136  -52.015  -58.611  7.060 0.0000000000
21137  -52.808  -58.133  6.298 0.0000000000
21138  -56.091  -59.211  5.876 0.0000000000
21139  -55.155  -60.064  6.608 0.0000000000
21140  -56.110  -60.864  6.404 0.0000000000
21141  -55.509  -62.092  6.363 0.0000000000
21142  -56.548  -61.275  5.690 0.0000000000
21143  -56.406  -61.293  4.790 0.0000000000
21144  -57.666  -60.250  5.134 0.0000000000
21145  -59.827  -56.433  3.400 0.0000000000
21146  -59.293  -57.970  3.531 0.0000000000
21147  -60.124  -56.907  2.450 0.0000000000
21148  -59.944  -57.247  1.275 0.0000000000
21149  -60.688  -55.906  1.407 0.0000000000
21150  -60.916  -54.766  0.544 0.0000000000
21151  -61.140  -54.417  1.463 0.0000000000
21152  -60.596  -51.452  1.713 0.0000000000
21153  -61.541  -51.730  1.299 0.0000000000
21154  -61.369  -50.354  0.943 0.0000000000
21155  -61.883  -49.354  0.060 0.0000000000
21156  -60.997  -49.077  0.408 0.0000000000
21158  -56.753  -50.442  1.639 0.0000000000
21162  -57.871  -46.852  -0.973 0.0000000000
21163  -59.284  -46.932  -1.028 0.0000000000
21164  -58.228  -46.048  -1.845 0.0000000000
21165  -58.471  -45.156  -2.620 0.0000000000
21166  -57.214  -45.243  -2.485 0.0000000000
21167  -53.566  -43.157  -2.928 0.0000000000
21168  -54.900  -43.349  -3.288 0.0000000000
22501  -58.288  -51.817  -3.362 0.0000000000
22502  -57.144  -53.243  -3.300 0.0000000000
22503  -56.684  -51.656  -3.963 0.0000000000
22504  -54.218  -50.702  -6.707 0.0000000000
22505  -54.152  -51.700  -5.600 0.0000000000
22506  -53.509  -52.220  -6.699 0.0000000000
22507  -53.218  -53.842  -6.684 0.0000000000
22508  -53.451  -53.052  -7.821 0.0000000000
22509  -55.124  -48.223  -10.836 0.0000000000
22510  -55.529  -49.006  -9.910 0.0000000000
22511  -55.505  -49.884  -10.884 0.0000000000
22512  -55.831  -53.682  -11.129 0.0000000000
22513  -55.370  -52.716  -10.459 0.0000000000
22514  -55.327  -54.271  -10.155 0.0000000000
22515  -54.745  -55.034  -9.329 0.0000000000
22516  -55.361  -55.927  -10.167 0.0000000000
22517  -54.536  -57.606  -10.113 0.0000000000
23362  -55.294  -58.283  -2.393 0.0000000000
23363  -55.166  -56.936  -2.840 0.0000000000
23364  -54.947  -55.720  -3.392 0.0000000000
24100  -49.962  -51.332  4.716 0.0000000000
24101  -50.980  -50.845  4.092 0.0000000000
24373  -57.137  -41.285  -11.975 0.0000000000
24374  -55.931  -42.716  -12.107 0.0000000000
24375  -56.224  -41.773  -12.901 0.0000000000
25439  -45.256  -62.515  -0.967 0.0000000000
26249  -62.297  -49.574  -1.482 0.0000000000
26250  -61.826  -49.655  -2.477 0.0000000000
26251  -62.273  -48.287  -2.533 0.0000000000
26252  -62.228  -46.874  -3.538 0.0000000000
26253  -62.217  -45.565  -4.386 0.0000000000
26255  -62.394  -41.776  -6.574 0.0000000000
26256  -62.254  -40.967  -7.605 0.0000000000
26257  -62.349  -41.267  -8.544 0.0000000000
26258  -61.783  -41.547  -9.450 0.0000000000
26259  -60.971  -41.659  -10.098 0.0000000000
26260  -61.716  -40.566  -10.238 0.0000000000
26261  -61.714  -39.443  -11.096 0.0000000000
26262  -61.885  -38.440  -11.947 0.0000000000
26273  -63.497  -33.617  -13.483 0.0000000000
27606  -42.885  -68.478  6.868 0.0000000000
27607  -42.310  -68.978  6.248 0.0000000000
27608  -41.906  -69.471  5.653 0.0000000000
27609  -41.207  -68.026  5.547 0.0000000000
27610  -40.231  -66.922  4.831 0.0000000000
27611  -39.807  -65.738  3.970 0.0000000000
27612  -40.129  -64.548  3.050 0.0000000000
27613  -40.464  -64.200  3.807 0.0000000000
27614  -41.656  -62.857  3.555 0.0000000000
27615  -42.988  -61.886  3.260 0.0000000000
27616  -47.471  -61.172  5.036 0.0000000000
27617  -46.847  -60.590  4.093 0.0000000000
27618  -48.379  -60.547  4.062 0.0000000000
27619  -49.398  -60.159  3.249 0.0000000000
27620  -50.544  -59.946  2.555 0.0000000000
27621  -51.744  -59.804  1.829 0.0000000000
27622  -52.024  -60.034  2.742 0.0000000000
27623  -53.577  -60.199  2.782 0.0000000000
27624  -55.181  -60.341  2.886 0.0000000000
27657  -53.400  -56.045  4.975 0.0000000000
27658  -53.673  -57.567  5.556 0.0000000000
27659  -54.550  -56.792  4.922 0.0000000000
27660  -55.802  -57.575  5.082 0.0000000000
27661  -57.066  -58.204  5.155 0.0000000000
27662  -58.106  -58.739  5.092 0.0000000000
27663  -58.005  -57.068  4.414 0.0000000000
27664  -59.049  -55.903  3.647 0.0000000000
27665  -60.029  -54.907  3.044 0.0000000000
27666  -60.765  -54.080  2.333 0.0000000000
27667  -59.940  -53.606  2.747 0.0000000000
27668  -59.669  -52.428  2.301 0.0000000000
27669  -59.334  -51.198  1.699 0.0000000000
27674  -55.677  -45.994  -1.371 0.0000000000
27675  -55.883  -45.159  -2.286 0.0000000000
27676  -54.592  -45.084  -1.929 0.0000000000
27677  -53.465  -44.042  -2.323 0.0000000000
28477  -57.340  -49.013  -5.158 0.0000000000
28478  -56.198  -50.202  -4.818 0.0000000000
28479  -56.060  -49.136  -5.919 0.0000000000
28480  -55.180  -49.474  -6.819 0.0000000000
28481  -54.521  -49.949  -7.894 0.0000000000
28482  -55.220  -49.815  -12.785 0.0000000000
28483  -55.715  -50.747  -11.862 0.0000000000
28484  -55.660  -51.533  -12.675 0.0000000000
28485  -55.876  -53.000  -12.255 0.0000000000
29554  -53.144  -59.081  -5.224 0.0000000000
29555  -53.114  -58.122  -5.939 0.0000000000
29556  -53.227  -57.354  -6.765 0.0000000000
30176  -61.000  -44.950  -2.600 0.0000000000
30177  -61.892  -44.658  -2.972 0.0000000000
30178  -61.127  -43.796  -3.441 0.0000000000
31234  -42.580  -65.560  7.190 0.0000000000
31235  -42.187  -64.506  6.303 0.0000000000
31236  -42.287  -63.487  5.439 0.0000000000
31237  -42.983  -63.423  6.076 0.0000000000
31238  -43.968  -62.574  5.898 0.0000000000
31239  -45.347  -62.096  5.816 0.0000000000
31240  -45.547  -63.367  7.443 0.0000000000
31241  -45.973  -62.686  6.682 0.0000000000
31242  -46.665  -61.914  5.850 0.0000000000
31243  -48.068  -61.931  5.913 0.0000000000
31244  -49.507  -62.100  5.956 0.0000000000
31245  -50.924  -62.450  5.995 0.0000000000
31270  -50.723  -56.182  6.201 0.0000000000
31271  -51.505  -55.730  5.614 0.0000000000
31272  -50.186  -53.715  5.107 0.0000000000
31273  -51.330  -54.460  5.006 0.0000000000
31274  -52.344  -55.204  4.973 0.0000000000
31275  -53.282  -54.615  4.279 0.0000000000
31276  -54.275  -53.978  3.708 0.0000000000
31277  -55.315  -53.130  3.295 0.0000000000
31278  -56.278  -52.396  2.871 0.0000000000
31279  -55.131  -51.921  2.924 0.0000000000
31280  -54.869  -50.694  2.359 0.0000000000
31909  -57.890  -46.080  -9.297 0.0000000000
31910  -57.157  -47.290  -9.300 0.0000000000
31911  -56.527  -46.212  -9.912 0.0000000000
31912  -55.258  -46.564  -10.621 0.0000000000
31913  -54.623  -47.235  -11.741 0.0000000000
31914  -55.036  -44.357  -12.524 0.0000000000
31915  -54.574  -46.284  -12.740 0.0000000000
31916  -54.644  -48.054  -12.842 0.0000000000
31917  -55.003  -48.921  -13.931 0.0000000000
31918  -55.461  -49.641  -14.989 0.0000000000
35843  -59.429  -55.186  -1.336 0.0000000000
35844  -58.436  -54.758  -1.911 0.0000000000
35845  -59.513  -53.662  -2.012 0.0000000000
35846  -59.512  -52.166  -2.807 0.0000000000
35847  -59.102  -50.750  -3.672 0.0000000000
35848  -61.080  -49.716  -3.354 0.0000000000
35849  -59.925  -49.612  -3.959 0.0000000000
35850  -58.605  -49.249  -4.504 0.0000000000
35851  -58.251  -48.003  -5.509 0.0000000000
35852  -58.511  -47.178  -6.743 0.0000000000
35853  -59.167  -46.756  -7.816 0.0000000000
35854  -62.608  -44.427  -3.540 0.0000000000
35855  -62.776  -44.455  -4.417 0.0000000000
35856  -62.093  -44.656  -5.427 0.0000000000
35857  -62.602  -42.859  -6.498 0.0000000000
35858  -62.010  -44.055  -6.526 0.0000000000
35859  -61.354  -45.008  -6.387 0.0000000000
35860  -60.631  -45.368  -7.342 0.0000000000
35861  -60.055  -45.826  -8.054 0.0000000000
35862  -59.191  -45.979  -8.664 0.0000000000
35863  -58.617  -44.774  -9.369 0.0000000000
35864  -58.287  -43.497  -10.061 0.0000000000
35865  -58.132  -42.391  -10.676 0.0000000000
35866  -60.055  -41.666  -10.531 0.0000000000
35867  -59.050  -41.452  -10.944 0.0000000000
35868  -58.073  -41.273  -11.379 0.0000000000
35869  -58.160  -40.289  -12.234 0.0000000000
35870  -58.419  -39.369  -13.157 0.0000000000
35880  -61.465  -37.207  -9.939 0.0000000000
35888  -61.878  -35.990  -10.738 0.0000000000
35889  -62.481  -37.077  -10.473 0.0000000000
35890  -62.882  -37.158  -11.257 0.0000000000
35891  -62.647  -37.260  -12.059 0.0000000000
35892  -62.099  -37.244  -12.835 0.0000000000
35893  -62.979  -34.794  -13.699 0.0000000000
35894  -62.262  -35.998  -13.685 0.0000000000
35895  -61.413  -37.130  -13.445 0.0000000000
35896  -60.604  -37.121  -13.957 0.0000000000
38577  -44.964  -72.988  6.233 0.0000000000
38578  -43.305  -72.730  5.732 0.0000000000
38579  -41.635  -72.369  5.212 0.0000000000
38580  -41.447  -70.122  5.233 0.0000000000
38581  -40.837  -70.943  4.909 0.0000000000
38587  -40.984  -64.516  0.324 0.0000000000
38588  -42.187  -63.381  0.218 0.0000000000
38589  -40.945  -63.553  2.033 0.0000000000
38590  -42.162  -62.839  0.996 0.0000000000
38591  -43.658  -62.537  -0.044 0.0000000000
38592  -45.161  -61.872  -0.316 0.0000000000
38593  -46.744  -61.303  -0.501 0.0000000000
38594  -48.347  -60.930  -0.717 0.0000000000
38595  -42.714  -62.632  4.677 0.0000000000
38596  -43.487  -61.786  3.858 0.0000000000
38597  -44.420  -61.023  2.900 0.0000000000
38598  -46.405  -60.476  3.334 0.0000000000
38599  -45.974  -60.542  2.582 0.0000000000
38600  -45.620  -60.525  1.814 0.0000000000
38601  -47.008  -60.306  0.906 0.0000000000
38602  -48.411  -60.343  0.019 0.0000000000
38610  -55.946  -59.515  -0.768 0.0000000000
38611  -57.000  -58.781  -0.752 0.0000000000
38612  -58.214  -57.717  -0.824 0.0000000000
38675  -52.574  -62.720  6.057 0.0000000000
38677  -52.304  -60.030  8.198 0.0000000000
38678  -53.463  -61.159  8.281 0.0000000000
38679  -53.992  -59.163  6.474 0.0000000000
38680  -54.344  -60.835  7.515 0.0000000000
38681  -54.303  -62.097  7.887 0.0000000000
38682  -54.651  -62.774  7.089 0.0000000000
38683  -54.245  -62.757  6.124 0.0000000000
38684  -53.391  -62.128  5.246 0.0000000000
38685  -54.535  -61.602  4.531 0.0000000000
38686  -55.792  -61.037  3.879 0.0000000000
38687  -57.005  -60.094  2.997 0.0000000000
38688  -58.633  -59.094  4.440 0.0000000000
38689  -58.467  -59.274  3.289 0.0000000000
38690  -57.893  -59.253  2.125 0.0000000000
38691  -58.656  -58.446  1.179 0.0000000000
38692  -59.244  -57.596  0.122 0.0000000000
38693  -59.496  -56.383  -0.720 0.0000000000
38694  -60.298  -55.055  -0.486 0.0000000000
38695  -61.147  -53.650  -0.328 0.0000000000
38696  -61.687  -52.165  -0.231 0.0000000000
38697  -61.470  -53.086  1.545 0.0000000000
38698  -61.799  -51.949  0.612 0.0000000000
38699  -62.073  -50.746  -0.373 0.0000000000
38700  -62.321  -49.473  -0.589 0.0000000000
38701  -62.186  -48.159  -0.878 0.0000000000
38702  -61.711  -47.033  -1.269 0.0000000000
38703  -57.155  -51.624  2.280 0.0000000000
38704  -57.972  -50.940  1.649 0.0000000000
38705  -58.931  -49.958  1.081 0.0000000000
38707  -58.292  -48.848  0.446 0.0000000000
38708  -59.667  -48.872  0.495 0.0000000000
38709  -60.216  -47.914  -0.292 0.0000000000
38710  -60.668  -46.995  -1.097 0.0000000000
38711  -60.900  -45.999  -1.868 0.0000000000
38712  -59.782  -45.117  -2.559 0.0000000000
38713  -58.712  -44.371  -3.196 0.0000000000
38715  -56.037  -44.199  -2.993 0.0000000000
38716  -56.265  -43.437  -3.591 0.0000000000
40315  -57.201  -54.625  -2.562 0.0000000000
40316  -55.965  -54.385  -3.351 0.0000000000
40317  -54.779  -54.272  -3.996 0.0000000000
40318  -55.341  -51.520  -4.730 0.0000000000
40319  -54.416  -52.953  -4.686 0.0000000000
40320  -53.837  -54.449  -4.752 0.0000000000
40321  -53.256  -54.840  -5.641 0.0000000000
40322  -53.196  -55.620  -6.667 0.0000000000
40323  -53.572  -56.486  -7.636 0.0000000000
40324  -56.192  -48.449  -9.117 0.0000000000
40325  -55.131  -49.418  -8.894 0.0000000000
40326  -54.440  -50.813  -8.973 0.0000000000
40327  -55.466  -51.338  -10.761 0.0000000000
40328  -54.802  -51.868  -9.789 0.0000000000
40329  -54.095  -52.341  -8.897 0.0000000000
40330  -54.036  -54.057  -8.632 0.0000000000
40331  -54.061  -55.764  -8.474 0.0000000000
40332  -54.093  -57.293  -8.564 0.0000000000
40333  -54.084  -58.183  -9.124 0.0000000000
41138  -57.888  -56.924  -1.543 0.0000000000
41139  -57.279  -56.738  -1.778 0.0000000000
41140  -57.811  -56.190  -1.752 0.0000000000
42296  -53.342  -58.409  -7.126 0.0000000000
42297  -53.260  -58.998  -7.066 0.0000000000
42298  -53.435  -58.694  -7.550 0.0000000000
42299  -53.452  -59.143  -7.849 0.0000000000
42300  -53.602  -58.425  -7.998 0.0000000000
42743  -62.212  -46.466  -1.889 0.0000000000
42744  -62.468  -46.331  -2.208 0.0000000000
42745  -62.252  -45.819  -2.335 0.0000000000
42746  -62.021  -38.722  -9.204 0.0000000000
42747  -62.214  -39.219  -9.123 0.0000000000
42748  -62.344  -38.698  -9.508 0.0000000000
42749  -62.511  -38.712  -9.881 0.0000000000
42750  -62.460  -38.164  -9.931 0.0000000000
43495  -41.744  -65.327  6.157 0.0000000000
43496  -41.628  -66.041  6.272 0.0000000000
43497  -41.426  -65.430  5.825 0.0000000000
43498  -41.138  -65.568  5.563 0.0000000000
43499  -41.310  -64.868  5.452 0.0000000000
43500  -41.248  -64.335  5.088 0.0000000000
43501  -41.582  -64.200  5.333 0.0000000000
43502  -50.988  -61.618  5.143 0.0000000000
43503  -50.750  -61.193  4.701 0.0000000000
43504  -51.408  -61.299  4.735 0.0000000000
43505  -51.939  -61.106  4.412 0.0000000000
43506  -52.136  -61.531  4.840 0.0000000000
43525  -55.950  -53.982  3.373 0.0000000000
43526  -56.040  -54.666  3.555 0.0000000000
43527  -56.540  -54.211  3.278 0.0000000000
43528  -57.178  -54.356  3.304 0.0000000000
43529  -57.056  -53.694  3.084 0.0000000000
43530  -57.581  -53.349  2.916 0.0000000000
43531  -56.957  -53.165  2.951 0.0000000000
43535  -52.661  -45.093  -1.129 0.0000000000
43981  -58.226  -47.300  -8.138 0.0000000000
43982  -57.618  -47.792  -8.028 0.0000000000
43983  -57.810  -47.579  -8.518 0.0000000000
44696  -54.139  -56.336  -3.715 0.0000000000
44697  -53.930  -57.018  -3.813 0.0000000000
44698  -53.808  -56.421  -4.076 0.0000000000
44699  -53.531  -56.518  -4.498 0.0000000000
44700  -53.710  -55.845  -4.381 0.0000000000
45900  -44.081  -64.011  7.550 0.0000000000
45925  -51.581  -51.820  4.102 0.0000000000
45926  -51.554  -52.399  4.184 0.0000000000
45927  -52.072  -52.145  3.931 0.0000000000
45928  -52.575  -52.503  3.846 0.0000000000
45929  -52.579  -51.822  3.626 0.0000000000
45930  -53.094  -51.528  3.371 0.0000000000
45931  -52.595  -51.257  3.494 0.0000000000
46381  -57.084  -42.942  -10.855 0.0000000000
46382  -56.515  -43.636  -10.905 0.0000000000
46383  -56.446  -43.048  -11.213 0.0000000000
46385  -55.656  -45.275  -14.753 0.0000000000
49508  -61.435  -51.727  -1.263 0.0000000000
49509  -61.156  -51.758  -1.715 0.0000000000
49510  -61.491  -51.020  -1.807 0.0000000000
49511  -61.423  -46.225  -4.795 0.0000000000
49512  -61.003  -46.861  -4.692 0.0000000000
49513  -60.915  -46.272  -5.181 0.0000000000
49514  -60.355  -46.359  -5.550 0.0000000000
49515  -60.833  -45.823  -5.704 0.0000000000
49516  -61.803  -42.340  -5.476 0.0000000000
49517  -62.215  -42.732  -5.218 0.0000000000
49518  -62.189  -42.231  -5.701 0.0000000000
49519  -61.538  -42.587  -9.011 0.0000000000
49520  -61.653  -43.048  -8.542 0.0000000000
49521  -61.198  -43.154  -8.968 0.0000000000
49522  -60.900  -43.753  -8.811 0.0000000000
49523  -60.759  -43.205  -9.291 0.0000000000
49524  -60.311  -43.181  -9.572 0.0000000000
49525  -60.668  -42.721  -9.694 0.0000000000
49526  -61.040  -38.917  -12.105 0.0000000000
49527  -60.499  -39.421  -11.913 0.0000000000
49528  -60.646  -38.855  -12.371 0.0000000000
49529  -60.259  -38.781  -12.611 0.0000000000
49530  -60.777  -38.284  -12.831 0.0000000000
49545  -62.748  -34.079  -12.051 0.0000000000
49546  -63.125  -34.105  -12.328 0.0000000000
49547  -63.197  -34.761  -12.410 0.0000000000
49548  -63.316  -34.162  -12.686 0.0000000000
51768  -43.476  -69.864  6.724 0.0000000000
51770  -43.939  -70.396  6.732 0.0000000000
51772  -43.705  -70.735  6.368 0.0000000000
51773  -43.500  -71.019  6.051 0.0000000000
51774  -42.987  -70.453  5.972 0.0000000000
51775  -39.582  -66.895  3.807 0.0000000000
51776  -39.620  -67.803  3.986 0.0000000000
51777  -39.406  -67.180  3.501 0.0000000000
51778  -39.303  -67.468  3.126 0.0000000000
51779  -39.425  -66.486  2.942 0.0000000000
51780  -39.564  -65.907  2.414 0.0000000000
51781  -39.657  -65.591  2.791 0.0000000000
51782  -43.299  -61.554  2.366 0.0000000000
51783  -43.182  -61.682  1.949 0.0000000000
51784  -43.921  -61.259  1.843 0.0000000000
51785  -44.597  -61.047  1.305 0.0000000000
51786  -44.725  -60.890  1.669 0.0000000000
51787  -45.328  -61.510  4.983 0.0000000000
51788  -45.023  -61.418  4.608 0.0000000000
51789  -45.717  -61.162  4.595 0.0000000000
51790  -49.648  -59.897  2.076 0.0000000000
51791  -48.876  -59.969  2.032 0.0000000000
51792  -49.521  -59.900  1.638 0.0000000000
51793  -49.455  -59.912  1.210 0.0000000000
51794  -50.203  -59.887  1.255 0.0000000000
51795  -50.828  -59.994  0.863 0.0000000000
51796  -50.934  -59.859  1.337 0.0000000000
51797  -55.560  -59.891  1.954 0.0000000000
51799  -56.032  -59.647  1.537 0.0000000000
51800  -56.476  -59.414  1.073 0.0000000000
51801  -56.730  -59.479  1.571 0.0000000000
51855  -52.094  -56.907  5.836 0.0000000000
51856  -52.272  -57.607  6.210 0.0000000000
51857  -52.661  -57.350  5.893 0.0000000000
51858  -56.666  -59.587  5.878 0.0000000000
51859  -56.183  -60.084  6.198 0.0000000000
51860  -56.618  -60.408  6.054 0.0000000000
51861  -56.399  -61.102  6.088 0.0000000000
51862  -56.959  -60.661  5.801 0.0000000000
51863  -57.093  -60.808  5.435 0.0000000000
51864  -57.467  -60.137  5.545 0.0000000000
51865  -60.283  -55.883  2.906 0.0000000000
51866  -60.089  -56.679  2.991 0.0000000000
51867  -60.377  -56.150  2.480 0.0000000000
51868  -60.431  -56.422  1.926 0.0000000000
51869  -60.649  -55.631  1.989 0.0000000000
51870  -60.919  -55.170  1.424 0.0000000000
51871  -60.857  -54.929  1.963 0.0000000000
51872  -60.459  -50.782  1.438 0.0000000000
51873  -61.054  -50.906  1.351 0.0000000000
51874  -60.900  -50.200  1.085 0.0000000000
51875  -61.255  -49.707  0.694 0.0000000000
51876  -60.671  -49.528  0.805 0.0000000000
51880  -56.789  -46.454  -1.161 0.0000000000
51882  -57.407  -46.454  -1.304 0.0000000000
51883  -58.059  -46.461  -1.403 0.0000000000
51884  -57.582  -46.054  -1.770 0.0000000000
51885  -57.729  -45.647  -2.191 0.0000000000
51886  -57.092  -45.669  -2.081 0.0000000000
53221  -58.024  -51.065  -3.740 0.0000000000
53222  -57.473  -51.759  -3.651 0.0000000000
53223  -57.235  -50.986  -3.981 0.0000000000
53224  -53.959  -51.031  -7.276 0.0000000000
53225  -53.810  -51.436  -6.680 0.0000000000
53226  -53.624  -51.780  -7.274 0.0000000000
53227  -53.405  -52.567  -7.312 0.0000000000
53228  -53.557  -52.175  -7.894 0.0000000000
53229  -55.098  -48.708  -11.383 0.0000000000
53230  -55.330  -49.097  -10.926 0.0000000000
53231  -55.326  -49.539  -11.412 0.0000000000
53232  -55.809  -54.414  -10.977 0.0000000000
53233  -55.609  -53.976  -10.631 0.0000000000
53234  -55.613  -54.744  -10.496 0.0000000000
53235  -55.402  -55.103  -10.138 0.0000000000
53236  -55.583  -55.551  -10.499 0.0000000000
53237  -55.324  -56.402  -10.479 0.0000000000
53238  -55.604  -56.053  -10.822 0.0000000000
54293  -55.830  -58.973  -1.642 0.0000000000
54295  -55.758  -58.379  -2.018 0.0000000000
54296  -56.103  -56.495  -2.442 0.0000000000
54297  -55.661  -57.017  -2.525 0.0000000000
54298  -55.570  -56.348  -2.792 0.0000000000
54299  -55.073  -56.313  -3.112 0.0000000000
54300  -55.465  -55.755  -3.072 0.0000000000
55528  -50.466  -51.094  4.394 0.0000000000
55981  -57.290  -40.845  -12.434 0.0000000000
55982  -56.638  -41.472  -12.405 0.0000000000
55983  -56.807  -41.041  -12.838 0.0000000000
57766  -53.056  -60.102  -5.410 0.0000000000
57768  -52.947  -60.226  -5.738 0.0000000000
57769  -52.864  -60.327  -6.798 0.0000000000
57770  -52.634  -60.657  -6.354 0.0000000000
57776  -53.147  -59.981  -8.336 0.0000000000
59108  -62.466  -48.938  -1.546 0.0000000000
59109  -62.296  -48.950  -2.023 0.0000000000
59110  -62.444  -48.281  -2.061 0.0000000000
59111  -62.615  -46.217  -3.096 0.0000000000
59112  -62.452  -46.883  -3.110 0.0000000000
59113  -62.493  -46.205  -3.543 0.0000000000
59114  -62.249  -46.209  -3.962 0.0000000000
59115  -62.513  -45.599  -3.914 0.0000000000
59116  -61.598  -40.525  -7.436 0.0000000000
59117  -61.974  -40.918  -7.262 0.0000000000
59118  -61.991  -40.532  -7.738 0.0000000000
59119  -62.394  -40.223  -9.122 0.0000000000
59120  -62.373  -40.676  -8.636 0.0000000000
59121  -62.277  -40.809  -9.105 0.0000000000
59122  -62.116  -41.424  -9.019 0.0000000000
59123  -62.044  -40.942  -9.517 0.0000000000
59124  -61.720  -41.031  -9.890 0.0000000000
59125  -62.035  -40.473  -9.907 0.0000000000
59126  -62.364  -38.803  -10.775 0.0000000000
59127  -62.058  -39.390  -10.765 0.0000000000
59128  -62.093  -38.870  -11.172 0.0000000000
59129  -61.788  -38.933  -11.517 0.0000000000
59130  -62.129  -38.364  -11.610 0.0000000000
61368  -41.920  -67.498  6.392 0.0000000000
61369  -42.475  -67.828  6.757 0.0000000000
61370  -42.204  -68.135  6.459 0.0000000000
61371  -42.554  -68.739  6.543 0.0000000000
61372  -41.961  -68.341  6.190 0.0000000000
61373  -41.740  -68.550  5.913 0.0000000000
61374  -41.450  -67.842  5.822 0.0000000000
61375  -40.475  -65.849  4.986 0.0000000000
61376  -40.509  -66.662  5.093 0.0000000000
61377  -40.209  -66.081  4.720 0.0000000000
61378  -39.944  -66.357  4.432 0.0000000000
61379  -40.056  -65.494  4.323 0.0000000000
61380  -40.057  -64.948  3.891 0.0000000000
61381  -40.336  -64.717  4.235 0.0000000000
61382  -41.588  -63.247  4.319 0.0000000000
61383  -41.321  -63.348  4.008 0.0000000000
61384  -41.931  -62.770  3.872 0.0000000000
61385  -42.324  -62.357  3.413 0.0000000000
61386  -42.566  -62.299  3.725 0.0000000000
61387  -48.187  -61.182  5.060 0.0000000000
61388  -47.909  -60.849  4.561 0.0000000000
61389  -48.644  -60.852  4.551 0.0000000000
61390  -50.264  -60.411  3.761 0.0000000000
61391  -49.601  -60.317  3.664 0.0000000000
61392  -50.107  -60.222  3.321 0.0000000000
61393  -49.940  -60.082  2.900 0.0000000000
61394  -50.686  -60.077  2.979 0.0000000000
61395  -51.310  -59.942  2.627 0.0000000000
61396  -51.421  -60.134  3.087 0.0000000000
61397  -53.126  -60.655  3.612 0.0000000000
61398  -52.955  -60.335  3.164 0.0000000000
61399  -53.732  -60.476  3.220 0.0000000000
61400  -54.371  -60.309  2.835 0.0000000000
61401  -54.515  -60.583  3.299 0.0000000000
61455  -53.920  -55.672  4.587 0.0000000000
61456  -53.956  -56.424  4.936 0.0000000000
61457  -54.454  -56.030  4.579 0.0000000000
61458  -56.185  -56.233  4.260 0.0000000000
61459  -55.652  -56.752  4.662 0.0000000000
61460  -56.269  -57.059  4.757 0.0000000000
61461  -56.444  -57.908  5.130 0.0000000000
61462  -56.907  -57.355  4.782 0.0000000000
61463  -57.503  -57.688  4.794 0.0000000000
61464  -57.452  -56.764  4.393 0.0000000000
61465  -58.414  -54.921  3.329 0.0000000000
61466  -58.524  -55.692  3.646 0.0000000000
61467  -59.013  -55.147  3.348 0.0000000000
61468  -59.557  -55.393  3.313 0.0000000000
61469  -59.546  -54.671  3.131 0.0000000000
61470  -60.007  -54.279  2.919 0.0000000000
61471  -59.474  -54.028  2.949 0.0000000000
61472  -58.550  -52.620  2.553 0.0000000000
61473  -59.216  -52.799  2.543 0.0000000000
61474  -58.997  -52.259  2.309 0.0000000000
61475  -59.483  -51.816  2.012 0.0000000000
61476  -58.813  -51.664  1.985 0.0000000000
61483  -55.538  -46.358  -0.915 0.0000000000
61484  -55.026  -45.945  -1.249 0.0000000000
61485  -55.156  -45.568  -1.709 0.0000000000
61486  -54.501  -45.492  -1.534 0.0000000000
61487  -52.794  -44.362  -1.836 0.0000000000
61488  -53.415  -44.439  -2.018 0.0000000000
61489  -52.826  -43.976  -2.151 0.0000000000
61490  -52.837  -43.574  -2.424 0.0000000000
62821  -57.282  -48.509  -5.756 0.0000000000
62822  -56.675  -49.050  -5.543 0.0000000000
62823  -56.735  -48.606  -6.187 0.0000000000
62824  -56.136  -48.680  -7.579 0.0000000000
62825  -55.794  -48.956  -6.971 0.0000000000
62826  -55.385  -49.168  -7.406 0.0000000000
62827  -54.802  -49.706  -7.323 0.0000000000
62828  -54.986  -49.394  -7.862 0.0000000000
62829  -55.266  -50.193  -13.224 0.0000000000
62830  -55.590  -50.633  -12.720 0.0000000000
62831  -55.460  -50.990  -13.099 0.0000000000
62833  -55.714  -52.587  -12.843 0.0000000000
62834  -55.786  -53.414  -12.566 0.0000000000
62835  -55.936  -53.777  -12.033 0.0000000000
64969  -53.566  -58.351  -4.172 0.0000000000
64975  -53.220  -58.844  -4.916 0.0000000000
64976  -53.154  -57.025  -5.491 0.0000000000
64977  -53.113  -57.806  -5.599 0.0000000000
64978  -53.126  -57.360  -5.925 0.0000000000
64979  -53.132  -57.703  -6.344 0.0000000000
64980  -53.095  -56.988  -6.314 0.0000000000
66308  -60.522  -44.549  -2.890 0.0000000000
66309  -60.992  -44.351  -2.981 0.0000000000
66310  -60.596  -43.962  -3.316 0.0000000000
68575  -43.024  -64.890  7.412 0.0000000000
68577  -42.645  -64.960  7.081 0.0000000000
68578  -42.320  -65.086  6.781 0.0000000000
68579  -42.498  -64.449  6.644 0.0000000000
68580  -42.550  -63.941  6.186 0.0000000000
68581  -42.855  -63.920  6.539 0.0000000000
68582  -44.223  -63.122  6.717 0.0000000000
68583  -43.826  -63.029  6.355 0.0000000000
68584  -44.394  -62.718  6.303 0.0000000000
68585  -44.669  -62.301  5.850 0.0000000000
68586  -45.036  -62.494  6.282 0.0000000000
68590  -47.011  -63.058  7.129 0.0000000000
68591  -46.352  -63.033  7.094 0.0000000000
68592  -46.631  -62.709  6.708 0.0000000000
68593  -46.308  -62.318  6.244 0.0000000000
68594  -46.978  -62.287  6.267 0.0000000000
68595  -47.357  -61.899  5.878 0.0000000000
68596  -47.685  -62.275  6.301 0.0000000000
68597  -49.442  -62.983  6.782 0.0000000000
68598  -49.104  -62.467  6.347 0.0000000000
68599  -49.807  -62.631  6.397 0.0000000000
68600  -50.232  -62.319  6.017 0.0000000000
68601  -50.511  -62.816  6.445 0.0000000000
68650  -50.079  -55.138  5.856 0.0000000000
68651  -50.215  -55.751  6.170 0.0000000000
68652  -50.587  -55.530  5.881 0.0000000000
68653  -51.108  -55.963  5.909 0.0000000000
68654  -50.975  -55.299  5.608 0.0000000000
68655  -49.597  -52.738  5.231 0.0000000000
68656  -49.679  -53.313  5.312 0.0000000000
68657  -50.104  -53.142  5.011 0.0000000000
68658  -51.629  -53.661  4.465 0.0000000000
68659  -51.171  -53.954  4.749 0.0000000000
68660  -51.749  -54.249  4.697 0.0000000000
68661  -51.832  -54.828  4.993 0.0000000000
68662  -52.289  -54.558  4.644 0.0000000000
68663  -52.815  -54.927  4.625 0.0000000000
68664  -52.737  -54.305  4.311 0.0000000000
68665  -53.671  -53.061  3.577 0.0000000000
68666  -53.726  -53.685  3.726 0.0000000000
68667  -54.244  -53.316  3.495 0.0000000000
68668  -54.790  -53.590  3.494 0.0000000000
68669  -54.714  -52.892  3.351 0.0000000000
68670  -55.211  -52.532  3.153 0.0000000000
68671  -54.616  -52.309  3.231 0.0000000000
68672  -53.957  -50.826  2.735 0.0000000000
68673  -54.456  -51.067  2.685 0.0000000000
70021  -57.608  -45.403  -9.616 0.0000000000
70022  -57.213  -46.124  -9.555 0.0000000000
70023  -56.905  -45.495  -9.913 0.0000000000
70024  -55.443  -45.188  -11.061 0.0000000000
70025  -55.557  -45.739  -10.644 0.0000000000
70026  -55.072  -46.031  -11.082 0.0000000000
70027  -54.841  -46.846  -11.159 0.0000000000
70028  -54.701  -46.356  -11.595 0.0000000000
70029  -55.526  -42.985  -12.676 0.0000000000
70030  -55.423  -43.505  -12.296 0.0000000000
70031  -55.147  -43.886  -12.932 0.0000000000
70032  -54.962  -46.150  -13.900 0.0000000000
70033  -54.779  -45.773  -13.281 0.0000000000
70034  -54.676  -46.669  -13.401 0.0000000000
70035  -54.549  -47.148  -12.860 0.0000000000
70036  -54.672  -47.582  -13.430 0.0000000000
70037  -54.811  -48.501  -13.427 0.0000000000
70038  -54.891  -48.019  -14.010 0.0000000000
70039  -55.937  -48.122  -15.704 0.0000000000
70040  -55.539  -48.688  -15.102 0.0000000000
70041  -55.811  -49.078  -15.617 0.0000000000
70042  -55.630  -50.045  -15.508 0.0000000000
79403  -59.893  -54.519  -1.274 0.0000000000
79404  -59.476  -54.405  -1.610 0.0000000000
79405  -59.962  -53.803  -1.686 0.0000000000
79406  -60.461  -51.686  -2.647 0.0000000000
79407  -60.047  -52.318  -2.546 0.0000000000
79408  -59.934  -51.615  -2.935 0.0000000000
79409  -59.332  -51.439  -3.234 0.0000000000
79410  -59.757  -50.962  -3.372 0.0000000000
79411  -61.801  -48.932  -2.926 0.0000000000
79412  -61.520  -49.704  -2.988 0.0000000000
79413  -61.393  -49.002  -3.369 0.0000000000
79414  -60.127  -48.168  -4.480 0.0000000000
79415  -60.321  -48.937  -4.130 0.0000000000
79416  -59.693  -48.835  -4.378 0.0000000000
79417  -59.293  -49.458  -4.178 0.0000000000
79418  -59.041  -48.684  -4.655 0.0000000000
79419  -58.378  -48.535  -4.980 0.0000000000
79420  -58.849  -47.986  -5.122 0.0000000000
79421  -59.379  -46.598  -6.463 0.0000000000
79422  -58.866  -47.048  -6.273 0.0000000000
79423  -59.084  -46.789  -6.878 0.0000000000
79424  -58.843  -46.956  -7.346 0.0000000000
79425  -59.456  -46.565  -7.416 0.0000000000
79426  -61.991  -44.004  -3.342 0.0000000000
79427  -62.291  -44.505  -3.240 0.0000000000
79428  -62.389  -43.905  -3.608 0.0000000000
79429  -62.700  -43.562  -4.919 0.0000000000
79430  -62.815  -43.895  -4.378 0.0000000000
79431  -62.681  -44.009  -4.910 0.0000000000
79432  -62.511  -44.532  -4.921 0.0000000000
79433  -62.378  -44.155  -5.429 0.0000000000
79434  -62.551  -41.800  -7.062 0.0000000000
79435  -62.620  -42.280  -6.522 0.0000000000
79436  -62.568  -42.397  -7.077 0.0000000000
79437  -61.747  -43.877  -7.533 0.0000000000
79438  -62.116  -43.638  -7.031 0.0000000000
79439  -61.735  -44.207  -7.047 0.0000000000
79440  -61.655  -44.523  -6.505 0.0000000000
79441  -61.352  -44.712  -6.999 0.0000000000
79442  -60.941  -45.190  -6.881 0.0000000000
79443  -61.031  -44.870  -7.441 0.0000000000
79444  -60.230  -44.801  -8.548 0.0000000000
79445  -60.311  -45.228  -8.143 0.0000000000
79446  -59.956  -45.347  -8.479 0.0000000000
79447  -59.701  -45.933  -8.363 0.0000000000
79448  -59.465  -45.393  -8.757 0.0000000000
79449  -58.903  -45.416  -9.023 0.0000000000
79450  -59.231  -44.773  -9.132 0.0000000000
79451  -59.297  -43.013  -10.016 0.0000000000
79452  -58.860  -43.513  -9.865 0.0000000000
79453  -58.759  -42.968  -10.199 0.0000000000
79454  -58.188  -42.982  -10.365 0.0000000000
79455  -58.693  -42.468  -10.496 0.0000000000
79456  -60.975  -41.207  -10.437 0.0000000000
79457  -60.532  -41.676  -10.314 0.0000000000
79458  -60.518  -41.209  -10.630 0.0000000000
79459  -59.523  -40.494  -11.435 0.0000000000
79460  -59.488  -41.041  -11.080 0.0000000000
79461  -59.023  -40.927  -11.305 0.0000000000
79462  -58.534  -41.330  -11.151 0.0000000000
79463  -58.546  -40.827  -11.545 0.0000000000
79464  -58.087  -40.779  -11.811 0.0000000000
79465  -58.615  -40.342  -11.946 0.0000000000
79466  -59.378  -38.796  -13.087 0.0000000000
79467  -58.790  -39.346  -12.896 0.0000000000
79468  -59.004  -38.827  -13.352 0.0000000000
79469  -58.617  -38.896  -13.640 0.0000000000
79470  -59.188  -38.341  -13.808 0.0000000000
79512  -62.517  -35.312  -11.339 0.0000000000
79513  -62.039  -35.388  -11.101 0.0000000000
79514  -62.393  -35.904  -10.968 0.0000000000
79515  -62.194  -36.526  -10.596 0.0000000000
79516  -62.604  -36.473  -10.904 0.0000000000
79517  -62.763  -37.097  -10.845 0.0000000000
79518  -62.887  -36.467  -11.255 0.0000000000
79519  -63.032  -36.033  -12.515 0.0000000000
79520  -62.911  -36.631  -12.093 0.0000000000
79521  -62.742  -36.688  -12.519 0.0000000000
79522  -62.401  -37.288  -12.455 0.0000000000
79523  -62.460  -36.723  -12.954 0.0000000000
79524  -63.397  -33.620  -13.977 0.0000000000
79525  -63.292  -34.240  -13.595 0.0000000000
79526  -63.113  -34.209  -14.056 0.0000000000
79527  -62.029  -35.451  -14.561 0.0000000000
79528  -62.351  -35.365  -14.150 0.0000000000
79529  -61.950  -35.941  -14.060 0.0000000000
79530  -61.854  -36.558  -13.604 0.0000000000
79531  -61.512  -36.547  -13.893 0.0000000000
79532  -61.028  -37.122  -13.696 0.0000000000
79533  -61.119  -36.556  -14.203 0.0000000000
86199  -45.160  -72.608  6.420 0.0000000000
86200  -43.153  -71.694  5.728 0.0000000000
86201  -43.653  -72.274  5.846 0.0000000000
86202  -42.797  -72.150  5.608 0.0000000000
86203  -42.443  -72.591  5.487 0.0000000000
86204  -41.979  -71.978  5.350 0.0000000000
86205  -41.266  -69.041  5.369 0.0000000000
86206  -41.714  -69.775  5.415 0.0000000000
86207  -41.063  -69.367  5.147 0.0000000000
86208  -39.879  -69.598  4.353 0.0000000000
86209  -40.465  -70.100  4.722 0.0000000000
86210  -40.190  -70.517  4.544 0.0000000000
86211  -40.513  -71.327  4.683 0.0000000000
86212  -39.941  -70.857  4.238 0.0000000000
86222  -40.308  -64.690  1.264 0.0000000000
86223  -40.389  -64.940  0.837 0.0000000000
86224  -40.906  -64.267  0.734 0.0000000000
86225  -41.555  -63.914  0.257 0.0000000000
86226  -41.473  -63.673  0.675 0.0000000000
86227  -40.625  -63.802  2.964 0.0000000000
86228  -40.477  -64.001  2.554 0.0000000000
86229  -41.073  -63.308  2.461 0.0000000000
86230  -42.908  -62.149  1.219 0.0000000000
86231  -42.189  -62.624  1.376 0.0000000000
86232  -42.852  -62.408  0.847 0.0000000000
86233  -42.898  -62.650  0.470 0.0000000000
86234  -43.652  -62.250  0.300 0.0000000000
86235  -44.393  -62.183  -0.188 0.0000000000
86236  -44.388  -61.882  0.182 0.0000000000
86237  -46.085  -60.885  0.306 0.0000000000
86238  -46.032  -61.219  -0.057 0.0000000000
86239  -46.824  -60.952  -0.147 0.0000000000
86240  -47.560  -61.071  -0.583 0.0000000000
86241  -47.625  -60.747  -0.258 0.0000000000
86242  -42.791  -62.961  5.307 0.0000000000
86243  -42.477  -62.982  5.048 0.0000000000
86244  -43.019  -62.558  4.898 0.0000000000
86245  -44.459  -61.376  3.995 0.0000000000
86246  -43.748  -61.772  4.134 0.0000000000
86247  -44.136  -61.385  3.714 0.0000000000
86248  -43.915  -61.392  3.407 0.0000000000
86249  -44.666  -61.046  3.251 0.0000000000
86250  -47.380  -60.392  3.637 0.0000000000
86251  -46.631  -60.502  3.701 0.0000000000
86252  -47.158  -60.291  3.231 0.0000000000
86253  -47.376  -60.189  2.020 0.0000000000
86254  -46.717  -60.345  2.493 0.0000000000
86255  -46.553  -60.368  2.129 0.0000000000
86256  -45.808  -60.520  2.188 0.0000000000
86257  -46.422  -60.356  1.731 0.0000000000
86258  -46.310  -60.374  1.349 0.0000000000
86259  -47.128  -60.233  1.254 0.0000000000
86260  -49.271  -60.095  0.399 0.0000000000
86261  -48.451  -60.191  0.416 0.0000000000
86262  -49.172  -60.277  -0.003 0.0000000000
86263  -49.136  -60.482  -0.384 0.0000000000
86272  -52.515  -59.834  1.860 0.0000000000
86273  -52.373  -59.829  1.405 0.0000000000
86282  -57.165  -58.982  0.122 0.0000000000
86283  -56.805  -59.071  -0.369 0.0000000000
86284  -57.405  -58.700  -0.327 0.0000000000
86285  -57.620  -58.245  -0.775 0.0000000000
86286  -58.025  -58.248  -0.313 0.0000000000
86443  -52.166  -63.073  6.540 0.0000000000
86447  -51.106  -58.268  7.437 0.0000000000
86448  -52.573  -59.129  7.191 0.0000000000
86449  -52.167  -59.334  7.639 0.0000000000
86450  -52.722  -59.871  7.771 0.0000000000
86451  -52.889  -60.579  8.275 0.0000000000
86452  -53.331  -60.470  7.914 0.0000000000
86453  -54.216  -57.956  5.602 0.0000000000
86454  -53.808  -58.379  5.994 0.0000000000
86455  -54.401  -58.754  6.017 0.0000000000
86456  -55.251  -60.885  6.987 0.0000000000
86457  -54.734  -60.452  7.036 0.0000000000
86458  -54.809  -61.248  7.363 0.0000000000
86459  -54.392  -61.493  7.823 0.0000000000
86460  -54.727  -61.931  7.510 0.0000000000
86461  -54.536  -62.503  7.540 0.0000000000
86462  -54.951  -62.228  7.160 0.0000000000
86463  -55.414  -62.163  5.863 0.0000000000
86464  -55.003  -62.536  6.223 0.0000000000
86465  -54.714  -62.433  5.733 0.0000000000
86466  -53.845  -62.503  5.668 0.0000000000
86467  -54.335  -62.211  5.292 0.0000000000
86468  -53.942  -61.876  4.891 0.0000000000
86469  -54.893  -61.910  4.943 0.0000000000
86470  -56.968  -60.839  4.515 0.0000000000
86471  -56.117  -61.155  4.344 0.0000000000
86472  -56.771  -60.774  3.977 0.0000000000
86473  -56.439  -60.540  3.439 0.0000000000
86474  -57.313  -60.237  3.552 0.0000000000
86475  -58.518  -58.147  4.751 0.0000000000
86476  -58.483  -58.917  4.858 0.0000000000
86477  -58.859  -58.343  4.472 0.0000000000
86478  -59.288  -58.098  2.861 0.0000000000
86479  -58.911  -58.665  3.447 0.0000000000
86480  -58.769  -58.740  2.785 0.0000000000
86481  -58.178  -59.260  2.685 0.0000000000
86482  -58.567  -58.754  2.209 0.0000000000
86483  -58.279  -58.812  1.658 0.0000000000
86484  -58.944  -58.309  1.711 0.0000000000
86485  -60.142  -56.748  0.751 0.0000000000
86486  -59.631  -57.431  0.664 0.0000000000
86487  -59.793  -56.909  0.172 0.0000000000
86488  -59.384  -57.107  -0.336 0.0000000000
86489  -59.888  -56.286  -0.245 0.0000000000
86490  -59.895  -55.742  -0.621 0.0000000000
86491  -60.291  -55.595  -0.108 0.0000000000
86492  -61.202  -54.052  0.602 0.0000000000
86493  -61.037  -54.225  0.100 0.0000000000
86494  -61.361  -53.547  0.155 0.0000000000
86495  -61.431  -52.920  -0.279 0.0000000000
86496  -61.625  -52.808  0.197 0.0000000000
86497  -60.872  -53.378  2.277 0.0000000000
86498  -61.150  -53.586  1.927 0.0000000000
86499  -61.227  -52.915  1.854 0.0000000000
86500  -61.756  -51.194  0.882 0.0000000000
86501  -61.709  -51.865  0.994 0.0000000000
86502  -61.880  -51.284  0.536 0.0000000000
86503  -61.960  -51.303  0.096 0.0000000000
86504  -62.075  -50.654  0.027 0.0000000000
86505  -62.238  -50.102  -0.465 0.0000000000
86506  -62.151  -50.030  -0.065 0.0000000000
86507  -61.716  -48.706  -0.165 0.0000000000
86508  -62.062  -48.736  -0.423 0.0000000000
86509  -61.859  -48.086  -0.607 0.0000000000
86510  -61.981  -47.562  -1.051 0.0000000000
86511  -61.589  -47.541  -0.829 0.0000000000
86512  -56.141  -51.806  2.609 0.0000000000
86513  -56.724  -52.010  2.599 0.0000000000
86514  -56.563  -51.394  2.279 0.0000000000
86515  -57.112  -50.112  1.318 0.0000000000
86516  -57.325  -50.698  1.611 0.0000000000
86517  -57.770  -50.326  1.326 0.0000000000
86518  -58.446  -50.502  1.366 0.0000000000
86519  -58.208  -49.890  1.062 0.0000000000
86523  -58.177  -47.782  -0.221 0.0000000000
86525  -58.589  -48.347  0.122 0.0000000000
86526  -59.005  -48.866  0.473 0.0000000000
86527  -59.281  -48.346  0.129 0.0000000000
86528  -59.951  -48.355  0.134 0.0000000000
86529  -59.543  -47.926  -0.266 0.0000000000
86530  -59.433  -46.488  -1.447 0.0000000000
86531  -59.965  -46.953  -1.048 0.0000000000
86532  -60.118  -46.507  -1.466 0.0000000000
86533  -60.783  -46.517  -1.484 0.0000000000
86534  -60.228  -46.015  -1.862 0.0000000000
86535  -60.313  -45.512  -2.220 0.0000000000
86536  -59.626  -45.543  -2.258 0.0000000000
86537  -57.929  -44.730  -2.907 0.0000000000
86538  -58.570  -44.734  -2.939 0.0000000000
86539  -58.022  -44.298  -3.178 0.0000000000
86541  -57.481  -43.862  -3.401 0.0000000000
86542  -55.303  -44.675  -2.522 0.0000000000
86543  -55.964  -44.702  -2.649 0.0000000000
86544  -55.365  -44.193  -2.868 0.0000000000
86546  -55.582  -43.387  -3.456 0.0000000000
90541  -58.485  -54.073  -2.196 0.0000000000
90542  -57.796  -54.691  -2.215 0.0000000000
90543  -57.842  -54.019  -2.496 0.0000000000
90544  -56.402  -53.089  -3.612 0.0000000000
90545  -56.558  -53.868  -3.276 0.0000000000
90546  -55.902  -53.686  -3.641 0.0000000000
90547  -55.377  -54.276  -3.640 0.0000000000
90548  -55.245  -53.632  -3.988 0.0000000000
90549  -55.624  -50.207  -5.232 0.0000000000
90550  -55.790  -50.803  -4.717 0.0000000000
90551  -55.166  -50.864  -5.155 0.0000000000
90552  -53.808  -52.476  -5.605 0.0000000000
90553  -54.264  -52.313  -5.124 0.0000000000
90554  -53.922  -53.071  -5.138 0.0000000000
90555  -54.090  -53.696  -4.729 0.0000000000
90556  -53.676  -53.825  -5.178 0.0000000000
90557  -53.478  -54.602  -5.197 0.0000000000
90558  -53.349  -54.017  -5.651 0.0000000000
90559  -53.329  -54.298  -7.140 0.0000000000
90560  -53.191  -54.736  -6.625 0.0000000000
90561  -53.302  -55.217  -7.124 0.0000000000
90562  -53.344  -56.056  -7.190 0.0000000000
90563  -53.495  -55.635  -7.608 0.0000000000
90564  -56.497  -47.426  -9.586 0.0000000000
90565  -56.708  -47.910  -9.252 0.0000000000
90566  -56.165  -48.061  -9.568 0.0000000000
90567  -55.305  -49.703  -9.911 0.0000000000
90568  -55.403  -49.247  -9.397 0.0000000000
90569  -55.040  -49.858  -9.448 0.0000000000
90570  -54.718  -50.040  -8.974 0.0000000000
90571  -54.783  -50.563  -9.483 0.0000000000
90572  -55.798  -51.470  -11.698 0.0000000000
90573  -55.692  -51.077  -11.266 0.0000000000
90574  -55.684  -51.733  -11.133 0.0000000000
90575  -55.035  -53.019  -10.010 0.0000000000
90576  -55.087  -52.284  -10.114 0.0000000000
90577  -54.737  -52.570  -9.672 0.0000000000
90578  -54.471  -52.105  -9.381 0.0000000000
90579  -54.332  -52.804  -9.223 0.0000000000
90580  -54.009  -53.148  -8.766 0.0000000000
90581  -54.308  -53.694  -9.112 0.0000000000
90582  -54.715  -55.848  -9.320 0.0000000000
90583  -54.344  -55.440  -8.937 0.0000000000
90584  -54.395  -56.179  -8.953 0.0000000000
90585  -54.138  -56.544  -8.512 0.0000000000
90586  -54.389  -56.953  -8.981 0.0000000000
90587  -54.171  -57.698  -8.914 0.0000000000
90588  -54.468  -57.381  -9.457 0.0000000000
92480  -56.799  -58.005  -1.566 0.0000000000
92481  -56.271  -57.868  -1.921 0.0000000000
92482  -56.771  -57.316  -1.833 0.0000000000
92483  -56.670  -56.641  -2.092 0.0000000000
92484  -56.581  -55.985  -2.362 0.0000000000
93493  -57.503  -39.970  -13.352 0.0000000000
93494  -56.919  -40.622  -13.317 0.0000000000
94564  -53.108  -59.160  -6.205 0.0000000000
94565  -53.016  -59.782  -6.147 0.0000000000
94566  -53.116  -59.393  -6.572 0.0000000000
94567  -53.092  -59.754  -6.939 0.0000000000
94568  -53.013  -60.112  -7.219 0.0000000000
94569  -52.824  -60.449  -7.461 0.0000000000
94570  -53.201  -59.862  -7.659 0.0000000000
94571  -53.371  -59.578  -8.085 0.0000000000
94572  -53.541  -59.314  -8.482 0.0000000000
95369  -62.497  -47.657  -1.674 0.0000000000
95370  -62.530  -47.617  -2.111 0.0000000000
95371  -62.557  -46.953  -2.167 0.0000000000
95372  -62.611  -46.246  -2.623 0.0000000000
95373  -62.657  -45.622  -3.076 0.0000000000
95374  -61.813  -39.632  -8.371 0.0000000000
95375  -62.090  -40.135  -8.199 0.0000000000
95376  -62.142  -39.671  -8.698 0.0000000000
95377  -62.363  -39.704  -9.103 0.0000000000
95378  -62.401  -39.758  -9.566 0.0000000000
95379  -62.275  -39.856  -9.960 0.0000000000
95380  -62.453  -39.222  -9.954 0.0000000000
95381  -62.529  -38.744  -10.319 0.0000000000
95382  -62.595  -38.259  -10.760 0.0000000000
96723  -42.348  -66.405  7.004 0.0000000000
96724  -42.528  -67.028  7.063 0.0000000000
96725  -42.051  -66.581  6.675 0.0000000000
96726  -41.746  -66.802  6.346 0.0000000000
96727  -41.505  -66.973  6.036 0.0000000000
96728  -41.237  -67.113  5.734 0.0000000000
96729  -41.102  -66.345  5.665 0.0000000000
96730  -40.834  -65.702  5.285 0.0000000000
96731  -40.609  -65.087  4.946 0.0000000000
96732  -40.646  -64.539  4.550 0.0000000000
96733  -40.930  -64.428  4.830 0.0000000000
96734  -41.356  -63.786  4.713 0.0000000000
96735  -41.857  -63.188  4.582 0.0000000000
96736  -49.539  -61.376  5.069 0.0000000000
96737  -49.329  -60.961  4.576 0.0000000000
96738  -50.050  -61.084  4.643 0.0000000000
96739  -50.508  -60.788  4.251 0.0000000000
96740  -50.973  -60.544  3.900 0.0000000000
96741  -51.563  -60.372  3.557 0.0000000000
96742  -51.737  -60.712  4.022 0.0000000000
96743  -52.545  -60.905  4.029 0.0000000000
96744  -53.274  -60.996  4.084 0.0000000000
96777  -54.951  -54.899  3.953 0.0000000000
96778  -54.971  -55.635  4.229 0.0000000000
96779  -55.534  -55.151  3.855 0.0000000000
96780  -56.122  -55.446  3.833 0.0000000000
96781  -56.746  -55.702  3.884 0.0000000000
96782  -57.415  -55.938  3.903 0.0000000000
96783  -57.268  -55.143  3.599 0.0000000000
96784  -57.791  -54.627  3.331 0.0000000000
96785  -58.321  -54.149  3.102 0.0000000000
96786  -58.881  -53.796  2.945 0.0000000000
96787  -58.206  -53.560  2.941 0.0000000000
96788  -58.091  -52.975  2.754 0.0000000000
96789  -57.961  -52.393  2.532 0.0000000000
96794  -53.744  -45.729  -1.035 0.0000000000
96795  -53.846  -45.379  -1.410 0.0000000000
96796  -53.234  -45.265  -1.299 0.0000000000
96797  -52.763  -44.775  -1.489 0.0000000000
96798  -52.212  -44.274  -1.606 0.0000000000
97597  -57.640  -47.781  -7.018 0.0000000000
97598  -56.984  -48.293  -6.820 0.0000000000
97599  -57.311  -48.014  -7.434 0.0000000000
97600  -56.922  -48.238  -7.820 0.0000000000
97601  -56.500  -48.462  -8.202 0.0000000000
97602  -55.273  -50.995  -14.137 0.0000000000
97603  -55.355  -51.306  -13.533 0.0000000000
97604  -55.321  -51.751  -14.002 0.0000000000
98884  -54.417  -57.615  -3.261 0.0000000000
98886  -54.091  -57.615  -3.608 0.0000000000
98887  -53.757  -57.687  -3.987 0.0000000000
98888  -53.446  -57.787  -4.401 0.0000000000
98889  -53.249  -57.992  -4.835 0.0000000000
98890  -53.338  -57.219  -4.654 0.0000000000
98891  -53.278  -56.733  -4.983 0.0000000000
98892  -53.206  -56.280  -5.315 0.0000000000
101051  -43.295  -64.393  7.334 0.0000000000
101052  -43.252  -63.924  6.880 0.0000000000
101053  -43.660  -63.944  7.182 0.0000000000
101054  -44.091  -63.559  7.110 0.0000000000
101055  -44.594  -63.276  7.095 0.0000000000
101059  -47.379  -63.400  7.532 0.0000000000
101060  -47.661  -63.081  7.156 0.0000000000
101061  -48.010  -62.719  6.728 0.0000000000
101062  -48.352  -63.123  7.139 0.0000000000
101063  -49.063  -63.276  7.173 0.0000000000
101095  -49.482  -54.722  5.807 0.0000000000
101096  -49.926  -54.528  5.605 0.0000000000
101097  -50.532  -52.332  4.694 0.0000000000
101098  -50.569  -52.928  4.758 0.0000000000
101099  -51.045  -52.694  4.517 0.0000000000
101100  -51.567  -53.020  4.305 0.0000000000
101101  -52.113  -53.391  4.177 0.0000000000
101102  -52.665  -53.725  4.069 0.0000000000
101103  -52.606  -53.118  3.929 0.0000000000
101104  -53.120  -52.809  3.719 0.0000000000
101105  -53.636  -52.403  3.478 0.0000000000
101106  -54.116  -52.040  3.223 0.0000000000
101107  -53.591  -51.784  3.278 0.0000000000
101108  -53.563  -51.182  3.070 0.0000000000
101917  -57.204  -44.120  -10.245 0.0000000000
101918  -56.681  -44.841  -10.244 0.0000000000
101919  -56.583  -44.237  -10.544 0.0000000000
101920  -55.944  -44.396  -10.972 0.0000000000
101921  -55.350  -44.603  -11.502 0.0000000000
101922  -55.433  -43.940  -13.946 0.0000000000
101923  -55.156  -44.369  -13.569 0.0000000000
101924  -55.335  -44.834  -14.160 0.0000000000
101925  -55.289  -45.720  -14.332 0.0000000000
101926  -55.238  -46.547  -14.490 0.0000000000
101927  -55.174  -47.455  -14.569 0.0000000000
101928  -55.596  -46.932  -15.048 0.0000000000
101929  -55.990  -47.281  -15.618 0.0000000000
107546  -60.754  -53.194  -1.180 0.0000000000
107547  -60.397  -53.154  -1.680 0.0000000000
107548  -60.792  -52.475  -1.671 0.0000000000
107549  -60.835  -51.745  -2.172 0.0000000000
107550  -60.860  -51.064  -2.733 0.0000000000
107551  -61.563  -47.561  -3.848 0.0000000000
107552  -61.236  -48.289  -3.804 0.0000000000
107553  -61.101  -47.545  -4.212 0.0000000000
107554  -60.560  -47.515  -4.579 0.0000000000
107555  -59.955  -47.462  -4.899 0.0000000000
107556  -59.284  -47.398  -5.204 0.0000000000
107557  -59.831  -46.891  -5.415 0.0000000000
107558  -59.813  -46.450  -6.027 0.0000000000
107559  -59.947  -46.068  -6.618 0.0000000000
107560  -62.098  -43.220  -4.288 0.0000000000
107561  -62.465  -43.429  -4.065 0.0000000000
107562  -62.346  -43.152  -4.633 0.0000000000
107563  -62.533  -43.148  -5.016 0.0000000000
107564  -62.593  -43.216  -5.468 0.0000000000
107565  -62.270  -42.281  -8.108 0.0000000000
107566  -62.362  -42.657  -7.615 0.0000000000
107567  -62.034  -42.878  -8.090 0.0000000000
107568  -61.709  -43.460  -8.037 0.0000000000
107569  -61.391  -44.054  -7.974 0.0000000000
107570  -61.048  -44.519  -7.865 0.0000000000
107571  -61.003  -44.182  -8.334 0.0000000000
107572  -60.551  -44.286  -8.650 0.0000000000
107573  -60.074  -44.271  -8.973 0.0000000000
107574  -59.572  -44.208  -9.272 0.0000000000
107575  -59.932  -43.689  -9.433 0.0000000000
107576  -59.818  -43.090  -9.813 0.0000000000
107577  -59.714  -42.563  -10.138 0.0000000000
107578  -60.894  -40.057  -11.234 0.0000000000
107579  -60.480  -40.634  -11.014 0.0000000000
107580  -60.450  -40.030  -11.431 0.0000000000
107581  -59.995  -39.971  -11.663 0.0000000000
107582  -59.550  -39.935  -11.903 0.0000000000
107583  -59.082  -39.900  -12.159 0.0000000000
107584  -59.644  -39.365  -12.388 0.0000000000
107585  -59.795  -38.779  -12.830 0.0000000000
107586  -59.980  -38.241  -13.266 0.0000000000
107613  -62.612  -34.703  -11.716 0.0000000000
107614  -62.860  -35.288  -11.677 0.0000000000
107615  -63.009  -35.888  -11.684 0.0000000000
107616  -63.081  -35.313  -12.058 0.0000000000
107617  -63.178  -35.348  -12.483 0.0000000000
107618  -63.083  -35.413  -12.915 0.0000000000
107620  -62.928  -34.219  -14.558 0.0000000000
107624  -61.254  -36.074  -14.768 0.0000000000
111622  -44.765  -71.771  6.537 0.0000000000
111623  -44.561  -72.119  6.285 0.0000000000
111624  -44.041  -71.574  6.175 0.0000000000
111625  -43.332  -71.352  5.863 0.0000000000
111626  -42.626  -71.068  5.607 0.0000000000
111627  -40.210  -68.100  4.741 0.0000000000
111628  -40.474  -68.950  4.814 0.0000000000
111629  -39.975  -68.406  4.430 0.0000000000
111630  -39.709  -68.731  4.142 0.0000000000
111631  -39.517  -69.065  3.878 0.0000000000
111632  -39.374  -69.402  3.590 0.0000000000
111633  -39.303  -68.451  3.319 0.0000000000
111634  -39.247  -67.754  2.764 0.0000000000
111635  -39.353  -67.029  2.198 0.0000000000
111636  -39.578  -66.344  1.568 0.0000000000
111637  -39.561  -66.157  2.018 0.0000000000
111638  -39.862  -65.315  1.857 0.0000000000
111639  -40.297  -64.479  1.724 0.0000000000
111640  -41.848  -62.551  2.693 0.0000000000
111641  -41.713  -62.717  2.315 0.0000000000
111642  -42.411  -62.184  2.136 0.0000000000
111643  -43.081  -61.875  1.570 0.0000000000
111644  -43.762  -61.694  1.005 0.0000000000
111645  -44.486  -61.581  0.522 0.0000000000
111646  -44.542  -61.270  0.882 0.0000000000
111647  -45.340  -60.921  0.772 0.0000000000
111648  -46.128  -60.642  0.690 0.0000000000
111649  -43.961  -62.099  5.065 0.0000000000
111650  -43.633  -62.131  4.777 0.0000000000
111651  -44.319  -61.741  4.683 0.0000000000
111652  -44.740  -61.379  4.284 0.0000000000
111653  -45.185  -61.026  3.862 0.0000000000
111654  -48.446  -60.090  2.806 0.0000000000
111655  -47.675  -60.166  2.810 0.0000000000
111656  -48.267  -60.034  2.401 0.0000000000
111657  -48.123  -60.061  2.001 0.0000000000
111658  -48.047  -60.077  1.576 0.0000000000
111659  -47.897  -60.129  1.214 0.0000000000
111660  -48.688  -59.993  1.205 0.0000000000
111661  -49.387  -59.954  0.801 0.0000000000
111662  -50.025  -60.059  0.412 0.0000000000
111664  -50.727  -60.097  0.430 0.0000000000
111665  -51.442  -60.165  0.461 0.0000000000
111672  -55.941  -59.522  0.176 0.0000000000
111673  -56.220  -59.441  0.639 0.0000000000
111674  -56.858  -59.202  0.626 0.0000000000
111675  -57.480  -58.919  0.636 0.0000000000
111771  -51.434  -57.364  6.556 0.0000000000
111772  -51.513  -58.085  6.970 0.0000000000
111773  -51.909  -57.838  6.579 0.0000000000
111774  -52.397  -58.414  6.656 0.0000000000
111775  -52.974  -58.955  6.763 0.0000000000
111776  -55.469  -58.832  5.798 0.0000000000
111777  -55.015  -59.214  6.119 0.0000000000
111778  -55.624  -59.686  6.221 0.0000000000
111779  -55.683  -60.507  6.594 0.0000000000
111780  -55.645  -61.224  6.752 0.0000000000
111781  -55.424  -61.856  6.763 0.0000000000
111782  -55.940  -61.526  6.451 0.0000000000
111783  -55.983  -61.698  6.012 0.0000000000
111784  -55.934  -61.807  5.525 0.0000000000
111785  -55.784  -61.714  5.062 0.0000000000
111786  -56.535  -61.330  5.242 0.0000000000
111787  -57.126  -60.887  5.006 0.0000000000
111788  -57.672  -60.324  4.663 0.0000000000
111789  -59.389  -56.966  3.863 0.0000000000
111790  -59.209  -57.767  4.007 0.0000000000
111791  -59.612  -57.219  3.510 0.0000000000
111792  -59.710  -57.427  3.006 0.0000000000
111793  -59.705  -57.581  2.379 0.0000000000
111794  -59.563  -57.741  1.779 0.0000000000
111795  -60.097  -57.075  1.855 0.0000000000
111796  -60.373  -56.636  1.349 0.0000000000
111797  -60.543  -56.041  0.888 0.0000000000
111798  -60.608  -55.478  0.447 0.0000000000
111799  -60.826  -55.335  0.987 0.0000000000
111800  -61.054  -54.586  1.012 0.0000000000
111801  -61.312  -53.888  1.091 0.0000000000
111802  -60.711  -52.108  1.941 0.0000000000
111803  -61.214  -52.258  1.746 0.0000000000
111804  -61.152  -51.550  1.566 0.0000000000
111805  -61.482  -51.044  1.138 0.0000000000
111806  -61.733  -50.506  0.717 0.0000000000
111807  -61.992  -49.992  0.283 0.0000000000
111808  -61.654  -49.861  0.510 0.0000000000
111809  -61.504  -49.223  0.265 0.0000000000
111810  -61.257  -48.589  -0.007 0.0000000000
111812  -56.386  -50.795  1.959 0.0000000000
111820  -58.395  -47.315  -0.623 0.0000000000
111821  -59.076  -47.409  -0.644 0.0000000000
111822  -58.582  -46.905  -1.023 0.0000000000
111823  -58.742  -46.480  -1.445 0.0000000000
111824  -58.872  -46.040  -1.880 0.0000000000
111825  -58.992  -45.574  -2.281 0.0000000000
111826  -58.380  -45.633  -2.256 0.0000000000
111827  -57.850  -45.196  -2.568 0.0000000000
111828  -57.300  -44.726  -2.830 0.0000000000
111829  -54.140  -43.658  -2.791 0.0000000000
111830  -54.785  -43.715  -2.972 0.0000000000
111831  -54.232  -43.264  -3.079 0.0000000000
114229  -58.403  -52.603  -2.996 0.0000000000
114230  -57.805  -53.312  -2.917 0.0000000000
114231  -57.675  -52.543  -3.264 0.0000000000
114232  -56.920  -52.456  -3.635 0.0000000000
114233  -56.186  -52.352  -3.967 0.0000000000
114234  -54.560  -50.454  -6.176 0.0000000000
114235  -54.587  -50.957  -5.595 0.0000000000
114236  -54.096  -51.101  -6.149 0.0000000000
114237  -53.735  -51.922  -6.143 0.0000000000
114238  -53.445  -52.671  -6.105 0.0000000000
114239  -53.230  -53.449  -6.169 0.0000000000
114240  -53.304  -52.990  -6.723 0.0000000000
114241  -53.304  -53.421  -7.250 0.0000000000
114242  -53.444  -53.920  -7.693 0.0000000000
114243  -55.413  -47.858  -10.285 0.0000000000
114244  -55.714  -48.314  -9.927 0.0000000000
114245  -55.426  -48.670  -10.420 0.0000000000
114246  -55.438  -49.429  -10.407 0.0000000000
114247  -55.379  -50.174  -10.381 0.0000000000
114248  -55.822  -52.936  -11.305 0.0000000000
114249  -55.652  -52.478  -10.978 0.0000000000
114250  -55.618  -53.203  -10.780 0.0000000000
114251  -55.330  -53.491  -10.314 0.0000000000
114252  -54.991  -53.820  -9.868 0.0000000000
114253  -54.691  -54.186  -9.420 0.0000000000
114254  -55.044  -54.647  -9.722 0.0000000000
114255  -55.098  -55.482  -9.734 0.0000000000
114256  -54.972  -56.309  -9.761 0.0000000000
114257  -54.706  -57.111  -9.812 0.0000000000
114258  -55.075  -56.842  -10.183 0.0000000000
115950  -54.912  -58.247  -2.743 0.0000000000
115951  -55.723  -57.710  -2.285 0.0000000000
115952  -55.256  -57.595  -2.623 0.0000000000
115953  -54.828  -57.617  -2.952 0.0000000000
115954  -54.728  -56.945  -3.161 0.0000000000
115955  -54.605  -56.285  -3.425 0.0000000000
115956  -54.436  -55.673  -3.707 0.0000000000
117671  -49.535  -52.204  5.144 0.0000000000
117674  -50.007  -51.946  4.853 0.0000000000
117675  -50.488  -51.691  4.563 0.0000000000
117676  -51.018  -51.463  4.258 0.0000000000
117677  -51.524  -51.185  3.963 0.0000000000
117678  -52.028  -50.948  3.652 0.0000000000
117679  -51.486  -50.617  3.790 0.0000000000
118309  -57.088  -41.745  -11.551 0.0000000000
118310  -56.474  -42.492  -11.583 0.0000000000
118311  -56.519  -41.926  -11.995 0.0000000000
118312  -56.000  -42.194  -12.506 0.0000000000
118313  -55.709  -42.590  -13.074 0.0000000000
118314  -56.408  -41.347  -13.335 0.0000000000
118315  -55.943  -42.158  -13.481 0.0000000000
118316  -55.578  -43.017  -13.691 0.0000000000
120797  -44.470  -62.740  -0.839 0.0000000000
120813  -52.816  -60.389  -6.047 0.0000000000
122687  -62.075  -50.252  -1.368 0.0000000000
122688  -61.836  -50.281  -1.901 0.0000000000
122689  -62.090  -49.626  -1.987 0.0000000000
122690  -62.073  -48.968  -2.507 0.0000000000
122691  -62.043  -48.254  -3.016 0.0000000000
122692  -62.452  -47.639  -2.576 0.0000000000
122693  -62.231  -47.594  -3.079 0.0000000000
122694  -61.949  -47.564  -3.480 0.0000000000
122695  -61.935  -46.850  -3.946 0.0000000000
122696  -61.879  -46.191  -4.391 0.0000000000
122697  -61.800  -45.632  -4.841 0.0000000000
122699  -62.090  -41.793  -6.228 0.0000000000
122700  -62.030  -41.324  -6.713 0.0000000000
122701  -62.330  -41.340  -7.068 0.0000000000
122702  -62.440  -41.449  -7.536 0.0000000000
122703  -62.297  -40.587  -8.081 0.0000000000
122704  -62.401  -41.075  -8.017 0.0000000000
122705  -62.390  -41.659  -8.058 0.0000000000
122706  -62.199  -41.871  -8.548 0.0000000000
122707  -61.890  -42.022  -8.976 0.0000000000
122708  -61.471  -42.126  -9.410 0.0000000000
122709  -61.007  -42.202  -9.795 0.0000000000
122710  -61.373  -41.594  -9.847 0.0000000000
122711  -61.365  -41.130  -10.206 0.0000000000
122712  -61.342  -40.626  -10.561 0.0000000000
122713  -62.028  -39.943  -10.329 0.0000000000
122714  -61.698  -40.018  -10.676 0.0000000000
122715  -61.310  -40.052  -10.986 0.0000000000
122716  -61.321  -39.446  -11.397 0.0000000000
122717  -61.418  -38.941  -11.842 0.0000000000
122718  -61.553  -38.411  -12.253 0.0000000000
122741  -63.457  -33.555  -12.971 0.0000000000
125852  -42.756  -67.605  7.081 0.0000000000
125855  -43.228  -69.019  6.987 0.0000000000
125856  -42.892  -69.295  6.634 0.0000000000
125857  -42.742  -69.595  6.306 0.0000000000
125858  -42.520  -69.879  5.961 0.0000000000
125859  -42.142  -69.242  5.954 0.0000000000
125860  -41.501  -68.764  5.605 0.0000000000
125861  -40.952  -68.309  5.315 0.0000000000
125862  -40.945  -67.269  5.471 0.0000000000
125863  -40.686  -67.501  5.219 0.0000000000
125864  -40.437  -67.810  4.997 0.0000000000
125865  -40.012  -67.228  4.591 0.0000000000
125866  -39.706  -66.623  4.117 0.0000000000
125867  -39.660  -65.988  3.630 0.0000000000
125868  -39.762  -65.346  3.143 0.0000000000
125869  -39.882  -65.111  3.504 0.0000000000
125870  -40.272  -64.341  3.444 0.0000000000
125871  -40.791  -63.644  3.342 0.0000000000
125872  -40.775  -64.008  4.134 0.0000000000
125873  -41.007  -63.480  3.679 0.0000000000
125874  -41.377  -63.009  3.224 0.0000000000
125875  -42.033  -62.425  3.085 0.0000000000
125876  -42.750  -61.938  2.941 0.0000000000
125877  -43.468  -61.463  2.753 0.0000000000
125878  -46.784  -61.222  5.055 0.0000000000
125879  -46.451  -60.974  4.587 0.0000000000
125880  -47.174  -60.875  4.577 0.0000000000
125881  -47.636  -60.585  4.092 0.0000000000
125882  -48.137  -60.324  3.619 0.0000000000
125883  -49.106  -60.577  4.077 0.0000000000
125884  -48.850  -60.247  3.642 0.0000000000
125885  -48.658  -60.147  3.213 0.0000000000
125886  -49.246  -60.035  2.834 0.0000000000
125887  -49.798  -59.966  2.503 0.0000000000
125888  -50.372  -59.845  2.136 0.0000000000
125889  -51.007  -59.807  1.772 0.0000000000
125890  -51.127  -59.829  2.216 0.0000000000
125891  -51.890  -59.860  2.273 0.0000000000
125892  -52.645  -59.914  2.312 0.0000000000
125893  -52.169  -60.234  3.165 0.0000000000
125894  -52.787  -60.082  2.746 0.0000000000
125895  -53.402  -59.988  2.350 0.0000000000
125897  -55.070  -60.078  2.357 0.0000000000
125898  -55.793  -60.038  2.416 0.0000000000
125973  -52.923  -56.325  5.268 0.0000000000
125974  -53.100  -57.065  5.535 0.0000000000
125975  -53.533  -56.771  5.231 0.0000000000
125976  -54.109  -57.182  5.225 0.0000000000
125977  -54.676  -57.569  5.292 0.0000000000
125978  -55.031  -56.377  4.583 0.0000000000
125979  -55.141  -57.139  4.955 0.0000000000
125980  -55.282  -57.994  5.410 0.0000000000
125981  -55.959  -58.395  5.482 0.0000000000
125982  -56.589  -58.711  5.530 0.0000000000
125983  -57.165  -59.055  5.524 0.0000000000
125984  -57.647  -59.341  5.449 0.0000000000
125985  -57.642  -58.522  5.146 0.0000000000
125986  -58.049  -57.932  4.797 0.0000000000
125987  -58.515  -57.328  4.427 0.0000000000
125988  -57.987  -56.226  3.995 0.0000000000
125989  -58.520  -56.488  4.031 0.0000000000
125990  -59.037  -56.709  4.011 0.0000000000
125991  -59.502  -56.171  3.614 0.0000000000
125992  -59.969  -55.644  3.212 0.0000000000
125993  -60.388  -55.087  2.830 0.0000000000
125994  -60.684  -54.715  2.399 0.0000000000
125995  -60.385  -54.515  2.722 0.0000000000
125996  -60.426  -53.846  2.658 0.0000000000
125997  -60.390  -53.203  2.498 0.0000000000
125998  -59.379  -53.389  2.752 0.0000000000
125999  -59.892  -52.984  2.535 0.0000000000
126000  -60.277  -52.600  2.270 0.0000000000
126001  -60.115  -51.997  2.056 0.0000000000
126002  -59.984  -51.323  1.753 0.0000000000
126003  -59.798  -50.674  1.443 0.0000000000
126013  -56.179  -46.416  -1.022 0.0000000000
126014  -56.315  -46.043  -1.495 0.0000000000
126015  -56.433  -45.636  -1.960 0.0000000000
126016  -55.811  -45.588  -1.841 0.0000000000
126017  -55.260  -45.121  -2.138 0.0000000000
126018  -54.661  -44.652  -2.334 0.0000000000
126019  -53.945  -44.983  -1.781 0.0000000000
126020  -54.037  -44.556  -2.144 0.0000000000
126021  -54.094  -44.109  -2.490 0.0000000000
126022  -53.492  -43.577  -2.631 0.0000000000
127885  -57.497  -49.646  -4.623 0.0000000000
127886  -56.942  -50.255  -4.428 0.0000000000
127887  -56.749  -49.601  -4.957 0.0000000000
127888  -56.112  -49.616  -5.352 0.0000000000
127889  -55.584  -49.675  -5.754 0.0000000000
127890  -56.263  -48.804  -6.596 0.0000000000
127891  -55.598  -49.281  -6.369 0.0000000000
127892  -55.069  -49.857  -6.244 0.0000000000
127893  -54.647  -50.064  -6.739 0.0000000000
127894  -54.351  -50.316  -7.301 0.0000000000
127895  -54.118  -50.615  -7.918 0.0000000000
127896  -55.188  -49.480  -12.351 0.0000000000
127897  -55.456  -49.956  -11.874 0.0000000000
127898  -55.540  -50.334  -12.349 0.0000000000
127899  -55.749  -51.116  -12.279 0.0000000000
127900  -55.854  -51.867  -12.059 0.0000000000
127901  -55.570  -51.775  -12.995 0.0000000000
127902  -55.797  -52.277  -12.488 0.0000000000
127903  -55.891  -52.585  -11.865 0.0000000000
127904  -55.953  -53.410  -11.628 0.0000000000
127905  -55.948  -54.095  -11.515 0.0000000000
127906  -55.895  -54.857  -11.346 0.0000000000
130686  -53.104  -59.353  -5.520 0.0000000000
130687  -53.133  -58.291  -5.287 0.0000000000
130688  -53.113  -58.567  -5.582 0.0000000000
130689  -53.095  -58.864  -5.882 0.0000000000
130690  -53.133  -58.463  -6.344 0.0000000000
130691  -53.230  -58.079  -6.755 0.0000000000
130692  -53.379  -57.735  -7.182 0.0000000000
132374  -61.523  -45.420  -2.358 0.0000000000
132375  -61.922  -45.287  -2.550 0.0000000000
132376  -61.475  -44.786  -2.759 0.0000000000
132377  -61.524  -44.149  -3.143 0.0000000000
132378  -61.637  -43.638  -3.594 0.0000000000
132380  -61.161  -43.400  -3.883 0.0000000000
132381  -61.704  -43.249  -4.062 0.0000000000
132382  -61.544  -42.948  -4.630 0.0000000000
132400  -61.456  -39.246  -8.612 0.0000000000
132401  -61.573  -38.793  -8.987 0.0000000000
132402  -61.741  -38.290  -9.343 0.0000000000
135248  -42.639  -66.194  7.294 0.0000000000
135249  -42.282  -65.755  6.909 0.0000000000
135250  -42.032  -65.230  6.478 0.0000000000
135251  -41.934  -64.612  6.002 0.0000000000
135252  -41.905  -64.057  5.574 0.0000000000
135253  -42.207  -63.981  5.858 0.0000000000
135254  -42.601  -63.438  5.731 0.0000000000
135255  -43.138  -62.926  5.622 0.0000000000
135256  -43.312  -63.430  6.438 0.0000000000
135257  -43.444  -62.953  5.978 0.0000000000
135258  -43.698  -62.499  5.507 0.0000000000
135259  -44.308  -62.159  5.417 0.0000000000
135260  -44.974  -61.890  5.382 0.0000000000
135261  -45.640  -61.607  5.362 0.0000000000
135263  -45.016  -63.480  7.451 0.0000000000
135264  -45.152  -63.116  7.105 0.0000000000
135265  -46.105  -63.330  7.446 0.0000000000
135266  -45.718  -63.037  7.074 0.0000000000
135267  -45.355  -62.764  6.705 0.0000000000
135268  -45.671  -62.369  6.241 0.0000000000
135269  -45.997  -61.954  5.805 0.0000000000
135270  -46.367  -61.543  5.434 0.0000000000
135271  -47.064  -61.547  5.481 0.0000000000
135272  -47.752  -61.554  5.493 0.0000000000
135273  -48.476  -61.567  5.542 0.0000000000
135274  -48.399  -62.352  6.316 0.0000000000
135275  -48.793  -61.996  5.942 0.0000000000
135276  -49.193  -61.649  5.527 0.0000000000
135277  -49.919  -61.817  5.555 0.0000000000
135278  -50.631  -61.984  5.578 0.0000000000
135279  -51.281  -62.070  5.546 0.0000000000
135341  -50.424  -57.120  6.961 0.0000000000
135343  -50.323  -56.426  6.546 0.0000000000
135344  -50.879  -56.913  6.564 0.0000000000
135345  -51.230  -56.645  6.217 0.0000000000
135346  -51.601  -56.424  5.901 0.0000000000
135347  -52.014  -56.190  5.559 0.0000000000
135348  -49.244  -53.509  5.556 0.0000000000
135349  -49.788  -53.911  5.422 0.0000000000
135350  -50.349  -54.274  5.338 0.0000000000
135351  -50.619  -53.551  4.846 0.0000000000
135352  -50.760  -54.104  5.045 0.0000000000
135353  -50.881  -54.671  5.315 0.0000000000
135354  -51.380  -55.045  5.321 0.0000000000
135355  -51.893  -55.470  5.292 0.0000000000
135356  -52.413  -55.901  5.267 0.0000000000
135357  -52.878  -55.624  4.961 0.0000000000
135358  -53.381  -55.331  4.618 0.0000000000
135359  -53.838  -54.964  4.274 0.0000000000
135360  -53.232  -54.005  3.971 0.0000000000
135361  -53.775  -54.314  3.982 0.0000000000
135362  -54.342  -54.605  3.976 0.0000000000
135363  -54.860  -54.255  3.703 0.0000000000
135364  -55.387  -53.793  3.422 0.0000000000
135365  -55.888  -53.326  3.231 0.0000000000
135366  -56.401  -52.934  3.046 0.0000000000
135367  -55.807  -52.753  3.093 0.0000000000
135368  -55.704  -52.164  2.899 0.0000000000
135369  -55.588  -51.553  2.607 0.0000000000
135370  -54.609  -51.670  2.979 0.0000000000
135371  -55.034  -51.304  2.647 0.0000000000
135372  -55.457  -50.932  2.314 0.0000000000
135376  -52.473  -50.673  3.316 0.0000000000
137077  -58.222  -46.607  -8.935 0.0000000000
137078  -57.767  -47.162  -8.929 0.0000000000
137079  -57.526  -46.709  -9.270 0.0000000000
137080  -56.896  -46.789  -9.589 0.0000000000
137081  -56.195  -46.951  -9.924 0.0000000000
137082  -56.220  -45.575  -10.266 0.0000000000
137083  -55.857  -46.403  -10.280 0.0000000000
137084  -55.572  -47.119  -10.255 0.0000000000
137085  -55.064  -47.329  -10.730 0.0000000000
137086  -54.845  -47.735  -11.267 0.0000000000
137087  -54.794  -48.183  -11.827 0.0000000000
137088  -55.855  -43.263  -11.723 0.0000000000
137089  -55.361  -44.010  -11.904 0.0000000000
137090  -54.957  -44.920  -12.095 0.0000000000
137091  -54.939  -44.806  -13.119 0.0000000000
137092  -54.800  -45.332  -12.675 0.0000000000
137093  -54.684  -45.866  -12.123 0.0000000000
137094  -54.503  -46.750  -12.224 0.0000000000
137095  -54.555  -47.650  -12.307 0.0000000000
137096  -54.777  -48.598  -12.358 0.0000000000
137097  -54.905  -48.995  -12.831 0.0000000000
137098  -55.007  -49.430  -13.297 0.0000000000
137099  -55.135  -49.781  -13.798 0.0000000000
137100  -55.196  -48.373  -14.566 0.0000000000
137101  -55.231  -49.290  -14.452 0.0000000000
137102  -55.251  -50.159  -14.284 0.0000000000
137103  -55.377  -50.585  -14.773 0.0000000000
148517  -58.937  -55.790  -1.443 0.0000000000
148518  -58.441  -55.550  -1.716 0.0000000000
148519  -58.928  -54.926  -1.644 0.0000000000
148520  -58.989  -54.218  -1.929 0.0000000000
148521  -59.022  -53.509  -2.311 0.0000000000
148522  -59.998  -53.064  -2.098 0.0000000000
148523  -59.534  -52.911  -2.416 0.0000000000
148524  -59.018  -52.771  -2.710 0.0000000000
148525  -58.925  -51.997  -3.092 0.0000000000
148526  -58.684  -51.258  -3.525 0.0000000000
148527  -58.383  -50.492  -3.924 0.0000000000
148528  -61.537  -50.351  -2.400 0.0000000000
148529  -61.223  -50.420  -2.858 0.0000000000
148530  -60.738  -50.422  -3.242 0.0000000000
148531  -60.899  -48.995  -3.765 0.0000000000
148532  -60.542  -49.685  -3.683 0.0000000000
148533  -60.156  -50.361  -3.542 0.0000000000
148534  -59.528  -50.216  -3.804 0.0000000000
148535  -58.819  -49.958  -4.113 0.0000000000
148536  -58.146  -49.784  -4.371 0.0000000000
148537  -57.946  -49.109  -4.817 0.0000000000
148538  -57.774  -48.514  -5.305 0.0000000000
148539  -57.789  -48.047  -5.928 0.0000000000
148540  -58.772  -47.457  -5.652 0.0000000000
148541  -58.321  -47.547  -6.108 0.0000000000
148542  -57.940  -47.659  -6.546 0.0000000000
148543  -58.221  -47.359  -7.206 0.0000000000
148544  -58.530  -47.132  -7.760 0.0000000000
148545  -58.795  -46.934  -8.175 0.0000000000
148546  -62.254  -45.176  -2.800 0.0000000000
148547  -62.552  -45.083  -3.120 0.0000000000
148548  -62.728  -45.017  -3.495 0.0000000000
148549  -62.707  -43.872  -3.916 0.0000000000
148550  -62.832  -44.394  -3.882 0.0000000000
148551  -62.747  -44.984  -3.893 0.0000000000
148552  -62.540  -44.976  -4.387 0.0000000000
148553  -62.168  -45.053  -4.901 0.0000000000
148554  -61.732  -45.193  -5.392 0.0000000000
148555  -62.455  -42.231  -6.064 0.0000000000
148556  -62.636  -42.751  -5.992 0.0000000000
148557  -62.550  -43.330  -5.966 0.0000000000
148558  -62.434  -43.009  -7.025 0.0000000000
148559  -62.368  -43.474  -6.491 0.0000000000
148560  -62.297  -43.890  -5.989 0.0000000000
148561  -61.982  -44.338  -5.969 0.0000000000
148562  -61.721  -44.818  -5.890 0.0000000000
148563  -61.326  -45.304  -5.814 0.0000000000
148564  -60.883  -45.458  -6.280 0.0000000000
148565  -60.494  -45.628  -6.734 0.0000000000
148566  -60.152  -45.828  -7.177 0.0000000000
148567  -60.658  -45.055  -7.807 0.0000000000
148568  -60.350  -45.618  -7.714 0.0000000000
148569  -59.968  -46.130  -7.532 0.0000000000
148570  -59.751  -46.368  -7.874 0.0000000000
148571  -59.339  -46.483  -8.243 0.0000000000
148572  -58.817  -46.529  -8.602 0.0000000000
148573  -58.586  -46.031  -8.982 0.0000000000
148574  -58.264  -45.427  -9.322 0.0000000000
148575  -57.981  -44.730  -9.677 0.0000000000
148576  -58.978  -44.145  -9.502 0.0000000000
148577  -58.375  -44.082  -9.750 0.0000000000
148578  -57.777  -44.074  -10.006 0.0000000000
148579  -57.683  -43.541  -10.267 0.0000000000
148580  -57.627  -42.960  -10.571 0.0000000000
148581  -57.590  -42.338  -10.874 0.0000000000
148582  -60.577  -42.178  -10.034 0.0000000000
148583  -60.117  -42.130  -10.261 0.0000000000
148584  -59.629  -42.087  -10.455 0.0000000000
148585  -59.982  -41.128  -10.851 0.0000000000
148586  -59.565  -41.568  -10.741 0.0000000000
148587  -59.163  -41.998  -10.596 0.0000000000
148588  -58.666  -41.871  -10.773 0.0000000000
148589  -58.126  -41.788  -10.979 0.0000000000
148590  -57.613  -41.756  -11.210 0.0000000000
148591  -57.601  -41.272  -11.640 0.0000000000
148592  -57.670  -40.796  -12.092 0.0000000000
148593  -57.782  -40.334  -12.554 0.0000000000
148594  -58.631  -39.847  -12.411 0.0000000000
148595  -58.261  -39.843  -12.703 0.0000000000
148596  -57.875  -39.888  -13.016 0.0000000000
148597  -58.039  -39.402  -13.443 0.0000000000
148626  -61.886  -37.678  -9.756 0.0000000000
148651  -61.686  -36.621  -10.351 0.0000000000
148652  -62.024  -37.122  -10.172 0.0000000000
148653  -62.326  -37.613  -10.042 0.0000000000
148654  -62.648  -37.626  -10.356 0.0000000000
148655  -62.750  -37.695  -10.798 0.0000000000
148656  -62.718  -37.768  -11.229 0.0000000000
148657  -62.968  -36.552  -11.683 0.0000000000
148658  -62.819  -37.185  -11.642 0.0000000000
148659  -62.549  -37.818  -11.643 0.0000000000
148660  -62.309  -37.870  -12.008 0.0000000000
148661  -62.013  -37.851  -12.360 0.0000000000
148662  -61.671  -37.796  -12.684 0.0000000000
148663  -63.366  -34.212  -13.115 0.0000000000
148664  -63.186  -34.784  -13.257 0.0000000000
148665  -62.873  -35.412  -13.340 0.0000000000
148666  -62.764  -34.790  -14.144 0.0000000000
148667  -62.619  -35.374  -13.748 0.0000000000
148668  -62.576  -36.062  -13.316 0.0000000000
148669  -62.164  -36.617  -13.283 0.0000000000
148670  -61.776  -37.153  -13.187 0.0000000000
148671  -61.318  -37.751  -12.998 0.0000000000
148672  -60.926  -37.711  -13.249 0.0000000000
148673  -60.525  -37.691  -13.485 0.0000000000
148674  -60.134  -37.702  -13.762 0.0000000000
148675  -60.721  -36.612  -14.550 0.0000000000
148676  -60.234  -37.156  -14.293 0.0000000000
148677  -59.742  -37.753  -14.050 0.0000000000
156689  -44.646  -73.471  6.041 0.0000000000
156690  -44.389  -72.445  6.114 0.0000000000
156691  -44.104  -72.834  5.974 0.0000000000
156692  -43.805  -73.327  5.833 0.0000000000
156693  -43.003  -73.208  5.630 0.0000000000
156696  -42.351  -70.126  5.695 0.0000000000
156697  -42.145  -70.424  5.499 0.0000000000
156698  -41.842  -70.857  5.351 0.0000000000
156699  -40.757  -69.721  4.902 0.0000000000
156700  -41.138  -70.522  5.069 0.0000000000
156701  -41.541  -71.287  5.212 0.0000000000
156702  -41.207  -71.717  5.043 0.0000000000
156703  -40.886  -72.063  4.833 0.0000000000
156721  -42.258  -63.613  -0.174 0.0000000000
156722  -42.951  -63.172  -0.232 0.0000000000
156723  -39.986  -64.769  2.664 0.0000000000
156724  -40.379  -64.252  2.151 0.0000000000
156725  -40.865  -63.815  1.609 0.0000000000
156726  -41.584  -62.941  1.911 0.0000000000
156727  -41.514  -63.183  1.500 0.0000000000
156728  -41.467  -63.440  1.082 0.0000000000
156729  -42.148  -63.123  0.609 0.0000000000
156730  -42.899  -62.917  0.155 0.0000000000
156731  -43.679  -62.798  -0.359 0.0000000000
156732  -44.424  -62.483  -0.514 0.0000000000
156733  -45.216  -62.197  -0.648 0.0000000000
156734  -45.983  -61.962  -0.787 0.0000000000
156735  -45.262  -61.535  0.043 0.0000000000
156736  -45.955  -61.592  -0.435 0.0000000000
156737  -46.720  -61.717  -0.850 0.0000000000
156741  -41.971  -63.548  5.200 0.0000000000
156742  -42.157  -63.118  4.826 0.0000000000
156743  -42.401  -62.694  4.453 0.0000000000
156744  -43.336  -62.170  4.523 0.0000000000
156745  -43.062  -62.205  4.273 0.0000000000
156746  -42.796  -62.235  4.033 0.0000000000
156747  -43.212  -61.838  3.575 0.0000000000
156748  -43.673  -61.427  3.092 0.0000000000
156749  -44.225  -61.077  2.562 0.0000000000
156750  -46.132  -60.814  4.165 0.0000000000
156751  -45.899  -60.724  3.813 0.0000000000
156752  -45.676  -60.731  3.437 0.0000000000
156753  -46.939  -60.283  2.854 0.0000000000
156754  -46.185  -60.507  2.936 0.0000000000
156755  -45.453  -60.793  3.104 0.0000000000
156756  -45.241  -60.760  2.707 0.0000000000
156757  -45.018  -60.764  2.355 0.0000000000
156758  -44.873  -60.808  1.989 0.0000000000
156759  -45.520  -60.589  1.496 0.0000000000
156760  -46.203  -60.469  1.032 0.0000000000
156761  -46.923  -60.425  0.594 0.0000000000
156762  -47.788  -60.188  0.832 0.0000000000
156763  -47.708  -60.278  0.451 0.0000000000
156764  -47.671  -60.461  0.090 0.0000000000
156765  -48.391  -60.589  -0.374 0.0000000000
156777  -51.634  -59.828  1.364 0.0000000000
156788  -56.169  -59.135  -1.224 0.0000000000
156789  -56.204  -59.353  -0.296 0.0000000000
156790  -56.467  -59.174  -0.766 0.0000000000
156791  -56.628  -58.721  -1.168 0.0000000000
156792  -57.205  -58.164  -1.174 0.0000000000
156793  -57.782  -57.610  -1.202 0.0000000000
156794  -58.337  -57.060  -1.222 0.0000000000
156980  -51.006  -63.362  6.878 0.0000000000
156981  -51.382  -62.988  6.463 0.0000000000
156982  -51.748  -62.587  6.025 0.0000000000
156983  -52.151  -62.251  5.625 0.0000000000
156987  -51.617  -58.784  7.521 0.0000000000
156988  -51.744  -59.464  8.088 0.0000000000
156992  -53.497  -61.725  8.439 0.0000000000
156993  -53.218  -57.842  5.942 0.0000000000
156994  -53.386  -58.681  6.368 0.0000000000
156995  -53.584  -59.489  6.886 0.0000000000
156996  -54.567  -59.601  6.545 0.0000000000
156997  -54.170  -60.014  7.012 0.0000000000
156998  -53.771  -60.284  7.465 0.0000000000
156999  -53.894  -61.012  7.896 0.0000000000
157000  -53.923  -61.630  8.104 0.0000000000
157001  -53.904  -62.221  8.231 0.0000000000
157005  -55.049  -62.431  6.707 0.0000000000
157006  -54.535  -62.882  6.612 0.0000000000
157008  -53.388  -62.796  6.051 0.0000000000
157009  -52.945  -62.424  5.617 0.0000000000
157010  -52.527  -61.960  5.222 0.0000000000
157011  -52.965  -61.689  4.874 0.0000000000
157012  -53.559  -61.423  4.509 0.0000000000
157013  -54.177  -61.186  4.123 0.0000000000
157014  -55.499  -61.570  4.635 0.0000000000
157015  -55.162  -61.285  4.213 0.0000000000
157016  -54.815  -60.942  3.768 0.0000000000
157017  -55.476  -60.655  3.377 0.0000000000
157018  -56.106  -60.298  2.926 0.0000000000
157019  -56.632  -59.906  2.510 0.0000000000
157020  -58.021  -59.512  5.210 0.0000000000
157021  -58.198  -59.630  4.769 0.0000000000
157022  -58.229  -59.710  4.250 0.0000000000
157023  -58.939  -58.536  4.032 0.0000000000
157024  -58.602  -59.194  3.883 0.0000000000
157025  -58.059  -59.776  3.708 0.0000000000
157026  -57.829  -59.742  3.147 0.0000000000
157027  -57.465  -59.640  2.586 0.0000000000
157028  -57.120  -59.582  2.091 0.0000000000
157029  -57.528  -59.215  1.619 0.0000000000
157030  -57.959  -58.844  1.172 0.0000000000
157031  -58.252  -58.498  0.649 0.0000000000
157032  -59.345  -57.911  1.192 0.0000000000
157033  -58.997  -57.993  0.634 0.0000000000
157034  -58.547  -58.101  0.114 0.0000000000
157035  -58.751  -57.713  -0.386 0.0000000000
157036  -58.880  -57.090  -0.837 0.0000000000
157037  -58.971  -56.379  -1.179 0.0000000000
157038  -59.488  -55.813  -1.040 0.0000000000
157039  -59.873  -55.164  -0.956 0.0000000000
157040  -60.340  -54.450  -0.830 0.0000000000
157041  -60.644  -54.918  -0.005 0.0000000000
157042  -60.735  -54.346  -0.355 0.0000000000
157043  -60.776  -53.765  -0.776 0.0000000000
157044  -61.146  -53.051  -0.757 0.0000000000
157045  -61.446  -52.309  -0.741 0.0000000000
157046  -61.718  -51.569  -0.732 0.0000000000
157047  -61.010  -54.263  1.964 0.0000000000
157048  -61.343  -53.716  1.555 0.0000000000
157049  -61.526  -53.205  1.119 0.0000000000
157050  -61.534  -52.404  1.436 0.0000000000
157051  -61.658  -52.527  1.076 0.0000000000
157052  -61.702  -52.625  0.663 0.0000000000
157053  -61.841  -52.004  0.222 0.0000000000
157054  -61.893  -51.431  -0.276 0.0000000000
157055  -61.973  -50.839  -0.798 0.0000000000
157056  -62.208  -50.177  -0.892 0.0000000000
157057  -62.366  -49.535  -1.009 0.0000000000
157058  -62.434  -48.889  -1.128 0.0000000000
157059  -62.156  -49.397  -0.220 0.0000000000
157060  -62.307  -48.818  -0.740 0.0000000000
157061  -62.418  -48.251  -1.219 0.0000000000
157062  -62.342  -47.624  -1.300 0.0000000000
157063  -62.107  -47.024  -1.491 0.0000000000
157064  -61.857  -46.542  -1.657 0.0000000000
157065  -56.857  -52.613  2.807 0.0000000000
157066  -57.330  -52.232  2.559 0.0000000000
157067  -57.819  -51.907  2.319 0.0000000000
157068  -56.951  -51.010  1.946 0.0000000000
157069  -57.544  -51.287  1.967 0.0000000000
157070  -58.172  -51.523  1.977 0.0000000000
157071  -58.638  -51.117  1.675 0.0000000000
157072  -59.152  -50.660  1.406 0.0000000000
157073  -59.580  -50.029  1.132 0.0000000000
157079  -57.917  -49.324  0.750 0.0000000000
157080  -58.638  -49.403  0.768 0.0000000000
157081  -59.320  -49.407  0.813 0.0000000000
157082  -59.992  -49.458  0.841 0.0000000000
157083  -60.353  -48.930  0.509 0.0000000000
157084  -60.635  -48.462  0.070 0.0000000000
157085  -60.892  -47.973  -0.331 0.0000000000
157086  -59.771  -47.436  -0.661 0.0000000000
157087  -60.451  -47.442  -0.686 0.0000000000
157088  -61.108  -47.505  -0.696 0.0000000000
157089  -61.238  -47.019  -1.142 0.0000000000
157090  -61.378  -46.527  -1.531 0.0000000000
157091  -61.443  -46.002  -1.936 0.0000000000
157092  -60.928  -45.469  -2.263 0.0000000000
157093  -60.403  -45.017  -2.564 0.0000000000
157094  -59.920  -44.667  -2.883 0.0000000000
157095  -59.130  -45.135  -2.618 0.0000000000
157096  -59.277  -44.758  -2.889 0.0000000000
157097  -59.415  -44.304  -3.183 0.0000000000
157101  -56.546  -45.205  -2.378 0.0000000000
157102  -56.664  -44.739  -2.753 0.0000000000
157103  -56.735  -44.250  -3.074 0.0000000000
157104  -55.445  -43.744  -3.158 0.0000000000
157105  -56.159  -43.788  -3.302 0.0000000000
157106  -56.834  -43.832  -3.368 0.0000000000
161899  -57.807  -55.445  -1.984 0.0000000000
161900  -57.197  -55.338  -2.272 0.0000000000
161901  -56.617  -55.224  -2.613 0.0000000000
161902  -57.209  -53.963  -2.902 0.0000000000
161903  -56.592  -54.519  -2.951 0.0000000000
161904  -56.015  -55.109  -3.017 0.0000000000
161905  -55.440  -55.015  -3.352 0.0000000000
161906  -54.886  -54.944  -3.689 0.0000000000
161907  -54.376  -54.982  -4.028 0.0000000000
161908  -56.454  -50.885  -4.324 0.0000000000
161909  -55.978  -51.571  -4.321 0.0000000000
161910  -55.485  -52.251  -4.337 0.0000000000
161911  -54.690  -51.569  -5.130 0.0000000000
161912  -54.840  -52.201  -4.696 0.0000000000
161913  -55.035  -52.938  -4.339 0.0000000000
161914  -54.621  -53.625  -4.345 0.0000000000
161915  -54.262  -54.350  -4.366 0.0000000000
161916  -53.936  -55.043  -4.380 0.0000000000
161917  -53.610  -55.178  -4.744 0.0000000000
161918  -53.367  -55.367  -5.158 0.0000000000
161919  -53.192  -55.698  -5.678 0.0000000000
161920  -53.138  -54.322  -6.116 0.0000000000
161921  -53.126  -55.137  -6.148 0.0000000000
161922  -53.128  -56.101  -6.192 0.0000000000
161923  -53.218  -56.505  -6.745 0.0000000000
161924  -53.402  -56.919  -7.229 0.0000000000
161925  -53.600  -57.308  -7.641 0.0000000000
161926  -57.286  -47.750  -8.920 0.0000000000
161927  -56.683  -48.248  -8.768 0.0000000000
161928  -56.024  -48.697  -8.558 0.0000000000
161929  -55.795  -48.680  -9.499 0.0000000000
161930  -55.656  -48.929  -8.919 0.0000000000
161931  -55.357  -49.140  -8.387 0.0000000000
161932  -54.819  -49.656  -8.405 0.0000000000
161933  -54.420  -50.329  -8.452 0.0000000000
161934  -54.115  -51.054  -8.432 0.0000000000
161935  -55.606  -50.334  -11.354 0.0000000000
161936  -55.508  -50.658  -10.805 0.0000000000
161937  -55.266  -50.892  -10.362 0.0000000000
161938  -55.427  -52.015  -10.627 0.0000000000
161939  -55.155  -51.606  -10.270 0.0000000000
161940  -54.929  -51.144  -9.926 0.0000000000
161941  -54.587  -51.345  -9.452 0.0000000000
161942  -54.229  -51.561  -8.937 0.0000000000
161943  -53.891  -51.832  -8.443 0.0000000000
161944  -53.740  -52.645  -8.381 0.0000000000
161945  -53.726  -53.554  -8.259 0.0000000000
161946  -53.741  -54.439  -8.104 0.0000000000
161947  -54.396  -54.540  -8.991 0.0000000000
161948  -54.041  -54.940  -8.511 0.0000000000
161949  -53.760  -55.287  -8.046 0.0000000000
161950  -53.791  -56.108  -8.031 0.0000000000
161951  -53.863  -56.910  -8.093 0.0000000000
161952  -53.772  -57.670  -8.092 0.0000000000
161953  -53.845  -58.064  -8.481 0.0000000000
161954  -53.864  -58.482  -8.698 0.0000000000
161955  -53.727  -58.920  -8.906 0.0000000000
161956  -54.315  -57.887  -9.636 0.0000000000
161957  -53.910  -58.604  -9.354 0.0000000000
