#!ascii label  , from subject fsaverage vox2ras=TkReg
1191
569  -19.904  -60.206  15.814 0.0000000000
570  -21.550  -71.615  7.489 0.0000000000
571  -15.631  -67.683  9.887 0.0000000000
625  -17.268  -73.689  2.293 0.0000000000
1260  -20.486  -65.836  12.404 0.0000000000
1303  -13.563  -57.917  18.641 0.0000000000
1396  -18.249  -75.214  8.560 0.0000000000
1397  -21.346  -74.542  4.392 0.0000000000
1398  -16.943  -77.698  5.268 0.0000000000
2346  -23.319  -66.455  8.338 0.0000000000
2347  -21.035  -65.873  8.788 0.0000000000
2348  -18.194  -69.287  7.858 0.0000000000
2350  -15.416  -68.351  14.843 0.0000000000
2509  -25.171  -69.478  5.061 0.0000000000
2510  -22.890  -70.151  1.681 0.0000000000
2511  -16.465  -68.565  1.126 0.0000000000
2512  -11.850  -76.246  3.517 0.0000000000
3317  -18.139  -76.864  7.029 0.0000000000
3318  -16.429  -78.599  7.973 0.0000000000
5219  -19.720  -60.298  13.766 0.0000000000
5220  -20.782  -63.242  10.398 0.0000000000
5221  -20.717  -63.063  12.312 0.0000000000
5222  -18.083  -67.456  11.081 0.0000000000
5223  -18.571  -67.577  8.711 0.0000000000
5224  -16.777  -68.266  7.383 0.0000000000
5225  -16.279  -70.517  8.551 0.0000000000
5226  -14.559  -69.146  7.437 0.0000000000
5350  -17.342  -58.022  17.665 0.0000000000
5351  -13.512  -57.387  16.833 0.0000000000
5352  -17.175  -58.004  15.697 0.0000000000
5626  -22.801  -69.210  7.961 0.0000000000
5627  -24.649  -68.260  7.168 0.0000000000
5628  -23.542  -71.012  6.375 0.0000000000
5629  -19.965  -74.567  2.787 0.0000000000
5630  -22.359  -72.557  2.722 0.0000000000
5631  -20.179  -72.171  1.676 0.0000000000
5632  -20.277  -69.631  1.049 0.0000000000
5633  -16.879  -71.187  1.559 0.0000000000
5851  -26.754  -64.083  5.325 0.0000000000
6875  -20.411  -60.339  17.589 0.0000000000
6876  -21.143  -63.082  14.275 0.0000000000
6879  -18.065  -67.268  13.198 0.0000000000
6954  -13.709  -58.900  20.046 0.0000000000
6955  -17.653  -58.571  19.246 0.0000000000
7120  -19.951  -73.489  7.700 0.0000000000
7121  -21.884  -73.407  5.985 0.0000000000
7122  -19.994  -75.302  6.283 0.0000000000
7123  -19.232  -76.357  4.620 0.0000000000
7124  -17.379  -75.998  3.292 0.0000000000
7411  -20.093  -64.252  0.221 0.0000000000
9596  -22.005  -66.098  8.644 0.0000000000
9597  -21.176  -68.409  8.489 0.0000000000
9598  -20.345  -65.779  10.494 0.0000000000
9599  -19.876  -67.933  8.087 0.0000000000
9600  -19.771  -70.382  8.312 0.0000000000
9601  -18.185  -72.125  8.820 0.0000000000
9606  -15.297  -67.287  12.878 0.0000000000
9607  -12.548  -68.725  14.614 0.0000000000
9608  -12.650  -67.619  12.249 0.0000000000
9609  -13.040  -67.642  8.829 0.0000000000
10081  -24.719  -65.178  7.802 0.0000000000
10082  -25.893  -66.432  6.096 0.0000000000
10083  -26.206  -67.191  3.995 0.0000000000
10084  -23.557  -72.233  4.395 0.0000000000
10085  -24.718  -70.192  3.062 0.0000000000
10086  -25.470  -67.422  2.128 0.0000000000
10087  -23.277  -67.385  0.873 0.0000000000
10088  -20.115  -67.002  0.600 0.0000000000
10090  -15.326  -79.155  5.333 0.0000000000
10091  -14.807  -77.087  3.975 0.0000000000
10092  -14.236  -74.883  3.063 0.0000000000
10094  -10.410  -73.695  3.130 0.0000000000
10095  -13.193  -72.410  2.435 0.0000000000
10997  -16.503  -77.756  9.127 0.0000000000
12899  -19.780  -60.216  14.811 0.0000000000
12900  -20.343  -61.578  13.143 0.0000000000
12901  -20.453  -61.544  14.100 0.0000000000
12902  -16.784  -67.644  10.495 0.0000000000
12903  -17.110  -67.802  9.005 0.0000000000
12904  -16.040  -67.813  8.335 0.0000000000
12905  -15.607  -68.562  7.035 0.0000000000
12906  -14.927  -67.940  7.720 0.0000000000
13030  -18.875  -58.851  16.885 0.0000000000
13031  -17.209  -57.952  16.714 0.0000000000
13032  -18.700  -58.820  15.923 0.0000000000
13033  -18.641  -58.922  14.882 0.0000000000
13306  -22.185  -70.405  7.679 0.0000000000
13307  -23.229  -70.213  7.250 0.0000000000
13308  -22.560  -71.505  6.945 0.0000000000
13309  -18.792  -74.157  2.344 0.0000000000
13310  -20.051  -73.434  2.177 0.0000000000
13311  -18.744  -73.002  1.899 0.0000000000
13312  -18.677  -71.758  1.500 0.0000000000
13313  -17.113  -72.477  1.886 0.0000000000
13591  -26.317  -63.702  6.376 0.0000000000
15299  -20.654  -60.616  18.365 0.0000000000
15300  -21.322  -61.947  16.896 0.0000000000
15305  -19.533  -67.089  13.488 0.0000000000
15431  -17.781  -59.004  19.932 0.0000000000
15432  -19.461  -59.567  19.274 0.0000000000
15433  -19.299  -59.227  18.508 0.0000000000
15706  -19.126  -74.437  8.007 0.0000000000
15707  -20.024  -74.505  6.995 0.0000000000
15708  -19.163  -75.360  7.329 0.0000000000
15709  -17.714  -77.479  6.156 0.0000000000
15710  -18.790  -76.695  5.801 0.0000000000
15711  -18.065  -77.066  4.890 0.0000000000
15712  -18.440  -76.292  3.764 0.0000000000
15713  -17.187  -76.944  4.139 0.0000000000
21422  -21.049  -64.595  9.460 0.0000000000
21423  -21.520  -64.654  9.065 0.0000000000
21424  -21.500  -65.987  8.531 0.0000000000
21425  -21.694  -67.274  8.519 0.0000000000
21426  -21.178  -67.106  8.443 0.0000000000
21427  -21.122  -64.472  13.368 0.0000000000
21428  -20.895  -64.385  12.419 0.0000000000
21429  -20.332  -65.734  11.462 0.0000000000
21430  -18.346  -68.422  7.692 0.0000000000
21431  -19.226  -67.716  8.061 0.0000000000
21432  -19.017  -68.702  7.984 0.0000000000
21433  -19.700  -68.978  8.314 0.0000000000
21434  -18.948  -69.764  8.211 0.0000000000
21435  -19.051  -71.226  8.435 0.0000000000
21436  -18.075  -70.440  8.389 0.0000000000
21437  -15.296  -71.141  9.457 0.0000000000
21438  -16.317  -71.992  9.694 0.0000000000
21448  -16.758  -67.486  14.099 0.0000000000
21449  -15.347  -67.491  14.060 0.0000000000
21454  -11.104  -67.823  11.888 0.0000000000
21455  -11.272  -67.597  10.276 0.0000000000
21456  -12.726  -67.620  10.635 0.0000000000
21457  -11.618  -67.786  8.656 0.0000000000
21458  -12.392  -68.669  8.066 0.0000000000
21810  -11.725  -58.563  18.785 0.0000000000
21812  -11.711  -58.118  18.006 0.0000000000
22638  -24.087  -65.865  8.146 0.0000000000
22639  -24.976  -68.918  6.165 0.0000000000
22640  -25.334  -67.414  6.616 0.0000000000
22641  -25.646  -68.003  5.589 0.0000000000
22642  -26.231  -66.893  5.108 0.0000000000
22643  -25.786  -68.438  4.485 0.0000000000
22644  -21.748  -74.093  5.199 0.0000000000
22645  -22.765  -72.949  5.171 0.0000000000
22646  -22.486  -73.416  4.318 0.0000000000
22647  -22.645  -71.439  2.168 0.0000000000
22648  -23.618  -71.444  2.843 0.0000000000
22649  -23.933  -70.208  2.273 0.0000000000
22650  -25.137  -68.887  2.558 0.0000000000
22651  -24.295  -68.903  1.829 0.0000000000
22652  -24.514  -67.479  1.406 0.0000000000
22653  -23.166  -68.748  1.231 0.0000000000
22654  -18.506  -69.167  0.925 0.0000000000
22655  -20.194  -68.334  0.791 0.0000000000
22656  -18.352  -67.938  0.748 0.0000000000
22657  -18.219  -66.638  0.648 0.0000000000
22663  -13.775  -77.754  4.008 0.0000000000
22664  -13.426  -76.641  3.668 0.0000000000
22665  -14.533  -75.986  3.439 0.0000000000
22666  -13.048  -75.495  3.248 0.0000000000
22672  -9.730  -72.323  3.072 0.0000000000
22673  -11.769  -72.951  2.721 0.0000000000
22674  -11.159  -71.592  2.658 0.0000000000
22675  -12.705  -71.009  2.332 0.0000000000
24400  -17.357  -75.960  9.246 0.0000000000
24401  -18.265  -76.149  7.859 0.0000000000
24402  -17.353  -76.948  8.503 0.0000000000
24403  -17.154  -77.720  7.598 0.0000000000
24404  -16.788  -78.291  6.502 0.0000000000
27829  -20.314  -61.799  12.043 0.0000000000
27830  -20.651  -63.163  11.324 0.0000000000
27831  -20.753  -64.533  10.351 0.0000000000
27832  -19.368  -66.903  11.657 0.0000000000
27833  -19.390  -66.838  10.647 0.0000000000
27834  -18.200  -67.496  9.853 0.0000000000
27835  -17.692  -68.051  7.934 0.0000000000
27836  -17.525  -68.848  7.396 0.0000000000
27837  -17.243  -69.861  8.010 0.0000000000
27838  -16.504  -69.347  7.444 0.0000000000
27839  -15.477  -69.925  8.002 0.0000000000
27840  -14.416  -70.519  8.916 0.0000000000
28062  -15.451  -57.733  18.214 0.0000000000
28063  -13.575  -57.562  17.788 0.0000000000
28064  -15.416  -57.533  17.338 0.0000000000
28065  -15.413  -57.471  16.319 0.0000000000
28066  -15.547  -57.626  15.271 0.0000000000
28068  -17.139  -58.202  14.649 0.0000000000
28069  -18.618  -59.235  13.788 0.0000000000
28558  -23.135  -67.840  8.132 0.0000000000
28559  -24.016  -67.391  7.924 0.0000000000
28560  -23.750  -68.882  7.631 0.0000000000
28561  -24.184  -69.684  6.762 0.0000000000
28562  -24.429  -70.368  5.691 0.0000000000
28563  -20.835  -74.706  3.457 0.0000000000
28564  -21.958  -73.640  3.501 0.0000000000
28565  -21.119  -73.710  2.701 0.0000000000
28566  -21.361  -72.490  2.099 0.0000000000
28567  -21.587  -71.243  1.645 0.0000000000
28568  -21.750  -69.883  1.243 0.0000000000
28569  -20.221  -70.939  1.329 0.0000000000
28570  -18.680  -70.481  1.214 0.0000000000
28571  -16.676  -69.856  1.304 0.0000000000
29011  -26.865  -64.358  4.160 0.0000000000
31403  -20.149  -60.236  16.746 0.0000000000
31404  -20.704  -61.648  15.125 0.0000000000
31405  -20.983  -61.725  16.080 0.0000000000
31406  -21.442  -63.183  15.280 0.0000000000
31410  -20.667  -66.012  13.343 0.0000000000
31411  -19.382  -66.900  12.599 0.0000000000
31412  -17.972  -67.273  12.158 0.0000000000
31413  -16.630  -67.387  11.849 0.0000000000
31585  -11.730  -59.120  19.464 0.0000000000
31586  -13.569  -58.341  19.395 0.0000000000
31588  -15.714  -58.481  19.743 0.0000000000
31589  -15.539  -58.032  19.049 0.0000000000
31590  -17.467  -58.274  18.534 0.0000000000
31591  -19.020  -58.964  17.763 0.0000000000
31972  -20.779  -72.529  7.547 0.0000000000
31973  -21.800  -72.599  6.800 0.0000000000
31974  -20.946  -73.532  6.793 0.0000000000
31975  -20.867  -74.433  6.105 0.0000000000
31976  -20.729  -75.041  5.346 0.0000000000
31977  -19.071  -76.096  6.638 0.0000000000
31978  -19.754  -75.923  5.525 0.0000000000
31979  -20.366  -75.468  4.490 0.0000000000
31980  -19.711  -75.587  3.573 0.0000000000
31981  -18.669  -75.313  2.949 0.0000000000
31982  -17.327  -74.867  2.769 0.0000000000
39024  -22.582  -66.272  8.639 0.0000000000
39025  -22.359  -67.622  8.458 0.0000000000
39026  -21.941  -68.912  8.269 0.0000000000
39027  -21.380  -69.974  8.120 0.0000000000
39028  -20.896  -62.995  13.282 0.0000000000
39029  -20.747  -64.453  11.426 0.0000000000
39030  -20.510  -65.781  9.492 0.0000000000
39031  -19.536  -66.825  9.602 0.0000000000
39032  -19.931  -66.832  8.654 0.0000000000
39033  -20.605  -67.002  8.382 0.0000000000
39034  -20.491  -68.146  8.371 0.0000000000
39035  -20.499  -69.531  8.426 0.0000000000
39036  -20.693  -71.042  8.042 0.0000000000
39037  -19.993  -71.954  8.101 0.0000000000
39038  -19.135  -72.860  8.412 0.0000000000
39039  -18.348  -73.754  8.866 0.0000000000
39040  -17.201  -71.201  8.912 0.0000000000
39041  -17.345  -72.900  9.459 0.0000000000
39042  -17.495  -74.516  9.516 0.0000000000
39052  -18.188  -67.534  14.125 0.0000000000
39053  -16.735  -67.229  13.112 0.0000000000
39054  -15.381  -67.511  11.504 0.0000000000
39057  -14.005  -68.491  14.737 0.0000000000
39058  -11.028  -68.261  13.236 0.0000000000
39059  -12.586  -67.935  13.578 0.0000000000
39060  -13.965  -67.676  13.864 0.0000000000
39061  -14.016  -67.394  12.612 0.0000000000
39062  -14.102  -67.612  11.079 0.0000000000
39063  -14.387  -67.677  9.320 0.0000000000
39064  -13.609  -68.124  7.487 0.0000000000
39065  -13.433  -69.705  8.305 0.0000000000
39489  -11.677  -57.858  17.076 0.0000000000
40480  -24.809  -66.674  7.527 0.0000000000
40481  -25.425  -65.822  7.065 0.0000000000
40482  -25.951  -64.826  6.715 0.0000000000
40483  -26.458  -65.275  5.728 0.0000000000
40484  -26.656  -65.632  4.674 0.0000000000
40485  -26.502  -65.860  3.584 0.0000000000
40486  -22.786  -72.296  6.084 0.0000000000
40487  -23.633  -71.760  5.375 0.0000000000
40488  -24.405  -70.922  4.658 0.0000000000
40489  -23.052  -72.560  3.523 0.0000000000
40490  -24.163  -71.312  3.750 0.0000000000
40491  -25.083  -69.874  4.029 0.0000000000
40492  -25.556  -68.695  3.464 0.0000000000
40493  -25.944  -67.357  3.074 0.0000000000
40494  -26.174  -65.987  2.563 0.0000000000
40495  -25.539  -66.073  1.701 0.0000000000
40496  -24.563  -66.119  0.959 0.0000000000
40497  -23.286  -66.055  0.532 0.0000000000
40498  -21.754  -68.563  0.938 0.0000000000
40499  -21.800  -67.223  0.623 0.0000000000
40500  -21.787  -65.848  0.414 0.0000000000
40501  -20.110  -65.635  0.493 0.0000000000
40502  -18.232  -65.406  0.487 0.0000000000
40504  -15.894  -79.408  8.224 0.0000000000
40505  -16.099  -79.088  6.616 0.0000000000
40506  -16.060  -78.429  5.440 0.0000000000
40508  -14.977  -78.171  4.545 0.0000000000
40509  -16.018  -77.495  4.509 0.0000000000
40510  -15.947  -76.524  3.715 0.0000000000
40511  -15.909  -75.453  3.134 0.0000000000
40512  -15.659  -74.381  2.715 0.0000000000
40518  -11.147  -75.056  3.265 0.0000000000
40519  -12.409  -74.277  2.929 0.0000000000
40520  -13.723  -73.692  2.642 0.0000000000
40521  -15.298  -73.142  2.346 0.0000000000
40522  -14.924  -71.824  2.062 0.0000000000
40523  -14.611  -70.465  1.824 0.0000000000
43619  -19.834  -60.235  15.344 0.0000000000
43620  -20.182  -60.896  14.475 0.0000000000
43621  -20.214  -60.895  14.996 0.0000000000
43622  -16.194  -67.686  10.185 0.0000000000
43623  -16.347  -67.719  9.400 0.0000000000
43624  -15.775  -67.721  9.033 0.0000000000
43625  -15.472  -67.845  7.972 0.0000000000
43626  -15.198  -67.713  8.713 0.0000000000
43750  -19.454  -59.461  16.379 0.0000000000
43751  -18.779  -58.785  16.461 0.0000000000
43752  -19.356  -59.469  15.918 0.0000000000
43753  -19.316  -59.443  15.439 0.0000000000
44026  -21.881  -71.008  7.573 0.0000000000
44027  -22.378  -70.939  7.343 0.0000000000
44028  -22.060  -71.568  7.219 0.0000000000
44029  -18.067  -73.940  2.290 0.0000000000
44030  -18.767  -73.584  2.108 0.0000000000
44031  -18.026  -73.374  2.054 0.0000000000
44032  -17.974  -72.743  1.869 0.0000000000
44033  -17.178  -73.073  2.080 0.0000000000
44311  -26.028  -63.498  6.859 0.0000000000
46019  -20.755  -60.790  18.707 0.0000000000
46020  -21.186  -61.366  18.060 0.0000000000
46151  -19.490  -59.766  19.607 0.0000000000
46152  -20.187  -60.230  19.177 0.0000000000
46153  -20.097  -60.047  18.839 0.0000000000
46426  -18.728  -74.876  8.243 0.0000000000
46427  -19.154  -74.926  7.671 0.0000000000
46428  -18.751  -75.337  7.875 0.0000000000
46429  -17.362  -77.658  5.710 0.0000000000
46430  -17.918  -77.309  5.526 0.0000000000
46431  -17.494  -77.388  5.116 0.0000000000
46432  -17.640  -77.074  4.504 0.0000000000
46433  -17.044  -77.351  4.703 0.0000000000
52142  -21.085  -65.249  9.060 0.0000000000
52143  -21.325  -65.262  8.882 0.0000000000
52144  -21.273  -65.909  8.643 0.0000000000
52145  -21.400  -66.563  8.492 0.0000000000
52146  -21.183  -66.505  8.536 0.0000000000
52147  -20.873  -65.167  12.875 0.0000000000
52148  -20.781  -65.116  12.401 0.0000000000
52149  -20.411  -65.774  11.951 0.0000000000
52150  -18.244  -68.841  7.644 0.0000000000
52151  -18.666  -68.557  7.776 0.0000000000
52152  -18.588  -69.016  7.816 0.0000000000
52153  -18.951  -69.188  8.061 0.0000000000
52154  -18.537  -69.481  8.047 0.0000000000
52155  -18.491  -70.080  8.279 0.0000000000
52156  -18.096  -69.764  8.108 0.0000000000
52167  -16.108  -68.298  14.862 0.0000000000
52168  -16.078  -67.801  14.532 0.0000000000
52169  -15.367  -67.819  14.545 0.0000000000
52174  -10.470  -67.598  10.133 0.0000000000
52175  -10.675  -67.723  9.373 0.0000000000
52176  -11.421  -67.669  9.453 0.0000000000
52177  -10.909  -67.964  8.714 0.0000000000
52178  -11.270  -68.445  8.438 0.0000000000
52530  -12.644  -58.171  18.769 0.0000000000
52531  -11.742  -58.362  18.395 0.0000000000
52532  -12.661  -57.962  18.397 0.0000000000
53358  -23.719  -66.185  8.237 0.0000000000
53359  -25.097  -69.205  5.624 0.0000000000
53360  -25.326  -68.476  5.857 0.0000000000
53361  -25.449  -68.750  5.311 0.0000000000
53362  -25.737  -68.238  5.047 0.0000000000
53363  -25.483  -68.961  4.777 0.0000000000
53364  -21.560  -74.352  4.805 0.0000000000
53365  -22.133  -73.768  4.748 0.0000000000
53366  -21.938  -73.967  4.351 0.0000000000
53367  -22.742  -70.814  1.904 0.0000000000
53368  -23.284  -70.851  2.219 0.0000000000
53369  -23.407  -70.216  1.959 0.0000000000
53370  -24.134  -69.578  2.079 0.0000000000
53371  -23.659  -69.528  1.770 0.0000000000
53372  -23.798  -68.819  1.487 0.0000000000
53373  -23.104  -69.446  1.479 0.0000000000
53374  -17.474  -68.885  1.001 0.0000000000
53375  -18.393  -68.565  0.855 0.0000000000
53376  -17.378  -68.275  0.904 0.0000000000
53377  -17.376  -67.634  0.804 0.0000000000
53378  -16.432  -67.928  1.009 0.0000000000
53383  -12.907  -76.998  3.740 0.0000000000
53384  -12.688  -76.425  3.566 0.0000000000
53385  -13.227  -76.053  3.470 0.0000000000
53386  -12.398  -75.844  3.419 0.0000000000
53393  -10.466  -71.939  2.840 0.0000000000
53395  -10.882  -70.903  2.691 0.0000000000
56026  -16.936  -76.383  9.573 0.0000000000
56027  -17.365  -76.492  8.895 0.0000000000
56028  -16.949  -76.899  9.222 0.0000000000
56029  -16.492  -78.200  8.592 0.0000000000
56030  -16.838  -77.769  8.362 0.0000000000
56031  -16.752  -78.153  7.831 0.0000000000
56032  -17.037  -78.062  7.053 0.0000000000
56033  -16.623  -78.502  7.234 0.0000000000
61739  -19.706  -60.433  13.196 0.0000000000
61740  -20.039  -61.198  12.310 0.0000000000
61741  -20.059  -61.042  12.868 0.0000000000
61742  -20.586  -62.351  12.725 0.0000000000
61743  -20.541  -62.337  12.266 0.0000000000
61744  -20.682  -63.133  11.825 0.0000000000
61745  -20.709  -63.854  10.864 0.0000000000
61746  -20.729  -63.800  11.377 0.0000000000
61747  -18.724  -67.225  11.349 0.0000000000
61748  -18.747  -67.255  10.844 0.0000000000
61749  -18.158  -67.496  10.478 0.0000000000
61750  -16.839  -67.917  8.006 0.0000000000
61751  -17.357  -67.879  8.384 0.0000000000
61752  -17.234  -68.159  7.633 0.0000000000
61753  -17.624  -68.378  7.402 0.0000000000
61754  -17.186  -68.574  7.265 0.0000000000
61755  -17.048  -69.079  7.391 0.0000000000
61756  -16.675  -68.748  7.213 0.0000000000
61757  -15.107  -68.875  7.184 0.0000000000
61758  -15.541  -69.307  7.415 0.0000000000
61759  -15.029  -69.598  7.666 0.0000000000
61760  -14.952  -70.229  8.430 0.0000000000
61761  -14.489  -69.886  8.036 0.0000000000
62130  -16.447  -57.814  17.942 0.0000000000
62131  -15.455  -57.601  17.801 0.0000000000
62132  -16.406  -57.737  17.508 0.0000000000
62133  -17.196  -57.915  16.238 0.0000000000
62134  -16.302  -57.677  16.550 0.0000000000
62135  -16.298  -57.654  16.043 0.0000000000
62136  -15.431  -57.511  15.803 0.0000000000
62137  -16.330  -57.744  15.505 0.0000000000
62138  -16.391  -57.877  14.974 0.0000000000
62139  -17.164  -58.081  15.173 0.0000000000
62140  -19.255  -59.556  14.394 0.0000000000
62141  -18.626  -59.061  14.332 0.0000000000
62142  -19.221  -59.715  13.839 0.0000000000
62956  -23.006  -68.541  8.058 0.0000000000
62957  -23.446  -68.372  7.909 0.0000000000
62958  -23.284  -69.056  7.792 0.0000000000
62959  -23.404  -70.651  6.820 0.0000000000
62960  -23.743  -69.995  7.024 0.0000000000
62961  -23.888  -70.333  6.573 0.0000000000
62962  -24.308  -70.035  6.256 0.0000000000
62963  -23.983  -70.702  6.058 0.0000000000
62964  -20.430  -74.683  3.101 0.0000000000
62965  -21.002  -74.224  3.119 0.0000000000
62966  -20.542  -74.172  2.749 0.0000000000
62967  -20.103  -72.800  1.921 0.0000000000
62968  -20.645  -72.971  2.115 0.0000000000
62969  -20.766  -72.328  1.842 0.0000000000
62970  -21.450  -71.882  1.867 0.0000000000
62971  -20.858  -71.731  1.647 0.0000000000
62972  -20.946  -71.111  1.451 0.0000000000
62973  -20.230  -71.567  1.488 0.0000000000
62974  -17.851  -71.487  1.509 0.0000000000
62975  -18.663  -71.116  1.364 0.0000000000
62976  -17.817  -70.835  1.355 0.0000000000
62977  -17.721  -70.194  1.228 0.0000000000
62978  -16.786  -70.533  1.401 0.0000000000
63807  -26.589  -63.258  5.849 0.0000000000
63809  -26.775  -63.411  5.311 0.0000000000
63811  -26.902  -64.242  4.739 0.0000000000
68939  -20.258  -60.286  17.172 0.0000000000
68940  -20.606  -60.974  16.456 0.0000000000
68941  -20.749  -61.041  16.887 0.0000000000
68942  -21.597  -62.731  16.481 0.0000000000
68943  -21.414  -62.592  16.088 0.0000000000
68944  -21.561  -63.352  15.668 0.0000000000
68945  -21.474  -63.947  14.778 0.0000000000
68955  -20.077  -66.531  12.940 0.0000000000
68956  -20.161  -66.691  13.322 0.0000000000
68957  -18.720  -67.246  13.252 0.0000000000
68958  -18.700  -67.144  12.806 0.0000000000
68959  -18.008  -67.215  12.663 0.0000000000
68960  -17.286  -67.330  11.994 0.0000000000
68961  -17.341  -67.225  12.594 0.0000000000
69327  -12.700  -58.968  19.797 0.0000000000
69328  -12.630  -58.664  19.469 0.0000000000
69329  -13.659  -58.600  19.745 0.0000000000
69333  -17.709  -58.789  19.599 0.0000000000
69334  -16.763  -58.655  19.877 0.0000000000
69335  -16.687  -58.468  19.521 0.0000000000
69336  -15.632  -58.263  19.406 0.0000000000
69337  -16.616  -58.262  19.174 0.0000000000
69338  -16.525  -58.106  18.805 0.0000000000
69339  -17.546  -58.434  18.893 0.0000000000
69340  -19.881  -59.738  18.085 0.0000000000
69341  -19.125  -59.095  18.148 0.0000000000
69342  -19.765  -59.610  17.705 0.0000000000
69343  -19.652  -59.556  17.286 0.0000000000
70156  -20.363  -73.023  7.576 0.0000000000
70157  -20.865  -73.014  7.220 0.0000000000
70158  -20.455  -73.574  7.226 0.0000000000
70159  -20.026  -74.936  6.643 0.0000000000
70160  -20.477  -74.468  6.530 0.0000000000
70161  -20.423  -74.872  6.191 0.0000000000
70162  -20.816  -74.749  5.747 0.0000000000
70163  -20.374  -75.194  5.817 0.0000000000
70164  -18.227  -76.516  7.468 0.0000000000
70165  -18.673  -76.164  7.228 0.0000000000
70166  -18.592  -76.497  6.840 0.0000000000
70167  -18.996  -76.570  5.237 0.0000000000
70168  -19.301  -76.338  5.653 0.0000000000
70169  -19.523  -76.185  5.070 0.0000000000
70170  -20.059  -75.735  5.009 0.0000000000
70171  -19.812  -75.947  4.543 0.0000000000
70172  -20.069  -75.575  4.022 0.0000000000
70173  -19.476  -75.998  4.075 0.0000000000
70174  -17.941  -76.158  3.471 0.0000000000
70175  -18.614  -75.819  3.285 0.0000000000
70176  -18.015  -75.641  3.115 0.0000000000
70177  -18.011  -75.101  2.830 0.0000000000
70178  -17.364  -75.405  3.032 0.0000000000
71911  -19.221  -64.096  0.204 0.0000000000
87310  -21.797  -65.374  8.730 0.0000000000
87311  -21.776  -64.745  8.881 0.0000000000
87312  -22.055  -65.436  8.718 0.0000000000
87313  -22.329  -65.509  8.724 0.0000000000
87314  -22.266  -66.199  8.674 0.0000000000
87315  -22.491  -66.985  8.543 0.0000000000
87316  -22.147  -66.846  8.605 0.0000000000
87317  -21.464  -67.845  8.512 0.0000000000
87318  -21.808  -68.043  8.498 0.0000000000
87319  -21.547  -68.616  8.422 0.0000000000
87320  -21.668  -69.410  8.202 0.0000000000
87321  -21.256  -69.185  8.352 0.0000000000
87322  -20.981  -62.386  14.704 0.0000000000
87323  -20.881  -62.339  14.212 0.0000000000
87324  -21.008  -63.019  13.781 0.0000000000
87325  -20.646  -65.126  11.445 0.0000000000
87326  -20.801  -64.419  11.901 0.0000000000
87327  -20.604  -65.162  10.936 0.0000000000
87328  -20.586  -65.161  10.401 0.0000000000
87329  -20.394  -65.764  10.003 0.0000000000
87330  -18.907  -67.249  9.672 0.0000000000
87331  -19.418  -66.793  10.099 0.0000000000
87332  -19.052  -67.237  9.145 0.0000000000
87333  -19.536  -67.795  8.015 0.0000000000
87334  -19.512  -67.288  8.268 0.0000000000
87335  -19.905  -67.389  8.204 0.0000000000
87336  -20.256  -66.917  8.478 0.0000000000
87337  -20.266  -67.526  8.186 0.0000000000
87338  -20.561  -67.575  8.296 0.0000000000
87339  -20.201  -68.052  8.214 0.0000000000
87340  -19.706  -69.651  8.360 0.0000000000
87341  -20.108  -69.272  8.419 0.0000000000
87342  -20.150  -69.981  8.357 0.0000000000
87343  -20.611  -70.280  8.227 0.0000000000
87344  -20.232  -70.716  8.210 0.0000000000
87345  -20.389  -71.526  8.022 0.0000000000
87346  -19.902  -71.171  8.209 0.0000000000
87347  -18.638  -71.680  8.600 0.0000000000
87348  -19.111  -72.032  8.428 0.0000000000
87349  -18.656  -72.486  8.658 0.0000000000
87350  -18.717  -73.317  8.647 0.0000000000
87351  -18.253  -72.947  8.943 0.0000000000
87352  -16.723  -70.186  8.221 0.0000000000
87353  -17.131  -70.491  8.495 0.0000000000
87354  -16.684  -70.849  8.800 0.0000000000
87355  -16.447  -72.798  10.063 0.0000000000
87356  -16.835  -72.433  9.654 0.0000000000
87357  -16.942  -73.278  9.809 0.0000000000
87358  -17.448  -73.734  9.515 0.0000000000
87359  -17.012  -74.096  9.861 0.0000000000
87360  -17.071  -74.881  9.882 0.0000000000
87385  -16.036  -67.278  13.613 0.0000000000
87386  -16.764  -67.298  13.659 0.0000000000
87387  -16.020  -67.234  12.982 0.0000000000
87388  -16.010  -67.281  12.364 0.0000000000
87389  -15.337  -67.354  12.197 0.0000000000
87393  -12.608  -69.254  15.012 0.0000000000
87395  -13.344  -69.052  15.096 0.0000000000
87396  -14.039  -69.007  15.098 0.0000000000
87397  -13.311  -68.562  14.709 0.0000000000
87400  -10.204  -68.160  12.454 0.0000000000
87401  -11.887  -67.729  12.058 0.0000000000
87402  -11.844  -67.882  12.770 0.0000000000
87403  -12.610  -67.756  12.925 0.0000000000
87404  -13.298  -67.815  13.697 0.0000000000
87405  -13.327  -67.614  13.114 0.0000000000
87406  -13.986  -67.464  13.282 0.0000000000
87407  -13.395  -67.500  12.498 0.0000000000
87408  -12.835  -67.626  9.700 0.0000000000
87409  -13.440  -67.626  10.868 0.0000000000
87410  -13.510  -67.663  9.906 0.0000000000
87411  -14.208  -67.663  10.171 0.0000000000
87412  -13.716  -67.650  9.055 0.0000000000
87413  -13.967  -67.758  8.274 0.0000000000
87414  -13.307  -67.837  8.155 0.0000000000
87415  -12.360  -69.516  8.523 0.0000000000
87416  -12.941  -69.234  8.063 0.0000000000
87417  -12.876  -69.930  8.839 0.0000000000
88478  -13.516  -57.468  17.316 0.0000000000
88479  -12.594  -57.655  17.449 0.0000000000
88480  -12.614  -57.563  16.982 0.0000000000
90953  -25.038  -64.827  7.655 0.0000000000
90954  -24.364  -67.846  7.584 0.0000000000
90955  -24.447  -67.047  7.736 0.0000000000
90956  -24.788  -67.488  7.356 0.0000000000
90957  -25.608  -66.954  6.347 0.0000000000
90958  -25.407  -66.612  6.790 0.0000000000
90959  -25.678  -66.132  6.585 0.0000000000
90960  -25.711  -65.339  6.881 0.0000000000
90961  -25.954  -65.615  6.386 0.0000000000
90962  -26.230  -65.062  6.231 0.0000000000
90963  -26.192  -65.870  5.907 0.0000000000
90964  -26.266  -67.054  4.560 0.0000000000
90965  -26.479  -66.263  4.877 0.0000000000
90966  -26.459  -66.431  4.309 0.0000000000
90967  -26.623  -65.756  4.134 0.0000000000
90968  -26.363  -66.519  3.814 0.0000000000
90969  -21.873  -73.040  6.414 0.0000000000
90970  -22.332  -72.527  6.439 0.0000000000
90971  -22.364  -72.883  6.001 0.0000000000
90972  -23.144  -72.635  4.765 0.0000000000
90973  -23.206  -72.380  5.233 0.0000000000
90974  -23.606  -72.053  4.842 0.0000000000
90975  -24.046  -71.414  5.027 0.0000000000
90976  -23.996  -71.625  4.512 0.0000000000
90977  -22.141  -73.132  3.058 0.0000000000
90978  -22.513  -73.077  3.454 0.0000000000
90979  -22.756  -72.609  3.075 0.0000000000
90980  -24.184  -70.835  2.915 0.0000000000
90981  -23.926  -71.398  3.258 0.0000000000
90982  -24.442  -70.762  3.362 0.0000000000
90983  -24.645  -70.617  3.845 0.0000000000
90984  -24.933  -70.069  3.509 0.0000000000
90985  -25.375  -69.301  3.724 0.0000000000
90986  -25.220  -69.453  3.263 0.0000000000
90987  -25.283  -68.187  2.359 0.0000000000
90988  -25.545  -68.164  2.790 0.0000000000
90989  -25.749  -67.423  2.610 0.0000000000
90990  -26.124  -66.665  2.850 0.0000000000
90991  -25.861  -66.698  2.347 0.0000000000
90992  -25.928  -65.999  2.111 0.0000000000
90993  -25.531  -66.730  1.917 0.0000000000
90994  -23.911  -67.475  1.101 0.0000000000
90995  -24.530  -66.811  1.154 0.0000000000
90996  -23.907  -66.762  0.878 0.0000000000
90997  -23.923  -66.106  0.667 0.0000000000
90998  -23.258  -66.701  0.679 0.0000000000
90999  -21.016  -69.773  1.143 0.0000000000
91000  -21.743  -69.250  1.072 0.0000000000
91001  -21.022  -69.126  0.985 0.0000000000
91002  -20.171  -67.676  0.659 0.0000000000
91003  -20.987  -67.818  0.704 0.0000000000
91004  -20.971  -67.140  0.587 0.0000000000
91005  -21.764  -66.527  0.532 0.0000000000
91006  -20.923  -66.422  0.531 0.0000000000
91007  -20.995  -65.775  0.452 0.0000000000
91008  -20.101  -66.311  0.550 0.0000000000
91010  -18.274  -66.016  0.541 0.0000000000
91017  -15.557  -79.574  5.948 0.0000000000
91018  -15.865  -79.498  6.663 0.0000000000
91019  -15.767  -79.192  5.929 0.0000000000
91020  -16.035  -78.748  5.995 0.0000000000
91021  -15.648  -78.774  5.387 0.0000000000
91025  -14.213  -77.405  4.041 0.0000000000
91026  -14.333  -77.954  4.240 0.0000000000
91027  -14.861  -77.646  4.237 0.0000000000
91028  -15.477  -77.832  4.563 0.0000000000
91029  -15.465  -77.307  4.171 0.0000000000
91030  -15.986  -77.008  4.060 0.0000000000
91031  -15.340  -76.778  3.874 0.0000000000
91032  -14.457  -75.466  3.226 0.0000000000
91033  -15.245  -75.761  3.292 0.0000000000
91034  -15.094  -75.196  3.053 0.0000000000
91035  -15.853  -74.933  2.947 0.0000000000
91036  -14.933  -74.643  2.882 0.0000000000
91048  -9.424  -73.421  3.392 0.0000000000
91050  -9.762  -74.135  3.333 0.0000000000
91051  -10.170  -74.834  3.348 0.0000000000
91052  -10.757  -74.389  3.181 0.0000000000
91053  -11.766  -74.650  3.112 0.0000000000
91054  -11.390  -73.992  2.976 0.0000000000
91055  -12.437  -72.682  2.559 0.0000000000
91056  -12.768  -73.297  2.669 0.0000000000
91057  -13.432  -73.056  2.534 0.0000000000
91058  -14.432  -73.429  2.530 0.0000000000
91059  -14.226  -72.809  2.384 0.0000000000
91060  -15.152  -72.557  2.181 0.0000000000
91061  -14.001  -72.121  2.280 0.0000000000
91062  -12.535  -70.330  2.281 0.0000000000
91063  -13.622  -70.730  2.092 0.0000000000
91064  -13.480  -70.077  2.048 0.0000000000
91065  -14.487  -69.784  1.782 0.0000000000
93521  -16.537  -77.275  9.540 0.0000000000
93523  -16.182  -78.203  9.294 0.0000000000
93524  -16.213  -78.670  8.700 0.0000000000
96947  -19.757  -60.256  14.290 0.0000000000
96948  -20.084  -60.943  13.439 0.0000000000
96949  -20.109  -60.906  13.970 0.0000000000
96950  -20.403  -61.595  13.604 0.0000000000
96951  -20.661  -62.319  13.191 0.0000000000
96952  -17.420  -67.561  10.815 0.0000000000
96953  -17.550  -67.637  10.113 0.0000000000
96954  -16.940  -67.721  9.741 0.0000000000
96955  -16.578  -67.813  8.677 0.0000000000
96956  -16.366  -67.943  7.725 0.0000000000
96957  -16.254  -68.379  7.190 0.0000000000
96958  -15.811  -68.044  7.453 0.0000000000
96959  -15.255  -68.222  7.302 0.0000000000
96960  -14.715  -68.457  7.288 0.0000000000
97182  -18.195  -58.351  17.303 0.0000000000
97183  -17.279  -57.936  17.199 0.0000000000
97184  -18.082  -58.329  16.827 0.0000000000
97185  -18.057  -58.303  16.340 0.0000000000
97186  -17.967  -58.345  15.835 0.0000000000
97187  -17.962  -58.421  15.315 0.0000000000
97188  -18.642  -58.806  15.428 0.0000000000
97189  -19.260  -59.514  14.895 0.0000000000
97678  -22.503  -69.852  7.813 0.0000000000
97679  -23.026  -69.728  7.641 0.0000000000
97680  -22.694  -70.385  7.472 0.0000000000
97681  -22.898  -70.881  7.063 0.0000000000
97682  -23.047  -71.301  6.644 0.0000000000
97683  -19.428  -74.377  2.514 0.0000000000
97684  -20.004  -74.021  2.456 0.0000000000
97685  -19.431  -73.803  2.247 0.0000000000
97686  -19.460  -73.227  2.003 0.0000000000
97687  -19.478  -72.590  1.760 0.0000000000
97688  -19.499  -71.988  1.562 0.0000000000
97689  -18.747  -72.381  1.682 0.0000000000
97690  -17.926  -72.145  1.667 0.0000000000
97691  -16.982  -71.862  1.723 0.0000000000
98190  -26.324  -63.067  6.360 0.0000000000
98191  -26.557  -63.894  5.865 0.0000000000
101267  -20.530  -60.476  17.975 0.0000000000
101268  -20.913  -61.148  17.261 0.0000000000
101269  -21.079  -61.275  17.651 0.0000000000
101270  -21.534  -62.051  17.294 0.0000000000
101280  -18.820  -67.342  13.714 0.0000000000
101504  -18.710  -59.428  19.952 0.0000000000
101505  -18.646  -59.225  19.625 0.0000000000
101506  -18.634  -59.000  19.309 0.0000000000
101507  -18.507  -58.864  18.917 0.0000000000
101508  -19.361  -59.399  18.905 0.0000000000
101509  -20.000  -59.855  18.498 0.0000000000
101998  -19.537  -73.953  7.852 0.0000000000
101999  -20.014  -74.014  7.357 0.0000000000
102000  -19.575  -74.470  7.505 0.0000000000
102001  -19.584  -74.939  7.156 0.0000000000
102002  -19.594  -75.347  6.798 0.0000000000
102003  -17.968  -77.222  6.593 0.0000000000
102004  -18.467  -76.806  6.396 0.0000000000
102005  -18.248  -77.094  5.954 0.0000000000
102006  -18.448  -76.949  5.327 0.0000000000
102007  -18.650  -76.712  4.781 0.0000000000
102008  -18.863  -76.391  4.176 0.0000000000
102009  -18.255  -76.760  4.319 0.0000000000
102010  -17.795  -76.632  3.943 0.0000000000
102011  -17.264  -76.473  3.683 0.0000000000
112288  -20.937  -63.915  9.922 0.0000000000
112289  -21.165  -63.923  9.656 0.0000000000
112290  -21.315  -64.586  9.237 0.0000000000
112291  -21.564  -65.309  8.785 0.0000000000
112292  -21.742  -66.009  8.590 0.0000000000
112293  -21.888  -66.692  8.545 0.0000000000
112294  -21.622  -66.599  8.491 0.0000000000
112295  -21.405  -67.161  8.470 0.0000000000
112296  -21.158  -67.735  8.433 0.0000000000
112297  -21.225  -63.783  13.847 0.0000000000
112298  -21.057  -63.700  13.359 0.0000000000
112299  -20.997  -64.407  12.909 0.0000000000
112300  -20.653  -65.078  11.923 0.0000000000
112301  -20.342  -65.750  10.991 0.0000000000
112302  -18.489  -68.019  7.989 0.0000000000
112303  -18.947  -67.661  8.324 0.0000000000
112304  -18.833  -68.107  7.878 0.0000000000
112305  -19.178  -68.215  7.881 0.0000000000
112306  -19.468  -68.335  8.050 0.0000000000
112307  -19.805  -68.481  8.171 0.0000000000
112308  -19.360  -68.853  8.180 0.0000000000
112309  -19.322  -69.384  8.246 0.0000000000
112310  -19.344  -70.056  8.348 0.0000000000
112311  -19.462  -70.829  8.307 0.0000000000
112312  -18.947  -70.453  8.396 0.0000000000
112313  -18.508  -70.824  8.491 0.0000000000
112314  -18.130  -71.245  8.610 0.0000000000
112315  -15.780  -70.840  9.022 0.0000000000
112316  -16.249  -71.207  9.182 0.0000000000
112317  -15.808  -71.580  9.608 0.0000000000
112334  -17.507  -67.796  14.481 0.0000000000
112335  -16.790  -67.796  14.504 0.0000000000
112336  -16.058  -67.489  14.093 0.0000000000
112337  -15.322  -67.308  13.531 0.0000000000
112342  -11.742  -68.942  14.465 0.0000000000
112344  -10.255  -67.907  11.753 0.0000000000
112345  -10.347  -67.730  10.973 0.0000000000
112346  -11.207  -67.691  11.123 0.0000000000
112347  -11.920  -67.621  11.309 0.0000000000
112348  -12.648  -67.617  11.535 0.0000000000
112349  -12.016  -67.594  10.426 0.0000000000
112350  -12.151  -67.631  9.546 0.0000000000
112351  -12.373  -67.703  8.743 0.0000000000
112352  -12.647  -68.007  8.190 0.0000000000
112353  -11.967  -68.214  8.294 0.0000000000
112354  -11.773  -68.946  8.416 0.0000000000
112986  -10.827  -59.129  18.689 0.0000000000
112988  -10.844  -58.881  18.339 0.0000000000
112989  -10.840  -58.673  17.938 0.0000000000
112990  -10.813  -58.444  17.569 0.0000000000
112991  -13.567  -57.389  16.321 0.0000000000
112992  -12.659  -57.505  16.498 0.0000000000
114476  -24.470  -65.599  7.977 0.0000000000
114477  -24.827  -68.603  6.680 0.0000000000
114478  -25.010  -67.859  6.885 0.0000000000
114479  -25.182  -68.177  6.388 0.0000000000
114480  -25.523  -67.750  6.091 0.0000000000
114481  -25.782  -67.244  5.854 0.0000000000
114482  -26.083  -66.704  5.609 0.0000000000
114483  -25.929  -67.482  5.342 0.0000000000
114484  -26.017  -67.683  4.842 0.0000000000
114485  -26.005  -67.802  4.280 0.0000000000
114486  -21.845  -73.761  5.584 0.0000000000
114487  -22.348  -73.210  5.563 0.0000000000
114488  -22.300  -73.521  5.152 0.0000000000
114489  -22.647  -73.210  4.744 0.0000000000
114490  -23.037  -72.848  4.337 0.0000000000
114491  -22.582  -71.982  2.403 0.0000000000
114492  -23.006  -72.018  2.759 0.0000000000
114493  -23.225  -71.462  2.506 0.0000000000
114494  -23.814  -70.849  2.564 0.0000000000
114495  -24.369  -70.206  2.641 0.0000000000
114496  -24.925  -69.539  2.823 0.0000000000
114497  -24.531  -69.568  2.412 0.0000000000
114498  -24.742  -68.930  2.189 0.0000000000
114499  -24.939  -68.172  1.959 0.0000000000
114500  -25.046  -67.458  1.754 0.0000000000
114501  -24.434  -68.176  1.593 0.0000000000
114502  -23.855  -68.141  1.313 0.0000000000
114503  -23.236  -68.075  1.081 0.0000000000
114504  -19.458  -69.426  0.974 0.0000000000
114505  -20.293  -68.977  0.932 0.0000000000
114506  -19.411  -68.802  0.857 0.0000000000
114507  -19.318  -68.149  0.750 0.0000000000
114508  -19.262  -67.499  0.665 0.0000000000
114509  -19.204  -66.833  0.622 0.0000000000
114510  -18.301  -67.273  0.696 0.0000000000
114511  -17.283  -67.009  0.741 0.0000000000
114521  -13.580  -77.202  3.863 0.0000000000
114522  -14.116  -76.858  3.811 0.0000000000
114523  -14.655  -76.532  3.712 0.0000000000
114524  -13.943  -76.281  3.574 0.0000000000
114525  -13.800  -75.723  3.322 0.0000000000
114526  -13.611  -75.163  3.172 0.0000000000
114536  -10.110  -73.032  3.087 0.0000000000
114537  -11.088  -73.329  2.893 0.0000000000
114538  -10.721  -72.631  2.840 0.0000000000
114539  -11.443  -72.316  2.640 0.0000000000
114540  -12.115  -71.992  2.497 0.0000000000
114541  -12.935  -71.711  2.379 0.0000000000
114542  -11.878  -71.300  2.508 0.0000000000
114543  -11.662  -70.620  2.487 0.0000000000
118372  -17.798  -75.564  8.904 0.0000000000
118373  -18.277  -75.728  8.205 0.0000000000
118374  -17.803  -76.101  8.561 0.0000000000
118375  -17.803  -76.530  8.174 0.0000000000
118376  -17.752  -76.924  7.772 0.0000000000
118377  -16.908  -77.367  8.839 0.0000000000
118378  -17.270  -77.352  8.068 0.0000000000
118379  -17.650  -77.289  7.357 0.0000000000
118380  -17.483  -77.620  6.870 0.0000000000
118381  -17.199  -77.867  6.354 0.0000000000
118382  -16.868  -78.021  5.853 0.0000000000
126375  -20.544  -62.586  11.220 0.0000000000
126376  -20.324  -61.640  12.598 0.0000000000
126377  -20.532  -62.430  11.752 0.0000000000
126378  -20.711  -63.200  10.843 0.0000000000
126379  -20.805  -63.907  10.318 0.0000000000
126380  -20.860  -64.577  9.802 0.0000000000
126381  -20.814  -65.223  9.339 0.0000000000
126382  -19.976  -66.475  12.023 0.0000000000
126383  -19.938  -66.369  11.564 0.0000000000
126384  -19.370  -66.865  11.204 0.0000000000
126385  -18.794  -67.229  10.252 0.0000000000
126386  -18.367  -67.553  9.273 0.0000000000
126387  -17.639  -67.662  9.418 0.0000000000
126388  -17.860  -67.756  8.817 0.0000000000
126389  -18.124  -67.876  8.330 0.0000000000
126390  -18.059  -68.211  7.649 0.0000000000
126391  -17.925  -68.641  7.450 0.0000000000
126392  -17.841  -69.089  7.609 0.0000000000
126393  -17.735  -69.567  7.917 0.0000000000
126394  -17.392  -69.322  7.673 0.0000000000
126395  -16.875  -69.586  7.688 0.0000000000
126396  -16.375  -69.882  7.919 0.0000000000
126397  -16.086  -69.007  7.257 0.0000000000
126398  -15.978  -69.653  7.666 0.0000000000
126399  -15.898  -70.196  8.300 0.0000000000
126400  -15.399  -70.525  8.759 0.0000000000
126401  -14.873  -70.847  9.189 0.0000000000
126918  -14.485  -57.761  18.457 0.0000000000
126919  -13.592  -57.727  18.237 0.0000000000
126920  -14.503  -57.590  18.047 0.0000000000
126921  -14.483  -57.476  17.599 0.0000000000
126922  -14.462  -57.400  17.112 0.0000000000
126923  -16.310  -57.705  17.054 0.0000000000
126924  -15.407  -57.485  16.829 0.0000000000
126925  -14.487  -57.360  16.602 0.0000000000
126926  -14.522  -57.381  16.087 0.0000000000
126927  -14.585  -57.457  15.565 0.0000000000
126933  -17.935  -58.519  14.777 0.0000000000
126934  -17.913  -58.667  14.239 0.0000000000
128074  -23.245  -67.144  8.232 0.0000000000
128075  -23.687  -66.927  8.124 0.0000000000
128076  -23.577  -67.650  8.029 0.0000000000
128077  -23.884  -68.189  7.828 0.0000000000
128078  -24.208  -68.600  7.433 0.0000000000
128079  -23.531  -69.546  7.438 0.0000000000
128080  -24.046  -69.326  7.208 0.0000000000
128081  -24.425  -68.968  6.973 0.0000000000
128082  -24.580  -69.320  6.467 0.0000000000
128083  -24.739  -69.652  5.944 0.0000000000
128084  -24.804  -69.937  5.384 0.0000000000
128085  -21.113  -74.657  3.943 0.0000000000
128086  -21.711  -74.119  3.942 0.0000000000
128087  -21.388  -74.214  3.535 0.0000000000
128088  -21.562  -73.703  3.108 0.0000000000
128089  -21.690  -73.155  2.677 0.0000000000
128090  -20.593  -73.601  2.407 0.0000000000
128091  -21.188  -73.092  2.371 0.0000000000
128092  -21.890  -72.532  2.398 0.0000000000
128093  -22.005  -71.985  2.132 0.0000000000
128094  -22.119  -71.360  1.887 0.0000000000
128095  -22.267  -70.699  1.646 0.0000000000
128096  -22.339  -70.029  1.435 0.0000000000
128097  -21.679  -70.600  1.437 0.0000000000
128098  -21.005  -70.468  1.270 0.0000000000
128099  -20.239  -70.298  1.141 0.0000000000
128100  -19.443  -71.358  1.407 0.0000000000
128101  -19.465  -70.731  1.252 0.0000000000
128102  -19.535  -70.064  1.089 0.0000000000
128103  -18.675  -69.842  1.052 0.0000000000
128104  -17.711  -69.594  1.067 0.0000000000
128105  -16.635  -69.267  1.199 0.0000000000
135707  -20.026  -60.198  16.302 0.0000000000
135708  -20.319  -60.887  15.515 0.0000000000
135709  -20.474  -60.936  16.003 0.0000000000
135710  -20.856  -61.683  15.625 0.0000000000
135711  -21.115  -62.416  15.186 0.0000000000
135712  -21.180  -61.840  16.515 0.0000000000
135713  -21.259  -62.463  15.669 0.0000000000
135714  -21.289  -63.138  14.768 0.0000000000
135715  -21.357  -63.853  14.312 0.0000000000
135716  -21.273  -64.526  13.824 0.0000000000
135717  -20.979  -65.252  13.330 0.0000000000
135726  -20.551  -65.915  12.887 0.0000000000
135727  -20.020  -66.492  12.484 0.0000000000
135728  -19.385  -66.936  12.102 0.0000000000
135729  -18.669  -67.178  11.887 0.0000000000
135730  -19.449  -66.980  13.040 0.0000000000
135731  -18.649  -67.138  12.337 0.0000000000
135732  -17.968  -67.348  11.696 0.0000000000
135733  -17.301  -67.453  11.446 0.0000000000
135734  -16.648  -67.505  11.150 0.0000000000
135735  -16.090  -67.576  10.953 0.0000000000
136200  -11.710  -58.840  19.133 0.0000000000
136201  -12.604  -58.412  19.139 0.0000000000
136202  -13.532  -58.123  19.035 0.0000000000
136206  -16.822  -58.928  20.190 0.0000000000
136207  -15.762  -58.708  20.076 0.0000000000
136208  -14.688  -58.617  19.903 0.0000000000
136209  -14.621  -58.358  19.583 0.0000000000
136210  -14.538  -58.108  19.235 0.0000000000
136211  -14.512  -57.927  18.859 0.0000000000
136212  -15.462  -57.874  18.623 0.0000000000
136213  -16.447  -57.959  18.374 0.0000000000
136214  -17.378  -58.115  18.137 0.0000000000
136215  -18.410  -58.699  18.567 0.0000000000
136216  -18.283  -58.551  18.176 0.0000000000
136217  -18.210  -58.429  17.775 0.0000000000
136218  -18.966  -58.897  17.352 0.0000000000
136219  -19.554  -59.501  16.854 0.0000000000
137248  -21.174  -72.151  7.470 0.0000000000
137249  -21.689  -72.138  7.152 0.0000000000
137250  -21.290  -72.598  7.161 0.0000000000
137251  -21.368  -73.057  6.795 0.0000000000
137252  -21.411  -73.514  6.397 0.0000000000
137253  -20.507  -74.029  6.860 0.0000000000
137254  -20.941  -74.007  6.425 0.0000000000
137255  -21.377  -73.930  6.024 0.0000000000
137256  -21.310  -74.279  5.660 0.0000000000
137257  -21.214  -74.583  5.275 0.0000000000
137258  -21.097  -74.852  4.849 0.0000000000
137259  -18.722  -75.772  7.553 0.0000000000
137260  -19.142  -75.764  6.997 0.0000000000
137261  -19.548  -75.688  6.431 0.0000000000
137262  -18.959  -76.410  6.240 0.0000000000
137263  -19.457  -76.008  6.049 0.0000000000
137264  -19.911  -75.617  5.915 0.0000000000
137265  -20.246  -75.482  5.429 0.0000000000
137266  -20.592  -75.289  4.930 0.0000000000
137267  -20.889  -74.998  4.403 0.0000000000
137268  -20.632  -75.096  3.943 0.0000000000
137269  -20.308  -75.151  3.487 0.0000000000
137270  -19.886  -75.115  3.131 0.0000000000
137271  -19.082  -75.943  3.643 0.0000000000
137272  -19.268  -75.495  3.166 0.0000000000
137273  -19.384  -74.934  2.826 0.0000000000
137274  -18.788  -74.728  2.616 0.0000000000
137275  -18.084  -74.528  2.525 0.0000000000
137276  -17.326  -74.287  2.515 0.0000000000
158023  -21.392  -64.029  9.360 0.0000000000
158027  -22.611  -65.590  8.656 0.0000000000
158028  -22.918  -66.387  8.482 0.0000000000
158029  -22.840  -67.081  8.413 0.0000000000
158030  -22.739  -67.751  8.333 0.0000000000
158031  -22.603  -68.444  8.239 0.0000000000
158032  -22.002  -67.433  8.552 0.0000000000
158033  -22.175  -68.278  8.367 0.0000000000
158034  -22.369  -69.084  8.126 0.0000000000
158035  -22.090  -69.664  8.016 0.0000000000
158036  -21.784  -70.233  7.917 0.0000000000
158037  -21.475  -70.794  7.846 0.0000000000
158038  -20.551  -61.583  14.609 0.0000000000
158039  -20.731  -62.285  13.704 0.0000000000
158040  -20.805  -62.983  12.788 0.0000000000
158041  -20.952  -63.703  12.835 0.0000000000
158042  -20.848  -63.707  12.344 0.0000000000
158043  -20.763  -63.742  11.894 0.0000000000
158044  -20.701  -64.489  10.883 0.0000000000
158045  -20.668  -65.198  9.867 0.0000000000
158046  -20.707  -65.832  9.031 0.0000000000
158047  -19.936  -66.322  11.060 0.0000000000
158048  -19.916  -66.278  10.557 0.0000000000
158049  -19.982  -66.327  10.066 0.0000000000
158050  -19.289  -67.273  8.696 0.0000000000
158051  -19.683  -66.843  9.123 0.0000000000
158052  -20.064  -66.344  9.572 0.0000000000
158053  -20.266  -66.320  9.099 0.0000000000
158054  -20.540  -66.375  8.804 0.0000000000
158055  -20.879  -66.452  8.572 0.0000000000
158056  -20.895  -67.053  8.414 0.0000000000
158057  -20.869  -67.654  8.376 0.0000000000
158058  -20.816  -68.273  8.441 0.0000000000
158059  -20.100  -68.572  8.349 0.0000000000
158060  -20.443  -68.785  8.441 0.0000000000
158061  -20.789  -68.995  8.484 0.0000000000
158062  -20.946  -69.753  8.285 0.0000000000
158063  -21.038  -70.531  8.068 0.0000000000
158064  -21.105  -71.347  7.805 0.0000000000
158065  -20.781  -71.827  7.792 0.0000000000
158066  -20.397  -72.280  7.840 0.0000000000
158067  -19.979  -72.750  7.936 0.0000000000
158068  -19.536  -71.607  8.279 0.0000000000
158069  -19.563  -72.401  8.220 0.0000000000
158070  -19.581  -73.236  8.122 0.0000000000
158071  -19.175  -73.699  8.308 0.0000000000
158072  -18.770  -74.112  8.487 0.0000000000
158073  -18.340  -74.513  8.733 0.0000000000
158074  -17.669  -70.108  8.212 0.0000000000
158075  -17.651  -70.818  8.591 0.0000000000
158076  -17.685  -71.659  8.899 0.0000000000
158077  -16.722  -71.567  9.329 0.0000000000
158078  -17.239  -72.051  9.263 0.0000000000
158079  -17.743  -72.529  9.125 0.0000000000
158080  -17.867  -73.368  9.227 0.0000000000
158081  -17.920  -74.154  9.163 0.0000000000
158082  -17.880  -74.881  9.061 0.0000000000
158083  -17.456  -75.235  9.429 0.0000000000
158084  -17.035  -75.668  9.765 0.0000000000
158112  -18.134  -67.366  13.680 0.0000000000
158113  -17.476  -67.540  14.127 0.0000000000
158114  -17.477  -67.348  13.692 0.0000000000
158115  -17.407  -67.254  13.166 0.0000000000
158116  -16.674  -67.227  12.527 0.0000000000
158117  -16.020  -67.467  11.729 0.0000000000
158118  -15.489  -67.619  10.716 0.0000000000
158126  -14.754  -68.945  15.094 0.0000000000
158127  -14.724  -68.395  14.809 0.0000000000
158129  -10.989  -68.677  13.797 0.0000000000
158130  -11.762  -68.465  13.962 0.0000000000
158131  -11.047  -68.002  12.597 0.0000000000
158132  -11.818  -68.082  13.409 0.0000000000
158133  -12.575  -68.267  14.159 0.0000000000
158134  -13.289  -68.135  14.248 0.0000000000
158135  -13.974  -68.000  14.370 0.0000000000
158136  -14.665  -67.874  14.498 0.0000000000
158137  -14.639  -67.541  13.985 0.0000000000
158138  -14.631  -67.315  13.418 0.0000000000
158139  -14.629  -67.331  12.738 0.0000000000
158140  -13.376  -67.584  11.748 0.0000000000
158141  -14.054  -67.510  11.881 0.0000000000
158142  -14.658  -67.447  12.030 0.0000000000
158143  -14.733  -67.578  11.282 0.0000000000
158144  -14.864  -67.657  10.444 0.0000000000
158145  -15.023  -67.701  9.594 0.0000000000
158146  -14.609  -67.728  8.473 0.0000000000
158147  -14.283  -68.014  7.536 0.0000000000
158148  -14.072  -68.660  7.393 0.0000000000
158149  -12.991  -68.376  7.740 0.0000000000
158150  -13.499  -68.937  7.674 0.0000000000
158151  -13.982  -69.424  7.809 0.0000000000
158152  -13.926  -70.147  8.602 0.0000000000
159423  -12.638  -57.805  17.913 0.0000000000
159424  -11.693  -58.007  17.529 0.0000000000
162394  -24.088  -66.609  8.028 0.0000000000
162395  -24.473  -66.276  7.889 0.0000000000
162396  -24.800  -65.981  7.662 0.0000000000
162397  -25.095  -67.046  7.094 0.0000000000
162398  -25.118  -66.308  7.260 0.0000000000
162399  -25.104  -65.555  7.465 0.0000000000
162400  -25.412  -65.076  7.308 0.0000000000
162401  -25.684  -64.575  7.183 0.0000000000
162402  -25.875  -64.043  7.016 0.0000000000
162403  -26.189  -64.288  6.543 0.0000000000
162404  -26.455  -64.536  6.043 0.0000000000
162405  -26.635  -64.748  5.511 0.0000000000
162406  -26.370  -66.085  5.402 0.0000000000
162407  -26.590  -65.472  5.205 0.0000000000
162408  -26.771  -64.921  4.963 0.0000000000
162409  -26.832  -65.046  4.424 0.0000000000
162410  -26.743  -65.118  3.881 0.0000000000
162411  -26.624  -65.250  3.380 0.0000000000
162412  -22.207  -72.101  6.840 0.0000000000
162413  -22.699  -71.918  6.532 0.0000000000
162414  -23.160  -71.689  6.209 0.0000000000
162415  -22.809  -72.649  5.612 0.0000000000
162416  -23.234  -72.067  5.745 0.0000000000
162417  -23.615  -71.411  5.888 0.0000000000
162418  -24.035  -71.073  5.531 0.0000000000
162419  -24.441  -70.661  5.170 0.0000000000
162420  -24.813  -70.191  4.852 0.0000000000
162421  -22.292  -73.541  3.879 0.0000000000
162422  -22.807  -72.992  3.880 0.0000000000
162423  -23.331  -72.424  3.960 0.0000000000
162424  -23.333  -72.041  3.176 0.0000000000
162425  -23.601  -71.986  3.629 0.0000000000
162426  -23.845  -71.818  4.047 0.0000000000
162427  -24.325  -71.138  4.169 0.0000000000
162428  -24.793  -70.387  4.365 0.0000000000
162429  -25.167  -69.668  4.565 0.0000000000
162430  -25.456  -69.147  4.245 0.0000000000
162431  -25.718  -68.544  3.972 0.0000000000
162432  -25.919  -67.913  3.744 0.0000000000
162433  -25.361  -68.824  2.994 0.0000000000
162434  -25.760  -68.038  3.253 0.0000000000
162435  -26.086  -67.270  3.534 0.0000000000
162436  -26.245  -66.600  3.327 0.0000000000
162437  -26.347  -65.966  3.051 0.0000000000
162438  -26.484  -65.326  2.901 0.0000000000
162442  -25.121  -66.764  1.535 0.0000000000
162443  -25.101  -66.110  1.309 0.0000000000
162448  -22.488  -69.337  1.216 0.0000000000
162449  -22.475  -68.654  1.058 0.0000000000
162450  -22.569  -67.975  0.892 0.0000000000
162451  -21.011  -68.498  0.863 0.0000000000
162452  -21.779  -67.915  0.780 0.0000000000
162453  -22.572  -67.304  0.719 0.0000000000
162454  -22.608  -66.630  0.568 0.0000000000
162455  -22.558  -65.952  0.446 0.0000000000
162456  -22.607  -65.260  0.316 0.0000000000
162457  -21.800  -65.150  0.311 0.0000000000
162458  -20.956  -65.058  0.337 0.0000000000
162459  -20.101  -64.980  0.379 0.0000000000
162460  -19.216  -66.183  0.531 0.0000000000
162461  -19.159  -65.508  0.512 0.0000000000
162462  -19.290  -64.811  0.367 0.0000000000
162467  -15.935  -79.026  8.903 0.0000000000
162468  -16.155  -79.027  8.075 0.0000000000
162469  -15.807  -79.687  7.465 0.0000000000
162470  -16.035  -79.304  7.383 0.0000000000
162471  -16.303  -78.911  7.318 0.0000000000
162472  -16.385  -78.665  6.612 0.0000000000
162473  -16.460  -78.411  5.967 0.0000000000
162474  -16.474  -78.066  5.383 0.0000000000
162479  -14.561  -78.484  4.505 0.0000000000
162480  -15.191  -78.695  4.865 0.0000000000
162481  -15.594  -78.346  4.941 0.0000000000
162482  -16.022  -77.977  4.958 0.0000000000
162483  -16.495  -77.630  4.861 0.0000000000
162484  -16.546  -77.214  4.301 0.0000000000
162485  -16.585  -76.746  3.897 0.0000000000
162486  -16.648  -76.274  3.511 0.0000000000
162487  -15.265  -76.274  3.575 0.0000000000
162488  -15.972  -76.025  3.404 0.0000000000
162489  -16.677  -75.710  3.231 0.0000000000
162490  -16.639  -75.168  2.988 0.0000000000
162491  -16.578  -74.636  2.743 0.0000000000
162492  -16.456  -74.042  2.522 0.0000000000
162510  -11.482  -75.655  3.393 0.0000000000
162511  -12.192  -75.295  3.266 0.0000000000
162512  -12.736  -74.903  3.107 0.0000000000
162513  -13.369  -74.569  2.960 0.0000000000
162514  -12.071  -73.622  2.788 0.0000000000
162515  -13.086  -73.957  2.765 0.0000000000
162516  -14.019  -74.307  2.817 0.0000000000
162517  -14.699  -74.065  2.675 0.0000000000
162518  -15.471  -73.772  2.530 0.0000000000
162519  -16.354  -73.392  2.335 0.0000000000
162520  -16.209  -72.835  2.121 0.0000000000
162521  -16.083  -72.232  1.955 0.0000000000
162522  -15.867  -71.512  1.816 0.0000000000
162523  -13.788  -71.412  2.192 0.0000000000
162524  -14.720  -71.122  1.939 0.0000000000
162525  -15.730  -70.832  1.652 0.0000000000
162526  -15.632  -70.157  1.551 0.0000000000
162527  -15.502  -69.467  1.461 0.0000000000
162528  -15.426  -68.847  1.374 0.0000000000
