#!ascii label  , from subject fsaverage vox2ras=TkReg
873
359  -20.912  -40.884  -10.144 0.0000000000
360  -24.666  -36.465  -15.266 0.0000000000
361  -28.767  -47.946  -5.388 0.0000000000
630  -23.659  -59.509  -7.377 0.0000000000
839  -21.965  -48.648  -6.828 0.0000000000
840  -25.270  -44.849  -6.639 0.0000000000
841  -24.309  -52.407  -5.279 0.0000000000
1412  -28.353  -55.482  -6.979 0.0000000000
1438  -25.716  -33.334  -18.016 0.0000000000
1799  -23.040  -38.714  -12.415 0.0000000000
1800  -28.782  -41.830  -8.919 0.0000000000
2527  -26.950  -54.394  -5.287 0.0000000000
2528  -32.105  -50.427  -6.703 0.0000000000
2760  -23.116  -50.660  -5.856 0.0000000000
3955  -19.443  -35.942  -13.648 0.0000000000
3956  -22.057  -39.866  -11.227 0.0000000000
3957  -27.075  -46.373  -5.821 0.0000000000
3958  -27.144  -43.149  -7.698 0.0000000000
3959  -29.278  -44.479  -6.635 0.0000000000
5667  -21.414  -61.502  -9.359 0.0000000000
5671  -23.338  -60.187  -6.123 0.0000000000
5672  -24.627  -57.050  -5.237 0.0000000000
5673  -25.519  -57.345  -6.091 0.0000000000
5675  -30.554  -53.200  -6.649 0.0000000000
5747  -21.140  -34.527  -16.367 0.0000000000
5749  -21.851  -33.442  -17.652 0.0000000000
5750  -26.144  -31.629  -19.467 0.0000000000
5751  -23.045  -30.898  -20.305 0.0000000000
6116  -20.313  -46.602  -8.044 0.0000000000
6117  -21.844  -44.570  -7.575 0.0000000000
6118  -23.399  -43.023  -8.190 0.0000000000
6119  -23.521  -46.628  -6.342 0.0000000000
6120  -25.004  -48.444  -5.536 0.0000000000
6121  -26.411  -50.133  -5.162 0.0000000000
7146  -22.647  -61.786  -10.347 0.0000000000
7147  -23.963  -58.758  -8.464 0.0000000000
7148  -25.711  -56.947  -7.064 0.0000000000
7149  -26.466  -57.665  -7.835 0.0000000000
7193  -28.194  -37.921  -13.492 0.0000000000
7194  -25.364  -35.019  -16.641 0.0000000000
7195  -28.588  -35.950  -15.214 0.0000000000
7196  -28.957  -33.897  -16.593 0.0000000000
8034  -20.345  -35.232  -14.991 0.0000000000
8035  -23.969  -37.640  -13.886 0.0000000000
8036  -24.886  -41.814  -9.240 0.0000000000
8037  -26.329  -40.660  -10.525 0.0000000000
8038  -27.423  -39.392  -11.914 0.0000000000
8039  -30.193  -40.361  -10.350 0.0000000000
10136  -25.733  -53.407  -5.115 0.0000000000
10137  -28.096  -51.145  -5.205 0.0000000000
10138  -27.704  -54.663  -6.160 0.0000000000
10139  -29.548  -52.070  -5.709 0.0000000000
10140  -30.705  -49.101  -5.794 0.0000000000
10228  -22.381  -32.213  -18.984 0.0000000000
11630  -20.246  -41.576  -9.653 0.0000000000
11635  -20.189  -38.449  -12.151 0.0000000000
11636  -21.502  -40.393  -10.661 0.0000000000
11637  -27.929  -47.162  -5.513 0.0000000000
11638  -28.146  -45.435  -6.154 0.0000000000
11639  -29.141  -46.073  -5.866 0.0000000000
11640  -30.205  -45.237  -6.346 0.0000000000
11641  -29.943  -46.999  -5.713 0.0000000000
13347  -22.542  -60.453  -8.246 0.0000000000
13348  -21.375  -62.062  -8.592 0.0000000000
13349  -22.527  -61.138  -7.597 0.0000000000
13351  -23.578  -60.029  -6.753 0.0000000000
13352  -24.446  -58.740  -6.118 0.0000000000
13353  -24.642  -58.556  -6.671 0.0000000000
13427  -22.886  -35.660  -15.997 0.0000000000
13428  -21.563  -34.009  -16.987 0.0000000000
13429  -23.202  -35.089  -16.682 0.0000000000
13431  -24.816  -30.803  -20.809 0.0000000000
14030  -20.852  -49.944  -7.428 0.0000000000
14031  -20.257  -48.890  -7.933 0.0000000000
14032  -21.104  -47.811  -7.434 0.0000000000
14033  -21.071  -45.563  -7.752 0.0000000000
14034  -21.992  -46.659  -7.077 0.0000000000
14035  -22.676  -45.745  -6.882 0.0000000000
14036  -22.702  -47.664  -6.511 0.0000000000
14037  -23.703  -51.573  -5.477 0.0000000000
14038  -24.060  -49.539  -5.560 0.0000000000
14039  -24.706  -50.432  -5.278 0.0000000000
14040  -25.784  -49.246  -5.282 0.0000000000
14041  -25.315  -51.301  -5.126 0.0000000000
15749  -24.085  -61.193  -9.396 0.0000000000
15750  -23.194  -59.959  -9.445 0.0000000000
15751  -24.627  -59.404  -8.881 0.0000000000
15752  -25.175  -57.998  -8.242 0.0000000000
15753  -25.835  -59.120  -8.242 0.0000000000
15827  -29.705  -38.363  -12.656 0.0000000000
15828  -28.459  -36.964  -14.362 0.0000000000
17622  -21.174  -37.405  -13.286 0.0000000000
17623  -19.886  -35.550  -14.299 0.0000000000
17624  -21.783  -37.023  -13.942 0.0000000000
17625  -22.122  -36.562  -14.608 0.0000000000
17626  -23.546  -38.211  -13.112 0.0000000000
17627  -24.384  -43.946  -7.291 0.0000000000
17628  -24.193  -42.408  -8.643 0.0000000000
17629  -25.209  -43.196  -7.785 0.0000000000
17630  -28.011  -42.458  -8.300 0.0000000000
17631  -26.864  -41.908  -9.021 0.0000000000
17632  -27.586  -41.300  -9.666 0.0000000000
17633  -26.904  -40.064  -11.189 0.0000000000
17634  -28.255  -40.670  -10.336 0.0000000000
17635  -28.854  -39.968  -11.063 0.0000000000
17636  -29.519  -41.103  -9.622 0.0000000000
22774  -25.791  -55.719  -5.250 0.0000000000
22775  -25.184  -55.259  -5.141 0.0000000000
22776  -26.379  -54.025  -5.091 0.0000000000
22777  -26.915  -52.250  -5.115 0.0000000000
22778  -27.532  -52.764  -5.180 0.0000000000
22779  -26.869  -55.976  -7.073 0.0000000000
22780  -26.662  -55.866  -6.646 0.0000000000
22781  -27.958  -54.918  -6.684 0.0000000000
22782  -31.398  -51.880  -6.641 0.0000000000
22783  -30.154  -52.545  -6.209 0.0000000000
22784  -30.874  -51.235  -6.099 0.0000000000
22785  -30.174  -50.591  -5.756 0.0000000000
22786  -31.437  -49.746  -6.218 0.0000000000
22787  -31.804  -48.244  -6.309 0.0000000000
23005  -25.542  -34.186  -17.363 0.0000000000
23006  -23.797  -33.752  -18.063 0.0000000000
23007  -24.079  -32.989  -18.742 0.0000000000
23397  -21.590  -50.772  -6.876 0.0000000000
23398  -22.531  -49.664  -6.349 0.0000000000
23399  -22.097  -51.724  -6.301 0.0000000000
23400  -22.671  -52.692  -5.894 0.0000000000
23401  -23.205  -53.519  -5.601 0.0000000000
25551  -20.721  -37.923  -12.701 0.0000000000
25552  -22.620  -39.322  -11.799 0.0000000000
25553  -26.178  -45.644  -6.235 0.0000000000
25554  -26.245  -43.951  -7.123 0.0000000000
25555  -27.184  -44.751  -6.571 0.0000000000
25556  -28.243  -43.795  -7.177 0.0000000000
25557  -29.086  -43.041  -7.687 0.0000000000
25558  -29.949  -42.298  -8.322 0.0000000000
25559  -30.176  -43.669  -7.171 0.0000000000
28641  -24.046  -58.633  -5.552 0.0000000000
28642  -25.128  -57.389  -5.600 0.0000000000
28643  -26.279  -55.935  -5.611 0.0000000000
28644  -29.689  -55.084  -7.116 0.0000000000
28645  -29.481  -54.343  -6.777 0.0000000000
28646  -30.780  -53.903  -7.115 0.0000000000
28647  -31.729  -52.573  -7.246 0.0000000000
28648  -32.488  -51.093  -7.385 0.0000000000
28775  -19.885  -33.026  -16.011 0.0000000000
28777  -20.242  -32.518  -16.546 0.0000000000
28780  -25.921  -32.476  -18.752 0.0000000000
28781  -24.322  -32.249  -19.447 0.0000000000
28782  -24.578  -31.478  -20.102 0.0000000000
28783  -23.382  -30.299  -21.028 0.0000000000
29627  -19.506  -47.636  -8.360 0.0000000000
29628  -19.394  -45.312  -8.501 0.0000000000
29629  -20.025  -44.370  -8.399 0.0000000000
29630  -20.778  -43.477  -8.401 0.0000000000
29631  -21.614  -42.643  -8.672 0.0000000000
29632  -22.282  -42.071  -9.094 0.0000000000
29633  -22.594  -43.770  -7.726 0.0000000000
29634  -23.523  -44.823  -6.952 0.0000000000
29635  -24.374  -45.664  -6.402 0.0000000000
29636  -23.389  -48.656  -5.972 0.0000000000
29637  -24.297  -47.564  -5.913 0.0000000000
29638  -25.231  -46.586  -6.020 0.0000000000
29639  -26.056  -47.372  -5.638 0.0000000000
29640  -26.819  -48.269  -5.350 0.0000000000
29641  -27.534  -49.048  -5.235 0.0000000000
32033  -21.714  -61.093  -9.968 0.0000000000
32034  -22.609  -59.967  -8.876 0.0000000000
32035  -23.743  -59.030  -7.882 0.0000000000
32036  -24.703  -58.166  -7.206 0.0000000000
32037  -24.837  -57.794  -7.698 0.0000000000
32038  -25.937  -56.946  -7.620 0.0000000000
32039  -27.330  -56.482  -7.383 0.0000000000
32041  -27.724  -57.428  -7.425 0.0000000000
32042  -28.709  -56.210  -7.214 0.0000000000
32141  -26.450  -37.232  -14.353 0.0000000000
32142  -25.036  -35.809  -15.912 0.0000000000
32143  -26.732  -36.358  -15.128 0.0000000000
32144  -27.032  -35.498  -15.895 0.0000000000
32145  -27.246  -34.555  -16.593 0.0000000000
32147  -28.777  -35.003  -15.908 0.0000000000
32148  -27.338  -33.583  -17.250 0.0000000000
32149  -27.487  -32.577  -17.963 0.0000000000
34420  -19.531  -33.474  -15.311 0.0000000000
34421  -20.798  -34.896  -15.744 0.0000000000
34422  -22.520  -36.139  -15.325 0.0000000000
34423  -24.313  -37.098  -14.552 0.0000000000
34424  -22.946  -41.530  -9.598 0.0000000000
34425  -23.648  -40.975  -10.178 0.0000000000
34426  -24.279  -40.416  -10.819 0.0000000000
34427  -26.061  -42.523  -8.389 0.0000000000
34428  -25.646  -41.289  -9.835 0.0000000000
34429  -24.865  -39.844  -11.499 0.0000000000
34430  -25.327  -39.280  -12.237 0.0000000000
34431  -25.736  -38.655  -12.932 0.0000000000
34432  -26.124  -38.034  -13.643 0.0000000000
34433  -27.853  -38.680  -12.734 0.0000000000
34434  -29.348  -39.192  -11.864 0.0000000000
40641  -23.845  -54.170  -5.280 0.0000000000
40642  -24.020  -56.439  -5.170 0.0000000000
40643  -24.558  -54.648  -5.127 0.0000000000
40644  -25.032  -52.971  -5.134 0.0000000000
40645  -26.117  -51.833  -5.069 0.0000000000
40646  -27.308  -50.638  -5.137 0.0000000000
40647  -28.556  -49.562  -5.242 0.0000000000
40648  -25.671  -57.160  -6.622 0.0000000000
40649  -26.550  -55.903  -6.102 0.0000000000
40650  -27.356  -54.641  -5.661 0.0000000000
40651  -29.103  -53.806  -6.355 0.0000000000
40652  -28.695  -53.444  -5.858 0.0000000000
40653  -28.184  -53.082  -5.408 0.0000000000
40654  -28.871  -51.559  -5.372 0.0000000000
40655  -29.419  -50.079  -5.453 0.0000000000
40656  -29.843  -48.454  -5.524 0.0000000000
40657  -30.951  -47.579  -5.900 0.0000000000
40918  -23.520  -34.473  -17.365 0.0000000000
40919  -22.148  -32.842  -18.348 0.0000000000
40921  -22.676  -31.501  -19.616 0.0000000000
42350  -20.586  -41.190  -9.873 0.0000000000
42352  -20.040  -40.217  -10.649 0.0000000000
42354  -20.336  -39.926  -10.911 0.0000000000
42355  -20.566  -39.684  -11.145 0.0000000000
42356  -21.235  -40.647  -10.387 0.0000000000
42357  -28.327  -47.576  -5.403 0.0000000000
42358  -28.527  -46.621  -5.669 0.0000000000
42359  -28.919  -47.072  -5.560 0.0000000000
42360  -29.525  -46.575  -5.771 0.0000000000
42361  -29.387  -47.453  -5.517 0.0000000000
44067  -23.076  -60.040  -7.794 0.0000000000
44068  -22.473  -60.843  -7.958 0.0000000000
44069  -23.111  -60.313  -7.474 0.0000000000
44070  -23.045  -60.625  -7.130 0.0000000000
44071  -23.652  -59.821  -7.053 0.0000000000
44072  -24.108  -59.307  -6.703 0.0000000000
44073  -24.213  -59.042  -7.005 0.0000000000
44147  -23.788  -36.112  -15.630 0.0000000000
44148  -23.044  -35.381  -16.355 0.0000000000
44149  -23.969  -35.807  -15.971 0.0000000000
44750  -21.440  -49.317  -7.124 0.0000000000
44751  -21.096  -48.785  -7.374 0.0000000000
44752  -21.562  -48.222  -7.117 0.0000000000
44753  -21.560  -47.243  -7.231 0.0000000000
44754  -22.002  -47.672  -6.911 0.0000000000
44755  -22.382  -47.146  -6.749 0.0000000000
44756  -22.315  -48.182  -6.663 0.0000000000
44757  -23.990  -52.014  -5.367 0.0000000000
44758  -24.191  -51.018  -5.358 0.0000000000
44759  -24.527  -51.436  -5.255 0.0000000000
44760  -25.054  -50.862  -5.187 0.0000000000
44761  -24.819  -51.858  -5.180 0.0000000000
46469  -24.718  -60.975  -8.884 0.0000000000
46470  -24.329  -60.246  -9.153 0.0000000000
46471  -24.993  -60.051  -8.725 0.0000000000
46472  -25.279  -59.241  -8.566 0.0000000000
46473  -25.531  -59.935  -8.380 0.0000000000
46548  -29.882  -37.875  -13.102 0.0000000000
48342  -22.113  -38.084  -12.889 0.0000000000
48343  -21.497  -37.220  -13.586 0.0000000000
48344  -22.391  -37.845  -13.236 0.0000000000
48345  -22.651  -37.605  -13.560 0.0000000000
48346  -23.302  -38.460  -12.742 0.0000000000
48347  -24.802  -44.403  -6.979 0.0000000000
48348  -24.796  -43.560  -7.523 0.0000000000
48349  -25.257  -43.997  -7.186 0.0000000000
48350  -28.399  -42.153  -8.603 0.0000000000
48351  -27.871  -41.899  -8.964 0.0000000000
48352  -28.218  -41.567  -9.263 0.0000000000
48353  -27.936  -40.975  -9.998 0.0000000000
48354  -28.603  -41.238  -9.606 0.0000000000
48355  -28.975  -40.897  -9.952 0.0000000000
48356  -29.140  -41.487  -9.257 0.0000000000
53494  -26.364  -55.050  -5.271 0.0000000000
53495  -26.084  -54.824  -5.164 0.0000000000
53496  -26.637  -54.240  -5.183 0.0000000000
53497  -26.945  -53.395  -5.130 0.0000000000
53498  -27.247  -53.603  -5.217 0.0000000000
53499  -27.583  -55.640  -7.073 0.0000000000
53500  -27.343  -55.493  -6.879 0.0000000000
53501  -28.123  -55.155  -6.879 0.0000000000
53502  -31.795  -51.156  -6.653 0.0000000000
53503  -31.147  -51.510  -6.392 0.0000000000
53504  -31.504  -50.838  -6.374 0.0000000000
53505  -31.150  -50.513  -6.157 0.0000000000
53506  -31.768  -50.109  -6.436 0.0000000000
53507  -31.985  -49.331  -6.488 0.0000000000
53508  -32.290  -49.707  -6.773 0.0000000000
53725  -25.595  -33.778  -17.695 0.0000000000
53726  -24.720  -33.574  -18.104 0.0000000000
53727  -24.842  -33.146  -18.435 0.0000000000
54353  -20.977  -51.320  -7.178 0.0000000000
54354  -21.317  -51.724  -6.803 0.0000000000
54355  -21.828  -51.245  -6.540 0.0000000000
54356  -21.565  -52.261  -6.543 0.0000000000
54360  -22.921  -53.175  -5.715 0.0000000000
57942  -21.173  -39.208  -11.708 0.0000000000
57943  -20.455  -38.138  -12.455 0.0000000000
57944  -21.446  -38.967  -11.983 0.0000000000
57945  -21.691  -38.660  -12.292 0.0000000000
57946  -22.377  -39.606  -11.485 0.0000000000
57947  -26.642  -46.000  -6.036 0.0000000000
57948  -26.681  -45.200  -6.356 0.0000000000
57949  -27.161  -45.524  -6.165 0.0000000000
57950  -28.749  -44.910  -6.408 0.0000000000
57951  -28.254  -44.569  -6.572 0.0000000000
57952  -28.730  -44.132  -6.845 0.0000000000
57953  -28.664  -43.417  -7.416 0.0000000000
57954  -29.165  -43.753  -7.104 0.0000000000
57955  -29.595  -43.330  -7.426 0.0000000000
57956  -29.740  -44.070  -6.889 0.0000000000
57957  -30.620  -45.704  -6.269 0.0000000000
63077  -20.915  -62.034  -9.856 0.0000000000
63079  -20.845  -62.320  -9.500 0.0000000000
63087  -22.887  -60.866  -6.469 0.0000000000
63093  -23.685  -59.373  -5.820 0.0000000000
63094  -25.000  -58.020  -6.095 0.0000000000
63095  -24.796  -58.058  -5.841 0.0000000000
63096  -25.393  -57.354  -5.827 0.0000000000
63097  -25.749  -56.646  -5.613 0.0000000000
63098  -25.931  -56.635  -5.832 0.0000000000
63099  -30.374  -54.866  -7.361 0.0000000000
63100  -30.261  -54.447  -7.135 0.0000000000
63101  -30.899  -54.168  -7.451 0.0000000000
63103  -31.786  -52.910  -7.551 0.0000000000
63104  -32.241  -52.195  -7.669 0.0000000000
63105  -32.086  -51.815  -7.289 0.0000000000
63106  -32.585  -51.401  -7.742 0.0000000000
63317  -20.457  -33.812  -16.273 0.0000000000
63318  -20.100  -32.823  -16.266 0.0000000000
63319  -20.634  -33.564  -16.581 0.0000000000
63320  -21.715  -33.768  -17.322 0.0000000000
63321  -20.958  -32.990  -17.182 0.0000000000
63322  -21.124  -32.737  -17.532 0.0000000000
63324  -21.242  -32.469  -17.838 0.0000000000
63325  -25.988  -32.045  -19.091 0.0000000000
63326  -25.274  -32.020  -19.485 0.0000000000
63327  -25.343  -31.616  -19.854 0.0000000000
63329  -24.094  -30.527  -20.987 0.0000000000
65128  -20.294  -47.797  -7.963 0.0000000000
65129  -19.863  -48.288  -8.205 0.0000000000
65130  -19.915  -47.093  -8.193 0.0000000000
65131  -19.516  -46.421  -8.363 0.0000000000
65132  -19.863  -45.899  -8.254 0.0000000000
65133  -19.688  -44.838  -8.425 0.0000000000
65134  -20.224  -45.439  -8.127 0.0000000000
65135  -21.445  -45.058  -7.659 0.0000000000
65136  -20.947  -44.493  -8.014 0.0000000000
65137  -21.334  -44.037  -7.987 0.0000000000
65138  -21.162  -43.045  -8.499 0.0000000000
65139  -21.754  -43.586  -8.060 0.0000000000
65140  -22.105  -43.213  -8.199 0.0000000000
65141  -22.187  -44.156  -7.588 0.0000000000
65142  -23.140  -46.199  -6.583 0.0000000000
65143  -23.085  -45.280  -6.893 0.0000000000
65144  -23.507  -45.732  -6.598 0.0000000000
65145  -23.942  -45.283  -6.663 0.0000000000
65146  -23.934  -46.153  -6.352 0.0000000000
65147  -22.834  -50.165  -6.036 0.0000000000
65148  -22.944  -49.169  -6.144 0.0000000000
65149  -23.258  -49.672  -5.869 0.0000000000
65150  -24.531  -48.994  -5.519 0.0000000000
65151  -24.185  -48.530  -5.706 0.0000000000
65152  -24.657  -48.026  -5.719 0.0000000000
65153  -24.766  -47.052  -5.947 0.0000000000
65154  -25.129  -47.539  -5.771 0.0000000000
65155  -25.607  -47.044  -5.840 0.0000000000
65156  -25.512  -47.923  -5.586 0.0000000000
65157  -26.123  -49.663  -5.224 0.0000000000
65158  -26.305  -48.746  -5.315 0.0000000000
65159  -26.663  -49.140  -5.256 0.0000000000
65160  -27.211  -48.607  -5.295 0.0000000000
65161  -26.975  -49.559  -5.214 0.0000000000
70285  -21.392  -61.874  -10.537 0.0000000000
70286  -22.104  -61.168  -10.334 0.0000000000
70287  -23.513  -59.388  -8.927 0.0000000000
70288  -22.789  -59.865  -9.189 0.0000000000
70289  -23.270  -59.308  -8.667 0.0000000000
70290  -23.150  -59.524  -8.328 0.0000000000
70291  -23.817  -58.795  -8.171 0.0000000000
70292  -24.260  -58.418  -7.790 0.0000000000
70293  -24.348  -58.256  -8.073 0.0000000000
70294  -25.843  -57.767  -8.118 0.0000000000
70295  -25.481  -57.425  -7.952 0.0000000000
70296  -26.182  -57.174  -7.827 0.0000000000
70297  -26.621  -56.654  -7.511 0.0000000000
70298  -26.840  -57.037  -7.646 0.0000000000
70305  -28.209  -56.813  -7.349 0.0000000000
70517  -27.319  -37.602  -13.912 0.0000000000
70518  -26.606  -36.792  -14.744 0.0000000000
70519  -27.486  -37.136  -14.327 0.0000000000
70520  -28.541  -36.450  -14.796 0.0000000000
70521  -27.731  -36.200  -15.148 0.0000000000
70522  -27.830  -35.790  -15.514 0.0000000000
70523  -27.139  -35.013  -16.267 0.0000000000
70524  -27.919  -35.314  -15.890 0.0000000000
70530  -28.908  -34.466  -16.268 0.0000000000
70531  -28.138  -34.293  -16.578 0.0000000000
70532  -28.170  -33.770  -16.909 0.0000000000
70533  -27.409  -33.088  -17.614 0.0000000000
70534  -28.228  -33.241  -17.197 0.0000000000
75905  -20.100  -35.407  -14.625 0.0000000000
75906  -19.442  -34.697  -14.604 0.0000000000
75907  -19.619  -34.523  -14.970 0.0000000000
75909  -19.841  -34.326  -15.267 0.0000000000
75910  -20.047  -34.192  -15.596 0.0000000000
75911  -20.537  -35.033  -15.347 0.0000000000
75912  -22.998  -37.153  -14.277 0.0000000000
75913  -22.308  -36.362  -14.972 0.0000000000
75914  -23.217  -36.896  -14.624 0.0000000000
75915  -23.441  -36.653  -14.983 0.0000000000
75916  -24.139  -37.396  -14.245 0.0000000000
75917  -22.859  -42.572  -8.610 0.0000000000
75918  -22.647  -41.796  -9.325 0.0000000000
75919  -23.215  -42.300  -8.843 0.0000000000
75920  -24.574  -42.100  -8.921 0.0000000000
75921  -23.928  -41.724  -9.395 0.0000000000
75922  -24.271  -41.425  -9.692 0.0000000000
75923  -23.943  -40.697  -10.500 0.0000000000
75924  -24.632  -41.129  -9.985 0.0000000000
75925  -26.710  -43.525  -7.414 0.0000000000
75926  -26.181  -43.174  -7.738 0.0000000000
75927  -26.600  -42.860  -8.047 0.0000000000
75928  -26.653  -41.271  -9.773 0.0000000000
75929  -26.277  -41.590  -9.432 0.0000000000
75930  -25.978  -40.965  -10.171 0.0000000000
75931  -25.365  -40.562  -10.662 0.0000000000
75932  -25.666  -40.282  -10.975 0.0000000000
75933  -25.081  -39.553  -11.855 0.0000000000
75934  -25.909  -40.009  -11.297 0.0000000000
75935  -27.157  -39.743  -11.546 0.0000000000
75936  -26.351  -39.417  -12.014 0.0000000000
75937  -26.599  -39.045  -12.412 0.0000000000
75938  -25.956  -38.362  -13.288 0.0000000000
75939  -26.857  -38.723  -12.785 0.0000000000
75940  -27.017  -38.388  -13.136 0.0000000000
75941  -27.665  -39.049  -12.325 0.0000000000
75942  -29.481  -40.179  -10.696 0.0000000000
75943  -29.131  -39.594  -11.441 0.0000000000
75944  -29.759  -39.778  -11.081 0.0000000000
75945  -30.038  -39.342  -11.497 0.0000000000
75948  -30.366  -41.926  -8.635 0.0000000000
91358  -23.586  -54.998  -5.293 0.0000000000
91359  -24.084  -57.629  -5.254 0.0000000000
91361  -24.310  -56.754  -5.160 0.0000000000
91362  -25.482  -54.349  -5.080 0.0000000000
91363  -24.909  -54.949  -5.106 0.0000000000
91364  -25.161  -54.016  -5.115 0.0000000000
91365  -24.834  -53.778  -5.094 0.0000000000
91366  -25.404  -53.197  -5.067 0.0000000000
91367  -25.574  -52.370  -5.073 0.0000000000
91368  -25.979  -52.611  -5.070 0.0000000000
91369  -27.518  -51.667  -5.154 0.0000000000
91370  -27.122  -51.438  -5.107 0.0000000000
91371  -27.689  -50.911  -5.157 0.0000000000
91372  -27.914  -50.118  -5.175 0.0000000000
91373  -28.311  -50.371  -5.230 0.0000000000
91374  -25.180  -57.575  -7.135 0.0000000000
91375  -25.231  -57.631  -6.864 0.0000000000
91376  -25.649  -56.994  -6.824 0.0000000000
91377  -27.167  -55.283  -6.374 0.0000000000
91378  -26.609  -55.867  -6.339 0.0000000000
91379  -27.083  -55.218  -6.122 0.0000000000
91380  -26.913  -55.248  -5.864 0.0000000000
91381  -27.537  -54.581  -5.940 0.0000000000
91382  -30.052  -53.799  -6.623 0.0000000000
91383  -29.301  -54.052  -6.579 0.0000000000
91384  -29.888  -53.472  -6.491 0.0000000000
91385  -29.780  -52.327  -5.967 0.0000000000
91386  -29.445  -52.960  -6.027 0.0000000000
91387  -29.104  -52.789  -5.766 0.0000000000
91388  -28.467  -53.286  -5.626 0.0000000000
91389  -28.850  -52.563  -5.547 0.0000000000
91390  -28.523  -52.367  -5.343 0.0000000000
91391  -29.149  -51.824  -5.504 0.0000000000
91392  -30.479  -49.818  -5.779 0.0000000000
91393  -29.847  -50.289  -5.605 0.0000000000
91394  -30.141  -49.524  -5.635 0.0000000000
91395  -29.576  -49.336  -5.441 0.0000000000
91396  -30.219  -48.822  -5.620 0.0000000000
91397  -30.407  -48.019  -5.696 0.0000000000
91398  -30.875  -48.326  -5.845 0.0000000000
92050  -25.181  -35.409  -16.291 0.0000000000
92051  -24.278  -35.092  -16.690 0.0000000000
92052  -24.420  -34.774  -17.019 0.0000000000
92053  -23.045  -33.019  -18.599 0.0000000000
92054  -22.992  -33.372  -18.249 0.0000000000
92055  -22.259  -32.486  -18.679 0.0000000000
92056  -21.503  -31.912  -18.473 0.0000000000
92057  -21.640  -31.616  -18.737 0.0000000000
92058  -23.637  -31.624  -19.931 0.0000000000
92059  -23.508  -31.982  -19.658 0.0000000000
92060  -22.803  -31.223  -19.953 0.0000000000
94670  -19.906  -38.681  -11.878 0.0000000000
94671  -20.852  -39.447  -11.451 0.0000000000
94672  -21.769  -40.140  -10.930 0.0000000000
94673  -27.500  -46.781  -5.638 0.0000000000
94674  -27.596  -45.925  -5.963 0.0000000000
94675  -28.073  -46.309  -5.756 0.0000000000
94676  -28.579  -45.822  -5.934 0.0000000000
94677  -29.150  -45.335  -6.178 0.0000000000
94678  -29.729  -44.874  -6.456 0.0000000000
94679  -29.692  -45.659  -6.093 0.0000000000
94680  -30.110  -46.110  -6.021 0.0000000000
94681  -30.503  -46.547  -5.974 0.0000000000
97751  -21.934  -61.006  -8.773 0.0000000000
97752  -21.399  -61.764  -8.956 0.0000000000
97753  -21.952  -61.310  -8.454 0.0000000000
97754  -21.965  -61.634  -8.140 0.0000000000
97755  -21.864  -61.929  -7.736 0.0000000000
97757  -22.424  -61.389  -7.241 0.0000000000
97758  -22.989  -60.737  -6.837 0.0000000000
97759  -23.504  -60.085  -6.430 0.0000000000
97760  -23.865  -59.493  -6.146 0.0000000000
97761  -24.015  -59.473  -6.367 0.0000000000
97762  -24.533  -58.790  -6.368 0.0000000000
97763  -25.078  -58.054  -6.361 0.0000000000
97895  -22.037  -35.150  -16.261 0.0000000000
97896  -21.381  -34.277  -16.683 0.0000000000
97897  -22.152  -34.863  -16.611 0.0000000000
97898  -22.339  -34.627  -16.943 0.0000000000
97899  -22.532  -34.351  -17.236 0.0000000000
97900  -26.105  -31.208  -19.875 0.0000000000
97901  -25.438  -31.182  -20.173 0.0000000000
97902  -25.473  -30.771  -20.589 0.0000000000
98980  -20.327  -50.511  -7.743 0.0000000000
98981  -20.065  -50.022  -7.994 0.0000000000
98982  -20.589  -49.405  -7.676 0.0000000000
98983  -20.706  -48.330  -7.668 0.0000000000
98984  -20.699  -47.268  -7.731 0.0000000000
98985  -20.712  -46.105  -7.871 0.0000000000
98986  -21.130  -46.732  -7.532 0.0000000000
98987  -21.544  -46.172  -7.409 0.0000000000
98988  -21.945  -45.624  -7.278 0.0000000000
98989  -22.251  -45.161  -7.237 0.0000000000
98990  -22.340  -46.180  -6.967 0.0000000000
98991  -22.763  -46.664  -6.641 0.0000000000
98992  -23.129  -47.105  -6.383 0.0000000000
98993  -23.387  -51.099  -5.668 0.0000000000
98994  -23.579  -50.088  -5.672 0.0000000000
98995  -23.890  -50.509  -5.518 0.0000000000
98996  -24.390  -49.945  -5.398 0.0000000000
98997  -24.889  -49.417  -5.369 0.0000000000
98998  -25.402  -48.855  -5.391 0.0000000000
98999  -25.250  -49.826  -5.246 0.0000000000
99000  -25.587  -50.270  -5.178 0.0000000000
99001  -25.857  -50.717  -5.131 0.0000000000
102075  -23.384  -61.463  -9.896 0.0000000000
102076  -22.852  -60.772  -9.977 0.0000000000
102077  -23.604  -60.474  -9.561 0.0000000000
102078  -23.885  -59.630  -9.171 0.0000000000
102079  -24.239  -58.960  -8.686 0.0000000000
102080  -24.528  -58.336  -8.339 0.0000000000
102081  -24.842  -58.685  -8.558 0.0000000000
102082  -25.498  -58.503  -8.346 0.0000000000
102083  -26.108  -58.363  -8.075 0.0000000000
102215  -28.959  -38.107  -13.090 0.0000000000
102216  -28.343  -37.449  -13.917 0.0000000000
102217  -29.125  -37.660  -13.508 0.0000000000
102218  -29.239  -37.189  -13.945 0.0000000000
102219  -29.329  -36.681  -14.413 0.0000000000
105446  -20.231  -36.692  -13.548 0.0000000000
105447  -19.680  -35.736  -13.984 0.0000000000
105448  -20.491  -36.473  -13.848 0.0000000000
105449  -20.718  -36.260  -14.180 0.0000000000
105450  -20.942  -36.082  -14.489 0.0000000000
105451  -21.172  -35.930  -14.854 0.0000000000
105452  -21.885  -36.786  -14.266 0.0000000000
105453  -22.850  -37.364  -13.920 0.0000000000
105454  -23.754  -37.929  -13.504 0.0000000000
105455  -23.933  -43.485  -7.712 0.0000000000
105456  -23.808  -42.714  -8.416 0.0000000000
105457  -24.316  -43.082  -7.976 0.0000000000
105458  -24.731  -42.773  -8.239 0.0000000000
105459  -25.122  -42.468  -8.508 0.0000000000
105460  -27.554  -42.803  -7.999 0.0000000000
105461  -27.031  -42.512  -8.348 0.0000000000
105462  -27.452  -42.189  -8.664 0.0000000000
105463  -27.251  -41.606  -9.337 0.0000000000
105464  -26.996  -40.971  -10.076 0.0000000000
105465  -26.629  -40.347  -10.868 0.0000000000
105466  -27.328  -40.707  -10.393 0.0000000000
105467  -27.618  -40.396  -10.760 0.0000000000
105468  -27.901  -40.061  -11.116 0.0000000000
105469  -28.188  -39.713  -11.492 0.0000000000
105470  -28.550  -40.341  -10.695 0.0000000000
105471  -29.245  -40.535  -10.322 0.0000000000
105472  -29.877  -40.709  -9.992 0.0000000000
114720  -25.203  -56.396  -5.239 0.0000000000
114721  -24.921  -56.100  -5.138 0.0000000000
114722  -25.538  -55.425  -5.150 0.0000000000
114723  -25.791  -54.595  -5.135 0.0000000000
114724  -26.063  -53.751  -5.082 0.0000000000
114725  -26.303  -52.849  -5.097 0.0000000000
114726  -26.655  -53.165  -5.088 0.0000000000
114727  -27.281  -52.597  -5.086 0.0000000000
114728  -27.901  -51.949  -5.184 0.0000000000
114729  -26.238  -56.424  -7.063 0.0000000000
114730  -26.142  -56.448  -6.817 0.0000000000
114731  -26.706  -55.958  -6.833 0.0000000000
114732  -27.316  -55.324  -6.675 0.0000000000
114733  -27.814  -54.757  -6.443 0.0000000000
114734  -31.031  -52.529  -6.623 0.0000000000
114735  -30.352  -52.914  -6.406 0.0000000000
114736  -30.793  -52.217  -6.401 0.0000000000
114737  -30.434  -51.913  -6.181 0.0000000000
114738  -30.264  -51.603  -5.887 0.0000000000
114739  -29.808  -51.354  -5.718 0.0000000000
114740  -30.501  -50.897  -5.939 0.0000000000
114741  -30.853  -50.171  -5.973 0.0000000000
114742  -31.103  -49.392  -5.972 0.0000000000
114743  -31.263  -48.669  -6.032 0.0000000000
114744  -31.693  -48.967  -6.254 0.0000000000
115135  -25.464  -34.642  -16.979 0.0000000000
115136  -24.509  -34.397  -17.386 0.0000000000
115137  -24.607  -34.024  -17.741 0.0000000000
115138  -23.982  -33.367  -18.383 0.0000000000
115139  -23.220  -32.705  -18.973 0.0000000000
115141  -22.305  -30.481  -20.185 0.0000000000
116029  -20.625  -50.914  -7.436 0.0000000000
116030  -21.238  -50.304  -7.112 0.0000000000
116031  -21.789  -49.713  -6.836 0.0000000000
116032  -22.230  -49.193  -6.615 0.0000000000
116033  -22.122  -50.190  -6.590 0.0000000000
116034  -22.341  -50.722  -6.282 0.0000000000
116035  -22.615  -51.214  -6.073 0.0000000000
116037  -22.366  -52.267  -6.087 0.0000000000
116038  -22.878  -51.702  -5.842 0.0000000000
116039  -23.181  -52.140  -5.677 0.0000000000
116040  -23.449  -52.600  -5.526 0.0000000000
116041  -23.776  -52.959  -5.417 0.0000000000
121054  -19.234  -36.193  -13.364 0.0000000000
121055  -19.567  -37.393  -12.703 0.0000000000
121056  -19.814  -37.122  -12.970 0.0000000000
121057  -20.035  -36.906  -13.274 0.0000000000
121058  -20.908  -37.693  -12.980 0.0000000000
121059  -21.906  -38.381  -12.582 0.0000000000
121060  -22.851  -39.032  -12.100 0.0000000000
121061  -25.728  -45.189  -6.442 0.0000000000
121062  -25.725  -44.410  -6.845 0.0000000000
121063  -26.235  -44.753  -6.612 0.0000000000
121064  -26.746  -44.332  -6.822 0.0000000000
121065  -27.235  -43.918  -7.064 0.0000000000
121066  -27.705  -45.068  -6.322 0.0000000000
121067  -27.720  -44.273  -6.866 0.0000000000
121068  -27.701  -43.502  -7.410 0.0000000000
121069  -28.145  -43.095  -7.711 0.0000000000
121070  -28.558  -42.732  -7.986 0.0000000000
121071  -28.968  -42.381  -8.282 0.0000000000
121072  -29.338  -42.040  -8.591 0.0000000000
121073  -29.496  -42.666  -7.983 0.0000000000
121074  -30.061  -42.901  -7.755 0.0000000000
121076  -30.187  -44.454  -6.698 0.0000000000
128266  -23.719  -58.500  -5.416 0.0000000000
128267  -24.316  -57.850  -5.390 0.0000000000
128268  -24.227  -58.689  -5.861 0.0000000000
128269  -24.567  -58.052  -5.568 0.0000000000
128270  -24.896  -57.185  -5.369 0.0000000000
128271  -25.479  -56.503  -5.417 0.0000000000
128272  -26.029  -55.804  -5.425 0.0000000000
128273  -26.580  -55.153  -5.409 0.0000000000
128274  -29.003  -55.324  -7.007 0.0000000000
128275  -28.938  -54.888  -6.868 0.0000000000
128276  -29.610  -54.698  -6.922 0.0000000000
128277  -30.161  -54.111  -6.918 0.0000000000
128278  -30.695  -53.516  -6.881 0.0000000000
128279  -31.293  -53.584  -7.482 0.0000000000
128280  -31.288  -53.208  -7.200 0.0000000000
128281  -31.150  -52.914  -6.896 0.0000000000
128282  -31.575  -52.202  -6.920 0.0000000000
128283  -31.990  -51.466  -6.961 0.0000000000
128284  -32.302  -50.817  -6.974 0.0000000000
128285  -32.597  -50.067  -7.036 0.0000000000
128286  -32.757  -50.420  -7.371 0.0000000000
128584  -20.821  -33.282  -16.879 0.0000000000
128590  -25.802  -32.906  -18.372 0.0000000000
128591  -24.988  -32.782  -18.775 0.0000000000
128592  -25.158  -32.389  -19.154 0.0000000000
128593  -24.491  -31.872  -19.806 0.0000000000
128594  -23.758  -31.265  -20.278 0.0000000000
128595  -24.682  -31.057  -20.481 0.0000000000
128596  -23.933  -30.981  -20.637 0.0000000000
128597  -23.167  -30.603  -20.623 0.0000000000
130879  -19.749  -49.435  -8.153 0.0000000000
130886  -19.426  -43.720  -8.734 0.0000000000
130887  -19.788  -43.303  -8.810 0.0000000000
130888  -20.567  -44.980  -8.042 0.0000000000
130889  -20.439  -43.922  -8.407 0.0000000000
130890  -20.140  -42.906  -8.885 0.0000000000
130891  -20.519  -42.539  -9.019 0.0000000000
130892  -20.906  -42.164  -9.190 0.0000000000
130893  -21.321  -41.774  -9.369 0.0000000000
130894  -21.669  -41.512  -9.539 0.0000000000
130895  -21.949  -42.346  -8.875 0.0000000000
130896  -22.488  -42.859  -8.382 0.0000000000
130897  -22.990  -43.393  -7.917 0.0000000000
130898  -22.614  -44.720  -7.237 0.0000000000
130899  -23.060  -44.308  -7.292 0.0000000000
130900  -23.508  -43.872  -7.494 0.0000000000
130901  -23.973  -44.365  -7.083 0.0000000000
130902  -24.369  -44.842  -6.791 0.0000000000
130903  -24.840  -45.267  -6.489 0.0000000000
130904  -22.667  -48.643  -6.386 0.0000000000
130905  -23.051  -48.139  -6.254 0.0000000000
130906  -23.458  -47.626  -6.181 0.0000000000
130907  -23.714  -49.113  -5.758 0.0000000000
130908  -23.842  -48.079  -5.920 0.0000000000
130909  -23.898  -47.105  -6.139 0.0000000000
130910  -24.357  -46.610  -6.142 0.0000000000
130911  -24.796  -46.143  -6.213 0.0000000000
130912  -25.270  -45.652  -6.326 0.0000000000
130913  -25.692  -46.104  -6.122 0.0000000000
130914  -26.128  -46.507  -5.926 0.0000000000
130915  -26.581  -46.843  -5.710 0.0000000000
130916  -25.917  -48.297  -5.435 0.0000000000
130917  -26.442  -47.771  -5.481 0.0000000000
130918  -26.962  -47.269  -5.550 0.0000000000
130919  -27.360  -47.703  -5.398 0.0000000000
130920  -27.765  -48.082  -5.341 0.0000000000
130921  -28.144  -48.491  -5.297 0.0000000000
137412  -21.094  -61.808  -10.236 0.0000000000
137413  -21.559  -61.181  -9.664 0.0000000000
137414  -22.416  -60.401  -9.714 0.0000000000
137415  -22.132  -60.494  -9.444 0.0000000000
137416  -22.000  -60.713  -9.096 0.0000000000
137417  -22.510  -60.255  -8.548 0.0000000000
137418  -23.125  -59.740  -8.049 0.0000000000
137419  -23.682  -59.267  -7.663 0.0000000000
137420  -24.195  -58.809  -7.302 0.0000000000
137421  -24.236  -58.625  -7.547 0.0000000000
137422  -24.748  -57.992  -7.446 0.0000000000
137423  -25.252  -57.400  -7.360 0.0000000000
137424  -24.914  -57.802  -8.012 0.0000000000
137425  -25.341  -57.350  -7.667 0.0000000000
137426  -25.772  -56.902  -7.324 0.0000000000
137427  -26.376  -56.463  -7.338 0.0000000000
137428  -27.126  -56.197  -7.282 0.0000000000
137429  -27.798  -56.027  -7.191 0.0000000000
137431  -26.427  -58.956  -7.929 0.0000000000
137432  -26.739  -58.191  -7.785 0.0000000000
137435  -27.080  -57.540  -7.623 0.0000000000
137436  -27.508  -56.908  -7.450 0.0000000000
137437  -28.021  -56.356  -7.262 0.0000000000
137438  -28.468  -55.863  -7.106 0.0000000000
137439  -29.239  -55.603  -7.171 0.0000000000
137440  -29.911  -55.414  -7.314 0.0000000000
137705  -25.528  -36.797  -14.860 0.0000000000
137706  -24.850  -36.154  -15.569 0.0000000000
137707  -25.691  -36.464  -15.172 0.0000000000
137708  -25.870  -36.060  -15.530 0.0000000000
137709  -26.052  -35.664  -15.901 0.0000000000
137710  -27.619  -36.673  -14.721 0.0000000000
137711  -26.882  -35.934  -15.527 0.0000000000
137712  -26.177  -35.242  -16.263 0.0000000000
137713  -26.326  -34.825  -16.621 0.0000000000
137714  -26.418  -34.405  -16.935 0.0000000000
137715  -26.479  -33.920  -17.295 0.0000000000
137718  -29.393  -36.168  -14.866 0.0000000000
137720  -29.527  -35.659  -15.264 0.0000000000
137721  -28.709  -35.484  -15.589 0.0000000000
137722  -28.026  -34.796  -16.258 0.0000000000
137723  -27.278  -34.108  -16.920 0.0000000000
137724  -26.501  -33.454  -17.634 0.0000000000
137725  -26.563  -32.975  -17.980 0.0000000000
137726  -26.672  -32.556  -18.335 0.0000000000
137727  -26.752  -32.105  -18.683 0.0000000000
137728  -28.254  -32.688  -17.577 0.0000000000
137729  -27.521  -32.097  -18.335 0.0000000000
137730  -26.828  -31.619  -19.081 0.0000000000
144293  -19.237  -34.885  -14.259 0.0000000000
144299  -19.709  -33.275  -15.629 0.0000000000
144300  -20.195  -33.985  -15.948 0.0000000000
144301  -20.959  -34.728  -16.036 0.0000000000
144302  -21.374  -35.736  -15.195 0.0000000000
144303  -21.624  -35.553  -15.548 0.0000000000
144304  -21.860  -35.398  -15.926 0.0000000000
144305  -22.790  -35.899  -15.696 0.0000000000
144306  -23.594  -36.365  -15.326 0.0000000000
144307  -24.481  -36.787  -14.912 0.0000000000
144308  -21.970  -41.259  -9.825 0.0000000000
144309  -22.270  -40.992  -10.117 0.0000000000
144310  -22.568  -40.732  -10.379 0.0000000000
144311  -23.578  -42.031  -9.083 0.0000000000
144312  -23.289  -41.248  -9.861 0.0000000000
144313  -22.862  -40.469  -10.681 0.0000000000
144314  -23.173  -40.198  -10.990 0.0000000000
144315  -23.514  -39.936  -11.291 0.0000000000
144316  -23.767  -39.620  -11.629 0.0000000000
144317  -25.730  -43.558  -7.457 0.0000000000
144318  -25.646  -42.849  -8.093 0.0000000000
144319  -25.481  -42.173  -8.783 0.0000000000
144320  -26.471  -42.198  -8.713 0.0000000000
144321  -25.844  -41.889  -9.078 0.0000000000
144322  -25.266  -41.549  -9.547 0.0000000000
144323  -25.003  -40.854  -10.324 0.0000000000
144324  -24.601  -40.113  -11.127 0.0000000000
144325  -23.967  -39.312  -11.956 0.0000000000
144326  -24.216  -39.058  -12.281 0.0000000000
144327  -24.424  -38.752  -12.670 0.0000000000
144328  -24.666  -38.482  -13.049 0.0000000000
144329  -26.115  -39.699  -11.658 0.0000000000
144330  -25.526  -38.948  -12.578 0.0000000000
144331  -24.886  -38.207  -13.449 0.0000000000
144332  -25.081  -37.888  -13.805 0.0000000000
144333  -25.269  -37.612  -14.111 0.0000000000
144334  -25.385  -37.224  -14.458 0.0000000000
144335  -26.310  -37.653  -13.991 0.0000000000
144336  -27.164  -38.028  -13.536 0.0000000000
144337  -28.016  -38.281  -13.125 0.0000000000
144338  -28.403  -39.349  -11.863 0.0000000000
144339  -28.627  -38.968  -12.256 0.0000000000
144340  -28.797  -38.544  -12.684 0.0000000000
144341  -29.526  -38.807  -12.258 0.0000000000
144344  -29.741  -41.694  -8.923 0.0000000000
144345  -30.121  -41.328  -9.272 0.0000000000
162878  -23.521  -53.865  -5.434 0.0000000000
162879  -24.115  -53.279  -5.284 0.0000000000
162883  -24.591  -55.907  -5.142 0.0000000000
162884  -24.263  -55.574  -5.153 0.0000000000
162885  -23.914  -55.267  -5.186 0.0000000000
162886  -24.201  -54.404  -5.197 0.0000000000
162887  -24.456  -53.581  -5.204 0.0000000000
162888  -24.641  -52.727  -5.161 0.0000000000
162889  -25.176  -52.118  -5.109 0.0000000000
162890  -25.731  -51.518  -5.090 0.0000000000
162891  -26.310  -50.923  -5.098 0.0000000000
162892  -26.551  -52.024  -5.092 0.0000000000
162893  -26.706  -51.233  -5.094 0.0000000000
162894  -26.905  -50.324  -5.137 0.0000000000
162895  -27.515  -49.781  -5.186 0.0000000000
162896  -28.111  -49.276  -5.242 0.0000000000
162897  -28.634  -48.790  -5.296 0.0000000000
162898  -24.730  -58.298  -6.944 0.0000000000
162899  -25.203  -57.808  -6.641 0.0000000000
162900  -25.604  -57.286  -6.350 0.0000000000
162901  -26.128  -56.515  -6.626 0.0000000000
162902  -26.125  -56.497  -6.347 0.0000000000
162903  -26.016  -56.647  -6.087 0.0000000000
162904  -26.427  -55.934  -5.844 0.0000000000
162905  -26.799  -55.292  -5.637 0.0000000000
162906  -27.155  -54.526  -5.428 0.0000000000
162907  -28.707  -54.586  -6.667 0.0000000000
162908  -28.549  -54.355  -6.536 0.0000000000
162909  -28.398  -54.193  -6.235 0.0000000000
162910  -29.641  -53.249  -6.256 0.0000000000
162911  -28.898  -53.609  -6.121 0.0000000000
162912  -28.182  -54.047  -6.006 0.0000000000
162913  -27.975  -53.991  -5.712 0.0000000000
162914  -27.806  -53.877  -5.510 0.0000000000
162915  -27.545  -53.753  -5.316 0.0000000000
162916  -27.893  -52.954  -5.256 0.0000000000
162917  -28.235  -52.086  -5.252 0.0000000000
162918  -28.526  -51.376  -5.288 0.0000000000
162919  -29.534  -51.048  -5.553 0.0000000000
162920  -29.210  -50.811  -5.411 0.0000000000
162921  -28.733  -50.620  -5.308 0.0000000000
162922  -29.002  -49.807  -5.324 0.0000000000
162923  -29.207  -48.995  -5.355 0.0000000000
162924  -29.236  -48.262  -5.433 0.0000000000
162925  -29.866  -47.732  -5.608 0.0000000000
162926  -30.471  -47.236  -5.795 0.0000000000
162928  -31.477  -47.862  -6.123 0.0000000000
163708  -24.124  -35.450  -16.367 0.0000000000
163709  -23.369  -34.826  -16.999 0.0000000000
163710  -22.644  -34.040  -17.594 0.0000000000
163711  -23.678  -34.100  -17.715 0.0000000000
163712  -22.799  -33.705  -17.937 0.0000000000
163713  -22.009  -33.165  -17.984 0.0000000000
163714  -21.331  -32.150  -18.173 0.0000000000
163717  -24.185  -32.611  -19.154 0.0000000000
163718  -23.367  -32.350  -19.319 0.0000000000
163719  -22.510  -31.877  -19.306 0.0000000000
163720  -22.092  -30.725  -19.811 0.0000000000
163721  -21.878  -31.001  -19.460 0.0000000000
163722  -21.788  -31.277  -19.122 0.0000000000
