#!ascii label  , from subject fsaverage vox2ras=TkReg
836
106  51.561  -19.085  36.421 0.0000000000
107  48.844  -16.536  49.060 0.0000000000
307  46.967  -23.376  38.332 0.0000000000
308  53.469  -26.826  38.326 0.0000000000
486  54.866  -16.391  46.071 0.0000000000
788  47.934  -28.563  37.902 0.0000000000
1064  52.804  -15.217  48.336 0.0000000000
1705  49.315  -21.193  37.844 0.0000000000
1706  50.572  -23.486  34.550 0.0000000000
1707  49.469  -26.054  36.471 0.0000000000
1708  51.888  -29.619  40.510 0.0000000000
2104  53.434  -18.093  41.797 0.0000000000
2376  54.528  -24.992  35.265 0.0000000000
2982  48.083  -17.494  45.949 0.0000000000
2983  50.040  -16.631  45.938 0.0000000000
2984  50.955  -15.640  48.909 0.0000000000
2985  53.159  -15.893  50.316 0.0000000000
2986  51.464  -15.688  51.180 0.0000000000
3202  53.099  -18.157  35.697 0.0000000000
3204  51.789  -19.806  34.215 0.0000000000
3802  48.221  -22.460  38.321 0.0000000000
3803  48.633  -23.391  36.143 0.0000000000
3804  47.723  -24.633  36.662 0.0000000000
3806  49.798  -29.373  39.204 0.0000000000
4625  53.844  -15.034  45.295 0.0000000000
4628  55.665  -16.032  43.080 0.0000000000
4629  54.416  -17.422  44.208 0.0000000000
4630  52.041  -19.161  42.602 0.0000000000
5295  52.014  -25.459  36.325 0.0000000000
5296  52.439  -24.476  34.848 0.0000000000
5297  54.042  -25.547  36.872 0.0000000000
6026  46.978  -25.767  36.934 0.0000000000
6521  51.855  -15.737  45.640 0.0000000000
6522  54.329  -15.528  47.444 0.0000000000
6524  54.073  -16.713  49.096 0.0000000000
6921  55.009  -27.934  40.310 0.0000000000
6922  55.637  -26.447  39.002 0.0000000000
7819  50.373  -20.087  37.139 0.0000000000
7820  50.354  -20.842  34.761 0.0000000000
7821  49.384  -21.951  35.438 0.0000000000
7822  50.065  -24.684  35.662 0.0000000000
7823  51.464  -26.773  37.392 0.0000000000
7824  48.743  -27.315  37.185 0.0000000000
7825  50.614  -28.061  38.286 0.0000000000
7826  52.787  -28.349  39.304 0.0000000000
8869  54.084  -17.378  38.198 0.0000000000
8877  55.067  -16.835  40.879 0.0000000000
8878  52.349  -18.581  39.022 0.0000000000
8879  51.076  -19.664  39.844 0.0000000000
8880  50.122  -20.875  40.647 0.0000000000
9684  51.385  -22.283  33.656 0.0000000000
9685  53.151  -23.370  33.416 0.0000000000
10662  48.526  -16.929  47.609 0.0000000000
10663  49.537  -16.463  47.631 0.0000000000
10664  49.947  -16.039  49.023 0.0000000000
10665  51.338  -15.522  50.128 0.0000000000
10666  50.260  -15.878  50.272 0.0000000000
10882  52.360  -18.611  36.052 0.0000000000
10883  52.315  -18.915  34.834 0.0000000000
10884  51.563  -19.337  35.211 0.0000000000
11482  47.543  -22.926  38.334 0.0000000000
11483  47.747  -23.393  37.253 0.0000000000
11484  47.224  -23.936  37.369 0.0000000000
12305  54.751  -15.353  45.935 0.0000000000
12307  55.122  -15.776  45.332 0.0000000000
12308  55.240  -16.233  44.586 0.0000000000
12309  54.755  -16.937  45.243 0.0000000000
12310  53.831  -17.921  44.698 0.0000000000
12311  54.222  -17.508  45.760 0.0000000000
12975  52.785  -26.168  37.404 0.0000000000
12976  53.010  -25.521  36.621 0.0000000000
12977  53.792  -26.057  37.697 0.0000000000
14705  51.412  -15.722  47.346 0.0000000000
14706  50.992  -16.161  45.875 0.0000000000
14707  52.323  -15.394  47.056 0.0000000000
14708  53.196  -15.201  46.714 0.0000000000
14709  53.616  -15.242  47.929 0.0000000000
14710  54.295  -16.062  48.298 0.0000000000
14711  53.846  -15.669  48.942 0.0000000000
14712  53.116  -16.572  51.084 0.0000000000
14713  53.543  -17.025  50.431 0.0000000000
17167  49.819  -20.606  37.457 0.0000000000
17168  49.661  -20.861  36.135 0.0000000000
17169  49.229  -21.456  36.496 0.0000000000
17170  48.866  -24.713  36.020 0.0000000000
17171  49.177  -24.028  35.660 0.0000000000
17172  49.745  -25.365  36.094 0.0000000000
17173  50.761  -25.822  36.507 0.0000000000
17174  50.446  -26.486  36.899 0.0000000000
17175  47.426  -27.295  37.132 0.0000000000
17176  47.771  -26.646  36.887 0.0000000000
17177  48.334  -27.936  37.552 0.0000000000
17178  50.838  -29.548  39.807 0.0000000000
17179  50.224  -28.707  38.779 0.0000000000
17180  51.254  -28.875  39.355 0.0000000000
17181  51.685  -28.244  38.778 0.0000000000
17182  52.285  -28.957  39.935 0.0000000000
17183  53.444  -28.883  40.533 0.0000000000
17184  52.949  -29.456  41.161 0.0000000000
19640  54.800  -17.100  42.567 0.0000000000
19641  55.472  -16.440  42.125 0.0000000000
19642  54.225  -17.448  41.361 0.0000000000
19643  53.746  -17.748  40.016 0.0000000000
19644  52.915  -18.359  40.509 0.0000000000
19645  51.638  -19.152  39.484 0.0000000000
19646  52.151  -18.912  40.894 0.0000000000
19648  51.021  -20.073  41.632 0.0000000000
19649  50.482  -20.635  41.989 0.0000000000
19650  49.466  -21.454  40.853 0.0000000000
21645  50.281  -22.154  34.400 0.0000000000
21646  50.765  -21.520  34.037 0.0000000000
21647  50.933  -22.895  34.047 0.0000000000
21648  53.485  -24.786  35.059 0.0000000000
21649  52.748  -24.013  34.119 0.0000000000
21650  53.772  -24.317  34.259 0.0000000000
21654  55.947  -26.039  38.183 0.0000000000
23798  47.610  -18.029  44.179 0.0000000000
23799  48.622  -17.614  44.175 0.0000000000
23800  49.023  -17.045  46.010 0.0000000000
23801  50.409  -16.100  47.476 0.0000000000
23802  51.870  -15.420  48.641 0.0000000000
23803  53.058  -15.448  49.371 0.0000000000
23804  52.231  -15.355  49.830 0.0000000000
23805  52.415  -15.654  50.781 0.0000000000
24199  52.437  -19.368  33.949 0.0000000000
24200  52.173  -20.429  33.556 0.0000000000
25276  48.822  -21.885  38.186 0.0000000000
25277  48.787  -22.142  36.822 0.0000000000
25278  48.310  -22.783  37.099 0.0000000000
25279  48.184  -24.054  36.440 0.0000000000
25280  48.502  -25.427  36.351 0.0000000000
25282  48.871  -29.015  38.526 0.0000000000
26762  55.100  -16.762  43.634 0.0000000000
26763  53.986  -17.789  43.047 0.0000000000
26764  52.708  -18.603  42.245 0.0000000000
26765  53.251  -18.282  43.485 0.0000000000
26766  52.592  -18.786  43.906 0.0000000000
27963  51.182  -24.663  35.265 0.0000000000
27964  51.486  -24.065  34.638 0.0000000000
27965  52.203  -24.937  35.563 0.0000000000
27966  53.241  -25.080  35.865 0.0000000000
27967  54.289  -25.204  36.091 0.0000000000
29420  46.822  -24.466  37.381 0.0000000000
30571  49.576  -17.106  44.280 0.0000000000
30572  50.530  -16.599  44.168 0.0000000000
30573  51.472  -16.042  44.154 0.0000000000
30574  52.830  -15.318  45.451 0.0000000000
30575  54.090  -15.154  46.373 0.0000000000
30576  54.773  -15.910  46.810 0.0000000000
30577  54.496  -17.064  46.713 0.0000000000
30578  54.549  -16.583  47.564 0.0000000000
30579  54.085  -17.301  48.280 0.0000000000
30580  53.635  -18.009  48.790 0.0000000000
30581  53.722  -16.246  49.735 0.0000000000
30582  53.708  -17.538  49.664 0.0000000000
31509  54.186  -27.437  39.217 0.0000000000
31510  54.536  -26.637  38.729 0.0000000000
31511  55.362  -27.131  39.737 0.0000000000
33014  46.652  -18.467  44.124 0.0000000000
33015  47.164  -17.920  45.966 0.0000000000
33016  47.575  -17.437  47.626 0.0000000000
33841  50.923  -19.587  36.770 0.0000000000
33842  50.814  -19.884  35.467 0.0000000000
33843  50.227  -20.375  35.795 0.0000000000
33844  49.800  -21.358  35.039 0.0000000000
33845  49.832  -22.633  34.751 0.0000000000
33846  48.961  -22.613  35.809 0.0000000000
33847  49.508  -23.323  35.212 0.0000000000
33848  50.289  -24.028  35.117 0.0000000000
33849  50.990  -25.176  35.925 0.0000000000
33850  51.776  -26.103  36.981 0.0000000000
33851  52.466  -26.891  37.872 0.0000000000
33852  47.324  -25.174  36.846 0.0000000000
33853  48.140  -26.005  36.682 0.0000000000
33854  49.124  -26.705  36.845 0.0000000000
33855  49.265  -28.419  38.156 0.0000000000
33856  49.707  -27.777  37.711 0.0000000000
33857  50.115  -27.173  37.317 0.0000000000
33858  51.091  -27.449  37.806 0.0000000000
33859  52.109  -27.613  38.293 0.0000000000
33860  53.155  -27.629  38.769 0.0000000000
33861  53.896  -28.190  39.767 0.0000000000
33862  54.637  -28.558  41.053 0.0000000000
36852  53.534  -17.716  36.912 0.0000000000
36853  52.729  -18.253  37.218 0.0000000000
36878  54.556  -17.143  39.592 0.0000000000
36879  53.229  -17.985  38.644 0.0000000000
36880  51.897  -18.792  37.672 0.0000000000
36881  51.214  -19.344  38.117 0.0000000000
36882  50.733  -19.834  38.477 0.0000000000
36883  50.235  -20.356  38.821 0.0000000000
36884  51.567  -19.451  41.282 0.0000000000
36885  50.638  -20.240  40.269 0.0000000000
36886  49.722  -21.017  39.221 0.0000000000
36887  49.121  -21.642  39.501 0.0000000000
36888  48.386  -22.140  39.518 0.0000000000
36934  47.722  -17.029  49.255 0.0000000000
36961  49.100  -16.296  50.646 0.0000000000
39288  51.020  -20.271  34.535 0.0000000000
39289  51.366  -21.051  33.774 0.0000000000
39290  52.007  -21.683  33.356 0.0000000000
39291  51.788  -23.468  34.005 0.0000000000
39292  52.201  -22.917  33.474 0.0000000000
39297  54.853  -26.005  37.927 0.0000000000
39298  55.086  -25.660  37.120 0.0000000000
39299  55.348  -25.447  36.242 0.0000000000
41382  48.740  -16.720  48.340 0.0000000000
41383  49.275  -16.437  48.370 0.0000000000
41384  49.422  -16.283  49.061 0.0000000000
41385  50.097  -15.951  49.641 0.0000000000
41386  49.563  -16.181  49.693 0.0000000000
41602  51.960  -18.834  36.251 0.0000000000
41603  51.947  -18.955  35.620 0.0000000000
41604  51.548  -19.187  35.793 0.0000000000
42202  47.216  -23.167  38.307 0.0000000000
42203  47.309  -23.388  37.786 0.0000000000
42204  47.068  -23.619  37.769 0.0000000000
43025  54.942  -15.822  46.075 0.0000000000
43026  54.980  -15.539  45.657 0.0000000000
43027  55.014  -16.097  45.722 0.0000000000
43028  55.025  -16.366  45.352 0.0000000000
43029  54.842  -16.691  45.652 0.0000000000
43030  54.499  -17.221  45.486 0.0000000000
43031  54.651  -16.972  45.963 0.0000000000
43695  53.137  -26.506  37.875 0.0000000000
43696  53.289  -26.126  37.579 0.0000000000
43697  53.634  -26.438  38.055 0.0000000000
45425  52.137  -15.362  47.909 0.0000000000
45426  51.850  -15.572  47.226 0.0000000000
45427  52.600  -15.248  47.748 0.0000000000
45428  52.993  -15.212  47.540 0.0000000000
45429  53.230  -15.203  48.139 0.0000000000
45430  53.791  -15.392  48.443 0.0000000000
45431  53.396  -15.334  48.674 0.0000000000
45433  53.268  -17.199  51.065 0.0000000000
47887  49.545  -20.891  37.655 0.0000000000
47888  49.481  -20.978  36.936 0.0000000000
47889  49.256  -21.306  37.161 0.0000000000
47890  49.139  -25.389  36.200 0.0000000000
47891  49.295  -25.048  36.021 0.0000000000
47892  49.605  -25.695  36.288 0.0000000000
47893  50.095  -25.939  36.452 0.0000000000
47894  49.978  -26.287  36.668 0.0000000000
47895  47.707  -27.950  37.467 0.0000000000
47896  47.908  -27.659  37.273 0.0000000000
47897  48.129  -28.269  37.741 0.0000000000
47898  51.349  -29.600  40.192 0.0000000000
47899  51.027  -29.211  39.623 0.0000000000
47900  51.572  -29.284  39.937 0.0000000000
47901  51.766  -28.958  39.636 0.0000000000
47902  52.086  -29.296  40.254 0.0000000000
47903  52.614  -29.241  40.563 0.0000000000
47904  52.395  -29.566  40.840 0.0000000000
50360  54.101  -17.611  42.195 0.0000000000
50361  54.498  -17.286  41.970 0.0000000000
50362  53.822  -17.776  41.579 0.0000000000
50363  53.554  -17.919  40.956 0.0000000000
50364  53.163  -18.238  41.172 0.0000000000
50365  52.492  -18.663  40.687 0.0000000000
50366  52.793  -18.514  41.369 0.0000000000
50368  50.943  -20.206  42.451 0.0000000000
52365  50.383  -22.844  34.398 0.0000000000
52366  50.586  -22.532  34.206 0.0000000000
52367  50.730  -23.199  34.294 0.0000000000
52368  54.011  -24.824  35.164 0.0000000000
52369  53.614  -24.533  34.639 0.0000000000
52370  54.131  -24.678  34.749 0.0000000000
52371  54.248  -24.562  34.356 0.0000000000
52372  54.674  -24.887  34.840 0.0000000000
55022  47.815  -17.765  45.074 0.0000000000
55023  48.297  -17.544  45.109 0.0000000000
55024  48.559  -17.272  45.979 0.0000000000
55025  50.254  -16.016  48.315 0.0000000000
55026  49.970  -16.273  47.568 0.0000000000
55027  50.691  -15.816  48.198 0.0000000000
55028  51.162  -15.690  48.108 0.0000000000
55029  51.421  -15.517  48.780 0.0000000000
55030  52.068  -15.336  49.264 0.0000000000
55031  51.625  -15.409  49.422 0.0000000000
55032  51.423  -15.573  50.635 0.0000000000
55033  51.904  -15.501  50.477 0.0000000000
55034  51.955  -15.658  50.973 0.0000000000
55035  52.449  -15.993  51.263 0.0000000000
55036  52.012  -15.898  51.466 0.0000000000
55689  52.978  -18.347  35.095 0.0000000000
55690  52.035  -19.295  34.479 0.0000000000
55691  52.354  -19.120  34.342 0.0000000000
55692  52.139  -19.562  34.078 0.0000000000
55693  52.330  -19.879  33.754 0.0000000000
55694  51.974  -20.096  33.860 0.0000000000
57487  48.546  -22.176  38.243 0.0000000000
57488  48.538  -22.305  37.600 0.0000000000
57489  48.269  -22.601  37.692 0.0000000000
57490  47.692  -23.989  36.908 0.0000000000
57491  47.936  -23.725  36.823 0.0000000000
57492  47.949  -24.346  36.559 0.0000000000
57493  48.277  -24.695  36.280 0.0000000000
57494  48.042  -25.044  36.396 0.0000000000
59960  54.886  -16.872  44.453 0.0000000000
59961  55.179  -16.529  44.121 0.0000000000
59962  54.738  -17.133  43.931 0.0000000000
59963  54.579  -17.336  43.392 0.0000000000
59964  54.198  -17.686  43.615 0.0000000000
59965  53.605  -18.058  43.283 0.0000000000
59966  53.842  -17.892  43.898 0.0000000000
59968  53.213  -18.347  44.326 0.0000000000
61965  51.587  -25.060  35.750 0.0000000000
61966  51.696  -24.790  35.382 0.0000000000
61967  52.076  -25.168  35.904 0.0000000000
61968  53.526  -25.509  36.748 0.0000000000
61969  53.132  -25.288  36.246 0.0000000000
61970  53.627  -25.327  36.350 0.0000000000
61971  53.761  -25.124  35.976 0.0000000000
61972  54.166  -25.364  36.482 0.0000000000
67150  49.282  -17.132  45.101 0.0000000000
67151  49.083  -17.367  44.260 0.0000000000
67152  49.792  -16.891  45.098 0.0000000000
67153  51.423  -15.939  45.780 0.0000000000
67154  50.753  -16.383  45.039 0.0000000000
67155  51.170  -16.150  44.977 0.0000000000
67156  50.972  -16.329  44.152 0.0000000000
67157  51.609  -15.901  44.925 0.0000000000
67158  52.140  -15.627  44.870 0.0000000000
67159  52.348  -15.508  45.530 0.0000000000
67160  53.823  -15.186  47.117 0.0000000000
67161  53.694  -15.143  46.529 0.0000000000
67162  54.197  -15.268  46.887 0.0000000000
67163  54.512  -15.413  46.649 0.0000000000
67164  54.571  -15.692  47.144 0.0000000000
67165  54.694  -16.254  47.205 0.0000000000
67166  54.559  -15.996  47.579 0.0000000000
67167  54.216  -16.378  48.708 0.0000000000
67168  54.331  -16.684  48.358 0.0000000000
67169  54.125  -17.030  48.714 0.0000000000
67170  53.866  -17.654  48.565 0.0000000000
67171  53.908  -17.386  49.014 0.0000000000
67172  53.133  -15.628  49.861 0.0000000000
67173  53.487  -15.766  49.604 0.0000000000
67174  53.476  -16.052  50.069 0.0000000000
67175  53.494  -17.703  50.294 0.0000000000
67176  53.646  -17.271  50.034 0.0000000000
67177  53.513  -17.948  49.891 0.0000000000
67178  53.442  -18.193  49.423 0.0000000000
69165  54.601  -27.672  39.706 0.0000000000
69166  54.775  -27.250  39.437 0.0000000000
69167  55.194  -27.497  40.023 0.0000000000
72584  46.672  -18.137  45.917 0.0000000000
72585  47.365  -17.681  46.848 0.0000000000
72586  46.870  -17.919  46.777 0.0000000000
74542  50.637  -19.836  36.959 0.0000000000
74543  50.596  -19.950  36.291 0.0000000000
74544  50.257  -20.197  36.457 0.0000000000
74545  49.450  -21.375  35.727 0.0000000000
74546  49.684  -21.094  35.550 0.0000000000
74547  49.544  -21.651  35.212 0.0000000000
74548  49.770  -21.970  34.830 0.0000000000
74549  49.575  -22.276  35.044 0.0000000000
74550  48.649  -22.723  36.404 0.0000000000
74551  48.836  -22.342  36.280 0.0000000000
74552  48.800  -22.995  35.991 0.0000000000
74553  49.605  -24.357  35.624 0.0000000000
74554  49.344  -23.674  35.440 0.0000000000
74555  49.748  -24.023  35.375 0.0000000000
74556  49.859  -23.712  35.104 0.0000000000
74557  50.192  -24.369  35.383 0.0000000000
74558  50.625  -24.633  35.463 0.0000000000
74559  50.552  -24.992  35.738 0.0000000000
74560  51.117  -26.309  36.947 0.0000000000
74561  51.276  -25.973  36.738 0.0000000000
74562  51.637  -26.413  37.202 0.0000000000
74563  52.135  -26.499  37.441 0.0000000000
74564  51.960  -26.832  37.635 0.0000000000
74565  46.887  -25.093  37.111 0.0000000000
74566  47.053  -24.824  37.085 0.0000000000
74567  47.166  -25.467  36.884 0.0000000000
74568  48.230  -27.023  36.988 0.0000000000
74569  47.953  -26.321  36.771 0.0000000000
74570  48.421  -26.682  36.867 0.0000000000
74571  48.593  -26.371  36.717 0.0000000000
74572  48.860  -26.975  36.993 0.0000000000
74573  49.299  -29.238  38.867 0.0000000000
74574  49.067  -28.723  38.351 0.0000000000
74575  49.473  -28.901  38.674 0.0000000000
74576  50.424  -28.386  38.536 0.0000000000
74577  49.920  -28.245  38.220 0.0000000000
74578  50.129  -27.918  37.982 0.0000000000
74579  49.897  -27.479  37.525 0.0000000000
74580  50.372  -27.602  37.767 0.0000000000
74581  50.604  -27.306  37.556 0.0000000000
74582  50.852  -27.749  38.035 0.0000000000
74583  52.251  -28.302  39.062 0.0000000000
74584  51.911  -27.931  38.523 0.0000000000
74585  52.443  -28.003  38.805 0.0000000000
74586  52.604  -27.659  38.564 0.0000000000
74587  52.979  -28.010  39.000 0.0000000000
74588  53.529  -27.931  39.231 0.0000000000
74589  53.338  -28.312  39.514 0.0000000000
74590  53.791  -29.004  41.152 0.0000000000
74591  54.076  -28.725  40.800 0.0000000000
81897  54.407  -17.115  38.068 0.0000000000
81898  54.149  -17.282  37.446 0.0000000000
81899  53.806  -17.539  37.547 0.0000000000
81900  53.151  -17.966  37.039 0.0000000000
81901  53.428  -17.812  37.664 0.0000000000
81958  55.307  -16.641  41.497 0.0000000000
81962  55.415  -16.526  40.711 0.0000000000
81963  55.182  -16.687  40.079 0.0000000000
81964  54.811  -17.002  40.255 0.0000000000
81965  53.016  -18.167  39.544 0.0000000000
81966  53.506  -17.865  39.339 0.0000000000
81967  52.783  -18.274  38.811 0.0000000000
81968  52.518  -18.390  38.131 0.0000000000
81969  52.117  -18.676  38.339 0.0000000000
81970  51.526  -19.080  37.843 0.0000000000
81971  51.742  -18.973  38.552 0.0000000000
81972  51.356  -19.417  39.679 0.0000000000
81973  51.140  -19.517  38.980 0.0000000000
81974  50.876  -19.739  39.146 0.0000000000
81975  50.498  -20.072  38.646 0.0000000000
81976  50.635  -20.005  39.329 0.0000000000
81977  52.378  -18.864  42.403 0.0000000000
81978  52.113  -19.026  41.754 0.0000000000
81979  51.798  -19.326  41.946 0.0000000000
81980  50.586  -20.453  41.183 0.0000000000
81981  50.851  -20.155  40.980 0.0000000000
81982  50.407  -20.559  40.488 0.0000000000
81983  50.185  -20.644  39.745 0.0000000000
81984  49.946  -20.925  39.936 0.0000000000
81985  49.440  -21.343  39.367 0.0000000000
81986  49.636  -21.250  40.053 0.0000000000
81988  48.905  -21.802  40.192 0.0000000000
81989  48.490  -22.016  40.155 0.0000000000
81990  47.991  -22.330  39.520 0.0000000000
81992  54.226  -17.392  47.053 0.0000000000
82103  47.107  -17.418  48.440 0.0000000000
87975  50.537  -20.349  35.085 0.0000000000
87976  50.902  -20.044  34.976 0.0000000000
87977  50.667  -20.586  34.642 0.0000000000
87978  51.080  -21.929  33.818 0.0000000000
87979  51.074  -21.262  33.901 0.0000000000
87980  51.352  -21.643  33.683 0.0000000000
87981  51.671  -21.370  33.551 0.0000000000
87982  51.680  -21.993  33.514 0.0000000000
87983  51.948  -24.314  34.677 0.0000000000
87984  51.642  -23.773  34.325 0.0000000000
87985  52.070  -24.015  34.367 0.0000000000
87986  52.953  -23.671  33.721 0.0000000000
87987  52.459  -23.467  33.726 0.0000000000
87988  52.660  -23.151  33.411 0.0000000000
87989  52.413  -22.573  33.216 0.0000000000
87990  52.874  -22.820  33.162 0.0000000000
87998  55.095  -26.549  38.878 0.0000000000
87999  54.690  -26.260  38.328 0.0000000000
88000  55.243  -26.243  38.462 0.0000000000
88002  55.506  -25.840  37.640 0.0000000000
88003  55.650  -25.795  37.244 0.0000000000
88004  55.206  -25.575  36.708 0.0000000000
88005  55.766  -25.675  36.768 0.0000000000
92918  48.311  -17.188  46.825 0.0000000000
92919  48.831  -16.974  46.837 0.0000000000
92920  49.063  -16.673  47.634 0.0000000000
92921  49.771  -16.223  48.349 0.0000000000
92922  50.473  -15.811  48.973 0.0000000000
92923  51.151  -15.509  49.539 0.0000000000
92924  50.599  -15.718  49.571 0.0000000000
92925  50.853  -15.662  50.253 0.0000000000
92926  50.909  -15.683  50.805 0.0000000000
93316  52.754  -18.381  35.864 0.0000000000
93317  52.644  -18.526  35.209 0.0000000000
93318  52.337  -18.760  35.431 0.0000000000
93319  51.971  -19.123  35.031 0.0000000000
93320  51.610  -19.554  34.657 0.0000000000
94396  47.882  -22.700  38.340 0.0000000000
94397  47.950  -22.899  37.770 0.0000000000
94398  47.608  -23.135  37.767 0.0000000000
94399  47.479  -23.665  37.334 0.0000000000
94400  47.454  -24.272  37.013 0.0000000000
95875  54.341  -15.102  45.672 0.0000000000
95876  54.244  -15.002  45.145 0.0000000000
95877  54.686  -15.182  45.455 0.0000000000
95878  54.967  -15.333  45.208 0.0000000000
95879  55.183  -15.535  44.915 0.0000000000
95880  55.330  -15.731  44.590 0.0000000000
95881  55.217  -16.004  44.981 0.0000000000
95882  55.007  -16.620  44.958 0.0000000000
95883  54.600  -17.190  44.750 0.0000000000
95884  54.096  -17.714  44.458 0.0000000000
95885  54.326  -17.457  44.990 0.0000000000
95886  54.036  -17.731  45.240 0.0000000000
97083  52.407  -25.845  36.903 0.0000000000
97084  52.491  -25.538  36.500 0.0000000000
97085  52.919  -25.824  37.090 0.0000000000
97086  53.414  -25.783  37.174 0.0000000000
97087  53.926  -25.729  37.280 0.0000000000
100195  50.747  -16.139  46.711 0.0000000000
100196  50.530  -16.413  45.915 0.0000000000
100197  51.209  -15.948  46.632 0.0000000000
100198  51.664  -15.739  46.509 0.0000000000
100199  52.090  -15.537  46.346 0.0000000000
100200  52.539  -15.378  46.213 0.0000000000
100201  52.747  -15.292  46.888 0.0000000000
100202  53.393  -15.206  47.335 0.0000000000
100203  54.012  -15.388  47.706 0.0000000000
100204  54.328  -15.768  47.891 0.0000000000
100205  54.070  -15.550  48.176 0.0000000000
100206  54.097  -15.838  48.627 0.0000000000
100207  54.042  -16.131  49.044 0.0000000000
100208  53.142  -16.210  50.737 0.0000000000
100209  53.452  -16.401  50.476 0.0000000000
100210  53.381  -16.788  50.801 0.0000000000
100211  53.414  -17.447  50.697 0.0000000000
104629  50.114  -20.320  37.317 0.0000000000
104630  49.992  -20.440  36.621 0.0000000000
104631  49.744  -20.693  36.777 0.0000000000
104632  49.446  -21.152  36.298 0.0000000000
104633  49.249  -21.677  35.909 0.0000000000
104634  48.671  -24.063  36.003 0.0000000000
104635  48.866  -23.685  35.843 0.0000000000
104636  49.034  -24.359  35.843 0.0000000000
104637  49.451  -24.713  35.833 0.0000000000
104638  49.909  -25.003  35.909 0.0000000000
104639  50.402  -25.283  36.070 0.0000000000
104640  50.225  -25.601  36.255 0.0000000000
104641  50.599  -26.142  36.696 0.0000000000
104642  50.944  -26.652  37.146 0.0000000000
104643  47.176  -26.576  36.961 0.0000000000
104644  47.362  -26.242  36.863 0.0000000000
104645  47.602  -26.981  37.004 0.0000000000
104646  48.033  -27.326  37.137 0.0000000000
104647  48.548  -27.614  37.360 0.0000000000
104648  50.350  -29.499  39.550 0.0000000000
104649  50.011  -29.040  39.009 0.0000000000
104650  50.519  -29.139  39.316 0.0000000000
104651  50.734  -28.814  39.083 0.0000000000
104652  50.928  -28.490  38.819 0.0000000000
104653  51.129  -28.169  38.538 0.0000000000
104654  51.453  -28.572  39.061 0.0000000000
104655  51.978  -28.628  39.335 0.0000000000
104656  52.550  -28.659  39.625 0.0000000000
104657  53.120  -28.672  39.892 0.0000000000
104658  52.861  -28.942  40.234 0.0000000000
104659  53.200  -29.144  40.851 0.0000000000
104660  53.526  -29.309  41.446 0.0000000000
109045  54.665  -16.959  38.709 0.0000000000
109078  55.298  -16.630  42.838 0.0000000000
109079  55.596  -16.244  42.621 0.0000000000
109080  55.105  -16.812  42.287 0.0000000000
109081  54.858  -16.967  41.728 0.0000000000
109082  54.644  -17.133  41.124 0.0000000000
109083  54.417  -17.302  40.476 0.0000000000
109084  53.985  -17.599  40.721 0.0000000000
109085  53.277  -18.048  40.271 0.0000000000
109086  52.643  -18.470  39.799 0.0000000000
109087  51.977  -18.868  39.264 0.0000000000
109088  52.233  -18.778  39.990 0.0000000000
109089  51.874  -19.066  40.187 0.0000000000
109090  51.585  -19.322  40.373 0.0000000000
109091  51.689  -19.459  42.757 0.0000000000
109092  51.477  -19.635  42.116 0.0000000000
109093  51.174  -19.927  42.262 0.0000000000
109094  50.752  -20.310  41.838 0.0000000000
109095  50.285  -20.753  41.322 0.0000000000
109096  49.782  -21.167  40.730 0.0000000000
109097  49.954  -21.071  41.417 0.0000000000
112689  50.254  -21.452  34.490 0.0000000000
112690  50.544  -21.148  34.376 0.0000000000
112691  50.521  -21.843  34.224 0.0000000000
112692  50.818  -22.217  33.985 0.0000000000
112693  51.192  -22.606  33.824 0.0000000000
112694  52.970  -24.637  34.970 0.0000000000
112695  52.605  -24.246  34.508 0.0000000000
112696  53.108  -24.424  34.569 0.0000000000
112697  53.269  -24.148  34.167 0.0000000000
112698  53.483  -23.852  33.786 0.0000000000
112700  53.929  -24.106  33.868 0.0000000000
112704  55.826  -26.185  38.605 0.0000000000
116966  47.398  -18.274  43.230 0.0000000000
116967  47.906  -18.041  43.269 0.0000000000
116968  48.123  -17.821  44.191 0.0000000000
116969  48.791  -17.349  45.131 0.0000000000
116970  49.538  -16.835  45.990 0.0000000000
116971  49.285  -16.765  46.810 0.0000000000
116972  49.732  -16.564  46.772 0.0000000000
116973  50.217  -16.359  46.731 0.0000000000
116974  50.936  -15.891  47.429 0.0000000000
116975  51.645  -15.528  48.014 0.0000000000
116976  52.330  -15.294  48.486 0.0000000000
116977  52.965  -15.301  48.883 0.0000000000
116978  52.503  -15.285  49.088 0.0000000000
116979  52.638  -15.385  49.600 0.0000000000
116980  52.777  -15.507  50.102 0.0000000000
116981  51.788  -15.411  49.992 0.0000000000
116982  52.342  -15.461  50.315 0.0000000000
116983  52.801  -15.759  50.549 0.0000000000
116984  52.810  -16.072  51.009 0.0000000000
116985  52.819  -16.434  51.391 0.0000000000
117903  52.634  -18.714  34.680 0.0000000000
117904  52.672  -18.930  34.225 0.0000000000
120418  49.098  -21.536  38.026 0.0000000000
120419  49.033  -21.638  37.322 0.0000000000
120420  48.788  -21.988  37.467 0.0000000000
120421  48.551  -22.497  36.921 0.0000000000
120422  48.442  -23.080  36.530 0.0000000000
120423  48.023  -23.086  37.172 0.0000000000
120424  48.207  -23.403  36.687 0.0000000000
120425  48.407  -23.740  36.283 0.0000000000
120426  48.454  -24.413  36.146 0.0000000000
120427  48.698  -25.085  36.196 0.0000000000
120428  48.992  -25.779  36.374 0.0000000000
120429  48.168  -29.116  38.357 0.0000000000
120430  48.367  -28.826  38.208 0.0000000000
120431  48.563  -29.340  38.713 0.0000000000
120432  49.093  -29.542  39.002 0.0000000000
120433  49.595  -29.697  39.348 0.0000000000
120436  50.128  -29.795  39.682 0.0000000000
120437  50.652  -29.884  39.976 0.0000000000
120438  51.177  -29.916  40.323 0.0000000000
120439  51.696  -29.928  40.703 0.0000000000
120440  52.232  -29.895  41.040 0.0000000000
123879  55.644  -15.763  43.520 0.0000000000
123880  55.419  -15.922  44.218 0.0000000000
123881  55.459  -16.131  43.802 0.0000000000
123882  55.406  -16.398  43.340 0.0000000000
123883  54.977  -16.973  43.124 0.0000000000
123884  54.362  -17.453  42.809 0.0000000000
123885  53.728  -17.925  42.435 0.0000000000
123886  53.094  -18.356  42.028 0.0000000000
123887  53.357  -18.206  42.661 0.0000000000
123888  52.993  -18.446  42.856 0.0000000000
123889  52.662  -18.655  43.037 0.0000000000
123890  53.517  -18.118  44.102 0.0000000000
123891  52.924  -18.519  43.684 0.0000000000
123892  52.291  -18.959  43.278 0.0000000000
123893  51.935  -19.256  43.423 0.0000000000
126687  50.861  -24.087  34.865 0.0000000000
126688  51.007  -23.807  34.570 0.0000000000
126689  51.328  -24.357  34.938 0.0000000000
126690  51.821  -24.551  35.044 0.0000000000
126691  52.320  -24.712  35.210 0.0000000000
126692  52.583  -25.265  36.087 0.0000000000
126693  52.724  -25.039  35.738 0.0000000000
126694  52.820  -24.811  35.348 0.0000000000
126695  53.354  -24.914  35.472 0.0000000000
126696  53.886  -24.986  35.580 0.0000000000
126697  54.410  -25.113  35.718 0.0000000000
130322  46.832  -23.863  37.738 0.0000000000
130324  46.624  -24.733  37.397 0.0000000000
130325  46.690  -25.403  37.129 0.0000000000
130328  46.796  -26.092  36.991 0.0000000000
130329  47.005  -26.853  37.059 0.0000000000
130330  47.236  -27.557  37.278 0.0000000000
130331  47.472  -28.202  37.607 0.0000000000
133441  48.426  -17.792  43.350 0.0000000000
133442  48.916  -17.545  43.395 0.0000000000
133443  49.404  -17.279  43.437 0.0000000000
133444  50.295  -16.639  45.091 0.0000000000
133445  50.072  -16.846  44.263 0.0000000000
133446  49.888  -17.005  43.424 0.0000000000
133447  50.358  -16.714  43.384 0.0000000000
133451  52.650  -15.392  44.811 0.0000000000
133452  53.330  -15.153  45.390 0.0000000000
133453  53.021  -15.255  46.066 0.0000000000
133454  53.473  -15.160  45.930 0.0000000000
133455  53.917  -15.081  45.846 0.0000000000
133456  54.435  -15.227  46.170 0.0000000000
133457  54.782  -15.587  46.384 0.0000000000
133458  54.839  -16.133  46.458 0.0000000000
133459  54.712  -16.738  46.399 0.0000000000
133460  54.729  -16.507  46.811 0.0000000000
133461  54.558  -16.822  47.152 0.0000000000
133462  54.318  -17.174  47.482 0.0000000000
133463  54.481  -16.323  47.967 0.0000000000
133464  54.352  -16.935  47.918 0.0000000000
133465  54.019  -17.523  47.816 0.0000000000
133466  53.769  -17.892  48.085 0.0000000000
133467  53.519  -18.268  48.275 0.0000000000
133469  53.476  -15.532  49.155 0.0000000000
133470  53.794  -15.938  49.344 0.0000000000
133471  53.921  -16.466  49.423 0.0000000000
133472  53.645  -16.606  50.107 0.0000000000
133473  53.789  -16.848  49.745 0.0000000000
133474  53.892  -17.105  49.412 0.0000000000
133475  53.692  -17.760  49.253 0.0000000000
133476  53.358  -18.415  48.954 0.0000000000
135993  53.808  -27.138  38.768 0.0000000000
135994  53.983  -26.731  38.556 0.0000000000
135995  54.357  -27.024  39.001 0.0000000000
135996  54.961  -26.937  39.264 0.0000000000
135997  55.503  -26.783  39.390 0.0000000000
140229  47.141  -18.234  44.183 0.0000000000
140230  47.357  -17.980  45.055 0.0000000000
140232  46.921  -18.202  45.046 0.0000000000
140233  47.632  -17.699  45.957 0.0000000000
140234  47.833  -17.411  46.853 0.0000000000
140235  48.057  -17.175  47.636 0.0000000000
140236  48.257  -16.969  48.356 0.0000000000
142627  51.229  -19.336  36.588 0.0000000000
142628  51.174  -19.457  35.960 0.0000000000
142629  50.879  -19.712  36.119 0.0000000000
142630  50.524  -20.134  35.614 0.0000000000
142631  50.263  -20.570  35.226 0.0000000000
142632  49.927  -20.616  35.970 0.0000000000
142633  49.968  -20.832  35.386 0.0000000000
142634  50.074  -21.088  34.890 0.0000000000
142635  49.996  -21.733  34.651 0.0000000000
142636  50.050  -22.404  34.567 0.0000000000
142637  50.172  -23.101  34.586 0.0000000000
142638  49.014  -21.789  36.685 0.0000000000
142639  49.020  -21.961  36.095 0.0000000000
142640  49.157  -22.272  35.621 0.0000000000
142641  49.020  -23.306  35.664 0.0000000000
142642  49.188  -22.954  35.457 0.0000000000
142643  49.397  -22.618  35.263 0.0000000000
142644  49.663  -22.982  34.987 0.0000000000
142645  49.987  -23.400  34.824 0.0000000000
142646  50.417  -23.728  34.808 0.0000000000
142647  50.730  -24.338  35.159 0.0000000000
142648  51.044  -24.898  35.556 0.0000000000
142649  51.491  -25.347  36.117 0.0000000000
142650  50.904  -25.499  36.247 0.0000000000
142651  51.398  -25.665  36.486 0.0000000000
142652  51.901  -25.787  36.692 0.0000000000
142653  52.279  -26.150  37.211 0.0000000000
142654  52.638  -26.526  37.654 0.0000000000
142655  52.977  -26.895  38.090 0.0000000000
142656  47.012  -24.219  37.366 0.0000000000
142657  47.238  -24.558  37.060 0.0000000000
142658  47.513  -24.934  36.804 0.0000000000
142659  47.528  -25.909  36.773 0.0000000000
142660  47.701  -25.621  36.685 0.0000000000
142661  47.871  -25.343  36.561 0.0000000000
142662  48.296  -25.742  36.505 0.0000000000
142663  48.792  -26.106  36.546 0.0000000000
142664  49.318  -26.399  36.661 0.0000000000
142665  48.597  -28.509  38.041 0.0000000000
142666  48.813  -28.186  37.837 0.0000000000
142667  49.025  -27.886  37.645 0.0000000000
142668  49.728  -28.576  38.471 0.0000000000
142669  49.487  -28.101  37.940 0.0000000000
142670  49.216  -27.566  37.442 0.0000000000
142671  49.421  -27.270  37.263 0.0000000000
142672  49.627  -26.987  37.092 0.0000000000
142673  49.830  -26.679  36.877 0.0000000000
142674  50.301  -26.836  37.106 0.0000000000
142675  50.765  -26.996  37.349 0.0000000000
142676  51.298  -27.144  37.602 0.0000000000
142677  51.383  -27.843  38.262 0.0000000000
142678  51.602  -27.552  38.041 0.0000000000
142679  51.785  -27.190  37.830 0.0000000000
142680  52.275  -27.239  38.081 0.0000000000
142681  52.781  -27.283  38.321 0.0000000000
142682  53.317  -27.213  38.544 0.0000000000
142683  53.686  -27.541  38.992 0.0000000000
142684  54.091  -27.832  39.457 0.0000000000
142685  54.443  -28.065  40.018 0.0000000000
142686  53.677  -28.558  40.156 0.0000000000
142687  54.272  -28.415  40.378 0.0000000000
142688  54.827  -28.261  40.664 0.0000000000
151519  53.615  -17.725  36.167 0.0000000000
151521  53.849  -17.488  36.802 0.0000000000
151522  53.322  -17.928  36.299 0.0000000000
151523  52.936  -18.164  36.447 0.0000000000
151524  52.533  -18.409  36.618 0.0000000000
151525  52.124  -18.670  36.807 0.0000000000
151599  54.931  -16.820  39.422 0.0000000000
151600  54.327  -17.254  38.879 0.0000000000
151601  54.155  -17.452  39.783 0.0000000000
151602  53.915  -17.567  39.092 0.0000000000
151603  53.675  -17.688  38.359 0.0000000000
151604  52.918  -18.146  37.876 0.0000000000
151605  52.292  -18.536  37.442 0.0000000000
151606  51.684  -18.956  37.000 0.0000000000
151607  51.332  -19.191  37.176 0.0000000000
151608  51.035  -19.448  37.400 0.0000000000
151609  50.791  -19.703  37.612 0.0000000000
151610  51.417  -19.243  38.796 0.0000000000
151611  50.934  -19.615  38.280 0.0000000000
151612  50.551  -19.950  37.800 0.0000000000
151613  50.308  -20.184  37.980 0.0000000000
151614  50.017  -20.465  38.109 0.0000000000
151615  49.776  -20.760  38.352 0.0000000000
151616  52.430  -18.752  41.589 0.0000000000
151617  51.849  -19.171  41.078 0.0000000000
151618  51.322  -19.581  40.561 0.0000000000
151619  51.290  -19.754  41.499 0.0000000000
151620  51.062  -19.847  40.760 0.0000000000
151621  50.846  -19.936  40.040 0.0000000000
151622  50.414  -20.320  39.538 0.0000000000
151623  49.990  -20.691  39.056 0.0000000000
151624  49.518  -21.102  38.529 0.0000000000
151625  49.243  -21.441  38.687 0.0000000000
151626  48.948  -21.749  38.823 0.0000000000
151627  48.610  -22.015  38.907 0.0000000000
151628  49.292  -21.548  40.183 0.0000000000
151629  48.766  -21.910  39.558 0.0000000000
151630  48.271  -22.268  38.932 0.0000000000
151631  47.941  -22.481  38.951 0.0000000000
151632  47.569  -22.712  38.904 0.0000000000
151633  47.231  -22.934  38.904 0.0000000000
151634  54.380  -17.272  46.233 0.0000000000
151766  47.024  -17.720  47.606 0.0000000000
151767  47.687  -17.238  48.424 0.0000000000
151768  48.314  -16.811  49.197 0.0000000000
151848  48.399  -16.635  50.023 0.0000000000
151849  49.016  -16.406  49.878 0.0000000000
151850  49.661  -16.086  50.445 0.0000000000
151851  50.369  -15.838  51.024 0.0000000000
151852  50.949  -15.753  51.464 0.0000000000
158820  51.146  -19.583  35.362 0.0000000000
158821  51.263  -19.778  34.840 0.0000000000
158822  51.376  -20.090  34.369 0.0000000000
158823  50.834  -20.866  34.250 0.0000000000
158824  51.173  -20.636  34.115 0.0000000000
158825  51.554  -20.423  33.977 0.0000000000
158826  51.773  -20.734  33.667 0.0000000000
158827  52.033  -21.036  33.413 0.0000000000
158828  52.327  -21.369  33.171 0.0000000000
158829  51.184  -23.497  34.318 0.0000000000
158830  51.385  -23.194  34.014 0.0000000000
158831  51.558  -22.911  33.751 0.0000000000
158832  52.258  -23.742  34.050 0.0000000000
158833  51.988  -23.199  33.717 0.0000000000
158834  51.764  -22.630  33.538 0.0000000000
158835  52.049  -22.312  33.364 0.0000000000
158836  52.338  -21.991  33.157 0.0000000000
158847  54.148  -26.329  38.187 0.0000000000
158848  54.310  -26.003  37.796 0.0000000000
158849  54.475  -25.769  37.422 0.0000000000
158850  55.394  -26.010  38.052 0.0000000000
158851  54.980  -25.798  37.528 0.0000000000
158852  54.621  -25.592  37.048 0.0000000000
158853  54.696  -25.424  36.600 0.0000000000
158854  54.816  -25.337  36.213 0.0000000000
158855  54.930  -25.248  35.777 0.0000000000
158863  55.434  -25.377  35.809 0.0000000000
158864  55.043  -25.153  35.319 0.0000000000
