#!ascii label  , from subject fsaverage vox2ras=TkReg
1241
346  45.326  -60.329  6.871 0.0000000000
347  55.353  -57.783  1.518 0.0000000000
573  38.094  -61.383  13.399 0.0000000000
625  60.750  -50.292  3.229 0.0000000000
1265  40.355  -57.700  12.995 0.0000000000
1397  57.309  -50.585  5.280 0.0000000000
1398  58.632  -55.504  5.584 0.0000000000
1399  53.947  -54.535  -2.044 0.0000000000
1400  58.287  -52.175  -1.871 0.0000000000
1775  55.528  -59.737  4.193 0.0000000000
1776  51.120  -61.115  3.874 0.0000000000
1777  50.185  -58.191  1.665 0.0000000000
2353  44.178  -57.421  8.571 0.0000000000
2354  40.710  -60.274  9.109 0.0000000000
2355  40.227  -64.878  9.252 0.0000000000
2512  60.037  -55.354  2.282 0.0000000000
2513  62.531  -49.008  -0.711 0.0000000000
3317  57.464  -55.142  6.948 0.0000000000
3319  53.113  -54.161  -3.585 0.0000000000
3320  55.178  -52.209  -3.388 0.0000000000
3321  53.752  -51.315  -4.626 0.0000000000
3916  47.141  -59.506  6.386 0.0000000000
3917  50.319  -60.277  5.277 0.0000000000
3918  48.409  -60.938  5.554 0.0000000000
3920  48.415  -59.925  3.136 0.0000000000
3921  48.003  -58.769  2.177 0.0000000000
3922  50.149  -57.071  0.158 0.0000000000
5237  38.672  -59.227  13.385 0.0000000000
5238  40.125  -58.675  10.883 0.0000000000
5239  39.040  -60.716  10.979 0.0000000000
5240  39.926  -62.394  8.966 0.0000000000
5241  38.925  -63.090  10.968 0.0000000000
5263  42.151  -67.935  11.670 0.0000000000
5629  59.011  -50.669  4.409 0.0000000000
5631  59.072  -48.306  2.187 0.0000000000
5633  60.807  -47.730  1.304 0.0000000000
5634  55.987  -59.521  2.806 0.0000000000
5635  58.500  -58.306  3.531 0.0000000000
5636  58.355  -57.291  1.862 0.0000000000
5637  59.788  -49.345  -3.427 0.0000000000
5638  60.572  -50.930  -1.551 0.0000000000
5639  62.589  -48.063  -3.018 0.0000000000
5640  63.667  -46.169  -1.860 0.0000000000
6094  43.879  -61.230  6.835 0.0000000000
6095  46.637  -61.444  5.771 0.0000000000
6885  42.447  -56.908  12.765 0.0000000000
6886  41.457  -57.414  15.455 0.0000000000
6887  39.403  -58.258  15.903 0.0000000000
6888  37.980  -59.894  15.938 0.0000000000
7122  57.398  -52.820  7.031 0.0000000000
7123  58.680  -52.774  5.824 0.0000000000
7124  59.869  -52.829  4.598 0.0000000000
7125  54.509  -55.797  -0.167 0.0000000000
7126  57.013  -54.974  0.216 0.0000000000
7127  56.004  -53.192  -1.919 0.0000000000
7128  57.353  -50.719  -3.462 0.0000000000
7981  53.507  -60.690  4.010 0.0000000000
7982  53.273  -59.690  2.546 0.0000000000
7983  48.929  -61.215  3.925 0.0000000000
7984  50.655  -59.880  2.735 0.0000000000
7985  52.605  -58.015  1.608 0.0000000000
7986  52.022  -56.304  -0.261 0.0000000000
7987  51.974  -56.070  -1.872 0.0000000000
9614  46.582  -58.055  7.172 0.0000000000
9615  44.514  -58.886  7.545 0.0000000000
9616  41.976  -57.335  10.537 0.0000000000
9617  42.180  -58.628  8.996 0.0000000000
9618  42.818  -60.083  7.874 0.0000000000
9619  41.694  -61.640  7.654 0.0000000000
9620  41.477  -63.979  7.774 0.0000000000
9642  37.486  -62.807  15.815 0.0000000000
9645  38.367  -64.379  13.203 0.0000000000
9646  39.921  -65.692  11.401 0.0000000000
9647  42.004  -67.509  9.894 0.0000000000
10090  57.515  -58.079  4.854 0.0000000000
10091  59.590  -55.591  4.128 0.0000000000
10092  60.909  -52.751  3.007 0.0000000000
10093  59.448  -54.053  0.114 0.0000000000
10094  61.022  -52.210  0.852 0.0000000000
10095  62.135  -49.822  1.602 0.0000000000
10096  62.538  -46.979  -0.117 0.0000000000
10999  52.707  -53.976  -4.035 0.0000000000
11000  53.448  -52.755  -3.960 0.0000000000
11596  46.213  -59.873  6.653 0.0000000000
11597  47.730  -60.225  6.034 0.0000000000
11598  46.842  -60.594  6.254 0.0000000000
12917  38.321  -60.214  13.408 0.0000000000
12918  38.813  -59.881  12.175 0.0000000000
12919  38.518  -60.975  12.177 0.0000000000
12920  38.824  -61.863  10.939 0.0000000000
12921  38.379  -62.168  12.195 0.0000000000
13309  59.855  -50.567  3.819 0.0000000000
13310  59.077  -49.639  3.273 0.0000000000
13311  60.031  -49.357  2.696 0.0000000000
13312  59.973  -48.051  1.739 0.0000000000
13313  60.929  -49.034  2.196 0.0000000000
13314  55.725  -58.736  2.134 0.0000000000
13315  57.382  -58.613  2.306 0.0000000000
13316  56.905  -57.641  1.672 0.0000000000
13317  60.832  -48.108  -4.109 0.0000000000
13318  61.203  -48.760  -3.252 0.0000000000
13319  62.375  -47.533  -3.993 0.0000000000
13996  43.374  -61.866  6.831 0.0000000000
13997  44.605  -61.562  6.421 0.0000000000
15318  40.230  -58.074  17.084 0.0000000000
15319  39.220  -58.637  17.229 0.0000000000
15320  38.597  -58.970  15.962 0.0000000000
15708  56.952  -53.882  7.857 0.0000000000
15709  58.010  -55.338  6.230 0.0000000000
15710  58.288  -54.087  6.373 0.0000000000
15711  58.867  -54.208  5.813 0.0000000000
15712  59.325  -52.836  5.284 0.0000000000
15713  59.372  -54.237  5.118 0.0000000000
15714  54.168  -54.951  -1.130 0.0000000000
15715  55.268  -54.402  -0.975 0.0000000000
15716  54.985  -53.834  -1.936 0.0000000000
15717  55.575  -50.857  -4.000 0.0000000000
15718  56.266  -51.413  -3.465 0.0000000000
15719  56.745  -50.111  -4.015 0.0000000000
17509  50.841  -60.953  4.751 0.0000000000
17510  51.944  -60.578  4.632 0.0000000000
17511  52.245  -60.934  3.896 0.0000000000
17512  53.543  -60.501  3.122 0.0000000000
17513  52.231  -60.559  3.037 0.0000000000
17514  47.054  -61.753  5.060 0.0000000000
17515  47.901  -61.585  4.916 0.0000000000
17516  47.930  -61.343  4.163 0.0000000000
17517  49.234  -59.120  2.515 0.0000000000
17518  49.473  -59.850  2.914 0.0000000000
17519  50.383  -59.092  2.317 0.0000000000
17520  51.636  -59.047  2.200 0.0000000000
17521  51.384  -58.083  1.557 0.0000000000
17522  52.276  -57.061  0.703 0.0000000000
17523  51.128  -57.245  0.717 0.0000000000
17524  50.245  -56.956  -0.409 0.0000000000
17525  51.106  -56.535  -0.871 0.0000000000
17526  51.149  -56.600  -1.447 0.0000000000
17527  51.892  -56.224  -2.584 0.0000000000
21469  45.414  -57.626  7.823 0.0000000000
21470  45.542  -58.456  7.353 0.0000000000
21471  44.297  -58.183  8.001 0.0000000000
21472  41.307  -57.254  12.846 0.0000000000
21473  42.114  -57.013  11.596 0.0000000000
21474  41.005  -57.446  11.695 0.0000000000
21475  40.338  -59.448  9.965 0.0000000000
21476  41.093  -58.626  9.880 0.0000000000
21477  41.404  -59.394  9.137 0.0000000000
21478  42.518  -59.378  8.408 0.0000000000
21479  41.767  -60.138  8.444 0.0000000000
21480  42.202  -60.783  7.775 0.0000000000
21481  41.132  -60.972  8.310 0.0000000000
21482  40.022  -63.666  9.020 0.0000000000
21483  40.706  -63.209  8.288 0.0000000000
21484  40.719  -64.471  8.424 0.0000000000
21486  41.109  -65.678  8.640 0.0000000000
21546  38.202  -65.091  14.305 0.0000000000
21547  38.962  -65.740  13.158 0.0000000000
21548  39.071  -65.031  12.203 0.0000000000
21549  39.835  -66.226  12.350 0.0000000000
21551  42.075  -67.646  10.822 0.0000000000
22644  56.604  -50.666  5.832 0.0000000000
22661  56.507  -59.046  4.471 0.0000000000
22662  59.506  -56.933  3.015 0.0000000000
22663  59.300  -57.216  3.872 0.0000000000
22664  59.949  -55.588  3.284 0.0000000000
22665  60.285  -54.224  3.508 0.0000000000
22666  60.519  -54.130  2.632 0.0000000000
22667  57.698  -53.539  -0.870 0.0000000000
22668  58.319  -54.599  0.124 0.0000000000
22669  58.833  -53.189  -0.858 0.0000000000
22670  61.615  -49.940  -1.130 0.0000000000
22671  60.835  -51.586  -0.422 0.0000000000
22672  61.751  -50.506  0.031 0.0000000000
22673  61.712  -51.018  1.257 0.0000000000
22674  62.411  -49.440  0.505 0.0000000000
22675  62.439  -48.352  0.697 0.0000000000
22676  62.899  -48.007  -0.314 0.0000000000
24404  57.534  -56.489  6.013 0.0000000000
24405  53.538  -54.384  -2.960 0.0000000000
24406  54.611  -53.442  -2.798 0.0000000000
24407  54.048  -53.096  -3.403 0.0000000000
24408  54.409  -51.729  -3.923 0.0000000000
25480  48.119  -59.247  6.195 0.0000000000
25482  48.729  -59.927  5.835 0.0000000000
25483  49.294  -60.615  5.474 0.0000000000
25484  49.888  -61.206  4.784 0.0000000000
25486  47.678  -60.772  3.729 0.0000000000
25488  48.204  -59.293  2.769 0.0000000000
25489  49.108  -58.423  1.906 0.0000000000
25490  50.133  -57.499  0.885 0.0000000000
25491  49.029  -57.883  1.251 0.0000000000
27858  44.154  -56.829  9.394 0.0000000000
27859  39.435  -58.327  13.237 0.0000000000
27860  40.083  -58.088  11.919 0.0000000000
27861  39.331  -58.900  12.069 0.0000000000
27862  39.457  -59.637  10.985 0.0000000000
27863  39.767  -60.439  9.983 0.0000000000
27864  40.189  -61.242  8.977 0.0000000000
27865  39.409  -61.540  9.865 0.0000000000
27866  39.285  -62.763  9.918 0.0000000000
27867  39.484  -64.047  10.015 0.0000000000
27905  40.916  -67.404  12.382 0.0000000000
28563  58.187  -50.566  4.902 0.0000000000
28564  57.223  -49.747  4.380 0.0000000000
28565  58.120  -49.735  3.859 0.0000000000
28566  58.056  -48.503  2.779 0.0000000000
28572  55.976  -59.948  3.504 0.0000000000
28573  57.099  -59.302  3.882 0.0000000000
28574  57.355  -59.087  3.115 0.0000000000
28575  58.615  -58.089  2.709 0.0000000000
28576  59.292  -56.390  1.975 0.0000000000
28577  58.907  -50.725  -2.751 0.0000000000
28578  59.421  -51.599  -1.806 0.0000000000
28579  60.210  -50.133  -2.549 0.0000000000
28580  61.453  -49.421  -2.238 0.0000000000
28581  62.584  -48.534  -1.953 0.0000000000
28582  63.284  -47.627  -1.409 0.0000000000
28583  63.488  -47.151  -2.384 0.0000000000
29578  44.560  -60.725  6.859 0.0000000000
29579  45.934  -60.910  6.419 0.0000000000
29580  45.324  -61.195  6.362 0.0000000000
29581  45.904  -61.637  5.842 0.0000000000
31427  41.818  -57.156  14.124 0.0000000000
31428  40.716  -57.491  14.285 0.0000000000
31430  40.396  -57.733  15.749 0.0000000000
31431  39.811  -57.961  14.442 0.0000000000
31432  38.953  -58.647  14.603 0.0000000000
31433  38.296  -59.548  14.628 0.0000000000
31434  37.879  -60.651  14.691 0.0000000000
31975  56.676  -51.714  6.716 0.0000000000
31976  57.453  -51.636  6.112 0.0000000000
31977  57.707  -54.016  7.145 0.0000000000
31978  58.025  -52.798  6.386 0.0000000000
31979  58.138  -51.581  5.611 0.0000000000
31980  58.861  -51.515  5.186 0.0000000000
31981  59.636  -51.597  4.749 0.0000000000
31982  60.406  -51.562  4.045 0.0000000000
31983  54.901  -56.778  0.753 0.0000000000
31984  56.339  -56.430  0.923 0.0000000000
31985  55.705  -55.389  0.047 0.0000000000
31986  56.455  -53.929  -0.843 0.0000000000
31987  57.169  -52.642  -1.962 0.0000000000
31988  55.739  -52.697  -2.794 0.0000000000
31989  56.764  -51.985  -2.867 0.0000000000
31990  57.793  -51.288  -2.818 0.0000000000
31991  58.587  -50.093  -3.542 0.0000000000
34276  52.980  -60.117  4.601 0.0000000000
34277  54.575  -60.278  4.068 0.0000000000
34278  54.831  -60.301  3.328 0.0000000000
34279  54.603  -59.665  2.661 0.0000000000
34280  54.247  -58.768  2.153 0.0000000000
34281  47.441  -61.237  5.704 0.0000000000
34282  48.872  -61.410  4.815 0.0000000000
34283  49.975  -61.179  3.843 0.0000000000
34284  48.621  -60.586  3.465 0.0000000000
34285  49.772  -60.550  3.270 0.0000000000
34286  51.004  -60.620  3.112 0.0000000000
34287  51.986  -59.809  2.614 0.0000000000
34288  52.932  -58.901  2.168 0.0000000000
34289  53.959  -57.887  1.616 0.0000000000
34290  53.625  -56.956  0.773 0.0000000000
34291  53.235  -56.028  -0.235 0.0000000000
34292  53.035  -55.436  -1.223 0.0000000000
34293  51.097  -56.704  -0.147 0.0000000000
34294  52.014  -56.107  -1.085 0.0000000000
34295  52.924  -55.312  -2.090 0.0000000000
34296  52.686  -55.375  -2.920 0.0000000000
34297  52.385  -55.311  -3.540 0.0000000000
39079  46.791  -58.856  6.722 0.0000000000
39080  45.799  -59.124  6.962 0.0000000000
39081  44.945  -59.585  7.178 0.0000000000
39082  43.244  -56.689  11.602 0.0000000000
39083  43.043  -56.870  10.391 0.0000000000
39084  43.064  -57.340  9.489 0.0000000000
39085  40.936  -57.945  10.777 0.0000000000
39086  42.016  -57.964  9.658 0.0000000000
39087  43.116  -58.001  8.777 0.0000000000
39088  43.312  -58.782  8.216 0.0000000000
39089  43.667  -59.425  7.758 0.0000000000
39090  44.029  -60.129  7.363 0.0000000000
39091  43.311  -60.693  7.307 0.0000000000
39092  42.746  -61.326  7.202 0.0000000000
39093  42.376  -62.300  7.206 0.0000000000
39094  40.744  -62.031  8.241 0.0000000000
39095  41.480  -62.751  7.667 0.0000000000
39161  37.540  -61.282  15.954 0.0000000000
39162  37.685  -62.080  14.653 0.0000000000
39170  37.760  -63.626  14.507 0.0000000000
39171  38.028  -62.899  13.267 0.0000000000
39172  38.617  -63.625  12.128 0.0000000000
39173  39.285  -64.489  11.126 0.0000000000
39174  39.994  -65.298  10.300 0.0000000000
39175  40.954  -66.836  11.566 0.0000000000
39176  40.894  -66.525  10.609 0.0000000000
39177  40.874  -66.204  9.585 0.0000000000
40506  58.227  -56.714  5.250 0.0000000000
40507  58.114  -58.296  4.219 0.0000000000
40508  58.836  -57.015  4.631 0.0000000000
40509  59.212  -55.541  4.881 0.0000000000
40510  59.808  -54.210  4.322 0.0000000000
40511  60.506  -52.826  3.757 0.0000000000
40512  61.132  -51.482  3.271 0.0000000000
40513  57.755  -56.114  1.095 0.0000000000
40514  58.971  -55.638  1.044 0.0000000000
40515  59.880  -54.864  1.249 0.0000000000
40516  59.935  -52.527  -0.765 0.0000000000
40517  60.298  -53.154  0.297 0.0000000000
40518  60.529  -53.785  1.531 0.0000000000
40519  61.097  -52.547  1.971 0.0000000000
40520  61.489  -51.298  2.372 0.0000000000
40521  61.496  -50.107  2.404 0.0000000000
40522  61.746  -48.689  1.552 0.0000000000
40523  61.714  -47.321  0.660 0.0000000000
40525  63.139  -46.641  -0.971 0.0000000000
42316  45.770  -60.084  6.768 0.0000000000
42317  46.494  -60.199  6.463 0.0000000000
42318  46.056  -60.424  6.571 0.0000000000
43637  38.202  -60.766  13.397 0.0000000000
43638  38.407  -60.547  12.793 0.0000000000
43639  38.291  -61.158  12.787 0.0000000000
43640  38.417  -61.565  12.165 0.0000000000
43641  38.227  -61.766  12.771 0.0000000000
44029  60.303  -50.431  3.530 0.0000000000
44030  59.942  -49.970  3.274 0.0000000000
44031  60.407  -49.815  2.985 0.0000000000
44032  60.496  -49.200  2.449 0.0000000000
44033  60.845  -49.680  2.674 0.0000000000
44034  55.553  -58.311  1.814 0.0000000000
44035  56.352  -58.257  1.867 0.0000000000
44036  56.135  -57.704  1.564 0.0000000000
44038  61.613  -47.864  -4.079 0.0000000000
46040  38.801  -59.025  17.227 0.0000000000
46429  58.285  -55.459  5.881 0.0000000000
46430  58.427  -54.800  5.989 0.0000000000
46431  58.755  -54.914  5.682 0.0000000000
46432  59.146  -54.287  5.498 0.0000000000
46433  59.070  -54.958  5.356 0.0000000000
46434  54.075  -54.719  -1.591 0.0000000000
46435  54.602  -54.419  -1.516 0.0000000000
46436  54.487  -54.238  -2.004 0.0000000000
46438  56.153  -50.466  -4.004 0.0000000000
48229  51.048  -61.204  4.351 0.0000000000
48230  51.599  -61.049  4.323 0.0000000000
48231  51.663  -61.040  3.890 0.0000000000
48232  52.269  -60.844  3.475 0.0000000000
48233  51.661  -60.869  3.444 0.0000000000
48234  47.022  -61.666  4.678 0.0000000000
48235  47.514  -61.600  4.619 0.0000000000
48236  47.453  -61.417  4.265 0.0000000000
48237  49.664  -58.649  2.125 0.0000000000
48238  49.813  -59.026  2.418 0.0000000000
48239  50.272  -58.635  2.009 0.0000000000
48240  50.909  -58.556  1.917 0.0000000000
48241  50.790  -58.110  1.576 0.0000000000
48242  51.218  -57.647  1.159 0.0000000000
48243  50.681  -57.682  1.208 0.0000000000
48245  50.692  -56.762  -0.918 0.0000000000
52187  44.775  -57.188  8.477 0.0000000000
52188  45.358  -57.290  8.103 0.0000000000
52189  44.814  -57.528  8.180 0.0000000000
52190  44.873  -57.929  7.911 0.0000000000
52191  44.243  -57.806  8.283 0.0000000000
52192  40.805  -57.434  12.918 0.0000000000
52193  41.156  -57.300  12.252 0.0000000000
52194  40.670  -57.557  12.341 0.0000000000
52195  40.528  -59.878  9.538 0.0000000000
52196  40.845  -59.405  9.546 0.0000000000
52197  41.045  -59.812  9.152 0.0000000000
52198  41.579  -59.715  8.844 0.0000000000
52199  41.238  -60.195  8.745 0.0000000000
52200  41.457  -60.576  8.374 0.0000000000
52201  40.906  -60.641  8.689 0.0000000000
52202  40.062  -64.294  9.116 0.0000000000
52203  40.374  -64.092  8.693 0.0000000000
52204  40.442  -64.689  8.812 0.0000000000
52205  40.878  -65.052  8.511 0.0000000000
52206  40.642  -65.267  8.928 0.0000000000
52266  38.915  -66.085  13.656 0.0000000000
52267  39.368  -66.349  13.160 0.0000000000
52268  39.374  -65.944  12.724 0.0000000000
52269  39.814  -66.596  12.801 0.0000000000
53364  56.961  -50.622  5.535 0.0000000000
53365  56.520  -50.146  5.362 0.0000000000
53366  56.899  -50.158  5.103 0.0000000000
53381  56.029  -59.414  4.318 0.0000000000
53382  59.807  -56.160  2.684 0.0000000000
53383  59.782  -56.270  3.147 0.0000000000
53384  60.055  -55.522  2.801 0.0000000000
53385  60.223  -54.873  2.940 0.0000000000
53386  60.286  -54.750  2.436 0.0000000000
53387  57.997  -52.888  -1.401 0.0000000000
53388  58.258  -53.360  -0.862 0.0000000000
53389  58.577  -52.700  -1.361 0.0000000000
53390  62.133  -49.462  -0.925 0.0000000000
53391  61.699  -50.208  -0.561 0.0000000000
53392  62.167  -49.709  -0.305 0.0000000000
53393  62.157  -49.961  0.310 0.0000000000
53394  62.486  -49.211  -0.079 0.0000000000
53395  62.645  -48.723  0.110 0.0000000000
53396  62.790  -48.506  -0.513 0.0000000000
56034  53.328  -54.298  -3.295 0.0000000000
56035  53.794  -53.780  -3.225 0.0000000000
56036  53.545  -53.669  -3.528 0.0000000000
56037  53.577  -52.034  -4.224 0.0000000000
56038  53.866  -52.190  -3.933 0.0000000000
56039  54.061  -51.496  -4.284 0.0000000000
56040  54.636  -51.043  -4.297 0.0000000000
57826  47.671  -59.412  6.258 0.0000000000
57827  48.439  -59.580  6.007 0.0000000000
57828  47.947  -59.732  6.106 0.0000000000
57829  48.074  -60.591  5.813 0.0000000000
57830  48.499  -60.428  5.734 0.0000000000
57831  48.854  -60.799  5.485 0.0000000000
57832  49.652  -60.953  5.171 0.0000000000
57833  49.221  -61.088  5.190 0.0000000000
57838  47.663  -59.476  2.864 0.0000000000
57839  48.073  -59.032  2.455 0.0000000000
57840  48.663  -58.872  2.336 0.0000000000
57841  48.570  -58.599  2.046 0.0000000000
57842  49.059  -58.137  1.579 0.0000000000
57843  48.506  -58.339  1.751 0.0000000000
61791  44.142  -56.649  9.882 0.0000000000
61792  39.006  -58.737  13.292 0.0000000000
61793  39.329  -58.594  12.637 0.0000000000
61794  38.983  -59.043  12.724 0.0000000000
61795  38.904  -60.263  11.581 0.0000000000
61796  39.090  -59.749  11.572 0.0000000000
61797  39.210  -60.159  10.975 0.0000000000
61798  39.612  -60.049  10.446 0.0000000000
61799  39.372  -60.581  10.440 0.0000000000
61800  39.565  -60.975  9.922 0.0000000000
61801  39.207  -61.128  10.423 0.0000000000
61802  38.779  -62.461  10.983 0.0000000000
61803  39.036  -62.304  10.404 0.0000000000
61804  39.082  -62.935  10.443 0.0000000000
61805  39.373  -63.409  9.970 0.0000000000
61806  39.199  -63.578  10.478 0.0000000000
62964  58.576  -50.644  4.659 0.0000000000
62965  58.146  -50.228  4.411 0.0000000000
62966  58.588  -50.239  4.151 0.0000000000
62967  59.128  -48.969  2.696 0.0000000000
62968  58.620  -49.077  2.971 0.0000000000
62969  58.578  -48.427  2.480 0.0000000000
62974  60.388  -47.892  1.527 0.0000000000
62976  60.209  -47.252  1.117 0.0000000000
62978  60.623  -47.099  0.853 0.0000000000
62979  56.006  -59.848  3.148 0.0000000000
62980  56.660  -59.535  3.314 0.0000000000
62981  56.674  -59.355  2.926 0.0000000000
62982  57.874  -57.998  2.157 0.0000000000
62983  58.031  -58.385  2.552 0.0000000000
62984  58.527  -57.745  2.282 0.0000000000
62985  59.048  -57.297  2.366 0.0000000000
62986  58.887  -56.900  1.879 0.0000000000
62987  59.377  -50.025  -3.125 0.0000000000
62988  59.553  -50.420  -2.669 0.0000000000
62989  59.995  -49.695  -3.034 0.0000000000
62990  61.894  -48.512  -3.189 0.0000000000
62991  61.330  -49.093  -2.772 0.0000000000
62992  61.969  -48.748  -2.643 0.0000000000
62993  62.025  -48.972  -2.084 0.0000000000
62994  62.606  -48.316  -2.493 0.0000000000
62995  63.065  -47.862  -2.243 0.0000000000
62996  63.127  -47.607  -2.766 0.0000000000
65026  44.208  -60.983  6.846 0.0000000000
65027  44.952  -60.957  6.599 0.0000000000
65028  44.595  -61.196  6.627 0.0000000000
65030  45.267  -61.572  6.157 0.0000000000
68989  41.605  -57.279  14.785 0.0000000000
68990  41.238  -57.317  14.200 0.0000000000
68991  41.055  -57.434  14.893 0.0000000000
68995  39.777  -58.139  16.491 0.0000000000
68996  40.303  -57.884  16.442 0.0000000000
68997  39.892  -57.970  15.837 0.0000000000
68998  40.032  -57.832  15.097 0.0000000000
68999  39.610  -58.082  15.166 0.0000000000
69000  39.380  -58.268  14.536 0.0000000000
69001  39.158  -58.427  15.251 0.0000000000
69002  38.273  -59.387  15.962 0.0000000000
69003  38.412  -59.241  15.279 0.0000000000
69004  38.112  -59.688  15.282 0.0000000000
69005  38.057  -60.084  14.654 0.0000000000
69006  37.865  -60.265  15.288 0.0000000000
70159  56.986  -52.820  7.322 0.0000000000
70161  57.071  -52.250  6.879 0.0000000000
70162  57.095  -51.695  6.418 0.0000000000
70163  57.447  -52.216  6.555 0.0000000000
70164  57.210  -55.089  7.400 0.0000000000
70165  57.381  -54.517  7.492 0.0000000000
70166  57.656  -54.610  7.062 0.0000000000
70167  58.563  -53.461  6.139 0.0000000000
70168  58.259  -53.487  6.465 0.0000000000
70169  58.350  -52.775  6.092 0.0000000000
70170  58.103  -52.166  5.988 0.0000000000
70171  58.446  -52.156  5.759 0.0000000000
70172  58.508  -51.541  5.409 0.0000000000
70173  58.808  -52.152  5.513 0.0000000000
70174  59.604  -52.821  4.952 0.0000000000
70175  59.456  -52.172  5.002 0.0000000000
70176  59.807  -52.182  4.716 0.0000000000
70177  60.029  -51.599  4.429 0.0000000000
70178  60.188  -52.184  4.329 0.0000000000
70179  54.690  -56.291  0.302 0.0000000000
70180  55.299  -56.151  0.385 0.0000000000
70181  55.071  -55.587  -0.081 0.0000000000
70182  55.636  -53.777  -1.446 0.0000000000
70183  55.853  -54.161  -0.936 0.0000000000
70184  56.189  -53.529  -1.403 0.0000000000
70185  56.795  -53.302  -1.398 0.0000000000
70186  56.570  -52.932  -1.894 0.0000000000
70187  54.920  -52.843  -3.110 0.0000000000
70188  55.189  -53.050  -2.768 0.0000000000
70189  55.495  -52.480  -3.122 0.0000000000
70190  56.805  -51.070  -3.499 0.0000000000
70191  56.529  -51.685  -3.184 0.0000000000
70192  57.058  -51.371  -3.185 0.0000000000
70193  57.295  -51.632  -2.848 0.0000000000
70194  57.590  -50.987  -3.167 0.0000000000
70195  58.139  -50.652  -3.173 0.0000000000
70196  57.932  -50.334  -3.497 0.0000000000
75564  50.036  -59.924  5.479 0.0000000000
75566  50.840  -60.073  5.208 0.0000000000
75567  52.713  -60.637  4.317 0.0000000000
75568  52.481  -60.330  4.605 0.0000000000
75569  53.283  -60.447  4.345 0.0000000000
75570  53.781  -60.247  4.362 0.0000000000
75571  54.059  -60.508  4.060 0.0000000000
75572  54.814  -60.421  3.728 0.0000000000
75573  54.246  -60.630  3.655 0.0000000000
75574  53.424  -60.114  2.794 0.0000000000
75575  54.110  -60.102  2.859 0.0000000000
75576  53.939  -59.654  2.590 0.0000000000
75577  54.437  -59.194  2.396 0.0000000000
75578  53.764  -59.272  2.418 0.0000000000
75579  46.316  -61.174  6.074 0.0000000000
75580  46.672  -61.064  6.080 0.0000000000
75581  47.023  -61.339  5.743 0.0000000000
75582  48.435  -61.448  4.423 0.0000000000
75583  48.381  -61.481  4.844 0.0000000000
75584  48.952  -61.422  4.372 0.0000000000
75585  49.464  -61.413  4.357 0.0000000000
75586  49.482  -61.269  3.857 0.0000000000
75587  48.029  -60.381  3.454 0.0000000000
75588  48.132  -60.692  3.619 0.0000000000
75589  48.523  -60.274  3.309 0.0000000000
75590  50.061  -59.849  2.838 0.0000000000
75591  49.542  -60.200  3.047 0.0000000000
75592  50.210  -60.230  3.024 0.0000000000
75593  50.371  -60.604  3.155 0.0000000000
75594  50.817  -60.273  2.926 0.0000000000
75595  51.489  -60.210  2.851 0.0000000000
75596  51.310  -59.866  2.664 0.0000000000
75597  52.136  -58.536  1.932 0.0000000000
75598  52.305  -58.957  2.203 0.0000000000
75599  52.779  -58.463  1.919 0.0000000000
75600  53.411  -58.415  1.883 0.0000000000
75601  53.269  -57.949  1.600 0.0000000000
75602  53.798  -57.432  1.218 0.0000000000
75603  53.133  -57.477  1.202 0.0000000000
75604  52.154  -56.639  0.211 0.0000000000
75605  52.771  -56.526  0.230 0.0000000000
75606  52.600  -56.167  -0.310 0.0000000000
75607  53.115  -55.670  -0.758 0.0000000000
75608  52.497  -55.913  -0.775 0.0000000000
75609  50.132  -57.268  0.503 0.0000000000
75610  50.646  -57.063  0.380 0.0000000000
75611  50.646  -56.903  -0.029 0.0000000000
75612  51.585  -56.285  -1.372 0.0000000000
75613  51.571  -56.313  -1.002 0.0000000000
75614  52.018  -56.053  -1.486 0.0000000000
75615  52.479  -55.739  -1.586 0.0000000000
75616  52.421  -55.762  -1.987 0.0000000000
75617  52.816  -55.309  -2.513 0.0000000000
75618  52.348  -55.801  -2.383 0.0000000000
75620  52.182  -55.830  -3.105 0.0000000000
87450  47.280  -58.671  6.658 0.0000000000
87451  46.674  -58.452  6.935 0.0000000000
87452  45.022  -58.644  7.440 0.0000000000
87453  45.640  -58.803  7.151 0.0000000000
87454  45.169  -58.963  7.246 0.0000000000
87455  45.380  -59.334  7.075 0.0000000000
87456  44.707  -59.235  7.364 0.0000000000
87459  42.801  -56.798  12.187 0.0000000000
87460  42.011  -57.137  11.038 0.0000000000
87461  42.568  -56.936  10.982 0.0000000000
87462  42.503  -57.094  10.452 0.0000000000
87463  43.063  -57.068  9.880 0.0000000000
87464  42.495  -57.334  9.999 0.0000000000
87465  40.082  -58.318  11.361 0.0000000000
87466  40.499  -57.991  11.329 0.0000000000
87467  40.510  -58.280  10.821 0.0000000000
87468  41.648  -58.633  9.419 0.0000000000
87469  41.540  -58.280  9.804 0.0000000000
87470  42.089  -58.293  9.318 0.0000000000
87471  42.562  -57.970  9.194 0.0000000000
87472  42.641  -58.313  8.876 0.0000000000
87473  43.209  -58.400  8.488 0.0000000000
87474  42.743  -58.702  8.608 0.0000000000
87475  42.679  -59.725  8.126 0.0000000000
87476  43.083  -59.402  8.052 0.0000000000
87477  43.223  -59.758  7.847 0.0000000000
87478  43.857  -59.784  7.554 0.0000000000
87479  43.437  -60.089  7.611 0.0000000000
87480  43.671  -60.405  7.347 0.0000000000
87481  43.077  -60.384  7.601 0.0000000000
87482  41.925  -61.148  7.719 0.0000000000
87483  42.431  -61.044  7.481 0.0000000000
87484  42.215  -61.480  7.394 0.0000000000
87485  42.524  -61.794  7.174 0.0000000000
87486  42.047  -61.988  7.369 0.0000000000
87487  40.019  -61.808  8.953 0.0000000000
87488  40.455  -61.658  8.569 0.0000000000
87489  40.317  -62.213  8.552 0.0000000000
87490  41.089  -63.595  8.012 0.0000000000
87491  41.081  -62.942  7.958 0.0000000000
87492  41.461  -63.336  7.704 0.0000000000
87493  41.830  -63.148  7.434 0.0000000000
87494  41.847  -63.718  7.479 0.0000000000
87657  37.479  -62.011  15.922 0.0000000000
87658  37.580  -61.677  15.339 0.0000000000
87659  37.571  -62.477  15.280 0.0000000000
87678  38.271  -64.735  13.744 0.0000000000
87679  37.977  -64.382  14.370 0.0000000000
87680  38.043  -64.032  13.836 0.0000000000
87681  37.886  -63.284  13.899 0.0000000000
87682  38.169  -63.695  13.266 0.0000000000
87683  38.284  -63.234  12.703 0.0000000000
87684  38.483  -63.979  12.691 0.0000000000
87685  39.454  -65.333  11.810 0.0000000000
87686  39.161  -64.735  11.662 0.0000000000
87687  39.556  -65.095  11.303 0.0000000000
87688  39.612  -64.895  10.694 0.0000000000
87689  39.945  -65.477  10.881 0.0000000000
87690  41.503  -67.635  12.000 0.0000000000
87691  40.890  -67.069  12.020 0.0000000000
87692  41.539  -67.356  11.658 0.0000000000
87693  42.021  -67.576  10.351 0.0000000000
87694  41.431  -67.086  10.758 0.0000000000
87695  41.421  -66.987  10.255 0.0000000000
87696  40.894  -66.385  10.076 0.0000000000
87697  41.403  -66.885  9.745 0.0000000000
87698  41.369  -66.702  9.272 0.0000000000
87699  41.958  -67.387  9.433 0.0000000000
90977  57.146  -49.197  3.843 0.0000000000
91020  57.519  -57.197  5.389 0.0000000000
91021  57.883  -57.428  5.040 0.0000000000
91022  57.816  -58.835  3.702 0.0000000000
91023  57.662  -58.834  4.027 0.0000000000
91024  58.336  -58.321  3.884 0.0000000000
91025  59.504  -56.350  4.035 0.0000000000
91026  59.093  -57.077  4.286 0.0000000000
91027  59.299  -56.328  4.431 0.0000000000
91028  59.049  -56.248  4.770 0.0000000000
91029  59.377  -55.611  4.539 0.0000000000
91030  59.529  -54.887  4.606 0.0000000000
91031  59.719  -54.909  4.234 0.0000000000
91032  60.600  -53.477  3.239 0.0000000000
91033  60.399  -53.507  3.641 0.0000000000
91034  60.774  -52.791  3.382 0.0000000000
91035  60.870  -52.134  3.523 0.0000000000
91036  61.077  -52.091  3.138 0.0000000000
91037  56.688  -55.708  0.586 0.0000000000
91038  57.080  -56.278  1.017 0.0000000000
91039  57.413  -55.523  0.693 0.0000000000
91040  58.904  -54.364  0.088 0.0000000000
91041  58.669  -55.189  0.573 0.0000000000
91042  59.231  -54.882  0.589 0.0000000000
91043  59.421  -55.290  1.101 0.0000000000
91044  59.689  -54.495  0.656 0.0000000000
91045  60.045  -51.317  -1.691 0.0000000000
91046  59.700  -52.099  -1.273 0.0000000000
91047  60.224  -51.751  -1.126 0.0000000000
91048  60.940  -51.902  0.224 0.0000000000
91049  60.561  -52.369  -0.079 0.0000000000
91050  60.680  -52.669  0.556 0.0000000000
91051  60.441  -53.491  0.921 0.0000000000
91052  60.795  -52.957  1.160 0.0000000000
91053  60.827  -53.174  1.721 0.0000000000
91054  61.108  -52.420  1.384 0.0000000000
91055  61.973  -50.459  1.520 0.0000000000
91056  61.647  -51.194  1.843 0.0000000000
91057  61.794  -50.601  2.022 0.0000000000
91058  61.568  -50.716  2.439 0.0000000000
91059  61.850  -49.973  1.994 0.0000000000
91060  61.633  -49.407  1.990 0.0000000000
91061  62.000  -49.228  1.586 0.0000000000
91062  62.536  -47.660  0.255 0.0000000000
91063  62.168  -47.800  0.712 0.0000000000
91064  62.159  -47.149  0.280 0.0000000000
91065  61.568  -46.743  0.222 0.0000000000
91066  62.027  -46.591  -0.100 0.0000000000
91067  63.538  -46.912  -1.603 0.0000000000
91068  63.401  -47.116  -1.101 0.0000000000
91069  63.429  -46.421  -1.408 0.0000000000
93525  52.924  -54.087  -3.809 0.0000000000
93526  53.308  -53.514  -3.775 0.0000000000
93527  53.068  -53.394  -4.007 0.0000000000
93528  53.179  -52.651  -4.205 0.0000000000
93529  53.314  -51.913  -4.556 0.0000000000
94600  46.656  -59.687  6.531 0.0000000000
94601  47.448  -59.872  6.201 0.0000000000
94602  46.969  -60.030  6.356 0.0000000000
94603  47.317  -60.386  6.141 0.0000000000
94604  47.627  -60.772  5.907 0.0000000000
96979  38.469  -59.711  13.412 0.0000000000
96980  38.727  -59.531  12.776 0.0000000000
96981  38.555  -60.045  12.795 0.0000000000
96982  38.652  -60.409  12.186 0.0000000000
96983  38.769  -60.849  11.581 0.0000000000
96984  38.912  -61.280  10.960 0.0000000000
96985  38.649  -61.400  11.544 0.0000000000
96986  38.583  -61.993  11.582 0.0000000000
96987  38.623  -62.610  11.577 0.0000000000
97683  59.475  -50.665  4.148 0.0000000000
97684  59.090  -50.189  3.886 0.0000000000
97685  59.503  -50.102  3.577 0.0000000000
97686  59.541  -49.550  2.967 0.0000000000
97687  59.587  -48.874  2.441 0.0000000000
97688  59.544  -48.182  1.933 0.0000000000
97689  60.024  -48.729  2.199 0.0000000000
97690  60.455  -48.551  1.963 0.0000000000
97691  60.901  -48.380  1.754 0.0000000000
97692  55.897  -59.148  2.472 0.0000000000
97693  56.646  -59.067  2.544 0.0000000000
97694  56.568  -58.703  2.179 0.0000000000
97695  57.130  -58.162  1.992 0.0000000000
97696  57.657  -57.497  1.787 0.0000000000
97697  60.291  -48.712  -3.743 0.0000000000
97698  60.480  -49.059  -3.338 0.0000000000
97699  61.066  -48.463  -3.692 0.0000000000
97700  61.786  -48.154  -3.647 0.0000000000
97701  62.502  -47.807  -3.524 0.0000000000
97702  63.101  -47.393  -3.268 0.0000000000
97703  63.013  -47.182  -3.761 0.0000000000
98920  43.599  -61.500  6.827 0.0000000000
98921  44.265  -61.396  6.633 0.0000000000
98922  43.963  -61.688  6.629 0.0000000000
101302  39.714  -58.333  17.153 0.0000000000
101303  39.286  -58.445  16.572 0.0000000000
101304  38.936  -58.586  15.973 0.0000000000
101305  38.860  -58.797  16.610 0.0000000000
101306  38.493  -59.190  16.611 0.0000000000
101307  38.159  -59.606  16.606 0.0000000000
102002  57.237  -53.390  7.495 0.0000000000
102003  57.741  -55.242  6.585 0.0000000000
102004  57.925  -54.653  6.664 0.0000000000
102005  58.182  -54.718  6.312 0.0000000000
102006  58.562  -54.111  6.087 0.0000000000
102007  58.857  -53.481  5.856 0.0000000000
102008  59.029  -52.863  5.592 0.0000000000
102009  59.157  -53.561  5.601 0.0000000000
102010  59.402  -53.521  5.224 0.0000000000
102011  59.629  -53.505  4.836 0.0000000000
102012  54.323  -55.292  -0.676 0.0000000000
102013  54.891  -55.031  -0.549 0.0000000000
102014  54.722  -54.674  -1.025 0.0000000000
102015  55.108  -54.081  -1.449 0.0000000000
102016  55.504  -53.451  -1.925 0.0000000000
102017  55.384  -51.556  -3.729 0.0000000000
102018  55.733  -51.828  -3.465 0.0000000000
102019  55.944  -51.164  -3.733 0.0000000000
102020  56.536  -50.755  -3.762 0.0000000000
102021  57.084  -50.400  -3.757 0.0000000000
102022  57.668  -50.071  -3.781 0.0000000000
105243  50.602  -60.629  5.035 0.0000000000
105244  51.134  -60.443  4.954 0.0000000000
105245  51.399  -60.776  4.662 0.0000000000
105246  52.145  -60.839  4.304 0.0000000000
105247  52.837  -60.792  3.921 0.0000000000
105248  53.613  -60.763  3.565 0.0000000000
105249  52.876  -60.801  3.472 0.0000000000
105250  52.850  -60.515  3.062 0.0000000000
105251  52.761  -60.150  2.783 0.0000000000
105252  46.905  -61.678  5.465 0.0000000000
105253  47.301  -61.595  5.410 0.0000000000
105254  47.462  -61.675  5.005 0.0000000000
105255  47.949  -61.522  4.520 0.0000000000
105256  48.365  -61.259  4.040 0.0000000000
105257  48.800  -59.563  2.846 0.0000000000
105258  48.904  -59.916  3.025 0.0000000000
105259  49.363  -59.491  2.740 0.0000000000
105260  49.941  -59.458  2.644 0.0000000000
105261  50.516  -59.477  2.538 0.0000000000
105262  51.132  -59.486  2.450 0.0000000000
105263  51.008  -59.032  2.222 0.0000000000
105264  51.493  -58.583  1.915 0.0000000000
105265  51.952  -58.109  1.606 0.0000000000
105266  52.415  -57.521  1.179 0.0000000000
105267  51.809  -57.630  1.167 0.0000000000
105268  51.686  -57.181  0.711 0.0000000000
105269  51.585  -56.794  0.247 0.0000000000
105270  50.211  -56.965  -0.148 0.0000000000
105271  50.657  -56.783  -0.374 0.0000000000
105272  50.671  -56.740  -0.677 0.0000000000
105273  51.131  -56.517  -1.197 0.0000000000
105274  51.578  -56.340  -1.720 0.0000000000
105275  51.922  -56.133  -2.248 0.0000000000
105276  51.568  -56.431  -2.026 0.0000000000
112372  45.936  -57.450  7.743 0.0000000000
112373  45.975  -57.858  7.494 0.0000000000
112374  46.053  -58.261  7.247 0.0000000000
112375  45.439  -58.080  7.561 0.0000000000
112376  44.923  -58.302  7.638 0.0000000000
112377  44.363  -58.537  7.753 0.0000000000
112378  41.861  -57.077  12.784 0.0000000000
112379  42.251  -56.958  12.171 0.0000000000
112380  41.656  -57.122  12.214 0.0000000000
112381  41.558  -57.201  11.631 0.0000000000
112382  41.484  -57.359  11.095 0.0000000000
112383  40.182  -59.031  10.448 0.0000000000
112384  40.561  -58.635  10.370 0.0000000000
112385  40.676  -59.004  9.939 0.0000000000
112386  41.227  -59.009  9.485 0.0000000000
112387  41.782  -59.014  9.065 0.0000000000
112388  42.323  -59.034  8.708 0.0000000000
112389  41.945  -59.382  8.791 0.0000000000
112390  42.116  -59.716  8.469 0.0000000000
112391  42.270  -60.077  8.162 0.0000000000
112392  42.495  -60.429  7.837 0.0000000000
112393  41.988  -60.502  8.096 0.0000000000
112394  41.675  -60.868  8.029 0.0000000000
112395  41.404  -61.314  7.982 0.0000000000
112396  39.927  -63.005  8.989 0.0000000000
112397  40.279  -62.787  8.597 0.0000000000
112398  40.335  -63.451  8.618 0.0000000000
112399  40.712  -63.857  8.343 0.0000000000
112400  41.104  -64.228  8.096 0.0000000000
112401  41.506  -64.623  7.870 0.0000000000
112402  41.185  -64.845  8.180 0.0000000000
112403  41.371  -65.475  8.263 0.0000000000
112512  38.531  -65.427  13.718 0.0000000000
112513  38.620  -65.079  13.176 0.0000000000
112514  38.717  -64.703  12.655 0.0000000000
112515  38.987  -65.386  12.710 0.0000000000
112516  39.416  -65.624  12.273 0.0000000000
112517  39.867  -65.918  11.864 0.0000000000
112519  42.151  -67.760  11.272 0.0000000000
112520  42.755  -68.188  10.878 0.0000000000
114517  57.045  -58.576  4.603 0.0000000000
114518  59.108  -57.692  3.309 0.0000000000
114519  58.979  -57.765  3.694 0.0000000000
114520  59.462  -57.066  3.472 0.0000000000
114521  59.666  -56.341  3.593 0.0000000000
114522  59.786  -55.594  3.718 0.0000000000
114523  59.922  -54.911  3.832 0.0000000000
114524  60.113  -54.906  3.414 0.0000000000
114525  60.438  -54.189  3.094 0.0000000000
114526  60.725  -53.425  2.825 0.0000000000
114527  57.358  -54.228  -0.306 0.0000000000
114528  57.693  -54.775  0.196 0.0000000000
114529  57.999  -54.051  -0.354 0.0000000000
114530  58.574  -53.852  -0.388 0.0000000000
114531  59.145  -53.589  -0.395 0.0000000000
114532  61.079  -50.447  -1.359 0.0000000000
114533  60.699  -51.282  -1.011 0.0000000000
114534  61.168  -50.754  -0.797 0.0000000000
114535  61.287  -51.058  -0.157 0.0000000000
114536  61.341  -51.388  0.452 0.0000000000
114537  61.372  -51.651  1.048 0.0000000000
114538  61.731  -50.785  0.638 0.0000000000
114539  62.077  -50.261  0.887 0.0000000000
114540  62.309  -49.681  1.060 0.0000000000
114541  62.314  -49.067  1.128 0.0000000000
114542  62.516  -48.908  0.641 0.0000000000
114543  62.672  -48.220  0.239 0.0000000000
114544  62.827  -47.505  -0.180 0.0000000000
118380  57.523  -55.805  6.484 0.0000000000
118381  57.809  -55.933  6.125 0.0000000000
118382  58.111  -56.032  5.776 0.0000000000
118383  53.731  -54.460  -2.554 0.0000000000
118384  54.276  -54.039  -2.442 0.0000000000
118385  54.041  -53.897  -2.864 0.0000000000
118386  54.345  -53.262  -3.140 0.0000000000
118387  54.604  -52.599  -3.400 0.0000000000
118388  53.730  -52.889  -3.694 0.0000000000
118389  54.221  -52.391  -3.653 0.0000000000
118390  54.810  -51.958  -3.649 0.0000000000
118391  55.017  -51.289  -3.980 0.0000000000
118392  55.236  -50.616  -4.314 0.0000000000
120894  48.942  -59.421  5.905 0.0000000000
120895  49.248  -59.785  5.736 0.0000000000
120896  49.543  -60.146  5.556 0.0000000000
120897  48.204  -60.067  5.932 0.0000000000
120898  48.991  -60.258  5.663 0.0000000000
120899  49.798  -60.448  5.363 0.0000000000
120900  50.100  -60.799  5.123 0.0000000000
120901  50.358  -61.092  4.773 0.0000000000
120902  50.532  -61.285  4.331 0.0000000000
120904  47.330  -61.137  4.015 0.0000000000
120906  47.522  -60.476  3.555 0.0000000000
120907  47.911  -60.026  3.297 0.0000000000
120909  47.803  -59.714  3.116 0.0000000000
120910  48.306  -59.598  2.977 0.0000000000
120911  48.710  -59.204  2.641 0.0000000000
120912  49.148  -58.765  2.238 0.0000000000
120913  49.632  -58.280  1.773 0.0000000000
120914  50.169  -57.783  1.281 0.0000000000
120915  49.619  -57.935  1.404 0.0000000000
120916  49.610  -57.661  1.022 0.0000000000
120917  49.613  -57.441  0.698 0.0000000000
120918  48.488  -58.098  1.417 0.0000000000
120919  49.094  -57.719  0.954 0.0000000000
120920  49.665  -57.304  0.398 0.0000000000
120921  49.729  -57.244  0.067 0.0000000000
126443  44.725  -56.872  8.886 0.0000000000
126444  44.188  -57.121  8.933 0.0000000000
126445  39.892  -57.986  13.144 0.0000000000
126446  40.200  -57.865  12.460 0.0000000000
126447  39.737  -58.195  12.590 0.0000000000
126448  39.685  -58.470  11.997 0.0000000000
126449  39.728  -58.763  11.413 0.0000000000
126450  38.999  -59.353  12.151 0.0000000000
126451  39.366  -59.254  11.517 0.0000000000
126452  39.772  -59.130  10.949 0.0000000000
126453  39.890  -59.536  10.449 0.0000000000
126454  40.079  -59.954  9.964 0.0000000000
126455  40.234  -60.359  9.514 0.0000000000
126456  40.421  -60.741  9.057 0.0000000000
126457  39.978  -60.852  9.454 0.0000000000
126458  39.758  -61.369  9.389 0.0000000000
126459  39.609  -61.958  9.384 0.0000000000
126460  39.094  -61.704  10.371 0.0000000000
126461  39.312  -62.132  9.859 0.0000000000
126462  39.577  -62.596  9.399 0.0000000000
126463  39.630  -63.216  9.450 0.0000000000
126464  39.720  -63.851  9.503 0.0000000000
126465  39.828  -64.485  9.567 0.0000000000
126551  40.390  -67.210  12.788 0.0000000000
128085  57.709  -50.562  5.063 0.0000000000
128086  57.290  -50.157  4.836 0.0000000000
128087  57.727  -50.205  4.656 0.0000000000
128088  57.667  -49.757  4.134 0.0000000000
128089  57.636  -49.160  3.580 0.0000000000
128090  58.606  -49.695  3.573 0.0000000000
128091  58.115  -49.130  3.276 0.0000000000
128106  55.787  -59.901  3.855 0.0000000000
128107  56.289  -59.574  3.995 0.0000000000
128108  56.498  -59.637  3.655 0.0000000000
128109  57.241  -59.240  3.498 0.0000000000
128110  57.955  -58.758  3.325 0.0000000000
128111  57.384  -58.903  2.718 0.0000000000
128112  58.082  -58.580  2.938 0.0000000000
128113  58.616  -58.275  3.110 0.0000000000
128114  59.124  -57.547  2.842 0.0000000000
128115  59.467  -56.745  2.511 0.0000000000
128116  59.692  -55.899  2.163 0.0000000000
128117  58.511  -51.410  -2.330 0.0000000000
128118  58.811  -51.905  -1.858 0.0000000000
128119  59.115  -51.133  -2.284 0.0000000000
128120  59.783  -50.863  -2.187 0.0000000000
128121  60.417  -50.540  -2.059 0.0000000000
128122  60.683  -49.408  -2.890 0.0000000000
128123  60.870  -49.794  -2.395 0.0000000000
128124  60.983  -50.133  -1.891 0.0000000000
128125  61.527  -49.684  -1.679 0.0000000000
128126  62.065  -49.217  -1.523 0.0000000000
128127  62.553  -48.752  -1.374 0.0000000000
128128  62.907  -48.290  -1.126 0.0000000000
128129  62.998  -48.070  -1.701 0.0000000000
128130  63.423  -47.417  -1.863 0.0000000000
128131  63.644  -46.662  -2.096 0.0000000000
128132  63.507  -46.909  -2.927 0.0000000000
128133  63.733  -46.389  -2.598 0.0000000000
130750  44.875  -60.525  6.898 0.0000000000
130751  45.621  -60.623  6.646 0.0000000000
130752  45.246  -60.783  6.655 0.0000000000
130753  45.631  -61.044  6.380 0.0000000000
130754  45.969  -61.281  6.118 0.0000000000
130755  44.973  -61.374  6.407 0.0000000000
130756  45.645  -61.421  6.137 0.0000000000
130757  46.278  -61.535  5.842 0.0000000000
130758  46.511  -61.739  5.500 0.0000000000
135771  42.104  -57.023  13.392 0.0000000000
135772  41.526  -57.212  13.431 0.0000000000
135773  40.972  -57.404  13.544 0.0000000000
135774  40.508  -57.615  13.601 0.0000000000
135777  41.344  -57.568  16.195 0.0000000000
135778  40.762  -57.873  17.012 0.0000000000
135779  40.825  -57.706  16.333 0.0000000000
135780  40.898  -57.569  15.614 0.0000000000
135781  40.526  -57.617  15.004 0.0000000000
135782  40.239  -57.717  14.347 0.0000000000
135783  40.086  -57.851  13.668 0.0000000000
135784  39.603  -58.115  13.855 0.0000000000
135785  39.167  -58.491  13.917 0.0000000000
135786  38.788  -58.912  13.969 0.0000000000
135787  38.761  -58.816  15.281 0.0000000000
135788  38.582  -59.074  14.625 0.0000000000
135789  38.481  -59.382  13.999 0.0000000000
135790  38.254  -59.887  14.008 0.0000000000
135791  38.083  -60.440  14.052 0.0000000000
135792  37.987  -61.003  14.055 0.0000000000
137256  56.671  -51.186  6.269 0.0000000000
137257  57.062  -51.146  5.978 0.0000000000
137258  57.397  -51.064  5.671 0.0000000000
137260  57.386  -53.949  7.562 0.0000000000
137261  57.613  -53.403  7.148 0.0000000000
137262  58.006  -54.067  6.748 0.0000000000
137263  57.946  -53.424  6.783 0.0000000000
137264  57.733  -52.781  6.706 0.0000000000
137265  57.775  -52.179  6.249 0.0000000000
137266  57.785  -51.581  5.829 0.0000000000
137267  57.740  -51.012  5.410 0.0000000000
137268  58.106  -51.003  5.236 0.0000000000
137269  58.492  -51.024  5.092 0.0000000000
137270  58.909  -51.057  4.850 0.0000000000
137271  59.132  -52.166  5.266 0.0000000000
137272  59.184  -51.556  4.964 0.0000000000
137273  59.344  -51.117  4.600 0.0000000000
137274  59.766  -51.131  4.320 0.0000000000
137275  60.151  -51.067  3.981 0.0000000000
137276  60.616  -50.927  3.664 0.0000000000
137277  55.139  -57.276  1.170 0.0000000000
137278  55.889  -57.144  1.232 0.0000000000
137279  55.599  -56.678  0.856 0.0000000000
137280  56.005  -55.910  0.523 0.0000000000
137281  56.331  -55.189  0.143 0.0000000000
137282  55.480  -54.811  -0.500 0.0000000000
137283  56.114  -54.607  -0.389 0.0000000000
137284  56.719  -54.406  -0.296 0.0000000000
137285  57.059  -53.729  -0.830 0.0000000000
137286  57.401  -53.052  -1.402 0.0000000000
137287  57.717  -52.402  -1.934 0.0000000000
137288  54.844  -53.629  -2.410 0.0000000000
137289  55.399  -53.243  -2.369 0.0000000000
137290  55.889  -52.931  -2.399 0.0000000000
137291  56.046  -52.070  -3.184 0.0000000000
137292  56.235  -52.335  -2.863 0.0000000000
137293  56.395  -52.611  -2.406 0.0000000000
137294  56.961  -52.284  -2.445 0.0000000000
137295  57.475  -51.972  -2.438 0.0000000000
137296  57.983  -51.686  -2.361 0.0000000000
137297  58.323  -51.010  -2.779 0.0000000000
137298  58.730  -50.380  -3.171 0.0000000000
137299  59.193  -49.719  -3.439 0.0000000000
137300  58.342  -49.722  -3.832 0.0000000000
137301  58.962  -49.379  -3.800 0.0000000000
137302  59.599  -49.009  -3.797 0.0000000000
143880  51.673  -60.226  4.886 0.0000000000
143884  54.278  -59.991  4.328 0.0000000000
143885  55.049  -60.022  4.107 0.0000000000
143886  55.326  -60.175  3.784 0.0000000000
143887  55.423  -60.165  3.411 0.0000000000
143888  55.383  -59.995  3.022 0.0000000000
143889  54.217  -60.428  3.226 0.0000000000
143890  54.757  -60.021  2.960 0.0000000000
143891  55.327  -59.608  2.747 0.0000000000
143892  55.156  -59.171  2.422 0.0000000000
143893  54.961  -58.719  2.125 0.0000000000
143894  54.720  -58.298  1.877 0.0000000000
143895  46.335  -60.770  6.344 0.0000000000
143896  47.138  -60.955  6.002 0.0000000000
143897  47.913  -61.114  5.629 0.0000000000
143898  47.753  -61.483  5.346 0.0000000000
143899  48.210  -61.348  5.279 0.0000000000
143900  48.716  -61.211  5.213 0.0000000000
143901  49.387  -61.317  4.794 0.0000000000
143902  49.982  -61.341  4.334 0.0000000000
143903  50.584  -61.168  3.871 0.0000000000
143904  47.815  -61.052  3.916 0.0000000000
143905  48.217  -61.004  3.816 0.0000000000
143906  48.746  -60.881  3.660 0.0000000000
143907  49.028  -60.205  3.154 0.0000000000
143908  49.171  -60.530  3.355 0.0000000000
143909  49.352  -60.886  3.595 0.0000000000
143910  49.908  -60.902  3.498 0.0000000000
143911  50.499  -60.917  3.463 0.0000000000
143912  51.108  -60.911  3.458 0.0000000000
143913  51.601  -60.567  3.045 0.0000000000
143914  52.132  -60.182  2.807 0.0000000000
143915  52.622  -59.766  2.574 0.0000000000
143916  51.799  -59.462  2.443 0.0000000000
143917  52.417  -59.394  2.384 0.0000000000
143918  53.123  -59.293  2.398 0.0000000000
143919  53.586  -58.839  2.162 0.0000000000
143920  54.075  -58.323  1.873 0.0000000000
143921  54.596  -57.814  1.526 0.0000000000
143922  54.441  -57.338  1.155 0.0000000000
143923  54.264  -56.869  0.745 0.0000000000
143924  54.071  -56.381  0.297 0.0000000000
143925  52.951  -56.996  0.744 0.0000000000
143926  53.413  -56.482  0.309 0.0000000000
143927  53.899  -55.867  -0.245 0.0000000000
143928  53.731  -55.467  -0.750 0.0000000000
143929  53.618  -55.185  -1.206 0.0000000000
143930  53.526  -55.027  -1.662 0.0000000000
143931  50.665  -57.298  0.796 0.0000000000
143932  51.101  -56.913  0.282 0.0000000000
143933  51.522  -56.504  -0.227 0.0000000000
143934  51.092  -56.609  -0.508 0.0000000000
143935  51.550  -56.381  -0.631 0.0000000000
143936  51.997  -56.179  -0.670 0.0000000000
143937  52.481  -55.774  -1.181 0.0000000000
143938  52.994  -55.368  -1.654 0.0000000000
143939  53.404  -54.934  -2.164 0.0000000000
143940  53.278  -54.869  -2.620 0.0000000000
143941  53.113  -54.875  -2.982 0.0000000000
143942  52.932  -54.854  -3.302 0.0000000000
143943  52.255  -55.839  -2.803 0.0000000000
143944  52.534  -55.353  -3.261 0.0000000000
143945  52.741  -54.811  -3.595 0.0000000000
143946  52.549  -54.673  -3.812 0.0000000000
158192  47.469  -59.053  6.444 0.0000000000
158193  46.965  -59.182  6.538 0.0000000000
158194  46.153  -58.640  7.043 0.0000000000
158195  46.231  -58.998  6.824 0.0000000000
158196  46.456  -59.305  6.673 0.0000000000
158197  46.008  -59.498  6.808 0.0000000000
158198  45.600  -59.710  6.926 0.0000000000
158199  45.139  -59.960  7.045 0.0000000000
158203  42.690  -56.848  11.580 0.0000000000
158204  43.137  -56.762  10.983 0.0000000000
158205  43.618  -56.684  10.397 0.0000000000
158206  43.594  -56.838  9.878 0.0000000000
158207  43.612  -57.094  9.401 0.0000000000
158208  43.614  -57.387  9.014 0.0000000000
158209  40.543  -57.750  11.820 0.0000000000
158210  40.977  -57.657  11.217 0.0000000000
158211  41.471  -57.602  10.618 0.0000000000
158212  40.974  -58.268  10.299 0.0000000000
158213  41.465  -57.935  10.193 0.0000000000
158214  41.994  -57.628  10.085 0.0000000000
158215  42.532  -57.626  9.577 0.0000000000
158216  43.083  -57.620  9.125 0.0000000000
158217  43.623  -57.697  8.680 0.0000000000
158218  43.668  -58.073  8.379 0.0000000000
158219  43.770  -58.471  8.107 0.0000000000
158220  43.867  -58.857  7.851 0.0000000000
158221  42.883  -59.061  8.324 0.0000000000
158222  43.463  -59.118  7.958 0.0000000000
158223  44.049  -59.166  7.666 0.0000000000
158224  44.288  -59.490  7.463 0.0000000000
158225  44.495  -59.845  7.280 0.0000000000
158226  44.657  -60.213  7.109 0.0000000000
158227  44.241  -60.467  7.105 0.0000000000
158228  43.909  -60.714  7.067 0.0000000000
158229  43.580  -60.951  7.049 0.0000000000
158230  42.715  -60.731  7.535 0.0000000000
158231  42.999  -60.984  7.256 0.0000000000
158232  43.316  -61.224  6.996 0.0000000000
158233  43.057  -61.626  7.006 0.0000000000
158234  42.859  -62.085  7.019 0.0000000000
158236  40.648  -61.124  8.624 0.0000000000
158237  40.888  -61.487  8.269 0.0000000000
158238  41.208  -61.841  7.948 0.0000000000
158239  40.697  -62.604  8.252 0.0000000000
158240  41.105  -62.408  7.932 0.0000000000
158241  41.563  -62.209  7.648 0.0000000000
158242  41.915  -62.538  7.415 0.0000000000
158243  42.259  -62.854  7.231 0.0000000000
158436  37.845  -60.231  16.582 0.0000000000
158438  37.624  -60.911  16.583 0.0000000000
158439  37.705  -60.584  15.935 0.0000000000
158440  37.674  -60.936  15.319 0.0000000000
158441  37.775  -61.314  14.701 0.0000000000
158442  37.892  -61.729  14.016 0.0000000000
158465  37.725  -63.989  15.071 0.0000000000
158466  37.607  -63.252  15.182 0.0000000000
158467  37.679  -62.884  14.581 0.0000000000
158468  37.841  -62.508  13.946 0.0000000000
158469  38.028  -62.149  13.330 0.0000000000
158470  38.208  -62.492  12.737 0.0000000000
158471  38.454  -62.901  12.130 0.0000000000
158472  38.780  -63.344  11.540 0.0000000000
158473  38.820  -64.354  12.133 0.0000000000
158474  38.945  -64.043  11.582 0.0000000000
158475  39.078  -63.828  11.017 0.0000000000
158476  39.357  -64.292  10.561 0.0000000000
158477  39.695  -64.703  10.134 0.0000000000
158478  40.083  -65.123  9.774 0.0000000000
158479  40.331  -66.839  12.414 0.0000000000
158480  40.334  -66.543  11.978 0.0000000000
158481  40.399  -66.290  11.455 0.0000000000
158482  41.486  -67.202  11.219 0.0000000000
158483  40.884  -66.668  11.119 0.0000000000
158484  40.399  -66.114  10.953 0.0000000000
158485  40.410  -65.920  10.446 0.0000000000
158486  40.383  -65.758  9.915 0.0000000000
158487  40.494  -65.532  9.423 0.0000000000
158488  40.934  -65.951  9.109 0.0000000000
158489  41.469  -66.446  8.827 0.0000000000
162421  56.799  -49.712  4.608 0.0000000000
162473  57.862  -56.587  5.614 0.0000000000
162474  58.477  -56.079  5.448 0.0000000000
162475  56.831  -59.210  4.186 0.0000000000
162476  57.386  -58.734  4.288 0.0000000000
162477  57.875  -58.210  4.524 0.0000000000
162478  58.747  -57.757  4.086 0.0000000000
162479  58.515  -57.695  4.447 0.0000000000
162480  58.258  -57.652  4.755 0.0000000000
162481  58.544  -56.913  4.945 0.0000000000
162482  58.783  -56.155  5.105 0.0000000000
162483  58.954  -55.522  5.239 0.0000000000
162484  59.365  -54.956  5.007 0.0000000000
162485  59.587  -54.212  4.707 0.0000000000
162486  59.858  -53.515  4.437 0.0000000000
162487  60.039  -54.239  3.955 0.0000000000
162488  60.115  -53.525  4.044 0.0000000000
162489  60.185  -52.851  4.159 0.0000000000
162490  60.554  -52.179  3.918 0.0000000000
162491  60.825  -51.510  3.627 0.0000000000
162492  61.013  -50.867  3.316 0.0000000000
162493  56.671  -57.036  1.331 0.0000000000
162494  57.418  -56.925  1.422 0.0000000000
162495  58.059  -56.703  1.457 0.0000000000
162496  58.076  -55.368  0.649 0.0000000000
162497  58.401  -55.936  1.055 0.0000000000
162498  58.677  -56.440  1.464 0.0000000000
162499  59.159  -56.027  1.499 0.0000000000
162500  59.568  -55.610  1.637 0.0000000000
162501  59.966  -55.148  1.754 0.0000000000
162502  59.095  -52.400  -1.377 0.0000000000
162503  59.399  -52.872  -0.870 0.0000000000
162504  59.694  -53.265  -0.356 0.0000000000
162505  60.399  -52.078  -0.628 0.0000000000
162506  60.125  -52.854  -0.287 0.0000000000
162507  59.897  -53.652  0.169 0.0000000000
162508  60.072  -54.017  0.740 0.0000000000
162509  60.209  -54.362  1.331 0.0000000000
162510  60.295  -54.547  1.915 0.0000000000
162511  60.527  -54.024  2.085 0.0000000000
162512  60.798  -53.320  2.279 0.0000000000
162513  61.032  -52.647  2.520 0.0000000000
162514  61.391  -51.842  1.656 0.0000000000
162515  61.330  -51.913  2.214 0.0000000000
162516  61.220  -52.008  2.706 0.0000000000
162517  61.351  -51.409  2.855 0.0000000000
162518  61.338  -50.831  2.940 0.0000000000
162519  61.131  -50.221  2.854 0.0000000000
162520  61.255  -49.549  2.351 0.0000000000
162521  61.351  -48.867  1.927 0.0000000000
162522  61.353  -48.208  1.481 0.0000000000
162523  62.115  -48.515  1.138 0.0000000000
162524  61.782  -48.008  1.125 0.0000000000
162525  61.251  -47.545  1.035 0.0000000000
162526  61.103  -46.917  0.545 0.0000000000
162529  63.108  -47.807  -0.872 0.0000000000
162530  63.106  -47.329  -0.631 0.0000000000
162531  62.828  -46.802  -0.525 0.0000000000
162533  62.769  -46.144  -0.875 0.0000000000
162534  62.382  -46.380  -0.463 0.0000000000
