#!ascii label  , from subject fsaverage vox2ras=TkReg
795
146  59.355  -31.619  10.173 0.0000000000
593  46.929  -31.255  8.915 0.0000000000
594  63.053  -23.979  5.441 0.0000000000
1317  53.112  -31.212  9.505 0.0000000000
1318  54.858  -27.092  7.427 0.0000000000
1319  61.029  -28.158  6.524 0.0000000000
1726  50.434  -36.853  17.918 0.0000000000
1727  57.673  -34.231  14.185 0.0000000000
2415  41.709  -30.943  8.985 0.0000000000
2416  48.962  -27.305  6.350 0.0000000000
2417  56.647  -23.224  5.991 0.0000000000
3235  55.383  -33.051  11.640 0.0000000000
3237  56.306  -31.466  9.585 0.0000000000
3238  57.211  -29.626  7.846 0.0000000000
3239  60.055  -30.080  8.187 0.0000000000
3241  62.333  -30.507  9.052 0.0000000000
3835  52.960  -37.371  20.370 0.0000000000
3836  49.890  -37.496  20.472 0.0000000000
3837  53.400  -36.565  18.132 0.0000000000
3838  54.006  -35.576  15.841 0.0000000000
3839  57.037  -35.286  16.272 0.0000000000
5388  46.213  -33.160  10.603 0.0000000000
5390  43.448  -33.185  10.409 0.0000000000
5391  40.932  -32.919  10.677 0.0000000000
5392  44.314  -31.289  8.580 0.0000000000
5393  45.253  -29.269  7.029 0.0000000000
5394  47.924  -29.307  7.575 0.0000000000
5395  58.955  -25.305  6.518 0.0000000000
5396  55.718  -25.043  6.943 0.0000000000
5397  59.815  -23.431  6.161 0.0000000000
5398  60.784  -21.630  5.470 0.0000000000
5399  63.838  -22.318  5.362 0.0000000000
6979  50.060  -31.051  9.328 0.0000000000
6980  50.789  -29.120  7.946 0.0000000000
6981  53.986  -29.317  8.195 0.0000000000
6982  58.145  -27.426  6.739 0.0000000000
6983  62.008  -25.841  5.767 0.0000000000
7867  47.253  -37.615  20.357 0.0000000000
7869  50.971  -35.813  15.607 0.0000000000
7870  54.585  -34.390  13.741 0.0000000000
7871  58.516  -32.942  12.191 0.0000000000
7872  61.568  -31.905  11.088 0.0000000000
7873  60.931  -33.057  13.090 0.0000000000
9800  38.655  -32.170  11.730 0.0000000000
9802  42.784  -28.757  7.892 0.0000000000
9803  46.340  -27.139  5.946 0.0000000000
9804  50.164  -25.389  5.318 0.0000000000
9805  51.602  -27.168  7.148 0.0000000000
9806  52.718  -25.205  6.345 0.0000000000
9807  53.841  -23.298  4.963 0.0000000000
10915  57.369  -32.314  10.844 0.0000000000
10916  55.878  -32.266  10.567 0.0000000000
10917  57.816  -31.568  9.830 0.0000000000
10918  58.214  -30.748  8.851 0.0000000000
10919  59.650  -30.841  9.179 0.0000000000
10920  61.212  -30.302  8.551 0.0000000000
10921  60.778  -31.039  9.573 0.0000000000
11516  53.235  -37.012  19.230 0.0000000000
11517  54.978  -36.479  18.078 0.0000000000
11518  55.267  -35.935  17.124 0.0000000000
13068  46.577  -32.181  9.733 0.0000000000
13069  44.850  -33.170  10.425 0.0000000000
13070  45.198  -32.230  9.552 0.0000000000
13071  43.846  -32.262  9.482 0.0000000000
13072  45.672  -31.293  8.728 0.0000000000
13073  46.109  -30.367  7.950 0.0000000000
13074  47.443  -30.269  8.196 0.0000000000
13075  61.064  -24.540  6.004 0.0000000000
13076  59.407  -24.377  6.415 0.0000000000
13077  61.472  -23.702  5.912 0.0000000000
13078  61.852  -22.816  5.775 0.0000000000
13079  63.378  -23.177  5.473 0.0000000000
13081  64.481  -23.508  5.033 0.0000000000
15472  51.548  -31.051  9.541 0.0000000000
15473  51.908  -30.155  8.782 0.0000000000
15474  53.555  -30.268  8.798 0.0000000000
15475  59.154  -28.875  7.131 0.0000000000
15476  57.668  -28.559  7.139 0.0000000000
15477  59.635  -27.713  6.495 0.0000000000
15478  60.069  -26.517  6.145 0.0000000000
15479  61.548  -26.980  6.046 0.0000000000
15480  63.206  -26.277  5.764 0.0000000000
15481  62.703  -27.426  6.147 0.0000000000
17267  48.262  -37.763  23.002 0.0000000000
17268  50.176  -37.241  19.125 0.0000000000
17269  48.530  -37.604  20.365 0.0000000000
17270  48.801  -37.329  19.084 0.0000000000
17272  49.023  -36.942  17.903 0.0000000000
17273  49.303  -36.461  16.704 0.0000000000
17274  50.713  -36.374  16.740 0.0000000000
17275  55.803  -34.907  14.993 0.0000000000
17276  54.324  -34.967  14.784 0.0000000000
17277  56.166  -34.315  13.960 0.0000000000
17278  56.560  -33.669  12.893 0.0000000000
17279  58.097  -33.615  13.109 0.0000000000
17280  59.720  -33.018  12.577 0.0000000000
17281  59.331  -33.589  13.606 0.0000000000
21933  41.349  -31.962  9.761 0.0000000000
21934  39.774  -32.619  11.097 0.0000000000
21935  40.161  -31.609  10.276 0.0000000000
21936  39.123  -31.159  11.065 0.0000000000
21937  40.701  -30.554  9.615 0.0000000000
21938  41.249  -29.469  9.227 0.0000000000
21939  42.225  -29.849  8.350 0.0000000000
21940  47.108  -28.353  6.555 0.0000000000
21941  45.821  -28.190  6.412 0.0000000000
21942  47.697  -27.300  5.997 0.0000000000
21943  48.254  -26.317  5.503 0.0000000000
21944  49.627  -26.321  5.864 0.0000000000
21945  52.789  -28.099  7.649 0.0000000000
21946  51.187  -28.163  7.540 0.0000000000
21947  53.194  -27.045  7.326 0.0000000000
21948  56.146  -24.091  6.565 0.0000000000
21949  54.151  -25.052  6.764 0.0000000000
21950  54.617  -24.158  6.231 0.0000000000
21951  53.303  -24.236  5.709 0.0000000000
21952  55.167  -23.290  5.567 0.0000000000
21954  57.226  -22.419  5.385 0.0000000000
21982  62.721  -32.017  11.656 0.0000000000
21983  63.061  -31.374  10.649 0.0000000000
24255  53.463  -33.754  12.449 0.0000000000
24257  53.864  -32.962  11.362 0.0000000000
24258  54.249  -32.224  10.388 0.0000000000
24259  54.818  -31.325  9.441 0.0000000000
24260  55.227  -30.429  8.648 0.0000000000
24261  56.800  -30.601  8.677 0.0000000000
24262  58.695  -29.842  7.944 0.0000000000
24263  60.544  -29.177  7.254 0.0000000000
24264  62.157  -28.575  6.686 0.0000000000
24265  61.665  -29.523  7.552 0.0000000000
24266  62.719  -29.806  8.019 0.0000000000
25335  51.251  -37.717  21.577 0.0000000000
25336  49.737  -37.704  21.711 0.0000000000
25337  51.427  -37.409  20.444 0.0000000000
25338  51.654  -37.105  19.236 0.0000000000
25339  51.880  -36.733  17.982 0.0000000000
25340  52.192  -36.266  16.849 0.0000000000
25341  53.698  -36.135  16.976 0.0000000000
25342  55.555  -35.419  16.028 0.0000000000
25343  57.285  -34.785  15.260 0.0000000000
25344  58.930  -34.132  14.614 0.0000000000
28132  44.505  -34.079  11.431 0.0000000000
28133  43.140  -34.101  11.402 0.0000000000
28134  41.811  -34.030  11.491 0.0000000000
28135  40.580  -33.826  11.703 0.0000000000
28136  42.152  -33.138  10.496 0.0000000000
28137  42.527  -32.188  9.525 0.0000000000
28138  43.013  -31.171  8.590 0.0000000000
28139  43.455  -30.155  7.832 0.0000000000
28140  44.771  -30.310  7.756 0.0000000000
28141  46.562  -29.356  7.216 0.0000000000
28142  48.373  -28.300  6.933 0.0000000000
28143  56.888  -26.203  7.063 0.0000000000
28144  55.323  -26.062  7.217 0.0000000000
28145  57.343  -25.169  6.904 0.0000000000
28146  57.750  -24.160  6.651 0.0000000000
28147  58.191  -23.227  6.238 0.0000000000
28148  58.751  -22.406  5.714 0.0000000000
28149  60.302  -22.497  5.749 0.0000000000
28150  62.371  -21.835  5.458 0.0000000000
31644  48.048  -32.122  9.902 0.0000000000
31645  48.398  -31.165  9.096 0.0000000000
31646  48.852  -30.199  8.377 0.0000000000
31647  50.394  -30.108  8.576 0.0000000000
31648  52.338  -29.176  8.123 0.0000000000
31649  54.471  -28.185  7.682 0.0000000000
31650  55.608  -29.494  8.032 0.0000000000
31651  56.089  -28.399  7.460 0.0000000000
31652  56.508  -27.266  7.203 0.0000000000
31653  58.504  -26.259  6.546 0.0000000000
31654  60.528  -25.449  6.028 0.0000000000
31655  62.511  -24.851  5.602 0.0000000000
31656  64.148  -24.348  5.171 0.0000000000
31657  63.694  -25.250  5.467 0.0000000000
33969  48.374  -37.788  21.679 0.0000000000
33977  51.232  -35.200  14.413 0.0000000000
33978  52.499  -35.666  15.713 0.0000000000
33979  52.766  -35.067  14.601 0.0000000000
33980  53.045  -34.466  13.522 0.0000000000
33981  55.027  -33.717  12.602 0.0000000000
33982  56.961  -33.007  11.888 0.0000000000
33983  58.918  -32.324  11.194 0.0000000000
33984  60.448  -31.782  10.652 0.0000000000
33985  60.101  -32.400  11.646 0.0000000000
33986  61.265  -32.481  12.093 0.0000000000
39634  39.324  -33.576  12.161 0.0000000000
39643  43.890  -29.113  7.222 0.0000000000
39644  44.463  -27.927  6.749 0.0000000000
39649  49.338  -29.207  7.808 0.0000000000
39650  49.730  -28.235  7.309 0.0000000000
39651  50.237  -27.231  6.829 0.0000000000
39652  53.651  -26.062  7.079 0.0000000000
39653  52.139  -26.136  6.796 0.0000000000
39654  50.817  -26.222  6.333 0.0000000000
39655  51.450  -25.314  5.821 0.0000000000
39656  51.982  -24.334  5.150 0.0000000000
39661  59.300  -21.554  5.232 0.0000000000
39694  61.932  -31.223  10.097 0.0000000000
39695  63.417  -30.700  9.662 0.0000000000
41635  58.357  -31.990  10.490 0.0000000000
41636  57.610  -31.948  10.301 0.0000000000
41637  58.574  -31.595  9.949 0.0000000000
41638  58.753  -31.194  9.484 0.0000000000
41639  59.482  -31.232  9.666 0.0000000000
41640  60.210  -30.913  9.356 0.0000000000
41641  60.084  -31.298  9.869 0.0000000000
42236  54.864  -36.756  18.575 0.0000000000
42238  55.881  -36.149  17.580 0.0000000000
43788  46.744  -31.729  9.331 0.0000000000
43789  45.877  -32.241  9.649 0.0000000000
43790  46.067  -31.750  9.223 0.0000000000
43791  45.419  -31.755  9.130 0.0000000000
43792  46.320  -31.251  8.799 0.0000000000
43793  46.525  -30.796  8.449 0.0000000000
43794  47.209  -30.767  8.546 0.0000000000
43795  62.068  -24.233  5.745 0.0000000000
43796  61.340  -24.128  5.953 0.0000000000
43797  62.325  -23.845  5.673 0.0000000000
43798  62.483  -23.429  5.702 0.0000000000
43799  63.226  -23.569  5.474 0.0000000000
43800  63.952  -23.319  5.248 0.0000000000
43801  63.780  -23.715  5.280 0.0000000000
46188  52.906  -31.634  9.901 0.0000000000
46192  52.273  -31.146  9.559 0.0000000000
46193  52.474  -30.678  9.188 0.0000000000
46194  53.283  -30.742  9.145 0.0000000000
46195  60.112  -28.484  6.804 0.0000000000
46196  59.399  -28.314  6.783 0.0000000000
46197  60.344  -27.913  6.496 0.0000000000
46198  60.572  -27.323  6.241 0.0000000000
46199  61.278  -27.566  6.249 0.0000000000
46200  62.128  -27.199  6.077 0.0000000000
46201  61.842  -27.814  6.286 0.0000000000
47987  48.939  -37.815  23.040 0.0000000000
47988  50.332  -37.073  18.499 0.0000000000
47989  49.447  -37.299  19.098 0.0000000000
47990  49.615  -37.112  18.476 0.0000000000
47991  48.898  -37.147  18.487 0.0000000000
47992  49.719  -36.895  17.911 0.0000000000
47993  49.851  -36.669  17.341 0.0000000000
47994  50.532  -36.614  17.358 0.0000000000
47995  56.725  -34.581  14.596 0.0000000000
47996  55.971  -34.629  14.482 0.0000000000
47997  56.906  -34.315  14.095 0.0000000000
47998  57.104  -33.991  13.506 0.0000000000
47999  57.885  -33.932  13.656 0.0000000000
48000  58.726  -33.614  13.358 0.0000000000
48001  58.524  -33.889  13.875 0.0000000000
52653  41.547  -31.443  9.340 0.0000000000
52654  40.766  -31.783  9.960 0.0000000000
52655  40.939  -31.272  9.599 0.0000000000
52656  40.378  -31.082  9.944 0.0000000000
52657  41.190  -30.763  9.262 0.0000000000
52658  41.438  -30.214  8.968 0.0000000000
52659  41.990  -30.403  8.629 0.0000000000
52660  48.005  -27.847  6.395 0.0000000000
52661  47.418  -27.799  6.251 0.0000000000
52662  48.350  -27.313  6.138 0.0000000000
52663  48.657  -26.826  5.880 0.0000000000
52664  49.311  -26.812  6.094 0.0000000000
52665  53.854  -27.549  7.543 0.0000000000
52666  52.979  -27.557  7.476 0.0000000000
52667  54.019  -27.049  7.409 0.0000000000
52668  56.403  -23.639  6.276 0.0000000000
52669  55.409  -24.078  6.395 0.0000000000
52670  55.634  -23.677  6.105 0.0000000000
52671  54.901  -23.725  5.903 0.0000000000
52672  55.889  -23.284  5.803 0.0000000000
52673  56.168  -22.859  5.470 0.0000000000
52674  56.938  -22.834  5.677 0.0000000000
55785  54.429  -33.390  11.996 0.0000000000
55786  53.646  -33.367  11.888 0.0000000000
55787  54.610  -32.994  11.477 0.0000000000
55788  56.095  -31.892  10.062 0.0000000000
55789  55.090  -32.240  10.450 0.0000000000
55790  55.296  -31.847  9.962 0.0000000000
55791  54.488  -31.803  9.912 0.0000000000
55792  55.562  -31.396  9.502 0.0000000000
55793  55.829  -30.963  9.044 0.0000000000
55794  56.516  -31.036  9.116 0.0000000000
55795  59.127  -30.419  8.494 0.0000000000
55796  58.471  -30.327  8.372 0.0000000000
55797  59.381  -29.965  8.042 0.0000000000
55798  59.655  -29.467  7.570 0.0000000000
55799  60.266  -29.665  7.731 0.0000000000
55800  61.071  -29.386  7.401 0.0000000000
55801  60.890  -29.776  7.857 0.0000000000
55802  61.767  -30.416  8.797 0.0000000000
55803  61.970  -30.050  8.283 0.0000000000
55804  62.533  -30.183  8.549 0.0000000000
55806  63.081  -30.292  8.787 0.0000000000
57585  52.077  -37.555  20.973 0.0000000000
57586  51.329  -37.576  20.994 0.0000000000
57587  52.192  -37.397  20.401 0.0000000000
57588  53.303  -36.782  18.710 0.0000000000
57589  52.438  -37.046  19.266 0.0000000000
57590  52.524  -36.831  18.697 0.0000000000
57591  51.737  -36.932  18.612 0.0000000000
57592  52.646  -36.638  18.082 0.0000000000
57593  52.793  -36.431  17.469 0.0000000000
57594  53.544  -36.353  17.547 0.0000000000
57595  56.162  -35.606  16.701 0.0000000000
57596  55.437  -35.657  16.559 0.0000000000
57597  56.301  -35.347  16.159 0.0000000000
57598  56.419  -35.105  15.650 0.0000000000
57599  57.150  -35.064  15.744 0.0000000000
57600  57.887  -34.747  15.431 0.0000000000
57601  57.752  -35.005  15.911 0.0000000000
62245  45.343  -33.627  10.999 0.0000000000
62246  44.147  -33.188  10.399 0.0000000000
62247  44.003  -33.627  10.874 0.0000000000
62248  43.279  -33.654  10.906 0.0000000000
62249  42.444  -34.088  11.445 0.0000000000
62250  42.598  -33.636  10.941 0.0000000000
62251  41.983  -33.598  10.988 0.0000000000
62252  42.791  -33.177  10.446 0.0000000000
62253  44.058  -31.795  9.034 0.0000000000
62254  43.171  -32.245  9.490 0.0000000000
62255  43.401  -31.757  9.017 0.0000000000
62256  42.752  -31.697  9.064 0.0000000000
62257  43.668  -31.241  8.554 0.0000000000
62258  43.882  -30.749  8.138 0.0000000000
62259  44.558  -30.802  8.158 0.0000000000
62260  47.019  -29.857  7.732 0.0000000000
62261  46.328  -29.880  7.569 0.0000000000
62262  47.232  -29.346  7.398 0.0000000000
62263  47.472  -28.830  7.058 0.0000000000
62264  48.134  -28.799  7.251 0.0000000000
62265  57.936  -25.733  6.812 0.0000000000
62266  57.140  -25.676  7.014 0.0000000000
62267  58.165  -25.234  6.753 0.0000000000
62268  59.597  -23.917  6.327 0.0000000000
62269  58.574  -24.279  6.582 0.0000000000
62270  58.765  -23.777  6.429 0.0000000000
62271  57.938  -23.679  6.455 0.0000000000
62272  58.983  -23.308  6.218 0.0000000000
62273  59.197  -22.857  5.977 0.0000000000
62274  60.053  -22.969  5.948 0.0000000000
62275  62.838  -22.522  5.604 0.0000000000
62276  62.062  -22.310  5.636 0.0000000000
62277  63.121  -22.078  5.467 0.0000000000
69453  49.848  -31.525  9.736 0.0000000000
69454  48.807  -32.062  10.021 0.0000000000
69455  49.036  -31.581  9.586 0.0000000000
69456  48.249  -31.640  9.486 0.0000000000
69457  49.217  -31.105  9.200 0.0000000000
69458  49.414  -30.640  8.814 0.0000000000
69459  50.251  -30.561  8.926 0.0000000000
69460  52.906  -29.731  8.481 0.0000000000
69461  52.056  -29.679  8.463 0.0000000000
69462  53.155  -29.245  8.204 0.0000000000
69463  53.432  -28.657  7.919 0.0000000000
69464  54.224  -28.783  7.933 0.0000000000
69465  56.260  -30.021  8.217 0.0000000000
69466  55.411  -29.948  8.299 0.0000000000
69467  56.457  -29.526  7.875 0.0000000000
69468  57.874  -28.008  6.936 0.0000000000
69469  56.846  -28.454  7.290 0.0000000000
69470  57.111  -27.898  7.109 0.0000000000
69471  56.307  -27.804  7.316 0.0000000000
69472  57.334  -27.349  6.969 0.0000000000
69473  57.521  -26.795  6.874 0.0000000000
69474  58.342  -26.852  6.613 0.0000000000
69475  61.027  -26.186  5.949 0.0000000000
69476  60.303  -25.978  6.070 0.0000000000
69477  61.301  -25.639  5.852 0.0000000000
69478  61.540  -25.119  5.799 0.0000000000
69479  62.326  -25.304  5.675 0.0000000000
69480  63.179  -24.975  5.485 0.0000000000
69481  62.918  -25.494  5.629 0.0000000000
69482  63.753  -26.561  5.803 0.0000000000
69483  64.018  -26.028  5.628 0.0000000000
69487  62.658  -28.757  6.874 0.0000000000
69488  62.943  -28.221  6.485 0.0000000000
74843  49.780  -37.595  21.109 0.0000000000
74844  49.018  -37.733  21.715 0.0000000000
74845  49.113  -37.655  21.080 0.0000000000
74846  47.876  -37.621  20.362 0.0000000000
74847  47.806  -37.730  20.991 0.0000000000
74848  47.184  -37.728  20.977 0.0000000000
74860  50.110  -36.148  16.152 0.0000000000
74861  49.386  -36.189  16.091 0.0000000000
74862  50.226  -35.859  15.552 0.0000000000
74863  50.366  -35.576  14.938 0.0000000000
74864  51.136  -35.504  15.007 0.0000000000
74865  53.090  -35.925  16.331 0.0000000000
74866  52.340  -35.979  16.282 0.0000000000
74867  53.258  -35.615  15.779 0.0000000000
74868  54.463  -34.681  14.264 0.0000000000
74869  53.555  -34.998  14.686 0.0000000000
74870  53.652  -34.715  14.165 0.0000000000
74871  52.878  -34.784  14.067 0.0000000000
74872  53.804  -34.416  13.633 0.0000000000
74873  54.060  -34.065  13.068 0.0000000000
74874  54.812  -34.024  13.147 0.0000000000
74875  57.526  -33.318  12.523 0.0000000000
74876  56.771  -33.337  12.391 0.0000000000
74877  57.744  -32.978  12.052 0.0000000000
74878  57.957  -32.645  11.522 0.0000000000
74879  58.745  -32.621  11.695 0.0000000000
74880  59.526  -32.360  11.417 0.0000000000
74881  59.329  -32.669  11.908 0.0000000000
74882  60.338  -33.036  12.823 0.0000000000
74883  60.494  -32.744  12.322 0.0000000000
74884  61.141  -32.763  12.564 0.0000000000
74885  61.881  -32.508  12.358 0.0000000000
88838  40.743  -33.399  11.192 0.0000000000
88839  39.965  -33.722  11.892 0.0000000000
88840  40.116  -33.267  11.391 0.0000000000
88841  39.190  -32.415  11.399 0.0000000000
88842  38.959  -32.905  11.912 0.0000000000
88843  38.424  -32.670  12.205 0.0000000000
88848  39.414  -30.668  10.805 0.0000000000
88855  42.020  -29.144  8.544 0.0000000000
88860  44.332  -29.731  7.388 0.0000000000
88861  43.698  -29.629  7.503 0.0000000000
88862  44.543  -29.210  7.075 0.0000000000
88863  46.046  -27.663  6.150 0.0000000000
88864  45.112  -28.085  6.481 0.0000000000
88865  45.372  -27.523  6.326 0.0000000000
88866  44.781  -27.376  6.648 0.0000000000
88867  45.695  -27.000  6.159 0.0000000000
88869  46.646  -26.627  5.800 0.0000000000
88870  49.192  -25.888  5.384 0.0000000000
88871  48.539  -25.823  5.293 0.0000000000
88872  49.486  -25.383  5.136 0.0000000000
88875  49.829  -29.658  8.167 0.0000000000
88876  49.089  -29.700  8.077 0.0000000000
88877  50.010  -29.163  7.866 0.0000000000
88878  51.401  -27.639  7.309 0.0000000000
88879  50.430  -28.214  7.428 0.0000000000
88880  50.677  -27.700  7.189 0.0000000000
88881  49.995  -27.740  7.059 0.0000000000
88882  50.876  -27.199  7.011 0.0000000000
88883  55.496  -25.538  7.097 0.0000000000
88884  54.469  -26.053  7.176 0.0000000000
88885  54.674  -25.541  7.034 0.0000000000
88886  53.417  -25.113  6.568 0.0000000000
88887  53.159  -25.594  6.784 0.0000000000
88888  52.430  -25.672  6.591 0.0000000000
88889  51.435  -26.197  6.588 0.0000000000
88890  51.769  -25.735  6.365 0.0000000000
88891  51.176  -25.758  6.103 0.0000000000
88892  52.095  -25.235  6.091 0.0000000000
88893  53.578  -23.775  5.336 0.0000000000
88894  52.637  -24.290  5.441 0.0000000000
88895  52.901  -23.797  5.069 0.0000000000
88905  59.822  -21.994  5.538 0.0000000000
88906  59.085  -21.986  5.435 0.0000000000
88907  60.093  -21.585  5.334 0.0000000000
88942  64.705  -24.615  5.058 0.0000000000
88943  64.858  -24.220  4.915 0.0000000000
88987  60.976  -31.861  10.887 0.0000000000
88988  61.189  -31.513  10.361 0.0000000000
88989  61.727  -31.589  10.604 0.0000000000
88991  63.222  -31.042  10.154 0.0000000000
93375  56.385  -32.651  11.257 0.0000000000
93376  55.636  -32.634  11.120 0.0000000000
93377  56.617  -32.277  10.718 0.0000000000
93378  56.856  -31.916  10.165 0.0000000000
93379  57.102  -31.521  9.684 0.0000000000
93380  57.285  -31.107  9.215 0.0000000000
93381  58.012  -31.160  9.336 0.0000000000
93382  58.927  -30.801  8.980 0.0000000000
93383  59.827  -30.471  8.672 0.0000000000
93384  60.690  -30.150  8.325 0.0000000000
93385  60.411  -30.566  8.859 0.0000000000
93386  60.989  -30.680  9.060 0.0000000000
93387  61.561  -30.765  9.306 0.0000000000
94456  53.104  -37.196  19.789 0.0000000000
94457  54.025  -36.989  19.123 0.0000000000
94458  54.111  -36.756  18.596 0.0000000000
94459  54.174  -36.515  18.126 0.0000000000
94460  54.282  -36.270  17.607 0.0000000000
94461  55.066  -36.219  17.645 0.0000000000
94462  56.008  -35.895  17.167 0.0000000000
94463  56.906  -35.558  16.729 0.0000000000
97250  46.414  -32.673  10.138 0.0000000000
97251  45.525  -33.151  10.497 0.0000000000
97252  45.707  -32.699  10.058 0.0000000000
97253  44.996  -32.721  9.989 0.0000000000
97254  44.329  -32.710  9.921 0.0000000000
97255  43.684  -32.698  9.890 0.0000000000
97256  44.529  -32.245  9.492 0.0000000000
97257  44.742  -31.790  9.079 0.0000000000
97258  44.982  -31.310  8.648 0.0000000000
97259  45.209  -30.848  8.229 0.0000000000
97260  45.862  -30.845  8.339 0.0000000000
97261  46.779  -30.331  8.080 0.0000000000
97262  47.695  -29.787  7.855 0.0000000000
97263  60.033  -24.882  6.226 0.0000000000
97264  59.200  -24.833  6.495 0.0000000000
97265  60.273  -24.456  6.206 0.0000000000
97266  60.420  -24.015  6.160 0.0000000000
97267  60.614  -23.566  6.075 0.0000000000
97268  60.831  -23.140  5.956 0.0000000000
97269  61.680  -23.303  5.879 0.0000000000
97270  62.652  -23.010  5.678 0.0000000000
97271  63.597  -22.779  5.486 0.0000000000
97273  64.130  -22.914  5.218 0.0000000000
97274  64.639  -23.116  4.965 0.0000000000
101577  50.561  -31.517  9.868 0.0000000000
101578  50.850  -31.024  9.453 0.0000000000
101579  51.019  -30.584  9.063 0.0000000000
101580  51.731  -30.616  9.152 0.0000000000
101581  52.711  -30.206  8.815 0.0000000000
101582  53.833  -29.782  8.444 0.0000000000
101583  58.169  -29.231  7.476 0.0000000000
101584  57.443  -29.107  7.477 0.0000000000
101585  58.407  -28.716  7.114 0.0000000000
101586  58.644  -28.144  6.821 0.0000000000
101587  58.894  -27.560  6.566 0.0000000000
101588  59.132  -26.973  6.402 0.0000000000
101589  59.868  -27.134  6.280 0.0000000000
101590  60.795  -26.755  6.055 0.0000000000
101591  61.768  -26.390  5.892 0.0000000000
101592  62.634  -26.012  5.742 0.0000000000
101593  62.394  -26.598  5.893 0.0000000000
101594  62.946  -26.866  5.939 0.0000000000
101595  63.510  -27.103  6.019 0.0000000000
104810  50.016  -37.391  19.790 0.0000000000
104811  49.205  -37.573  20.398 0.0000000000
104812  49.312  -37.442  19.736 0.0000000000
104813  48.633  -37.474  19.722 0.0000000000
104814  47.999  -37.491  19.730 0.0000000000
104815  47.375  -37.502  19.734 0.0000000000
104816  48.151  -37.360  19.101 0.0000000000
104817  48.212  -37.201  18.508 0.0000000000
104818  48.358  -36.990  17.875 0.0000000000
104819  48.486  -36.765  17.239 0.0000000000
104820  49.184  -36.705  17.293 0.0000000000
104821  49.997  -36.425  16.738 0.0000000000
104822  50.833  -36.107  16.187 0.0000000000
104823  54.932  -35.227  15.426 0.0000000000
104824  54.192  -35.255  15.303 0.0000000000
104825  55.056  -34.957  14.881 0.0000000000
104826  55.223  -34.654  14.364 0.0000000000
104827  55.380  -34.355  13.847 0.0000000000
104828  55.576  -34.022  13.308 0.0000000000
104829  56.345  -34.000  13.409 0.0000000000
104830  57.319  -33.654  13.001 0.0000000000
104831  58.309  -33.281  12.627 0.0000000000
104832  59.105  -32.991  12.360 0.0000000000
104833  58.926  -33.305  12.835 0.0000000000
104834  59.525  -33.329  13.092 0.0000000000
104835  60.107  -33.330  13.379 0.0000000000
113207  41.152  -32.443  10.201 0.0000000000
113208  40.327  -32.790  10.862 0.0000000000
113209  40.572  -32.292  10.403 0.0000000000
113210  39.999  -32.122  10.662 0.0000000000
113211  39.415  -31.926  10.974 0.0000000000
113212  38.852  -31.674  11.384 0.0000000000
113213  39.631  -31.382  10.635 0.0000000000
113214  39.910  -30.847  10.305 0.0000000000
113215  40.193  -30.344  10.088 0.0000000000
113216  40.471  -29.816  9.923 0.0000000000
113217  40.934  -30.001  9.394 0.0000000000
113218  41.708  -29.661  8.739 0.0000000000
113219  42.505  -29.295  8.121 0.0000000000
113220  46.185  -28.830  6.754 0.0000000000
113221  45.525  -28.738  6.718 0.0000000000
113222  46.470  -28.298  6.448 0.0000000000
113223  46.744  -27.774  6.146 0.0000000000
113224  47.019  -27.258  5.930 0.0000000000
113225  47.317  -26.737  5.704 0.0000000000
113226  47.979  -26.815  5.760 0.0000000000
113227  48.949  -26.343  5.643 0.0000000000
113228  49.923  -25.851  5.602 0.0000000000
113229  51.784  -28.605  7.778 0.0000000000
113230  50.995  -28.642  7.723 0.0000000000
113231  51.975  -28.102  7.581 0.0000000000
113232  52.165  -27.582  7.414 0.0000000000
113233  52.372  -27.116  7.260 0.0000000000
113234  55.933  -24.548  6.782 0.0000000000
113235  54.896  -25.027  6.886 0.0000000000
113236  55.136  -24.544  6.694 0.0000000000
113237  54.378  -24.590  6.522 0.0000000000
113238  53.672  -24.648  6.300 0.0000000000
113239  53.008  -24.705  6.044 0.0000000000
113240  53.987  -24.178  5.982 0.0000000000
113241  54.241  -23.742  5.636 0.0000000000
113242  54.515  -23.304  5.256 0.0000000000
113243  54.794  -22.891  4.932 0.0000000000
113244  55.478  -22.878  5.230 0.0000000000
113245  56.497  -22.441  5.125 0.0000000000
113246  57.513  -22.005  5.057 0.0000000000
113296  62.140  -31.942  11.374 0.0000000000
113297  62.288  -31.640  10.861 0.0000000000
113298  62.885  -31.673  11.152 0.0000000000
118040  54.890  -32.609  10.951 0.0000000000
118041  54.064  -32.595  10.867 0.0000000000
118044  53.698  -31.709  9.898 0.0000000000
118045  53.981  -31.264  9.440 0.0000000000
118046  54.154  -30.815  9.078 0.0000000000
118047  55.019  -30.899  9.044 0.0000000000
118048  56.047  -30.514  8.633 0.0000000000
118049  57.028  -30.152  8.267 0.0000000000
118050  57.504  -30.683  8.757 0.0000000000
118051  57.791  -30.253  8.330 0.0000000000
118052  57.952  -29.727  7.884 0.0000000000
118053  58.910  -29.356  7.521 0.0000000000
118054  59.880  -28.993  7.160 0.0000000000
118055  60.795  -28.699  6.844 0.0000000000
118056  61.602  -28.372  6.581 0.0000000000
118057  61.339  -28.925  6.951 0.0000000000
118058  61.884  -29.077  7.111 0.0000000000
118059  62.404  -29.239  7.317 0.0000000000
118060  61.460  -29.898  8.034 0.0000000000
118061  62.187  -29.664  7.764 0.0000000000
118062  62.912  -29.418  7.555 0.0000000000
120555  50.417  -37.823  22.281 0.0000000000
120556  49.683  -37.795  22.381 0.0000000000
120557  50.501  -37.706  21.658 0.0000000000
120558  50.573  -37.585  21.086 0.0000000000
120559  50.654  -37.437  20.475 0.0000000000
120560  52.314  -37.224  19.850 0.0000000000
120561  51.543  -37.235  19.859 0.0000000000
120562  50.742  -37.320  19.856 0.0000000000
120563  50.864  -37.200  19.188 0.0000000000
120564  51.027  -37.014  18.539 0.0000000000
120565  51.153  -36.814  17.941 0.0000000000
120566  51.257  -36.578  17.377 0.0000000000
120567  52.023  -36.511  17.411 0.0000000000
120568  52.937  -36.198  16.886 0.0000000000
120569  53.856  -35.858  16.396 0.0000000000
120570  54.501  -36.008  17.047 0.0000000000
120571  54.636  -35.771  16.481 0.0000000000
120572  54.776  -35.508  15.942 0.0000000000
120573  55.666  -35.174  15.549 0.0000000000
120574  56.580  -34.843  15.117 0.0000000000
120575  57.486  -34.503  14.717 0.0000000000
120576  58.311  -34.175  14.385 0.0000000000
120577  58.064  -34.470  14.934 0.0000000000
127081  44.692  -33.614  10.907 0.0000000000
127082  43.878  -34.062  11.360 0.0000000000
127083  43.001  -34.549  11.935 0.0000000000
127084  42.318  -34.529  11.955 0.0000000000
127085  41.690  -34.467  12.015 0.0000000000
127086  41.062  -34.371  12.076 0.0000000000
127087  40.456  -34.255  12.233 0.0000000000
127088  41.197  -33.934  11.570 0.0000000000
127089  41.358  -33.499  11.061 0.0000000000
127090  41.533  -33.048  10.564 0.0000000000
127091  42.962  -32.705  9.947 0.0000000000
127092  42.316  -32.659  9.977 0.0000000000
127093  41.738  -32.569  10.070 0.0000000000
127094  41.920  -32.099  9.620 0.0000000000
127095  42.152  -31.591  9.168 0.0000000000
127096  42.401  -31.060  8.695 0.0000000000
127097  42.592  -30.551  8.367 0.0000000000
127098  43.225  -30.662  8.200 0.0000000000
127099  44.086  -30.244  7.746 0.0000000000
127100  44.974  -29.799  7.359 0.0000000000
127101  45.445  -30.357  7.834 0.0000000000
127102  45.661  -29.872  7.438 0.0000000000
127103  45.919  -29.326  7.081 0.0000000000
127104  46.832  -28.858  6.862 0.0000000000
127105  47.735  -28.341  6.724 0.0000000000
127106  48.631  -27.818  6.613 0.0000000000
127107  55.876  -26.631  7.287 0.0000000000
127108  55.063  -26.577  7.329 0.0000000000
127109  56.119  -26.114  7.185 0.0000000000
127110  56.302  -25.599  7.095 0.0000000000
127111  56.523  -25.101  6.959 0.0000000000
127112  58.393  -24.732  6.669 0.0000000000
127113  57.586  -24.684  6.780 0.0000000000
127114  56.770  -24.615  6.793 0.0000000000
127115  56.912  -24.090  6.621 0.0000000000
127116  57.159  -23.645  6.407 0.0000000000
127117  57.387  -23.210  6.157 0.0000000000
127118  57.675  -22.827  5.867 0.0000000000
127119  58.380  -22.833  5.978 0.0000000000
127120  59.470  -22.411  5.757 0.0000000000
127121  60.547  -22.043  5.582 0.0000000000
127122  61.054  -22.639  5.786 0.0000000000
127123  61.341  -22.145  5.591 0.0000000000
127124  61.618  -21.654  5.435 0.0000000000
136360  47.093  -32.672  10.252 0.0000000000
136361  47.310  -32.166  9.812 0.0000000000
136362  47.468  -31.680  9.417 0.0000000000
136363  47.626  -31.218  9.020 0.0000000000
136364  47.908  -30.736  8.629 0.0000000000
136365  48.623  -30.688  8.711 0.0000000000
136366  49.612  -30.153  8.483 0.0000000000
136367  50.580  -29.627  8.268 0.0000000000
136368  51.151  -30.112  8.687 0.0000000000
136369  51.327  -29.628  8.334 0.0000000000
136370  51.547  -29.134  8.020 0.0000000000
136371  52.561  -28.638  7.852 0.0000000000
136372  53.638  -28.117  7.687 0.0000000000
136373  54.661  -27.630  7.540 0.0000000000
136374  54.328  -30.344  8.727 0.0000000000
136375  54.618  -29.869  8.395 0.0000000000
136376  54.848  -29.354  8.104 0.0000000000
136377  56.643  -29.019  7.577 0.0000000000
136378  55.844  -28.935  7.710 0.0000000000
136379  55.065  -28.852  7.829 0.0000000000
136380  55.289  -28.303  7.611 0.0000000000
136381  55.498  -27.718  7.463 0.0000000000
136382  55.684  -27.168  7.360 0.0000000000
136383  56.678  -26.734  7.150 0.0000000000
136384  57.683  -26.245  6.837 0.0000000000
136385  58.695  -25.793  6.535 0.0000000000
136386  59.290  -26.361  6.294 0.0000000000
136387  59.512  -25.835  6.270 0.0000000000
136388  59.729  -25.371  6.258 0.0000000000
136389  60.763  -24.968  6.000 0.0000000000
136390  61.769  -24.660  5.807 0.0000000000
136391  62.747  -24.405  5.543 0.0000000000
136392  63.589  -24.114  5.302 0.0000000000
136393  63.356  -24.558  5.398 0.0000000000
136394  63.944  -24.766  5.301 0.0000000000
136395  64.459  -25.083  5.253 0.0000000000
136396  63.469  -25.716  5.616 0.0000000000
136397  64.261  -25.545  5.408 0.0000000000
136402  62.439  -27.967  6.332 0.0000000000
136403  63.255  -27.654  6.246 0.0000000000
142995  48.953  -37.772  22.387 0.0000000000
142996  48.299  -37.779  22.334 0.0000000000
142997  47.671  -37.771  22.303 0.0000000000
142998  48.464  -37.706  21.027 0.0000000000
142999  47.747  -37.777  21.651 0.0000000000
143021  51.386  -34.884  13.878 0.0000000000
143022  51.446  -36.323  16.782 0.0000000000
143023  51.577  -36.028  16.204 0.0000000000
143024  51.729  -35.737  15.655 0.0000000000
143025  53.432  -35.273  15.214 0.0000000000
143026  52.687  -35.359  15.157 0.0000000000
143027  51.914  -35.427  15.079 0.0000000000
143028  51.996  -35.151  14.524 0.0000000000
143029  52.139  -34.832  13.953 0.0000000000
143030  52.337  -34.493  13.412 0.0000000000
143031  53.295  -34.103  13.001 0.0000000000
143032  54.258  -33.736  12.518 0.0000000000
143033  55.209  -33.387  12.096 0.0000000000
143034  55.800  -33.686  12.753 0.0000000000
143035  55.990  -33.367  12.222 0.0000000000
143036  56.189  -32.980  11.724 0.0000000000
143037  57.165  -32.645  11.361 0.0000000000
143038  58.144  -32.318  11.007 0.0000000000
143039  59.099  -32.014  10.692 0.0000000000
143040  59.905  -31.699  10.415 0.0000000000
143041  59.710  -32.077  10.925 0.0000000000
143042  60.229  -32.114  11.167 0.0000000000
143043  60.823  -32.154  11.360 0.0000000000
143044  59.900  -32.713  12.109 0.0000000000
143045  60.648  -32.449  11.835 0.0000000000
143046  61.426  -32.194  11.574 0.0000000000
143047  61.999  -32.226  11.880 0.0000000000
143050  59.141  -33.847  14.101 0.0000000000
143051  59.922  -33.552  13.863 0.0000000000
159856  39.845  -34.107  12.402 0.0000000000
159857  39.229  -34.000  12.674 0.0000000000
159859  39.515  -33.103  11.640 0.0000000000
159860  38.750  -33.365  12.440 0.0000000000
159883  42.837  -30.032  8.009 0.0000000000
159884  43.069  -29.472  7.757 0.0000000000
159885  43.307  -28.916  7.512 0.0000000000
159886  44.837  -28.649  6.780 0.0000000000
159887  44.180  -28.517  6.980 0.0000000000
159888  43.615  -28.345  7.312 0.0000000000
159895  47.612  -26.218  5.517 0.0000000000
159901  48.145  -30.242  8.302 0.0000000000
159902  48.376  -29.737  7.976 0.0000000000
159903  48.607  -29.251  7.706 0.0000000000
159904  50.242  -28.696  7.656 0.0000000000
159905  49.515  -28.731  7.557 0.0000000000
159906  48.815  -28.759  7.422 0.0000000000
159907  49.044  -28.266  7.137 0.0000000000
159908  49.313  -27.778  6.865 0.0000000000
159909  49.584  -27.269  6.598 0.0000000000
159910  54.248  -26.537  7.275 0.0000000000
159911  53.421  -26.570  7.202 0.0000000000
159912  52.611  -26.624  7.110 0.0000000000
159913  53.906  -25.555  6.933 0.0000000000
159914  52.873  -26.100  6.966 0.0000000000
159915  51.842  -26.658  6.977 0.0000000000
159916  51.146  -26.686  6.800 0.0000000000
159917  50.509  -26.728  6.586 0.0000000000
159918  49.896  -26.760  6.341 0.0000000000
159919  50.241  -26.272  6.096 0.0000000000
159920  50.523  -25.844  5.845 0.0000000000
159921  50.812  -25.369  5.556 0.0000000000
159922  52.350  -24.757  5.778 0.0000000000
159923  51.733  -24.845  5.498 0.0000000000
159924  51.064  -24.896  5.216 0.0000000000
159937  58.025  -22.413  5.563 0.0000000000
159938  58.288  -21.991  5.279 0.0000000000
159982  64.326  -23.940  5.097 0.0000000000
160036  60.631  -31.419  10.113 0.0000000000
160037  61.346  -31.167  9.830 0.0000000000
160038  62.146  -30.850  9.576 0.0000000000
160039  62.468  -31.312  10.358 0.0000000000
160040  62.693  -30.944  9.867 0.0000000000
160041  62.916  -30.598  9.322 0.0000000000
