#!ascii label  , from subject fsaverage vox2ras=TkReg
492
143  58.413  -40.097  14.157 0.0000000000
146  59.355  -31.619  10.173 0.0000000000
587  49.614  -39.780  11.867 0.0000000000
1321  65.093  -29.690  7.982 0.0000000000
1323  62.170  -36.081  8.470 0.0000000000
1324  58.285  -37.990  10.207 0.0000000000
1326  54.646  -39.788  12.820 0.0000000000
2422  65.849  -32.917  8.273 0.0000000000
3241  62.333  -30.507  9.052 0.0000000000
3242  60.403  -39.090  13.254 0.0000000000
3243  60.148  -37.766  11.326 0.0000000000
3244  58.325  -38.751  12.246 0.0000000000
3245  56.455  -38.746  11.498 0.0000000000
3246  56.680  -39.896  13.389 0.0000000000
5408  65.533  -32.402  10.526 0.0000000000
5410  59.996  -36.053  7.113 0.0000000000
5417  51.497  -38.566  10.413 0.0000000000
6990  61.951  -36.923  10.791 0.0000000000
6991  60.130  -37.074  9.297 0.0000000000
6992  57.825  -37.187  7.961 0.0000000000
6994  55.878  -37.959  9.307 0.0000000000
6995  54.044  -38.614  10.826 0.0000000000
6996  52.089  -39.640  12.336 0.0000000000
7872  61.568  -31.905  11.088 0.0000000000
9747  54.329  -41.328  14.290 0.0000000000
9748  51.908  -41.222  13.796 0.0000000000
9749  49.312  -41.234  13.371 0.0000000000
9820  64.440  -30.931  10.132 0.0000000000
9821  66.155  -31.097  8.382 0.0000000000
9823  64.208  -34.674  8.249 0.0000000000
10919  59.650  -30.841  9.179 0.0000000000
10920  61.212  -30.302  8.551 0.0000000000
10921  60.778  -31.039  9.573 0.0000000000
10922  59.357  -39.536  13.646 0.0000000000
10923  59.383  -38.811  12.728 0.0000000000
10924  58.343  -39.317  13.175 0.0000000000
10925  57.521  -39.259  12.761 0.0000000000
10926  57.493  -39.916  13.720 0.0000000000
13097  50.603  -39.032  11.179 0.0000000000
13098  50.233  -38.599  10.265 0.0000000000
13099  49.295  -39.165  11.008 0.0000000000
13101  48.452  -39.891  11.640 0.0000000000
15482  64.173  -29.264  7.573 0.0000000000
15489  62.004  -37.513  11.790 0.0000000000
15490  59.251  -37.802  10.677 0.0000000000
15491  60.073  -37.328  10.305 0.0000000000
15492  59.163  -37.575  9.713 0.0000000000
15493  59.119  -37.231  8.574 0.0000000000
15494  58.106  -37.684  9.144 0.0000000000
15495  56.813  -37.610  8.612 0.0000000000
15496  57.146  -38.020  9.752 0.0000000000
15497  55.602  -39.211  12.166 0.0000000000
15498  55.266  -38.659  11.163 0.0000000000
15499  54.351  -39.124  11.899 0.0000000000
15500  53.062  -39.015  11.614 0.0000000000
15501  53.369  -39.741  12.580 0.0000000000
21803  55.247  -41.250  14.590 0.0000000000
21808  50.567  -41.218  13.608 0.0000000000
21982  62.721  -32.017  11.656 0.0000000000
21983  63.061  -31.374  10.649 0.0000000000
21984  64.065  -31.632  11.156 0.0000000000
21985  65.941  -32.606  9.388 0.0000000000
21986  65.893  -31.647  9.476 0.0000000000
21987  66.145  -31.978  8.328 0.0000000000
21990  63.132  -35.910  9.421 0.0000000000
21991  64.111  -35.311  9.320 0.0000000000
21992  63.276  -35.444  8.333 0.0000000000
24266  62.719  -29.806  8.019 0.0000000000
24267  63.816  -30.019  8.574 0.0000000000
24268  61.247  -38.597  12.957 0.0000000000
24269  61.155  -37.915  12.018 0.0000000000
24270  60.311  -38.377  12.277 0.0000000000
24271  59.256  -38.231  11.704 0.0000000000
24272  58.298  -38.294  11.238 0.0000000000
24273  57.350  -38.365  10.807 0.0000000000
24274  57.461  -38.794  11.825 0.0000000000
24275  56.616  -39.242  12.487 0.0000000000
24276  55.745  -39.855  13.088 0.0000000000
28166  64.796  -32.242  11.439 0.0000000000
28168  65.637  -33.350  10.432 0.0000000000
28169  65.651  -33.601  9.344 0.0000000000
28170  61.242  -36.195  7.794 0.0000000000
28171  62.342  -35.638  7.455 0.0000000000
28183  52.445  -38.197  9.509 0.0000000000
31669  63.062  -36.464  10.499 0.0000000000
31670  62.042  -36.403  9.657 0.0000000000
31671  60.978  -37.326  11.019 0.0000000000
31672  61.009  -36.869  9.995 0.0000000000
31673  61.161  -36.571  8.885 0.0000000000
31674  60.157  -36.708  8.172 0.0000000000
31675  58.934  -36.633  7.513 0.0000000000
31679  55.518  -37.573  8.166 0.0000000000
31680  54.583  -37.927  8.918 0.0000000000
31681  56.175  -38.315  10.450 0.0000000000
31682  55.001  -38.290  10.038 0.0000000000
31683  53.696  -38.237  9.700 0.0000000000
31684  52.764  -38.553  10.555 0.0000000000
31685  51.816  -39.012  11.397 0.0000000000
31686  50.846  -39.686  12.084 0.0000000000
33984  60.448  -31.782  10.652 0.0000000000
33985  60.101  -32.400  11.646 0.0000000000
39476  57.274  -40.598  14.510 0.0000000000
39477  56.400  -40.543  14.122 0.0000000000
39478  55.497  -40.547  13.843 0.0000000000
39479  54.516  -40.554  13.586 0.0000000000
39481  53.184  -41.316  14.059 0.0000000000
39482  53.313  -40.477  13.340 0.0000000000
39483  52.005  -40.421  13.047 0.0000000000
39484  50.747  -40.404  12.814 0.0000000000
39485  49.468  -40.478  12.582 0.0000000000
39494  48.247  -40.588  12.374 0.0000000000
39694  61.932  -31.223  10.097 0.0000000000
39695  63.417  -30.700  9.662 0.0000000000
39696  64.777  -30.356  9.085 0.0000000000
39697  65.119  -31.530  10.448 0.0000000000
39698  65.524  -30.857  9.425 0.0000000000
39699  65.783  -30.288  8.297 0.0000000000
39704  64.999  -34.595  9.337 0.0000000000
39705  65.174  -33.811  8.278 0.0000000000
39706  63.352  -34.999  7.230 0.0000000000
41639  59.482  -31.232  9.666 0.0000000000
41640  60.210  -30.913  9.356 0.0000000000
41641  60.084  -31.298  9.869 0.0000000000
41642  58.856  -39.830  13.901 0.0000000000
41643  58.823  -39.380  13.402 0.0000000000
41644  58.341  -39.680  13.657 0.0000000000
41645  57.922  -39.615  13.429 0.0000000000
41646  57.934  -39.985  13.940 0.0000000000
43817  50.104  -39.393  11.539 0.0000000000
43818  49.935  -39.095  11.104 0.0000000000
43819  49.448  -39.465  11.430 0.0000000000
43820  48.854  -39.507  11.329 0.0000000000
43821  49.020  -39.845  11.729 0.0000000000
46202  64.647  -29.458  7.766 0.0000000000
46204  65.229  -29.354  7.478 0.0000000000
46206  65.590  -29.654  7.643 0.0000000000
46209  62.067  -37.862  12.265 0.0000000000
46210  58.756  -37.901  10.433 0.0000000000
46211  59.205  -37.690  10.190 0.0000000000
46212  58.721  -37.794  9.937 0.0000000000
46213  58.672  -37.692  9.439 0.0000000000
46214  58.224  -37.857  9.688 0.0000000000
46215  57.626  -37.849  9.425 0.0000000000
46216  57.751  -38.022  9.979 0.0000000000
46217  55.105  -39.507  12.513 0.0000000000
46218  54.985  -39.174  12.057 0.0000000000
46219  54.468  -39.461  12.375 0.0000000000
46220  53.805  -39.416  12.244 0.0000000000
46221  54.001  -39.762  12.689 0.0000000000
52702  63.299  -32.154  11.904 0.0000000000
52703  63.439  -31.792  11.432 0.0000000000
52704  63.915  -31.990  11.657 0.0000000000
52705  65.928  -32.768  8.827 0.0000000000
52706  66.032  -32.280  8.867 0.0000000000
52707  66.015  -32.451  8.300 0.0000000000
52708  66.113  -32.165  7.773 0.0000000000
52709  65.878  -32.602  7.743 0.0000000000
52710  62.669  -35.995  8.935 0.0000000000
52711  63.231  -35.721  8.867 0.0000000000
52712  62.756  -35.815  8.384 0.0000000000
55802  61.767  -30.416  8.797 0.0000000000
55803  61.970  -30.050  8.283 0.0000000000
55804  62.533  -30.183  8.549 0.0000000000
55805  63.269  -29.926  8.292 0.0000000000
55806  63.081  -30.292  8.787 0.0000000000
55807  60.838  -38.844  13.102 0.0000000000
55808  60.794  -38.478  12.621 0.0000000000
55809  60.348  -38.714  12.786 0.0000000000
55810  58.837  -38.773  12.470 0.0000000000
55811  59.299  -38.528  12.222 0.0000000000
55812  58.780  -38.500  11.973 0.0000000000
55813  58.782  -38.210  11.466 0.0000000000
55814  58.315  -38.482  11.763 0.0000000000
55815  57.877  -38.542  11.538 0.0000000000
55816  57.904  -38.779  12.030 0.0000000000
55817  57.110  -39.578  13.074 0.0000000000
55818  57.074  -39.266  12.615 0.0000000000
55819  56.676  -39.573  12.944 0.0000000000
55820  56.197  -39.531  12.794 0.0000000000
55821  56.243  -39.886  13.229 0.0000000000
62308  65.713  -33.493  9.929 0.0000000000
62309  65.544  -33.945  9.869 0.0000000000
62310  60.647  -36.172  7.452 0.0000000000
62311  61.230  -35.907  7.294 0.0000000000
62312  60.590  -35.805  6.987 0.0000000000
62332  51.966  -38.371  9.963 0.0000000000
62333  51.807  -38.192  9.428 0.0000000000
62334  51.328  -38.389  9.886 0.0000000000
69505  62.437  -37.028  11.166 0.0000000000
69506  62.980  -36.779  11.023 0.0000000000
69507  62.497  -36.710  10.648 0.0000000000
69508  62.566  -36.397  10.112 0.0000000000
69509  62.010  -36.649  10.254 0.0000000000
69510  60.631  -37.799  11.644 0.0000000000
69511  61.059  -37.613  11.549 0.0000000000
69512  60.572  -37.535  11.195 0.0000000000
69513  60.061  -37.207  9.837 0.0000000000
69514  60.491  -37.102  10.132 0.0000000000
69515  60.545  -36.974  9.641 0.0000000000
69516  61.069  -36.727  9.426 0.0000000000
69517  60.653  -36.841  9.063 0.0000000000
69518  60.680  -36.671  8.509 0.0000000000
69519  60.177  -36.905  8.737 0.0000000000
69520  58.483  -37.226  8.266 0.0000000000
69521  59.034  -36.966  8.039 0.0000000000
69522  58.367  -36.941  7.708 0.0000000000
69523  58.260  -36.573  7.198 0.0000000000
69524  57.705  -36.882  7.408 0.0000000000
69526  57.171  -37.143  7.696 0.0000000000
69527  56.304  -37.776  8.945 0.0000000000
69528  56.150  -37.585  8.385 0.0000000000
69529  55.675  -37.764  8.733 0.0000000000
69530  55.062  -37.762  8.565 0.0000000000
69531  55.246  -37.948  9.090 0.0000000000
69532  56.916  -38.568  11.138 0.0000000000
69533  56.790  -38.362  10.621 0.0000000000
69534  56.332  -38.535  10.984 0.0000000000
69535  54.661  -38.622  10.981 0.0000000000
69536  55.140  -38.462  10.598 0.0000000000
69537  54.549  -38.426  10.412 0.0000000000
69538  54.328  -38.262  9.856 0.0000000000
69539  53.866  -38.411  10.246 0.0000000000
69540  53.224  -38.384  10.124 0.0000000000
69541  53.387  -38.585  10.678 0.0000000000
69542  52.589  -39.316  12.000 0.0000000000
69543  52.426  -39.021  11.488 0.0000000000
69544  51.979  -39.317  11.862 0.0000000000
69545  51.336  -39.330  11.749 0.0000000000
69546  51.458  -39.642  12.189 0.0000000000
74880  59.526  -32.360  11.417 0.0000000000
88447  56.706  -40.901  14.721 0.0000000000
88448  56.830  -40.564  14.307 0.0000000000
88449  56.287  -40.885  14.504 0.0000000000
88450  54.793  -41.301  14.451 0.0000000000
88451  55.355  -40.893  14.221 0.0000000000
88452  54.886  -40.958  14.074 0.0000000000
88453  55.019  -40.597  13.707 0.0000000000
88454  54.404  -40.975  13.926 0.0000000000
88458  51.833  -41.582  14.180 0.0000000000
88459  52.492  -41.649  14.307 0.0000000000
88460  52.564  -41.289  13.932 0.0000000000
88461  53.249  -40.897  13.698 0.0000000000
88462  52.635  -40.852  13.562 0.0000000000
88463  52.663  -40.436  13.195 0.0000000000
88464  51.991  -40.836  13.416 0.0000000000
88465  49.932  -41.210  13.493 0.0000000000
88466  50.650  -40.813  13.192 0.0000000000
88467  49.994  -40.829  13.072 0.0000000000
88468  50.084  -40.450  12.710 0.0000000000
88469  49.386  -40.860  12.938 0.0000000000
88987  60.976  -31.861  10.887 0.0000000000
88988  61.189  -31.513  10.361 0.0000000000
88989  61.727  -31.589  10.604 0.0000000000
88990  63.800  -31.115  10.421 0.0000000000
88991  63.222  -31.042  10.154 0.0000000000
88992  63.954  -30.791  9.915 0.0000000000
88993  64.117  -30.490  9.397 0.0000000000
88994  64.657  -30.636  9.615 0.0000000000
88995  65.232  -32.317  11.049 0.0000000000
88996  64.952  -31.907  10.976 0.0000000000
88997  65.351  -31.940  10.533 0.0000000000
88998  66.036  -31.381  8.957 0.0000000000
88999  65.737  -31.205  9.485 0.0000000000
89000  65.905  -30.968  8.940 0.0000000000
89001  65.667  -30.590  8.874 0.0000000000
89002  66.061  -30.632  8.331 0.0000000000
89003  66.093  -30.359  7.755 0.0000000000
89004  66.234  -30.782  7.773 0.0000000000
89013  64.136  -34.970  8.837 0.0000000000
89014  64.556  -34.956  9.323 0.0000000000
89015  64.616  -34.634  8.806 0.0000000000
89016  65.092  -34.243  8.784 0.0000000000
89017  64.704  -34.276  8.243 0.0000000000
89018  62.330  -35.311  7.012 0.0000000000
89019  62.844  -35.319  7.326 0.0000000000
93384  60.690  -30.150  8.325 0.0000000000
93385  60.411  -30.566  8.859 0.0000000000
93386  60.989  -30.680  9.060 0.0000000000
93387  61.561  -30.765  9.306 0.0000000000
93388  59.903  -39.310  13.441 0.0000000000
93389  59.887  -38.932  12.967 0.0000000000
93390  59.362  -39.129  13.187 0.0000000000
93391  58.876  -39.047  12.948 0.0000000000
93392  58.362  -39.004  12.718 0.0000000000
93393  57.914  -38.962  12.521 0.0000000000
93394  57.933  -39.277  12.955 0.0000000000
93395  57.529  -39.572  13.200 0.0000000000
93396  57.100  -39.899  13.549 0.0000000000
97303  51.054  -38.761  10.790 0.0000000000
97304  50.848  -38.585  10.314 0.0000000000
97305  50.387  -38.818  10.725 0.0000000000
97306  49.752  -38.873  10.668 0.0000000000
101608  62.458  -37.333  11.646 0.0000000000
101609  61.949  -37.213  11.289 0.0000000000
101610  59.685  -37.783  10.984 0.0000000000
101611  60.114  -37.521  10.839 0.0000000000
101612  59.678  -37.565  10.485 0.0000000000
101613  59.630  -37.435  10.006 0.0000000000
101614  59.628  -37.335  9.513 0.0000000000
101615  59.656  -37.170  8.959 0.0000000000
101616  59.139  -37.448  9.192 0.0000000000
101617  58.617  -37.478  8.859 0.0000000000
101618  57.983  -37.458  8.547 0.0000000000
101619  57.326  -37.408  8.266 0.0000000000
101620  57.475  -37.652  8.864 0.0000000000
101621  56.975  -37.819  9.186 0.0000000000
101622  56.501  -37.980  9.527 0.0000000000
101623  56.053  -38.954  11.826 0.0000000000
101624  55.873  -38.708  11.355 0.0000000000
101625  55.447  -38.911  11.713 0.0000000000
101626  54.825  -38.872  11.533 0.0000000000
101627  54.212  -38.823  11.357 0.0000000000
101628  53.547  -38.809  11.222 0.0000000000
101629  53.735  -39.043  11.746 0.0000000000
101630  53.225  -39.340  12.124 0.0000000000
101631  52.739  -39.677  12.475 0.0000000000
112973  55.718  -41.220  14.730 0.0000000000
112976  54.264  -41.671  14.665 0.0000000000
112981  51.124  -41.551  14.089 0.0000000000
112982  51.218  -41.214  13.707 0.0000000000
112983  50.511  -41.547  13.995 0.0000000000
113296  62.140  -31.942  11.374 0.0000000000
113297  62.288  -31.640  10.861 0.0000000000
113298  62.885  -31.673  11.152 0.0000000000
113299  63.602  -31.469  10.917 0.0000000000
113300  64.234  -31.302  10.640 0.0000000000
113301  65.789  -32.510  9.957 0.0000000000
113302  65.709  -32.010  10.038 0.0000000000
113303  65.967  -32.127  9.442 0.0000000000
113304  66.106  -31.814  8.915 0.0000000000
113305  66.188  -31.532  8.364 0.0000000000
113306  66.282  -31.249  7.796 0.0000000000
113307  66.245  -31.687  7.757 0.0000000000
113310  63.593  -35.936  9.854 0.0000000000
113311  64.065  -35.615  9.819 0.0000000000
113312  63.634  -35.633  9.354 0.0000000000
113313  63.716  -35.329  8.839 0.0000000000
113314  63.753  -35.050  8.292 0.0000000000
118060  61.460  -29.898  8.034 0.0000000000
118061  62.187  -29.664  7.764 0.0000000000
118062  62.912  -29.418  7.555 0.0000000000
118063  63.458  -29.532  7.805 0.0000000000
118064  63.988  -29.661  8.057 0.0000000000
118065  64.492  -29.822  8.306 0.0000000000
118066  61.696  -38.383  12.832 0.0000000000
118067  61.663  -38.051  12.366 0.0000000000
118068  61.222  -38.231  12.487 0.0000000000
118069  60.733  -38.125  12.134 0.0000000000
118070  60.233  -38.023  11.777 0.0000000000
118071  59.854  -38.590  12.500 0.0000000000
118072  59.774  -38.276  11.981 0.0000000000
118073  59.723  -38.006  11.466 0.0000000000
118074  59.233  -37.993  11.196 0.0000000000
118075  58.745  -38.018  10.908 0.0000000000
118076  58.275  -38.115  10.707 0.0000000000
118077  57.792  -38.147  10.494 0.0000000000
118078  57.833  -38.350  11.026 0.0000000000
118079  57.424  -38.546  11.319 0.0000000000
118080  57.001  -38.761  11.640 0.0000000000
118081  57.481  -39.013  12.322 0.0000000000
118082  57.014  -39.008  12.159 0.0000000000
118083  56.573  -38.988  11.974 0.0000000000
118084  56.167  -39.214  12.303 0.0000000000
118085  55.675  -39.520  12.640 0.0000000000
118086  55.220  -39.841  12.972 0.0000000000
127160  64.337  -32.251  11.825 0.0000000000
127162  65.069  -32.637  11.474 0.0000000000
127163  65.393  -32.778  10.984 0.0000000000
127166  65.646  -32.893  10.444 0.0000000000
127167  65.795  -33.008  9.926 0.0000000000
127168  65.843  -33.125  9.362 0.0000000000
127169  65.765  -33.253  8.809 0.0000000000
127170  61.749  -36.180  8.128 0.0000000000
127171  62.272  -35.906  7.954 0.0000000000
127172  61.801  -35.960  7.606 0.0000000000
127173  61.798  -35.616  7.142 0.0000000000
127201  52.932  -38.085  9.109 0.0000000000
136427  63.563  -36.214  10.379 0.0000000000
136428  63.093  -36.179  9.961 0.0000000000
136429  62.617  -36.184  9.508 0.0000000000
136430  62.109  -36.230  9.072 0.0000000000
136431  61.575  -37.726  11.912 0.0000000000
136432  61.499  -37.409  11.421 0.0000000000
136433  61.427  -37.125  10.906 0.0000000000
136434  60.516  -37.296  10.650 0.0000000000
136435  60.966  -37.062  10.505 0.0000000000
136436  61.481  -36.830  10.398 0.0000000000
136437  61.516  -36.641  9.826 0.0000000000
136438  61.564  -36.448  9.260 0.0000000000
136439  61.662  -36.301  8.705 0.0000000000
136440  61.233  -36.412  8.339 0.0000000000
136441  60.695  -36.457  7.978 0.0000000000
136442  60.118  -36.473  7.622 0.0000000000
136443  59.659  -36.951  8.394 0.0000000000
136444  59.588  -36.705  7.828 0.0000000000
136445  59.452  -36.335  7.298 0.0000000000
136453  56.643  -37.391  8.044 0.0000000000
136454  56.000  -37.370  7.843 0.0000000000
136457  54.416  -37.769  8.422 0.0000000000
136458  53.925  -37.920  8.743 0.0000000000
136459  57.252  -38.186  10.295 0.0000000000
136460  56.666  -38.166  10.103 0.0000000000
136461  56.067  -38.149  9.907 0.0000000000
136462  55.721  -38.499  10.790 0.0000000000
136463  55.617  -38.310  10.237 0.0000000000
136464  55.445  -38.131  9.677 0.0000000000
136465  54.776  -38.113  9.481 0.0000000000
136466  54.119  -38.086  9.296 0.0000000000
136467  53.513  -38.071  9.170 0.0000000000
136468  53.081  -38.215  9.604 0.0000000000
136469  52.593  -38.365  10.037 0.0000000000
136470  52.131  -38.555  10.497 0.0000000000
136471  52.896  -38.778  11.094 0.0000000000
136472  52.296  -38.755  10.986 0.0000000000
136473  51.666  -38.765  10.898 0.0000000000
136474  51.196  -39.024  11.286 0.0000000000
136475  50.720  -39.351  11.653 0.0000000000
136476  50.247  -39.711  11.996 0.0000000000
143039  59.099  -32.014  10.692 0.0000000000
143040  59.905  -31.699  10.415 0.0000000000
143041  59.710  -32.077  10.925 0.0000000000
143042  60.229  -32.114  11.167 0.0000000000
143043  60.823  -32.154  11.360 0.0000000000
143046  61.426  -32.194  11.574 0.0000000000
143047  61.999  -32.226  11.880 0.0000000000
143114  61.313  -39.025  13.406 0.0000000000
143115  60.886  -39.256  13.552 0.0000000000
143118  60.451  -39.504  13.713 0.0000000000
143119  59.863  -39.711  13.884 0.0000000000
143120  59.347  -39.979  14.116 0.0000000000
143121  58.872  -40.245  14.350 0.0000000000
159305  58.317  -40.473  14.544 0.0000000000
159385  57.750  -40.720  14.736 0.0000000000
159386  57.848  -40.333  14.327 0.0000000000
159387  57.367  -40.240  14.114 0.0000000000
159388  56.941  -40.218  13.930 0.0000000000
159389  56.530  -40.196  13.754 0.0000000000
159390  55.842  -40.861  14.343 0.0000000000
159391  55.940  -40.514  13.976 0.0000000000
159392  56.096  -40.195  13.600 0.0000000000
159393  55.636  -40.225  13.470 0.0000000000
159394  55.129  -40.207  13.372 0.0000000000
159395  54.590  -40.167  13.235 0.0000000000
159398  53.724  -41.680  14.528 0.0000000000
159400  53.132  -41.695  14.427 0.0000000000
159401  53.817  -41.330  14.153 0.0000000000
159402  53.869  -40.930  13.813 0.0000000000
159403  53.947  -40.509  13.460 0.0000000000
159404  53.977  -40.118  13.085 0.0000000000
159405  53.340  -40.095  12.969 0.0000000000
159406  52.695  -40.059  12.825 0.0000000000
159407  52.027  -40.005  12.706 0.0000000000
159408  51.312  -40.831  13.310 0.0000000000
159409  51.389  -40.395  12.928 0.0000000000
159410  51.410  -40.000  12.581 0.0000000000
159411  50.791  -40.056  12.469 0.0000000000
159412  50.165  -40.091  12.368 0.0000000000
159413  49.552  -40.114  12.236 0.0000000000
159438  48.761  -40.933  12.821 0.0000000000
159439  48.843  -40.556  12.479 0.0000000000
159440  48.954  -40.180  12.093 0.0000000000
159441  48.363  -40.223  11.991 0.0000000000
160036  60.631  -31.419  10.113 0.0000000000
160037  61.346  -31.167  9.830 0.0000000000
160038  62.146  -30.850  9.576 0.0000000000
160039  62.468  -31.312  10.358 0.0000000000
160040  62.693  -30.944  9.867 0.0000000000
160041  62.916  -30.598  9.322 0.0000000000
160042  63.608  -30.392  9.080 0.0000000000
160043  64.310  -30.175  8.849 0.0000000000
160044  64.950  -30.032  8.546 0.0000000000
160045  64.464  -31.908  11.345 0.0000000000
160046  64.611  -31.567  10.825 0.0000000000
160047  64.828  -31.187  10.345 0.0000000000
160048  65.543  -31.547  10.002 0.0000000000
160049  65.314  -31.173  9.935 0.0000000000
160050  65.022  -30.869  9.803 0.0000000000
160051  65.197  -30.578  9.272 0.0000000000
160052  65.325  -30.276  8.746 0.0000000000
160053  65.468  -29.976  8.176 0.0000000000
160054  65.877  -29.993  7.720 0.0000000000
160069  65.367  -34.099  9.331 0.0000000000
160070  65.504  -33.717  8.808 0.0000000000
160071  65.572  -33.361  8.293 0.0000000000
160072  62.804  -35.565  7.854 0.0000000000
160073  63.320  -35.185  7.788 0.0000000000
160074  63.802  -34.821  7.722 0.0000000000
160076  63.870  -34.637  7.171 0.0000000000
160077  64.312  -34.411  7.705 0.0000000000
160078  64.820  -33.959  7.740 0.0000000000
160079  65.264  -33.529  7.767 0.0000000000
160080  65.589  -33.045  7.722 0.0000000000
