#!ascii label  , from subject fsaverage vox2ras=TkReg
1820
35  55.090  -38.408  27.538 0.0000000000
312  55.440  -51.309  30.772 0.0000000000
313  52.134  -47.726  24.287 0.0000000000
317  45.852  -34.667  27.292 0.0000000000
318  45.093  -37.150  17.710 0.0000000000
426  51.718  -31.869  32.196 0.0000000000
584  60.416  -40.176  27.528 0.0000000000
585  56.642  -44.022  20.651 0.0000000000
791  54.844  -50.855  36.417 0.0000000000
792  52.840  -52.888  32.864 0.0000000000
793  51.842  -51.723  28.847 0.0000000000
797  49.724  -37.477  28.042 0.0000000000
798  49.634  -37.862  23.008 0.0000000000
1293  51.711  -44.271  33.478 0.0000000000
1295  54.011  -41.413  32.710 0.0000000000
1296  59.078  -40.657  32.514 0.0000000000
1297  56.115  -42.007  27.317 0.0000000000
1298  58.742  -42.791  23.575 0.0000000000
1299  55.288  -44.210  25.014 0.0000000000
1713  53.819  -47.835  34.753 0.0000000000
1714  54.132  -47.858  30.130 0.0000000000
1715  53.133  -47.076  26.904 0.0000000000
1716  53.490  -49.819  27.277 0.0000000000
1717  49.993  -49.995  25.522 0.0000000000
1725  44.688  -36.943  23.050 0.0000000000
1726  50.434  -36.853  17.918 0.0000000000
1955  48.314  -33.424  30.228 0.0000000000
2391  61.591  -39.710  23.357 0.0000000000
2394  52.712  -45.406  23.164 0.0000000000
2717  52.273  -38.186  27.832 0.0000000000
2718  52.079  -38.329  25.351 0.0000000000
2719  55.074  -38.492  24.940 0.0000000000
2721  57.745  -38.286  25.301 0.0000000000
3213  51.901  -44.208  31.063 0.0000000000
3214  52.360  -42.719  33.165 0.0000000000
3215  52.864  -42.408  30.470 0.0000000000
3216  54.860  -41.385  29.940 0.0000000000
3217  54.328  -42.763  28.066 0.0000000000
3218  55.897  -43.278  26.345 0.0000000000
3813  55.654  -51.110  33.813 0.0000000000
3814  54.922  -49.466  35.633 0.0000000000
3815  55.462  -49.489  32.861 0.0000000000
3816  53.921  -47.820  32.421 0.0000000000
3817  55.608  -49.434  30.200 0.0000000000
3818  54.904  -49.198  28.426 0.0000000000
3819  54.563  -50.782  28.877 0.0000000000
3821  50.803  -50.825  27.064 0.0000000000
3832  44.623  -33.071  26.399 0.0000000000
3833  43.583  -34.604  24.881 0.0000000000
3834  45.042  -35.955  25.298 0.0000000000
3836  49.890  -37.496  20.472 0.0000000000
4292  51.181  -30.848  29.995 0.0000000000
4293  49.229  -31.260  29.392 0.0000000000
4294  49.939  -32.757  31.326 0.0000000000
4295  49.696  -35.036  31.355 0.0000000000
4296  51.058  -34.210  32.748 0.0000000000
5328  59.860  -40.702  30.082 0.0000000000
5332  62.186  -38.908  27.614 0.0000000000
5333  62.006  -38.446  25.435 0.0000000000
5334  60.948  -39.951  25.205 0.0000000000
5335  57.797  -43.597  21.833 0.0000000000
5336  59.597  -42.538  21.341 0.0000000000
5337  58.372  -43.182  19.498 0.0000000000
5339  57.070  -43.473  18.482 0.0000000000
5340  52.944  -47.513  25.480 0.0000000000
5341  52.583  -46.197  25.132 0.0000000000
5342  52.382  -46.657  23.777 0.0000000000
6033  54.614  -52.399  34.825 0.0000000000
6034  54.263  -52.091  32.039 0.0000000000
6035  53.467  -51.571  29.986 0.0000000000
6036  52.592  -52.462  30.586 0.0000000000
6043  47.546  -36.263  27.882 0.0000000000
6044  47.107  -37.072  25.485 0.0000000000
6045  49.528  -37.827  25.544 0.0000000000
6046  52.457  -37.990  22.694 0.0000000000
6938  53.594  -42.042  35.395 0.0000000000
6939  55.249  -40.625  34.832 0.0000000000
6940  57.718  -40.135  34.959 0.0000000000
6941  56.399  -40.768  32.406 0.0000000000
6942  57.318  -40.895  29.746 0.0000000000
6943  57.996  -41.117  27.122 0.0000000000
6944  58.998  -41.334  25.144 0.0000000000
6945  57.631  -42.620  25.667 0.0000000000
6946  57.062  -43.521  24.238 0.0000000000
6947  56.008  -44.231  22.862 0.0000000000
6948  50.526  -47.847  23.464 0.0000000000
6949  51.557  -46.803  22.735 0.0000000000
6975  48.038  -36.101  15.333 0.0000000000
7838  52.240  -46.067  33.828 0.0000000000
7839  52.330  -46.034  31.706 0.0000000000
7840  52.896  -46.130  29.597 0.0000000000
7842  53.954  -47.799  28.436 0.0000000000
7843  53.786  -48.401  26.999 0.0000000000
7844  52.819  -48.653  25.825 0.0000000000
7845  52.641  -50.844  28.054 0.0000000000
7846  51.824  -49.738  26.406 0.0000000000
7847  51.044  -48.714  24.867 0.0000000000
7865  44.855  -37.392  20.362 0.0000000000
7866  46.996  -37.675  22.934 0.0000000000
7867  47.253  -37.615  20.357 0.0000000000
7868  47.718  -37.042  17.806 0.0000000000
8460  45.980  -32.226  27.485 0.0000000000
8462  47.503  -31.632  28.470 0.0000000000
8463  47.021  -34.048  28.888 0.0000000000
8464  48.492  -35.718  29.637 0.0000000000
8465  50.627  -37.015  29.894 0.0000000000
9695  54.049  -30.501  32.781 0.0000000000
9697  54.671  -31.169  34.548 0.0000000000
9698  52.742  -32.701  33.793 0.0000000000
9729  60.632  -37.845  25.347 0.0000000000
9732  60.102  -41.247  23.106 0.0000000000
9733  60.934  -40.826  21.317 0.0000000000
9739  53.964  -44.824  24.207 0.0000000000
9740  54.609  -44.656  22.060 0.0000000000
9741  52.250  -45.787  22.022 0.0000000000
9743  55.029  -44.133  19.876 0.0000000000
10397  53.635  -38.376  27.747 0.0000000000
10398  53.546  -38.440  26.408 0.0000000000
10399  55.046  -38.490  26.301 0.0000000000
10400  56.390  -38.396  25.110 0.0000000000
10401  56.415  -38.459  26.429 0.0000000000
10893  52.297  -44.220  29.897 0.0000000000
10894  52.176  -43.262  30.655 0.0000000000
10895  52.741  -43.294  29.491 0.0000000000
10896  53.406  -42.517  29.169 0.0000000000
11493  55.661  -51.259  32.252 0.0000000000
11494  55.809  -50.352  33.282 0.0000000000
11495  55.881  -50.442  31.728 0.0000000000
11496  55.574  -49.461  31.500 0.0000000000
11497  55.800  -50.399  30.359 0.0000000000
11498  55.428  -50.281  29.353 0.0000000000
11499  55.086  -51.077  29.766 0.0000000000
11512  45.202  -33.873  26.820 0.0000000000
11513  44.671  -34.568  26.047 0.0000000000
11514  45.395  -35.289  26.328 0.0000000000
11972  51.485  -31.350  31.100 0.0000000000
11973  50.505  -31.699  30.731 0.0000000000
11974  50.812  -32.313  31.800 0.0000000000
11975  50.442  -33.485  32.133 0.0000000000
11976  51.272  -32.987  32.684 0.0000000000
13008  60.210  -40.419  28.827 0.0000000000
13009  61.020  -40.171  30.167 0.0000000000
13010  61.308  -39.789  28.974 0.0000000000
13012  61.488  -39.595  27.579 0.0000000000
13013  61.692  -39.422  26.481 0.0000000000
13014  60.649  -40.054  26.326 0.0000000000
13015  57.176  -43.848  21.170 0.0000000000
13016  58.106  -43.515  20.640 0.0000000000
13017  57.408  -43.574  20.003 0.0000000000
13018  57.689  -43.306  18.891 0.0000000000
13019  56.876  -43.799  19.543 0.0000000000
13020  52.736  -47.648  24.801 0.0000000000
13021  52.609  -47.098  24.600 0.0000000000
13022  52.447  -47.291  23.921 0.0000000000
13895  53.845  -52.713  33.884 0.0000000000
13896  54.579  -52.298  33.329 0.0000000000
13897  53.607  -52.512  32.396 0.0000000000
13898  53.372  -52.220  31.345 0.0000000000
13899  52.745  -52.672  31.717 0.0000000000
13912  48.549  -36.900  28.049 0.0000000000
13913  48.388  -37.232  26.774 0.0000000000
13914  49.613  -37.710  26.784 0.0000000000
13915  53.661  -38.332  23.832 0.0000000000
13916  52.237  -38.235  23.998 0.0000000000
13917  53.884  -38.080  22.540 0.0000000000
15398  51.998  -44.410  34.789 0.0000000000
15400  52.081  -43.733  34.648 0.0000000000
15401  53.082  -42.066  32.943 0.0000000000
15402  52.937  -42.394  34.233 0.0000000000
15403  53.625  -41.641  33.977 0.0000000000
15404  54.261  -41.229  35.032 0.0000000000
15405  54.618  -40.999  33.804 0.0000000000
15406  55.792  -40.614  33.640 0.0000000000
15407  55.127  -40.955  32.531 0.0000000000
15408  55.462  -41.613  28.520 0.0000000000
15409  56.083  -41.103  29.748 0.0000000000
15410  56.525  -41.274  28.356 0.0000000000
15411  57.672  -40.956  28.406 0.0000000000
15412  56.955  -41.595  27.107 0.0000000000
15413  57.668  -41.838  26.250 0.0000000000
15414  56.898  -42.296  26.495 0.0000000000
15415  55.660  -43.726  25.642 0.0000000000
15416  56.559  -43.428  25.261 0.0000000000
15417  56.138  -43.781  24.476 0.0000000000
15418  56.523  -43.867  23.383 0.0000000000
15419  55.616  -44.247  23.818 0.0000000000
17201  54.483  -48.635  35.254 0.0000000000
17202  54.146  -48.470  36.338 0.0000000000
17203  53.734  -47.845  35.863 0.0000000000
17205  53.092  -47.002  35.300 0.0000000000
17206  52.411  -46.048  34.923 0.0000000000
17207  53.010  -46.985  34.242 0.0000000000
17208  54.000  -47.813  31.191 0.0000000000
17209  53.079  -46.967  32.031 0.0000000000
17210  53.248  -47.068  30.949 0.0000000000
17211  52.582  -46.091  30.651 0.0000000000
17212  53.419  -47.024  29.953 0.0000000000
17213  53.610  -47.039  29.082 0.0000000000
17214  54.197  -47.887  29.248 0.0000000000
17215  54.345  -49.559  27.759 0.0000000000
17216  54.311  -48.854  27.667 0.0000000000
17217  53.879  -49.067  27.065 0.0000000000
17218  53.472  -48.532  26.390 0.0000000000
17219  53.111  -49.246  26.543 0.0000000000
17220  52.678  -51.591  29.369 0.0000000000
17221  53.008  -51.234  28.947 0.0000000000
17222  52.259  -51.254  28.495 0.0000000000
17223  50.385  -50.382  26.324 0.0000000000
17224  51.361  -50.296  26.804 0.0000000000
17225  50.889  -49.803  26.000 0.0000000000
17226  51.418  -49.203  25.651 0.0000000000
17227  50.480  -49.379  25.196 0.0000000000
17228  50.150  -48.969  24.405 0.0000000000
17229  49.599  -49.580  24.672 0.0000000000
17260  43.936  -35.959  24.164 0.0000000000
17261  43.204  -35.292  24.015 0.0000000000
17262  43.754  -36.474  23.078 0.0000000000
17263  43.676  -36.916  21.793 0.0000000000
17264  44.754  -37.283  21.762 0.0000000000
17265  48.259  -37.673  24.271 0.0000000000
17266  46.996  -37.394  24.242 0.0000000000
17267  48.262  -37.763  23.002 0.0000000000
17268  50.176  -37.241  19.125 0.0000000000
17269  48.530  -37.604  20.365 0.0000000000
17270  48.801  -37.329  19.084 0.0000000000
17271  47.479  -37.388  19.116 0.0000000000
17272  49.023  -36.942  17.903 0.0000000000
17273  49.303  -36.461  16.704 0.0000000000
17274  50.713  -36.374  16.740 0.0000000000
18635  45.532  -31.290  26.872 0.0000000000
18636  46.340  -30.933  27.268 0.0000000000
18640  48.678  -32.298  29.940 0.0000000000
18641  48.341  -31.401  28.890 0.0000000000
18642  47.839  -32.572  29.417 0.0000000000
18643  47.153  -32.856  28.865 0.0000000000
18644  47.641  -33.745  29.587 0.0000000000
18645  47.701  -34.914  29.339 0.0000000000
18646  48.244  -34.610  30.077 0.0000000000
18647  50.589  -35.739  31.667 0.0000000000
18648  50.014  -36.115  30.736 0.0000000000
18649  51.143  -36.731  30.851 0.0000000000
18650  51.810  -37.459  29.851 0.0000000000
21681  53.755  -31.905  34.104 0.0000000000
21743  58.488  -40.428  33.714 0.0000000000
21758  59.766  -37.999  26.344 0.0000000000
21759  61.122  -37.767  26.459 0.0000000000
21760  61.843  -39.028  24.355 0.0000000000
21761  61.833  -38.222  24.466 0.0000000000
21762  61.893  -38.842  23.506 0.0000000000
21765  58.875  -42.088  24.351 0.0000000000
21766  59.566  -41.317  24.148 0.0000000000
21767  59.476  -42.067  23.297 0.0000000000
21768  59.796  -42.194  20.366 0.0000000000
21769  60.233  -41.710  21.376 0.0000000000
21783  52.601  -45.789  24.171 0.0000000000
21784  53.052  -45.383  24.814 0.0000000000
21785  53.264  -45.142  23.741 0.0000000000
21786  54.306  -44.768  23.111 0.0000000000
21787  53.594  -44.991  22.567 0.0000000000
21789  51.979  -46.365  22.410 0.0000000000
21794  54.006  -44.410  20.526 0.0000000000
23323  50.940  -37.868  27.964 0.0000000000
23324  50.844  -38.076  26.725 0.0000000000
23325  52.181  -38.323  26.590 0.0000000000
23326  53.512  -38.407  25.140 0.0000000000
23327  55.198  -38.335  23.598 0.0000000000
23329  56.411  -38.304  23.746 0.0000000000
23330  57.729  -38.182  23.936 0.0000000000
23331  58.904  -38.053  24.209 0.0000000000
24215  51.663  -44.207  32.215 0.0000000000
24216  51.835  -43.449  33.237 0.0000000000
24217  51.892  -43.278  31.955 0.0000000000
24218  52.532  -42.515  31.810 0.0000000000
24219  53.406  -41.833  31.610 0.0000000000
24220  54.393  -41.353  31.387 0.0000000000
24221  53.784  -41.777  30.231 0.0000000000
24222  54.397  -41.921  28.868 0.0000000000
24223  55.177  -42.353  27.697 0.0000000000
24224  56.018  -42.632  26.860 0.0000000000
24225  55.141  -43.025  27.233 0.0000000000
24226  55.006  -43.660  26.753 0.0000000000
24227  54.733  -44.198  26.162 0.0000000000
25295  55.365  -51.014  35.221 0.0000000000
25296  54.970  -50.138  36.012 0.0000000000
25297  55.543  -50.268  34.726 0.0000000000
25298  55.276  -49.464  34.329 0.0000000000
25299  54.612  -48.655  33.980 0.0000000000
25300  53.831  -47.836  33.586 0.0000000000
25301  54.763  -48.610  32.671 0.0000000000
25302  54.857  -48.531  31.356 0.0000000000
25303  54.919  -48.608  30.274 0.0000000000
25304  54.849  -48.579  29.283 0.0000000000
25305  55.421  -49.433  29.232 0.0000000000
25306  54.859  -49.959  28.509 0.0000000000
25307  53.980  -50.311  28.041 0.0000000000
25308  50.956  -51.747  28.334 0.0000000000
25309  51.392  -51.276  27.894 0.0000000000
25310  50.388  -51.382  27.414 0.0000000000
25311  49.906  -51.032  26.633 0.0000000000
25330  44.039  -32.174  25.978 0.0000000000
25332  44.045  -33.857  25.713 0.0000000000
25333  44.270  -35.317  25.167 0.0000000000
25334  44.843  -36.507  24.218 0.0000000000
25335  51.251  -37.717  21.577 0.0000000000
25336  49.737  -37.704  21.711 0.0000000000
25337  51.427  -37.409  20.444 0.0000000000
26160  50.172  -31.041  29.689 0.0000000000
26161  49.560  -31.996  30.375 0.0000000000
26162  49.098  -33.140  30.783 0.0000000000
26163  48.933  -34.260  30.836 0.0000000000
26164  49.639  -33.940  31.530 0.0000000000
26165  50.379  -34.674  32.125 0.0000000000
26166  51.182  -35.403  32.456 0.0000000000
28022  59.447  -40.718  31.326 0.0000000000
28031  61.961  -38.022  26.454 0.0000000000
28032  62.179  -38.673  26.409 0.0000000000
28033  61.782  -39.190  25.333 0.0000000000
28034  61.215  -39.836  24.118 0.0000000000
28035  58.311  -43.298  22.668 0.0000000000
28036  59.252  -42.710  22.406 0.0000000000
28037  58.727  -43.115  21.451 0.0000000000
28038  59.014  -42.891  20.336 0.0000000000
28039  59.272  -42.565  19.296 0.0000000000
28041  58.651  -42.904  18.440 0.0000000000
28044  53.075  -47.223  26.256 0.0000000000
28046  52.693  -46.865  25.332 0.0000000000
28047  52.430  -46.451  24.443 0.0000000000
28048  52.395  -46.007  23.524 0.0000000000
29437  54.969  -51.722  35.738 0.0000000000
29438  55.193  -51.799  34.281 0.0000000000
29439  55.127  -51.780  32.882 0.0000000000
29440  54.789  -51.704  31.454 0.0000000000
29441  54.457  -51.539  30.344 0.0000000000
29442  53.912  -51.827  30.956 0.0000000000
29443  53.066  -51.919  30.306 0.0000000000
29444  52.226  -52.081  29.699 0.0000000000
29445  51.874  -52.752  31.200 0.0000000000
29446  51.643  -52.507  30.112 0.0000000000
29447  51.370  -52.153  29.213 0.0000000000
29461  46.609  -35.500  27.681 0.0000000000
29462  46.315  -36.031  26.558 0.0000000000
29463  47.282  -36.671  26.699 0.0000000000
29464  48.287  -37.470  25.544 0.0000000000
29465  49.593  -37.864  24.274 0.0000000000
29466  50.816  -38.135  25.439 0.0000000000
29467  50.905  -38.071  24.124 0.0000000000
29468  51.022  -37.930  22.818 0.0000000000
30111  52.497  -30.948  31.483 0.0000000000
31546  52.338  -43.141  34.555 0.0000000000
31551  55.828  -40.303  36.081 0.0000000000
31552  56.985  -39.914  36.182 0.0000000000
31553  56.462  -40.282  34.798 0.0000000000
31554  57.082  -40.440  33.620 0.0000000000
31555  57.770  -40.681  32.430 0.0000000000
31556  55.630  -41.063  31.164 0.0000000000
31557  56.968  -40.889  31.070 0.0000000000
31558  58.266  -40.832  31.176 0.0000000000
31559  58.654  -40.807  29.964 0.0000000000
31560  58.931  -40.720  28.586 0.0000000000
31561  59.120  -40.672  27.283 0.0000000000
31562  59.486  -40.723  26.259 0.0000000000
31563  58.481  -41.261  26.115 0.0000000000
31564  58.286  -41.998  25.337 0.0000000000
31565  58.218  -42.767  24.702 0.0000000000
31566  56.785  -42.932  25.983 0.0000000000
31567  57.465  -43.167  25.021 0.0000000000
31568  57.970  -43.288  23.941 0.0000000000
31569  57.412  -43.562  22.978 0.0000000000
31570  56.872  -43.907  22.302 0.0000000000
31571  56.314  -44.148  21.841 0.0000000000
31572  51.308  -47.722  23.875 0.0000000000
31573  51.779  -47.279  23.502 0.0000000000
31574  51.058  -47.242  23.076 0.0000000000
31575  50.887  -46.762  22.325 0.0000000000
31635  46.465  -36.742  16.470 0.0000000000
33891  52.038  -45.205  34.852 0.0000000000
33892  51.825  -45.148  33.645 0.0000000000
33893  53.022  -46.944  33.112 0.0000000000
33894  52.253  -46.115  32.745 0.0000000000
33895  51.771  -45.140  32.484 0.0000000000
33896  51.949  -45.121  31.364 0.0000000000
33897  52.282  -45.191  30.301 0.0000000000
33902  53.567  -47.540  27.660 0.0000000000
33903  54.487  -48.520  28.428 0.0000000000
33904  53.977  -48.227  27.633 0.0000000000
33905  53.471  -47.726  27.029 0.0000000000
33906  53.360  -47.954  26.319 0.0000000000
33907  53.139  -48.007  25.640 0.0000000000
33908  52.455  -48.112  25.045 0.0000000000
33909  53.968  -51.258  29.410 0.0000000000
33910  53.489  -50.868  28.515 0.0000000000
33911  53.045  -50.392  27.589 0.0000000000
33912  51.914  -50.768  27.616 0.0000000000
33913  52.160  -50.310  27.245 0.0000000000
33914  52.691  -49.810  26.829 0.0000000000
33915  52.327  -49.235  26.077 0.0000000000
33916  51.939  -48.636  25.353 0.0000000000
33917  51.587  -48.148  24.578 0.0000000000
33918  50.727  -48.304  24.181 0.0000000000
33919  49.860  -48.540  23.706 0.0000000000
33964  43.737  -37.174  20.451 0.0000000000
33965  44.978  -37.356  19.035 0.0000000000
33966  46.014  -36.521  25.423 0.0000000000
33967  45.864  -37.056  24.227 0.0000000000
33968  45.830  -37.409  22.979 0.0000000000
33969  48.374  -37.788  21.679 0.0000000000
33970  47.106  -37.744  21.621 0.0000000000
33971  45.863  -37.551  21.650 0.0000000000
33972  46.002  -37.532  20.348 0.0000000000
33973  46.213  -37.373  19.020 0.0000000000
33974  46.395  -37.122  17.740 0.0000000000
33975  47.856  -36.609  16.595 0.0000000000
33976  49.497  -35.907  15.467 0.0000000000
35656  44.740  -31.686  26.396 0.0000000000
35657  45.276  -32.612  26.953 0.0000000000
35658  45.812  -33.447  27.523 0.0000000000
35663  48.044  -30.443  28.060 0.0000000000
35664  47.176  -30.595  27.650 0.0000000000
35665  46.723  -31.867  28.007 0.0000000000
35666  46.485  -33.107  28.229 0.0000000000
35667  46.426  -34.343  28.106 0.0000000000
35668  47.160  -35.200  28.554 0.0000000000
35669  48.001  -36.037  28.773 0.0000000000
35670  48.972  -36.672  28.973 0.0000000000
35671  49.097  -35.390  30.517 0.0000000000
35672  49.476  -36.410  29.856 0.0000000000
35673  50.123  -37.262  28.974 0.0000000000
35674  51.368  -37.703  28.895 0.0000000000
35675  52.657  -38.038  28.823 0.0000000000
39323  52.886  -31.139  32.409 0.0000000000
39330  54.343  -30.746  33.724 0.0000000000
39331  53.283  -31.459  33.335 0.0000000000
39332  52.195  -32.206  33.074 0.0000000000
39333  51.896  -33.454  33.346 0.0000000000
39423  58.150  -38.294  26.407 0.0000000000
39424  59.270  -38.047  25.264 0.0000000000
39425  60.158  -37.883  24.285 0.0000000000
39426  61.613  -37.870  25.434 0.0000000000
39427  61.309  -37.836  24.386 0.0000000000
39432  59.926  -40.692  25.128 0.0000000000
39433  60.384  -40.560  24.019 0.0000000000
39434  60.831  -40.492  23.120 0.0000000000
39435  59.961  -41.962  22.281 0.0000000000
39436  60.577  -41.085  22.192 0.0000000000
39437  61.241  -40.307  22.275 0.0000000000
39455  54.675  -44.552  24.552 0.0000000000
39456  55.015  -44.513  23.489 0.0000000000
39457  55.364  -44.474  22.521 0.0000000000
39458  55.682  -44.360  21.440 0.0000000000
39459  52.131  -46.833  23.187 0.0000000000
39460  52.235  -46.189  22.931 0.0000000000
39461  52.425  -45.627  22.499 0.0000000000
39464  52.980  -45.143  22.006 0.0000000000
39465  53.811  -44.761  21.517 0.0000000000
39466  54.819  -44.427  20.973 0.0000000000
39467  55.928  -44.223  20.219 0.0000000000
39468  56.114  -43.879  19.240 0.0000000000
41117  54.377  -38.397  27.583 0.0000000000
41118  54.333  -38.457  26.995 0.0000000000
41119  55.079  -38.456  26.937 0.0000000000
41120  55.710  -38.484  26.367 0.0000000000
41121  55.717  -38.458  26.988 0.0000000000
41614  52.495  -43.740  29.660 0.0000000000
41616  53.068  -43.344  28.976 0.0000000000
42213  55.544  -51.303  31.483 0.0000000000
42214  55.829  -50.918  31.962 0.0000000000
42215  55.751  -50.938  31.207 0.0000000000
42216  55.850  -50.453  30.995 0.0000000000
42217  55.624  -50.877  30.502 0.0000000000
42218  55.503  -50.783  30.021 0.0000000000
42219  55.227  -51.192  30.252 0.0000000000
42232  45.506  -34.306  27.064 0.0000000000
42233  45.264  -34.624  26.622 0.0000000000
42234  45.623  -34.989  26.807 0.0000000000
42692  51.593  -31.590  31.679 0.0000000000
42693  51.101  -31.786  31.503 0.0000000000
42694  51.249  -32.085  32.039 0.0000000000
42695  51.020  -32.638  32.277 0.0000000000
42696  51.454  -32.386  32.516 0.0000000000
43728  60.331  -40.283  28.199 0.0000000000
43729  60.771  -40.111  28.941 0.0000000000
43730  60.860  -39.981  28.309 0.0000000000
43731  61.401  -39.693  28.316 0.0000000000
43732  60.984  -39.886  27.566 0.0000000000
43733  61.074  -39.802  26.959 0.0000000000
43734  60.547  -40.114  26.905 0.0000000000
43735  56.912  -43.934  20.893 0.0000000000
43736  57.294  -43.767  20.595 0.0000000000
43737  57.058  -43.820  20.323 0.0000000000
43738  57.154  -43.646  19.748 0.0000000000
43739  56.798  -43.935  20.095 0.0000000000
43740  52.491  -47.688  24.486 0.0000000000
43741  52.588  -47.477  24.318 0.0000000000
43742  52.340  -47.491  24.050 0.0000000000
44614  53.452  -52.969  34.156 0.0000000000
44615  53.351  -52.834  33.342 0.0000000000
44616  53.752  -52.613  33.143 0.0000000000
44617  53.197  -52.743  32.598 0.0000000000
44618  53.159  -52.603  32.034 0.0000000000
44619  52.775  -52.795  32.282 0.0000000000
44632  49.117  -37.196  28.080 0.0000000000
44633  49.071  -37.378  27.419 0.0000000000
44634  49.672  -37.619  27.418 0.0000000000
44635  54.529  -38.235  23.061 0.0000000000
44636  53.807  -38.223  23.150 0.0000000000
46118  51.856  -44.339  34.124 0.0000000000
46119  52.028  -44.050  34.731 0.0000000000
46120  51.846  -43.949  34.061 0.0000000000
46121  53.524  -41.728  32.808 0.0000000000
46122  53.343  -41.856  33.437 0.0000000000
46123  53.803  -41.511  33.326 0.0000000000
46124  54.099  -41.303  33.828 0.0000000000
46125  54.320  -41.212  33.226 0.0000000000
46126  54.860  -40.966  33.155 0.0000000000
46127  54.538  -41.177  32.579 0.0000000000
46128  55.751  -41.811  27.866 0.0000000000
46129  55.983  -41.448  28.423 0.0000000000
46130  56.248  -41.621  27.774 0.0000000000
46131  56.738  -41.424  27.719 0.0000000000
46132  56.549  -41.819  27.184 0.0000000000
46133  56.939  -41.963  26.785 0.0000000000
46134  56.507  -42.137  26.923 0.0000000000
46135  55.496  -43.966  25.292 0.0000000000
46136  55.931  -43.761  25.032 0.0000000000
46137  55.717  -43.985  24.622 0.0000000000
46138  55.903  -44.012  24.110 0.0000000000
46139  55.456  -44.209  24.398 0.0000000000
47921  54.156  -48.229  35.007 0.0000000000
47922  54.091  -48.222  35.599 0.0000000000
47923  53.791  -47.836  35.321 0.0000000000
47924  53.456  -47.435  35.544 0.0000000000
47925  53.443  -47.434  35.035 0.0000000000
47926  53.038  -47.002  34.768 0.0000000000
47927  53.393  -47.422  34.478 0.0000000000
47928  54.068  -47.846  30.657 0.0000000000
47929  53.601  -47.467  31.084 0.0000000000
47930  53.704  -47.508  30.556 0.0000000000
47931  53.327  -47.057  30.443 0.0000000000
47932  53.743  -47.497  30.049 0.0000000000
47933  53.838  -47.484  29.602 0.0000000000
47934  54.178  -47.879  29.676 0.0000000000
47935  53.951  -49.730  27.536 0.0000000000
47936  54.081  -49.340  27.423 0.0000000000
47937  53.702  -49.494  27.146 0.0000000000
47938  53.514  -49.199  26.792 0.0000000000
47939  53.291  -49.540  26.911 0.0000000000
47940  52.244  -51.632  29.101 0.0000000000
47941  52.483  -51.422  28.924 0.0000000000
47942  52.028  -51.478  28.658 0.0000000000
47943  50.187  -50.161  25.965 0.0000000000
47944  50.633  -50.113  26.179 0.0000000000
47945  50.434  -49.945  25.808 0.0000000000
47946  50.653  -49.612  25.617 0.0000000000
47947  50.229  -49.700  25.371 0.0000000000
47948  50.039  -49.470  24.935 0.0000000000
47949  49.795  -49.796  25.128 0.0000000000
47980  44.245  -36.491  23.643 0.0000000000
47981  43.817  -36.235  23.615 0.0000000000
47982  44.192  -36.766  23.015 0.0000000000
47983  44.181  -36.933  22.438 0.0000000000
47984  44.703  -37.138  22.403 0.0000000000
47985  48.924  -37.817  23.666 0.0000000000
47986  48.313  -37.761  23.607 0.0000000000
47987  48.939  -37.815  23.040 0.0000000000
47988  50.332  -37.073  18.499 0.0000000000
47989  49.447  -37.299  19.098 0.0000000000
47990  49.615  -37.112  18.476 0.0000000000
47991  48.898  -37.147  18.487 0.0000000000
47992  49.719  -36.895  17.911 0.0000000000
47993  49.851  -36.669  17.341 0.0000000000
47994  50.532  -36.614  17.358 0.0000000000
49355  46.166  -30.454  26.952 0.0000000000
49360  48.464  -32.852  30.125 0.0000000000
49361  48.234  -32.438  29.666 0.0000000000
49362  48.058  -32.994  29.836 0.0000000000
49363  47.699  -33.140  29.569 0.0000000000
49364  47.962  -33.578  29.920 0.0000000000
49365  47.936  -34.180  29.854 0.0000000000
49366  48.252  -34.026  30.213 0.0000000000
49367  51.140  -36.113  31.744 0.0000000000
49368  50.830  -36.276  31.284 0.0000000000
52463  58.806  -40.578  33.106 0.0000000000
52464  59.112  -40.374  33.777 0.0000000000
52465  59.422  -40.485  33.177 0.0000000000
52480  61.699  -39.338  23.818 0.0000000000
52481  61.880  -38.942  23.892 0.0000000000
52482  61.794  -39.290  23.401 0.0000000000
52483  61.885  -39.184  22.998 0.0000000000
52484  61.698  -39.618  22.921 0.0000000000
52485  58.856  -42.468  23.965 0.0000000000
52486  59.166  -42.074  23.825 0.0000000000
52487  59.114  -42.451  23.424 0.0000000000
52488  59.908  -42.036  19.817 0.0000000000
52489  60.168  -41.795  20.372 0.0000000000
52503  52.630  -45.568  23.650 0.0000000000
52504  52.854  -45.389  23.979 0.0000000000
52505  52.947  -45.257  23.451 0.0000000000
52506  53.433  -45.060  23.129 0.0000000000
52507  53.113  -45.168  22.877 0.0000000000
54232  51.595  -38.046  27.892 0.0000000000
54233  51.561  -38.148  27.292 0.0000000000
54234  52.210  -38.282  27.235 0.0000000000
54235  54.245  -38.503  25.704 0.0000000000
54236  53.523  -38.435  25.773 0.0000000000
54237  54.270  -38.449  25.015 0.0000000000
54238  54.340  -38.385  24.338 0.0000000000
54239  55.115  -38.423  24.265 0.0000000000
54240  55.797  -38.345  23.665 0.0000000000
54241  55.756  -38.399  24.333 0.0000000000
54242  57.066  -38.350  25.204 0.0000000000
54243  57.067  -38.279  24.544 0.0000000000
54244  57.722  -38.236  24.628 0.0000000000
54245  58.325  -38.136  24.014 0.0000000000
54246  58.360  -38.157  24.742 0.0000000000
55718  51.765  -44.210  31.626 0.0000000000
55719  51.725  -43.753  32.104 0.0000000000
55720  51.848  -43.729  31.479 0.0000000000
55721  52.477  -42.809  30.573 0.0000000000
55722  52.318  -42.845  31.215 0.0000000000
55723  52.670  -42.435  31.143 0.0000000000
55724  52.937  -42.153  31.718 0.0000000000
55725  53.112  -42.084  31.036 0.0000000000
55726  53.589  -41.793  30.907 0.0000000000
55727  53.298  -42.072  30.346 0.0000000000
55728  53.803  -42.626  28.594 0.0000000000
55729  53.849  -42.208  29.020 0.0000000000
55730  54.279  -42.344  28.439 0.0000000000
55731  54.792  -42.118  28.270 0.0000000000
55732  54.737  -42.554  27.920 0.0000000000
55733  55.171  -42.689  27.471 0.0000000000
55734  54.718  -42.906  27.650 0.0000000000
55736  54.655  -43.611  27.218 0.0000000000
55738  54.871  -43.927  26.478 0.0000000000
57518  55.565  -51.058  34.528 0.0000000000
57519  55.515  -50.633  34.976 0.0000000000
57520  55.662  -50.683  34.279 0.0000000000
57521  55.682  -49.921  33.008 0.0000000000
57522  55.600  -49.891  33.818 0.0000000000
57523  55.391  -49.488  33.569 0.0000000000
57524  54.972  -49.063  34.147 0.0000000000
57525  55.050  -49.058  33.479 0.0000000000
57526  54.714  -48.658  33.313 0.0000000000
57527  55.155  -49.051  32.782 0.0000000000
57528  55.611  -49.446  30.829 0.0000000000
57529  55.265  -48.999  31.422 0.0000000000
57530  55.272  -48.993  30.802 0.0000000000
57531  54.890  -48.562  30.775 0.0000000000
57532  55.316  -49.006  30.220 0.0000000000
57533  55.238  -49.028  29.732 0.0000000000
57534  55.493  -49.461  29.696 0.0000000000
57535  55.058  -50.635  29.106 0.0000000000
57536  55.142  -50.184  28.909 0.0000000000
57537  54.752  -50.422  28.675 0.0000000000
57538  54.457  -50.127  28.279 0.0000000000
57539  54.299  -50.585  28.439 0.0000000000
57541  50.687  -51.562  27.863 0.0000000000
57577  44.334  -32.665  26.148 0.0000000000
57578  44.009  -33.055  25.867 0.0000000000
57579  44.307  -33.466  26.059 0.0000000000
57580  44.793  -35.259  25.725 0.0000000000
57581  44.418  -34.928  25.607 0.0000000000
57582  44.629  -35.645  25.255 0.0000000000
57583  44.495  -35.936  24.734 0.0000000000
57584  44.926  -36.244  24.780 0.0000000000
57585  52.077  -37.555  20.973 0.0000000000
57586  51.329  -37.576  20.994 0.0000000000
58958  50.526  -30.562  29.346 0.0000000000
58959  50.657  -30.970  29.765 0.0000000000
58960  50.198  -32.191  31.069 0.0000000000
58961  50.023  -31.859  30.570 0.0000000000
58962  49.741  -32.389  30.860 0.0000000000
58963  49.310  -32.556  30.616 0.0000000000
58964  49.528  -32.961  31.052 0.0000000000
58965  49.378  -33.560  31.181 0.0000000000
58966  49.771  -33.350  31.467 0.0000000000
58967  50.734  -33.838  32.455 0.0000000000
58968  50.373  -34.081  32.153 0.0000000000
58969  50.708  -34.449  32.424 0.0000000000
58970  50.752  -35.048  32.324 0.0000000000
58971  51.098  -34.813  32.643 0.0000000000
62063  59.674  -40.730  30.700 0.0000000000
62064  60.098  -40.607  31.343 0.0000000000
62065  60.316  -40.571  30.749 0.0000000000
62078  62.278  -38.417  26.939 0.0000000000
62079  62.208  -38.789  27.023 0.0000000000
62080  61.296  -39.671  25.866 0.0000000000
62081  61.733  -39.284  25.900 0.0000000000
62082  61.401  -39.605  25.296 0.0000000000
62083  61.441  -39.543  24.719 0.0000000000
62084  61.078  -39.908  24.618 0.0000000000
62085  58.057  -43.403  22.215 0.0000000000
62086  58.531  -43.184  22.054 0.0000000000
62087  58.261  -43.340  21.597 0.0000000000
62088  58.227  -43.364  20.080 0.0000000000
62089  58.581  -43.218  20.424 0.0000000000
62090  58.696  -43.081  19.868 0.0000000000
62091  59.124  -42.716  19.810 0.0000000000
62092  58.840  -42.890  19.351 0.0000000000
62093  58.990  -42.743  18.816 0.0000000000
62094  58.530  -43.035  18.946 0.0000000000
62095  57.402  -43.399  18.683 0.0000000000
62096  57.848  -43.204  18.385 0.0000000000
62097  57.539  -43.291  18.193 0.0000000000
62100  53.006  -47.390  25.848 0.0000000000
62101  52.882  -47.046  25.749 0.0000000000
62102  52.815  -47.190  25.363 0.0000000000
62103  52.509  -46.892  24.167 0.0000000000
62104  52.491  -46.759  24.540 0.0000000000
62105  52.459  -46.557  24.064 0.0000000000
62106  52.453  -46.234  23.957 0.0000000000
62107  52.375  -46.325  23.660 0.0000000000
64721  54.278  -52.602  35.108 0.0000000000
64723  54.528  -52.299  35.590 0.0000000000
64724  54.712  -51.963  36.061 0.0000000000
64725  54.831  -52.069  35.312 0.0000000000
64726  55.112  -51.782  35.007 0.0000000000
64727  54.942  -52.079  34.540 0.0000000000
64728  54.442  -52.204  32.634 0.0000000000
64729  54.884  -52.034  33.100 0.0000000000
64730  54.732  -51.978  32.449 0.0000000000
64731  54.956  -51.765  32.232 0.0000000000
64732  54.531  -51.899  31.808 0.0000000000
64733  54.326  -51.760  31.223 0.0000000000
64734  54.120  -51.969  31.504 0.0000000000
64735  52.972  -52.354  30.921 0.0000000000
64736  53.228  -52.084  30.790 0.0000000000
64737  52.795  -52.182  30.423 0.0000000000
64738  52.616  -52.013  29.951 0.0000000000
64739  52.400  -52.268  30.114 0.0000000000
64746  51.506  -52.338  29.665 0.0000000000
64777  47.057  -35.886  27.813 0.0000000000
64778  46.905  -36.138  27.201 0.0000000000
64779  47.387  -36.460  27.305 0.0000000000
64780  48.939  -37.580  26.160 0.0000000000
64781  48.335  -37.362  26.187 0.0000000000
64782  48.887  -37.650  25.564 0.0000000000
64783  48.916  -37.714  24.933 0.0000000000
64784  49.551  -37.848  24.915 0.0000000000
64785  51.440  -38.226  26.051 0.0000000000
64786  50.791  -38.095  26.122 0.0000000000
64787  51.429  -38.226  25.411 0.0000000000
64788  52.363  -38.142  23.362 0.0000000000
64789  51.577  -38.162  24.051 0.0000000000
64790  51.621  -38.089  23.409 0.0000000000
64791  50.921  -38.015  23.479 0.0000000000
64792  51.732  -37.954  22.754 0.0000000000
64793  51.850  -37.820  22.116 0.0000000000
64794  52.560  -37.828  22.061 0.0000000000
66170  52.382  -30.746  30.969 0.0000000000
69241  52.048  -43.106  33.185 0.0000000000
69242  52.087  -43.271  33.880 0.0000000000
69243  52.320  -42.921  33.825 0.0000000000
69244  53.277  -42.216  34.865 0.0000000000
69245  53.007  -42.590  34.966 0.0000000000
69246  53.342  -42.450  35.559 0.0000000000
69251  54.714  -40.871  34.925 0.0000000000
69252  54.526  -41.054  35.602 0.0000000000
69253  55.000  -40.734  35.511 0.0000000000
69254  55.296  -40.581  36.190 0.0000000000
69255  55.546  -40.467  35.431 0.0000000000
69256  56.131  -40.237  35.411 0.0000000000
69257  55.833  -40.408  34.787 0.0000000000
69258  56.085  -40.666  33.037 0.0000000000
69259  56.434  -40.506  33.610 0.0000000000
69260  56.733  -40.606  33.015 0.0000000000
69261  57.431  -40.574  33.001 0.0000000000
69262  57.079  -40.720  32.378 0.0000000000
69263  54.619  -41.354  30.654 0.0000000000
69264  54.989  -41.190  31.280 0.0000000000
69265  55.220  -41.220  30.566 0.0000000000
69266  56.681  -41.009  29.754 0.0000000000
69267  56.493  -40.986  30.421 0.0000000000
69268  57.149  -40.922  30.433 0.0000000000
69269  57.641  -40.874  31.139 0.0000000000
69270  57.799  -40.868  30.468 0.0000000000
69271  58.428  -40.823  30.555 0.0000000000
69272  57.965  -40.838  29.827 0.0000000000
69273  57.853  -40.996  27.775 0.0000000000
69274  58.297  -40.826  28.481 0.0000000000
69275  58.440  -40.862  27.822 0.0000000000
69276  59.066  -40.703  27.943 0.0000000000
69277  58.555  -40.893  27.178 0.0000000000
69278  58.763  -40.945  26.680 0.0000000000
69279  58.246  -41.202  26.607 0.0000000000
69280  57.673  -42.246  25.942 0.0000000000
69281  57.991  -41.917  25.786 0.0000000000
69282  57.972  -42.318  25.488 0.0000000000
69283  58.264  -42.387  25.038 0.0000000000
69284  57.936  -42.714  25.217 0.0000000000
69285  55.963  -42.982  26.619 0.0000000000
69286  56.386  -42.793  26.447 0.0000000000
69287  56.344  -43.101  26.153 0.0000000000
69288  56.806  -43.471  24.723 0.0000000000
69289  57.007  -43.277  25.121 0.0000000000
69290  57.292  -43.362  24.610 0.0000000000
69291  57.736  -43.249  24.493 0.0000000000
69292  57.523  -43.397  24.082 0.0000000000
69293  57.696  -43.421  23.460 0.0000000000
69294  57.252  -43.546  23.640 0.0000000000
69295  56.284  -44.067  23.106 0.0000000000
69296  56.689  -43.881  22.843 0.0000000000
69297  56.439  -44.067  22.583 0.0000000000
69298  56.567  -44.052  22.082 0.0000000000
69299  56.176  -44.209  22.370 0.0000000000
69300  50.929  -47.757  23.675 0.0000000000
69301  51.187  -47.470  23.472 0.0000000000
69302  50.829  -47.509  23.272 0.0000000000
69304  50.571  -47.063  22.501 0.0000000000
69435  47.226  -36.450  15.903 0.0000000000
74641  55.014  -49.806  35.820 0.0000000000
74642  54.614  -49.678  36.388 0.0000000000
74643  54.611  -49.339  36.224 0.0000000000
74658  52.313  -46.063  34.404 0.0000000000
74659  52.181  -45.612  34.894 0.0000000000
74660  52.069  -45.629  34.318 0.0000000000
74661  51.917  -45.178  34.246 0.0000000000
74662  51.971  -45.636  33.731 0.0000000000
74663  53.864  -47.830  33.009 0.0000000000
74664  53.423  -47.393  33.339 0.0000000000
74665  53.475  -47.389  32.783 0.0000000000
74666  52.651  -46.476  31.819 0.0000000000
74667  52.651  -46.525  32.386 0.0000000000
74668  52.286  -46.064  32.209 0.0000000000
74669  51.964  -45.625  32.599 0.0000000000
74670  52.017  -45.595  32.064 0.0000000000
74671  51.830  -45.110  31.928 0.0000000000
74672  52.099  -45.552  31.542 0.0000000000
74673  52.706  -46.102  30.114 0.0000000000
74674  52.397  -45.634  30.474 0.0000000000
74675  52.545  -45.666  29.926 0.0000000000
74680  53.856  -47.462  28.791 0.0000000000
74682  53.742  -47.424  28.378 0.0000000000
74684  53.776  -47.737  28.014 0.0000000000
74685  54.964  -48.936  28.842 0.0000000000
74686  54.731  -48.583  28.830 0.0000000000
74687  54.725  -48.859  28.425 0.0000000000
74688  54.048  -48.630  27.305 0.0000000000
74689  54.164  -48.544  27.645 0.0000000000
74690  53.923  -48.352  27.283 0.0000000000
74691  53.729  -48.028  27.312 0.0000000000
74692  53.670  -48.110  26.979 0.0000000000
74693  53.421  -47.832  26.671 0.0000000000
74694  53.557  -48.169  26.669 0.0000000000
74695  53.236  -48.612  26.078 0.0000000000
74696  53.301  -48.240  26.019 0.0000000000
74697  53.035  -48.321  25.707 0.0000000000
74698  52.867  -48.071  25.301 0.0000000000
74699  52.641  -48.339  25.430 0.0000000000
74700  53.952  -51.561  30.202 0.0000000000
74701  54.206  -51.416  29.880 0.0000000000
74702  53.713  -51.424  29.707 0.0000000000
74703  52.828  -51.067  28.486 0.0000000000
74704  53.262  -51.099  28.735 0.0000000000
74705  53.030  -50.892  28.287 0.0000000000
74706  53.229  -50.625  28.079 0.0000000000
74707  52.821  -50.613  27.825 0.0000000000
74708  51.085  -51.040  27.481 0.0000000000
74709  51.637  -51.012  27.763 0.0000000000
74710  51.351  -50.802  27.322 0.0000000000
74711  51.601  -50.014  26.615 0.0000000000
74712  51.797  -50.298  27.057 0.0000000000
74713  51.999  -50.028  26.805 0.0000000000
74714  52.405  -50.046  27.019 0.0000000000
74715  52.244  -49.762  26.628 0.0000000000
74716  52.494  -49.516  26.463 0.0000000000
74717  52.050  -49.471  26.249 0.0000000000
74718  51.223  -48.924  25.291 0.0000000000
74719  51.693  -48.907  25.467 0.0000000000
74720  51.492  -48.625  25.105 0.0000000000
74721  51.780  -48.368  24.962 0.0000000000
74722  51.332  -48.394  24.724 0.0000000000
74723  51.164  -48.157  24.364 0.0000000000
74724  50.883  -48.505  24.499 0.0000000000
74725  49.681  -49.059  24.170 0.0000000000
74726  49.983  -48.772  24.053 0.0000000000
74727  49.499  -48.861  23.812 0.0000000000
74820  43.515  -33.857  25.160 0.0000000000
74822  43.255  -34.251  24.757 0.0000000000
74830  44.234  -37.247  21.063 0.0000000000
74831  43.683  -37.115  21.132 0.0000000000
74832  44.281  -37.299  20.402 0.0000000000
74833  44.338  -37.319  19.732 0.0000000000
74834  44.904  -37.383  19.701 0.0000000000
74835  46.684  -36.611  26.043 0.0000000000
74836  46.145  -36.264  26.021 0.0000000000
74837  46.535  -36.836  25.426 0.0000000000
74838  46.970  -37.555  23.588 0.0000000000
74839  46.392  -37.257  24.213 0.0000000000
74840  46.380  -37.438  23.591 0.0000000000
74841  45.831  -37.281  23.631 0.0000000000
74842  46.400  -37.552  22.933 0.0000000000
74843  49.780  -37.595  21.109 0.0000000000
74844  49.018  -37.733  21.715 0.0000000000
74845  49.113  -37.655  21.080 0.0000000000
74846  47.876  -37.621  20.362 0.0000000000
74847  47.806  -37.730  20.991 0.0000000000
74848  47.184  -37.728  20.977 0.0000000000
74849  46.469  -37.666  21.619 0.0000000000
74850  46.517  -37.666  20.971 0.0000000000
74851  45.908  -37.554  21.010 0.0000000000
74852  46.635  -37.583  20.348 0.0000000000
74853  47.593  -37.231  18.466 0.0000000000
74854  46.866  -37.374  19.059 0.0000000000
74855  46.972  -37.240  18.407 0.0000000000
74856  46.322  -37.250  18.381 0.0000000000
74857  47.049  -37.087  17.785 0.0000000000
74858  47.097  -36.924  17.173 0.0000000000
74859  47.784  -36.848  17.207 0.0000000000
74860  50.110  -36.148  16.152 0.0000000000
74861  49.386  -36.189  16.091 0.0000000000
74862  50.226  -35.859  15.552 0.0000000000
78945  44.547  -31.240  26.169 0.0000000000
78946  44.931  -31.007  26.356 0.0000000000
78947  45.758  -31.759  27.175 0.0000000000
78948  45.375  -31.948  26.939 0.0000000000
78949  45.637  -32.413  27.236 0.0000000000
78950  45.548  -33.055  27.230 0.0000000000
78951  45.883  -32.864  27.542 0.0000000000
78960  49.570  -30.713  29.020 0.0000000000
78962  49.115  -30.784  28.833 0.0000000000
78963  47.919  -31.523  28.694 0.0000000000
78964  48.199  -30.951  28.389 0.0000000000
78965  47.763  -31.022  28.231 0.0000000000
78966  47.605  -30.509  27.837 0.0000000000
78967  47.325  -31.110  28.006 0.0000000000
78968  46.919  -31.249  27.832 0.0000000000
78969  47.096  -31.762  28.251 0.0000000000
78970  47.043  -33.452  28.940 0.0000000000
78971  46.819  -32.972  28.559 0.0000000000
78972  46.732  -33.588  28.589 0.0000000000
78973  46.423  -33.722  28.235 0.0000000000
78974  46.707  -34.196  28.537 0.0000000000
78975  46.778  -34.774  28.350 0.0000000000
78976  47.059  -34.620  28.754 0.0000000000
78977  48.061  -35.340  29.475 0.0000000000
78978  47.817  -35.482  29.098 0.0000000000
78979  48.239  -35.881  29.215 0.0000000000
78980  48.474  -36.355  28.896 0.0000000000
78981  48.698  -36.219  29.347 0.0000000000
78982  49.311  -34.653  31.127 0.0000000000
78983  48.987  -34.842  30.725 0.0000000000
78984  49.413  -35.223  30.958 0.0000000000
78985  50.304  -36.591  30.366 0.0000000000
78986  49.739  -36.274  30.308 0.0000000000
78987  50.021  -36.734  29.873 0.0000000000
78988  49.767  -36.862  29.427 0.0000000000
78989  50.367  -37.143  29.417 0.0000000000
78990  50.755  -37.503  28.939 0.0000000000
78991  50.972  -37.386  29.396 0.0000000000
78993  52.202  -37.767  29.353 0.0000000000
78995  53.324  -38.135  28.810 0.0000000000
88062  53.879  -30.457  32.328 0.0000000000
88063  53.292  -30.715  32.104 0.0000000000
88064  53.467  -30.798  32.574 0.0000000000
88078  55.234  -30.805  34.882 0.0000000000
88080  55.040  -30.630  34.462 0.0000000000
88081  54.884  -30.473  34.035 0.0000000000
88082  54.489  -30.947  34.177 0.0000000000
88083  53.242  -32.366  33.959 0.0000000000
88084  53.506  -31.693  33.728 0.0000000000
88085  52.978  -32.064  33.592 0.0000000000
88086  52.742  -31.832  33.203 0.0000000000
88087  52.459  -32.433  33.455 0.0000000000
88088  52.013  -32.847  33.262 0.0000000000
88089  52.323  -33.072  33.596 0.0000000000
88268  57.355  -40.036  35.556 0.0000000000
88313  57.511  -38.351  26.945 0.0000000000
88314  58.387  -38.243  26.920 0.0000000000
88315  60.255  -37.920  25.851 0.0000000000
88316  59.527  -38.029  25.800 0.0000000000
88317  59.989  -37.938  25.296 0.0000000000
88318  59.749  -37.959  24.706 0.0000000000
88319  60.401  -37.839  24.792 0.0000000000
88320  62.041  -38.190  25.975 0.0000000000
88321  61.777  -37.969  25.952 0.0000000000
88322  61.878  -38.120  25.445 0.0000000000
88323  61.772  -38.143  23.967 0.0000000000
88324  61.631  -37.917  24.422 0.0000000000
88325  61.527  -37.924  23.933 0.0000000000
88335  59.198  -41.025  25.650 0.0000000000
88336  59.705  -40.725  25.690 0.0000000000
88337  59.456  -41.022  25.156 0.0000000000
88338  59.836  -41.282  23.615 0.0000000000
88339  59.954  -40.939  24.056 0.0000000000
88340  60.185  -40.886  23.548 0.0000000000
88341  60.586  -40.529  23.541 0.0000000000
88342  60.453  -40.869  23.089 0.0000000000
88343  59.437  -42.643  21.834 0.0000000000
88344  59.626  -42.357  22.312 0.0000000000
88345  59.800  -42.269  21.843 0.0000000000
88346  60.575  -41.270  21.316 0.0000000000
88347  60.398  -41.398  21.786 0.0000000000
88348  60.758  -40.969  21.754 0.0000000000
88349  60.917  -40.689  22.212 0.0000000000
88350  61.095  -40.547  21.786 0.0000000000
88351  61.436  -40.169  21.917 0.0000000000
88388  52.677  -46.392  25.595 0.0000000000
88391  53.468  -45.073  24.537 0.0000000000
88392  53.375  -45.184  25.071 0.0000000000
88393  53.846  -44.887  24.763 0.0000000000
88394  54.222  -44.745  24.945 0.0000000000
88395  54.335  -44.666  24.388 0.0000000000
88396  54.835  -44.521  24.012 0.0000000000
88397  54.493  -44.634  23.844 0.0000000000
88398  54.477  -44.711  22.602 0.0000000000
88399  54.839  -44.593  22.835 0.0000000000
88400  54.977  -44.560  22.317 0.0000000000
88401  55.488  -44.407  21.999 0.0000000000
88402  55.137  -44.517  21.764 0.0000000000
88403  51.651  -47.046  23.116 0.0000000000
88404  52.003  -47.085  23.315 0.0000000000
88405  51.880  -46.842  22.954 0.0000000000
88406  52.131  -46.117  22.175 0.0000000000
88407  52.136  -46.313  22.646 0.0000000000
88408  52.230  -45.983  22.455 0.0000000000
88409  52.313  -45.871  22.715 0.0000000000
88410  52.354  -45.699  22.245 0.0000000000
88417  52.767  -45.195  21.770 0.0000000000
88418  53.074  -44.990  21.478 0.0000000000
88419  53.361  -44.941  21.745 0.0000000000
88420  53.458  -44.808  21.231 0.0000000000
88421  54.492  -44.279  20.245 0.0000000000
88422  54.408  -44.426  20.754 0.0000000000
88423  54.923  -44.302  20.425 0.0000000000
88424  55.388  -44.340  20.617 0.0000000000
88425  55.489  -44.194  20.064 0.0000000000
88426  56.032  -44.073  19.719 0.0000000000
88427  55.595  -44.013  19.583 0.0000000000
92443  52.968  -38.279  27.806 0.0000000000
92444  52.886  -38.340  27.134 0.0000000000
92445  53.597  -38.421  27.059 0.0000000000
92446  54.271  -38.507  26.342 0.0000000000
92447  55.020  -38.509  25.637 0.0000000000
92448  55.732  -38.440  25.011 0.0000000000
92449  55.687  -38.495  25.700 0.0000000000
92450  56.377  -38.475  25.776 0.0000000000
92451  57.098  -38.393  25.864 0.0000000000
93335  52.075  -44.250  30.462 0.0000000000
93336  51.994  -43.748  30.845 0.0000000000
93337  52.230  -43.747  30.241 0.0000000000
93338  52.447  -43.258  30.026 0.0000000000
93339  52.721  -42.829  29.918 0.0000000000
93340  53.085  -42.439  29.780 0.0000000000
93341  53.038  -42.888  29.333 0.0000000000
93342  53.403  -42.949  28.774 0.0000000000
93343  53.862  -43.050  28.255 0.0000000000
93344  54.269  -43.142  27.836 0.0000000000
94415  55.707  -51.192  33.038 0.0000000000
94416  55.797  -50.755  33.550 0.0000000000
94417  55.849  -50.815  32.765 0.0000000000
94418  55.870  -50.384  32.513 0.0000000000
94419  55.775  -49.922  32.305 0.0000000000
94420  55.539  -49.447  32.182 0.0000000000
94421  55.788  -49.947  31.591 0.0000000000
94422  55.831  -49.944  30.919 0.0000000000
94423  55.804  -49.910  30.264 0.0000000000
94424  55.622  -49.894  29.713 0.0000000000
94425  55.658  -50.321  29.851 0.0000000000
94426  55.317  -50.684  29.544 0.0000000000
94427  54.836  -50.948  29.288 0.0000000000
94450  44.912  -33.465  26.628 0.0000000000
94451  44.627  -33.830  26.284 0.0000000000
94452  44.931  -34.230  26.461 0.0000000000
94453  45.019  -34.933  26.194 0.0000000000
94454  45.200  -35.590  25.845 0.0000000000
95278  51.357  -31.130  30.535 0.0000000000
95279  50.839  -31.247  30.328 0.0000000000
95280  50.979  -31.510  30.927 0.0000000000
95281  50.660  -31.986  31.282 0.0000000000
95282  50.385  -32.528  31.562 0.0000000000
95283  50.176  -33.128  31.763 0.0000000000
95284  50.585  -32.883  32.032 0.0000000000
95285  50.837  -33.219  32.448 0.0000000000
95286  51.142  -33.594  32.755 0.0000000000
97142  60.040  -40.551  29.465 0.0000000000
97143  60.495  -40.471  30.154 0.0000000000
97144  60.638  -40.294  29.538 0.0000000000
97145  61.215  -39.939  29.608 0.0000000000
97149  61.891  -39.351  28.324 0.0000000000
97150  61.910  -39.289  27.652 0.0000000000
97151  61.964  -39.165  27.055 0.0000000000
97152  61.570  -39.505  27.027 0.0000000000
97153  61.176  -39.729  26.411 0.0000000000
97154  60.779  -40.020  25.784 0.0000000000
97155  57.477  -43.758  21.454 0.0000000000
97156  57.955  -43.588  21.203 0.0000000000
97157  57.602  -43.705  20.860 0.0000000000
97158  57.738  -43.582  20.325 0.0000000000
97159  57.863  -43.412  19.764 0.0000000000
97160  58.010  -43.252  19.195 0.0000000000
97161  57.544  -43.431  19.455 0.0000000000
97162  57.277  -43.529  19.210 0.0000000000
97163  56.966  -43.631  19.013 0.0000000000
97164  52.864  -47.589  25.146 0.0000000000
97165  52.775  -47.300  25.020 0.0000000000
97166  52.720  -47.423  24.664 0.0000000000
97167  52.588  -47.267  24.219 0.0000000000
97168  52.420  -46.993  23.855 0.0000000000
98738  53.916  -52.814  34.669 0.0000000000
98739  54.253  -52.581  34.352 0.0000000000
98740  54.619  -52.339  34.073 0.0000000000
98741  54.212  -52.493  33.622 0.0000000000
98742  54.112  -52.414  32.878 0.0000000000
98743  53.958  -52.234  32.201 0.0000000000
98744  53.823  -52.143  31.699 0.0000000000
98745  53.502  -52.358  31.857 0.0000000000
98746  53.087  -52.482  31.469 0.0000000000
98747  52.699  -52.597  31.119 0.0000000000
98770  48.037  -36.597  27.969 0.0000000000
98771  47.911  -36.778  27.366 0.0000000000
98772  48.469  -37.086  27.390 0.0000000000
98773  49.000  -37.487  26.769 0.0000000000
98774  49.545  -37.767  26.148 0.0000000000
98775  52.837  -38.349  24.610 0.0000000000
98776  52.139  -38.287  24.679 0.0000000000
98777  52.940  -38.281  23.931 0.0000000000
98778  53.106  -38.192  23.240 0.0000000000
98779  53.185  -38.036  22.626 0.0000000000
101447  52.275  -43.848  35.359 0.0000000000
101448  52.392  -43.601  35.303 0.0000000000
101449  52.693  -42.395  33.083 0.0000000000
101450  52.639  -42.555  33.717 0.0000000000
101451  52.973  -42.214  33.593 0.0000000000
101452  53.249  -42.007  34.110 0.0000000000
101453  53.606  -41.786  34.725 0.0000000000
101454  53.893  -41.616  35.217 0.0000000000
101455  53.974  -41.433  34.532 0.0000000000
101456  54.419  -41.099  34.411 0.0000000000
101457  54.953  -40.804  34.325 0.0000000000
101458  55.530  -40.576  34.246 0.0000000000
101459  55.158  -40.763  33.727 0.0000000000
101460  55.448  -40.772  33.104 0.0000000000
101461  55.747  -40.835  32.467 0.0000000000
101462  55.177  -41.439  29.219 0.0000000000
101463  55.460  -41.236  29.834 0.0000000000
101464  55.751  -41.290  29.139 0.0000000000
101465  56.318  -41.152  29.060 0.0000000000
101466  56.897  -41.025  29.041 0.0000000000
101467  57.500  -40.920  29.069 0.0000000000
101468  57.062  -41.115  28.355 0.0000000000
101469  57.250  -41.219  27.710 0.0000000000
101470  57.454  -41.352  27.096 0.0000000000
101471  57.746  -41.448  26.631 0.0000000000
101472  57.363  -41.752  26.697 0.0000000000
101473  57.345  -42.141  26.377 0.0000000000
101474  57.294  -42.482  26.094 0.0000000000
101475  55.814  -43.543  26.056 0.0000000000
101476  56.286  -43.391  25.846 0.0000000000
101477  56.110  -43.587  25.440 0.0000000000
101478  56.365  -43.625  24.868 0.0000000000
101479  56.591  -43.639  24.366 0.0000000000
101480  56.787  -43.683  23.815 0.0000000000
101481  56.346  -43.814  23.969 0.0000000000
101482  56.108  -44.054  23.613 0.0000000000
101483  55.809  -44.222  23.352 0.0000000000
101484  50.044  -47.969  23.226 0.0000000000
101485  50.383  -47.604  23.058 0.0000000000
104689  54.744  -49.057  35.457 0.0000000000
104690  54.542  -48.982  36.030 0.0000000000
104691  54.369  -48.578  35.839 0.0000000000
104692  53.969  -48.148  36.105 0.0000000000
104699  52.726  -46.523  35.066 0.0000000000
104700  52.661  -46.524  34.528 0.0000000000
104701  52.613  -46.522  34.016 0.0000000000
104702  53.932  -47.826  31.786 0.0000000000
104703  53.516  -47.413  32.239 0.0000000000
104704  53.500  -47.439  31.647 0.0000000000
104705  53.123  -47.015  31.467 0.0000000000
104706  52.775  -46.536  31.333 0.0000000000
104707  52.483  -46.057  31.192 0.0000000000
104708  52.868  -46.554  30.830 0.0000000000
104709  52.980  -46.571  30.296 0.0000000000
104710  53.150  -46.580  29.771 0.0000000000
104711  53.264  -46.575  29.352 0.0000000000
104712  53.537  -47.041  29.491 0.0000000000
104713  53.875  -47.490  29.186 0.0000000000
104714  54.124  -47.869  28.844 0.0000000000
104715  54.669  -49.396  28.020 0.0000000000
104716  54.646  -49.068  28.031 0.0000000000
104717  54.381  -49.185  27.700 0.0000000000
104718  54.129  -48.933  27.346 0.0000000000
104719  53.890  -48.699  27.022 0.0000000000
104720  53.637  -48.443  26.699 0.0000000000
104721  53.734  -48.786  26.724 0.0000000000
104722  53.379  -48.905  26.446 0.0000000000
104723  52.972  -48.958  26.192 0.0000000000
104724  53.048  -51.588  29.655 0.0000000000
104725  53.219  -51.424  29.456 0.0000000000
104726  52.859  -51.409  29.176 0.0000000000
104727  52.650  -51.227  28.701 0.0000000000
104728  52.490  -51.047  28.289 0.0000000000
104729  50.599  -50.610  26.653 0.0000000000
104730  51.100  -50.595  26.887 0.0000000000
104731  50.854  -50.338  26.549 0.0000000000
104732  51.106  -50.027  26.405 0.0000000000
104733  51.384  -49.705  26.194 0.0000000000
104734  51.609  -49.452  26.008 0.0000000000
104735  51.152  -49.485  25.815 0.0000000000
104736  50.951  -49.264  25.481 0.0000000000
104737  50.769  -49.061  25.052 0.0000000000
104738  50.596  -48.854  24.642 0.0000000000
104739  50.308  -49.174  24.784 0.0000000000
104740  49.863  -49.268  24.530 0.0000000000
104741  49.385  -49.352  24.295 0.0000000000
104796  43.729  -35.297  24.565 0.0000000000
104797  43.381  -34.955  24.449 0.0000000000
104798  43.567  -35.629  24.080 0.0000000000
104799  43.437  -35.968  23.588 0.0000000000
104800  43.343  -36.230  23.048 0.0000000000
104801  43.269  -36.500  22.426 0.0000000000
104802  43.691  -36.684  22.476 0.0000000000
104803  44.172  -37.087  21.782 0.0000000000
104804  44.839  -37.364  21.033 0.0000000000
104805  47.627  -37.415  24.887 0.0000000000
104806  47.032  -37.241  24.853 0.0000000000
104807  47.612  -37.540  24.242 0.0000000000
104808  47.612  -37.656  23.612 0.0000000000
104809  47.614  -37.716  22.954 0.0000000000
104810  50.016  -37.391  19.790 0.0000000000
104811  49.205  -37.573  20.398 0.0000000000
104812  49.312  -37.442  19.736 0.0000000000
104813  48.633  -37.474  19.722 0.0000000000
104814  47.999  -37.491  19.730 0.0000000000
104815  47.375  -37.502  19.734 0.0000000000
104816  48.151  -37.360  19.101 0.0000000000
104817  48.212  -37.201  18.508 0.0000000000
104818  48.358  -36.990  17.875 0.0000000000
104819  48.486  -36.765  17.239 0.0000000000
104820  49.184  -36.705  17.293 0.0000000000
104821  49.997  -36.425  16.738 0.0000000000
104822  50.833  -36.107  16.187 0.0000000000
107271  45.307  -30.813  26.554 0.0000000000
107272  45.714  -30.629  26.768 0.0000000000
107273  45.931  -31.104  27.095 0.0000000000
107274  46.100  -31.593  27.379 0.0000000000
107280  48.935  -31.787  29.709 0.0000000000
107281  48.792  -31.325  29.135 0.0000000000
107282  48.497  -31.860  29.429 0.0000000000
107283  48.069  -31.991  29.193 0.0000000000
107284  47.665  -32.132  28.982 0.0000000000
107285  47.289  -32.263  28.710 0.0000000000
107286  47.491  -32.719  29.169 0.0000000000
107287  47.380  -33.299  29.256 0.0000000000
107288  47.305  -33.911  29.279 0.0000000000
107289  47.346  -34.481  29.130 0.0000000000
107290  47.632  -34.343  29.501 0.0000000000
107291  47.951  -34.756  29.690 0.0000000000
107292  48.319  -35.163  29.880 0.0000000000
107293  50.102  -35.399  31.519 0.0000000000
107294  49.817  -35.601  31.071 0.0000000000
107295  50.289  -35.951  31.193 0.0000000000
107296  50.550  -36.444  30.827 0.0000000000
107297  50.890  -36.880  30.395 0.0000000000
107298  51.203  -37.258  29.875 0.0000000000
107299  51.469  -37.132  30.370 0.0000000000
112752  54.482  -31.732  34.684 0.0000000000
112753  54.250  -31.492  34.301 0.0000000000
112754  54.025  -32.111  34.460 0.0000000000
112755  53.525  -32.556  34.272 0.0000000000
112756  53.057  -32.969  34.092 0.0000000000
112757  52.636  -33.365  33.882 0.0000000000
112865  58.109  -40.262  34.352 0.0000000000
112866  58.356  -40.056  35.022 0.0000000000
112867  58.768  -40.228  34.437 0.0000000000
112894  60.506  -37.857  26.393 0.0000000000
112895  60.880  -37.785  25.877 0.0000000000
112896  61.962  -38.718  24.931 0.0000000000
112897  61.907  -38.378  24.865 0.0000000000
112898  61.913  -38.619  24.442 0.0000000000
112899  61.916  -38.474  24.072 0.0000000000
112900  61.877  -38.457  23.530 0.0000000000
112905  58.889  -41.687  24.747 0.0000000000
112906  59.271  -41.329  24.672 0.0000000000
112907  59.191  -41.688  24.225 0.0000000000
112908  59.496  -41.680  23.710 0.0000000000
112909  59.795  -41.689  23.178 0.0000000000
112910  59.684  -42.360  20.898 0.0000000000
112911  59.949  -42.142  21.411 0.0000000000
112912  60.046  -41.957  20.909 0.0000000000
112913  60.399  -41.537  20.864 0.0000000000
112914  60.742  -41.114  20.798 0.0000000000
112937  52.589  -46.012  24.670 0.0000000000
112938  52.789  -45.798  25.026 0.0000000000
112939  52.822  -45.599  24.495 0.0000000000
112940  53.128  -45.225  24.276 0.0000000000
112941  53.580  -45.011  24.042 0.0000000000
112942  54.123  -44.791  23.660 0.0000000000
112943  53.769  -44.952  23.434 0.0000000000
112944  53.965  -44.920  22.849 0.0000000000
112945  54.099  -44.837  22.294 0.0000000000
112946  51.482  -46.588  22.377 0.0000000000
112947  51.789  -46.580  22.617 0.0000000000
112948  51.726  -46.348  22.161 0.0000000000
112949  51.931  -46.127  21.968 0.0000000000
115861  50.330  -37.728  27.939 0.0000000000
115862  50.284  -37.835  27.372 0.0000000000
115863  50.914  -38.006  27.330 0.0000000000
115864  51.511  -38.213  26.663 0.0000000000
115865  52.129  -38.333  25.961 0.0000000000
115866  52.858  -38.388  26.498 0.0000000000
115867  52.842  -38.410  25.849 0.0000000000
115868  52.802  -38.382  25.275 0.0000000000
115869  53.578  -38.390  24.499 0.0000000000
115870  54.439  -38.334  23.697 0.0000000000
115871  55.319  -38.242  22.945 0.0000000000
115876  56.416  -38.342  24.422 0.0000000000
115877  57.097  -38.236  23.854 0.0000000000
117941  51.610  -44.210  32.845 0.0000000000
117942  51.727  -43.849  33.391 0.0000000000
117943  51.665  -43.769  32.760 0.0000000000
117944  51.845  -43.346  32.612 0.0000000000
117945  52.114  -42.966  32.528 0.0000000000
117946  52.030  -43.271  31.325 0.0000000000
117947  52.199  -42.898  31.900 0.0000000000
117948  52.418  -42.617  32.522 0.0000000000
117949  52.750  -42.260  32.398 0.0000000000
117950  53.209  -41.926  32.328 0.0000000000
117951  53.698  -41.614  32.159 0.0000000000
117952  54.228  -41.397  32.052 0.0000000000
117953  53.888  -41.567  31.463 0.0000000000
117954  54.083  -41.545  30.772 0.0000000000
117955  54.314  -41.536  30.014 0.0000000000
117956  53.543  -42.120  29.659 0.0000000000
117957  54.044  -41.827  29.503 0.0000000000
117958  54.587  -41.588  29.339 0.0000000000
117959  54.939  -41.760  28.672 0.0000000000
117960  55.282  -41.976  28.014 0.0000000000
117961  55.646  -42.174  27.483 0.0000000000
117962  56.069  -42.312  27.100 0.0000000000
117963  55.609  -42.487  27.243 0.0000000000
117964  55.581  -42.822  27.029 0.0000000000
117965  55.518  -43.149  26.815 0.0000000000
117966  54.661  -43.263  27.415 0.0000000000
117967  55.086  -43.371  27.017 0.0000000000
117968  55.442  -43.441  26.546 0.0000000000
117969  55.340  -43.707  26.259 0.0000000000
117970  55.210  -43.948  25.897 0.0000000000
117971  55.045  -44.200  25.594 0.0000000000
120461  55.140  -50.963  35.851 0.0000000000
120462  54.909  -50.514  36.161 0.0000000000
120463  55.229  -50.573  35.633 0.0000000000
120464  55.327  -50.225  35.392 0.0000000000
120465  55.308  -49.857  35.179 0.0000000000
120466  55.676  -50.297  34.048 0.0000000000
120467  55.470  -49.856  34.549 0.0000000000
120468  55.125  -49.445  34.996 0.0000000000
120469  54.886  -49.066  34.780 0.0000000000
120470  54.563  -48.671  34.588 0.0000000000
120471  54.171  -48.248  34.375 0.0000000000
120472  53.763  -47.820  34.139 0.0000000000
120473  54.275  -48.275  33.760 0.0000000000
120474  54.302  -48.253  33.168 0.0000000000
120475  54.299  -48.223  32.575 0.0000000000
120476  55.205  -49.021  32.099 0.0000000000
120477  54.817  -48.554  31.985 0.0000000000
120478  54.392  -48.144  31.876 0.0000000000
120479  54.438  -48.155  31.274 0.0000000000
120480  54.502  -48.163  30.720 0.0000000000
120481  54.533  -48.218  30.217 0.0000000000
120482  54.563  -48.200  29.725 0.0000000000
120483  54.885  -48.599  29.761 0.0000000000
120484  55.131  -48.991  29.271 0.0000000000
120485  55.176  -49.330  28.818 0.0000000000
120486  55.459  -49.873  29.217 0.0000000000
120487  55.220  -49.748  28.824 0.0000000000
120488  54.982  -49.565  28.410 0.0000000000
120489  54.589  -49.732  28.118 0.0000000000
120490  54.204  -49.931  27.904 0.0000000000
120491  53.743  -50.079  27.662 0.0000000000
120492  51.439  -51.754  28.591 0.0000000000
120493  51.597  -51.512  28.354 0.0000000000
120494  51.185  -51.519  28.086 0.0000000000
120495  50.895  -51.295  27.613 0.0000000000
120496  50.605  -51.083  27.206 0.0000000000
120498  50.127  -51.220  27.028 0.0000000000
120499  50.352  -50.889  26.797 0.0000000000
120500  50.138  -50.672  26.423 0.0000000000
120501  49.930  -50.456  26.113 0.0000000000
120502  49.755  -50.264  25.634 0.0000000000
120503  49.553  -50.076  25.205 0.0000000000
120546  43.751  -32.605  25.687 0.0000000000
120547  43.750  -33.464  25.537 0.0000000000
120548  43.829  -34.237  25.331 0.0000000000
120549  44.346  -34.207  25.884 0.0000000000
120550  44.131  -34.596  25.483 0.0000000000
120551  43.923  -34.945  25.034 0.0000000000
120552  44.097  -35.628  24.668 0.0000000000
120553  44.359  -36.210  24.193 0.0000000000
120554  44.738  -36.750  23.662 0.0000000000
120555  50.417  -37.823  22.281 0.0000000000
120556  49.683  -37.795  22.381 0.0000000000
120557  50.501  -37.706  21.658 0.0000000000
120558  50.573  -37.585  21.086 0.0000000000
120559  50.654  -37.437  20.475 0.0000000000
120561  51.543  -37.235  19.859 0.0000000000
120562  50.742  -37.320  19.856 0.0000000000
120563  50.864  -37.200  19.188 0.0000000000
120564  51.027  -37.014  18.539 0.0000000000
120565  51.153  -36.814  17.941 0.0000000000
122479  50.028  -30.643  29.218 0.0000000000
122480  49.674  -31.152  29.548 0.0000000000
122481  50.340  -31.390  30.196 0.0000000000
122482  49.851  -31.503  30.062 0.0000000000
122483  49.382  -31.642  29.901 0.0000000000
122484  49.115  -32.153  30.169 0.0000000000
122485  48.882  -32.717  30.392 0.0000000000
122486  48.707  -33.281  30.502 0.0000000000
122487  48.588  -33.866  30.542 0.0000000000
122488  48.986  -33.699  30.849 0.0000000000
122489  49.301  -34.100  31.184 0.0000000000
122490  49.633  -34.485  31.500 0.0000000000
122491  50.035  -33.726  31.843 0.0000000000
122492  49.985  -34.307  31.852 0.0000000000
122493  50.019  -34.855  31.739 0.0000000000
122494  50.446  -35.211  31.927 0.0000000000
122495  50.915  -35.577  32.065 0.0000000000
126824  59.269  -40.690  31.940 0.0000000000
126825  59.660  -40.520  32.610 0.0000000000
126826  59.887  -40.593  31.964 0.0000000000
126847  62.149  -38.324  26.407 0.0000000000
126848  62.112  -38.545  25.902 0.0000000000
126849  62.038  -39.036  26.488 0.0000000000
126850  62.022  -38.894  25.900 0.0000000000
126851  61.976  -38.809  25.398 0.0000000000
126852  61.753  -39.128  24.829 0.0000000000
126853  61.595  -39.414  24.273 0.0000000000
126854  61.387  -39.735  23.702 0.0000000000
126855  58.566  -43.072  23.142 0.0000000000
126856  58.996  -42.764  22.988 0.0000000000
126857  58.810  -43.035  22.534 0.0000000000
126858  59.012  -42.946  21.929 0.0000000000
126859  59.183  -42.858  21.362 0.0000000000
126860  58.445  -43.348  21.009 0.0000000000
126861  58.908  -43.030  20.824 0.0000000000
126862  59.315  -42.723  20.844 0.0000000000
126863  59.413  -42.551  20.341 0.0000000000
126864  59.533  -42.395  19.793 0.0000000000
126865  59.664  -42.240  19.290 0.0000000000
126867  59.397  -42.425  18.793 0.0000000000
126870  58.174  -43.140  18.646 0.0000000000
126871  58.326  -43.028  18.130 0.0000000000
126876  53.110  -47.158  26.579 0.0000000000
126878  52.923  -46.901  26.168 0.0000000000
126879  52.749  -46.738  25.736 0.0000000000
126880  52.601  -46.545  25.282 0.0000000000
126881  52.607  -46.960  24.968 0.0000000000
126882  52.478  -46.647  24.929 0.0000000000
126883  52.454  -46.365  24.810 0.0000000000
126884  52.458  -46.154  24.322 0.0000000000
126885  52.484  -45.910  23.811 0.0000000000
126886  52.456  -45.674  23.336 0.0000000000
130369  54.980  -51.292  36.153 0.0000000000
130370  55.177  -51.391  35.468 0.0000000000
130371  55.328  -51.439  34.766 0.0000000000
130372  55.436  -51.471  34.044 0.0000000000
130373  54.969  -52.071  33.827 0.0000000000
130374  55.239  -51.792  33.563 0.0000000000
130375  55.462  -51.494  33.323 0.0000000000
130376  55.376  -51.532  32.607 0.0000000000
130377  55.266  -51.547  31.813 0.0000000000
130378  55.077  -51.514  31.043 0.0000000000
130379  54.922  -51.462  30.530 0.0000000000
130380  54.627  -51.612  30.849 0.0000000000
130381  54.151  -51.661  30.664 0.0000000000
130382  53.667  -51.693  30.507 0.0000000000
130383  53.694  -52.022  31.186 0.0000000000
130384  53.491  -51.867  30.682 0.0000000000
130385  53.273  -51.724  30.177 0.0000000000
130386  52.906  -51.734  29.789 0.0000000000
130387  52.460  -51.815  29.534 0.0000000000
130388  52.058  -51.897  29.280 0.0000000000
130389  52.397  -52.792  32.044 0.0000000000
130390  52.351  -52.736  31.417 0.0000000000
130391  52.270  -52.636  30.853 0.0000000000
130393  51.801  -52.669  30.602 0.0000000000
130394  52.157  -52.489  30.321 0.0000000000
130395  52.000  -52.318  29.879 0.0000000000
130396  51.816  -52.130  29.461 0.0000000000
130397  51.656  -51.962  29.052 0.0000000000
130398  51.162  -51.965  28.794 0.0000000000
130435  46.211  -35.087  27.502 0.0000000000
130436  46.020  -35.361  26.991 0.0000000000
130437  46.460  -35.790  27.104 0.0000000000
130438  46.799  -36.378  26.617 0.0000000000
130439  47.199  -36.871  26.104 0.0000000000
130440  47.807  -36.948  26.801 0.0000000000
130441  47.750  -37.121  26.183 0.0000000000
130442  47.692  -37.269  25.536 0.0000000000
130443  48.270  -37.578  24.923 0.0000000000
130444  48.918  -37.779  24.309 0.0000000000
130445  49.588  -37.878  23.625 0.0000000000
130446  50.227  -37.905  26.781 0.0000000000
130447  50.175  -37.947  26.180 0.0000000000
130448  50.181  -38.000  25.488 0.0000000000
130449  51.489  -38.214  24.721 0.0000000000
130450  50.879  -38.124  24.754 0.0000000000
130451  50.197  -37.990  24.860 0.0000000000
130452  50.222  -37.971  24.217 0.0000000000
130453  50.254  -37.944  23.550 0.0000000000
130454  50.333  -37.897  22.898 0.0000000000
130455  51.139  -37.825  22.182 0.0000000000
130456  51.983  -37.678  21.512 0.0000000000
132198  51.719  -30.755  30.212 0.0000000000
132199  51.864  -30.965  30.739 0.0000000000
132200  51.980  -31.157  31.293 0.0000000000
132201  52.076  -31.374  31.848 0.0000000000
136090  51.939  -43.602  33.939 0.0000000000
136091  52.217  -43.467  34.597 0.0000000000
136092  52.524  -43.345  35.221 0.0000000000
136093  52.636  -42.780  34.384 0.0000000000
136094  52.725  -43.003  35.103 0.0000000000
136102  54.154  -41.432  35.725 0.0000000000
136109  56.396  -40.080  36.110 0.0000000000
136110  56.785  -40.120  35.469 0.0000000000
136111  57.099  -40.211  34.867 0.0000000000
136112  56.126  -40.425  34.150 0.0000000000
136113  56.748  -40.361  34.207 0.0000000000
136114  57.429  -40.289  34.280 0.0000000000
136115  57.810  -40.430  33.612 0.0000000000
136116  58.135  -40.579  33.037 0.0000000000
136117  58.452  -40.718  32.455 0.0000000000
136118  54.790  -41.189  31.975 0.0000000000
136119  55.375  -40.995  31.893 0.0000000000
136120  56.093  -40.948  31.776 0.0000000000
136121  55.859  -41.072  30.433 0.0000000000
136122  56.294  -40.962  31.082 0.0000000000
136123  56.780  -40.847  31.709 0.0000000000
136124  57.449  -40.808  31.786 0.0000000000
136125  58.093  -40.790  31.845 0.0000000000
136126  58.711  -40.758  31.847 0.0000000000
136127  58.847  -40.783  31.262 0.0000000000
136128  59.062  -40.796  30.692 0.0000000000
136129  59.299  -40.776  30.066 0.0000000000
136130  58.123  -40.841  29.120 0.0000000000
136131  58.791  -40.735  29.256 0.0000000000
136132  59.426  -40.687  29.378 0.0000000000
136133  59.585  -40.617  28.733 0.0000000000
136134  59.710  -40.516  28.075 0.0000000000
136135  59.798  -40.449  27.429 0.0000000000
136136  59.925  -40.440  26.872 0.0000000000
136137  59.319  -40.700  26.784 0.0000000000
136138  58.955  -40.975  26.182 0.0000000000
136139  58.737  -41.314  25.632 0.0000000000
136140  58.035  -41.538  26.149 0.0000000000
136141  58.332  -41.612  25.676 0.0000000000
136142  58.615  -41.674  25.217 0.0000000000
136143  58.555  -42.076  24.881 0.0000000000
136144  58.553  -42.450  24.518 0.0000000000
136145  58.489  -42.813  24.165 0.0000000000
136146  56.459  -42.454  26.703 0.0000000000
136147  56.854  -42.649  26.261 0.0000000000
136148  57.236  -42.803  25.835 0.0000000000
136149  56.751  -43.193  25.662 0.0000000000
136150  57.164  -43.061  25.555 0.0000000000
136151  57.563  -42.925  25.404 0.0000000000
136152  57.863  -43.038  24.878 0.0000000000
136153  58.127  -43.079  24.349 0.0000000000
136154  58.361  -43.073  23.753 0.0000000000
136155  58.129  -43.276  23.294 0.0000000000
136156  57.808  -43.422  22.748 0.0000000000
136157  57.597  -43.590  22.403 0.0000000000
136158  56.948  -43.704  23.168 0.0000000000
136159  57.148  -43.745  22.610 0.0000000000
136160  57.324  -43.763  22.041 0.0000000000
136161  57.019  -43.894  21.758 0.0000000000
136162  56.744  -43.997  21.502 0.0000000000
136163  56.500  -44.066  21.242 0.0000000000
136164  51.718  -47.724  24.074 0.0000000000
136165  51.966  -47.507  23.862 0.0000000000
136166  51.568  -47.459  23.677 0.0000000000
136167  51.415  -47.242  23.288 0.0000000000
136168  51.298  -47.001  22.885 0.0000000000
136169  50.685  -47.289  22.879 0.0000000000
136170  50.972  -47.015  22.698 0.0000000000
136171  51.239  -46.787  22.533 0.0000000000
136335  45.763  -36.989  17.076 0.0000000000
142748  54.601  -50.028  36.528 0.0000000000
142751  54.236  -48.825  36.557 0.0000000000
142772  51.980  -44.785  34.807 0.0000000000
142773  51.851  -44.735  34.175 0.0000000000
142774  51.748  -44.699  33.549 0.0000000000
142775  53.364  -47.391  33.893 0.0000000000
142776  52.980  -46.955  33.656 0.0000000000
142777  52.549  -46.485  33.414 0.0000000000
142778  53.079  -46.966  32.599 0.0000000000
142779  52.634  -46.518  32.924 0.0000000000
142780  52.202  -46.069  33.261 0.0000000000
142781  51.929  -45.620  33.157 0.0000000000
142782  51.727  -45.135  33.060 0.0000000000
142783  51.598  -44.652  32.937 0.0000000000
142784  51.675  -44.663  32.350 0.0000000000
142785  51.749  -44.667  31.746 0.0000000000
142786  51.882  -44.687  31.203 0.0000000000
142787  52.266  -45.615  31.012 0.0000000000
142788  52.116  -45.147  30.860 0.0000000000
142789  52.027  -44.709  30.654 0.0000000000
142790  52.227  -44.736  30.116 0.0000000000
142802  53.369  -47.309  27.303 0.0000000000
142803  54.540  -48.218  29.274 0.0000000000
142804  54.426  -48.243  28.853 0.0000000000
142805  54.215  -48.158  28.439 0.0000000000
142806  54.444  -48.766  28.042 0.0000000000
142807  54.206  -48.389  28.022 0.0000000000
142808  53.984  -48.055  28.022 0.0000000000
142809  53.746  -47.894  27.676 0.0000000000
142810  53.525  -47.670  27.339 0.0000000000
142811  53.302  -47.404  26.978 0.0000000000
142812  53.253  -47.468  26.663 0.0000000000
142813  53.190  -47.566  26.320 0.0000000000
142814  53.124  -47.694  25.941 0.0000000000
142815  53.407  -48.185  26.353 0.0000000000
142816  53.237  -47.967  25.995 0.0000000000
142817  53.024  -47.755  25.630 0.0000000000
142818  52.906  -47.832  25.237 0.0000000000
142819  52.676  -47.883  24.911 0.0000000000
142820  52.294  -47.929  24.666 0.0000000000
142821  54.703  -51.408  30.021 0.0000000000
142822  54.496  -51.216  29.564 0.0000000000
142823  54.283  -51.041  29.116 0.0000000000
142824  53.470  -51.255  29.220 0.0000000000
142825  53.758  -51.069  28.963 0.0000000000
142826  54.023  -50.852  28.701 0.0000000000
142827  53.733  -50.612  28.262 0.0000000000
142828  53.472  -50.387  27.811 0.0000000000
142829  53.286  -50.147  27.385 0.0000000000
142830  51.825  -51.263  28.218 0.0000000000
142831  52.077  -51.031  28.049 0.0000000000
142832  52.269  -50.813  27.856 0.0000000000
142833  51.604  -50.559  27.180 0.0000000000
142834  52.004  -50.577  27.464 0.0000000000
142835  52.400  -50.590  27.640 0.0000000000
142836  52.588  -50.332  27.400 0.0000000000
142837  52.868  -50.124  27.175 0.0000000000
142838  53.085  -49.845  27.039 0.0000000000
142839  52.910  -49.552  26.690 0.0000000000
142840  52.736  -49.256  26.320 0.0000000000
142841  52.565  -48.965  25.960 0.0000000000
142842  51.879  -49.193  25.840 0.0000000000
142843  52.140  -48.927  25.714 0.0000000000
142844  52.362  -48.648  25.604 0.0000000000
142845  52.191  -48.367  25.202 0.0000000000
142846  51.995  -48.141  24.804 0.0000000000
142847  51.853  -47.938  24.435 0.0000000000
142848  51.437  -47.945  24.219 0.0000000000
142849  51.028  -47.978  24.039 0.0000000000
142850  50.618  -48.064  23.844 0.0000000000
142851  50.416  -48.696  24.290 0.0000000000
142852  50.288  -48.459  23.949 0.0000000000
142853  50.192  -48.200  23.602 0.0000000000
142854  49.691  -48.317  23.313 0.0000000000
142984  44.411  -37.326  19.017 0.0000000000
142985  45.042  -37.274  18.373 0.0000000000
142986  45.824  -35.634  26.490 0.0000000000
142987  45.650  -35.922  25.954 0.0000000000
142988  45.542  -36.282  25.324 0.0000000000
142989  46.459  -37.031  24.837 0.0000000000
142990  45.932  -36.808  24.811 0.0000000000
142991  45.433  -36.556  24.784 0.0000000000
142992  45.357  -36.805  24.231 0.0000000000
142993  45.313  -37.057  23.644 0.0000000000
142994  45.253  -37.199  23.028 0.0000000000
142995  48.953  -37.772  22.387 0.0000000000
142996  48.299  -37.779  22.334 0.0000000000
142997  47.671  -37.771  22.303 0.0000000000
142998  48.464  -37.706  21.027 0.0000000000
142999  47.747  -37.777  21.651 0.0000000000
143000  47.052  -37.723  22.282 0.0000000000
143001  46.433  -37.629  22.270 0.0000000000
143002  45.824  -37.510  22.326 0.0000000000
143003  45.254  -37.310  22.374 0.0000000000
143004  45.302  -37.416  21.717 0.0000000000
143005  45.383  -37.459  21.021 0.0000000000
143006  45.440  -37.467  20.346 0.0000000000
143007  46.739  -37.500  19.713 0.0000000000
143008  46.107  -37.473  19.688 0.0000000000
143009  45.485  -37.430  19.688 0.0000000000
143010  45.566  -37.365  19.036 0.0000000000
143011  45.673  -37.277  18.366 0.0000000000
143012  45.737  -37.144  17.712 0.0000000000
143013  46.435  -36.953  17.090 0.0000000000
143014  47.158  -36.685  16.543 0.0000000000
143015  47.921  -36.375  15.958 0.0000000000
143016  48.596  -36.515  16.643 0.0000000000
143017  48.660  -36.264  16.025 0.0000000000
143018  48.745  -36.013  15.405 0.0000000000
147965  44.406  -31.933  26.181 0.0000000000
147966  44.659  -32.384  26.401 0.0000000000
147967  45.122  -31.482  26.637 0.0000000000
147968  45.000  -32.148  26.674 0.0000000000
147969  44.943  -32.812  26.681 0.0000000000
147970  45.229  -33.258  26.912 0.0000000000
147971  45.510  -33.661  27.171 0.0000000000
147972  45.812  -34.068  27.442 0.0000000000
147985  48.654  -30.845  28.635 0.0000000000
147986  48.519  -30.361  28.236 0.0000000000
147991  46.755  -30.767  27.467 0.0000000000
147992  46.522  -31.407  27.614 0.0000000000
147993  46.333  -32.019  27.765 0.0000000000
147994  46.935  -32.380  28.429 0.0000000000
147995  46.581  -32.481  28.163 0.0000000000
147996  46.224  -32.676  27.840 0.0000000000
147997  46.147  -33.291  27.886 0.0000000000
147998  46.112  -33.898  27.846 0.0000000000
147999  46.143  -34.498  27.703 0.0000000000
148000  46.489  -34.933  27.920 0.0000000000
148001  46.890  -35.335  28.129 0.0000000000
148002  47.320  -35.749  28.244 0.0000000000
148003  47.428  -35.052  28.955 0.0000000000
148004  47.551  -35.631  28.675 0.0000000000
148005  47.774  -36.140  28.333 0.0000000000
148006  48.256  -36.488  28.429 0.0000000000
148007  48.757  -36.778  28.533 0.0000000000
148008  49.314  -37.098  28.541 0.0000000000
148009  48.593  -34.449  30.476 0.0000000000
148010  48.654  -35.012  30.304 0.0000000000
148011  48.763  -35.563  30.078 0.0000000000
148012  49.550  -35.761  30.659 0.0000000000
148013  49.233  -35.930  30.256 0.0000000000
148014  48.966  -36.071  29.775 0.0000000000
148015  49.202  -36.543  29.419 0.0000000000
148016  49.518  -36.989  28.992 0.0000000000
148017  49.910  -37.367  28.501 0.0000000000
148018  50.534  -37.595  28.468 0.0000000000
148019  51.164  -37.789  28.436 0.0000000000
148020  51.798  -37.973  28.365 0.0000000000
148021  51.556  -37.594  29.366 0.0000000000
148022  52.002  -37.887  28.852 0.0000000000
148023  52.471  -38.117  28.330 0.0000000000
148024  53.136  -38.215  28.314 0.0000000000
148025  53.824  -38.290  28.239 0.0000000000
158925  53.099  -30.687  31.672 0.0000000000
158926  52.695  -31.037  31.929 0.0000000000
158927  52.261  -31.514  32.289 0.0000000000
158947  54.771  -30.310  33.514 0.0000000000
158948  54.206  -30.596  33.248 0.0000000000
158949  54.017  -31.241  33.896 0.0000000000
158950  53.832  -31.077  33.471 0.0000000000
158951  53.642  -30.929  33.032 0.0000000000
158952  53.074  -31.277  32.913 0.0000000000
158953  52.503  -31.646  32.770 0.0000000000
158954  51.943  -32.045  32.632 0.0000000000
158955  51.714  -32.641  32.893 0.0000000000
158956  51.570  -33.236  33.011 0.0000000000
158957  51.479  -33.834  33.041 0.0000000000
158958  52.241  -33.737  33.625 0.0000000000
158959  51.826  -34.097  33.314 0.0000000000
158960  51.455  -34.453  33.003 0.0000000000
159224  55.903  -38.403  27.529 0.0000000000
159225  56.613  -38.420  26.964 0.0000000000
159226  57.295  -38.389  26.405 0.0000000000
159227  57.911  -38.286  25.843 0.0000000000
159228  58.959  -38.153  26.349 0.0000000000
159229  58.711  -38.164  25.819 0.0000000000
159230  58.503  -38.163  25.290 0.0000000000
159231  59.078  -38.044  24.739 0.0000000000
159232  59.537  -37.971  24.228 0.0000000000
159234  61.623  -37.811  26.446 0.0000000000
159235  61.388  -37.817  25.912 0.0000000000
159236  61.191  -37.786  25.368 0.0000000000
159237  61.743  -37.963  24.924 0.0000000000
159238  61.413  -37.839  24.895 0.0000000000
159239  60.956  -37.839  24.836 0.0000000000
159240  60.765  -37.817  24.368 0.0000000000
159252  60.081  -40.397  26.275 0.0000000000
159253  60.230  -40.392  25.705 0.0000000000
159254  60.438  -40.322  25.141 0.0000000000
159255  59.697  -40.989  24.607 0.0000000000
159256  60.152  -40.629  24.516 0.0000000000
159257  60.660  -40.222  24.508 0.0000000000
159258  60.815  -40.196  24.037 0.0000000000
159259  60.986  -40.149  23.561 0.0000000000
159260  61.218  -40.092  23.202 0.0000000000
159261  59.385  -42.410  22.859 0.0000000000
159262  59.727  -42.031  22.763 0.0000000000
159263  60.033  -41.607  22.685 0.0000000000
159264  60.103  -41.843  21.834 0.0000000000
159265  60.237  -41.490  22.210 0.0000000000
159266  60.338  -41.171  22.635 0.0000000000
159267  60.696  -40.805  22.639 0.0000000000
159268  61.055  -40.395  22.705 0.0000000000
159269  61.412  -40.026  22.819 0.0000000000
159270  61.568  -39.957  22.391 0.0000000000
159314  54.790  -44.392  25.335 0.0000000000
159322  54.503  -44.566  25.115 0.0000000000
159323  54.987  -44.391  24.773 0.0000000000
159324  55.142  -44.382  24.189 0.0000000000
159325  55.320  -44.374  23.657 0.0000000000
159326  55.507  -44.356  23.156 0.0000000000
159327  54.667  -44.632  23.334 0.0000000000
159328  55.202  -44.496  23.016 0.0000000000
159329  55.714  -44.358  22.692 0.0000000000
159330  55.865  -44.305  22.180 0.0000000000
159331  56.017  -44.217  21.639 0.0000000000
159332  56.172  -44.195  21.027 0.0000000000
159333  52.170  -47.296  23.672 0.0000000000
159334  52.292  -47.053  23.547 0.0000000000
159335  52.275  -46.762  23.484 0.0000000000
159336  52.040  -46.588  22.835 0.0000000000
159337  52.189  -46.526  23.076 0.0000000000
159338  52.289  -46.417  23.373 0.0000000000
159339  52.319  -46.097  23.221 0.0000000000
159340  52.383  -45.784  23.031 0.0000000000
159341  52.544  -45.516  22.835 0.0000000000
159348  52.528  -45.443  22.018 0.0000000000
159349  52.654  -45.380  22.293 0.0000000000
159350  52.841  -45.288  22.612 0.0000000000
159351  53.242  -45.052  22.297 0.0000000000
159352  53.715  -44.906  22.006 0.0000000000
159353  54.222  -44.736  21.777 0.0000000000
159354  53.933  -44.593  21.026 0.0000000000
159355  54.344  -44.580  21.283 0.0000000000
159356  54.749  -44.576  21.511 0.0000000000
159357  55.290  -44.439  21.200 0.0000000000
159358  55.831  -44.309  20.838 0.0000000000
159359  56.307  -44.144  20.396 0.0000000000
159360  56.426  -44.042  19.863 0.0000000000
159361  56.512  -43.880  19.360 0.0000000000
159362  56.592  -43.700  18.850 0.0000000000
159363  55.678  -43.833  19.070 0.0000000000
159364  56.185  -43.691  18.694 0.0000000000
