#!ascii label  , from subject fsaverage vox2ras=TkReg
418
39  31.030  -41.118  -9.030 0.0000000000
821  27.938  -47.071  -6.006 0.0000000000
822  29.435  -52.356  -5.418 0.0000000000
823  34.212  -45.962  -7.047 0.0000000000
1988  23.077  -48.321  -7.580 0.0000000000
1989  25.940  -41.507  -8.867 0.0000000000
2741  29.784  -43.953  -6.996 0.0000000000
2742  31.317  -46.443  -5.858 0.0000000000
2743  33.005  -43.343  -7.564 0.0000000000
2745  33.535  -40.371  -9.509 0.0000000000
3904  32.329  -52.010  -5.945 0.0000000000
3905  29.540  -55.330  -5.212 0.0000000000
4364  24.721  -44.720  -7.434 0.0000000000
6085  25.765  -50.525  -6.165 0.0000000000
6086  26.515  -53.312  -5.757 0.0000000000
6087  28.965  -49.768  -5.366 0.0000000000
6088  32.079  -49.174  -5.710 0.0000000000
7962  26.747  -55.755  -5.858 0.0000000000
7963  26.703  -58.348  -5.671 0.0000000000
8551  25.335  -47.738  -6.344 0.0000000000
8552  27.158  -44.360  -7.094 0.0000000000
8553  28.436  -41.533  -8.840 0.0000000000
9944  25.889  -38.709  -11.158 0.0000000000
9945  28.331  -38.736  -11.243 0.0000000000
9972  31.291  -38.102  -11.520 0.0000000000
10421  30.499  -42.494  -7.945 0.0000000000
10422  31.449  -43.676  -7.153 0.0000000000
10423  32.088  -42.207  -8.175 0.0000000000
10424  33.364  -41.893  -8.543 0.0000000000
10425  32.336  -40.773  -9.236 0.0000000000
11585  32.128  -53.594  -5.968 0.0000000000
12044  23.286  -43.158  -8.560 0.0000000000
13981  26.893  -48.748  -5.981 0.0000000000
13982  27.461  -50.165  -5.708 0.0000000000
13983  28.535  -48.431  -5.620 0.0000000000
13984  32.833  -46.227  -6.296 0.0000000000
13985  31.744  -47.771  -5.679 0.0000000000
13986  33.183  -47.602  -6.247 0.0000000000
13987  33.365  -48.997  -6.341 0.0000000000
17469  27.970  -52.770  -5.470 0.0000000000
17470  26.674  -54.511  -5.833 0.0000000000
17471  28.060  -54.035  -5.536 0.0000000000
17472  29.490  -56.734  -5.032 0.0000000000
17473  28.072  -56.870  -5.279 0.0000000000
17474  27.984  -58.221  -5.038 0.0000000000
18848  23.108  -49.894  -7.117 0.0000000000
18849  24.332  -49.658  -6.455 0.0000000000
18850  24.064  -48.138  -6.818 0.0000000000
18851  25.488  -43.057  -8.017 0.0000000000
18852  25.888  -44.521  -7.213 0.0000000000
18853  26.661  -42.960  -7.933 0.0000000000
18854  27.925  -42.864  -7.884 0.0000000000
18855  27.210  -41.531  -8.840 0.0000000000
22296  27.065  -38.752  -11.209 0.0000000000
22297  26.693  -37.242  -12.543 0.0000000000
22364  29.658  -36.869  -12.744 0.0000000000
22365  31.082  -36.516  -12.889 0.0000000000
22366  32.465  -37.670  -11.739 0.0000000000
23365  28.961  -45.401  -6.354 0.0000000000
23366  29.650  -46.713  -5.823 0.0000000000
23367  30.627  -45.164  -6.336 0.0000000000
23368  32.255  -44.935  -6.619 0.0000000000
23369  33.709  -44.667  -7.193 0.0000000000
23371  34.233  -43.074  -8.122 0.0000000000
25458  30.945  -52.165  -5.479 0.0000000000
25459  29.579  -53.864  -5.350 0.0000000000
25460  30.945  -53.719  -5.434 0.0000000000
25461  30.889  -55.204  -5.370 0.0000000000
26285  22.909  -46.663  -8.033 0.0000000000
26286  23.945  -46.487  -7.316 0.0000000000
26287  23.663  -44.870  -7.887 0.0000000000
26288  24.368  -43.113  -8.180 0.0000000000
26289  24.776  -41.453  -8.944 0.0000000000
29557  24.581  -52.305  -6.369 0.0000000000
29558  24.952  -53.722  -6.272 0.0000000000
29559  26.149  -51.996  -5.941 0.0000000000
29560  27.766  -51.542  -5.447 0.0000000000
29561  29.200  -51.061  -5.325 0.0000000000
29562  30.122  -48.069  -5.497 0.0000000000
29563  30.548  -49.399  -5.354 0.0000000000
29564  30.759  -50.762  -5.428 0.0000000000
29565  32.186  -50.573  -5.804 0.0000000000
29566  33.319  -50.434  -6.504 0.0000000000
34224  25.245  -54.993  -6.230 0.0000000000
34225  25.408  -56.127  -6.258 0.0000000000
34226  25.418  -57.424  -6.250 0.0000000000
34227  28.122  -55.494  -5.469 0.0000000000
34228  26.737  -57.064  -5.802 0.0000000000
34229  25.356  -58.618  -6.240 0.0000000000
35917  24.437  -51.026  -6.337 0.0000000000
35918  25.588  -49.187  -6.117 0.0000000000
35919  26.611  -47.330  -6.188 0.0000000000
35920  25.051  -46.269  -6.799 0.0000000000
35921  26.257  -45.967  -6.596 0.0000000000
35922  27.541  -45.666  -6.496 0.0000000000
35923  28.469  -44.131  -7.027 0.0000000000
35924  29.184  -42.715  -7.889 0.0000000000
35925  29.717  -41.350  -8.941 0.0000000000
40065  24.822  -39.886  -10.019 0.0000000000
40068  25.982  -40.077  -9.900 0.0000000000
40069  27.176  -40.180  -9.949 0.0000000000
40070  28.499  -40.160  -9.996 0.0000000000
40071  29.828  -39.978  -10.107 0.0000000000
40150  28.161  -37.138  -12.604 0.0000000000
40151  29.840  -38.475  -11.377 0.0000000000
40152  31.321  -39.651  -10.267 0.0000000000
40153  32.533  -39.251  -10.467 0.0000000000
41141  30.774  -41.818  -8.529 0.0000000000
41142  31.302  -42.387  -8.040 0.0000000000
41143  31.573  -41.662  -8.604 0.0000000000
41144  32.245  -41.542  -8.664 0.0000000000
41145  31.694  -40.939  -9.142 0.0000000000
44701  27.433  -47.904  -5.965 0.0000000000
44702  27.762  -48.578  -5.797 0.0000000000
44703  28.278  -47.714  -5.827 0.0000000000
44704  33.513  -46.095  -6.627 0.0000000000
44705  33.036  -46.867  -6.264 0.0000000000
44706  33.732  -46.760  -6.661 0.0000000000
44707  33.822  -47.463  -6.647 0.0000000000
44708  34.342  -46.665  -7.078 0.0000000000
48189  28.722  -52.464  -5.438 0.0000000000
48190  28.034  -53.356  -5.533 0.0000000000
48191  28.751  -53.186  -5.452 0.0000000000
48193  28.707  -57.515  -4.983 0.0000000000
49564  22.570  -48.434  -8.015 0.0000000000
49568  23.088  -49.139  -7.340 0.0000000000
49569  23.693  -49.024  -6.933 0.0000000000
49570  23.570  -48.214  -7.177 0.0000000000
49571  25.747  -42.257  -8.421 0.0000000000
49572  26.057  -43.013  -7.961 0.0000000000
49573  26.337  -42.261  -8.381 0.0000000000
49574  26.920  -42.258  -8.352 0.0000000000
49575  26.533  -41.516  -8.843 0.0000000000
54301  29.420  -44.654  -6.653 0.0000000000
54302  29.826  -45.280  -6.328 0.0000000000
54303  30.250  -44.540  -6.654 0.0000000000
54304  32.244  -43.512  -7.325 0.0000000000
54305  31.838  -44.289  -6.844 0.0000000000
54306  32.652  -44.125  -7.062 0.0000000000
54307  33.021  -44.820  -6.886 0.0000000000
54308  33.411  -43.992  -7.359 0.0000000000
54309  33.990  -43.872  -7.647 0.0000000000
54310  33.637  -43.202  -7.816 0.0000000000
54311  33.477  -41.157  -8.979 0.0000000000
54312  33.950  -41.717  -8.770 0.0000000000
57789  31.656  -52.099  -5.651 0.0000000000
57790  30.994  -52.961  -5.455 0.0000000000
57791  31.642  -52.906  -5.640 0.0000000000
57793  31.543  -54.408  -5.620 0.0000000000
59168  22.797  -45.768  -8.257 0.0000000000
59169  23.290  -45.757  -7.927 0.0000000000
59170  23.173  -44.877  -8.195 0.0000000000
59172  23.809  -43.150  -8.345 0.0000000000
59173  24.029  -42.283  -8.622 0.0000000000
59174  24.593  -42.282  -8.527 0.0000000000
59175  24.255  -41.493  -8.988 0.0000000000
64981  25.158  -51.479  -6.249 0.0000000000
64982  25.321  -52.124  -6.241 0.0000000000
64983  25.983  -51.249  -6.059 0.0000000000
64984  28.216  -49.990  -5.506 0.0000000000
64985  27.609  -50.898  -5.561 0.0000000000
64986  28.361  -50.688  -5.366 0.0000000000
64987  28.513  -51.295  -5.352 0.0000000000
64988  29.120  -50.443  -5.299 0.0000000000
64989  30.499  -46.589  -5.807 0.0000000000
64990  29.885  -47.425  -5.633 0.0000000000
64991  30.704  -47.258  -5.617 0.0000000000
64992  31.934  -48.486  -5.694 0.0000000000
64993  31.183  -48.579  -5.520 0.0000000000
64994  31.314  -49.283  -5.467 0.0000000000
64995  30.715  -50.062  -5.396 0.0000000000
64996  31.481  -49.952  -5.531 0.0000000000
64997  31.519  -50.666  -5.576 0.0000000000
64998  32.194  -49.860  -5.746 0.0000000000
64999  33.882  -48.939  -6.749 0.0000000000
65000  33.419  -49.711  -6.408 0.0000000000
75444  25.737  -53.530  -6.017 0.0000000000
75445  25.145  -54.343  -6.243 0.0000000000
75446  25.882  -54.166  -5.992 0.0000000000
75447  26.785  -55.037  -5.817 0.0000000000
75448  26.105  -55.260  -6.029 0.0000000000
75449  26.086  -55.942  -6.028 0.0000000000
75450  25.379  -56.813  -6.237 0.0000000000
75451  26.066  -56.613  -6.026 0.0000000000
75452  29.544  -54.616  -5.322 0.0000000000
75453  28.856  -54.674  -5.395 0.0000000000
75454  28.828  -55.409  -5.299 0.0000000000
75455  27.380  -57.623  -5.420 0.0000000000
75456  27.453  -56.933  -5.515 0.0000000000
75457  26.764  -57.731  -5.707 0.0000000000
75458  26.051  -57.841  -5.998 0.0000000000
75459  26.015  -58.454  -5.987 0.0000000000
75461  25.994  -59.082  -5.943 0.0000000000
79584  23.763  -51.917  -6.528 0.0000000000
79585  23.701  -51.247  -6.544 0.0000000000
79586  24.886  -48.718  -6.301 0.0000000000
79587  24.969  -49.465  -6.227 0.0000000000
79588  25.492  -48.495  -6.190 0.0000000000
79589  26.103  -48.274  -6.119 0.0000000000
79590  25.977  -47.525  -6.232 0.0000000000
79591  24.379  -45.591  -7.298 0.0000000000
79592  24.489  -46.381  -7.023 0.0000000000
79593  24.906  -45.507  -7.098 0.0000000000
79594  26.508  -44.449  -7.150 0.0000000000
79595  26.070  -45.235  -6.879 0.0000000000
79596  26.692  -45.091  -6.809 0.0000000000
79597  26.861  -45.808  -6.565 0.0000000000
79598  27.325  -45.008  -6.751 0.0000000000
79599  27.992  -44.907  -6.711 0.0000000000
79600  27.843  -44.246  -7.044 0.0000000000
79601  28.158  -42.197  -8.336 0.0000000000
79602  28.545  -42.823  -7.877 0.0000000000
79603  28.816  -42.147  -8.355 0.0000000000
79604  29.462  -42.058  -8.404 0.0000000000
79605  29.070  -41.465  -8.905 0.0000000000
89923  25.302  -38.641  -11.174 0.0000000000
89924  25.375  -39.314  -10.549 0.0000000000
89925  25.971  -39.437  -10.482 0.0000000000
89926  26.571  -40.140  -9.911 0.0000000000
89927  26.556  -39.471  -10.523 0.0000000000
89928  27.692  -38.754  -11.230 0.0000000000
89929  27.806  -39.525  -10.572 0.0000000000
89930  28.413  -39.468  -10.626 0.0000000000
89931  29.170  -40.094  -10.040 0.0000000000
89932  29.071  -39.360  -10.671 0.0000000000
90130  27.964  -36.286  -13.303 0.0000000000
90131  30.488  -37.532  -12.106 0.0000000000
90132  29.759  -37.667  -12.057 0.0000000000
90133  30.579  -38.307  -11.436 0.0000000000
90134  30.603  -39.076  -10.787 0.0000000000
90135  31.346  -38.886  -10.877 0.0000000000
90136  31.935  -39.460  -10.364 0.0000000000
90137  31.965  -38.727  -10.955 0.0000000000
92485  30.194  -43.205  -7.480 0.0000000000
92486  30.627  -43.812  -7.069 0.0000000000
92487  31.014  -43.080  -7.564 0.0000000000
92488  31.822  -42.958  -7.685 0.0000000000
92489  32.628  -42.774  -7.867 0.0000000000
92490  33.195  -42.603  -8.070 0.0000000000
92491  32.742  -42.047  -8.343 0.0000000000
92492  32.872  -41.352  -8.803 0.0000000000
92493  32.961  -40.638  -9.299 0.0000000000
94578  32.781  -51.975  -6.284 0.0000000000
94579  32.247  -52.831  -5.939 0.0000000000
95406  23.037  -44.005  -8.466 0.0000000000
98893  26.364  -49.651  -6.028 0.0000000000
98894  26.640  -50.311  -5.963 0.0000000000
98895  27.224  -49.437  -5.832 0.0000000000
98896  28.052  -49.248  -5.646 0.0000000000
98897  28.835  -49.089  -5.483 0.0000000000
98898  32.091  -46.330  -6.029 0.0000000000
98899  31.511  -47.122  -5.698 0.0000000000
98900  32.317  -46.988  -5.939 0.0000000000
98901  32.440  -47.700  -5.902 0.0000000000
98902  32.664  -48.384  -5.961 0.0000000000
98903  32.787  -49.070  -6.006 0.0000000000
98904  33.342  -48.280  -6.323 0.0000000000
98905  33.901  -48.219  -6.700 0.0000000000
105171  27.242  -53.064  -5.555 0.0000000000
105172  26.571  -53.920  -5.776 0.0000000000
105173  27.292  -53.631  -5.638 0.0000000000
105174  27.353  -54.226  -5.669 0.0000000000
105175  27.391  -54.891  -5.700 0.0000000000
105176  29.508  -56.040  -5.123 0.0000000000
105177  28.822  -56.078  -5.206 0.0000000000
105178  28.752  -56.813  -5.101 0.0000000000
105179  28.015  -57.560  -5.174 0.0000000000
105180  27.353  -58.275  -5.336 0.0000000000
105181  26.653  -59.010  -5.578 0.0000000000
107654  23.084  -50.683  -6.960 0.0000000000
107655  23.717  -50.545  -6.613 0.0000000000
107656  23.701  -49.796  -6.760 0.0000000000
107657  24.291  -48.875  -6.584 0.0000000000
107658  24.702  -47.946  -6.534 0.0000000000
107659  25.119  -43.847  -7.657 0.0000000000
107660  25.273  -44.621  -7.307 0.0000000000
107661  25.713  -43.781  -7.589 0.0000000000
107662  26.308  -43.721  -7.538 0.0000000000
107663  26.926  -43.664  -7.496 0.0000000000
107664  27.579  -43.600  -7.446 0.0000000000
107665  27.292  -42.908  -7.907 0.0000000000
107666  27.530  -42.211  -8.348 0.0000000000
107667  27.843  -41.539  -8.837 0.0000000000
113859  25.757  -37.950  -11.837 0.0000000000
113860  26.474  -38.732  -11.173 0.0000000000
113861  26.342  -38.009  -11.834 0.0000000000
113862  26.955  -38.008  -11.862 0.0000000000
113863  27.584  -38.017  -11.871 0.0000000000
113982  28.672  -36.187  -13.373 0.0000000000
113983  29.362  -36.070  -13.426 0.0000000000
113984  30.390  -36.715  -12.805 0.0000000000
113985  31.215  -37.291  -12.228 0.0000000000
113986  31.892  -37.892  -11.621 0.0000000000
113987  31.807  -37.106  -12.301 0.0000000000
115957  28.478  -46.236  -6.114 0.0000000000
115958  28.787  -46.910  -5.879 0.0000000000
115959  29.336  -46.068  -6.051 0.0000000000
115960  30.167  -45.921  -6.047 0.0000000000
115961  30.967  -45.808  -6.067 0.0000000000
115962  31.054  -44.421  -6.709 0.0000000000
115963  31.439  -45.037  -6.427 0.0000000000
115964  31.808  -45.669  -6.138 0.0000000000
115965  32.593  -45.592  -6.402 0.0000000000
115966  33.311  -45.422  -6.748 0.0000000000
115967  33.945  -45.302  -7.095 0.0000000000
115968  34.464  -45.206  -7.441 0.0000000000
115969  34.263  -44.547  -7.497 0.0000000000
115972  33.802  -42.459  -8.297 0.0000000000
120840  30.180  -52.272  -5.410 0.0000000000
120841  29.515  -53.090  -5.397 0.0000000000
120842  30.325  -52.984  -5.380 0.0000000000
120843  30.249  -53.789  -5.322 0.0000000000
120844  30.239  -54.550  -5.331 0.0000000000
120845  31.603  -53.638  -5.664 0.0000000000
120846  30.932  -54.460  -5.425 0.0000000000
120847  30.210  -55.258  -5.239 0.0000000000
120848  30.205  -55.970  -5.174 0.0000000000
120849  30.123  -56.736  -5.034 0.0000000000
122770  22.523  -47.553  -8.234 0.0000000000
122771  23.018  -47.511  -7.815 0.0000000000
122772  23.503  -47.395  -7.408 0.0000000000
122773  23.413  -46.590  -7.659 0.0000000000
122774  23.833  -45.695  -7.599 0.0000000000
122775  24.193  -44.807  -7.614 0.0000000000
122776  23.525  -44.037  -8.190 0.0000000000
122777  24.025  -43.990  -7.979 0.0000000000
122778  24.547  -43.922  -7.802 0.0000000000
122779  24.930  -43.090  -8.090 0.0000000000
122780  25.180  -42.261  -8.469 0.0000000000
122781  25.346  -41.477  -8.903 0.0000000000
130695  24.774  -53.013  -6.336 0.0000000000
130696  25.574  -52.837  -6.113 0.0000000000
130697  26.364  -52.663  -5.833 0.0000000000
130698  26.804  -51.075  -5.806 0.0000000000
130699  26.960  -51.809  -5.651 0.0000000000
130700  27.119  -52.431  -5.581 0.0000000000
130701  27.867  -52.203  -5.430 0.0000000000
130702  28.581  -51.917  -5.367 0.0000000000
130703  29.348  -51.672  -5.366 0.0000000000
130704  29.086  -47.564  -5.706 0.0000000000
130705  29.322  -48.251  -5.529 0.0000000000
130706  29.620  -48.912  -5.396 0.0000000000
130707  30.950  -47.899  -5.551 0.0000000000
130708  30.436  -48.728  -5.392 0.0000000000
130709  29.744  -49.560  -5.311 0.0000000000
130710  29.927  -50.216  -5.322 0.0000000000
130711  29.935  -50.871  -5.358 0.0000000000
130712  30.130  -51.518  -5.397 0.0000000000
130713  30.882  -51.424  -5.451 0.0000000000
130714  31.578  -51.383  -5.606 0.0000000000
130715  32.218  -51.293  -5.884 0.0000000000
130716  32.819  -49.799  -6.014 0.0000000000
130717  32.793  -50.502  -6.120 0.0000000000
130718  32.787  -51.229  -6.228 0.0000000000
143733  25.987  -54.767  -5.986 0.0000000000
143734  25.356  -55.583  -6.230 0.0000000000
143739  28.821  -53.928  -5.429 0.0000000000
143740  28.080  -54.784  -5.537 0.0000000000
143741  27.413  -55.576  -5.684 0.0000000000
143742  28.150  -56.137  -5.394 0.0000000000
143743  27.439  -56.254  -5.613 0.0000000000
143744  26.769  -56.393  -5.808 0.0000000000
143745  26.079  -57.281  -5.994 0.0000000000
143746  25.334  -58.036  -6.225 0.0000000000
148736  24.509  -51.713  -6.341 0.0000000000
148737  25.094  -50.763  -6.260 0.0000000000
148738  24.364  -50.356  -6.363 0.0000000000
148739  25.015  -50.112  -6.221 0.0000000000
148740  25.675  -49.809  -6.194 0.0000000000
148741  26.215  -48.949  -6.067 0.0000000000
148742  26.740  -48.064  -6.079 0.0000000000
148743  27.273  -47.201  -6.102 0.0000000000
148744  24.020  -47.294  -7.018 0.0000000000
148745  24.590  -47.164  -6.748 0.0000000000
148746  25.202  -46.998  -6.557 0.0000000000
148747  25.478  -45.384  -6.963 0.0000000000
148748  25.655  -46.124  -6.668 0.0000000000
148749  25.828  -46.792  -6.444 0.0000000000
148750  26.457  -46.642  -6.381 0.0000000000
148751  27.107  -46.493  -6.319 0.0000000000
148752  27.766  -46.365  -6.235 0.0000000000
148753  28.247  -45.524  -6.420 0.0000000000
148754  28.714  -44.749  -6.684 0.0000000000
148755  29.119  -44.038  -7.005 0.0000000000
148756  28.240  -43.507  -7.433 0.0000000000
148757  28.892  -43.400  -7.440 0.0000000000
148758  29.522  -43.317  -7.441 0.0000000000
148759  29.828  -42.603  -7.911 0.0000000000
148760  30.111  -41.948  -8.465 0.0000000000
148761  30.375  -41.221  -8.973 0.0000000000
161149  24.270  -40.653  -9.507 0.0000000000
161150  24.861  -40.692  -9.448 0.0000000000
161151  25.424  -40.731  -9.436 0.0000000000
161158  24.803  -39.194  -10.613 0.0000000000
161159  25.399  -40.003  -9.969 0.0000000000
161160  25.998  -40.787  -9.391 0.0000000000
161161  26.563  -40.835  -9.354 0.0000000000
161162  27.159  -40.863  -9.351 0.0000000000
161163  27.820  -40.855  -9.383 0.0000000000
161164  27.175  -39.505  -10.549 0.0000000000
161165  27.814  -40.184  -9.976 0.0000000000
161166  28.475  -40.807  -9.435 0.0000000000
161167  29.089  -40.743  -9.483 0.0000000000
161168  29.756  -40.668  -9.497 0.0000000000
161169  30.421  -40.565  -9.553 0.0000000000
161405  27.421  -37.229  -12.569 0.0000000000
161406  28.315  -37.946  -11.910 0.0000000000
161407  28.907  -36.995  -12.686 0.0000000000
161408  29.041  -37.819  -11.974 0.0000000000
161409  29.052  -38.626  -11.308 0.0000000000
161410  29.858  -39.222  -10.724 0.0000000000
161411  30.598  -39.843  -10.164 0.0000000000
161412  31.203  -40.399  -9.653 0.0000000000
161413  31.849  -40.223  -9.752 0.0000000000
161414  32.440  -40.020  -9.842 0.0000000000
161415  33.051  -39.796  -9.976 0.0000000000
161416  32.534  -38.486  -11.088 0.0000000000
161417  33.119  -38.987  -10.613 0.0000000000
