#!ascii label  , from subject fsaverage vox2ras=TkReg
1780
74  -8.258  5.947  36.421 0.0000000000
194  -11.876  -0.834  41.101 0.0000000000
422  -4.378  12.164  30.484 0.0000000000
508  -13.235  30.897  22.318 0.0000000000
509  -8.292  21.804  27.857 0.0000000000
510  -11.817  14.242  34.264 0.0000000000
675  -12.239  -6.709  41.686 0.0000000000
944  -5.907  9.542  34.397 0.0000000000
945  -4.382  5.849  32.169 0.0000000000
946  -4.530  3.416  36.101 0.0000000000
1116  -11.367  25.920  24.584 0.0000000000
1117  -13.458  22.181  29.322 0.0000000000
1118  -10.641  17.832  30.794 0.0000000000
1119  -13.542  18.980  33.820 0.0000000000
1502  -10.391  2.282  38.341 0.0000000000
1503  -6.645  -0.186  38.856 0.0000000000
1504  -9.962  -3.556  39.612 0.0000000000
2168  -10.246  33.599  17.721 0.0000000000
2169  -7.395  30.168  21.340 0.0000000000
2170  -5.441  25.086  23.539 0.0000000000
2171  -5.168  19.392  25.189 0.0000000000
2172  -6.276  17.503  29.537 0.0000000000
2173  -8.357  13.951  32.465 0.0000000000
2174  -9.946  10.584  35.325 0.0000000000
2176  -11.450  11.557  38.298 0.0000000000
2177  -11.048  7.374  38.536 0.0000000000
2178  -11.298  3.884  41.667 0.0000000000
2864  -6.893  7.872  35.534 0.0000000000
2865  -5.063  6.777  35.337 0.0000000000
2866  -5.898  5.013  36.651 0.0000000000
3029  -5.729  35.700  15.248 0.0000000000
3036  -13.636  25.355  28.675 0.0000000000
3037  -13.434  23.484  31.390 0.0000000000
3038  -13.648  20.590  31.637 0.0000000000
3039  -12.907  21.875  33.703 0.0000000000
3464  -11.290  0.633  39.622 0.0000000000
3465  -9.980  -0.666  39.082 0.0000000000
3466  -11.261  -2.227  39.980 0.0000000000
3468  -11.333  -8.000  40.834 0.0000000000
4274  -4.628  13.101  28.330 0.0000000000
4282  -6.717  -3.383  39.524 0.0000000000
4283  -5.058  -1.574  38.958 0.0000000000
4785  -11.991  32.046  19.816 0.0000000000
4786  -9.105  31.956  19.321 0.0000000000
4787  -11.005  30.007  21.214 0.0000000000
4788  -9.852  23.743  26.199 0.0000000000
4789  -7.781  26.032  24.691 0.0000000000
4790  -6.731  23.742  26.142 0.0000000000
4791  -5.006  22.317  24.423 0.0000000000
4792  -6.131  21.348  27.273 0.0000000000
4793  -5.339  18.840  27.596 0.0000000000
4794  -7.297  19.846  28.875 0.0000000000
4795  -11.420  15.849  32.403 0.0000000000
4796  -9.299  15.898  31.600 0.0000000000
4797  -10.020  14.093  33.125 0.0000000000
4798  -9.273  12.068  33.885 0.0000000000
4799  -10.522  12.577  34.821 0.0000000000
4805  -10.906  10.195  40.140 0.0000000000
4806  -10.477  9.794  38.654 0.0000000000
4807  -10.485  8.087  40.307 0.0000000000
4808  -11.254  5.601  40.113 0.0000000000
4809  -10.599  6.321  41.882 0.0000000000
5822  -12.146  -2.427  42.691 0.0000000000
5823  -12.144  -3.761  41.346 0.0000000000
6308  -5.085  10.996  32.620 0.0000000000
6309  -4.354  9.012  31.281 0.0000000000
6310  -4.796  7.908  33.396 0.0000000000
6311  -4.436  4.787  34.169 0.0000000000
6615  -13.671  29.856  25.210 0.0000000000
6616  -12.613  28.357  23.430 0.0000000000
6617  -13.503  26.849  25.866 0.0000000000
6618  -12.747  24.019  26.762 0.0000000000
6619  -11.361  21.618  28.125 0.0000000000
6620  -9.495  19.914  29.422 0.0000000000
6621  -12.276  19.802  29.915 0.0000000000
6622  -12.972  17.958  31.785 0.0000000000
6623  -12.993  16.287  33.818 0.0000000000
7346  -9.456  4.067  37.262 0.0000000000
7347  -7.215  3.039  37.585 0.0000000000
7348  -8.593  1.122  38.366 0.0000000000
7349  -8.333  -2.035  39.194 0.0000000000
7350  -8.326  -4.978  39.893 0.0000000000
7351  -11.296  -5.172  40.546 0.0000000000
7352  -9.981  -6.544  40.140 0.0000000000
8449  -5.168  1.786  37.863 0.0000000000
9068  -8.736  35.647  15.742 0.0000000000
9069  -7.164  34.002  17.514 0.0000000000
9070  -5.966  31.883  18.920 0.0000000000
9071  -5.232  28.867  19.876 0.0000000000
9072  -9.516  28.009  22.897 0.0000000000
9073  -6.163  27.843  22.678 0.0000000000
9079  -4.654  15.995  27.743 0.0000000000
9080  -5.115  14.909  30.093 0.0000000000
9081  -8.319  17.986  30.267 0.0000000000
9082  -7.355  15.779  31.035 0.0000000000
9083  -6.144  13.485  31.993 0.0000000000
9084  -7.137  11.751  33.479 0.0000000000
9085  -8.129  9.944  34.661 0.0000000000
9086  -9.352  8.244  35.736 0.0000000000
9088  -12.721  17.376  35.905 0.0000000000
9089  -12.641  14.799  35.867 0.0000000000
9092  -11.752  12.793  36.320 0.0000000000
9093  -10.595  11.174  36.726 0.0000000000
9094  -10.610  9.043  36.872 0.0000000000
9095  -10.546  6.469  36.942 0.0000000000
9096  -11.093  4.811  38.265 0.0000000000
9097  -11.457  3.046  39.770 0.0000000000
9098  -11.664  1.485  41.350 0.0000000000
9100  -11.099  2.189  43.316 0.0000000000
9101  -11.618  -0.126  43.027 0.0000000000
10544  -7.522  6.838  35.998 0.0000000000
10545  -6.386  6.511  36.116 0.0000000000
10546  -7.077  5.523  36.550 0.0000000000
10709  -6.356  36.821  14.545 0.0000000000
10716  -12.956  25.108  31.044 0.0000000000
10717  -12.637  24.108  32.324 0.0000000000
10718  -13.190  22.667  32.556 0.0000000000
11144  -11.618  -0.137  40.309 0.0000000000
11145  -11.258  -0.786  39.856 0.0000000000
11146  -11.756  -1.515  40.462 0.0000000000
11954  -4.321  12.646  29.363 0.0000000000
11955  -4.805  11.563  28.873 0.0000000000
11956  -4.392  11.097  29.779 0.0000000000
11962  -6.717  -4.921  39.993 0.0000000000
11963  -5.888  -4.121  39.757 0.0000000000
12463  -13.359  32.222  21.848 0.0000000000
12464  -12.948  32.686  20.417 0.0000000000
12465  -12.770  31.423  21.030 0.0000000000
12466  -11.585  31.010  20.526 0.0000000000
12467  -12.388  30.292  21.671 0.0000000000
12468  -9.087  22.781  27.080 0.0000000000
12469  -8.067  23.841  26.386 0.0000000000
12470  -7.522  22.841  27.034 0.0000000000
12471  -6.421  22.561  26.694 0.0000000000
12472  -7.197  21.718  27.637 0.0000000000
12473  -6.757  20.631  28.095 0.0000000000
12474  -7.758  20.865  28.404 0.0000000000
12475  -11.654  14.995  33.305 0.0000000000
12476  -10.618  14.974  32.825 0.0000000000
12477  -10.891  14.174  33.663 0.0000000000
12478  -10.319  13.294  33.967 0.0000000000
12479  -11.125  13.453  34.548 0.0000000000
12485  -10.691  9.479  40.954 0.0000000000
12486  -10.464  9.272  40.318 0.0000000000
12487  -10.335  8.433  41.106 0.0000000000
12488  -10.519  7.236  41.109 0.0000000000
12489  -10.404  7.572  41.850 0.0000000000
14354  -5.507  10.257  33.609 0.0000000000
14355  -4.968  9.435  33.055 0.0000000000
14356  -5.231  8.850  34.068 0.0000000000
14357  -4.734  5.155  35.660 0.0000000000
14358  -4.653  5.855  34.737 0.0000000000
14359  -4.462  4.146  35.103 0.0000000000
14360  -4.332  3.107  34.599 0.0000000000
14361  -4.331  2.452  35.590 0.0000000000
14865  -13.508  29.266  26.647 0.0000000000
14866  -13.642  28.390  25.534 0.0000000000
14867  -13.606  27.681  26.960 0.0000000000
14868  -13.672  23.738  28.998 0.0000000000
14869  -13.497  24.585  27.559 0.0000000000
14870  -13.165  23.129  28.015 0.0000000000
14871  -12.114  22.769  27.383 0.0000000000
14872  -12.602  21.760  28.560 0.0000000000
14873  -11.839  20.703  29.046 0.0000000000
14874  -12.968  20.981  29.562 0.0000000000
14875  -13.642  19.805  32.744 0.0000000000
14876  -13.408  19.207  31.702 0.0000000000
14877  -13.508  18.388  32.747 0.0000000000
14878  -13.045  17.111  32.800 0.0000000000
14879  -13.375  17.598  33.858 0.0000000000
16154  -9.860  3.135  37.782 0.0000000000
16155  -8.857  2.571  37.798 0.0000000000
16156  -9.494  1.662  38.253 0.0000000000
16157  -9.915  -2.140  39.318 0.0000000000
16158  -9.133  -1.286  39.068 0.0000000000
16159  -9.090  -2.843  39.374 0.0000000000
16160  -8.287  -3.513  39.499 0.0000000000
16161  -9.144  -4.285  39.743 0.0000000000
16162  -12.171  -5.204  41.559 0.0000000000
16163  -11.774  -4.471  40.863 0.0000000000
16164  -11.792  -5.934  41.088 0.0000000000
16166  -10.708  -7.248  40.438 0.0000000000
16167  -9.953  -8.019  40.416 0.0000000000
16168  -9.159  -7.237  40.196 0.0000000000
18592  -4.353  7.469  31.674 0.0000000000
18593  -4.491  7.994  30.705 0.0000000000
18607  -6.748  1.529  38.272 0.0000000000
18608  -6.053  2.517  37.812 0.0000000000
18609  -5.817  0.838  38.498 0.0000000000
18611  -4.552  -0.733  38.170 0.0000000000
20111  -11.779  33.840  18.033 0.0000000000
20113  -11.135  34.654  16.871 0.0000000000
20114  -10.424  35.496  15.809 0.0000000000
20115  -9.507  34.637  16.765 0.0000000000
20116  -7.798  34.886  16.728 0.0000000000
20117  -8.661  33.820  17.635 0.0000000000
20118  -8.150  31.084  20.337 0.0000000000
20119  -7.316  32.148  19.350 0.0000000000
20120  -6.493  31.178  20.250 0.0000000000
20121  -5.461  30.479  19.470 0.0000000000
20122  -5.979  29.882  20.873 0.0000000000
20123  -12.026  27.141  23.930 0.0000000000
20124  -11.261  27.991  22.968 0.0000000000
20125  -10.489  26.971  23.683 0.0000000000
20126  -6.397  25.807  24.376 0.0000000000
20127  -6.913  27.018  23.769 0.0000000000
20128  -5.824  26.493  23.094 0.0000000000
20129  -5.315  27.041  21.755 0.0000000000
20130  -5.092  25.552  22.107 0.0000000000
20133  -5.062  20.862  24.846 0.0000000000
20139  -5.402  18.046  25.359 0.0000000000
20140  -5.710  18.270  28.664 0.0000000000
20141  -4.970  17.386  27.640 0.0000000000
20142  -5.243  16.909  28.841 0.0000000000
20143  -4.726  15.483  28.956 0.0000000000
20144  -5.718  16.221  29.784 0.0000000000
20145  -10.044  18.863  30.102 0.0000000000
20146  -8.783  18.981  29.873 0.0000000000
20147  -9.295  17.899  30.562 0.0000000000
20148  -8.872  14.963  32.059 0.0000000000
20149  -8.382  15.943  31.352 0.0000000000
20150  -7.842  14.885  31.808 0.0000000000
20151  -6.728  14.658  31.525 0.0000000000
20152  -7.245  13.797  32.257 0.0000000000
20153  -6.663  12.660  32.754 0.0000000000
20154  -7.784  12.802  32.930 0.0000000000
20155  -9.658  11.370  34.598 0.0000000000
20156  -8.778  11.026  34.246 0.0000000000
20157  -9.229  10.194  34.916 0.0000000000
20158  -8.728  9.056  35.204 0.0000000000
20159  -9.709  9.439  35.519 0.0000000000
20166  -12.738  16.052  35.866 0.0000000000
20167  -12.508  15.255  36.839 0.0000000000
20173  -11.915  12.355  37.981 0.0000000000
20174  -12.131  13.076  37.043 0.0000000000
20175  -11.627  12.166  37.310 0.0000000000
20176  -11.108  12.058  36.560 0.0000000000
20177  -10.980  11.462  37.547 0.0000000000
20178  -10.705  8.588  38.616 0.0000000000
20179  -10.597  9.391  37.743 0.0000000000
20180  -10.910  8.181  37.703 0.0000000000
20181  -10.686  7.796  36.915 0.0000000000
20182  -11.025  6.955  37.649 0.0000000000
20183  -10.877  5.649  37.604 0.0000000000
20184  -11.233  6.091  38.396 0.0000000000
20185  -11.295  4.698  40.893 0.0000000000
20186  -11.434  4.317  39.987 0.0000000000
20187  -11.494  3.474  40.697 0.0000000000
20188  -11.606  2.227  40.525 0.0000000000
20189  -11.495  2.659  41.483 0.0000000000
20196  -11.320  1.031  43.168 0.0000000000
23588  -6.337  8.740  35.044 0.0000000000
23589  -5.429  8.238  34.939 0.0000000000
23590  -5.840  7.443  35.599 0.0000000000
23591  -5.371  5.987  36.073 0.0000000000
23592  -5.031  4.333  36.465 0.0000000000
23896  -13.430  26.903  28.318 0.0000000000
23897  -13.178  26.083  29.698 0.0000000000
23898  -13.546  24.454  30.050 0.0000000000
23899  -13.719  22.822  30.340 0.0000000000
23900  -13.594  21.382  30.494 0.0000000000
23901  -13.664  22.026  31.554 0.0000000000
23902  -13.495  21.254  32.704 0.0000000000
23903  -13.319  20.430  33.837 0.0000000000
24668  -10.930  1.419  38.958 0.0000000000
24669  -10.192  0.787  38.724 0.0000000000
24670  -10.722  0.019  39.292 0.0000000000
24671  -10.676  -1.450  39.486 0.0000000000
24672  -10.633  -2.957  39.727 0.0000000000
24674  -11.860  -7.371  41.221 0.0000000000
26140  -6.648  -1.864  39.191 0.0000000000
26141  -5.740  -0.904  39.021 0.0000000000
26142  -5.822  -2.427  39.316 0.0000000000
27044  -12.398  33.196  19.143 0.0000000000
27045  -11.191  32.742  18.676 0.0000000000
27046  -9.692  32.752  18.515 0.0000000000
27047  -10.715  31.841  19.391 0.0000000000
27048  -10.054  30.900  20.250 0.0000000000
27049  -9.217  29.999  21.186 0.0000000000
27050  -10.574  24.808  25.338 0.0000000000
27051  -9.645  25.943  24.533 0.0000000000
27052  -8.778  24.911  25.421 0.0000000000
27053  -7.138  24.940  25.476 0.0000000000
27054  -5.961  24.427  24.916 0.0000000000
27055  -5.122  23.692  23.976 0.0000000000
27056  -5.687  23.237  25.481 0.0000000000
27057  -5.499  21.947  25.960 0.0000000000
27058  -5.246  20.644  26.391 0.0000000000
27059  -5.065  19.157  26.372 0.0000000000
27060  -5.707  20.209  27.507 0.0000000000
27061  -6.301  19.558  28.433 0.0000000000
27062  -6.820  18.769  29.258 0.0000000000
27063  -11.092  16.784  31.577 0.0000000000
27064  -9.739  16.891  31.265 0.0000000000
27065  -10.194  15.862  31.991 0.0000000000
27066  -9.700  14.909  32.353 0.0000000000
27067  -9.255  13.993  32.784 0.0000000000
27068  -8.803  12.957  33.183 0.0000000000
27069  -9.595  13.133  33.522 0.0000000000
27070  -9.974  12.381  34.264 0.0000000000
27071  -10.148  11.687  35.065 0.0000000000
27081  -11.208  10.871  39.241 0.0000000000
27082  -10.857  10.783  38.508 0.0000000000
27083  -10.660  10.079  39.497 0.0000000000
27084  -10.467  8.978  39.495 0.0000000000
27085  -10.790  7.718  39.425 0.0000000000
27086  -11.177  6.503  39.312 0.0000000000
27087  -10.851  6.854  40.265 0.0000000000
27088  -10.902  5.987  40.996 0.0000000000
27089  -10.968  5.104  41.778 0.0000000000
28946  -12.073  -1.604  41.868 0.0000000000
28947  -12.092  -2.324  41.179 0.0000000000
28948  -12.280  -3.087  41.989 0.0000000000
28949  -12.363  -4.525  42.106 0.0000000000
28950  -12.462  -5.949  42.297 0.0000000000
30080  -4.699  11.636  31.568 0.0000000000
30081  -4.348  10.639  30.889 0.0000000000
30082  -4.606  10.075  31.999 0.0000000000
30083  -4.566  8.524  32.350 0.0000000000
30084  -4.501  6.875  32.727 0.0000000000
30085  -4.930  7.411  34.412 0.0000000000
30086  -4.608  6.417  33.764 0.0000000000
30087  -4.414  5.307  33.149 0.0000000000
30088  -4.321  3.637  33.595 0.0000000000
30795  -13.544  30.402  23.727 0.0000000000
30796  -13.014  29.637  22.866 0.0000000000
30797  -13.463  28.989  24.167 0.0000000000
30798  -13.142  27.569  24.608 0.0000000000
30799  -12.732  26.225  25.049 0.0000000000
30800  -13.633  26.103  27.243 0.0000000000
30801  -13.210  25.419  26.283 0.0000000000
30802  -12.114  24.923  25.591 0.0000000000
30803  -11.441  23.711  26.309 0.0000000000
30804  -10.700  22.673  27.052 0.0000000000
30805  -9.837  21.718  27.973 0.0000000000
30806  -8.937  20.910  28.649 0.0000000000
30807  -10.407  20.784  28.781 0.0000000000
30808  -10.989  19.759  29.578 0.0000000000
30809  -11.522  18.751  30.346 0.0000000000
30810  -13.234  20.067  30.657 0.0000000000
30811  -12.683  18.861  30.802 0.0000000000
30812  -11.940  17.739  31.146 0.0000000000
30813  -12.240  16.779  32.007 0.0000000000
30814  -12.421  15.961  32.970 0.0000000000
30815  -12.457  15.165  33.989 0.0000000000
32558  -8.911  4.998  36.827 0.0000000000
32559  -7.784  4.503  36.993 0.0000000000
32560  -8.365  3.512  37.390 0.0000000000
32561  -7.829  2.077  37.989 0.0000000000
32562  -7.582  0.565  38.580 0.0000000000
32563  -9.343  0.223  38.697 0.0000000000
32564  -8.419  -0.459  38.811 0.0000000000
32565  -7.498  -1.189  39.015 0.0000000000
32566  -7.528  -2.730  39.304 0.0000000000
32567  -7.499  -4.170  39.719 0.0000000000
32568  -7.545  -5.718  40.076 0.0000000000
32569  -11.773  -3.014  40.616 0.0000000000
32570  -11.256  -3.696  40.254 0.0000000000
32571  -10.660  -4.388  40.042 0.0000000000
32572  -11.317  -6.602  40.677 0.0000000000
32573  -10.679  -5.854  40.259 0.0000000000
32574  -9.916  -5.075  39.938 0.0000000000
32575  -9.141  -5.814  39.997 0.0000000000
32576  -8.344  -6.470  40.079 0.0000000000
35605  -4.446  9.527  30.261 0.0000000000
35623  -6.533  4.007  37.190 0.0000000000
35624  -5.512  3.444  37.189 0.0000000000
35625  -4.722  2.673  37.033 0.0000000000
35626  -5.078  0.105  38.478 0.0000000000
35627  -4.562  0.992  37.650 0.0000000000
35628  -4.357  1.742  36.649 0.0000000000
37448  -8.018  36.622  14.700 0.0000000000
37449  -6.995  35.922  15.727 0.0000000000
37450  -6.331  34.849  16.507 0.0000000000
37451  -6.037  33.647  17.018 0.0000000000
37452  -8.083  33.035  18.469 0.0000000000
37453  -6.629  33.023  18.255 0.0000000000
37454  -5.647  32.360  17.484 0.0000000000
37455  -5.230  30.895  17.943 0.0000000000
37458  -11.885  29.087  22.303 0.0000000000
37459  -10.293  28.985  22.026 0.0000000000
37460  -8.420  29.080  22.154 0.0000000000
37461  -8.598  27.000  23.826 0.0000000000
37462  -7.620  28.072  23.038 0.0000000000
37463  -6.662  29.068  22.112 0.0000000000
37464  -5.634  28.461  21.267 0.0000000000
37479  -4.965  17.716  26.414 0.0000000000
37480  -4.861  16.310  26.664 0.0000000000
37481  -5.003  14.951  27.017 0.0000000000
37482  -4.508  14.565  28.025 0.0000000000
37483  -4.402  14.098  29.153 0.0000000000
37484  -4.626  13.632  30.314 0.0000000000
37485  -8.247  19.953  29.203 0.0000000000
37486  -7.819  18.927  29.634 0.0000000000
37487  -7.344  17.893  29.959 0.0000000000
37488  -8.821  16.929  30.925 0.0000000000
37489  -7.884  16.899  30.664 0.0000000000
37490  -6.817  16.707  30.313 0.0000000000
37491  -6.251  15.482  30.681 0.0000000000
37492  -5.618  14.237  31.135 0.0000000000
37493  -5.061  13.003  31.382 0.0000000000
37494  -5.551  12.280  32.348 0.0000000000
37495  -6.033  11.498  33.272 0.0000000000
37496  -6.529  10.642  33.982 0.0000000000
37497  -8.282  11.855  33.600 0.0000000000
37498  -7.644  10.831  34.049 0.0000000000
37499  -6.929  9.758  34.571 0.0000000000
37500  -7.530  8.875  35.108 0.0000000000
37501  -8.169  7.933  35.603 0.0000000000
37502  -8.814  7.067  36.063 0.0000000000
37504  -12.540  20.982  34.785 0.0000000000
37505  -12.999  19.576  34.861 0.0000000000
37507  -12.556  18.703  35.887 0.0000000000
37508  -13.191  18.176  34.924 0.0000000000
37509  -13.106  16.866  34.862 0.0000000000
37510  -12.885  15.571  34.891 0.0000000000
37511  -12.440  14.454  35.056 0.0000000000
37518  -12.453  14.102  36.838 0.0000000000
37519  -12.259  13.696  36.041 0.0000000000
37520  -11.853  13.479  35.301 0.0000000000
37521  -11.183  12.734  35.577 0.0000000000
37522  -10.582  11.871  35.786 0.0000000000
37523  -10.319  10.906  35.952 0.0000000000
37524  -10.506  10.513  37.679 0.0000000000
37525  -10.517  10.174  36.825 0.0000000000
37526  -10.289  9.784  36.063 0.0000000000
37527  -10.204  8.611  36.172 0.0000000000
37528  -9.989  7.420  36.315 0.0000000000
37529  -9.504  6.161  36.521 0.0000000000
37530  -10.099  5.249  36.965 0.0000000000
37531  -10.440  4.321  37.615 0.0000000000
37532  -10.737  3.510  38.212 0.0000000000
37533  -11.339  5.220  39.149 0.0000000000
37534  -11.271  3.913  38.981 0.0000000000
37535  -11.119  2.644  38.956 0.0000000000
37536  -11.436  1.844  39.708 0.0000000000
37537  -11.633  1.008  40.444 0.0000000000
37538  -11.807  0.289  41.234 0.0000000000
37540  -10.653  5.424  42.613 0.0000000000
37541  -10.942  4.213  42.557 0.0000000000
37544  -11.216  2.998  42.422 0.0000000000
37545  -11.415  1.816  42.306 0.0000000000
37546  -11.609  0.666  42.199 0.0000000000
37547  -11.886  -0.485  42.049 0.0000000000
37548  -11.916  -1.259  42.852 0.0000000000
41264  -7.872  6.406  36.200 0.0000000000
41265  -7.304  6.194  36.255 0.0000000000
41266  -7.701  5.730  36.474 0.0000000000
41438  -12.469  23.753  32.868 0.0000000000
41864  -11.789  -0.461  40.707 0.0000000000
41865  -11.668  -0.821  40.414 0.0000000000
41866  -11.889  -1.156  40.751 0.0000000000
42674  -4.268  12.383  29.921 0.0000000000
42675  -4.353  11.860  29.572 0.0000000000
42676  -4.279  11.636  30.091 0.0000000000
42682  -6.707  -5.704  40.164 0.0000000000
43181  -13.482  31.331  22.760 0.0000000000
43183  -13.326  31.551  22.066 0.0000000000
43184  -13.120  31.796  21.401 0.0000000000
43185  -13.031  31.146  21.664 0.0000000000
43186  -12.592  30.864  21.350 0.0000000000
43187  -12.865  30.550  21.960 0.0000000000
43188  -8.638  22.321  27.468 0.0000000000
43189  -8.263  22.841  27.084 0.0000000000
43190  -7.895  22.334  27.419 0.0000000000
43191  -7.363  22.306  27.311 0.0000000000
43192  -7.677  21.766  27.767 0.0000000000
43193  -7.465  21.273  28.039 0.0000000000
43194  -7.991  21.337  28.146 0.0000000000
43195  -11.733  14.603  33.783 0.0000000000
43196  -11.263  14.585  33.491 0.0000000000
43197  -11.366  14.213  33.943 0.0000000000
43198  -11.006  13.798  34.100 0.0000000000
43199  -11.476  13.853  34.403 0.0000000000
43206  -10.445  8.997  41.017 0.0000000000
43207  -10.432  8.549  41.406 0.0000000000
43208  -10.364  7.996  41.476 0.0000000000
43209  -10.448  8.106  41.752 0.0000000000
45074  -5.727  9.921  34.024 0.0000000000
45075  -5.361  9.535  33.853 0.0000000000
45076  -5.514  9.229  34.273 0.0000000000
45077  -4.608  4.290  35.825 0.0000000000
45078  -4.548  4.657  35.378 0.0000000000
45079  -4.466  3.803  35.594 0.0000000000
45080  -4.364  3.356  35.330 0.0000000000
45081  -4.398  2.965  35.856 0.0000000000
45585  -13.356  28.911  27.335 0.0000000000
45586  -13.563  28.498  26.806 0.0000000000
45587  -13.441  28.111  27.496 0.0000000000
45588  -13.586  22.944  29.130 0.0000000000
45589  -13.481  23.418  28.468 0.0000000000
45590  -13.311  22.657  28.659 0.0000000000
45591  -12.909  22.424  28.284 0.0000000000
45592  -13.102  21.928  28.916 0.0000000000
45593  -12.789  21.367  29.055 0.0000000000
45594  -13.246  21.562  29.434 0.0000000000
45595  -13.596  19.404  33.279 0.0000000000
45596  -13.625  19.076  32.745 0.0000000000
45597  -13.622  18.657  33.272 0.0000000000
45598  -13.487  17.992  33.299 0.0000000000
45599  -13.510  18.270  33.841 0.0000000000
46874  -10.099  2.695  38.060 0.0000000000
46875  -9.651  2.408  38.016 0.0000000000
46876  -9.951  1.979  38.271 0.0000000000
46877  -9.915  -2.830  39.439 0.0000000000
46878  -9.507  -2.494  39.333 0.0000000000
46879  -9.507  -3.203  39.483 0.0000000000
46880  -9.100  -3.562  39.559 0.0000000000
46881  -9.553  -3.925  39.691 0.0000000000
46882  -12.206  -5.963  41.654 0.0000000000
46883  -12.009  -5.594  41.323 0.0000000000
46884  -12.024  -6.329  41.386 0.0000000000
49312  -4.343  6.711  31.872 0.0000000000
49313  -4.348  6.970  31.372 0.0000000000
49314  -4.381  6.170  31.645 0.0000000000
49327  -6.653  0.702  38.590 0.0000000000
49328  -6.229  1.215  38.409 0.0000000000
49329  -6.207  0.325  38.707 0.0000000000
50831  -11.033  33.673  17.830 0.0000000000
50832  -11.448  34.224  17.470 0.0000000000
50833  -10.692  34.125  17.299 0.0000000000
50834  -10.346  34.611  16.750 0.0000000000
50835  -9.888  34.140  17.238 0.0000000000
50836  -9.058  34.218  17.225 0.0000000000
50837  -9.498  33.709  17.655 0.0000000000
50838  -7.757  30.634  20.852 0.0000000000
50839  -7.280  31.208  20.369 0.0000000000
50840  -6.891  30.719  20.873 0.0000000000
50841  -6.203  30.555  20.601 0.0000000000
50842  -6.599  30.209  21.238 0.0000000000
50843  -11.700  26.534  24.233 0.0000000000
50844  -11.306  27.024  23.746 0.0000000000
50845  -10.922  26.449  24.117 0.0000000000
50846  -5.895  25.489  23.987 0.0000000000
50847  -6.103  26.195  23.716 0.0000000000
50848  -5.633  25.805  23.296 0.0000000000
50849  -5.364  26.023  22.652 0.0000000000
50850  -5.204  25.306  22.852 0.0000000000
50851  -5.024  24.850  22.277 0.0000000000
50852  -5.061  24.597  23.030 0.0000000000
50853  -5.118  20.124  25.014 0.0000000000
50859  -5.273  18.717  25.270 0.0000000000
50860  -5.996  17.911  29.153 0.0000000000
50861  -5.484  17.592  28.757 0.0000000000
50862  -5.757  17.270  29.230 0.0000000000
50863  -5.470  16.580  29.311 0.0000000000
50864  -6.011  16.879  29.656 0.0000000000
50865  -10.360  18.345  30.436 0.0000000000
50866  -9.620  18.397  30.353 0.0000000000
50867  -9.914  17.881  30.693 0.0000000000
50868  -8.612  14.490  32.257 0.0000000000
50869  -8.392  14.977  31.903 0.0000000000
50870  -8.107  14.431  32.125 0.0000000000
50871  -7.538  14.339  32.033 0.0000000000
50872  -7.811  13.875  32.348 0.0000000000
50873  -7.513  13.306  32.589 0.0000000000
50874  -8.079  13.382  32.687 0.0000000000
50875  -9.778  10.991  34.967 0.0000000000
50876  -9.450  10.785  34.768 0.0000000000
50877  -9.638  10.381  35.116 0.0000000000
50878  -9.455  9.794  35.230 0.0000000000
50879  -9.844  10.001  35.432 0.0000000000
50891  -11.614  11.585  38.643 0.0000000000
50892  -11.815  12.004  38.483 0.0000000000
50893  -11.674  11.863  38.155 0.0000000000
50894  -11.775  12.227  37.658 0.0000000000
50895  -11.508  11.844  37.798 0.0000000000
50896  -11.277  11.808  37.421 0.0000000000
50897  -11.220  11.514  37.926 0.0000000000
50898  -10.880  8.015  38.593 0.0000000000
50899  -10.816  8.412  38.172 0.0000000000
50900  -10.970  7.807  38.122 0.0000000000
50901  -10.996  7.598  37.673 0.0000000000
50902  -11.089  7.166  38.077 0.0000000000
50903  -11.142  6.535  38.018 0.0000000000
50904  -11.184  6.746  38.462 0.0000000000
50905  -11.307  4.297  41.275 0.0000000000
50906  -11.445  4.104  40.825 0.0000000000
50907  -11.421  3.676  41.192 0.0000000000
50908  -11.498  3.058  41.095 0.0000000000
50909  -11.391  3.256  41.569 0.0000000000
54674  -6.607  8.341  35.298 0.0000000000
54675  -6.059  8.144  35.336 0.0000000000
54676  -6.343  7.697  35.588 0.0000000000
54677  -6.130  5.783  36.391 0.0000000000
54678  -5.816  6.296  36.140 0.0000000000
54679  -5.616  5.534  36.396 0.0000000000
54680  -5.184  5.184  36.280 0.0000000000
54681  -5.416  4.727  36.613 0.0000000000
55169  -5.671  34.884  15.495 0.0000000000
55186  -12.961  26.877  29.477 0.0000000000
55187  -12.794  26.433  30.151 0.0000000000
55188  -13.221  24.309  31.206 0.0000000000
55189  -13.307  24.803  30.568 0.0000000000
55190  -13.497  23.956  30.721 0.0000000000
55191  -13.661  23.605  30.195 0.0000000000
55192  -13.627  23.149  30.874 0.0000000000
55193  -13.702  22.425  30.953 0.0000000000
55194  -13.585  22.760  31.474 0.0000000000
55195  -13.048  22.296  33.161 0.0000000000
55196  -13.360  21.959  32.653 0.0000000000
55197  -13.259  21.544  33.256 0.0000000000
55198  -13.418  20.839  33.282 0.0000000000
55199  -13.135  21.144  33.787 0.0000000000
56474  -11.110  1.022  39.285 0.0000000000
56475  -10.816  0.702  39.105 0.0000000000
56476  -11.017  0.315  39.432 0.0000000000
56477  -11.294  -1.468  39.908 0.0000000000
56478  -10.994  -1.099  39.649 0.0000000000
56479  -10.986  -1.831  39.725 0.0000000000
56480  -10.640  -2.212  39.583 0.0000000000
56481  -10.950  -2.592  39.835 0.0000000000
58904  -4.929  13.352  27.879 0.0000000000
58906  -5.028  12.565  28.155 0.0000000000
58907  -4.899  10.797  29.130 0.0000000000
58927  -6.713  -2.605  39.331 0.0000000000
58928  -6.239  -2.152  39.261 0.0000000000
58929  -6.277  -2.905  39.423 0.0000000000
60431  -12.537  32.318  20.090 0.0000000000
60432  -12.673  32.932  19.759 0.0000000000
60433  -12.186  32.593  19.459 0.0000000000
60434  -11.854  32.911  18.873 0.0000000000
60435  -11.587  32.371  19.217 0.0000000000
60436  -10.920  32.274  18.996 0.0000000000
60437  -11.374  31.882  19.560 0.0000000000
60438  -11.320  30.506  20.880 0.0000000000
60439  -10.890  30.912  20.339 0.0000000000
60440  -10.524  30.424  20.723 0.0000000000
60441  -9.670  30.420  20.693 0.0000000000
60442  -10.154  29.946  21.148 0.0000000000
60443  -10.209  24.285  25.753 0.0000000000
60444  -9.697  24.840  25.339 0.0000000000
60445  -9.328  24.317  25.798 0.0000000000
60446  -7.347  23.854  26.299 0.0000000000
60447  -7.586  24.419  25.936 0.0000000000
60448  -6.898  24.347  25.816 0.0000000000
60449  -6.507  24.782  25.278 0.0000000000
60450  -6.327  24.155  25.588 0.0000000000
60451  -5.804  23.845  25.227 0.0000000000
60452  -6.168  23.558  25.899 0.0000000000
60453  -6.275  21.959  26.985 0.0000000000
60454  -5.959  22.323  26.388 0.0000000000
60455  -5.811  21.674  26.668 0.0000000000
60456  -5.340  21.264  26.184 0.0000000000
60457  -5.627  21.065  26.916 0.0000000000
60458  -5.429  20.469  26.991 0.0000000000
60459  -5.877  20.812  27.440 0.0000000000
60460  -7.064  20.246  28.478 0.0000000000
60461  -6.556  20.108  28.274 0.0000000000
60462  -6.842  19.740  28.677 0.0000000000
60463  -6.553  19.199  28.883 0.0000000000
60464  -7.063  19.313  29.067 0.0000000000
60465  -11.273  16.273  32.000 0.0000000000
60466  -10.631  16.350  31.827 0.0000000000
60467  -10.840  15.817  32.218 0.0000000000
60468  -10.282  14.548  32.988 0.0000000000
60469  -10.085  14.938  32.580 0.0000000000
60470  -9.871  14.500  32.745 0.0000000000
60471  -9.516  14.461  32.566 0.0000000000
60472  -9.653  14.034  32.944 0.0000000000
60473  -9.424  13.548  33.155 0.0000000000
60474  -9.814  13.622  33.324 0.0000000000
60475  -10.439  12.924  34.394 0.0000000000
60476  -10.138  12.835  34.126 0.0000000000
60477  -10.267  12.455  34.499 0.0000000000
60478  -10.076  12.041  34.636 0.0000000000
60479  -10.312  12.129  34.949 0.0000000000
60494  -11.294  10.937  39.580 0.0000000000
60495  -11.041  10.536  39.722 0.0000000000
60496  -10.934  10.481  39.373 0.0000000000
60497  -10.821  10.153  39.834 0.0000000000
60498  -10.399  8.708  40.341 0.0000000000
60499  -10.459  9.161  39.921 0.0000000000
60500  -10.445  8.545  39.919 0.0000000000
60501  -10.580  8.358  39.453 0.0000000000
60502  -10.621  7.896  39.850 0.0000000000
60503  -10.832  7.287  39.825 0.0000000000
60504  -10.657  7.458  40.252 0.0000000000
60505  -10.577  6.735  41.498 0.0000000000
60506  -10.698  6.606  41.055 0.0000000000
60507  -10.746  6.145  41.435 0.0000000000
60508  -10.936  5.543  41.380 0.0000000000
60509  -10.774  5.715  41.807 0.0000000000
63674  -12.114  -1.991  42.288 0.0000000000
63675  -12.190  -2.344  41.941 0.0000000000
63676  -12.240  -2.751  42.347 0.0000000000
63678  -12.385  -4.206  42.420 0.0000000000
63679  -12.452  -4.926  42.532 0.0000000000
63680  -12.414  -5.241  42.211 0.0000000000
66104  -4.919  11.319  32.111 0.0000000000
66105  -4.654  10.852  31.817 0.0000000000
66106  -4.826  10.538  32.333 0.0000000000
66107  -4.914  8.668  33.217 0.0000000000
66108  -4.761  9.021  32.693 0.0000000000
66109  -4.698  8.189  32.878 0.0000000000
66110  -4.537  7.674  32.540 0.0000000000
66111  -4.647  7.396  33.060 0.0000000000
66112  -5.237  7.526  35.129 0.0000000000
66113  -5.136  7.868  34.712 0.0000000000
66114  -4.968  7.113  34.884 0.0000000000
66115  -4.525  5.354  34.447 0.0000000000
66116  -4.630  6.148  34.243 0.0000000000
66117  -4.514  5.633  33.961 0.0000000000
66118  -4.492  5.885  33.443 0.0000000000
66119  -4.432  5.056  33.668 0.0000000000
66120  -4.370  4.466  33.376 0.0000000000
66121  -4.364  4.189  33.882 0.0000000000
66122  -4.303  2.248  34.821 0.0000000000
66123  -4.282  2.538  34.316 0.0000000000
67633  -13.630  30.616  25.022 0.0000000000
67634  -13.612  30.881  24.295 0.0000000000
67635  -13.639  30.138  24.477 0.0000000000
67636  -13.524  29.696  23.952 0.0000000000
67637  -13.629  29.401  24.691 0.0000000000
67638  -13.588  27.602  25.684 0.0000000000
67639  -13.473  27.952  25.038 0.0000000000
67640  -13.345  27.212  25.218 0.0000000000
67641  -12.944  26.891  24.810 0.0000000000
67642  -13.204  26.502  25.426 0.0000000000
67643  -13.543  26.132  28.497 0.0000000000
67644  -13.591  26.500  27.767 0.0000000000
67645  -13.651  25.736  27.965 0.0000000000
67646  -13.213  24.267  27.119 0.0000000000
67647  -13.387  25.001  26.904 0.0000000000
67648  -12.993  24.727  26.472 0.0000000000
67649  -12.735  25.153  25.890 0.0000000000
67650  -12.438  24.476  26.167 0.0000000000
67651  -11.753  24.278  25.935 0.0000000000
67652  -12.134  23.828  26.495 0.0000000000
67653  -11.742  22.190  27.717 0.0000000000
67654  -11.430  22.709  27.158 0.0000000000
67655  -11.065  22.143  27.577 0.0000000000
67656  -10.325  22.138  27.497 0.0000000000
67657  -10.625  21.643  28.021 0.0000000000
67658  -10.126  21.258  28.382 0.0000000000
67659  -10.883  21.189  28.458 0.0000000000
67660  -12.075  20.232  29.479 0.0000000000
67661  -11.417  20.223  29.317 0.0000000000
67662  -11.647  19.683  29.720 0.0000000000
67663  -11.274  19.247  29.948 0.0000000000
67664  -11.898  19.260  30.126 0.0000000000
67665  -13.641  20.970  31.060 0.0000000000
67666  -13.436  20.699  30.571 0.0000000000
67667  -13.516  20.303  31.139 0.0000000000
67668  -13.206  18.564  31.724 0.0000000000
67669  -13.091  18.995  31.206 0.0000000000
67670  -12.846  18.401  31.303 0.0000000000
67671  -12.362  18.267  30.965 0.0000000000
67672  -12.499  17.807  31.422 0.0000000000
67673  -12.099  17.245  31.575 0.0000000000
67674  -12.631  17.340  31.863 0.0000000000
67675  -13.061  16.697  33.313 0.0000000000
67676  -12.753  16.529  32.857 0.0000000000
67677  -12.773  16.101  33.358 0.0000000000
67678  -12.443  15.548  33.484 0.0000000000
67679  -12.744  15.703  33.880 0.0000000000
71504  -9.185  4.518  37.017 0.0000000000
71505  -8.639  4.261  37.097 0.0000000000
71506  -8.913  3.762  37.293 0.0000000000
71507  -8.699  1.848  38.096 0.0000000000
71508  -8.331  2.315  37.872 0.0000000000
71509  -8.199  1.616  38.169 0.0000000000
71510  -7.679  1.354  38.292 0.0000000000
71511  -8.067  0.885  38.454 0.0000000000
71512  -10.112  0.026  38.923 0.0000000000
71513  -9.768  0.498  38.697 0.0000000000
71514  -9.683  -0.230  38.896 0.0000000000
71515  -8.726  -1.685  39.146 0.0000000000
71516  -8.785  -0.911  38.955 0.0000000000
71517  -8.323  -1.295  39.068 0.0000000000
71518  -7.950  -0.828  38.932 0.0000000000
71519  -7.928  -1.639  39.107 0.0000000000
71520  -7.503  -1.963  39.162 0.0000000000
71521  -7.928  -2.398  39.240 0.0000000000
71522  -8.310  -4.230  39.696 0.0000000000
71523  -7.896  -3.830  39.587 0.0000000000
71524  -7.879  -4.565  39.828 0.0000000000
71525  -7.499  -4.938  39.940 0.0000000000
71526  -7.930  -5.341  40.002 0.0000000000
71527  -12.127  -3.055  41.243 0.0000000000
71528  -11.992  -2.661  40.848 0.0000000000
71529  -11.991  -3.420  40.967 0.0000000000
71530  -11.552  -4.839  40.691 0.0000000000
71531  -11.507  -4.089  40.534 0.0000000000
71532  -11.271  -4.442  40.397 0.0000000000
71533  -10.974  -4.048  40.131 0.0000000000
71534  -10.990  -4.788  40.286 0.0000000000
71535  -11.606  -7.712  41.018 0.0000000000
71536  -11.599  -7.007  40.933 0.0000000000
71537  -11.325  -7.298  40.766 0.0000000000
71538  -10.337  -6.897  40.292 0.0000000000
71539  -10.682  -6.541  40.326 0.0000000000
71540  -10.321  -6.188  40.180 0.0000000000
71541  -10.302  -5.479  40.082 0.0000000000
71542  -9.918  -5.814  40.029 0.0000000000
71543  -9.542  -5.452  39.962 0.0000000000
71544  -9.543  -6.171  40.059 0.0000000000
71545  -8.828  -7.577  40.258 0.0000000000
71546  -8.759  -6.828  40.142 0.0000000000
71547  -8.426  -7.180  40.201 0.0000000000
71548  -8.012  -6.851  40.132 0.0000000000
78817  -4.347  9.825  31.098 0.0000000000
78818  -4.293  10.068  30.527 0.0000000000
78819  -4.309  9.262  30.728 0.0000000000
78862  -7.514  3.783  37.301 0.0000000000
78863  -7.172  4.272  37.093 0.0000000000
78864  -6.893  3.529  37.392 0.0000000000
78865  -5.580  2.167  37.857 0.0000000000
78866  -5.778  2.968  37.510 0.0000000000
78867  -5.301  2.621  37.525 0.0000000000
78868  -5.083  3.066  37.162 0.0000000000
78869  -4.903  2.268  37.465 0.0000000000
78870  -5.396  -1.212  38.977 0.0000000000
78871  -5.385  -0.394  38.774 0.0000000000
78872  -5.037  -0.737  38.716 0.0000000000
78874  -4.550  0.110  37.917 0.0000000000
78875  -4.367  0.525  37.445 0.0000000000
78876  -4.363  1.384  37.172 0.0000000000
78877  -4.320  0.889  36.925 0.0000000000
78878  -4.315  1.225  36.388 0.0000000000
83381  -9.595  35.516  15.762 0.0000000000
83382  -10.093  35.948  15.283 0.0000000000
83383  -9.260  36.025  15.222 0.0000000000
83384  -8.930  36.529  14.672 0.0000000000
83385  -8.356  36.153  15.238 0.0000000000
83386  -7.487  36.292  15.240 0.0000000000
83387  -7.833  35.813  15.766 0.0000000000
83388  -7.442  34.450  17.135 0.0000000000
83389  -6.987  34.945  16.672 0.0000000000
83390  -6.729  34.444  17.023 0.0000000000
83391  -6.194  34.245  16.776 0.0000000000
83392  -6.546  33.915  17.314 0.0000000000
83393  -9.435  32.384  18.898 0.0000000000
83394  -8.913  32.889  18.467 0.0000000000
83395  -8.656  32.520  18.881 0.0000000000
83396  -6.582  32.106  19.213 0.0000000000
83397  -6.948  32.599  18.815 0.0000000000
83398  -6.302  32.473  18.587 0.0000000000
83399  -6.040  32.755  17.928 0.0000000000
83400  -5.786  32.124  18.183 0.0000000000
83401  -5.422  31.640  17.691 0.0000000000
83402  -5.521  31.451  18.444 0.0000000000
83403  -5.304  29.653  19.700 0.0000000000
83404  -5.150  29.882  18.962 0.0000000000
83405  -5.102  29.109  19.145 0.0000000000
83408  -12.823  29.002  23.151 0.0000000000
83409  -12.523  29.360  22.550 0.0000000000
83410  -12.272  28.756  22.859 0.0000000000
83411  -10.438  27.961  22.876 0.0000000000
83412  -10.799  28.480  22.498 0.0000000000
83413  -9.921  28.485  22.459 0.0000000000
83414  -9.363  29.011  22.047 0.0000000000
83415  -8.983  28.542  22.517 0.0000000000
83416  -8.670  25.983  24.657 0.0000000000
83417  -9.107  26.473  24.199 0.0000000000
83418  -8.152  26.525  24.276 0.0000000000
83419  -6.535  27.430  23.233 0.0000000000
83420  -7.232  27.571  23.422 0.0000000000
83421  -6.810  28.028  22.932 0.0000000000
83422  -7.119  28.591  22.593 0.0000000000
83423  -6.388  28.490  22.410 0.0000000000
83424  -6.047  28.870  21.809 0.0000000000
83425  -5.850  28.218  22.051 0.0000000000
83426  -5.071  26.501  21.211 0.0000000000
83427  -5.180  27.260  21.014 0.0000000000
83438  -5.036  23.009  24.200 0.0000000000
83439  -4.927  23.144  23.433 0.0000000000
83440  -4.957  22.451  23.615 0.0000000000
83460  -5.210  19.022  26.985 0.0000000000
83461  -5.049  18.434  26.361 0.0000000000
83462  -5.084  18.272  26.988 0.0000000000
83463  -4.770  16.692  27.703 0.0000000000
83464  -4.754  16.840  27.067 0.0000000000
83465  -4.644  16.155  27.184 0.0000000000
83466  -4.909  15.621  26.833 0.0000000000
83467  -4.605  15.458  27.350 0.0000000000
83468  -4.661  14.749  27.521 0.0000000000
83469  -4.542  15.273  27.873 0.0000000000
83470  -4.897  15.173  29.522 0.0000000000
83471  -4.544  14.786  29.052 0.0000000000
83472  -4.681  14.534  29.643 0.0000000000
83473  -4.477  13.845  29.746 0.0000000000
83474  -4.874  14.288  30.245 0.0000000000
83475  -9.219  20.443  29.053 0.0000000000
83476  -8.560  20.466  28.931 0.0000000000
83477  -8.815  19.989  29.325 0.0000000000
83478  -8.531  18.488  30.072 0.0000000000
83479  -8.304  18.923  29.778 0.0000000000
83480  -8.064  18.465  29.955 0.0000000000
83481  -7.600  18.445  29.837 0.0000000000
83482  -7.848  17.949  30.132 0.0000000000
83483  -9.466  16.376  31.408 0.0000000000
83484  -9.267  16.880  31.080 0.0000000000
83485  -9.052  16.418  31.252 0.0000000000
83486  -7.876  15.889  31.223 0.0000000000
83487  -8.136  16.424  31.019 0.0000000000
83488  -7.617  16.345  30.859 0.0000000000
83489  -7.357  16.844  30.502 0.0000000000
83490  -7.080  16.242  30.682 0.0000000000
83491  -6.534  16.070  30.488 0.0000000000
83492  -6.789  15.650  30.883 0.0000000000
83493  -6.442  14.077  31.779 0.0000000000
83494  -6.166  14.486  31.365 0.0000000000
83495  -5.877  13.880  31.572 0.0000000000
83496  -5.325  13.601  31.274 0.0000000000
83497  -5.590  13.261  31.739 0.0000000000
83498  -5.296  12.656  31.856 0.0000000000
83499  -5.827  12.889  32.165 0.0000000000
83500  -6.915  12.213  33.131 0.0000000000
83501  -6.343  12.080  33.021 0.0000000000
83502  -6.587  11.641  33.434 0.0000000000
83503  -6.297  11.079  33.684 0.0000000000
83504  -6.834  11.208  33.745 0.0000000000
83505  -9.032  12.484  33.539 0.0000000000
83506  -8.578  12.416  33.370 0.0000000000
83507  -8.836  11.937  33.726 0.0000000000
83508  -8.451  10.491  34.439 0.0000000000
83509  -8.196  10.907  34.123 0.0000000000
83510  -7.870  10.380  34.364 0.0000000000
83511  -7.312  10.262  34.309 0.0000000000
83512  -7.539  9.844  34.610 0.0000000000
83513  -7.187  9.322  34.854 0.0000000000
83514  -7.824  9.399  34.891 0.0000000000
83515  -9.049  8.634  35.474 0.0000000000
83516  -8.456  8.502  35.393 0.0000000000
83517  -8.744  8.082  35.645 0.0000000000
83518  -8.474  7.513  35.817 0.0000000000
83519  -9.089  7.644  35.900 0.0000000000
83526  -12.778  20.276  34.851 0.0000000000
83527  -12.588  19.851  35.336 0.0000000000
83531  -12.446  17.628  36.396 0.0000000000
83533  -12.665  18.027  35.922 0.0000000000
83534  -12.952  18.427  35.441 0.0000000000
83535  -12.976  17.787  35.424 0.0000000000
83536  -13.164  17.515  34.906 0.0000000000
83537  -12.964  17.116  35.392 0.0000000000
83538  -12.713  15.415  35.867 0.0000000000
83539  -12.876  15.805  35.370 0.0000000000
83540  -12.749  15.190  35.382 0.0000000000
83541  -12.676  14.989  34.935 0.0000000000
83542  -12.592  14.613  35.450 0.0000000000
83561  -11.959  12.906  36.701 0.0000000000
83562  -12.198  13.400  36.526 0.0000000000
83563  -12.008  13.219  36.183 0.0000000000
83564  -12.111  13.554  35.702 0.0000000000
83565  -11.821  13.134  35.797 0.0000000000
83566  -11.517  13.107  35.413 0.0000000000
83567  -11.482  12.759  35.908 0.0000000000
83568  -10.815  11.651  36.663 0.0000000000
83569  -10.830  11.974  36.194 0.0000000000
83570  -10.600  11.520  36.259 0.0000000000
83571  -10.420  11.421  35.883 0.0000000000
83572  -10.471  11.037  36.327 0.0000000000
83573  -10.579  10.322  38.611 0.0000000000
83574  -10.660  10.676  38.102 0.0000000000
83575  -10.520  10.158  38.140 0.0000000000
83576  -10.647  9.245  37.297 0.0000000000
83577  -10.532  9.795  37.273 0.0000000000
83578  -10.559  9.633  36.844 0.0000000000
83579  -10.462  9.974  36.403 0.0000000000
83580  -10.475  9.378  36.458 0.0000000000
83581  -10.248  9.205  36.122 0.0000000000
83582  -10.480  8.808  36.491 0.0000000000
83583  -10.652  7.130  36.935 0.0000000000
83584  -10.414  7.570  36.583 0.0000000000
83585  -10.282  6.949  36.651 0.0000000000
83586  -9.795  6.807  36.446 0.0000000000
83587  -10.101  6.324  36.685 0.0000000000
83588  -9.834  5.710  36.735 0.0000000000
83589  -10.406  5.867  36.881 0.0000000000
83590  -10.980  5.235  37.940 0.0000000000
83591  -10.677  4.959  37.585 0.0000000000
83592  -10.820  4.562  37.894 0.0000000000
83593  -10.582  3.923  37.910 0.0000000000
83594  -10.927  4.166  38.221 0.0000000000
83595  -11.230  6.052  39.713 0.0000000000
83596  -11.290  5.875  39.240 0.0000000000
83597  -11.357  5.426  39.636 0.0000000000
83598  -11.449  3.666  39.868 0.0000000000
83599  -11.383  4.097  39.464 0.0000000000
83600  -11.367  3.444  39.373 0.0000000000
83601  -11.191  3.288  38.958 0.0000000000
83602  -11.344  2.815  39.364 0.0000000000
83603  -11.311  2.214  39.353 0.0000000000
83604  -11.452  2.443  39.725 0.0000000000
83605  -11.635  1.872  40.939 0.0000000000
83606  -11.614  1.606  40.467 0.0000000000
83607  -11.685  1.248  40.885 0.0000000000
83608  -11.726  0.622  40.849 0.0000000000
83609  -11.749  0.881  41.302 0.0000000000
83616  -10.792  4.817  42.604 0.0000000000
83617  -10.789  4.394  43.021 0.0000000000
83623  -11.013  2.753  43.367 0.0000000000
83624  -11.050  3.176  42.910 0.0000000000
83625  -11.164  2.592  42.868 0.0000000000
83626  -11.328  2.408  42.359 0.0000000000
83627  -11.265  2.006  42.809 0.0000000000
83628  -11.431  0.433  43.133 0.0000000000
83629  -11.473  0.831  42.680 0.0000000000
83630  -11.632  0.265  42.606 0.0000000000
83631  -11.739  0.093  42.143 0.0000000000
83632  -11.780  -0.292  42.534 0.0000000000
83633  -11.921  -0.869  42.433 0.0000000000
83634  -11.777  -0.692  42.930 0.0000000000
92708  -7.195  7.359  35.777 0.0000000000
92709  -6.650  7.191  35.828 0.0000000000
92710  -6.962  6.693  36.051 0.0000000000
92711  -6.710  6.028  36.339 0.0000000000
92712  -6.463  5.275  36.624 0.0000000000
93005  -6.001  36.317  14.958 0.0000000000
93018  -12.817  24.589  31.684 0.0000000000
93019  -13.078  23.790  31.891 0.0000000000
93020  -13.305  23.066  31.974 0.0000000000
93021  -12.927  23.413  32.460 0.0000000000
93022  -12.778  23.049  33.026 0.0000000000
93023  -12.644  22.603  33.581 0.0000000000
93788  -11.457  0.235  39.949 0.0000000000
93789  -11.237  -0.085  39.727 0.0000000000
93790  -11.470  -0.477  40.048 0.0000000000
93791  -11.515  -1.170  40.144 0.0000000000
93792  -11.542  -1.876  40.197 0.0000000000
95246  -4.414  12.904  28.814 0.0000000000
95247  -4.711  12.320  28.604 0.0000000000
95248  -4.472  12.087  29.066 0.0000000000
95249  -4.547  11.335  29.298 0.0000000000
95250  -4.599  10.558  29.518 0.0000000000
95260  -6.715  -4.157  39.761 0.0000000000
95261  -6.298  -3.763  39.646 0.0000000000
95262  -6.301  -4.523  39.895 0.0000000000
96163  -13.145  32.423  21.140 0.0000000000
96164  -12.876  32.047  20.702 0.0000000000
96165  -12.385  31.730  20.432 0.0000000000
96166  -11.808  31.523  20.168 0.0000000000
96167  -12.208  31.164  20.764 0.0000000000
96168  -11.988  30.648  21.103 0.0000000000
96169  -11.762  30.115  21.414 0.0000000000
96170  -9.473  23.221  26.651 0.0000000000
96171  -8.975  23.779  26.280 0.0000000000
96172  -8.630  23.309  26.708 0.0000000000
96173  -7.787  23.347  26.752 0.0000000000
96174  -7.150  23.287  26.610 0.0000000000
96175  -6.573  23.154  26.413 0.0000000000
96176  -6.942  22.736  26.893 0.0000000000
96177  -6.787  22.163  27.197 0.0000000000
96178  -6.631  21.558  27.516 0.0000000000
96179  -6.412  21.031  27.730 0.0000000000
96180  -6.946  21.160  27.926 0.0000000000
96181  -7.264  20.764  28.278 0.0000000000
96182  -7.540  20.362  28.670 0.0000000000
96183  -11.552  15.414  32.841 0.0000000000
96184  -11.007  15.385  32.610 0.0000000000
96185  -11.158  14.978  33.042 0.0000000000
96186  -10.783  14.599  33.281 0.0000000000
96187  -10.423  14.153  33.366 0.0000000000
96188  -10.178  13.687  33.519 0.0000000000
96189  -10.554  13.747  33.800 0.0000000000
96190  -10.692  13.366  34.255 0.0000000000
96191  -10.799  13.029  34.668 0.0000000000
96201  -10.783  9.848  40.546 0.0000000000
96202  -10.672  9.768  40.230 0.0000000000
96203  -10.547  9.347  40.648 0.0000000000
96204  -10.392  8.813  40.725 0.0000000000
96205  -10.349  8.271  40.737 0.0000000000
96206  -10.477  7.707  40.709 0.0000000000
96207  -10.386  7.842  41.130 0.0000000000
96208  -10.417  7.376  41.529 0.0000000000
96209  -10.452  6.972  41.901 0.0000000000
98109  -12.249  -3.170  42.746 0.0000000000
99566  -5.300  10.625  33.123 0.0000000000
99567  -4.999  10.216  32.862 0.0000000000
99568  -5.179  9.849  33.375 0.0000000000
99569  -5.123  9.127  33.565 0.0000000000
99570  -5.002  8.411  33.755 0.0000000000
99571  -4.891  5.984  35.511 0.0000000000
99572  -4.821  6.324  35.077 0.0000000000
99573  -4.679  5.516  35.222 0.0000000000
99574  -4.543  5.017  34.921 0.0000000000
99575  -4.450  4.458  34.641 0.0000000000
99576  -4.360  3.907  34.384 0.0000000000
99577  -4.375  3.641  34.850 0.0000000000
99578  -4.326  2.802  35.081 0.0000000000
99579  -4.309  1.910  35.312 0.0000000000
100485  -13.616  29.578  25.905 0.0000000000
100486  -13.663  29.111  25.403 0.0000000000
100487  -13.630  28.843  26.080 0.0000000000
100488  -13.659  28.052  26.223 0.0000000000
100489  -13.659  27.231  26.361 0.0000000000
100490  -13.687  24.549  28.830 0.0000000000
100491  -13.645  24.955  28.107 0.0000000000
100492  -13.591  24.175  28.291 0.0000000000
100493  -13.374  23.846  27.796 0.0000000000
100494  -12.999  23.558  27.389 0.0000000000
100495  -12.458  23.368  27.081 0.0000000000
100496  -12.718  22.888  27.690 0.0000000000
100497  -12.372  22.250  27.955 0.0000000000
100498  -12.010  21.627  28.310 0.0000000000
100499  -11.597  21.155  28.598 0.0000000000
100500  -12.235  21.219  28.775 0.0000000000
100501  -12.453  20.795  29.251 0.0000000000
100502  -12.663  20.349  29.738 0.0000000000
100503  -13.658  20.200  32.196 0.0000000000
100504  -13.578  19.901  31.702 0.0000000000
100505  -13.618  19.479  32.217 0.0000000000
100506  -13.498  18.775  32.222 0.0000000000
100507  -13.277  18.136  32.231 0.0000000000
100508  -13.008  17.520  32.289 0.0000000000
100509  -13.307  17.733  32.767 0.0000000000
100510  -13.298  17.336  33.295 0.0000000000
100511  -13.202  16.924  33.809 0.0000000000
102806  -9.670  3.602  37.513 0.0000000000
102807  -9.142  3.301  37.520 0.0000000000
102808  -9.380  2.850  37.745 0.0000000000
102809  -9.169  2.108  38.026 0.0000000000
102810  -9.067  1.365  38.318 0.0000000000
102811  -9.904  -1.393  39.245 0.0000000000
102812  -9.577  -0.959  39.061 0.0000000000
102813  -9.511  -1.720  39.200 0.0000000000
102814  -9.109  -2.097  39.227 0.0000000000
102815  -8.707  -2.437  39.286 0.0000000000
102816  -8.292  -2.792  39.339 0.0000000000
102817  -8.681  -3.196  39.444 0.0000000000
102818  -8.704  -3.892  39.605 0.0000000000
102819  -8.753  -4.627  39.807 0.0000000000
102820  -12.154  -4.478  41.462 0.0000000000
102821  -12.021  -4.114  41.063 0.0000000000
102822  -11.996  -4.856  41.197 0.0000000000
102823  -11.787  -5.219  40.999 0.0000000000
102824  -11.559  -5.550  40.785 0.0000000000
102826  -11.030  -7.614  40.629 0.0000000000
102827  -10.695  -7.955  40.574 0.0000000000
102828  -10.333  -7.614  40.427 0.0000000000
102829  -9.944  -7.272  40.312 0.0000000000
102830  -9.550  -6.890  40.175 0.0000000000
102831  -9.562  -7.629  40.302 0.0000000000
107194  -4.358  8.229  31.475 0.0000000000
107195  -4.316  8.480  30.921 0.0000000000
107196  -4.358  7.712  31.144 0.0000000000
107221  -6.948  2.288  37.929 0.0000000000
107222  -6.627  2.780  37.701 0.0000000000
107223  -6.381  2.023  38.052 0.0000000000
107224  -5.905  1.710  38.162 0.0000000000
107225  -5.475  1.333  38.195 0.0000000000
107227  -4.772  -1.156  38.604 0.0000000000
109933  -10.773  35.080  16.281 0.0000000000
109934  -9.961  35.058  16.280 0.0000000000
109935  -9.120  35.148  16.267 0.0000000000
109936  -8.255  35.287  16.247 0.0000000000
109937  -8.651  34.747  16.750 0.0000000000
109938  -8.233  34.344  17.187 0.0000000000
109939  -7.881  33.942  17.601 0.0000000000
109940  -8.677  31.475  19.803 0.0000000000
109941  -8.241  32.081  19.339 0.0000000000
109942  -7.748  31.654  19.841 0.0000000000
109943  -6.915  31.724  19.799 0.0000000000
109944  -6.223  31.574  19.583 0.0000000000
109945  -5.694  31.254  19.203 0.0000000000
109946  -5.891  30.953  19.920 0.0000000000
109947  -5.671  30.173  20.202 0.0000000000
109948  -5.531  29.424  20.397 0.0000000000
109949  -12.337  27.742  23.673 0.0000000000
109950  -12.000  28.174  23.148 0.0000000000
109951  -11.683  27.590  23.406 0.0000000000
109952  -10.885  27.479  23.294 0.0000000000
109953  -10.000  27.493  23.292 0.0000000000
109954  -7.029  26.018  24.620 0.0000000000
109955  -7.296  26.556  24.250 0.0000000000
109956  -6.637  26.439  24.076 0.0000000000
109957  -6.318  26.806  23.496 0.0000000000
109958  -5.994  27.161  22.900 0.0000000000
109959  -5.692  27.544  22.281 0.0000000000
109960  -5.550  26.818  22.461 0.0000000000
109961  -5.183  26.287  21.928 0.0000000000
109967  -5.031  21.601  24.649 0.0000000000
109968  -5.039  21.756  23.835 0.0000000000
109980  -5.488  18.592  28.141 0.0000000000
109981  -5.181  18.097  27.590 0.0000000000
109982  -5.299  17.856  28.187 0.0000000000
109983  -5.081  17.166  28.272 0.0000000000
109984  -4.863  16.474  28.278 0.0000000000
109985  -4.670  15.772  28.317 0.0000000000
109986  -4.943  16.230  28.872 0.0000000000
109987  -5.175  15.881  29.406 0.0000000000
109988  -5.402  15.553  29.927 0.0000000000
109989  -9.798  19.378  29.754 0.0000000000
109990  -9.111  19.443  29.667 0.0000000000
109991  -9.375  18.926  30.000 0.0000000000
109992  -9.001  18.500  30.195 0.0000000000
109993  -8.789  17.985  30.391 0.0000000000
109994  -9.109  15.428  31.821 0.0000000000
109995  -8.864  15.941  31.455 0.0000000000
109996  -8.647  15.474  31.686 0.0000000000
109997  -8.135  15.444  31.576 0.0000000000
109998  -7.582  15.336  31.435 0.0000000000
109999  -7.017  15.226  31.267 0.0000000000
110000  -7.270  14.779  31.667 0.0000000000
110001  -6.991  14.228  31.921 0.0000000000
110002  -6.699  13.661  32.156 0.0000000000
110003  -6.392  13.084  32.387 0.0000000000
110004  -6.950  13.237  32.480 0.0000000000
110005  -7.215  12.758  32.846 0.0000000000
110006  -7.439  12.275  33.205 0.0000000000
110007  -9.472  11.721  34.221 0.0000000000
110008  -9.059  11.553  34.061 0.0000000000
110009  -9.264  11.192  34.403 0.0000000000
110010  -9.017  10.640  34.569 0.0000000000
110011  -8.736  10.048  34.730 0.0000000000
110012  -8.432  9.488  34.918 0.0000000000
110013  -8.979  9.604  35.053 0.0000000000
110014  -9.266  9.209  35.346 0.0000000000
110015  -9.555  8.854  35.598 0.0000000000
110025  -12.491  16.966  36.349 0.0000000000
110026  -12.725  16.709  35.845 0.0000000000
110027  -12.522  16.313  36.331 0.0000000000
110028  -12.585  15.636  36.386 0.0000000000
110029  -12.593  15.009  36.352 0.0000000000
110040  -12.225  13.173  37.418 0.0000000000
110041  -12.036  12.708  37.511 0.0000000000
110042  -11.888  12.595  37.198 0.0000000000
110043  -11.687  12.473  36.828 0.0000000000
110044  -11.434  12.406  36.439 0.0000000000
110045  -11.379  12.100  36.939 0.0000000000
110046  -11.050  11.775  37.038 0.0000000000
110047  -10.723  11.381  37.166 0.0000000000
110048  -10.555  9.201  38.625 0.0000000000
110049  -10.521  9.593  38.177 0.0000000000
110050  -10.650  8.956  38.216 0.0000000000
110051  -10.748  8.807  37.749 0.0000000000
110052  -10.734  8.627  37.303 0.0000000000
110053  -10.632  8.428  36.906 0.0000000000
110054  -10.816  8.013  37.300 0.0000000000
110055  -10.908  7.408  37.272 0.0000000000
110056  -10.867  6.737  37.261 0.0000000000
110057  -10.739  6.068  37.252 0.0000000000
110058  -10.984  6.318  37.618 0.0000000000
110059  -11.082  5.892  37.985 0.0000000000
110060  -11.186  5.439  38.347 0.0000000000
110061  -11.281  5.120  40.537 0.0000000000
110062  -11.389  4.958  40.059 0.0000000000
110063  -11.425  4.512  40.471 0.0000000000
110064  -11.489  3.907  40.344 0.0000000000
110065  -11.503  3.262  40.204 0.0000000000
110066  -11.536  2.645  40.141 0.0000000000
110067  -11.550  2.858  40.596 0.0000000000
110068  -11.564  2.474  41.017 0.0000000000
110069  -11.580  2.073  41.414 0.0000000000
110080  -11.201  1.614  43.239 0.0000000000
110082  -11.257  0.623  43.587 0.0000000000
110083  -11.406  0.042  43.516 0.0000000000
110084  -11.590  -0.521  43.414 0.0000000000
116480  -6.071  9.139  34.773 0.0000000000
116481  -5.657  8.877  34.675 0.0000000000
116482  -5.809  8.517  35.072 0.0000000000
116483  -5.576  7.871  35.325 0.0000000000
116484  -5.368  7.173  35.542 0.0000000000
116485  -6.094  6.982  35.877 0.0000000000
116486  -5.596  6.734  35.843 0.0000000000
116487  -5.164  6.446  35.753 0.0000000000
116488  -4.950  5.642  35.927 0.0000000000
116489  -4.828  4.778  36.080 0.0000000000
116490  -4.705  3.894  36.328 0.0000000000
117196  -13.307  27.728  28.172 0.0000000000
117197  -13.139  27.299  28.848 0.0000000000
117198  -13.326  26.475  28.998 0.0000000000
117199  -13.481  25.700  29.228 0.0000000000
117200  -13.056  25.633  30.391 0.0000000000
117201  -13.377  25.278  29.896 0.0000000000
117202  -13.604  24.916  29.354 0.0000000000
117203  -13.675  24.081  29.516 0.0000000000
117204  -13.700  23.277  29.662 0.0000000000
117205  -13.666  22.490  29.810 0.0000000000
117206  -13.557  21.781  29.900 0.0000000000
117207  -13.690  22.091  30.421 0.0000000000
117208  -13.713  21.694  31.038 0.0000000000
117209  -13.683  21.298  31.601 0.0000000000
117210  -13.477  22.347  32.055 0.0000000000
117211  -13.589  21.632  32.141 0.0000000000
117212  -13.642  20.922  32.163 0.0000000000
117213  -13.594  20.534  32.728 0.0000000000
117214  -13.528  20.124  33.285 0.0000000000
117215  -13.456  19.715  33.829 0.0000000000
119000  -10.675  1.857  38.655 0.0000000000
119001  -10.287  1.546  38.527 0.0000000000
119002  -10.565  1.108  38.809 0.0000000000
119003  -10.470  0.377  39.015 0.0000000000
119004  -10.376  -0.334  39.162 0.0000000000
119005  -10.988  -0.389  39.559 0.0000000000
119006  -10.688  -0.702  39.389 0.0000000000
119007  -10.314  -1.052  39.291 0.0000000000
119008  -10.288  -1.801  39.401 0.0000000000
119009  -10.280  -2.546  39.501 0.0000000000
119010  -10.285  -3.256  39.656 0.0000000000
119012  -12.071  -7.035  41.440 0.0000000000
119013  -12.141  -7.727  41.500 0.0000000000
122413  -4.407  5.017  32.411 0.0000000000
122434  -6.645  -1.081  39.048 0.0000000000
122435  -6.196  -0.567  38.951 0.0000000000
122436  -6.204  -1.396  39.122 0.0000000000
122437  -5.800  -1.657  39.142 0.0000000000
122438  -5.419  -1.994  39.157 0.0000000000
122439  -5.880  -3.265  39.517 0.0000000000
122440  -5.444  -2.798  39.351 0.0000000000
122441  -5.044  -2.365  39.158 0.0000000000
124543  -12.146  33.491  18.540 0.0000000000
124544  -11.452  33.294  18.336 0.0000000000
124545  -10.698  33.158  18.209 0.0000000000
124546  -9.921  33.163  18.138 0.0000000000
124547  -10.438  32.704  18.569 0.0000000000
124548  -10.204  32.283  18.930 0.0000000000
124549  -9.964  31.898  19.330 0.0000000000
124550  -11.187  31.426  19.935 0.0000000000
124551  -10.425  31.381  19.818 0.0000000000
124552  -9.577  31.391  19.785 0.0000000000
124553  -9.126  30.952  20.269 0.0000000000
124554  -8.684  30.526  20.772 0.0000000000
124555  -8.279  30.090  21.280 0.0000000000
124556  -10.967  25.334  24.947 0.0000000000
124557  -10.521  25.870  24.523 0.0000000000
124558  -10.112  25.328  24.934 0.0000000000
124559  -9.199  25.427  24.968 0.0000000000
124560  -8.248  25.492  25.081 0.0000000000
124561  -8.400  24.389  25.896 0.0000000000
124562  -7.903  24.962  25.513 0.0000000000
124563  -7.443  25.500  25.096 0.0000000000
124564  -6.717  25.424  24.984 0.0000000000
124565  -6.175  25.127  24.671 0.0000000000
124566  -5.677  24.778  24.232 0.0000000000
124567  -5.247  24.375  23.750 0.0000000000
124568  -5.495  24.108  24.488 0.0000000000
124569  -5.355  23.480  24.746 0.0000000000
124570  -5.252  22.835  24.979 0.0000000000
124571  -6.056  22.935  26.123 0.0000000000
124572  -5.597  22.603  25.720 0.0000000000
124573  -5.214  22.145  25.215 0.0000000000
124574  -5.152  21.432  25.425 0.0000000000
124575  -5.098  20.729  25.597 0.0000000000
124576  -5.076  20.016  25.755 0.0000000000
124577  -5.063  19.269  25.763 0.0000000000
124578  -5.133  19.925  26.395 0.0000000000
124579  -5.327  19.771  26.983 0.0000000000
124580  -5.537  19.558  27.546 0.0000000000
124581  -6.186  20.494  27.908 0.0000000000
124582  -6.032  19.902  28.001 0.0000000000
124583  -5.728  19.282  28.080 0.0000000000
124584  -5.960  18.970  28.577 0.0000000000
124585  -6.267  18.584  29.053 0.0000000000
124586  -6.541  18.127  29.413 0.0000000000
124587  -10.918  17.313  31.154 0.0000000000
124588  -10.175  17.372  31.037 0.0000000000
124589  -10.421  16.877  31.423 0.0000000000
124590  -9.996  16.382  31.616 0.0000000000
124591  -9.685  15.880  31.771 0.0000000000
124592  -10.417  15.376  32.406 0.0000000000
124593  -9.905  15.381  32.163 0.0000000000
124594  -9.518  15.391  31.969 0.0000000000
124595  -9.311  14.931  32.199 0.0000000000
124596  -9.074  14.471  32.420 0.0000000000
124597  -8.835  14.011  32.615 0.0000000000
124598  -8.620  13.468  32.805 0.0000000000
124599  -9.021  13.484  32.992 0.0000000000
124600  -9.191  13.022  33.365 0.0000000000
124601  -9.411  12.611  33.712 0.0000000000
124602  -9.987  13.217  33.717 0.0000000000
124603  -9.786  12.748  33.915 0.0000000000
124604  -9.644  12.241  34.047 0.0000000000
124605  -9.833  11.911  34.371 0.0000000000
124606  -9.920  11.544  34.794 0.0000000000
124607  -10.039  11.159  35.196 0.0000000000
124628  -11.462  11.262  39.106 0.0000000000
124629  -11.371  11.218  38.772 0.0000000000
124630  -11.164  11.190  38.409 0.0000000000
124631  -11.077  10.822  38.881 0.0000000000
124632  -10.749  10.426  39.018 0.0000000000
124633  -10.549  9.948  39.080 0.0000000000
124634  -10.595  9.696  39.895 0.0000000000
124635  -10.499  9.564  39.516 0.0000000000
124636  -10.480  9.403  39.084 0.0000000000
124637  -10.565  8.809  39.020 0.0000000000
124638  -10.767  8.153  39.037 0.0000000000
124639  -10.964  7.541  38.991 0.0000000000
124640  -11.126  6.947  38.916 0.0000000000
124641  -11.014  7.115  39.374 0.0000000000
124642  -11.047  6.677  39.776 0.0000000000
124643  -11.072  6.252  40.167 0.0000000000
124644  -10.665  7.063  40.671 0.0000000000
124645  -10.877  6.431  40.621 0.0000000000
124646  -11.098  5.810  40.549 0.0000000000
124647  -11.113  5.333  40.939 0.0000000000
124648  -11.151  4.908  41.342 0.0000000000
124649  -11.156  4.499  41.739 0.0000000000
129038  -11.990  -1.232  41.475 0.0000000000
129039  -12.015  -1.552  41.128 0.0000000000
129040  -12.125  -1.972  41.525 0.0000000000
129041  -12.213  -2.722  41.576 0.0000000000
129042  -12.255  -3.407  41.613 0.0000000000
129043  -12.325  -3.490  42.395 0.0000000000
129044  -12.327  -3.810  42.034 0.0000000000
129045  -12.261  -4.132  41.742 0.0000000000
129046  -12.294  -4.835  41.822 0.0000000000
129047  -12.338  -5.582  41.917 0.0000000000
129048  -12.388  -6.335  41.973 0.0000000000
132116  -4.491  11.912  31.034 0.0000000000
132117  -4.343  11.396  30.666 0.0000000000
132118  -4.458  11.153  31.239 0.0000000000
132119  -4.446  10.380  31.452 0.0000000000
132120  -4.429  9.564  31.651 0.0000000000
132121  -4.772  9.761  32.527 0.0000000000
132122  -4.582  9.318  32.167 0.0000000000
132123  -4.436  8.757  31.816 0.0000000000
132124  -4.408  7.975  32.005 0.0000000000
132125  -4.391  7.200  32.190 0.0000000000
132126  -4.385  6.390  32.408 0.0000000000
132127  -5.317  8.566  34.514 0.0000000000
132128  -5.088  8.181  34.271 0.0000000000
132129  -4.889  7.677  33.923 0.0000000000
132130  -4.787  6.637  34.560 0.0000000000
132131  -4.767  6.913  34.077 0.0000000000
132132  -4.754  7.171  33.569 0.0000000000
132133  -4.581  6.644  33.247 0.0000000000
132134  -4.458  6.131  32.922 0.0000000000
132135  -4.383  5.556  32.652 0.0000000000
132136  -4.371  4.738  32.858 0.0000000000
132137  -4.350  3.911  33.078 0.0000000000
132139  -4.308  3.370  34.104 0.0000000000
132140  -4.262  2.822  33.812 0.0000000000
134054  -13.567  31.108  23.506 0.0000000000
134055  -13.421  30.657  22.991 0.0000000000
134056  -13.137  30.272  22.593 0.0000000000
134057  -13.344  29.949  23.258 0.0000000000
134058  -13.239  29.294  23.511 0.0000000000
134059  -13.091  28.622  23.759 0.0000000000
134060  -13.571  28.679  24.868 0.0000000000
134061  -13.321  28.281  24.414 0.0000000000
134062  -12.891  27.939  24.011 0.0000000000
134063  -12.635  27.308  24.230 0.0000000000
134064  -12.374  26.681  24.447 0.0000000000
134065  -12.108  26.040  24.751 0.0000000000
134066  -13.522  27.308  27.648 0.0000000000
134067  -13.623  26.894  27.070 0.0000000000
134068  -13.581  26.482  26.527 0.0000000000
134069  -13.602  25.338  27.420 0.0000000000
134070  -13.537  25.732  26.747 0.0000000000
134071  -13.379  26.126  26.073 0.0000000000
134072  -12.995  25.816  25.662 0.0000000000
134073  -12.468  25.567  25.312 0.0000000000
134074  -11.765  25.431  25.057 0.0000000000
134075  -11.386  24.844  25.399 0.0000000000
134076  -11.019  24.270  25.793 0.0000000000
134077  -10.693  23.735  26.184 0.0000000000
134078  -11.821  23.240  26.843 0.0000000000
134079  -11.085  23.190  26.673 0.0000000000
134080  -10.296  23.182  26.611 0.0000000000
134081  -9.898  22.693  27.044 0.0000000000
134082  -9.469  22.240  27.483 0.0000000000
134083  -9.040  21.793  27.909 0.0000000000
134084  -8.615  21.412  28.231 0.0000000000
134085  -9.362  21.323  28.328 0.0000000000
134086  -9.646  20.847  28.736 0.0000000000
134087  -9.940  20.356  29.111 0.0000000000
134088  -11.158  20.711  28.899 0.0000000000
134089  -10.707  20.295  29.194 0.0000000000
134090  -10.255  19.824  29.482 0.0000000000
134091  -10.555  19.293  29.834 0.0000000000
134092  -10.830  18.797  30.186 0.0000000000
134093  -11.087  18.290  30.559 0.0000000000
134094  -13.346  21.145  30.002 0.0000000000
134095  -13.100  20.513  30.116 0.0000000000
134096  -12.814  19.910  30.233 0.0000000000
134097  -13.334  19.649  31.199 0.0000000000
134098  -12.967  19.454  30.708 0.0000000000
134099  -12.467  19.351  30.353 0.0000000000
134100  -12.138  18.768  30.546 0.0000000000
134101  -11.749  18.254  30.740 0.0000000000
134102  -11.334  17.788  30.933 0.0000000000
134103  -11.519  17.240  31.348 0.0000000000
134104  -11.679  16.718  31.767 0.0000000000
134105  -11.830  16.293  32.194 0.0000000000
134106  -12.696  16.930  32.368 0.0000000000
134107  -12.350  16.375  32.476 0.0000000000
134108  -11.953  15.876  32.657 0.0000000000
134109  -12.052  15.425  33.134 0.0000000000
134110  -12.091  15.043  33.626 0.0000000000
134111  -12.135  14.668  34.125 0.0000000000
138914  -8.617  5.474  36.624 0.0000000000
138915  -8.071  5.224  36.703 0.0000000000
138916  -8.358  4.750  36.902 0.0000000000
138917  -8.083  4.014  37.194 0.0000000000
138918  -7.799  3.284  37.485 0.0000000000
138919  -8.611  3.014  37.590 0.0000000000
138920  -8.051  2.793  37.679 0.0000000000
138921  -7.514  2.558  37.788 0.0000000000
138922  -7.283  1.815  38.122 0.0000000000
138923  -7.149  1.084  38.432 0.0000000000
138924  -7.098  0.211  38.734 0.0000000000
138925  -9.813  1.231  38.467 0.0000000000
138926  -9.397  0.940  38.478 0.0000000000
138927  -8.982  0.656  38.525 0.0000000000
138928  -9.260  -0.539  38.899 0.0000000000
138929  -8.894  -0.106  38.717 0.0000000000
138930  -8.498  0.369  38.591 0.0000000000
138931  -8.016  0.020  38.706 0.0000000000
138932  -7.534  -0.322  38.837 0.0000000000
138933  -7.080  -0.692  38.927 0.0000000000
138934  -7.070  -1.519  39.081 0.0000000000
138935  -7.101  -2.292  39.235 0.0000000000
138936  -7.173  -3.068  39.400 0.0000000000
138937  -7.881  -3.119  39.380 0.0000000000
138938  -7.517  -3.439  39.487 0.0000000000
138939  -7.113  -3.745  39.595 0.0000000000
138940  -7.111  -4.550  39.872 0.0000000000
138941  -7.112  -5.325  40.026 0.0000000000
138942  -7.156  -6.070  40.151 0.0000000000
138943  -11.973  -1.880  40.775 0.0000000000
138944  -11.760  -2.264  40.496 0.0000000000
138945  -11.521  -2.623  40.253 0.0000000000
138946  -11.776  -3.740  40.742 0.0000000000
138947  -11.550  -3.336  40.425 0.0000000000
138948  -11.251  -2.953  40.119 0.0000000000
138949  -10.948  -3.311  39.992 0.0000000000
138950  -10.643  -3.673  39.907 0.0000000000
138951  -10.327  -3.974  39.854 0.0000000000
138952  -11.821  -6.678  41.141 0.0000000000
138953  -11.579  -6.277  40.857 0.0000000000
138954  -11.321  -5.869  40.608 0.0000000000
138955  -11.019  -6.911  40.535 0.0000000000
138956  -11.019  -6.208  40.451 0.0000000000
138957  -11.021  -5.495  40.381 0.0000000000
138958  -10.680  -5.132  40.136 0.0000000000
138959  -10.313  -4.730  39.963 0.0000000000
138960  -9.969  -4.313  39.793 0.0000000000
138961  -9.564  -4.680  39.849 0.0000000000
138962  -9.178  -5.046  39.888 0.0000000000
138963  -8.743  -5.393  39.938 0.0000000000
138964  -9.118  -6.496  40.081 0.0000000000
138965  -8.725  -6.120  40.035 0.0000000000
138966  -8.338  -5.745  40.014 0.0000000000
138967  -7.968  -6.112  40.072 0.0000000000
138968  -7.593  -6.468  40.142 0.0000000000
147811  -4.283  10.857  30.309 0.0000000000
147812  -4.412  10.321  29.999 0.0000000000
147813  -4.639  9.774  29.783 0.0000000000
147814  -4.474  8.759  30.479 0.0000000000
147865  -7.448  5.011  36.781 0.0000000000
147866  -6.834  4.778  36.879 0.0000000000
147867  -6.217  4.505  36.925 0.0000000000
147868  -6.296  3.257  37.488 0.0000000000
147869  -5.991  3.741  37.209 0.0000000000
147870  -5.690  4.228  36.927 0.0000000000
147871  -5.254  3.890  36.872 0.0000000000
147872  -4.898  3.461  36.775 0.0000000000
147873  -4.570  3.031  36.621 0.0000000000
147874  -5.764  -0.057  38.790 0.0000000000
147875  -5.433  0.460  38.517 0.0000000000
147876  -5.108  0.953  38.184 0.0000000000
147877  -4.771  -0.301  38.335 0.0000000000
147878  -4.790  0.543  38.093 0.0000000000
147879  -4.816  1.450  37.802 0.0000000000
147880  -4.612  1.852  37.349 0.0000000000
147881  -4.444  2.231  36.866 0.0000000000
147882  -4.419  2.603  36.375 0.0000000000
147883  -4.332  2.113  36.136 0.0000000000
147884  -4.307  1.566  35.845 0.0000000000
153308  -7.673  37.064  14.111 0.0000000000
153309  -7.143  36.750  14.684 0.0000000000
153310  -6.669  36.393  15.172 0.0000000000
153311  -6.276  35.888  15.567 0.0000000000
153312  -7.357  35.406  16.250 0.0000000000
153313  -6.568  35.432  16.159 0.0000000000
153314  -6.016  35.261  15.903 0.0000000000
153315  -5.883  34.571  16.181 0.0000000000
153316  -5.810  33.882  16.398 0.0000000000
153317  -5.703  33.251  16.578 0.0000000000
153318  -9.173  33.287  18.061 0.0000000000
153319  -8.362  33.433  18.061 0.0000000000
153320  -7.598  33.529  18.020 0.0000000000
153321  -7.742  32.606  18.892 0.0000000000
153322  -7.328  33.088  18.411 0.0000000000
153323  -6.909  33.532  17.892 0.0000000000
153324  -6.286  33.376  17.631 0.0000000000
153325  -5.843  33.032  17.253 0.0000000000
153326  -5.556  32.554  16.771 0.0000000000
153330  -5.268  30.694  18.749 0.0000000000
153336  -12.749  29.979  22.248 0.0000000000
153337  -12.189  29.689  21.994 0.0000000000
153338  -11.463  29.567  21.744 0.0000000000
153339  -11.605  28.522  22.671 0.0000000000
153340  -11.138  29.020  22.108 0.0000000000
153341  -10.665  29.498  21.608 0.0000000000
153342  -9.778  29.473  21.600 0.0000000000
153343  -8.840  29.545  21.678 0.0000000000
153344  -7.926  29.621  21.793 0.0000000000
153345  -10.045  26.453  24.093 0.0000000000
153346  -9.554  26.981  23.736 0.0000000000
153347  -9.059  27.541  23.341 0.0000000000
153348  -7.677  27.052  23.863 0.0000000000
153349  -8.114  27.567  23.421 0.0000000000
153350  -8.562  28.073  22.962 0.0000000000
153351  -7.986  28.594  22.608 0.0000000000
153352  -7.465  29.131  22.207 0.0000000000
153353  -7.029  29.641  21.764 0.0000000000
153354  -6.291  29.511  21.560 0.0000000000
153355  -5.779  29.171  21.090 0.0000000000
153356  -5.413  28.680  20.552 0.0000000000
153357  -5.480  27.793  21.555 0.0000000000
153358  -5.297  27.955  20.754 0.0000000000
153359  -5.138  28.117  19.995 0.0000000000
153372  -4.957  23.871  23.215 0.0000000000
153399  -5.082  18.560  25.778 0.0000000000
153400  -5.079  17.883  25.824 0.0000000000
153401  -5.065  17.229  25.921 0.0000000000
153402  -4.933  17.534  27.011 0.0000000000
153403  -4.895  17.017  26.512 0.0000000000
153404  -5.115  16.484  26.158 0.0000000000
153405  -5.227  15.790  26.363 0.0000000000
153408  -5.110  14.277  27.224 0.0000000000
153409  -4.784  14.082  27.693 0.0000000000
153410  -4.552  13.863  28.171 0.0000000000
153411  -4.477  15.057  28.413 0.0000000000
153412  -4.361  14.340  28.558 0.0000000000
153413  -4.353  13.629  28.685 0.0000000000
153414  -4.319  13.379  29.264 0.0000000000
153415  -4.328  13.113  29.847 0.0000000000
153416  -4.476  12.901  30.411 0.0000000000
153417  -8.294  20.913  28.505 0.0000000000
153418  -8.018  20.407  28.796 0.0000000000
153419  -7.773  19.899  29.060 0.0000000000
153420  -8.492  19.483  29.564 0.0000000000
153421  -8.029  19.425  29.428 0.0000000000
153422  -7.551  19.382  29.261 0.0000000000
153423  -7.334  18.878  29.456 0.0000000000
153424  -7.084  18.315  29.621 0.0000000000
153425  -6.812  17.706  29.773 0.0000000000
153426  -9.542  17.376  30.902 0.0000000000
153427  -9.042  17.383  30.741 0.0000000000
153428  -8.588  17.464  30.601 0.0000000000
153429  -8.608  16.443  31.131 0.0000000000
153430  -8.368  16.939  30.813 0.0000000000
153431  -8.125  17.439  30.465 0.0000000000
153432  -7.624  17.395  30.302 0.0000000000
153433  -7.087  17.310  30.135 0.0000000000
153434  -6.544  17.093  29.922 0.0000000000
153435  -6.271  16.488  30.096 0.0000000000
153436  -5.990  15.872  30.262 0.0000000000
153437  -5.689  15.241  30.419 0.0000000000
153438  -6.496  15.073  31.114 0.0000000000
153439  -5.932  14.864  30.908 0.0000000000
153440  -5.380  14.592  30.641 0.0000000000
153441  -5.098  13.958  30.767 0.0000000000
153442  -4.841  13.313  30.862 0.0000000000
153443  -4.638  12.637  30.971 0.0000000000
153444  -4.856  12.352  31.478 0.0000000000
153445  -5.089  12.000  31.989 0.0000000000
153446  -5.313  11.653  32.516 0.0000000000
153447  -6.075  12.498  32.606 0.0000000000
153448  -5.785  11.906  32.832 0.0000000000
153449  -5.526  11.284  32.991 0.0000000000
153450  -5.754  10.895  33.446 0.0000000000
153451  -6.015  10.513  33.870 0.0000000000
153452  -6.213  10.101  34.197 0.0000000000
153453  -8.334  12.911  33.015 0.0000000000
153454  -8.023  12.343  33.259 0.0000000000
153455  -7.698  11.793  33.523 0.0000000000
153456  -8.573  11.394  33.931 0.0000000000
153457  -7.964  11.342  33.821 0.0000000000
153458  -7.397  11.295  33.772 0.0000000000
153459  -7.073  10.744  34.028 0.0000000000
153460  -6.734  10.204  34.279 0.0000000000
153461  -6.390  9.683  34.530 0.0000000000
153462  -6.621  9.257  34.808 0.0000000000
153463  -6.929  8.832  35.068 0.0000000000
153464  -7.235  8.379  35.312 0.0000000000
153465  -8.137  8.946  35.132 0.0000000000
153466  -7.861  8.407  35.351 0.0000000000
153467  -7.529  7.886  35.565 0.0000000000
153468  -7.822  7.393  35.811 0.0000000000
153469  -8.172  6.958  36.004 0.0000000000
153470  -8.504  6.524  36.217 0.0000000000
153473  -12.473  22.156  34.127 0.0000000000
153476  -12.750  21.473  34.246 0.0000000000
153477  -12.973  20.761  34.338 0.0000000000
153478  -13.165  19.996  34.376 0.0000000000
153479  -13.313  19.265  34.382 0.0000000000
153485  -12.394  19.391  35.828 0.0000000000
153486  -12.804  19.163  35.364 0.0000000000
153487  -13.140  18.858  34.909 0.0000000000
153488  -13.405  18.573  34.393 0.0000000000
153489  -13.337  17.886  34.395 0.0000000000
153490  -13.236  17.223  34.366 0.0000000000
153491  -13.109  16.555  34.333 0.0000000000
153492  -12.930  16.447  35.365 0.0000000000
153493  -13.036  16.207  34.873 0.0000000000
153494  -12.953  15.891  34.342 0.0000000000
153495  -12.735  15.328  34.407 0.0000000000
153496  -12.480  14.826  34.526 0.0000000000
153497  -12.186  14.332  34.659 0.0000000000
153517  -12.514  14.646  36.826 0.0000000000
153518  -12.551  14.453  36.361 0.0000000000
153519  -12.326  13.580  36.916 0.0000000000
153520  -12.426  13.928  36.414 0.0000000000
153521  -12.534  14.234  35.925 0.0000000000
153522  -12.379  14.070  35.559 0.0000000000
153523  -12.164  13.927  35.190 0.0000000000
153524  -11.874  13.823  34.787 0.0000000000
153525  -11.514  13.469  34.908 0.0000000000
153526  -11.172  13.082  35.049 0.0000000000
153527  -10.843  12.665  35.182 0.0000000000
153528  -11.146  12.383  36.054 0.0000000000
153529  -10.839  12.309  35.686 0.0000000000
153530  -10.530  12.227  35.307 0.0000000000
153531  -10.370  11.772  35.419 0.0000000000
153532  -10.269  11.264  35.511 0.0000000000
153533  -10.195  10.732  35.597 0.0000000000
153534  -10.930  11.154  38.040 0.0000000000
153535  -10.709  11.041  37.645 0.0000000000
153536  -10.551  10.863  37.222 0.0000000000
153537  -10.501  9.965  37.705 0.0000000000
153538  -10.497  10.325  37.252 0.0000000000
153539  -10.520  10.669  36.779 0.0000000000
153540  -10.422  10.530  36.376 0.0000000000
153541  -10.315  10.351  36.004 0.0000000000
153542  -10.112  10.192  35.699 0.0000000000
153543  -10.036  9.617  35.766 0.0000000000
153544  -9.946  9.032  35.833 0.0000000000
153545  -9.835  8.436  35.907 0.0000000000
153546  -10.462  8.214  36.528 0.0000000000
153547  -10.122  8.013  36.225 0.0000000000
153548  -9.687  7.802  36.023 0.0000000000
153549  -9.435  7.200  36.182 0.0000000000
153550  -9.139  6.593  36.314 0.0000000000
153551  -8.848  6.019  36.439 0.0000000000
153552  -9.211  5.567  36.656 0.0000000000
153553  -9.505  5.087  36.859 0.0000000000
153554  -9.777  4.647  37.101 0.0000000000
153555  -10.548  5.422  37.241 0.0000000000
153556  -10.280  4.779  37.274 0.0000000000
153557  -10.003  4.195  37.394 0.0000000000
153558  -10.173  3.742  37.690 0.0000000000
153559  -10.348  3.296  37.974 0.0000000000
153560  -10.573  2.873  38.256 0.0000000000
153561  -11.258  6.314  38.856 0.0000000000
153562  -11.282  5.655  38.780 0.0000000000
153563  -11.263  5.009  38.688 0.0000000000
153564  -11.387  4.763  39.557 0.0000000000
153565  -11.327  4.550  39.038 0.0000000000
153566  -11.198  4.399  38.608 0.0000000000
153567  -11.044  3.798  38.569 0.0000000000
153568  -10.929  3.114  38.572 0.0000000000
153569  -10.812  2.463  38.606 0.0000000000
153570  -11.054  2.031  38.958 0.0000000000
153571  -11.240  1.631  39.321 0.0000000000
153572  -11.382  1.235  39.665 0.0000000000
153573  -11.546  2.043  40.096 0.0000000000
153574  -11.548  1.442  40.069 0.0000000000
153575  -11.526  0.839  40.013 0.0000000000
153576  -11.633  0.440  40.385 0.0000000000
153577  -11.752  0.093  40.771 0.0000000000
153578  -11.839  -0.274  41.161 0.0000000000
153580  -10.368  7.174  42.221 0.0000000000
153581  -10.489  6.533  42.264 0.0000000000
153583  -10.537  6.081  42.623 0.0000000000
153584  -10.632  5.892  42.242 0.0000000000
153585  -10.793  5.263  42.196 0.0000000000
153586  -10.956  4.635  42.179 0.0000000000
153587  -11.127  4.060  42.104 0.0000000000
153594  -10.914  3.761  42.958 0.0000000000
153595  -11.096  3.616  42.484 0.0000000000
153596  -11.255  3.440  42.032 0.0000000000
153597  -11.367  2.829  41.952 0.0000000000
153598  -11.498  2.244  41.873 0.0000000000
153599  -11.558  1.639  41.828 0.0000000000
153600  -11.350  1.415  42.739 0.0000000000
153601  -11.488  1.223  42.257 0.0000000000
153602  -11.627  1.064  41.781 0.0000000000
153603  -11.720  0.489  41.726 0.0000000000
153604  -11.827  -0.098  41.663 0.0000000000
153605  -11.911  -0.659  41.558 0.0000000000
153606  -12.025  -1.041  41.905 0.0000000000
153607  -12.029  -1.428  42.350 0.0000000000
153608  -12.041  -1.822  42.779 0.0000000000
153609  -11.757  -1.092  43.325 0.0000000000
153610  -11.894  -1.663  43.255 0.0000000000
