#!ascii label  , from subject fsaverage vox2ras=TkReg
2086
22  -12.518  53.091  3.059 0.0000000000
53  -8.926  49.436  25.844 0.0000000000
56  -17.322  57.987  -4.413 0.0000000000
173  -13.716  52.627  25.361 0.0000000000
258  -8.030  64.385  -2.299 0.0000000000
383  -9.670  52.784  14.538 0.0000000000
384  -7.942  60.092  21.673 0.0000000000
388  -28.384  51.177  -4.580 0.0000000000
738  -8.792  58.243  0.271 0.0000000000
739  -7.914  58.402  -5.238 0.0000000000
878  -8.414  61.812  15.621 0.0000000000
879  -11.042  61.215  18.301 0.0000000000
881  -11.299  54.103  30.317 0.0000000000
1110  -7.707  50.942  19.964 0.0000000000
1133  -21.554  52.362  -5.307 0.0000000000
1134  -25.613  57.025  -8.809 0.0000000000
1135  -18.547  55.291  -10.365 0.0000000000
1463  -14.567  55.891  19.773 0.0000000000
1464  -18.443  52.699  22.921 0.0000000000
1465  -18.011  49.158  29.715 0.0000000000
1616  -13.112  63.708  -4.890 0.0000000000
1618  -6.892  63.094  -8.940 0.0000000000
1852  -9.888  57.913  5.532 0.0000000000
1853  -11.179  53.169  8.905 0.0000000000
1854  -9.034  57.224  11.734 0.0000000000
1855  -8.132  56.935  17.984 0.0000000000
1856  -7.509  54.944  24.108 0.0000000000
1857  -11.390  58.126  24.591 0.0000000000
1858  -7.720  57.410  28.623 0.0000000000
1865  -31.681  50.964  -0.317 0.0000000000
1866  -24.982  49.803  -1.697 0.0000000000
1867  -20.236  54.958  -0.925 0.0000000000
1870  -18.352  61.932  -1.467 0.0000000000
1871  -12.437  63.051  0.301 0.0000000000
1872  -7.910  62.963  3.604 0.0000000000
2658  -10.360  55.498  1.531 0.0000000000
2659  -8.832  54.779  -1.138 0.0000000000
3030  -7.479  49.943  22.740 0.0000000000
3032  -7.896  46.752  23.485 0.0000000000
3053  -18.915  54.531  -4.583 0.0000000000
3054  -19.846  53.522  -7.953 0.0000000000
3055  -16.704  54.663  -7.202 0.0000000000
3653  -10.128  64.740  -3.997 0.0000000000
3654  -9.518  63.644  -6.827 0.0000000000
3655  -7.441  64.035  -5.749 0.0000000000
3657  -7.113  58.323  -8.496 0.0000000000
4073  -10.021  57.828  8.806 0.0000000000
4074  -9.472  59.680  10.365 0.0000000000
4075  -7.567  61.260  18.716 0.0000000000
4076  -7.628  59.433  16.901 0.0000000000
4077  -7.387  58.933  19.750 0.0000000000
4078  -8.023  56.169  20.773 0.0000000000
4079  -7.599  57.959  22.905 0.0000000000
4080  -14.671  54.892  22.807 0.0000000000
4081  -13.060  57.137  22.170 0.0000000000
4082  -12.478  55.467  24.821 0.0000000000
4083  -10.112  54.046  33.148 0.0000000000
4084  -9.338  56.390  29.783 0.0000000000
4085  -8.226  55.487  32.145 0.0000000000
4086  -6.977  55.483  29.988 0.0000000000
4101  -22.087  51.756  -1.354 0.0000000000
4109  -19.805  59.996  0.687 0.0000000000
4110  -17.620  61.628  1.380 0.0000000000
4111  -15.162  62.613  -0.956 0.0000000000
4112  -14.770  61.811  2.108 0.0000000000
4116  -7.634  60.125  4.387 0.0000000000
4770  -9.204  52.900  11.332 0.0000000000
5936  -7.820  61.469  -0.892 0.0000000000
5937  -7.187  61.931  -3.829 0.0000000000
5938  -7.931  58.137  -2.347 0.0000000000
5939  -8.795  54.916  -3.866 0.0000000000
6190  -9.139  62.920  17.377 0.0000000000
6191  -9.016  61.309  20.233 0.0000000000
6192  -14.197  51.222  28.814 0.0000000000
6193  -12.400  53.710  27.707 0.0000000000
6194  -12.995  51.591  31.063 0.0000000000
6606  -9.423  51.986  17.549 0.0000000000
6647  -25.006  51.893  -5.301 0.0000000000
6648  -26.749  53.751  -6.923 0.0000000000
6649  -23.542  54.241  -7.512 0.0000000000
6650  -22.137  56.680  -9.888 0.0000000000
6651  -20.470  58.343  -12.244 0.0000000000
7253  -14.495  57.352  16.775 0.0000000000
7254  -16.709  55.582  18.309 0.0000000000
7255  -16.734  54.390  21.227 0.0000000000
7256  -15.963  52.205  23.804 0.0000000000
7258  -17.365  50.091  25.764 0.0000000000
7259  -15.593  50.401  27.114 0.0000000000
7260  -16.806  50.073  30.998 0.0000000000
7610  -15.877  61.464  -4.749 0.0000000000
7611  -14.513  58.003  -6.814 0.0000000000
7612  -12.430  61.180  -6.906 0.0000000000
7613  -9.423  61.247  -9.459 0.0000000000
7615  -6.139  61.791  -7.290 0.0000000000
7616  -5.687  60.974  -10.745 0.0000000000
8182  -11.481  55.672  4.384 0.0000000000
8183  -12.583  53.376  6.191 0.0000000000
8184  -11.475  55.840  7.569 0.0000000000
8185  -9.545  55.222  10.170 0.0000000000
8186  -9.360  54.953  13.036 0.0000000000
8187  -9.205  59.450  13.781 0.0000000000
8188  -9.010  57.321  15.020 0.0000000000
8189  -9.485  54.851  16.389 0.0000000000
8190  -8.813  53.994  19.160 0.0000000000
8191  -7.616  52.805  21.882 0.0000000000
8192  -7.988  52.353  24.953 0.0000000000
8193  -12.621  58.436  18.936 0.0000000000
8194  -11.136  59.561  21.364 0.0000000000
8195  -9.387  59.791  23.421 0.0000000000
8196  -10.921  56.354  27.305 0.0000000000
8197  -9.402  58.416  26.737 0.0000000000
8198  -7.840  58.839  25.115 0.0000000000
8199  -6.950  56.806  26.434 0.0000000000
8200  -7.151  54.259  27.393 0.0000000000
8215  -29.872  51.624  -2.097 0.0000000000
8217  -28.558  49.670  -1.158 0.0000000000
8218  -26.623  50.782  -3.062 0.0000000000
8219  -23.295  51.300  -3.484 0.0000000000
8220  -20.810  53.571  -2.922 0.0000000000
8221  -19.430  56.902  -2.737 0.0000000000
8229  -19.350  58.568  -1.204 0.0000000000
8230  -18.724  60.702  -3.226 0.0000000000
8231  -16.262  63.521  -3.291 0.0000000000
8232  -12.954  64.094  -2.476 0.0000000000
8233  -10.175  64.377  -0.946 0.0000000000
8234  -12.191  62.883  3.690 0.0000000000
8235  -10.075  63.555  2.242 0.0000000000
8236  -8.336  63.366  0.743 0.0000000000
8237  -7.849  60.509  1.993 0.0000000000
8238  -9.036  57.805  2.866 0.0000000000
9142  -14.722  55.282  -9.952 0.0000000000
10338  -11.493  54.318  2.290 0.0000000000
10339  -10.885  53.925  0.890 0.0000000000
10710  -8.427  49.804  24.282 0.0000000000
10711  -7.749  48.269  23.207 0.0000000000
10712  -8.614  47.972  24.608 0.0000000000
10733  -18.084  56.056  -4.389 0.0000000000
10734  -17.689  54.570  -5.815 0.0000000000
10735  -16.728  56.160  -5.557 0.0000000000
11333  -8.916  64.827  -3.176 0.0000000000
11334  -8.618  64.600  -4.956 0.0000000000
11335  -7.802  64.310  -4.104 0.0000000000
11755  -7.734  60.661  20.070 0.0000000000
11756  -7.328  60.091  19.228 0.0000000000
11757  -7.535  59.623  20.644 0.0000000000
11758  -7.554  58.516  21.159 0.0000000000
11759  -7.645  59.176  22.252 0.0000000000
11760  -14.029  53.572  24.014 0.0000000000
11761  -13.511  55.035  23.718 0.0000000000
11762  -12.977  54.010  24.928 0.0000000000
11764  -9.178  54.967  32.790 0.0000000000
11789  -19.114  61.440  2.394 0.0000000000
11790  -17.572  61.425  2.725 0.0000000000
11791  -16.211  61.556  1.675 0.0000000000
11792  -16.181  61.281  2.983 0.0000000000
12450  -9.270  52.890  13.036 0.0000000000
12451  -9.049  51.763  11.851 0.0000000000
12452  -9.156  51.752  13.465 0.0000000000
12518  -30.163  51.451  -4.006 0.0000000000
12520  -29.439  51.517  -5.447 0.0000000000
13733  -8.283  59.673  -0.239 0.0000000000
13734  -7.754  59.894  -1.688 0.0000000000
13735  -8.290  58.136  -1.149 0.0000000000
13737  -8.717  54.702  -2.622 0.0000000000
14155  -11.293  62.257  16.955 0.0000000000
14156  -10.247  63.271  16.489 0.0000000000
14157  -10.156  62.354  17.974 0.0000000000
14158  -8.966  62.121  18.833 0.0000000000
14159  -9.945  61.419  19.338 0.0000000000
14160  -14.793  50.412  30.562 0.0000000000
14161  -13.568  51.454  29.899 0.0000000000
14850  -8.722  51.465  18.833 0.0000000000
14852  -7.997  49.834  18.878 0.0000000000
14918  -23.300  52.012  -5.398 0.0000000000
14919  -24.195  52.955  -6.462 0.0000000000
14920  -22.442  52.928  -6.598 0.0000000000
14921  -19.172  54.316  -9.189 0.0000000000
14922  -21.033  54.873  -9.056 0.0000000000
14923  -20.339  56.063  -10.193 0.0000000000
14924  -21.362  57.800  -11.015 0.0000000000
14925  -19.603  57.198  -11.342 0.0000000000
15956  -17.744  54.462  20.719 0.0000000000
15957  -17.675  53.619  22.136 0.0000000000
15958  -16.570  53.509  22.605 0.0000000000
15959  -17.245  52.357  23.222 0.0000000000
15965  -17.506  49.364  27.666 0.0000000000
15966  -16.452  50.155  26.375 0.0000000000
15967  -16.752  49.597  28.353 0.0000000000
15968  -16.104  50.088  29.087 0.0000000000
15969  -17.403  49.694  30.394 0.0000000000
16718  -14.657  62.874  -4.838 0.0000000000
16719  -14.035  61.308  -5.635 0.0000000000
16720  -12.810  62.708  -5.843 0.0000000000
16721  -8.088  63.493  -7.801 0.0000000000
16722  -9.375  62.761  -8.062 0.0000000000
16723  -7.938  62.655  -9.370 0.0000000000
16724  -8.131  61.371  -10.981 0.0000000000
16725  -6.898  62.301  -10.662 0.0000000000
16726  -7.550  60.296  -4.541 0.0000000000
16727  -6.793  61.886  -5.532 0.0000000000
16728  -7.000  60.248  -6.389 0.0000000000
16730  -5.953  59.864  -9.586 0.0000000000
17977  -10.762  56.859  4.914 0.0000000000
17978  -11.668  55.871  5.987 0.0000000000
17979  -10.953  57.034  6.517 0.0000000000
17980  -9.284  57.481  10.341 0.0000000000
17981  -9.831  56.540  9.568 0.0000000000
17982  -8.881  56.236  10.828 0.0000000000
17983  -8.805  55.003  11.452 0.0000000000
17984  -8.916  56.076  12.310 0.0000000000
17985  -9.038  61.728  14.068 0.0000000000
17986  -9.322  60.521  13.079 0.0000000000
17987  -8.716  60.675  14.770 0.0000000000
17988  -7.802  58.274  17.513 0.0000000000
17989  -8.311  58.430  15.994 0.0000000000
17990  -8.559  57.248  16.640 0.0000000000
17991  -9.302  56.199  15.694 0.0000000000
17992  -8.842  55.889  17.237 0.0000000000
17993  -9.123  54.471  17.846 0.0000000000
17994  -8.520  55.519  18.577 0.0000000000
17995  -7.957  55.554  22.409 0.0000000000
17996  -8.123  54.456  21.415 0.0000000000
17997  -7.680  53.919  22.941 0.0000000000
17998  -7.619  52.418  23.331 0.0000000000
17999  -7.492  53.572  24.482 0.0000000000
18000  -14.533  56.525  18.189 0.0000000000
18001  -13.514  57.838  17.761 0.0000000000
18002  -13.556  57.119  19.308 0.0000000000
18003  -12.326  57.703  23.395 0.0000000000
18004  -12.090  58.384  21.838 0.0000000000
18005  -11.290  58.849  23.066 0.0000000000
18006  -10.248  59.791  22.458 0.0000000000
18007  -10.312  59.056  24.126 0.0000000000
18008  -11.777  54.066  28.914 0.0000000000
18009  -11.584  55.044  27.415 0.0000000000
18010  -10.914  55.203  28.707 0.0000000000
18011  -8.485  57.099  29.301 0.0000000000
18012  -9.281  57.504  28.135 0.0000000000
18013  -8.498  58.049  27.644 0.0000000000
18014  -8.459  58.820  26.083 0.0000000000
18015  -7.721  58.170  26.897 0.0000000000
18016  -7.303  57.956  25.828 0.0000000000
18017  -7.152  57.303  27.573 0.0000000000
18019  -6.911  54.956  28.664 0.0000000000
18051  -31.305  52.338  -1.721 0.0000000000
18052  -30.763  51.384  -1.212 0.0000000000
18056  -25.872  48.785  -0.862 0.0000000000
18057  -27.716  48.772  -0.617 0.0000000000
18058  -26.701  49.471  -1.509 0.0000000000
18059  -27.572  50.259  -2.048 0.0000000000
18060  -25.769  50.273  -2.417 0.0000000000
18061  -24.968  50.821  -3.450 0.0000000000
18062  -24.091  50.587  -2.625 0.0000000000
18063  -21.065  53.267  -1.056 0.0000000000
18064  -21.400  52.690  -2.067 0.0000000000
18065  -20.565  54.341  -1.833 0.0000000000
18066  -20.039  55.189  -2.796 0.0000000000
18067  -19.855  56.060  -1.778 0.0000000000
18086  -18.878  60.856  -0.388 0.0000000000
18087  -19.324  59.312  -0.395 0.0000000000
18088  -19.051  60.425  -1.479 0.0000000000
18089  -19.270  59.699  -2.210 0.0000000000
18090  -18.765  61.612  -2.457 0.0000000000
18091  -17.652  62.464  -3.334 0.0000000000
18092  -17.431  62.863  -2.420 0.0000000000
18093  -13.710  62.806  -0.394 0.0000000000
18094  -14.124  63.407  -1.802 0.0000000000
18095  -12.641  63.579  -1.170 0.0000000000
18096  -11.483  64.270  -1.752 0.0000000000
18097  -11.303  63.719  -0.344 0.0000000000
18101  -8.590  63.736  4.385 0.0000000000
18102  -9.857  63.698  3.809 0.0000000000
18103  -8.880  63.582  2.990 0.0000000000
18104  -9.141  63.657  1.453 0.0000000000
18105  -8.177  63.072  2.216 0.0000000000
18106  -7.960  62.031  1.469 0.0000000000
18107  -7.533  61.813  2.779 0.0000000000
18108  -8.530  58.935  4.862 0.0000000000
18109  -8.147  58.801  3.571 0.0000000000
18110  -9.328  57.788  4.205 0.0000000000
18111  -10.197  56.767  3.560 0.0000000000
20070  -12.040  53.343  7.679 0.0000000000
20071  -12.608  51.798  6.799 0.0000000000
20072  -11.873  51.737  8.163 0.0000000000
20281  -26.119  55.560  -7.704 0.0000000000
20296  -13.191  57.757  -8.140 0.0000000000
20297  -14.360  56.322  -8.262 0.0000000000
23216  -9.473  56.795  0.896 0.0000000000
23217  -8.836  56.535  -0.556 0.0000000000
23218  -9.701  55.175  0.149 0.0000000000
23219  -10.153  53.464  -0.373 0.0000000000
23471  -12.060  60.825  17.187 0.0000000000
23886  -7.021  50.435  21.301 0.0000000000
23887  -7.169  49.258  20.029 0.0000000000
23888  -7.041  48.665  21.579 0.0000000000
23889  -7.521  47.089  21.974 0.0000000000
23927  -19.973  53.291  -4.937 0.0000000000
23928  -20.591  52.993  -6.578 0.0000000000
23929  -18.991  53.491  -6.266 0.0000000000
23930  -18.121  53.766  -7.649 0.0000000000
23931  -17.393  54.234  -8.964 0.0000000000
25007  -11.538  64.358  -4.534 0.0000000000
25008  -11.334  63.694  -5.800 0.0000000000
25009  -9.825  64.353  -5.491 0.0000000000
25010  -8.304  64.154  -6.403 0.0000000000
25011  -7.097  63.648  -7.213 0.0000000000
25012  -7.788  56.332  -5.911 0.0000000000
25013  -7.481  58.427  -7.011 0.0000000000
25014  -7.905  56.392  -7.285 0.0000000000
25762  -9.149  59.122  6.167 0.0000000000
25763  -10.267  58.099  7.115 0.0000000000
25765  -9.610  58.775  9.589 0.0000000000
25766  -9.332  58.443  11.172 0.0000000000
25767  -7.808  61.682  17.215 0.0000000000
25768  -7.962  60.628  16.315 0.0000000000
25769  -7.418  60.518  17.874 0.0000000000
25770  -7.402  59.268  18.360 0.0000000000
25771  -7.609  57.937  18.871 0.0000000000
25772  -8.011  56.588  19.328 0.0000000000
25773  -7.660  57.630  20.142 0.0000000000
25774  -7.822  57.115  21.739 0.0000000000
25775  -7.654  56.454  23.522 0.0000000000
25776  -14.843  55.528  21.356 0.0000000000
25777  -13.763  56.554  20.929 0.0000000000
25778  -13.988  56.073  22.399 0.0000000000
25779  -13.073  56.499  23.591 0.0000000000
25780  -12.141  56.902  24.761 0.0000000000
25781  -10.745  54.123  31.767 0.0000000000
25782  -10.303  55.285  30.096 0.0000000000
25783  -9.756  55.213  31.473 0.0000000000
25784  -8.753  56.120  31.057 0.0000000000
25785  -7.913  56.517  30.313 0.0000000000
25786  -7.218  56.545  29.330 0.0000000000
25787  -7.453  55.663  31.143 0.0000000000
25813  -23.396  50.573  -1.654 0.0000000000
25828  -20.304  60.637  1.887 0.0000000000
25829  -18.955  61.234  1.008 0.0000000000
25830  -17.823  61.730  -0.170 0.0000000000
25831  -16.790  62.501  -1.314 0.0000000000
25832  -16.382  61.870  0.180 0.0000000000
25833  -14.959  62.086  0.472 0.0000000000
25834  -13.534  62.446  1.233 0.0000000000
25839  -7.765  62.998  5.052 0.0000000000
25840  -7.369  61.618  4.094 0.0000000000
25841  -7.628  61.718  5.355 0.0000000000
25842  -8.122  60.392  5.636 0.0000000000
27018  -10.069  53.021  9.952 0.0000000000
27019  -10.795  51.655  9.194 0.0000000000
27020  -9.649  51.672  10.276 0.0000000000
27145  -24.847  57.827  -10.075 0.0000000000
29210  -7.604  63.257  -1.545 0.0000000000
29211  -7.303  63.351  -3.132 0.0000000000
29212  -7.346  61.777  -2.296 0.0000000000
29213  -7.526  60.072  -2.941 0.0000000000
29214  -8.006  58.334  -3.668 0.0000000000
29215  -8.294  56.396  -1.861 0.0000000000
29216  -8.431  56.552  -3.116 0.0000000000
29217  -8.269  56.522  -4.522 0.0000000000
29218  -8.019  54.680  -5.227 0.0000000000
29801  -8.871  62.873  14.908 0.0000000000
29803  -9.345  63.528  15.738 0.0000000000
29804  -8.537  62.705  16.526 0.0000000000
29805  -8.113  62.251  18.115 0.0000000000
29806  -8.200  61.542  19.539 0.0000000000
29807  -8.430  60.808  20.965 0.0000000000
29808  -13.801  51.890  27.047 0.0000000000
29809  -12.958  53.257  26.503 0.0000000000
29810  -13.224  52.406  28.196 0.0000000000
29811  -12.639  52.709  29.344 0.0000000000
29812  -12.160  52.868  30.612 0.0000000000
29815  -11.595  53.004  32.024 0.0000000000
30774  -9.748  52.414  16.111 0.0000000000
30775  -9.248  51.495  14.931 0.0000000000
30869  -26.619  51.514  -4.977 0.0000000000
30870  -27.521  52.179  -5.967 0.0000000000
30871  -25.852  52.656  -6.224 0.0000000000
30872  -25.216  54.271  -7.228 0.0000000000
30873  -24.603  55.763  -8.175 0.0000000000
30874  -21.710  53.853  -7.812 0.0000000000
30875  -22.899  55.489  -8.641 0.0000000000
30876  -23.885  57.004  -9.372 0.0000000000
30877  -23.037  57.948  -10.622 0.0000000000
30878  -22.328  58.293  -11.836 0.0000000000
32305  -15.569  56.268  17.399 0.0000000000
32306  -15.610  55.557  18.867 0.0000000000
32308  -16.653  54.962  19.705 0.0000000000
32309  -15.645  55.046  20.385 0.0000000000
32310  -15.816  54.682  22.019 0.0000000000
32311  -15.312  53.463  23.244 0.0000000000
32312  -14.666  52.162  24.471 0.0000000000
32318  -17.833  51.296  24.070 0.0000000000
32319  -16.608  51.129  24.639 0.0000000000
32320  -15.509  51.102  25.288 0.0000000000
32321  -14.553  51.351  26.087 0.0000000000
32322  -14.847  50.772  27.936 0.0000000000
32323  -15.492  50.411  29.790 0.0000000000
33272  -16.703  59.942  -4.594 0.0000000000
33273  -15.909  58.122  -5.530 0.0000000000
33274  -14.992  59.758  -5.552 0.0000000000
33275  -13.567  59.554  -6.791 0.0000000000
33276  -12.157  59.362  -8.130 0.0000000000
33277  -10.997  62.699  -6.953 0.0000000000
33278  -10.819  61.129  -8.143 0.0000000000
33279  -10.650  59.298  -9.424 0.0000000000
33283  -7.080  63.254  -4.810 0.0000000000
33284  -6.601  63.050  -6.439 0.0000000000
33285  -6.120  62.869  -8.223 0.0000000000
33286  -6.368  60.152  -8.004 0.0000000000
33287  -5.716  61.570  -8.952 0.0000000000
33288  -6.061  62.287  -9.949 0.0000000000
33289  -6.070  61.508  -11.638 0.0000000000
34852  -12.062  54.413  3.729 0.0000000000
34853  -12.738  53.272  4.613 0.0000000000
34854  -12.275  54.583  5.348 0.0000000000
34855  -12.086  54.698  6.913 0.0000000000
34856  -11.427  54.514  8.363 0.0000000000
34857  -10.695  56.858  8.169 0.0000000000
34858  -10.665  55.577  9.028 0.0000000000
34859  -10.422  54.308  9.519 0.0000000000
34860  -9.330  53.973  10.582 0.0000000000
34861  -9.036  53.894  12.225 0.0000000000
34862  -9.584  53.902  13.776 0.0000000000
34864  -9.468  59.418  12.100 0.0000000000
34865  -9.348  58.262  12.705 0.0000000000
34866  -8.405  59.562  15.382 0.0000000000
34867  -8.951  58.387  14.434 0.0000000000
34868  -9.150  57.189  13.242 0.0000000000
34869  -9.397  56.096  13.933 0.0000000000
34870  -9.688  55.032  14.707 0.0000000000
34871  -9.844  53.743  15.488 0.0000000000
34872  -9.686  53.400  17.033 0.0000000000
34873  -9.185  52.967  18.445 0.0000000000
34874  -8.461  52.379  19.712 0.0000000000
34875  -8.383  55.036  19.893 0.0000000000
34876  -8.215  53.367  20.485 0.0000000000
34877  -7.580  51.858  20.909 0.0000000000
34878  -7.302  51.387  22.323 0.0000000000
34879  -7.972  51.207  23.773 0.0000000000
34880  -8.613  51.052  25.400 0.0000000000
34881  -13.596  58.738  16.356 0.0000000000
34882  -12.667  59.318  17.444 0.0000000000
34883  -11.761  59.811  18.595 0.0000000000
34884  -12.794  57.765  20.606 0.0000000000
34885  -11.942  59.087  20.208 0.0000000000
34886  -10.916  60.337  19.748 0.0000000000
34887  -10.065  60.584  20.873 0.0000000000
34888  -9.264  60.540  21.784 0.0000000000
34889  -8.564  60.166  22.596 0.0000000000
34890  -12.231  54.572  26.134 0.0000000000
34891  -11.674  55.993  26.061 0.0000000000
34892  -11.243  57.317  25.980 0.0000000000
34893  -10.107  56.516  28.516 0.0000000000
34894  -10.322  57.509  27.170 0.0000000000
34895  -10.365  58.390  25.716 0.0000000000
34896  -9.378  59.170  25.124 0.0000000000
34897  -8.644  59.517  24.294 0.0000000000
34898  -8.033  59.534  23.362 0.0000000000
34899  -7.592  58.563  24.078 0.0000000000
34900  -7.311  57.288  24.725 0.0000000000
34901  -7.081  55.959  25.287 0.0000000000
34902  -6.842  56.295  28.192 0.0000000000
34903  -6.791  55.602  26.972 0.0000000000
34904  -7.176  54.600  25.705 0.0000000000
34905  -7.619  53.370  26.203 0.0000000000
34906  -8.300  52.063  26.713 0.0000000000
34907  -8.738  50.561  27.053 0.0000000000
34944  -30.650  52.155  -2.719 0.0000000000
34945  -29.267  51.325  -3.322 0.0000000000
34950  -29.517  49.167  -0.215 0.0000000000
34951  -30.171  50.219  -0.730 0.0000000000
34952  -29.243  50.699  -1.610 0.0000000000
34953  -28.363  50.946  -2.634 0.0000000000
34954  -27.457  51.121  -3.806 0.0000000000
34955  -25.785  51.229  -4.148 0.0000000000
34956  -24.175  51.489  -4.365 0.0000000000
34957  -22.515  51.838  -4.404 0.0000000000
34958  -22.577  51.423  -2.437 0.0000000000
34959  -21.857  52.147  -3.230 0.0000000000
34960  -20.979  52.738  -4.041 0.0000000000
34961  -19.965  54.200  -3.742 0.0000000000
34962  -19.217  55.800  -3.607 0.0000000000
34963  -18.645  57.566  -3.694 0.0000000000
34984  -20.047  55.689  -0.107 0.0000000000
34985  -20.072  58.343  0.717 0.0000000000
34986  -19.670  57.598  -0.268 0.0000000000
34987  -19.664  56.748  -0.965 0.0000000000
34988  -19.443  57.812  -1.874 0.0000000000
34989  -19.131  58.824  -2.942 0.0000000000
34990  -18.072  59.530  -3.828 0.0000000000
34991  -17.419  61.292  -4.092 0.0000000000
34992  -16.281  62.801  -4.175 0.0000000000
34993  -14.796  63.731  -4.061 0.0000000000
34994  -15.744  63.325  -2.238 0.0000000000
34995  -14.457  63.910  -3.023 0.0000000000
34996  -13.133  64.181  -3.736 0.0000000000
34997  -11.522  64.512  -3.188 0.0000000000
34998  -10.183  64.779  -2.421 0.0000000000
34999  -9.065  64.695  -1.576 0.0000000000
35000  -14.534  61.640  3.703 0.0000000000
35001  -13.352  62.289  2.858 0.0000000000
35002  -12.290  62.803  2.045 0.0000000000
35003  -10.865  63.554  4.582 0.0000000000
35004  -11.151  63.247  2.963 0.0000000000
35005  -11.261  63.220  1.200 0.0000000000
35006  -10.148  63.743  0.595 0.0000000000
35007  -9.097  64.161  -0.048 0.0000000000
35008  -8.209  64.041  -0.749 0.0000000000
35009  -7.945  62.587  -0.070 0.0000000000
35010  -8.151  60.890  0.618 0.0000000000
35011  -8.376  59.360  1.166 0.0000000000
35012  -7.522  60.175  3.131 0.0000000000
35013  -8.176  59.002  2.385 0.0000000000
35014  -9.012  57.967  1.721 0.0000000000
35015  -9.868  56.690  2.222 0.0000000000
35016  -10.945  55.626  2.963 0.0000000000
37395  -13.030  51.773  5.373 0.0000000000
37648  -28.467  52.913  -6.718 0.0000000000
37666  -15.505  56.251  -6.967 0.0000000000
37667  -15.711  54.940  -8.593 0.0000000000
37668  -16.576  54.891  -10.286 0.0000000000
37671  -17.713  56.313  -11.549 0.0000000000
37672  -18.588  57.955  -12.553 0.0000000000
41058  -12.041  53.717  2.650 0.0000000000
41059  -11.743  53.533  1.892 0.0000000000
41430  -8.795  49.672  25.064 0.0000000000
41431  -8.592  48.927  24.509 0.0000000000
41432  -8.884  48.710  25.208 0.0000000000
41453  -17.641  57.035  -4.378 0.0000000000
41454  -17.352  56.149  -4.938 0.0000000000
41455  -16.978  57.056  -4.914 0.0000000000
42053  -8.420  64.687  -2.743 0.0000000000
42054  -8.310  64.650  -3.677 0.0000000000
42055  -7.920  64.396  -3.196 0.0000000000
42475  -7.874  60.352  20.851 0.0000000000
42476  -7.632  60.122  20.398 0.0000000000
42477  -7.717  59.882  21.154 0.0000000000
42478  -7.601  59.429  21.411 0.0000000000
42479  -7.787  59.670  21.948 0.0000000000
42480  -13.801  53.068  24.629 0.0000000000
42481  -13.466  53.765  24.437 0.0000000000
42482  -13.336  53.306  25.127 0.0000000000
42509  -18.331  61.317  3.163 0.0000000000
42510  -17.634  61.328  3.371 0.0000000000
42511  -16.871  61.356  2.887 0.0000000000
43170  -9.494  52.848  13.749 0.0000000000
43171  -9.305  52.284  13.259 0.0000000000
43172  -9.410  52.233  13.979 0.0000000000
43238  -29.386  51.132  -4.267 0.0000000000
43239  -29.858  51.287  -4.702 0.0000000000
43240  -28.949  51.316  -4.999 0.0000000000
44453  -8.505  58.860  -0.003 0.0000000000
44454  -8.298  58.982  -0.728 0.0000000000
44455  -8.579  58.164  -0.462 0.0000000000
44875  -11.190  61.719  17.614 0.0000000000
44876  -10.751  62.343  17.442 0.0000000000
44877  -10.612  61.823  18.130 0.0000000000
44878  -10.021  61.878  18.630 0.0000000000
44879  -10.469  61.354  18.825 0.0000000000
44881  -14.327  50.390  30.934 0.0000000000
45570  -8.204  51.180  19.391 0.0000000000
45571  -8.280  50.648  18.826 0.0000000000
45572  -7.816  50.363  19.411 0.0000000000
45638  -22.434  52.154  -5.394 0.0000000000
45639  -22.837  52.456  -6.039 0.0000000000
45640  -21.969  52.520  -5.996 0.0000000000
45641  -18.840  54.730  -9.773 0.0000000000
45642  -19.733  55.042  -9.748 0.0000000000
45643  -19.457  55.679  -10.307 0.0000000000
45644  -20.009  56.668  -10.769 0.0000000000
45645  -19.107  56.243  -10.885 0.0000000000
46676  -18.192  53.702  21.909 0.0000000000
46677  -18.084  53.165  22.519 0.0000000000
46678  -17.506  53.000  22.695 0.0000000000
46679  -17.865  52.517  23.036 0.0000000000
46684  -18.084  49.102  28.385 0.0000000000
46685  -17.711  49.185  28.665 0.0000000000
46686  -17.107  49.445  27.987 0.0000000000
46687  -17.373  49.365  29.030 0.0000000000
46688  -17.046  49.590  29.402 0.0000000000
46689  -17.696  49.409  30.057 0.0000000000
47438  -13.936  63.395  -4.847 0.0000000000
47439  -13.720  62.765  -5.292 0.0000000000
47440  -13.005  63.271  -5.368 0.0000000000
47441  -7.442  63.343  -8.364 0.0000000000
47442  -8.000  63.147  -8.533 0.0000000000
47443  -7.350  62.949  -9.225 0.0000000000
47444  -7.367  62.519  -10.071 0.0000000000
47445  -6.826  62.753  -9.838 0.0000000000
47446  -7.748  59.433  -4.937 0.0000000000
47447  -7.334  60.357  -5.505 0.0000000000
47448  -7.530  59.382  -5.879 0.0000000000
48697  -10.342  57.381  5.240 0.0000000000
48698  -10.891  56.973  5.721 0.0000000000
48699  -10.502  57.571  5.989 0.0000000000
48700  -9.056  57.339  11.041 0.0000000000
48701  -9.073  56.836  10.633 0.0000000000
48702  -8.825  56.714  11.276 0.0000000000
48703  -8.678  56.109  11.543 0.0000000000
48704  -8.886  56.646  12.003 0.0000000000
48705  -8.719  61.806  14.819 0.0000000000
48706  -8.872  61.212  14.396 0.0000000000
48707  -8.511  61.269  15.190 0.0000000000
48708  -7.951  57.630  17.782 0.0000000000
48709  -8.161  57.772  17.086 0.0000000000
48710  -8.324  57.111  17.340 0.0000000000
48711  -8.707  56.583  16.909 0.0000000000
48712  -8.474  56.423  17.607 0.0000000000
48713  -8.605  55.708  17.917 0.0000000000
48714  -8.300  56.248  18.281 0.0000000000
48715  -7.738  55.232  23.263 0.0000000000
48716  -7.849  54.729  22.747 0.0000000000
48717  -7.626  54.463  23.520 0.0000000000
48718  -7.529  53.699  23.711 0.0000000000
48719  -7.444  54.229  24.305 0.0000000000
48720  -14.537  56.206  18.976 0.0000000000
48721  -14.011  56.798  18.736 0.0000000000
48722  -14.038  56.467  19.538 0.0000000000
48723  -11.869  57.935  23.936 0.0000000000
48724  -11.794  58.291  23.259 0.0000000000
48725  -11.344  58.472  23.835 0.0000000000
48726  -10.799  58.954  23.618 0.0000000000
48727  -10.860  58.624  24.409 0.0000000000
48728  -11.508  54.070  29.591 0.0000000000
48729  -11.351  54.604  28.793 0.0000000000
48730  -11.068  54.648  29.479 0.0000000000
48731  -8.099  57.306  28.973 0.0000000000
48732  -8.443  57.597  28.443 0.0000000000
48733  -8.080  57.778  28.111 0.0000000000
48734  -8.084  58.151  27.329 0.0000000000
48735  -7.724  57.785  27.726 0.0000000000
48736  -7.417  57.744  27.235 0.0000000000
48737  -7.415  57.385  28.110 0.0000000000
48770  -31.965  51.484  -0.668 0.0000000000
48771  -31.504  51.694  -1.079 0.0000000000
48772  -31.251  51.142  -0.796 0.0000000000
48776  -25.443  49.321  -1.277 0.0000000000
48777  -26.299  49.143  -1.197 0.0000000000
48778  -25.864  49.591  -1.641 0.0000000000
48779  -26.289  49.920  -1.957 0.0000000000
48780  -25.387  50.047  -2.066 0.0000000000
48781  -24.913  50.366  -2.543 0.0000000000
48782  -24.509  50.232  -2.136 0.0000000000
48783  -20.636  54.110  -0.978 0.0000000000
48784  -20.818  53.819  -1.390 0.0000000000
48785  -20.381  54.701  -1.358 0.0000000000
48786  -20.193  55.204  -1.803 0.0000000000
48787  -20.034  55.558  -1.323 0.0000000000
48806  -18.609  61.363  -0.930 0.0000000000
48807  -18.954  60.664  -0.981 0.0000000000
48808  -18.765  61.256  -1.530 0.0000000000
48809  -18.974  61.048  -1.970 0.0000000000
48810  -18.548  61.832  -1.968 0.0000000000
48811  -18.162  62.325  -2.435 0.0000000000
48812  -17.940  62.400  -1.932 0.0000000000
48813  -13.059  62.956  -0.081 0.0000000000
48814  -13.153  63.190  -0.847 0.0000000000
48815  -12.531  63.317  -0.488 0.0000000000
48816  -11.972  63.675  -0.786 0.0000000000
48817  -11.873  63.375  -0.029 0.0000000000
48821  -8.229  63.390  3.990 0.0000000000
48822  -8.738  63.629  3.690 0.0000000000
48823  -8.326  63.417  3.295 0.0000000000
48824  -8.500  63.395  2.588 0.0000000000
48825  -8.004  62.989  2.920 0.0000000000
48826  -7.793  62.494  2.543 0.0000000000
48827  -7.617  62.418  3.229 0.0000000000
48828  -9.174  58.396  5.176 0.0000000000
48829  -8.903  58.294  4.547 0.0000000000
48830  -9.618  57.824  4.880 0.0000000000
48831  -10.043  57.332  4.582 0.0000000000
50790  -11.628  53.257  8.319 0.0000000000
50791  -11.980  52.523  7.893 0.0000000000
50792  -11.532  52.484  8.545 0.0000000000
51001  -25.887  56.368  -8.196 0.0000000000
51002  -26.680  56.216  -8.014 0.0000000000
51016  -12.482  57.663  -8.824 0.0000000000
51017  -13.113  56.989  -8.860 0.0000000000
54053  -9.943  56.130  1.227 0.0000000000
54054  -9.611  56.002  0.487 0.0000000000
54055  -10.043  55.362  0.833 0.0000000000
54057  -10.538  53.735  0.236 0.0000000000
54478  -12.194  61.413  16.589 0.0000000000
54479  -12.498  60.643  16.668 0.0000000000
55170  -7.085  50.197  22.043 0.0000000000
55171  -6.956  49.556  21.438 0.0000000000
55172  -7.173  49.335  22.218 0.0000000000
55173  -7.880  47.564  23.412 0.0000000000
55174  -7.464  47.666  22.584 0.0000000000
55175  -7.669  46.927  22.765 0.0000000000
55238  -19.398  53.880  -4.739 0.0000000000
55239  -19.419  53.407  -5.592 0.0000000000
55240  -18.803  53.887  -5.369 0.0000000000
55241  -17.172  54.636  -6.490 0.0000000000
55242  -17.828  54.017  -6.707 0.0000000000
55243  -17.377  54.119  -7.399 0.0000000000
55244  -17.762  53.990  -8.295 0.0000000000
55245  -16.970  54.303  -8.090 0.0000000000
57038  -10.777  64.584  -4.295 0.0000000000
57039  -10.629  64.396  -5.034 0.0000000000
57040  -9.978  64.595  -4.714 0.0000000000
57041  -8.013  64.354  -5.382 0.0000000000
57042  -8.455  64.392  -5.730 0.0000000000
57043  -7.865  64.187  -6.068 0.0000000000
57044  -7.701  63.938  -6.785 0.0000000000
57045  -7.288  63.851  -6.470 0.0000000000
57046  -7.510  55.384  -6.236 0.0000000000
57047  -7.707  56.358  -6.633 0.0000000000
57048  -7.520  55.377  -6.916 0.0000000000
58298  -9.402  59.204  6.886 0.0000000000
58302  -9.502  59.244  9.965 0.0000000000
58303  -9.429  58.615  10.391 0.0000000000
58304  -9.425  59.093  10.792 0.0000000000
58305  -7.614  61.507  17.995 0.0000000000
58306  -7.572  61.137  17.564 0.0000000000
58307  -7.426  60.941  18.296 0.0000000000
58308  -7.342  59.530  19.498 0.0000000000
58309  -7.292  59.723  18.774 0.0000000000
58310  -7.369  59.124  19.020 0.0000000000
58311  -7.494  58.617  18.620 0.0000000000
58312  -7.432  58.480  19.318 0.0000000000
58313  -7.621  57.781  19.506 0.0000000000
58314  -7.495  58.303  19.954 0.0000000000
58315  -7.585  58.252  22.008 0.0000000000
58316  -7.653  57.830  21.425 0.0000000000
58317  -7.709  57.557  22.310 0.0000000000
58318  -7.822  56.797  22.592 0.0000000000
58319  -7.654  57.227  23.217 0.0000000000
58320  -14.843  55.294  22.119 0.0000000000
58321  -14.396  55.805  21.859 0.0000000000
58322  -14.330  55.463  22.606 0.0000000000
58323  -12.961  55.235  24.231 0.0000000000
58324  -13.281  55.767  23.632 0.0000000000
58325  -12.788  56.026  24.211 0.0000000000
58326  -12.598  56.713  24.178 0.0000000000
58327  -12.334  56.217  24.804 0.0000000000
58328  -10.444  54.076  32.507 0.0000000000
58329  -10.283  54.670  31.648 0.0000000000
58330  -9.985  54.630  32.345 0.0000000000
58331  -8.688  55.311  32.513 0.0000000000
58332  -8.997  55.537  31.943 0.0000000000
58333  -8.462  55.835  31.644 0.0000000000
58334  -8.327  56.350  30.699 0.0000000000
58335  -8.049  56.046  31.207 0.0000000000
58336  -7.655  56.125  30.742 0.0000000000
58337  -7.821  55.609  31.679 0.0000000000
58406  -18.331  61.540  1.911 0.0000000000
58407  -19.025  61.369  1.707 0.0000000000
58408  -18.339  61.491  1.200 0.0000000000
58409  -18.376  61.463  0.457 0.0000000000
58410  -17.718  61.681  0.612 0.0000000000
58411  -17.118  61.825  0.000 0.0000000000
58412  -16.995  61.757  0.799 0.0000000000
58413  -15.524  61.647  1.837 0.0000000000
58414  -15.580  61.798  1.093 0.0000000000
58415  -14.862  61.948  1.345 0.0000000000
58416  -14.242  62.273  0.923 0.0000000000
58417  -14.135  62.128  1.679 0.0000000000
58426  -7.622  62.401  5.257 0.0000000000
58431  -8.576  59.750  5.882 0.0000000000
60390  -9.527  52.918  10.575 0.0000000000
60391  -9.899  52.309  10.145 0.0000000000
60392  -9.411  52.315  10.821 0.0000000000
60393  -8.970  51.290  11.984 0.0000000000
60394  -9.067  51.227  11.161 0.0000000000
64238  -7.647  62.401  -1.248 0.0000000000
64239  -7.439  62.536  -1.963 0.0000000000
64240  -7.526  61.676  -1.636 0.0000000000
64241  -7.808  58.967  -1.971 0.0000000000
64242  -7.573  59.913  -2.335 0.0000000000
64243  -7.715  59.065  -2.619 0.0000000000
64244  -7.768  59.200  -3.266 0.0000000000
64245  -7.950  58.228  -2.985 0.0000000000
64246  -8.807  55.651  -0.891 0.0000000000
64247  -8.504  56.430  -1.253 0.0000000000
64248  -8.487  55.544  -1.539 0.0000000000
64249  -8.840  54.828  -3.203 0.0000000000
64250  -8.560  55.649  -2.851 0.0000000000
64251  -8.644  55.721  -3.468 0.0000000000
64252  -8.463  56.545  -3.817 0.0000000000
64253  -8.491  55.706  -4.213 0.0000000000
64254  -8.133  55.596  -4.906 0.0000000000
64255  -8.503  54.832  -4.565 0.0000000000
65503  -9.191  62.802  14.135 0.0000000000
65508  -9.701  63.151  16.955 0.0000000000
65509  -9.738  63.549  16.150 0.0000000000
65510  -9.264  63.344  16.589 0.0000000000
65511  -8.932  63.168  16.145 0.0000000000
65512  -8.791  62.935  16.975 0.0000000000
65513  -8.324  62.476  17.328 0.0000000000
65514  -8.591  62.630  17.766 0.0000000000
65515  -9.013  61.702  19.535 0.0000000000
65516  -8.504  61.883  19.210 0.0000000000
65517  -8.613  61.475  19.920 0.0000000000
65518  -8.281  61.177  20.245 0.0000000000
65519  -8.686  61.061  20.596 0.0000000000
65520  -13.978  51.545  27.920 0.0000000000
65521  -13.502  52.213  27.541 0.0000000000
65522  -13.676  51.796  28.473 0.0000000000
65523  -13.268  51.548  30.442 0.0000000000
65524  -13.016  52.068  29.626 0.0000000000
65525  -12.841  52.165  30.229 0.0000000000
65526  -12.416  52.784  29.974 0.0000000000
65527  -12.587  52.254  30.821 0.0000000000
65534  -12.007  52.382  32.164 0.0000000000
65536  -11.256  52.988  32.725 0.0000000000
67590  -9.641  52.192  16.862 0.0000000000
67591  -9.482  51.716  16.232 0.0000000000
67592  -9.336  51.486  16.945 0.0000000000
67598  -7.299  48.406  20.137 0.0000000000
67793  -25.819  51.672  -5.153 0.0000000000
67794  -26.223  52.027  -5.637 0.0000000000
67795  -25.395  52.233  -5.775 0.0000000000
67796  -23.857  53.609  -6.983 0.0000000000
67797  -24.687  53.562  -6.890 0.0000000000
67798  -24.411  54.321  -7.367 0.0000000000
67799  -24.895  55.027  -7.658 0.0000000000
67800  -24.115  55.039  -7.865 0.0000000000
67801  -20.205  53.249  -7.257 0.0000000000
67802  -21.106  53.303  -7.241 0.0000000000
67803  -20.754  53.602  -7.927 0.0000000000
67804  -21.594  55.773  -9.466 0.0000000000
67805  -21.985  55.209  -8.850 0.0000000000
67806  -22.547  56.053  -9.247 0.0000000000
67807  -23.463  56.294  -9.027 0.0000000000
67808  -23.000  56.887  -9.629 0.0000000000
67809  -23.438  57.509  -9.989 0.0000000000
67810  -22.594  57.439  -10.243 0.0000000000
67811  -20.919  58.198  -11.588 0.0000000000
67812  -21.818  58.301  -11.437 0.0000000000
67813  -21.404  58.392  -12.062 0.0000000000
70902  -16.128  55.840  17.807 0.0000000000
70903  -15.607  55.934  18.140 0.0000000000
70904  -16.168  55.537  18.566 0.0000000000
70908  -17.212  54.397  20.925 0.0000000000
70909  -17.220  54.701  20.180 0.0000000000
70910  -16.672  54.644  20.412 0.0000000000
70911  -16.102  54.948  19.991 0.0000000000
70912  -16.211  54.708  20.757 0.0000000000
70913  -15.786  54.878  21.190 0.0000000000
70914  -16.302  54.526  21.596 0.0000000000
70915  -16.278  52.824  23.153 0.0000000000
70916  -15.958  53.465  22.905 0.0000000000
70917  -15.626  52.804  23.490 0.0000000000
70918  -14.963  52.811  23.844 0.0000000000
70919  -15.323  52.173  24.118 0.0000000000
70931  -17.818  49.721  26.427 0.0000000000
70933  -17.894  50.178  25.506 0.0000000000
70935  -17.572  50.653  24.842 0.0000000000
70936  -17.255  51.182  24.297 0.0000000000
70937  -16.998  50.605  25.139 0.0000000000
70938  -16.006  50.262  26.719 0.0000000000
70939  -15.982  50.653  25.793 0.0000000000
70940  -15.498  50.718  26.145 0.0000000000
70941  -14.971  51.170  25.663 0.0000000000
70942  -15.052  50.839  26.541 0.0000000000
70943  -14.662  51.041  27.018 0.0000000000
70944  -15.213  50.596  27.519 0.0000000000
70945  -16.513  50.063  30.043 0.0000000000
70946  -15.806  50.296  29.435 0.0000000000
70947  -16.176  50.181  30.362 0.0000000000
70948  -15.835  50.208  30.737 0.0000000000
73193  -16.315  60.779  -4.650 0.0000000000
73194  -15.818  59.850  -5.065 0.0000000000
73195  -15.393  60.625  -5.116 0.0000000000
73196  -13.226  61.233  -6.249 0.0000000000
73197  -13.714  60.457  -6.151 0.0000000000
73198  -13.050  60.344  -6.849 0.0000000000
73199  -12.882  59.440  -7.467 0.0000000000
73200  -12.322  60.283  -7.506 0.0000000000
73201  -10.420  63.708  -6.301 0.0000000000
73202  -11.169  63.236  -6.379 0.0000000000
73203  -10.306  63.241  -6.901 0.0000000000
73204  -9.330  62.023  -8.753 0.0000000000
73205  -10.082  61.983  -8.113 0.0000000000
73206  -10.066  61.209  -8.741 0.0000000000
73207  -10.790  60.296  -8.798 0.0000000000
73208  -10.068  60.274  -9.430 0.0000000000
73210  -9.403  60.353  -10.141 0.0000000000
73216  -7.148  62.674  -3.438 0.0000000000
73217  -7.193  63.354  -3.946 0.0000000000
73218  -7.074  62.673  -4.349 0.0000000000
73219  -6.443  61.855  -6.461 0.0000000000
73220  -6.590  62.524  -5.987 0.0000000000
73221  -6.250  62.470  -6.887 0.0000000000
73222  -6.321  62.975  -7.316 0.0000000000
73223  -6.000  62.416  -7.738 0.0000000000
73224  -7.341  58.364  -7.723 0.0000000000
73225  -6.932  59.353  -7.499 0.0000000000
73226  -6.646  59.273  -8.247 0.0000000000
73227  -5.719  60.498  -10.187 0.0000000000
73228  -5.822  60.726  -9.327 0.0000000000
73229  -5.735  61.274  -9.840 0.0000000000
73230  -5.806  62.066  -9.475 0.0000000000
73231  -5.818  61.656  -10.316 0.0000000000
73232  -6.044  61.903  -10.741 0.0000000000
73233  -5.798  61.305  -11.223 0.0000000000
76972  -11.811  55.053  4.081 0.0000000000
76973  -12.230  54.533  4.569 0.0000000000
76974  -11.936  55.156  4.892 0.0000000000
76975  -11.635  55.895  6.777 0.0000000000
76976  -11.967  55.311  6.466 0.0000000000
76977  -11.781  55.270  7.249 0.0000000000
76978  -11.816  54.613  7.671 0.0000000000
76979  -11.502  55.174  8.016 0.0000000000
76980  -10.184  58.061  7.936 0.0000000000
76981  -10.540  57.501  7.654 0.0000000000
76982  -10.356  57.324  8.479 0.0000000000
76983  -9.698  55.885  9.897 0.0000000000
76984  -10.241  56.052  9.300 0.0000000000
76985  -10.116  55.421  9.625 0.0000000000
76986  -10.547  54.946  9.313 0.0000000000
76987  -9.973  54.766  9.872 0.0000000000
76988  -9.842  54.111  10.015 0.0000000000
76989  -9.415  54.582  10.388 0.0000000000
76990  -8.961  54.963  12.249 0.0000000000
76991  -8.952  54.429  11.813 0.0000000000
76992  -9.162  54.425  12.634 0.0000000000
76993  -9.306  53.903  13.015 0.0000000000
76994  -9.486  54.427  13.391 0.0000000000
76998  -9.277  59.989  13.452 0.0000000000
76999  -9.438  59.931  12.573 0.0000000000
77000  -9.384  59.380  12.950 0.0000000000
77001  -9.418  58.825  12.427 0.0000000000
77002  -9.331  58.826  13.251 0.0000000000
77003  -7.804  60.032  16.602 0.0000000000
77004  -8.146  60.159  15.833 0.0000000000
77005  -8.019  59.546  16.123 0.0000000000
77006  -8.699  57.893  15.542 0.0000000000
77007  -8.646  58.434  15.240 0.0000000000
77008  -8.919  57.830  14.709 0.0000000000
77009  -9.109  57.781  13.843 0.0000000000
77010  -9.103  57.240  14.143 0.0000000000
77011  -9.227  56.640  13.582 0.0000000000
77012  -9.271  56.740  14.464 0.0000000000
77013  -9.366  55.544  16.036 0.0000000000
77014  -9.596  55.651  15.173 0.0000000000
77015  -9.674  55.048  15.570 0.0000000000
77016  -9.776  54.418  15.101 0.0000000000
77017  -9.760  54.308  15.961 0.0000000000
77018  -9.793  53.580  16.278 0.0000000000
77019  -9.620  54.144  16.737 0.0000000000
77020  -8.986  54.237  18.523 0.0000000000
77021  -9.262  53.727  18.133 0.0000000000
77022  -9.005  53.468  18.823 0.0000000000
77023  -8.853  52.678  19.118 0.0000000000
77024  -8.684  53.158  19.494 0.0000000000
77025  -8.009  56.419  20.014 0.0000000000
77026  -8.230  55.839  19.615 0.0000000000
77027  -8.207  55.608  20.350 0.0000000000
77028  -7.876  53.604  21.647 0.0000000000
77029  -8.138  53.930  20.899 0.0000000000
77030  -7.886  53.106  21.120 0.0000000000
77031  -7.933  52.588  20.712 0.0000000000
77032  -7.544  52.297  21.383 0.0000000000
77033  -7.258  51.577  21.606 0.0000000000
77034  -7.401  52.065  22.107 0.0000000000
77035  -7.784  52.395  24.100 0.0000000000
77036  -7.745  51.796  23.524 0.0000000000
77037  -8.079  51.791  24.330 0.0000000000
77038  -8.395  51.164  24.569 0.0000000000
77039  -8.324  51.743  25.175 0.0000000000
77042  -14.007  57.998  16.534 0.0000000000
77043  -13.041  58.120  18.330 0.0000000000
77044  -13.058  58.551  17.589 0.0000000000
77045  -12.587  58.819  18.165 0.0000000000
77046  -12.209  59.571  18.023 0.0000000000
77047  -12.189  59.093  18.767 0.0000000000
77048  -13.413  56.854  21.533 0.0000000000
77049  -13.284  57.128  20.764 0.0000000000
77050  -12.916  57.449  21.384 0.0000000000
77051  -11.663  58.979  21.614 0.0000000000
77052  -11.976  58.748  21.012 0.0000000000
77053  -11.526  59.339  20.800 0.0000000000
77054  -11.410  59.700  19.948 0.0000000000
77055  -11.007  59.972  20.557 0.0000000000
77056  -10.497  60.514  20.324 0.0000000000
77057  -10.623  60.126  21.121 0.0000000000
77058  -9.801  59.821  22.952 0.0000000000
77059  -9.748  60.216  22.141 0.0000000000
77060  -9.323  60.207  22.583 0.0000000000
77061  -8.906  60.396  22.190 0.0000000000
77062  -8.947  60.032  23.013 0.0000000000
77063  -12.689  53.503  27.098 0.0000000000
77064  -12.589  53.903  26.288 0.0000000000
77065  -12.293  54.171  26.888 0.0000000000
77066  -11.208  55.709  27.370 0.0000000000
77067  -11.566  55.521  26.716 0.0000000000
77068  -11.307  56.201  26.681 0.0000000000
77069  -11.514  56.676  26.003 0.0000000000
77070  -11.074  56.864  26.648 0.0000000000
77071  -9.824  55.878  29.955 0.0000000000
77072  -10.174  55.897  29.289 0.0000000000
77073  -9.691  56.476  29.144 0.0000000000
77074  -9.371  57.978  27.424 0.0000000000
77075  -9.793  57.581  27.607 0.0000000000
77076  -9.887  57.999  26.957 0.0000000000
77077  -10.397  57.960  26.456 0.0000000000
77078  -9.886  58.430  26.245 0.0000000000
77079  -9.816  58.837  25.465 0.0000000000
77080  -9.344  58.809  25.975 0.0000000000
77081  -8.051  58.888  25.621 0.0000000000
77082  -8.509  59.187  25.179 0.0000000000
77083  -8.207  59.191  24.716 0.0000000000
77084  -8.292  59.547  23.825 0.0000000000
77085  -7.951  59.201  24.240 0.0000000000
77086  -7.793  59.096  23.722 0.0000000000
77087  -7.683  58.761  24.607 0.0000000000
77088  -7.124  57.394  26.115 0.0000000000
77089  -7.268  57.678  25.263 0.0000000000
77090  -7.130  57.080  25.545 0.0000000000
77091  -7.188  56.635  25.019 0.0000000000
77092  -6.950  56.428  25.844 0.0000000000
77093  -7.053  56.047  29.656 0.0000000000
77094  -6.979  56.457  28.770 0.0000000000
77095  -6.885  55.901  29.055 0.0000000000
77096  -6.987  54.622  28.006 0.0000000000
77097  -6.839  55.309  27.776 0.0000000000
77098  -6.934  54.929  27.118 0.0000000000
77099  -6.973  55.099  26.328 0.0000000000
77100  -7.143  54.452  26.530 0.0000000000
77101  -7.363  53.980  25.938 0.0000000000
77102  -7.386  53.825  26.807 0.0000000000
77104  -8.018  52.478  27.312 0.0000000000
77106  -8.561  51.340  26.884 0.0000000000
77193  -30.585  52.019  -1.883 0.0000000000
77194  -30.926  52.364  -2.153 0.0000000000
77195  -30.221  51.955  -2.395 0.0000000000
77196  -29.983  51.705  -3.041 0.0000000000
77197  -29.543  51.534  -2.684 0.0000000000
77209  -28.138  49.170  -0.892 0.0000000000
77210  -28.633  48.911  -0.425 0.0000000000
77211  -29.054  49.401  -0.697 0.0000000000
77212  -29.868  49.682  -0.475 0.0000000000
77213  -29.429  49.924  -0.952 0.0000000000
77214  -29.706  50.501  -1.168 0.0000000000
77215  -28.925  50.197  -1.397 0.0000000000
77216  -27.034  50.633  -2.538 0.0000000000
77217  -27.950  50.611  -2.251 0.0000000000
77218  -27.499  50.832  -2.863 0.0000000000
77219  -27.931  51.052  -3.235 0.0000000000
77220  -27.056  50.960  -3.417 0.0000000000
77221  -26.608  51.116  -3.988 0.0000000000
77222  -26.218  50.953  -3.586 0.0000000000
77223  -24.154  51.024  -3.510 0.0000000000
77224  -24.587  51.159  -3.917 0.0000000000
77225  -23.754  51.347  -3.946 0.0000000000
77226  -23.344  51.625  -4.414 0.0000000000
77227  -22.866  51.576  -3.914 0.0000000000
77228  -22.712  51.119  -1.555 0.0000000000
77229  -22.967  51.004  -2.077 0.0000000000
77230  -22.321  51.583  -1.872 0.0000000000
77231  -21.119  53.129  -2.482 0.0000000000
77232  -21.625  52.386  -2.639 0.0000000000
77233  -21.290  52.780  -3.066 0.0000000000
77234  -21.490  52.504  -3.662 0.0000000000
77235  -20.923  53.172  -3.492 0.0000000000
77236  -20.431  53.473  -3.864 0.0000000000
77237  -20.444  53.941  -3.359 0.0000000000
77238  -19.688  55.997  -2.760 0.0000000000
77239  -19.664  55.492  -3.239 0.0000000000
77240  -19.370  56.364  -3.215 0.0000000000
77241  -18.929  56.688  -3.599 0.0000000000
77242  -19.134  57.290  -3.256 0.0000000000
77296  -20.341  59.529  1.155 0.0000000000
77297  -20.425  58.731  1.250 0.0000000000
77298  -19.966  59.223  0.665 0.0000000000
77299  -19.320  58.964  -0.820 0.0000000000
77300  -19.472  58.480  -0.331 0.0000000000
77301  -19.474  58.066  -0.728 0.0000000000
77302  -19.639  57.143  -0.615 0.0000000000
77303  -19.478  57.644  -1.075 0.0000000000
77304  -19.573  57.313  -1.417 0.0000000000
77305  -19.400  58.184  -1.524 0.0000000000
77306  -19.220  60.257  -2.723 0.0000000000
77307  -19.287  59.285  -2.538 0.0000000000
77308  -18.983  59.769  -3.079 0.0000000000
77309  -18.751  59.246  -3.434 0.0000000000
77310  -18.482  60.188  -3.556 0.0000000000
77311  -17.777  60.471  -3.931 0.0000000000
77312  -18.100  61.032  -3.678 0.0000000000
77313  -17.014  63.089  -3.343 0.0000000000
77314  -17.006  62.728  -3.744 0.0000000000
77315  -16.365  63.314  -3.771 0.0000000000
77316  -15.569  63.336  -4.145 0.0000000000
77317  -15.561  63.743  -3.676 0.0000000000
77318  -15.948  62.585  -1.164 0.0000000000
77319  -16.279  62.975  -1.816 0.0000000000
77320  -15.439  63.032  -1.632 0.0000000000
77321  -13.559  63.820  -2.161 0.0000000000
77322  -14.319  63.756  -2.434 0.0000000000
77323  -13.702  64.015  -2.756 0.0000000000
77324  -13.816  64.101  -3.365 0.0000000000
77325  -13.065  64.228  -3.094 0.0000000000
77326  -12.306  64.353  -3.490 0.0000000000
77327  -12.307  64.343  -2.844 0.0000000000
77328  -10.800  64.354  -1.373 0.0000000000
77329  -10.857  64.555  -2.069 0.0000000000
77330  -10.232  64.622  -1.664 0.0000000000
77331  -9.658  64.792  -1.935 0.0000000000
77332  -9.649  64.597  -1.243 0.0000000000
77336  -12.685  62.646  4.102 0.0000000000
77337  -13.281  62.301  3.717 0.0000000000
77338  -12.758  62.593  3.297 0.0000000000
77339  -12.823  62.574  2.461 0.0000000000
77340  -12.240  62.823  2.878 0.0000000000
77344  -9.968  63.644  3.076 0.0000000000
77345  -10.523  63.497  3.430 0.0000000000
77346  -10.621  63.406  2.622 0.0000000000
77347  -11.209  63.197  2.094 0.0000000000
77348  -10.679  63.378  1.760 0.0000000000
77349  -10.669  63.479  0.900 0.0000000000
77350  -10.141  63.556  1.363 0.0000000000
77351  -8.708  63.555  1.084 0.0000000000
77352  -9.125  63.883  0.660 0.0000000000
77353  -8.656  63.877  0.352 0.0000000000
77354  -8.592  64.232  -0.368 0.0000000000
77355  -8.278  63.697  -0.003 0.0000000000
77356  -7.974  63.406  -0.455 0.0000000000
77357  -8.109  62.997  0.367 0.0000000000
77358  -7.853  61.286  1.749 0.0000000000
77359  -8.024  61.448  1.086 0.0000000000
77360  -8.030  60.649  1.360 0.0000000000
77361  -8.261  60.094  0.900 0.0000000000
77362  -8.137  59.888  1.620 0.0000000000
77363  -7.386  60.841  4.214 0.0000000000
77364  -7.356  60.857  3.551 0.0000000000
77365  -7.504  60.077  3.754 0.0000000000
77366  -8.553  58.279  3.219 0.0000000000
77367  -8.110  58.840  2.965 0.0000000000
77368  -8.566  58.395  2.633 0.0000000000
77369  -8.596  58.525  2.050 0.0000000000
77370  -9.005  57.893  2.305 0.0000000000
77371  -9.432  57.297  1.973 0.0000000000
77372  -9.491  57.255  2.518 0.0000000000
77373  -10.844  56.248  3.915 0.0000000000
77374  -10.587  56.192  3.226 0.0000000000
77375  -11.200  55.657  3.644 0.0000000000
77376  -11.534  55.054  3.338 0.0000000000
83250  -12.699  53.317  5.374 0.0000000000
83251  -12.917  52.536  5.000 0.0000000000
83252  -12.809  52.573  5.736 0.0000000000
83253  -12.550  50.996  7.068 0.0000000000
83258  -10.509  51.026  9.209 0.0000000000
83259  -11.073  50.990  8.751 0.0000000000
83881  -27.110  52.888  -6.532 0.0000000000
83882  -27.977  52.546  -6.371 0.0000000000
83883  -27.569  53.353  -6.837 0.0000000000
83926  -15.250  58.078  -6.120 0.0000000000
83927  -15.646  57.169  -6.224 0.0000000000
83928  -14.992  57.137  -6.892 0.0000000000
83929  -14.447  55.618  -9.076 0.0000000000
83930  -15.001  55.562  -8.409 0.0000000000
83931  -15.190  55.128  -9.221 0.0000000000
83932  -16.059  54.747  -9.437 0.0000000000
83933  -15.610  55.005  -10.109 0.0000000000
83940  -16.698  55.829  -11.604 0.0000000000
83941  -17.244  56.736  -12.182 0.0000000000
83942  -18.185  57.205  -12.053 0.0000000000
92336  -10.907  54.911  1.938 0.0000000000
92337  -10.575  54.738  1.208 0.0000000000
92338  -11.183  54.122  1.581 0.0000000000
92339  -11.467  53.323  1.214 0.0000000000
93006  -7.970  49.873  23.520 0.0000000000
93007  -7.609  49.081  22.989 0.0000000000
93008  -8.136  49.029  23.747 0.0000000000
93009  -8.239  48.178  23.928 0.0000000000
93010  -8.255  47.322  24.053 0.0000000000
93047  -18.495  55.266  -4.472 0.0000000000
93048  -18.269  54.541  -5.183 0.0000000000
93049  -17.782  55.307  -5.029 0.0000000000
93050  -17.141  55.349  -5.631 0.0000000000
93051  -16.603  55.365  -6.326 0.0000000000
94127  -9.487  64.875  -3.659 0.0000000000
94128  -9.359  64.713  -4.440 0.0000000000
94129  -8.794  64.742  -4.102 0.0000000000
94130  -8.176  64.544  -4.574 0.0000000000
94131  -7.654  64.185  -4.970 0.0000000000
94887  -7.591  60.979  19.380 0.0000000000
94888  -7.406  60.693  18.972 0.0000000000
94889  -7.496  60.413  19.663 0.0000000000
94890  -7.435  59.855  19.945 0.0000000000
94891  -7.399  59.315  20.213 0.0000000000
94892  -7.472  58.745  20.432 0.0000000000
94893  -7.518  59.103  20.901 0.0000000000
94894  -7.522  58.882  21.701 0.0000000000
94895  -7.558  58.611  22.571 0.0000000000
94896  -14.381  54.207  23.409 0.0000000000
94897  -14.108  54.906  23.262 0.0000000000
94898  -13.765  54.276  23.840 0.0000000000
94899  -13.171  54.477  24.273 0.0000000000
94900  -12.702  54.734  24.855 0.0000000000
94902  -9.650  54.547  32.992 0.0000000000
94947  -19.898  61.347  2.806 0.0000000000
94948  -19.194  61.409  3.064 0.0000000000
94949  -18.348  61.469  2.560 0.0000000000
94950  -17.575  61.582  2.070 0.0000000000
94951  -16.910  61.620  1.535 0.0000000000
94952  -16.852  61.471  2.240 0.0000000000
94953  -16.190  61.450  2.359 0.0000000000
94954  -15.468  61.539  2.563 0.0000000000
96138  -9.147  52.880  12.195 0.0000000000
96139  -9.164  52.308  11.625 0.0000000000
96140  -9.140  52.311  12.462 0.0000000000
96141  -9.064  51.786  12.653 0.0000000000
96260  -30.887  51.818  -3.743 0.0000000000
96262  -30.681  51.515  -4.406 0.0000000000
96263  -30.333  51.459  -5.152 0.0000000000
98447  -8.048  60.546  -0.543 0.0000000000
98448  -7.728  60.723  -1.337 0.0000000000
98449  -8.019  59.840  -0.982 0.0000000000
98450  -8.028  58.998  -1.371 0.0000000000
98451  -8.025  58.095  -1.744 0.0000000000
98452  -8.952  53.917  -1.496 0.0000000000
98453  -8.664  54.679  -1.913 0.0000000000
98454  -8.912  53.877  -2.269 0.0000000000
98455  -9.052  53.936  -2.956 0.0000000000
98456  -9.008  54.006  -3.596 0.0000000000
98457  -8.818  54.023  -4.231 0.0000000000
99207  -11.292  62.751  16.317 0.0000000000
99208  -10.779  63.193  16.043 0.0000000000
99209  -10.778  62.833  16.776 0.0000000000
99210  -10.220  62.805  17.246 0.0000000000
99211  -9.621  62.712  17.712 0.0000000000
99212  -9.010  62.545  18.131 0.0000000000
99213  -9.528  62.277  18.426 0.0000000000
99214  -9.475  61.849  19.096 0.0000000000
99215  -9.460  61.408  19.816 0.0000000000
99216  -14.510  50.817  29.720 0.0000000000
99217  -13.899  51.353  29.375 0.0000000000
99218  -14.123  50.842  30.193 0.0000000000
99219  -13.772  50.964  30.643 0.0000000000
99220  -13.420  50.955  31.224 0.0000000000
100458  -9.188  51.748  18.223 0.0000000000
100459  -9.134  51.237  17.644 0.0000000000
100460  -8.811  50.996  18.246 0.0000000000
100580  -24.154  51.911  -5.344 0.0000000000
100581  -24.570  52.369  -5.895 0.0000000000
100582  -23.734  52.410  -5.973 0.0000000000
100583  -23.333  52.953  -6.547 0.0000000000
100584  -23.006  53.510  -7.095 0.0000000000
100585  -19.502  53.901  -8.594 0.0000000000
100586  -20.441  54.080  -8.558 0.0000000000
100587  -20.095  54.559  -9.165 0.0000000000
100588  -20.641  55.440  -9.656 0.0000000000
100589  -21.212  56.383  -10.042 0.0000000000
100590  -21.741  57.260  -10.447 0.0000000000
100591  -20.866  56.988  -10.607 0.0000000000
100592  -20.490  57.523  -11.189 0.0000000000
100593  -20.026  57.947  -11.789 0.0000000000
102449  -18.249  54.151  21.244 0.0000000000
102450  -17.686  54.151  21.403 0.0000000000
102451  -17.227  54.052  21.707 0.0000000000
102452  -16.737  54.055  21.999 0.0000000000
102453  -17.156  53.495  22.377 0.0000000000
102454  -16.907  52.892  22.898 0.0000000000
102455  -16.606  52.257  23.502 0.0000000000
102464  -17.907  49.357  27.366 0.0000000000
102465  -17.386  49.676  26.669 0.0000000000
102466  -16.901  50.110  26.032 0.0000000000
102467  -16.948  49.629  27.025 0.0000000000
102468  -16.514  49.786  27.339 0.0000000000
102469  -16.149  49.979  27.717 0.0000000000
102470  -15.805  50.194  28.107 0.0000000000
102471  -16.406  49.806  28.721 0.0000000000
102472  -16.756  49.830  29.757 0.0000000000
102473  -17.132  49.936  30.696 0.0000000000
103820  -15.308  62.201  -4.813 0.0000000000
103821  -14.942  61.380  -5.164 0.0000000000
103822  -14.371  62.127  -5.174 0.0000000000
103823  -13.459  62.043  -5.727 0.0000000000
103824  -12.589  62.054  -6.339 0.0000000000
103825  -8.735  63.597  -7.315 0.0000000000
103826  -9.450  63.242  -7.417 0.0000000000
103827  -8.680  63.198  -7.967 0.0000000000
103828  -8.636  62.682  -8.699 0.0000000000
103829  -8.675  62.170  -9.473 0.0000000000
103830  -8.752  61.315  -10.196 0.0000000000
103831  -8.044  62.066  -10.181 0.0000000000
103832  -7.478  61.992  -10.940 0.0000000000
103833  -6.997  61.782  -11.530 0.0000000000
103834  -7.338  61.114  -4.162 0.0000000000
103835  -7.061  61.925  -4.676 0.0000000000
103836  -7.164  61.148  -5.064 0.0000000000
103837  -6.858  61.146  -6.016 0.0000000000
103838  -6.502  61.051  -6.843 0.0000000000
103839  -6.895  58.243  -9.345 0.0000000000
103840  -6.456  59.140  -9.061 0.0000000000
103841  -6.232  58.997  -9.889 0.0000000000
103842  -5.865  59.636  -10.475 0.0000000000
103843  -5.684  60.191  -11.082 0.0000000000
106087  -11.126  56.276  4.659 0.0000000000
106088  -11.645  55.817  5.202 0.0000000000
106089  -11.264  56.397  5.471 0.0000000000
106090  -11.332  56.456  6.263 0.0000000000
106091  -11.276  56.457  7.052 0.0000000000
106092  -9.707  57.620  9.612 0.0000000000
106093  -9.972  57.143  9.232 0.0000000000
106094  -9.500  56.997  9.947 0.0000000000
106095  -9.305  56.369  10.219 0.0000000000
106096  -9.119  55.742  10.454 0.0000000000
106097  -8.976  55.103  10.724 0.0000000000
106098  -8.786  55.609  11.120 0.0000000000
106099  -8.714  55.524  11.871 0.0000000000
106100  -9.084  55.522  12.649 0.0000000000
106101  -9.286  61.606  13.191 0.0000000000
106102  -9.406  61.048  12.694 0.0000000000
106103  -9.174  61.109  13.570 0.0000000000
106104  -9.068  60.596  13.939 0.0000000000
106105  -8.955  60.060  14.286 0.0000000000
106106  -7.690  58.866  17.200 0.0000000000
106107  -7.968  58.958  16.438 0.0000000000
106108  -8.020  58.373  16.767 0.0000000000
106109  -8.410  57.864  16.324 0.0000000000
106110  -8.803  57.367  15.874 0.0000000000
106111  -9.146  56.795  15.353 0.0000000000
106112  -8.946  56.742  16.188 0.0000000000
106113  -9.060  56.067  16.498 0.0000000000
106114  -9.164  55.369  16.813 0.0000000000
106115  -9.304  54.681  17.147 0.0000000000
106116  -8.975  55.194  17.548 0.0000000000
106117  -8.813  54.982  18.230 0.0000000000
106118  -8.715  54.764  18.876 0.0000000000
106119  -8.080  55.888  21.568 0.0000000000
106120  -8.146  55.343  21.114 0.0000000000
106121  -8.054  55.008  21.915 0.0000000000
106122  -7.889  54.133  22.201 0.0000000000
106123  -7.649  53.300  22.406 0.0000000000
106124  -7.507  52.575  22.612 0.0000000000
106125  -7.599  53.151  23.137 0.0000000000
106126  -7.573  53.016  23.889 0.0000000000
106127  -7.667  52.950  24.681 0.0000000000
106128  -14.539  56.926  17.486 0.0000000000
106129  -13.991  57.544  17.235 0.0000000000
106130  -14.021  57.164  17.972 0.0000000000
106131  -13.519  57.441  18.507 0.0000000000
106132  -13.061  57.756  19.092 0.0000000000
106133  -12.710  57.424  22.803 0.0000000000
106134  -12.552  57.761  22.029 0.0000000000
106135  -12.206  58.041  22.672 0.0000000000
106136  -11.720  58.629  22.463 0.0000000000
106137  -11.250  59.187  22.161 0.0000000000
106138  -10.735  59.737  21.915 0.0000000000
106139  -10.763  59.309  22.737 0.0000000000
106140  -10.277  59.389  23.290 0.0000000000
106141  -9.828  59.474  23.786 0.0000000000
106142  -12.094  53.899  28.308 0.0000000000
106143  -11.972  54.435  27.503 0.0000000000
106144  -11.678  54.542  28.146 0.0000000000
106145  -11.264  55.160  28.066 0.0000000000
106146  -10.865  55.831  28.020 0.0000000000
106147  -8.899  56.797  29.591 0.0000000000
106148  -9.160  56.984  29.012 0.0000000000
106149  -8.830  57.331  28.722 0.0000000000
106150  -8.879  57.834  27.906 0.0000000000
106151  -8.940  58.261  27.201 0.0000000000
106152  -8.909  58.679  26.473 0.0000000000
106153  -8.492  58.441  26.960 0.0000000000
106154  -8.074  58.523  26.519 0.0000000000
106155  -7.720  58.554  26.042 0.0000000000
106156  -7.552  58.450  25.495 0.0000000000
106157  -7.443  58.117  26.381 0.0000000000
106158  -7.205  57.625  26.691 0.0000000000
106159  -6.987  57.106  27.004 0.0000000000
106161  -6.896  55.262  29.345 0.0000000000
106163  -7.076  54.261  28.947 0.0000000000
106164  -7.208  53.949  28.322 0.0000000000
106165  -7.433  53.580  27.697 0.0000000000
106219  -32.015  52.601  -1.575 0.0000000000
106220  -31.757  52.208  -1.329 0.0000000000
106221  -31.013  51.964  -1.445 0.0000000000
106222  -30.287  51.605  -1.607 0.0000000000
106230  -26.783  48.752  -0.782 0.0000000000
106231  -27.184  49.096  -1.070 0.0000000000
106232  -27.622  49.505  -1.345 0.0000000000
106233  -28.068  49.941  -1.609 0.0000000000
106234  -27.190  49.849  -1.795 0.0000000000
106235  -26.687  50.239  -2.253 0.0000000000
106236  -26.124  50.558  -2.726 0.0000000000
106237  -25.759  50.743  -3.236 0.0000000000
106238  -25.292  50.558  -2.913 0.0000000000
106239  -24.515  50.684  -3.054 0.0000000000
106240  -23.729  50.947  -3.095 0.0000000000
106241  -21.508  52.472  -1.174 0.0000000000
106242  -21.733  52.253  -1.687 0.0000000000
106243  -21.223  53.010  -1.526 0.0000000000
106244  -20.960  53.497  -1.910 0.0000000000
106245  -20.680  53.979  -2.354 0.0000000000
106246  -20.409  54.381  -2.841 0.0000000000
106247  -20.386  54.802  -2.311 0.0000000000
106248  -19.993  55.670  -2.282 0.0000000000
106249  -19.695  56.516  -2.251 0.0000000000
106282  -19.327  60.452  0.184 0.0000000000
106283  -19.576  59.669  0.111 0.0000000000
106284  -19.174  60.119  -0.437 0.0000000000
106285  -19.194  59.856  -0.943 0.0000000000
106286  -19.229  59.504  -1.350 0.0000000000
106287  -19.309  59.131  -1.691 0.0000000000
106288  -19.228  60.088  -1.880 0.0000000000
106289  -19.124  60.662  -2.370 0.0000000000
106290  -18.910  61.207  -2.876 0.0000000000
106291  -18.308  61.562  -3.339 0.0000000000
106292  -18.338  62.063  -2.936 0.0000000000
106293  -17.627  62.796  -2.935 0.0000000000
106294  -16.947  63.308  -2.910 0.0000000000
106295  -14.422  62.660  -0.670 0.0000000000
106296  -14.664  63.035  -1.395 0.0000000000
106297  -13.905  63.072  -1.130 0.0000000000
106298  -13.353  63.472  -1.506 0.0000000000
106299  -12.814  63.858  -1.802 0.0000000000
106300  -12.220  64.175  -2.131 0.0000000000
106301  -12.074  63.991  -1.472 0.0000000000
106302  -11.389  64.038  -1.097 0.0000000000
106303  -10.715  64.062  -0.656 0.0000000000
106309  -9.059  63.922  4.826 0.0000000000
106310  -9.692  63.894  4.540 0.0000000000
106311  -9.200  63.793  4.107 0.0000000000
106312  -9.335  63.688  3.399 0.0000000000
106313  -9.466  63.641  2.649 0.0000000000
106314  -9.606  63.626  1.835 0.0000000000
106315  -9.065  63.610  2.237 0.0000000000
106316  -8.664  63.463  1.862 0.0000000000
106317  -8.335  63.126  1.496 0.0000000000
106318  -8.127  62.724  1.136 0.0000000000
106319  -8.000  62.592  1.849 0.0000000000
106320  -7.719  61.942  2.129 0.0000000000
106321  -7.577  61.223  2.352 0.0000000000
106322  -8.014  59.514  4.588 0.0000000000
106323  -7.811  59.402  3.964 0.0000000000
106324  -8.282  58.823  4.190 0.0000000000
106325  -8.686  58.269  3.853 0.0000000000
106326  -9.048  57.773  3.461 0.0000000000
106327  -9.580  57.257  3.159 0.0000000000
106328  -9.742  57.336  3.917 0.0000000000
106329  -10.449  56.828  4.270 0.0000000000
109854  -12.377  53.402  6.994 0.0000000000
109855  -12.631  52.592  6.517 0.0000000000
109856  -12.349  52.580  7.221 0.0000000000
109857  -12.276  51.761  7.492 0.0000000000
109858  -12.125  51.019  7.679 0.0000000000
110233  -26.423  54.676  -7.298 0.0000000000
110234  -27.222  54.379  -7.198 0.0000000000
110235  -26.937  55.353  -7.584 0.0000000000
110260  -13.865  57.902  -7.452 0.0000000000
110261  -14.379  57.147  -7.526 0.0000000000
110262  -13.763  57.098  -8.166 0.0000000000
110263  -13.768  56.352  -8.905 0.0000000000
110264  -13.925  55.732  -9.785 0.0000000000
115610  -9.082  57.518  0.571 0.0000000000
115611  -8.860  57.394  -0.160 0.0000000000
115612  -9.143  56.677  0.155 0.0000000000
115613  -9.227  55.830  -0.211 0.0000000000
115614  -9.272  54.949  -0.505 0.0000000000
115615  -10.214  54.562  0.532 0.0000000000
115616  -9.874  54.343  -0.100 0.0000000000
115617  -9.396  54.093  -0.733 0.0000000000
115618  -9.762  53.260  -1.096 0.0000000000
116205  -11.781  62.114  16.477 0.0000000000
116206  -11.734  61.597  17.094 0.0000000000
116207  -11.577  61.019  17.742 0.0000000000
117174  -7.272  50.719  20.569 0.0000000000
117175  -7.324  50.131  19.995 0.0000000000
117176  -6.960  49.845  20.660 0.0000000000
117177  -6.939  48.875  20.755 0.0000000000
117178  -7.176  48.004  20.939 0.0000000000
117179  -7.281  48.472  22.376 0.0000000000
117180  -7.228  47.818  21.750 0.0000000000
117181  -7.503  47.305  21.136 0.0000000000
117269  -20.614  52.744  -5.150 0.0000000000
117270  -21.061  52.705  -5.918 0.0000000000
117271  -20.184  53.007  -5.784 0.0000000000
117272  -19.750  53.176  -6.472 0.0000000000
117273  -19.392  53.311  -7.194 0.0000000000
117274  -18.305  53.955  -6.029 0.0000000000
117275  -18.563  53.565  -6.949 0.0000000000
117276  -18.954  53.575  -7.851 0.0000000000
117277  -18.589  53.854  -8.502 0.0000000000
117278  -18.271  54.194  -9.120 0.0000000000
117279  -17.934  54.580  -9.747 0.0000000000
119789  -12.374  64.055  -4.723 0.0000000000
119790  -12.245  63.689  -5.329 0.0000000000
119791  -11.457  64.052  -5.193 0.0000000000
119792  -10.537  64.069  -5.694 0.0000000000
119793  -9.657  64.042  -6.219 0.0000000000
119794  -9.187  64.535  -5.217 0.0000000000
119795  -9.005  64.298  -6.008 0.0000000000
119796  -8.840  63.961  -6.663 0.0000000000
119797  -8.178  63.866  -7.105 0.0000000000
119798  -7.565  63.646  -7.543 0.0000000000
119799  -6.944  63.374  -7.996 0.0000000000
119800  -7.923  57.388  -5.589 0.0000000000
119801  -7.664  58.399  -6.152 0.0000000000
119802  -7.766  57.377  -6.375 0.0000000000
119803  -7.705  57.368  -7.138 0.0000000000
119804  -7.692  57.414  -7.880 0.0000000000
119806  -7.960  56.471  -8.038 0.0000000000
119807  -7.605  57.440  -8.668 0.0000000000
121552  -9.486  58.485  5.831 0.0000000000
121553  -10.102  58.052  6.304 0.0000000000
121554  -9.722  58.616  6.581 0.0000000000
121555  -9.859  58.675  7.390 0.0000000000
121556  -9.941  58.556  8.291 0.0000000000
121558  -9.740  59.002  8.654 0.0000000000
121559  -9.791  58.326  9.176 0.0000000000
121560  -9.466  58.131  9.994 0.0000000000
121561  -9.290  57.959  10.776 0.0000000000
121562  -9.198  57.822  11.485 0.0000000000
121563  -8.098  61.737  16.444 0.0000000000
121564  -8.147  61.220  16.006 0.0000000000
121565  -7.820  61.146  16.783 0.0000000000
121566  -7.666  60.570  17.091 0.0000000000
121567  -7.510  59.961  17.380 0.0000000000
121568  -7.305  60.328  18.546 0.0000000000
121569  -7.320  59.870  18.110 0.0000000000
121570  -7.484  59.369  17.656 0.0000000000
121571  -7.568  58.769  17.933 0.0000000000
121572  -7.684  58.100  18.205 0.0000000000
121573  -7.815  57.390  18.411 0.0000000000
121574  -7.999  56.728  18.647 0.0000000000
121575  -7.795  57.230  19.045 0.0000000000
121576  -7.820  57.097  19.730 0.0000000000
121577  -7.841  56.933  20.429 0.0000000000
121578  -7.596  58.075  20.648 0.0000000000
121579  -7.751  57.381  20.911 0.0000000000
121580  -7.933  56.688  21.230 0.0000000000
121581  -7.935  56.351  22.072 0.0000000000
121582  -7.824  56.009  22.945 0.0000000000
121583  -7.602  55.666  23.825 0.0000000000
121584  -14.692  55.618  20.521 0.0000000000
121585  -14.149  56.197  20.334 0.0000000000
121586  -14.247  56.021  21.085 0.0000000000
121587  -13.889  56.312  21.683 0.0000000000
121588  -13.524  56.586  22.285 0.0000000000
121589  -13.820  55.605  23.118 0.0000000000
121590  -13.545  56.300  22.996 0.0000000000
121591  -13.140  56.858  22.900 0.0000000000
121592  -12.739  57.116  23.523 0.0000000000
121593  -12.305  57.349  24.094 0.0000000000
121594  -11.848  57.567  24.695 0.0000000000
121595  -11.035  54.130  31.025 0.0000000000
121596  -10.825  54.694  30.192 0.0000000000
121597  -10.530  54.713  30.923 0.0000000000
121598  -10.018  55.268  30.805 0.0000000000
121599  -9.515  55.814  30.617 0.0000000000
121600  -9.506  55.134  32.187 0.0000000000
121601  -9.261  55.701  31.293 0.0000000000
121602  -9.030  56.279  30.429 0.0000000000
121603  -8.611  56.587  30.164 0.0000000000
121604  -8.200  56.829  29.845 0.0000000000
121605  -7.796  56.966  29.465 0.0000000000
121606  -7.444  57.000  28.977 0.0000000000
121607  -7.504  56.577  29.915 0.0000000000
121608  -7.286  56.130  30.236 0.0000000000
121609  -7.185  55.598  30.582 0.0000000000
121668  -24.601  49.624  -1.289 0.0000000000
121669  -24.152  50.132  -1.691 0.0000000000
121670  -23.812  50.054  -1.226 0.0000000000
121678  -20.490  54.405  -0.539 0.0000000000
121703  -20.656  59.865  1.742 0.0000000000
121704  -20.032  60.311  1.245 0.0000000000
121705  -19.769  61.246  2.131 0.0000000000
121706  -19.595  60.951  1.459 0.0000000000
121707  -19.475  60.756  0.826 0.0000000000
121708  -18.920  61.065  0.317 0.0000000000
121709  -18.470  61.430  -0.252 0.0000000000
121710  -18.077  61.866  -0.851 0.0000000000
121711  -17.631  62.301  -1.412 0.0000000000
121712  -17.350  62.116  -0.764 0.0000000000
121713  -16.522  62.194  -0.606 0.0000000000
121714  -15.751  62.235  -0.427 0.0000000000
121715  -16.282  61.719  0.938 0.0000000000
121716  -15.651  61.950  0.335 0.0000000000
121717  -15.017  62.313  -0.212 0.0000000000
121718  -14.312  62.442  0.070 0.0000000000
121719  -13.619  62.615  0.412 0.0000000000
121720  -12.967  62.772  0.708 0.0000000000
121729  -8.486  63.756  5.126 0.0000000000
121730  -8.074  63.443  4.704 0.0000000000
121731  -7.814  62.957  4.310 0.0000000000
121732  -7.561  62.351  3.897 0.0000000000
121733  -7.512  62.367  4.631 0.0000000000
121734  -7.434  61.625  4.725 0.0000000000
121735  -7.586  60.918  4.853 0.0000000000
121737  -7.777  61.049  5.470 0.0000000000
121738  -7.875  60.265  5.017 0.0000000000
121739  -8.282  59.638  5.233 0.0000000000
121740  -8.807  59.031  5.508 0.0000000000
124482  -10.653  53.092  9.419 0.0000000000
124483  -11.057  52.391  9.091 0.0000000000
124484  -10.479  52.335  9.592 0.0000000000
124485  -10.220  51.624  9.719 0.0000000000
124486  -9.925  51.064  9.738 0.0000000000
124487  -9.195  51.732  11.017 0.0000000000
124488  -9.358  51.126  10.365 0.0000000000
124777  -25.268  57.500  -9.427 0.0000000000
129752  -7.760  63.902  -1.869 0.0000000000
129753  -7.589  63.944  -2.756 0.0000000000
129754  -7.455  63.304  -2.340 0.0000000000
129755  -7.259  62.634  -2.677 0.0000000000
129756  -7.235  61.842  -2.988 0.0000000000
129757  -7.514  60.821  -2.012 0.0000000000
129758  -7.395  60.902  -2.626 0.0000000000
129759  -7.381  61.094  -3.318 0.0000000000
129760  -7.578  60.193  -3.675 0.0000000000
129761  -7.821  59.305  -4.017 0.0000000000
129762  -8.035  58.419  -4.425 0.0000000000
129763  -8.559  57.291  -0.883 0.0000000000
129764  -8.254  57.244  -1.526 0.0000000000
129765  -8.142  57.271  -2.106 0.0000000000
129766  -8.477  55.556  -2.226 0.0000000000
129767  -8.340  56.464  -2.480 0.0000000000
129768  -8.188  57.364  -2.722 0.0000000000
129769  -8.218  57.417  -3.381 0.0000000000
129770  -8.203  57.424  -4.072 0.0000000000
129771  -8.106  57.420  -4.834 0.0000000000
129772  -8.039  56.412  -5.206 0.0000000000
129773  -7.813  55.464  -5.552 0.0000000000
129774  -7.420  54.540  -5.875 0.0000000000
131355  -9.257  62.221  13.698 0.0000000000
131356  -8.914  62.331  14.496 0.0000000000
131357  -8.638  62.378  15.264 0.0000000000
131361  -10.244  63.578  15.710 0.0000000000
131362  -9.787  63.712  15.313 0.0000000000
131364  -9.043  63.301  15.315 0.0000000000
131365  -8.676  62.901  15.695 0.0000000000
131366  -8.396  62.343  16.078 0.0000000000
131367  -8.141  62.188  16.887 0.0000000000
131368  -7.930  62.012  17.669 0.0000000000
131369  -7.791  61.777  18.438 0.0000000000
131370  -8.508  62.247  18.486 0.0000000000
131371  -8.125  61.897  18.823 0.0000000000
131372  -7.847  61.486  19.134 0.0000000000
131373  -7.933  61.134  19.811 0.0000000000
131374  -8.050  60.816  20.518 0.0000000000
131375  -8.193  60.515  21.325 0.0000000000
131376  -13.715  52.249  26.216 0.0000000000
131377  -13.312  52.922  25.942 0.0000000000
131378  -13.373  52.583  26.761 0.0000000000
131379  -13.085  52.851  27.322 0.0000000000
131380  -12.805  53.061  27.940 0.0000000000
131381  -13.384  51.960  29.089 0.0000000000
131382  -12.925  52.586  28.770 0.0000000000
131383  -12.514  53.231  28.508 0.0000000000
131384  -12.223  53.358  29.121 0.0000000000
131385  -11.974  53.418  29.779 0.0000000000
131386  -11.743  53.488  30.451 0.0000000000
131392  -12.680  51.728  31.633 0.0000000000
131393  -12.294  52.342  31.456 0.0000000000
131394  -11.908  52.968  31.317 0.0000000000
131395  -11.495  53.571  31.139 0.0000000000
131396  -11.205  53.579  31.875 0.0000000000
131397  -10.866  53.534  32.628 0.0000000000
131398  -10.526  53.503  33.302 0.0000000000
133998  -9.748  52.669  15.320 0.0000000000
133999  -9.506  52.128  14.743 0.0000000000
134000  -9.558  51.929  15.517 0.0000000000
134009  -7.557  49.557  19.448 0.0000000000
134255  -27.463  51.343  -4.794 0.0000000000
134256  -27.962  51.583  -5.286 0.0000000000
134257  -27.039  51.854  -5.541 0.0000000000
134258  -26.664  52.442  -6.134 0.0000000000
134259  -26.321  53.154  -6.645 0.0000000000
134260  -25.021  52.880  -6.367 0.0000000000
134261  -25.509  53.396  -6.773 0.0000000000
134262  -25.990  54.036  -7.034 0.0000000000
134263  -25.661  54.891  -7.457 0.0000000000
134264  -25.366  55.708  -7.914 0.0000000000
134265  -25.110  56.463  -8.467 0.0000000000
134266  -21.537  52.926  -6.600 0.0000000000
134267  -22.063  53.409  -7.182 0.0000000000
134268  -22.632  54.073  -7.665 0.0000000000
134269  -21.383  54.352  -8.429 0.0000000000
134270  -22.316  54.650  -8.252 0.0000000000
134271  -23.216  54.896  -8.061 0.0000000000
134272  -23.780  55.687  -8.421 0.0000000000
134273  -24.296  56.476  -8.766 0.0000000000
134274  -24.762  57.052  -9.098 0.0000000000
134275  -24.357  57.520  -9.731 0.0000000000
134276  -23.929  57.892  -10.367 0.0000000000
134277  -23.552  58.082  -11.029 0.0000000000
134278  -22.228  57.981  -10.825 0.0000000000
134279  -22.696  58.242  -11.265 0.0000000000
138179  -15.034  56.764  17.033 0.0000000000
138180  -15.060  56.398  17.778 0.0000000000
138181  -15.049  56.030  18.505 0.0000000000
138182  -15.045  55.720  19.243 0.0000000000
138185  -17.283  55.430  18.852 0.0000000000
138186  -17.784  54.847  20.042 0.0000000000
138187  -17.249  55.062  19.497 0.0000000000
138188  -16.716  55.273  19.022 0.0000000000
138189  -16.126  55.198  19.262 0.0000000000
138190  -15.584  55.301  19.625 0.0000000000
138191  -15.108  55.438  20.058 0.0000000000
138192  -15.256  55.256  20.857 0.0000000000
138193  -15.350  55.104  21.681 0.0000000000
138194  -15.274  54.806  22.419 0.0000000000
138195  -16.201  54.104  22.295 0.0000000000
138196  -15.625  54.095  22.646 0.0000000000
138197  -14.990  54.172  23.012 0.0000000000
138198  -14.642  53.499  23.605 0.0000000000
138199  -14.344  52.888  24.223 0.0000000000
138200  -14.152  52.396  24.855 0.0000000000
138218  -18.107  51.992  23.431 0.0000000000
138219  -17.546  51.847  23.626 0.0000000000
138220  -16.938  51.727  23.892 0.0000000000
138221  -16.278  51.655  24.202 0.0000000000
138222  -16.455  50.613  25.456 0.0000000000
138223  -16.023  51.095  24.958 0.0000000000
138224  -15.698  51.611  24.495 0.0000000000
138225  -15.081  51.622  24.861 0.0000000000
138226  -14.536  51.736  25.238 0.0000000000
138227  -14.093  51.932  25.640 0.0000000000
138228  -14.161  51.605  26.564 0.0000000000
138229  -14.283  51.280  27.453 0.0000000000
138230  -14.498  50.963  28.371 0.0000000000
138231  -15.473  50.439  28.484 0.0000000000
138232  -15.140  50.577  28.868 0.0000000000
138233  -14.833  50.728  29.280 0.0000000000
138234  -15.206  50.470  30.210 0.0000000000
140731  -9.047  48.416  25.969 0.0000000000
140978  -17.029  58.969  -4.495 0.0000000000
140979  -16.610  58.125  -4.920 0.0000000000
140980  -16.255  59.014  -5.014 0.0000000000
140981  -15.497  58.960  -5.536 0.0000000000
140982  -14.751  58.879  -6.084 0.0000000000
140983  -14.544  60.538  -5.593 0.0000000000
140984  -14.229  59.664  -6.094 0.0000000000
140985  -14.063  58.787  -6.737 0.0000000000
140986  -13.384  58.641  -7.440 0.0000000000
140987  -12.682  58.506  -8.119 0.0000000000
140988  -11.932  58.421  -8.785 0.0000000000
140989  -12.099  63.248  -5.904 0.0000000000
140990  -11.894  62.676  -6.403 0.0000000000
140991  -11.732  61.987  -6.946 0.0000000000
140992  -10.167  62.683  -7.490 0.0000000000
140993  -10.879  61.950  -7.538 0.0000000000
140994  -11.619  61.133  -7.538 0.0000000000
140995  -11.527  60.247  -8.145 0.0000000000
140996  -11.415  59.309  -8.764 0.0000000000
140997  -11.192  58.392  -9.457 0.0000000000
141007  -7.495  63.913  -3.612 0.0000000000
141008  -7.336  63.868  -4.483 0.0000000000
141009  -7.203  63.696  -5.269 0.0000000000
141010  -6.822  62.631  -5.160 0.0000000000
141011  -6.864  63.141  -5.591 0.0000000000
141012  -6.997  63.580  -6.079 0.0000000000
141013  -6.751  63.495  -6.909 0.0000000000
141014  -6.567  63.276  -7.677 0.0000000000
141015  -6.498  63.079  -8.569 0.0000000000
141016  -7.233  59.361  -6.736 0.0000000000
141017  -6.664  60.222  -7.197 0.0000000000
141018  -6.156  60.993  -7.676 0.0000000000
141019  -6.113  59.994  -8.787 0.0000000000
141020  -5.936  60.876  -8.500 0.0000000000
141021  -5.888  61.704  -8.116 0.0000000000
141022  -5.875  62.260  -8.603 0.0000000000
141023  -6.090  62.621  -9.078 0.0000000000
141024  -6.449  62.774  -9.480 0.0000000000
141025  -6.425  62.382  -10.328 0.0000000000
141026  -6.449  61.980  -11.144 0.0000000000
145582  -12.304  53.746  3.391 0.0000000000
145583  -12.661  53.193  3.854 0.0000000000
145584  -12.460  53.853  4.197 0.0000000000
145585  -12.520  53.942  4.971 0.0000000000
145586  -12.487  53.991  5.758 0.0000000000
145587  -12.000  55.216  5.678 0.0000000000
145588  -12.218  54.640  6.128 0.0000000000
145589  -12.338  54.045  6.559 0.0000000000
145590  -12.101  54.037  7.333 0.0000000000
145591  -11.757  53.946  8.019 0.0000000000
145592  -11.313  53.841  8.661 0.0000000000
145593  -10.598  57.556  6.820 0.0000000000
145594  -10.917  57.005  7.363 0.0000000000
145595  -11.106  56.368  7.887 0.0000000000
145596  -10.339  56.665  8.913 0.0000000000
145597  -10.744  56.195  8.633 0.0000000000
145598  -11.156  55.722  8.329 0.0000000000
145599  -11.094  55.064  8.703 0.0000000000
145600  -10.967  54.420  9.007 0.0000000000
145601  -10.829  53.743  9.206 0.0000000000
145602  -10.288  53.652  9.676 0.0000000000
145603  -9.693  53.488  10.250 0.0000000000
145604  -9.248  53.418  10.953 0.0000000000
145605  -8.939  54.482  10.994 0.0000000000
145606  -8.971  53.919  11.338 0.0000000000
145607  -9.037  53.396  11.750 0.0000000000
145608  -9.156  53.390  12.653 0.0000000000
145609  -9.438  53.401  13.407 0.0000000000
145610  -9.652  53.353  14.173 0.0000000000
145614  -9.517  60.486  12.162 0.0000000000
145615  -9.552  60.014  11.703 0.0000000000
145616  -9.521  59.537  11.243 0.0000000000
145617  -9.437  58.915  11.601 0.0000000000
145618  -9.355  58.301  11.927 0.0000000000
145619  -9.226  57.724  12.197 0.0000000000
145620  -8.299  60.709  15.563 0.0000000000
145621  -8.548  60.117  15.089 0.0000000000
145622  -8.799  59.509  14.612 0.0000000000
145623  -8.297  58.992  15.679 0.0000000000
145624  -8.677  58.978  14.936 0.0000000000
145625  -9.083  58.915  14.104 0.0000000000
145626  -9.204  58.312  13.545 0.0000000000
145627  -9.241  57.722  12.966 0.0000000000
145628  -9.096  57.174  12.476 0.0000000000
145629  -9.035  56.633  12.771 0.0000000000
145630  -9.165  56.072  13.095 0.0000000000
145631  -9.408  55.516  13.466 0.0000000000
145632  -9.462  56.200  14.798 0.0000000000
145633  -9.598  55.567  14.297 0.0000000000
145634  -9.586  54.975  13.846 0.0000000000
145635  -9.692  54.423  14.237 0.0000000000
145636  -9.778  53.832  14.622 0.0000000000
145637  -9.804  53.282  14.991 0.0000000000
145638  -9.858  53.071  15.811 0.0000000000
145639  -9.760  52.876  16.576 0.0000000000
145640  -9.606  52.679  17.321 0.0000000000
145641  -9.413  53.944  17.440 0.0000000000
145642  -9.446  53.212  17.741 0.0000000000
145643  -9.384  52.484  18.049 0.0000000000
145644  -9.006  52.214  18.677 0.0000000000
145645  -8.596  51.922  19.286 0.0000000000
145646  -8.134  51.648  19.833 0.0000000000
145647  -8.245  56.080  18.942 0.0000000000
145648  -8.479  55.293  19.234 0.0000000000
145649  -8.560  54.509  19.524 0.0000000000
145650  -8.240  54.779  20.640 0.0000000000
145651  -8.358  54.227  20.187 0.0000000000
145652  -8.514  53.688  19.826 0.0000000000
145653  -8.353  52.832  20.132 0.0000000000
145654  -8.014  52.124  20.272 0.0000000000
145655  -7.636  51.428  20.422 0.0000000000
145656  -7.248  51.166  21.087 0.0000000000
145657  -7.097  50.889  21.820 0.0000000000
145658  -7.354  50.680  22.495 0.0000000000
145659  -7.497  51.903  22.817 0.0000000000
145660  -7.584  51.247  23.013 0.0000000000
145661  -7.757  50.601  23.231 0.0000000000
145662  -8.212  50.529  24.030 0.0000000000
145663  -8.623  50.457  24.796 0.0000000000
145664  -8.829  50.282  25.622 0.0000000000
145667  -13.257  59.585  16.272 0.0000000000
145668  -13.526  58.263  17.045 0.0000000000
145669  -13.091  58.999  16.880 0.0000000000
145670  -12.800  59.837  16.787 0.0000000000
145671  -12.342  60.100  17.313 0.0000000000
145672  -11.851  60.301  17.882 0.0000000000
145673  -11.381  60.504  18.426 0.0000000000
145674  -13.655  56.803  20.136 0.0000000000
145675  -13.153  57.451  19.939 0.0000000000
145676  -12.695  58.114  19.766 0.0000000000
145677  -12.416  58.116  21.208 0.0000000000
145678  -12.336  58.447  20.400 0.0000000000
145679  -12.257  58.790  19.565 0.0000000000
145680  -11.797  59.397  19.350 0.0000000000
145681  -11.344  60.060  19.146 0.0000000000
145682  -10.901  60.702  18.990 0.0000000000
145683  -10.416  60.898  19.587 0.0000000000
145684  -9.957  60.996  20.107 0.0000000000
145685  -9.510  60.978  20.554 0.0000000000
145686  -10.191  60.192  21.648 0.0000000000
145687  -9.584  60.579  21.363 0.0000000000
145688  -9.123  60.879  20.985 0.0000000000
145689  -8.826  60.740  21.381 0.0000000000
145690  -8.507  60.511  21.770 0.0000000000
145691  -8.262  60.202  22.178 0.0000000000
145692  -12.926  53.609  25.699 0.0000000000
145693  -12.565  54.290  25.515 0.0000000000
145694  -12.293  54.989  25.458 0.0000000000
145695  -11.899  54.843  26.775 0.0000000000
145696  -11.920  55.261  26.081 0.0000000000
145697  -12.044  55.704  25.433 0.0000000000
145698  -11.909  56.428  25.404 0.0000000000
145699  -11.691  57.119  25.360 0.0000000000
145700  -11.360  57.761  25.338 0.0000000000
145701  -10.608  55.263  29.369 0.0000000000
145702  -10.523  55.887  28.651 0.0000000000
145703  -10.534  56.460  27.942 0.0000000000
145704  -9.660  57.087  28.343 0.0000000000
145705  -10.153  57.050  27.800 0.0000000000
145706  -10.630  56.960  27.254 0.0000000000
145707  -10.786  57.453  26.610 0.0000000000
145708  -10.895  57.891  25.905 0.0000000000
145709  -10.867  58.286  25.175 0.0000000000
145710  -10.316  58.779  24.934 0.0000000000
145711  -9.839  59.143  24.619 0.0000000000
145712  -9.408  59.467  24.268 0.0000000000
145713  -8.895  59.065  25.611 0.0000000000
145714  -8.969  59.376  24.734 0.0000000000
145715  -8.997  59.691  23.880 0.0000000000
145716  -8.614  59.813  23.426 0.0000000000
145717  -8.303  59.885  23.007 0.0000000000
145718  -8.052  59.847  22.546 0.0000000000
145719  -7.831  59.424  22.834 0.0000000000
145720  -7.644  58.902  23.163 0.0000000000
145721  -7.563  58.282  23.497 0.0000000000
145722  -7.453  58.240  24.949 0.0000000000
145723  -7.425  57.926  24.415 0.0000000000
145724  -7.510  57.603  23.827 0.0000000000
145725  -7.456  56.906  24.143 0.0000000000
145726  -7.362  56.169  24.429 0.0000000000
145727  -7.282  55.454  24.699 0.0000000000
145728  -7.157  56.955  28.433 0.0000000000
145729  -6.954  56.840  27.901 0.0000000000
145730  -6.848  56.566  27.340 0.0000000000
145731  -6.797  55.646  28.406 0.0000000000
145732  -6.791  55.969  27.575 0.0000000000
145733  -6.827  56.207  26.735 0.0000000000
145734  -6.905  55.751  26.104 0.0000000000
145735  -7.054  55.253  25.521 0.0000000000
145736  -7.270  54.752  24.909 0.0000000000
145737  -7.355  54.094  25.073 0.0000000000
145738  -7.541  53.483  25.315 0.0000000000
145739  -7.830  52.878  25.603 0.0000000000
145740  -7.699  53.168  27.091 0.0000000000
145741  -7.953  52.727  26.511 0.0000000000
145742  -8.166  52.263  25.848 0.0000000000
145743  -8.510  51.616  26.043 0.0000000000
145744  -8.754  50.848  26.249 0.0000000000
145745  -8.873  50.025  26.445 0.0000000000
145850  -31.610  52.673  -2.014 0.0000000000
145851  -31.314  52.566  -2.516 0.0000000000
145852  -31.090  52.237  -3.065 0.0000000000
145853  -30.429  51.797  -3.376 0.0000000000
145854  -29.697  51.421  -3.660 0.0000000000
145855  -28.850  51.229  -3.933 0.0000000000
145864  -31.379  50.417  0.012 0.0000000000
145868  -28.210  48.501  -0.131 0.0000000000
145869  -29.076  48.715  0.069 0.0000000000
145870  -29.911  49.009  0.328 0.0000000000
145871  -30.351  49.481  0.033 0.0000000000
145872  -30.634  50.029  -0.236 0.0000000000
145873  -30.937  50.596  -0.486 0.0000000000
145874  -30.478  50.821  -0.960 0.0000000000
145875  -29.999  51.048  -1.372 0.0000000000
145876  -29.534  51.222  -1.819 0.0000000000
145877  -28.429  50.403  -1.826 0.0000000000
145878  -28.755  50.871  -2.043 0.0000000000
145879  -29.169  51.205  -2.386 0.0000000000
145880  -28.793  51.210  -2.980 0.0000000000
145881  -28.361  51.218  -3.587 0.0000000000
145882  -27.896  51.219  -4.197 0.0000000000
145883  -27.012  51.239  -4.390 0.0000000000
145884  -26.203  51.379  -4.563 0.0000000000
145885  -25.388  51.537  -4.704 0.0000000000
145886  -25.397  51.023  -3.782 0.0000000000
145887  -24.967  51.349  -4.289 0.0000000000
145888  -24.569  51.663  -4.805 0.0000000000
145889  -23.757  51.753  -4.871 0.0000000000
145890  -22.910  51.867  -4.931 0.0000000000
145891  -22.050  52.096  -4.872 0.0000000000
145892  -23.677  50.523  -2.180 0.0000000000
145893  -23.298  50.949  -2.587 0.0000000000
145894  -22.872  51.315  -3.003 0.0000000000
145895  -21.953  51.980  -2.229 0.0000000000
145896  -22.203  51.781  -2.816 0.0000000000
145897  -22.505  51.663  -3.377 0.0000000000
145898  -22.145  51.968  -3.821 0.0000000000
145899  -21.716  52.196  -4.298 0.0000000000
145900  -21.215  52.495  -4.689 0.0000000000
145901  -20.499  53.052  -4.477 0.0000000000
145902  -19.933  53.712  -4.294 0.0000000000
145903  -19.447  54.375  -4.149 0.0000000000
145904  -20.023  54.726  -3.291 0.0000000000
145905  -19.563  54.968  -3.658 0.0000000000
145906  -19.057  55.163  -4.059 0.0000000000
145907  -18.705  55.987  -4.009 0.0000000000
145908  -18.352  56.862  -4.016 0.0000000000
145909  -18.002  57.781  -4.067 0.0000000000
145972  -20.123  55.290  -0.497 0.0000000000
145976  -19.669  58.885  0.149 0.0000000000
145977  -19.830  57.952  0.225 0.0000000000
145978  -19.963  56.994  0.280 0.0000000000
145979  -19.826  56.643  -0.155 0.0000000000
145980  -19.844  56.212  -0.528 0.0000000000
145981  -19.901  55.823  -0.897 0.0000000000
145982  -19.777  56.438  -1.344 0.0000000000
145983  -19.633  56.938  -1.795 0.0000000000
145984  -19.477  57.423  -2.264 0.0000000000
145985  -19.339  58.741  -2.026 0.0000000000
145986  -19.337  58.358  -2.363 0.0000000000
145987  -19.257  57.858  -2.828 0.0000000000
145988  -18.939  58.253  -3.359 0.0000000000
145989  -18.356  58.529  -3.761 0.0000000000
145990  -17.694  58.763  -4.117 0.0000000000
145991  -17.404  59.785  -4.202 0.0000000000
145992  -17.069  60.644  -4.321 0.0000000000
145993  -16.662  61.435  -4.419 0.0000000000
145994  -17.602  61.903  -3.733 0.0000000000
145995  -16.934  62.118  -4.128 0.0000000000
145996  -16.151  62.174  -4.483 0.0000000000
145997  -15.475  62.863  -4.534 0.0000000000
145998  -14.782  63.367  -4.474 0.0000000000
145999  -13.963  63.726  -4.457 0.0000000000
146000  -17.136  62.810  -1.900 0.0000000000
146001  -16.612  63.176  -2.362 0.0000000000
146002  -16.073  63.515  -2.805 0.0000000000
146003  -14.878  63.397  -2.043 0.0000000000
146004  -15.153  63.654  -2.640 0.0000000000
146005  -15.382  63.787  -3.177 0.0000000000
146006  -14.653  63.955  -3.574 0.0000000000
146007  -13.910  64.006  -4.000 0.0000000000
146008  -13.154  64.009  -4.341 0.0000000000
146009  -12.362  64.254  -4.120 0.0000000000
146010  -11.497  64.482  -3.893 0.0000000000
146011  -10.801  64.646  -3.580 0.0000000000
146012  -11.550  64.433  -2.446 0.0000000000
146013  -10.820  64.653  -2.826 0.0000000000
146014  -10.155  64.786  -3.215 0.0000000000
146015  -9.573  64.843  -2.773 0.0000000000
146016  -9.035  64.795  -2.319 0.0000000000
146017  -8.481  64.646  -1.969 0.0000000000
146019  -15.332  61.414  3.321 0.0000000000
146020  -14.665  61.718  2.896 0.0000000000
146022  -13.888  61.944  3.278 0.0000000000
146023  -14.026  62.019  2.448 0.0000000000
146024  -13.414  62.330  1.989 0.0000000000
146025  -12.884  62.614  1.598 0.0000000000
146026  -12.355  62.858  1.154 0.0000000000
146029  -11.557  63.242  4.120 0.0000000000
146030  -10.350  63.643  4.228 0.0000000000
146031  -11.040  63.384  3.759 0.0000000000
146032  -11.656  63.099  3.304 0.0000000000
146033  -11.683  63.022  2.472 0.0000000000
146034  -11.779  63.007  1.602 0.0000000000
146035  -11.815  63.096  0.757 0.0000000000
146036  -11.246  63.421  0.436 0.0000000000
146037  -10.649  63.737  0.137 0.0000000000
146038  -10.121  64.050  -0.165 0.0000000000
146039  -9.643  63.732  1.029 0.0000000000
146040  -9.653  63.980  0.325 0.0000000000
146041  -9.618  64.299  -0.482 0.0000000000
146042  -9.057  64.468  -0.825 0.0000000000
146043  -8.568  64.461  -1.169 0.0000000000
146044  -8.126  64.259  -1.492 0.0000000000
146045  -7.888  63.680  -1.162 0.0000000000
146046  -7.797  62.928  -0.838 0.0000000000
146047  -7.858  62.064  -0.483 0.0000000000
146048  -8.041  62.216  0.746 0.0000000000
146049  -8.034  61.735  0.295 0.0000000000
146050  -8.042  61.149  -0.116 0.0000000000
146051  -8.227  60.297  0.191 0.0000000000
146052  -8.382  59.510  0.457 0.0000000000
146053  -8.601  58.801  0.737 0.0000000000
146054  -7.347  61.721  3.431 0.0000000000
146055  -7.444  61.025  2.956 0.0000000000
146056  -7.629  60.360  2.559 0.0000000000
146057  -7.720  59.396  3.359 0.0000000000
146058  -7.799  59.541  2.750 0.0000000000
146059  -7.968  59.723  2.217 0.0000000000
146060  -8.316  59.187  1.835 0.0000000000
146061  -8.637  58.681  1.451 0.0000000000
146062  -8.903  58.117  1.032 0.0000000000
146063  -9.264  57.365  1.319 0.0000000000
146064  -9.707  56.722  1.601 0.0000000000
146065  -10.131  56.113  1.874 0.0000000000
146066  -10.009  56.708  2.840 0.0000000000
146067  -10.325  56.132  2.504 0.0000000000
146068  -10.643  55.548  2.239 0.0000000000
146069  -11.232  54.996  2.653 0.0000000000
146070  -11.808  54.407  2.985 0.0000000000
153147  -12.963  52.483  4.256 0.0000000000
153150  -12.850  51.785  6.077 0.0000000000
153156  -11.362  51.730  8.704 0.0000000000
153157  -11.636  51.004  8.233 0.0000000000
153174  -9.224  51.661  14.187 0.0000000000
153228  -8.881  47.715  25.333 0.0000000000
153229  -8.562  47.057  24.760 0.0000000000
153230  -8.229  46.487  24.171 0.0000000000
153904  -28.469  51.849  -5.715 0.0000000000
153905  -28.940  52.168  -6.150 0.0000000000
153907  -28.061  53.874  -7.160 0.0000000000
153958  -16.308  57.157  -5.532 0.0000000000
153959  -16.098  56.219  -6.235 0.0000000000
153960  -16.067  55.408  -7.064 0.0000000000
153961  -14.925  56.266  -7.608 0.0000000000
153962  -15.535  55.459  -7.760 0.0000000000
153963  -16.203  54.803  -7.915 0.0000000000
153964  -16.484  54.497  -8.773 0.0000000000
153965  -16.990  54.568  -9.632 0.0000000000
153966  -17.571  55.024  -10.362 0.0000000000
153972  -15.147  55.228  -10.805 0.0000000000
153973  -16.127  55.241  -10.918 0.0000000000
153974  -17.140  55.467  -10.966 0.0000000000
153975  -18.138  55.833  -10.952 0.0000000000
153976  -18.656  56.802  -11.468 0.0000000000
153977  -19.090  57.674  -11.940 0.0000000000
153978  -19.518  58.197  -12.407 0.0000000000
