#!ascii label  , from subject fsaverage vox2ras=TkReg
585
130  -43.956  -75.728  14.170 0.0000000000
550  -40.630  -80.799  6.023 0.0000000000
568  -27.208  -85.310  1.830 0.0000000000
1214  -42.766  -77.145  9.846 0.0000000000
1216  -47.564  -75.590  11.229 0.0000000000
1257  -38.708  -77.310  12.726 0.0000000000
1258  -36.633  -78.572  7.474 0.0000000000
1664  -41.083  -73.004  17.600 0.0000000000
1665  -44.176  -72.568  13.256 0.0000000000
2342  -31.152  -82.376  5.665 0.0000000000
2343  -33.418  -81.489  3.097 0.0000000000
3134  -43.148  -76.123  11.870 0.0000000000
3135  -45.606  -77.013  10.936 0.0000000000
3136  -45.841  -75.654  12.642 0.0000000000
3175  -42.559  -76.105  15.775 0.0000000000
3177  -41.140  -76.367  13.278 0.0000000000
3178  -40.091  -76.451  10.755 0.0000000000
5215  -38.548  -79.446  6.417 0.0000000000
5216  -35.225  -79.765  5.240 0.0000000000
5217  -37.035  -80.835  4.321 0.0000000000
6794  -42.074  -79.113  7.995 0.0000000000
6795  -43.760  -80.896  7.013 0.0000000000
6796  -44.918  -78.643  9.108 0.0000000000
6871  -36.927  -79.138  11.750 0.0000000000
6872  -35.315  -79.425  9.013 0.0000000000
6873  -37.553  -77.602  10.036 0.0000000000
6874  -39.661  -77.773  8.476 0.0000000000
7724  -43.323  -74.314  16.281 0.0000000000
7725  -45.279  -74.132  14.439 0.0000000000
7726  -42.565  -72.821  15.386 0.0000000000
7786  -42.021  -74.986  17.816 0.0000000000
9441  -46.470  -73.925  12.604 0.0000000000
9586  -29.021  -83.597  3.483 0.0000000000
9587  -33.764  -80.049  6.443 0.0000000000
9588  -31.770  -81.343  4.245 0.0000000000
9589  -30.275  -82.999  1.808 0.0000000000
10814  -43.581  -75.987  12.968 0.0000000000
10815  -44.602  -76.052  12.328 0.0000000000
10816  -44.837  -75.704  13.316 0.0000000000
10855  -43.203  -75.915  14.924 0.0000000000
10856  -41.921  -76.387  14.551 0.0000000000
10857  -42.626  -76.098  13.633 0.0000000000
10858  -41.970  -76.065  12.401 0.0000000000
12764  -39.809  -81.504  4.926 0.0000000000
12766  -41.234  -81.773  5.530 0.0000000000
12895  -39.611  -80.078  6.168 0.0000000000
12896  -37.792  -80.022  5.302 0.0000000000
12897  -38.806  -80.732  5.056 0.0000000000
12898  -37.980  -81.546  4.045 0.0000000000
12966  -28.049  -85.127  0.729 0.0000000000
15164  -42.440  -78.060  8.943 0.0000000000
15165  -43.558  -79.027  8.572 0.0000000000
15166  -43.931  -78.031  9.560 0.0000000000
15167  -46.800  -76.469  11.149 0.0000000000
15168  -46.618  -77.237  10.376 0.0000000000
15169  -47.667  -76.468  10.441 0.0000000000
15288  -39.613  -77.499  14.035 0.0000000000
15292  -37.769  -78.134  12.314 0.0000000000
15293  -37.056  -78.161  11.001 0.0000000000
15294  -38.063  -77.316  11.374 0.0000000000
15295  -41.271  -76.683  10.075 0.0000000000
15296  -39.898  -77.003  9.546 0.0000000000
15297  -41.234  -77.447  9.088 0.0000000000
15298  -40.893  -78.435  8.093 0.0000000000
16964  -42.151  -73.622  16.879 0.0000000000
16965  -43.143  -73.482  15.953 0.0000000000
16966  -41.708  -72.952  16.474 0.0000000000
17097  -41.637  -73.940  17.744 0.0000000000
17098  -42.559  -74.654  16.953 0.0000000000
21022  -45.301  -80.233  7.293 0.0000000000
21037  -45.008  -73.238  13.905 0.0000000000
21038  -46.001  -74.083  13.508 0.0000000000
21039  -45.495  -73.197  13.022 0.0000000000
21404  -30.060  -82.975  4.472 0.0000000000
21405  -35.792  -78.838  8.342 0.0000000000
21406  -34.634  -79.711  7.716 0.0000000000
21407  -35.223  -79.229  6.981 0.0000000000
21408  -34.337  -80.600  4.179 0.0000000000
21409  -33.486  -80.418  4.718 0.0000000000
21410  -32.592  -81.226  3.591 0.0000000000
21411  -31.011  -82.125  2.989 0.0000000000
21412  -31.813  -82.160  2.473 0.0000000000
21413  -31.280  -83.081  1.228 0.0000000000
21414  -32.807  -82.460  2.034 0.0000000000
24074  -42.836  -76.467  10.829 0.0000000000
24075  -44.196  -77.227  10.480 0.0000000000
24076  -44.324  -76.572  11.305 0.0000000000
24077  -45.697  -76.309  11.709 0.0000000000
24078  -46.817  -75.636  12.036 0.0000000000
24147  -42.261  -76.442  16.754 0.0000000000
24149  -41.557  -76.832  15.552 0.0000000000
24150  -40.731  -76.916  14.308 0.0000000000
24151  -39.828  -76.718  12.925 0.0000000000
24152  -39.188  -76.671  11.700 0.0000000000
24153  -40.456  -76.290  12.016 0.0000000000
24154  -41.529  -76.216  11.213 0.0000000000
27818  -32.217  -81.913  6.658 0.0000000000
27819  -37.529  -78.898  6.770 0.0000000000
27820  -36.004  -79.147  6.359 0.0000000000
27821  -36.887  -79.417  5.737 0.0000000000
27822  -36.160  -80.147  4.756 0.0000000000
27823  -35.281  -81.066  3.811 0.0000000000
27824  -34.396  -81.982  2.827 0.0000000000
27825  -36.249  -81.683  3.481 0.0000000000
31214  -41.439  -80.052  7.008 0.0000000000
31215  -42.210  -81.006  6.609 0.0000000000
31216  -43.026  -80.116  7.589 0.0000000000
31217  -44.513  -79.765  8.025 0.0000000000
31218  -45.871  -79.071  8.298 0.0000000000
31219  -45.369  -77.754  10.132 0.0000000000
31220  -46.254  -78.079  9.396 0.0000000000
31394  -35.214  -80.281  9.571 0.0000000000
31395  -36.045  -79.217  10.310 0.0000000000
31396  -36.446  -78.347  9.589 0.0000000000
31397  -37.113  -78.039  8.725 0.0000000000
31398  -38.790  -76.941  10.367 0.0000000000
31399  -38.477  -77.494  9.090 0.0000000000
31400  -38.117  -78.207  7.906 0.0000000000
31401  -39.227  -78.711  7.467 0.0000000000
31402  -40.359  -79.358  7.202 0.0000000000
33584  -44.126  -75.232  15.283 0.0000000000
33585  -44.906  -75.119  14.401 0.0000000000
33586  -44.364  -74.218  15.379 0.0000000000
33587  -44.131  -73.329  14.978 0.0000000000
33588  -43.448  -72.653  14.265 0.0000000000
33753  -42.554  -75.652  16.833 0.0000000000
33754  -43.261  -75.443  16.008 0.0000000000
38541  -42.862  -81.895  6.109 0.0000000000
38559  -45.774  -75.040  13.497 0.0000000000
38560  -46.663  -74.860  12.847 0.0000000000
38561  -47.106  -74.665  11.957 0.0000000000
38998  -28.052  -84.340  2.618 0.0000000000
38999  -34.427  -80.470  8.313 0.0000000000
39000  -33.496  -80.727  7.134 0.0000000000
39001  -32.388  -81.096  6.028 0.0000000000
39002  -34.368  -79.745  5.781 0.0000000000
39003  -32.743  -80.626  5.365 0.0000000000
39004  -31.299  -81.721  4.965 0.0000000000
39005  -30.388  -82.344  3.723 0.0000000000
39006  -29.533  -83.125  2.595 0.0000000000
39007  -28.677  -84.048  1.546 0.0000000000
39008  -29.610  -84.013  0.625 0.0000000000
41534  -43.785  -75.889  13.549 0.0000000000
41535  -44.223  -75.912  13.119 0.0000000000
41536  -44.377  -75.748  13.701 0.0000000000
41575  -43.560  -75.800  14.528 0.0000000000
41576  -42.950  -76.042  14.296 0.0000000000
41577  -43.332  -75.941  13.894 0.0000000000
41578  -43.087  -76.015  13.265 0.0000000000
43484  -40.182  -81.143  5.492 0.0000000000
43485  -40.514  -81.644  5.222 0.0000000000
43486  -40.930  -81.294  5.785 0.0000000000
43615  -40.140  -80.423  6.098 0.0000000000
43616  -39.175  -80.386  5.611 0.0000000000
43617  -39.694  -80.767  5.548 0.0000000000
43618  -39.314  -81.110  4.979 0.0000000000
43682  -26.639  -85.950  1.892 0.0000000000
43684  -27.019  -85.838  1.312 0.0000000000
43685  -27.461  -85.771  0.774 0.0000000000
43686  -27.589  -85.180  1.223 0.0000000000
45884  -42.615  -77.604  9.382 0.0000000000
45885  -43.176  -78.105  9.205 0.0000000000
45886  -43.352  -77.636  9.681 0.0000000000
45887  -47.305  -76.102  11.235 0.0000000000
45888  -47.253  -76.486  10.798 0.0000000000
45889  -47.665  -76.043  10.813 0.0000000000
46008  -39.140  -77.398  13.367 0.0000000000
46009  -39.156  -77.868  13.886 0.0000000000
46010  -38.649  -77.759  13.242 0.0000000000
46011  -38.211  -78.196  13.026 0.0000000000
46012  -38.208  -77.693  12.532 0.0000000000
46013  -37.819  -77.637  11.831 0.0000000000
46014  -38.324  -77.228  12.081 0.0000000000
46015  -42.001  -76.897  9.906 0.0000000000
46016  -41.244  -77.037  9.561 0.0000000000
46017  -41.954  -77.292  9.409 0.0000000000
46018  -41.835  -77.751  8.976 0.0000000000
47684  -41.585  -73.318  17.236 0.0000000000
47685  -41.974  -73.262  16.704 0.0000000000
47686  -41.359  -72.965  17.055 0.0000000000
47815  -40.916  -73.124  18.058 0.0000000000
47816  -41.178  -73.582  18.148 0.0000000000
47817  -41.385  -73.463  17.668 0.0000000000
47818  -41.906  -73.814  17.288 0.0000000000
51757  -44.665  -72.870  13.560 0.0000000000
51758  -45.325  -73.230  13.481 0.0000000000
51759  -44.896  -72.876  13.134 0.0000000000
52124  -30.591  -82.680  5.061 0.0000000000
52125  -36.216  -78.652  7.909 0.0000000000
52126  -35.511  -79.063  7.661 0.0000000000
52127  -35.923  -78.903  7.247 0.0000000000
52128  -33.861  -81.021  3.625 0.0000000000
52129  -33.437  -80.887  3.871 0.0000000000
52130  -32.984  -81.284  3.292 0.0000000000
52131  -32.180  -81.682  3.012 0.0000000000
52132  -32.601  -81.785  2.780 0.0000000000
52133  -32.279  -82.269  2.245 0.0000000000
52134  -33.051  -81.967  2.575 0.0000000000
55484  -42.933  -76.233  11.332 0.0000000000
55485  -43.593  -76.514  11.081 0.0000000000
55486  -43.767  -76.301  11.569 0.0000000000
55487  -45.260  -75.894  12.528 0.0000000000
55488  -45.131  -76.199  11.988 0.0000000000
55489  -45.763  -75.978  12.180 0.0000000000
55490  -46.302  -75.999  11.900 0.0000000000
55491  -46.337  -75.634  12.345 0.0000000000
55605  -42.380  -76.281  16.264 0.0000000000
55606  -42.008  -76.658  16.181 0.0000000000
55607  -42.076  -76.450  15.658 0.0000000000
55608  -41.534  -76.419  13.926 0.0000000000
55609  -41.282  -76.655  14.415 0.0000000000
55610  -40.880  -76.582  13.778 0.0000000000
55611  -40.277  -76.809  13.618 0.0000000000
55612  -40.457  -76.484  13.109 0.0000000000
55613  -40.098  -76.445  12.472 0.0000000000
55614  -40.779  -76.308  12.644 0.0000000000
55615  -42.506  -76.020  12.072 0.0000000000
55616  -41.703  -76.054  11.799 0.0000000000
55617  -42.307  -76.139  11.523 0.0000000000
55618  -42.157  -76.328  10.935 0.0000000000
61724  -32.853  -81.748  7.174 0.0000000000
61725  -38.078  -79.130  6.593 0.0000000000
61726  -37.249  -79.153  6.266 0.0000000000
61727  -37.734  -79.396  6.047 0.0000000000
61728  -37.443  -80.406  4.783 0.0000000000
61729  -36.972  -80.043  4.994 0.0000000000
61730  -36.604  -80.465  4.513 0.0000000000
61731  -35.739  -80.562  4.267 0.0000000000
61732  -36.202  -80.890  4.073 0.0000000000
61733  -35.783  -81.341  3.639 0.0000000000
61734  -36.641  -81.250  3.892 0.0000000000
61735  -38.520  -81.913  3.948 0.0000000000
61736  -37.604  -81.960  3.617 0.0000000000
68534  -41.788  -79.610  7.482 0.0000000000
68535  -42.240  -80.089  7.321 0.0000000000
68536  -42.587  -79.635  7.770 0.0000000000
68537  -44.264  -78.863  8.857 0.0000000000
68538  -44.068  -79.429  8.326 0.0000000000
68539  -44.735  -79.194  8.553 0.0000000000
68540  -45.209  -79.471  8.193 0.0000000000
68541  -45.429  -78.894  8.720 0.0000000000
68542  -44.929  -77.201  10.712 0.0000000000
68543  -44.824  -77.555  10.331 0.0000000000
68544  -45.510  -77.383  10.552 0.0000000000
68545  -47.056  -77.238  9.954 0.0000000000
68546  -46.457  -77.644  9.924 0.0000000000
68547  -46.865  -77.693  9.473 0.0000000000
68548  -46.695  -78.214  8.927 0.0000000000
68918  -36.017  -79.687  10.612 0.0000000000
68919  -36.464  -79.117  11.003 0.0000000000
68920  -37.256  -77.818  10.514 0.0000000000
68921  -36.718  -78.230  10.295 0.0000000000
68922  -36.997  -77.954  9.858 0.0000000000
68923  -36.753  -78.132  9.168 0.0000000000
68924  -37.330  -77.793  9.388 0.0000000000
68925  -39.592  -76.464  11.181 0.0000000000
68926  -38.934  -76.719  11.041 0.0000000000
68927  -39.423  -76.669  10.539 0.0000000000
68928  -39.793  -77.380  8.992 0.0000000000
68929  -39.174  -77.238  9.314 0.0000000000
68930  -39.028  -77.594  8.767 0.0000000000
68931  -38.333  -77.845  8.493 0.0000000000
68932  -38.892  -77.984  8.207 0.0000000000
68933  -38.678  -78.424  7.670 0.0000000000
68934  -39.456  -78.252  7.990 0.0000000000
68935  -41.480  -78.767  8.043 0.0000000000
68936  -40.662  -78.898  7.668 0.0000000000
68937  -41.226  -79.241  7.588 0.0000000000
68938  -40.865  -79.723  7.056 0.0000000000
73934  -43.790  -74.761  15.844 0.0000000000
73935  -44.319  -74.728  15.359 0.0000000000
73936  -43.907  -74.258  15.858 0.0000000000
73937  -42.868  -73.136  15.681 0.0000000000
73938  -43.624  -73.405  15.496 0.0000000000
73939  -43.391  -73.069  15.162 0.0000000000
73940  -43.836  -72.974  14.609 0.0000000000
73941  -43.055  -72.749  14.788 0.0000000000
74328  -41.669  -74.620  18.263 0.0000000000
74332  -42.128  -75.513  17.775 0.0000000000
74333  -42.335  -75.803  17.249 0.0000000000
74334  -42.281  -75.350  17.282 0.0000000000
74335  -42.890  -74.493  16.583 0.0000000000
74336  -42.954  -75.071  16.501 0.0000000000
74337  -43.365  -74.898  16.189 0.0000000000
74338  -43.632  -75.286  15.659 0.0000000000
86107  -42.982  -81.067  6.826 0.0000000000
86108  -42.487  -81.467  6.352 0.0000000000
86109  -43.281  -81.453  6.570 0.0000000000
86152  -45.170  -74.640  14.448 0.0000000000
86153  -45.408  -75.057  13.926 0.0000000000
86154  -45.585  -74.588  13.975 0.0000000000
86155  -46.308  -74.019  13.096 0.0000000000
86156  -46.370  -74.490  13.192 0.0000000000
86157  -46.623  -74.371  12.767 0.0000000000
86158  -46.918  -74.754  12.432 0.0000000000
86159  -46.832  -74.248  12.319 0.0000000000
87253  -27.820  -84.582  3.172 0.0000000000
87254  -28.544  -83.923  3.035 0.0000000000
87255  -35.204  -79.800  9.296 0.0000000000
87256  -34.824  -80.344  8.959 0.0000000000
87257  -34.865  -79.921  8.667 0.0000000000
87258  -34.230  -79.869  7.064 0.0000000000
87259  -34.075  -80.191  7.417 0.0000000000
87260  -33.600  -80.355  6.799 0.0000000000
87261  -32.946  -80.892  6.571 0.0000000000
87262  -33.072  -80.530  6.225 0.0000000000
87263  -35.642  -79.407  5.815 0.0000000000
87264  -35.204  -79.395  6.071 0.0000000000
87265  -34.774  -79.697  5.491 0.0000000000
87266  -32.626  -80.834  4.482 0.0000000000
87267  -33.087  -80.463  5.032 0.0000000000
87268  -32.245  -80.970  4.821 0.0000000000
87269  -31.983  -81.134  5.181 0.0000000000
87270  -31.507  -81.480  4.602 0.0000000000
87271  -30.834  -82.024  4.341 0.0000000000
87272  -31.072  -81.809  3.984 0.0000000000
87273  -30.644  -82.537  2.408 0.0000000000
87274  -30.281  -82.566  2.768 0.0000000000
87275  -29.896  -82.990  2.202 0.0000000000
87276  -29.123  -83.515  2.091 0.0000000000
87277  -29.466  -83.474  1.630 0.0000000000
87278  -29.073  -83.990  1.074 0.0000000000
87279  -29.892  -83.486  1.226 0.0000000000
87280  -31.819  -83.193  0.999 0.0000000000
87281  -31.002  -83.542  0.597 0.0000000000
87285  -34.944  -82.254  2.731 0.0000000000
87286  -34.076  -82.442  2.314 0.0000000000
93194  -43.353  -76.060  12.391 0.0000000000
93195  -43.918  -76.128  12.079 0.0000000000
93196  -44.027  -76.014  12.591 0.0000000000
93197  -44.704  -75.877  12.792 0.0000000000
93198  -45.351  -75.669  12.960 0.0000000000
93267  -42.856  -75.998  15.338 0.0000000000
93268  -42.292  -76.257  15.161 0.0000000000
93269  -42.583  -76.150  14.730 0.0000000000
93270  -42.255  -76.217  14.069 0.0000000000
93271  -41.875  -76.237  13.436 0.0000000000
93272  -41.498  -76.189  12.801 0.0000000000
93273  -42.277  -76.068  12.993 0.0000000000
93274  -42.789  -76.027  12.665 0.0000000000
96704  -39.431  -81.891  4.373 0.0000000000
96706  -40.189  -82.010  4.696 0.0000000000
96707  -40.929  -82.137  5.032 0.0000000000
96939  -39.061  -79.765  6.273 0.0000000000
96940  -38.168  -79.721  5.872 0.0000000000
96941  -38.657  -80.067  5.722 0.0000000000
96942  -38.290  -80.373  5.150 0.0000000000
96943  -37.882  -80.780  4.642 0.0000000000
96944  -37.484  -81.199  4.186 0.0000000000
96945  -38.399  -81.138  4.546 0.0000000000
96946  -38.934  -81.520  4.423 0.0000000000
97068  -28.522  -85.087  0.216 0.0000000000
101024  -42.276  -78.581  8.484 0.0000000000
101025  -42.833  -79.114  8.283 0.0000000000
101026  -43.008  -78.571  8.775 0.0000000000
101027  -43.747  -78.501  9.096 0.0000000000
101028  -44.494  -78.335  9.421 0.0000000000
101029  -46.232  -76.768  11.063 0.0000000000
101030  -46.145  -77.141  10.704 0.0000000000
101031  -46.744  -76.852  10.744 0.0000000000
101032  -47.187  -76.859  10.394 0.0000000000
101033  -47.574  -76.830  10.029 0.0000000000
101246  -40.136  -77.584  14.662 0.0000000000
101253  -37.821  -78.664  12.826 0.0000000000
101254  -37.363  -78.621  12.119 0.0000000000
101255  -36.927  -78.579  11.387 0.0000000000
101256  -37.383  -78.104  11.694 0.0000000000
101257  -37.547  -77.737  11.176 0.0000000000
101258  -37.801  -77.455  10.682 0.0000000000
101259  -40.646  -76.480  10.407 0.0000000000
101260  -39.958  -76.681  10.140 0.0000000000
101261  -40.597  -76.791  9.823 0.0000000000
101262  -40.554  -77.172  9.284 0.0000000000
101263  -40.451  -77.599  8.753 0.0000000000
101264  -40.279  -78.087  8.239 0.0000000000
101265  -41.081  -77.929  8.601 0.0000000000
101266  -41.674  -78.243  8.509 0.0000000000
104264  -42.724  -73.899  16.572 0.0000000000
104265  -43.295  -73.878  16.168 0.0000000000
104266  -42.620  -73.551  16.404 0.0000000000
104267  -42.397  -73.216  16.186 0.0000000000
104268  -42.103  -72.878  15.940 0.0000000000
104502  -41.418  -74.103  18.200 0.0000000000
104503  -41.851  -74.444  17.794 0.0000000000
104504  -42.218  -74.813  17.337 0.0000000000
104505  -42.117  -74.250  17.361 0.0000000000
104506  -42.391  -74.104  16.944 0.0000000000
111568  -44.548  -80.618  7.162 0.0000000000
111569  -44.152  -81.226  6.668 0.0000000000
111570  -44.916  -80.800  6.792 0.0000000000
111595  -45.196  -73.654  14.239 0.0000000000
111596  -45.635  -74.111  13.933 0.0000000000
111597  -45.572  -73.647  13.778 0.0000000000
111598  -45.832  -73.625  13.313 0.0000000000
111599  -46.012  -73.550  12.833 0.0000000000
112256  -29.544  -83.284  3.960 0.0000000000
112257  -35.493  -79.088  8.711 0.0000000000
112258  -34.984  -79.570  8.358 0.0000000000
112259  -35.194  -79.278  8.029 0.0000000000
112260  -34.883  -79.441  7.360 0.0000000000
112261  -34.493  -79.612  6.709 0.0000000000
112262  -34.791  -80.171  4.690 0.0000000000
112263  -34.348  -80.071  4.960 0.0000000000
112264  -33.874  -80.471  4.425 0.0000000000
112265  -33.050  -80.799  4.167 0.0000000000
112266  -32.166  -81.232  3.912 0.0000000000
112267  -31.387  -81.700  3.616 0.0000000000
112268  -31.757  -81.673  3.311 0.0000000000
112269  -31.398  -82.112  2.701 0.0000000000
112270  -31.037  -82.585  2.104 0.0000000000
112271  -30.715  -83.039  1.508 0.0000000000
112272  -31.497  -82.638  1.868 0.0000000000
112273  -32.054  -82.761  1.623 0.0000000000
112274  -32.584  -82.915  1.433 0.0000000000
117614  -42.788  -76.763  10.336 0.0000000000
117615  -43.475  -77.194  10.195 0.0000000000
117616  -43.512  -76.818  10.648 0.0000000000
117617  -44.273  -76.893  10.880 0.0000000000
117618  -44.990  -76.843  11.095 0.0000000000
117619  -44.469  -76.291  11.793 0.0000000000
117620  -45.032  -76.547  11.489 0.0000000000
117621  -45.669  -76.668  11.310 0.0000000000
117622  -46.304  -76.390  11.482 0.0000000000
117623  -46.823  -76.034  11.599 0.0000000000
117624  -47.180  -75.622  11.626 0.0000000000
117786  -41.534  -77.109  16.040 0.0000000000
117787  -41.054  -77.232  15.419 0.0000000000
117788  -41.683  -76.585  15.052 0.0000000000
117789  -41.142  -76.916  14.927 0.0000000000
117790  -40.608  -77.264  14.795 0.0000000000
117791  -40.174  -77.193  14.144 0.0000000000
117792  -39.689  -77.089  13.469 0.0000000000
117793  -39.255  -76.996  12.831 0.0000000000
117794  -38.883  -76.931  12.227 0.0000000000
117795  -39.461  -76.651  12.327 0.0000000000
117796  -39.822  -76.421  11.816 0.0000000000
117797  -40.213  -76.287  11.358 0.0000000000
117798  -41.196  -76.163  12.192 0.0000000000
117799  -40.899  -76.156  11.574 0.0000000000
117800  -40.738  -76.270  11.003 0.0000000000
117801  -41.386  -76.375  10.655 0.0000000000
117802  -42.088  -76.562  10.412 0.0000000000
126350  -31.660  -82.162  6.152 0.0000000000
126351  -37.056  -78.702  7.088 0.0000000000
126352  -36.316  -78.878  6.880 0.0000000000
126353  -36.732  -78.942  6.500 0.0000000000
126354  -36.439  -79.232  6.024 0.0000000000
126355  -36.104  -79.524  5.533 0.0000000000
126356  -37.330  -79.683  5.516 0.0000000000
126357  -36.532  -79.733  5.241 0.0000000000
126358  -35.720  -79.910  5.001 0.0000000000
126359  -35.272  -80.346  4.479 0.0000000000
126360  -34.811  -80.776  3.981 0.0000000000
126361  -34.325  -81.264  3.467 0.0000000000
126362  -33.855  -81.710  2.927 0.0000000000
126363  -34.808  -81.544  3.349 0.0000000000
126364  -35.339  -81.805  3.192 0.0000000000
126365  -35.865  -82.100  3.076 0.0000000000
126366  -37.095  -81.608  3.752 0.0000000000
126367  -36.715  -82.027  3.339 0.0000000000
135194  -41.088  -80.457  6.511 0.0000000000
135195  -41.414  -80.916  6.323 0.0000000000
135196  -41.865  -80.519  6.859 0.0000000000
135197  -42.634  -80.571  7.107 0.0000000000
135198  -43.401  -80.542  7.316 0.0000000000
135199  -43.346  -79.581  8.061 0.0000000000
135200  -43.783  -79.987  7.820 0.0000000000
135201  -44.159  -80.339  7.514 0.0000000000
135202  -44.902  -80.059  7.680 0.0000000000
135203  -45.589  -79.664  7.785 0.0000000000
135204  -46.206  -79.181  7.869 0.0000000000
135205  -44.094  -77.603  10.058 0.0000000000
135206  -44.675  -77.903  9.889 0.0000000000
135207  -45.160  -78.156  9.637 0.0000000000
135208  -46.002  -77.544  10.306 0.0000000000
135209  -45.803  -77.936  9.803 0.0000000000
135210  -45.568  -78.395  9.288 0.0000000000
135211  -46.104  -78.548  8.845 0.0000000000
135212  -46.476  -78.668  8.404 0.0000000000
135681  -35.612  -80.233  10.230 0.0000000000
135682  -35.604  -79.745  9.951 0.0000000000
135683  -35.636  -79.315  9.644 0.0000000000
135684  -36.556  -78.621  10.686 0.0000000000
135685  -36.164  -78.752  9.994 0.0000000000
135686  -35.814  -78.915  9.342 0.0000000000
135687  -36.128  -78.569  8.945 0.0000000000
135688  -36.519  -78.354  8.550 0.0000000000
135689  -36.899  -78.330  8.097 0.0000000000
135690  -38.606  -76.956  11.569 0.0000000000
135691  -38.367  -77.028  10.903 0.0000000000
135692  -38.166  -77.259  10.201 0.0000000000
135693  -39.291  -76.909  9.889 0.0000000000
135694  -38.622  -77.186  9.717 0.0000000000
135695  -37.947  -77.478  9.543 0.0000000000
135696  -37.814  -77.766  8.881 0.0000000000
135697  -37.596  -78.087  8.274 0.0000000000
135698  -37.359  -78.415  7.654 0.0000000000
135699  -37.854  -78.583  7.351 0.0000000000
135700  -38.412  -78.812  7.125 0.0000000000
135701  -38.916  -79.117  6.952 0.0000000000
135702  -40.067  -78.586  7.766 0.0000000000
135703  -39.790  -79.052  7.321 0.0000000000
135704  -39.459  -79.446  6.807 0.0000000000
135705  -40.016  -79.748  6.679 0.0000000000
135706  -40.527  -80.096  6.574 0.0000000000
135963  -26.876  -85.487  2.423 0.0000000000
141884  -44.095  -75.504  14.732 0.0000000000
141885  -44.520  -75.506  14.294 0.0000000000
141886  -44.500  -75.171  14.822 0.0000000000
141887  -44.751  -74.732  14.938 0.0000000000
141888  -44.838  -74.206  14.924 0.0000000000
141889  -43.796  -73.797  15.739 0.0000000000
141890  -44.304  -73.735  15.301 0.0000000000
141891  -44.782  -73.696  14.740 0.0000000000
141892  -44.585  -73.247  14.443 0.0000000000
141893  -44.285  -72.898  14.056 0.0000000000
141894  -43.819  -72.603  13.758 0.0000000000
141895  -41.097  -72.629  16.876 0.0000000000
141896  -41.372  -72.594  16.267 0.0000000000
141897  -41.787  -72.553  15.684 0.0000000000
141900  -42.236  -72.518  15.072 0.0000000000
141901  -42.650  -72.444  14.491 0.0000000000
141902  -42.956  -72.349  13.989 0.0000000000
142371  -42.371  -76.199  17.230 0.0000000000
142372  -42.455  -76.048  16.776 0.0000000000
142373  -42.668  -75.901  16.356 0.0000000000
142374  -42.615  -75.229  16.873 0.0000000000
142375  -42.879  -75.531  16.419 0.0000000000
142376  -42.966  -75.786  15.900 0.0000000000
142377  -43.311  -75.692  15.484 0.0000000000
142378  -43.730  -75.605  15.089 0.0000000000
156579  -41.712  -81.402  6.079 0.0000000000
156580  -42.029  -81.870  5.851 0.0000000000
156582  -43.678  -81.740  6.254 0.0000000000
156633  -44.929  -75.510  13.904 0.0000000000
156634  -45.378  -75.400  13.419 0.0000000000
156635  -45.880  -75.365  13.056 0.0000000000
156636  -45.980  -74.568  13.577 0.0000000000
156637  -46.213  -74.944  13.161 0.0000000000
156638  -46.348  -75.298  12.746 0.0000000000
156639  -46.747  -75.217  12.452 0.0000000000
156640  -47.067  -75.165  12.019 0.0000000000
156641  -47.385  -75.114  11.599 0.0000000000
156642  -45.039  -72.831  12.676 0.0000000000
156643  -45.631  -73.174  12.550 0.0000000000
156644  -46.249  -73.554  12.400 0.0000000000
156647  -46.668  -73.849  12.135 0.0000000000
156648  -47.032  -74.182  11.833 0.0000000000
156649  -47.460  -74.607  11.467 0.0000000000
156650  -47.721  -75.060  11.132 0.0000000000
157953  -27.321  -85.024  2.807 0.0000000000
157954  -27.529  -84.784  2.200 0.0000000000
157956  -34.424  -80.906  8.556 0.0000000000
157957  -33.981  -81.051  7.967 0.0000000000
157958  -34.490  -80.031  8.040 0.0000000000
157959  -34.001  -80.620  7.698 0.0000000000
157960  -33.460  -81.168  7.429 0.0000000000
157961  -32.869  -81.281  6.889 0.0000000000
157962  -32.287  -81.499  6.356 0.0000000000
157963  -31.722  -81.753  5.845 0.0000000000
157964  -35.587  -79.163  6.672 0.0000000000
157965  -34.821  -79.459  6.370 0.0000000000
157966  -34.014  -79.883  6.093 0.0000000000
157967  -33.949  -80.050  5.250 0.0000000000
157968  -33.537  -80.171  5.545 0.0000000000
157969  -33.260  -80.330  5.885 0.0000000000
157970  -32.531  -80.828  5.706 0.0000000000
157971  -31.835  -81.418  5.508 0.0000000000
157972  -31.200  -82.033  5.290 0.0000000000
157973  -30.664  -82.314  4.677 0.0000000000
157974  -30.190  -82.630  4.095 0.0000000000
157975  -29.707  -82.983  3.537 0.0000000000
157976  -30.658  -82.178  3.358 0.0000000000
157977  -29.935  -82.713  3.153 0.0000000000
157978  -29.224  -83.338  3.005 0.0000000000
157979  -28.794  -83.716  2.533 0.0000000000
157980  -28.307  -84.148  2.031 0.0000000000
157981  -27.923  -84.661  1.618 0.0000000000
157982  -28.310  -84.568  1.072 0.0000000000
157983  -28.819  -84.538  0.581 0.0000000000
157984  -29.309  -84.535  0.151 0.0000000000
157985  -30.463  -83.485  0.861 0.0000000000
157986  -30.155  -83.999  0.294 0.0000000000
157991  -33.547  -82.199  2.430 0.0000000000
157992  -33.335  -82.644  1.862 0.0000000000
