#!ascii label  , from subject fsaverage vox2ras=TkReg
1607
43  -41.428  3.483  46.833 0.0000000000
163  -39.600  -7.468  50.727 0.0000000000
216  -42.170  13.284  45.465 0.0000000000
362  -47.466  -10.437  43.566 0.0000000000
363  -49.824  -0.326  44.043 0.0000000000
364  -47.331  -5.168  46.081 0.0000000000
695  -34.092  7.157  55.560 0.0000000000
843  -49.597  -8.512  48.281 0.0000000000
844  -46.235  -9.585  49.961 0.0000000000
845  -34.518  -8.559  46.341 0.0000000000
846  -38.186  -6.616  43.022 0.0000000000
1001  -42.136  0.720  40.581 0.0000000000
1002  -38.189  4.168  42.654 0.0000000000
1003  -41.133  18.586  42.894 0.0000000000
1443  -43.681  -8.960  52.692 0.0000000000
1538  -39.579  8.088  46.691 0.0000000000
1539  -40.043  10.141  50.882 0.0000000000
1540  -39.722  16.500  47.874 0.0000000000
1802  -49.850  -8.351  41.337 0.0000000000
1803  -53.840  -4.159  42.779 0.0000000000
1804  -52.188  -5.910  46.068 0.0000000000
1807  -42.890  -7.458  47.077 0.0000000000
1808  -42.306  -3.113  43.419 0.0000000000
1812  -29.958  4.875  53.445 0.0000000000
1844  -26.598  3.061  48.618 0.0000000000
2023  -48.528  -1.885  40.030 0.0000000000
2615  -32.362  8.141  55.189 0.0000000000
2920  -42.790  3.060  45.422 0.0000000000
2921  -40.991  2.647  43.181 0.0000000000
2922  -39.521  3.735  44.589 0.0000000000
3521  -39.100  7.106  51.094 0.0000000000
3522  -38.970  7.725  53.466 0.0000000000
3962  -48.693  -9.225  42.666 0.0000000000
3963  -51.633  -7.504  43.994 0.0000000000
3964  -50.438  -8.639  45.426 0.0000000000
3965  -48.824  -6.814  47.965 0.0000000000
3966  -50.067  -5.088  47.697 0.0000000000
3970  -42.136  -7.458  52.505 0.0000000000
3971  -43.466  -7.805  50.819 0.0000000000
3972  -41.017  -7.455  48.670 0.0000000000
3974  -40.378  -4.990  42.644 0.0000000000
3983  -31.537  3.241  53.083 0.0000000000
3984  -29.553  2.437  51.164 0.0000000000
4003  -43.697  -12.466  41.678 0.0000000000
4005  -45.098  -11.186  40.846 0.0000000000
4006  -46.329  -10.159  39.891 0.0000000000
4051  -28.097  3.712  51.332 0.0000000000
4435  -52.224  -2.311  43.903 0.0000000000
4436  -52.258  -2.527  41.798 0.0000000000
4437  -49.213  -1.137  42.002 0.0000000000
4438  -39.038  1.801  39.396 0.0000000000
4443  -40.571  10.742  46.316 0.0000000000
4444  -39.345  9.124  44.243 0.0000000000
5857  -35.856  6.282  55.653 0.0000000000
5858  -37.683  8.697  54.676 0.0000000000
5859  -36.203  9.595  55.030 0.0000000000
6122  -46.029  -11.569  44.381 0.0000000000
6123  -49.116  -9.873  46.387 0.0000000000
6124  -47.459  -10.746  47.229 0.0000000000
6125  -47.882  -9.368  48.931 0.0000000000
6126  -46.950  -7.948  48.304 0.0000000000
6127  -37.003  -8.150  48.295 0.0000000000
6128  -38.668  -7.698  46.252 0.0000000000
6129  -36.197  -7.707  44.665 0.0000000000
6406  -47.047  1.541  43.965 0.0000000000
6407  -46.053  0.410  42.071 0.0000000000
6408  -43.128  1.762  42.439 0.0000000000
6409  -39.553  2.143  41.239 0.0000000000
6410  -37.433  4.276  40.726 0.0000000000
6411  -42.595  16.219  44.495 0.0000000000
7209  -38.200  -7.820  52.289 0.0000000000
7210  -35.400  -8.746  50.060 0.0000000000
7424  -39.355  5.381  46.643 0.0000000000
7425  -39.243  6.414  48.789 0.0000000000
7426  -39.879  9.185  48.820 0.0000000000
7427  -41.091  12.069  48.264 0.0000000000
7428  -38.984  11.119  52.333 0.0000000000
7429  -40.241  13.451  49.599 0.0000000000
7430  -41.794  15.074  47.019 0.0000000000
7431  -40.493  17.598  45.258 0.0000000000
8044  -52.774  -6.584  42.432 0.0000000000
8045  -53.035  -4.826  44.398 0.0000000000
8046  -51.831  -2.730  45.518 0.0000000000
8047  -51.067  -7.171  47.498 0.0000000000
8048  -51.107  -3.549  46.933 0.0000000000
8049  -49.896  -0.078  45.608 0.0000000000
8053  -44.887  -9.429  51.128 0.0000000000
8054  -45.039  -8.147  49.298 0.0000000000
8055  -45.282  -6.964  45.968 0.0000000000
8056  -40.813  -7.214  44.759 0.0000000000
8057  -43.255  -5.955  43.697 0.0000000000
8058  -45.026  -3.832  44.220 0.0000000000
8068  -33.646  4.533  54.900 0.0000000000
8069  -31.934  5.755  54.702 0.0000000000
8070  -30.245  7.396  54.609 0.0000000000
8156  -28.481  6.280  52.845 0.0000000000
8157  -26.948  5.119  50.690 0.0000000000
8644  -45.175  -0.670  40.279 0.0000000000
8650  -38.609  6.485  44.531 0.0000000000
8651  -38.086  7.077  42.366 0.0000000000
10600  -42.055  3.197  46.098 0.0000000000
10601  -41.118  3.174  44.847 0.0000000000
10602  -40.459  3.638  45.599 0.0000000000
11642  -48.104  -9.813  43.165 0.0000000000
11643  -49.690  -8.983  44.095 0.0000000000
11644  -49.118  -9.574  44.599 0.0000000000
11645  -48.140  -6.086  47.083 0.0000000000
11650  -40.907  -7.253  51.655 0.0000000000
11651  -41.532  -7.349  50.710 0.0000000000
11652  -40.298  -7.433  49.647 0.0000000000
11683  -45.574  -11.445  42.629 0.0000000000
11684  -44.441  -11.852  41.232 0.0000000000
11685  -46.253  -10.759  42.211 0.0000000000
11686  -46.904  -10.158  41.830 0.0000000000
11731  -28.641  2.009  50.039 0.0000000000
12115  -51.096  -1.348  44.070 0.0000000000
12116  -50.952  -1.530  43.028 0.0000000000
12117  -49.597  -0.722  43.025 0.0000000000
12118  -37.926  2.820  38.965 0.0000000000
12123  -41.420  12.087  45.913 0.0000000000
12124  -40.772  11.169  44.934 0.0000000000
12125  -41.616  12.419  44.454 0.0000000000
13600  -34.944  6.731  55.679 0.0000000000
13601  -36.076  7.979  55.440 0.0000000000
13602  -35.206  8.363  55.544 0.0000000000
14043  -46.875  -11.085  45.855 0.0000000000
14045  -46.041  -10.465  49.286 0.0000000000
14046  -46.908  -10.340  48.733 0.0000000000
14047  -47.052  -9.519  49.456 0.0000000000
14048  -47.608  -8.546  49.031 0.0000000000
14049  -46.635  -8.793  49.481 0.0000000000
14050  -35.779  -8.426  47.246 0.0000000000
14051  -36.606  -8.087  46.371 0.0000000000
14052  -35.327  -8.134  45.452 0.0000000000
14516  -45.078  1.745  43.180 0.0000000000
14517  -43.884  2.202  43.397 0.0000000000
14518  -39.388  3.064  42.878 0.0000000000
14519  -40.177  2.393  42.191 0.0000000000
14520  -38.626  3.045  41.886 0.0000000000
14521  -38.151  3.033  40.922 0.0000000000
14522  -37.776  4.285  41.704 0.0000000000
14523  -42.056  17.573  43.694 0.0000000000
15858  -36.762  -8.349  51.205 0.0000000000
16316  -39.571  5.158  48.722 0.0000000000
16318  -39.595  8.593  51.157 0.0000000000
16319  -39.493  8.227  49.934 0.0000000000
16320  -40.066  9.725  49.928 0.0000000000
16321  -40.506  10.702  48.637 0.0000000000
16322  -40.558  11.169  49.592 0.0000000000
16323  -37.639  10.422  53.905 0.0000000000
16324  -38.433  9.890  53.649 0.0000000000
16325  -38.235  11.694  52.755 0.0000000000
16326  -39.181  15.829  49.129 0.0000000000
16327  -39.401  14.114  50.119 0.0000000000
16328  -40.248  15.028  48.798 0.0000000000
16329  -41.115  14.251  48.263 0.0000000000
16330  -40.905  15.783  47.510 0.0000000000
16331  -41.372  16.472  46.274 0.0000000000
16332  -40.086  17.058  46.547 0.0000000000
17642  -50.475  -7.954  40.606 0.0000000000
17643  -52.106  -7.116  41.187 0.0000000000
17644  -51.470  -7.552  41.912 0.0000000000
17645  -52.117  -6.796  45.186 0.0000000000
17646  -52.570  -6.302  44.408 0.0000000000
17647  -52.619  -5.309  45.245 0.0000000000
17648  -52.553  -3.929  45.073 0.0000000000
17649  -52.215  -4.349  45.897 0.0000000000
17650  -49.531  -9.290  47.531 0.0000000000
17651  -50.366  -8.688  47.086 0.0000000000
17652  -50.403  -7.873  47.932 0.0000000000
17654  -50.580  -4.302  47.415 0.0000000000
17656  -50.647  -1.801  46.383 0.0000000000
17665  -43.426  -9.907  52.098 0.0000000000
17666  -43.888  -10.147  51.314 0.0000000000
17667  -44.240  -9.185  51.934 0.0000000000
17668  -43.007  -7.651  48.992 0.0000000000
17669  -44.221  -8.080  49.952 0.0000000000
17670  -43.932  -7.650  48.333 0.0000000000
17671  -45.025  -7.708  47.654 0.0000000000
17672  -44.062  -7.293  46.380 0.0000000000
17673  -38.462  -7.382  44.358 0.0000000000
17674  -39.685  -7.495  45.498 0.0000000000
17675  -39.522  -6.960  43.723 0.0000000000
17676  -41.475  -4.129  42.942 0.0000000000
17677  -41.879  -5.528  43.064 0.0000000000
17678  -42.964  -4.540  43.201 0.0000000000
17679  -44.278  -5.074  43.738 0.0000000000
17680  -43.706  -3.388  43.709 0.0000000000
17705  -30.810  4.100  53.211 0.0000000000
17706  -31.705  4.544  54.007 0.0000000000
17707  -30.937  5.278  54.136 0.0000000000
17708  -31.116  6.533  54.760 0.0000000000
17709  -30.097  6.248  54.198 0.0000000000
17773  -48.091  -9.205  40.732 0.0000000000
17911  -29.261  6.890  53.799 0.0000000000
17912  -29.209  5.587  53.221 0.0000000000
17913  -27.421  3.452  49.951 0.0000000000
17914  -27.603  4.460  51.048 0.0000000000
17915  -26.909  4.105  49.662 0.0000000000
17916  -26.212  4.631  49.322 0.0000000000
17917  -26.076  3.586  48.352 0.0000000000
19060  -54.078  -5.036  41.974 0.0000000000
19062  -54.218  -3.804  41.852 0.0000000000
19063  -50.527  -2.232  41.014 0.0000000000
19068  -43.996  0.528  41.366 0.0000000000
19069  -45.620  -0.177  41.168 0.0000000000
19070  -43.612  -0.079  40.381 0.0000000000
19083  -39.342  6.751  46.684 0.0000000000
19084  -38.921  6.010  45.579 0.0000000000
19085  -39.166  7.428  45.513 0.0000000000
19086  -39.303  9.225  43.015 0.0000000000
19087  -38.680  8.185  43.235 0.0000000000
19088  -38.579  8.194  42.047 0.0000000000
19089  -37.890  7.052  41.227 0.0000000000
23137  -33.172  7.594  55.458 0.0000000000
23138  -34.348  8.627  55.377 0.0000000000
23406  -45.326  -10.447  49.851 0.0000000000
23687  -42.853  2.556  43.664 0.0000000000
23688  -41.896  2.877  44.194 0.0000000000
23689  -40.149  3.111  43.827 0.0000000000
23690  -38.728  4.003  43.571 0.0000000000
24769  -39.171  7.408  52.398 0.0000000000
24770  -39.551  8.943  52.219 0.0000000000
24776  -38.737  17.828  46.958 0.0000000000
25562  -49.320  -8.714  42.077 0.0000000000
25563  -50.831  -7.955  42.708 0.0000000000
25564  -50.272  -8.433  43.451 0.0000000000
25565  -51.070  -8.047  44.755 0.0000000000
25566  -51.610  -7.399  45.900 0.0000000000
25567  -49.276  -7.562  48.394 0.0000000000
25568  -50.070  -6.864  48.139 0.0000000000
25569  -49.520  -5.885  47.888 0.0000000000
25576  -43.169  -7.976  52.917 0.0000000000
25577  -43.816  -8.282  52.053 0.0000000000
25578  -42.744  -7.644  51.621 0.0000000000
25579  -42.239  -7.526  49.842 0.0000000000
25580  -41.860  -7.506  47.815 0.0000000000
25581  -37.750  -5.321  42.345 0.0000000000
25582  -39.260  -5.858  42.617 0.0000000000
25583  -38.898  -4.417  42.357 0.0000000000
25601  -30.553  2.874  52.241 0.0000000000
25602  -29.749  3.544  52.489 0.0000000000
25641  -45.695  -10.640  40.405 0.0000000000
25642  -47.513  -9.600  41.360 0.0000000000
25723  -28.933  4.265  52.515 0.0000000000
25724  -28.765  3.037  51.330 0.0000000000
25725  -27.846  2.628  50.154 0.0000000000
25726  -27.096  2.300  48.794 0.0000000000
26413  -53.151  -3.210  43.448 0.0000000000
26414  -53.443  -3.058  42.482 0.0000000000
26415  -52.301  -2.346  42.858 0.0000000000
26416  -50.745  -1.933  42.019 0.0000000000
26417  -48.869  -1.472  41.101 0.0000000000
26418  -40.463  1.066  39.879 0.0000000000
26419  -41.828  0.203  39.682 0.0000000000
26420  -40.291  0.687  39.091 0.0000000000
26427  -39.968  9.401  46.550 0.0000000000
26428  -39.453  8.691  45.471 0.0000000000
26429  -39.993  9.921  45.275 0.0000000000
26430  -39.912  10.261  44.010 0.0000000000
29023  -36.718  5.691  55.526 0.0000000000
29024  -37.601  6.923  55.174 0.0000000000
29025  -36.883  7.423  55.392 0.0000000000
29026  -36.996  9.199  54.827 0.0000000000
29027  -36.882  11.056  54.094 0.0000000000
29028  -35.416  9.940  54.958 0.0000000000
29642  -46.772  -11.034  43.992 0.0000000000
29643  -48.401  -10.227  44.982 0.0000000000
29644  -47.717  -10.660  45.453 0.0000000000
29645  -48.311  -10.310  46.768 0.0000000000
29646  -48.758  -9.730  47.906 0.0000000000
29648  -47.887  -10.103  48.251 0.0000000000
29649  -48.813  -9.017  48.593 0.0000000000
29650  -48.495  -8.116  48.700 0.0000000000
29651  -47.945  -7.530  48.109 0.0000000000
29652  -47.231  -6.933  47.022 0.0000000000
29653  -38.206  -7.852  49.486 0.0000000000
29654  -39.030  -7.688  48.523 0.0000000000
29655  -37.834  -7.962  47.376 0.0000000000
29656  -37.489  -7.790  45.347 0.0000000000
29657  -37.151  -7.167  43.713 0.0000000000
29658  -34.891  -7.488  44.008 0.0000000000
29659  -35.818  -6.813  43.262 0.0000000000
29660  -36.770  -6.163  42.655 0.0000000000
29704  -44.903  -11.995  43.024 0.0000000000
30304  -48.514  0.662  43.938 0.0000000000
30305  -48.102  0.199  42.923 0.0000000000
30306  -46.543  1.006  42.947 0.0000000000
30307  -44.456  1.183  42.265 0.0000000000
30308  -42.513  1.279  41.466 0.0000000000
30309  -41.989  2.155  42.664 0.0000000000
30310  -41.281  1.813  41.797 0.0000000000
30311  -40.780  1.476  40.827 0.0000000000
30312  -39.191  2.015  40.275 0.0000000000
30313  -37.978  2.996  39.944 0.0000000000
30314  -37.306  4.179  39.721 0.0000000000
30315  -42.641  14.590  45.059 0.0000000000
30316  -42.416  13.536  44.129 0.0000000000
30317  -42.800  14.880  43.784 0.0000000000
32166  -43.060  -9.725  52.888 0.0000000000
32169  -43.256  -8.755  53.651 0.0000000000
32170  -42.670  -7.817  53.780 0.0000000000
32171  -41.631  -7.310  53.265 0.0000000000
32172  -40.294  -7.300  52.474 0.0000000000
32181  -38.897  -7.656  51.422 0.0000000000
32182  -37.506  -8.054  50.291 0.0000000000
32183  -36.180  -8.398  49.182 0.0000000000
32184  -34.941  -8.747  48.225 0.0000000000
32186  -34.105  -9.169  49.211 0.0000000000
32187  -33.642  -8.984  47.329 0.0000000000
32761  -40.887  3.785  47.709 0.0000000000
32762  -40.021  4.180  46.606 0.0000000000
32763  -39.832  4.683  47.640 0.0000000000
32764  -39.378  5.967  47.750 0.0000000000
32765  -39.455  7.292  47.795 0.0000000000
32766  -39.002  6.818  49.842 0.0000000000
32767  -39.408  7.736  48.779 0.0000000000
32768  -39.711  8.633  47.697 0.0000000000
32769  -40.252  10.095  47.581 0.0000000000
32770  -40.967  11.515  47.246 0.0000000000
32771  -41.654  12.761  46.808 0.0000000000
32772  -38.460  8.226  54.288 0.0000000000
32773  -39.147  9.380  53.087 0.0000000000
32774  -39.651  10.597  51.738 0.0000000000
32775  -38.766  12.968  51.417 0.0000000000
32776  -39.532  12.263  51.013 0.0000000000
32777  -40.198  11.700  50.422 0.0000000000
32778  -40.840  12.706  49.050 0.0000000000
32779  -41.590  13.461  47.627 0.0000000000
32780  -42.239  14.108  46.340 0.0000000000
32781  -42.297  15.761  45.791 0.0000000000
32782  -41.757  17.071  44.983 0.0000000000
32783  -40.820  18.153  44.026 0.0000000000
32784  -39.081  18.217  45.592 0.0000000000
32785  -39.369  18.682  44.355 0.0000000000
32786  -39.897  19.130  43.192 0.0000000000
34445  -53.365  -6.161  41.689 0.0000000000
34446  -53.562  -5.402  42.732 0.0000000000
34447  -52.140  -7.052  43.251 0.0000000000
34448  -53.064  -5.831  43.529 0.0000000000
34449  -53.399  -4.439  43.589 0.0000000000
34450  -52.866  -3.493  44.229 0.0000000000
34451  -52.068  -2.437  44.689 0.0000000000
34452  -51.069  -1.300  44.883 0.0000000000
34453  -49.862  -9.277  45.917 0.0000000000
34454  -51.026  -8.039  46.533 0.0000000000
34455  -51.688  -6.536  46.806 0.0000000000
34456  -50.686  -6.180  47.803 0.0000000000
34457  -51.286  -5.447  47.315 0.0000000000
34458  -51.816  -4.818  46.705 0.0000000000
34459  -51.510  -3.091  46.301 0.0000000000
34460  -50.952  -1.433  45.632 0.0000000000
34461  -49.929  -0.123  44.841 0.0000000000
34462  -48.672  0.980  44.865 0.0000000000
34472  -44.644  -10.302  50.476 0.0000000000
34473  -45.556  -9.539  50.513 0.0000000000
34474  -44.445  -8.546  51.267 0.0000000000
34475  -45.169  -8.661  50.592 0.0000000000
34476  -45.924  -8.719  49.929 0.0000000000
34477  -45.923  -8.157  48.765 0.0000000000
34478  -46.173  -7.473  47.232 0.0000000000
34479  -46.423  -6.261  45.886 0.0000000000
34480  -39.893  -7.596  47.493 0.0000000000
34481  -40.852  -7.524  46.660 0.0000000000
34482  -41.918  -7.298  45.802 0.0000000000
34483  -40.695  -6.285  43.283 0.0000000000
34484  -41.979  -6.651  44.097 0.0000000000
34485  -43.089  -6.992  45.158 0.0000000000
34486  -44.332  -6.464  44.693 0.0000000000
34487  -45.428  -5.591  44.639 0.0000000000
34488  -46.297  -4.323  45.012 0.0000000000
34516  -35.607  4.824  55.458 0.0000000000
34517  -34.693  5.336  55.547 0.0000000000
34518  -33.791  5.796  55.437 0.0000000000
34519  -32.614  3.911  53.994 0.0000000000
34520  -32.730  5.149  54.811 0.0000000000
34521  -32.898  6.363  55.283 0.0000000000
34522  -32.143  6.900  55.144 0.0000000000
34523  -31.278  7.734  55.074 0.0000000000
34524  -30.487  8.512  54.442 0.0000000000
34772  -29.440  8.065  53.950 0.0000000000
34773  -28.561  7.613  53.201 0.0000000000
34774  -27.703  6.863  52.236 0.0000000000
34775  -28.339  4.902  52.279 0.0000000000
34776  -27.705  5.552  51.863 0.0000000000
34777  -26.994  6.235  51.289 0.0000000000
34778  -26.191  5.703  50.286 0.0000000000
36178  -53.531  -3.034  41.418 0.0000000000
36184  -47.706  -0.273  42.029 0.0000000000
36185  -47.214  -0.712  41.092 0.0000000000
36186  -46.846  -1.243  40.117 0.0000000000
36187  -43.219  -0.578  39.500 0.0000000000
36202  -39.247  4.600  45.538 0.0000000000
36203  -38.679  5.014  44.538 0.0000000000
36204  -38.240  5.378  43.561 0.0000000000
36205  -38.875  7.994  44.358 0.0000000000
36206  -38.279  6.935  43.462 0.0000000000
36207  -37.837  5.633  42.562 0.0000000000
36208  -37.597  5.730  41.584 0.0000000000
36209  -37.313  5.672  40.461 0.0000000000
41320  -41.756  3.347  46.446 0.0000000000
41321  -41.258  3.387  45.835 0.0000000000
41322  -40.964  3.606  46.198 0.0000000000
42362  -47.783  -10.124  43.373 0.0000000000
42363  -48.623  -9.721  43.847 0.0000000000
42364  -48.292  -10.040  44.098 0.0000000000
42365  -47.733  -5.626  46.576 0.0000000000
42366  -48.090  -5.095  46.666 0.0000000000
42367  -47.631  -4.538  46.300 0.0000000000
42369  -47.134  -4.058  45.810 0.0000000000
42370  -40.283  -7.336  51.208 0.0000000000
42371  -40.642  -7.328  50.827 0.0000000000
42372  -39.873  -7.423  50.238 0.0000000000
42403  -46.542  -10.910  43.081 0.0000000000
42404  -45.899  -11.117  42.422 0.0000000000
42405  -46.838  -10.596  42.871 0.0000000000
42406  -47.162  -10.291  42.677 0.0000000000
42835  -50.527  -0.838  44.104 0.0000000000
42836  -50.423  -0.991  43.563 0.0000000000
42837  -49.731  -0.505  43.556 0.0000000000
42838  -37.480  3.369  38.822 0.0000000000
42839  -37.937  2.615  38.447 0.0000000000
42843  -41.797  12.676  45.705 0.0000000000
42844  -41.562  12.223  45.224 0.0000000000
42845  -41.968  12.865  45.000 0.0000000000
44320  -34.500  6.998  55.622 0.0000000000
44321  -35.074  7.553  55.608 0.0000000000
44322  -34.622  7.724  55.579 0.0000000000
44765  -46.250  -10.069  49.684 0.0000000000
44766  -46.654  -10.057  49.454 0.0000000000
44767  -46.642  -9.575  49.676 0.0000000000
44768  -46.959  -9.129  49.532 0.0000000000
44769  -46.563  -9.165  49.797 0.0000000000
44770  -35.143  -8.478  46.888 0.0000000000
44771  -35.562  -8.286  46.313 0.0000000000
44772  -34.990  -8.365  46.046 0.0000000000
45236  -44.847  2.284  43.810 0.0000000000
45237  -44.270  2.432  43.880 0.0000000000
45238  -38.651  3.526  42.758 0.0000000000
45239  -38.941  3.030  42.353 0.0000000000
45240  -38.359  3.577  42.264 0.0000000000
45241  -38.108  3.628  41.789 0.0000000000
45242  -37.966  4.259  42.175 0.0000000000
45243  -41.627  18.137  43.300 0.0000000000
45244  -42.200  17.739  43.077 0.0000000000
47038  -39.837  9.375  51.035 0.0000000000
47039  -39.820  9.140  50.548 0.0000000000
47040  -40.085  9.955  50.436 0.0000000000
47041  -40.323  10.438  49.799 0.0000000000
47042  -40.303  10.720  50.225 0.0000000000
47043  -37.549  11.376  53.472 0.0000000000
47044  -37.951  11.037  53.355 0.0000000000
47045  -37.822  12.005  52.876 0.0000000000
47046  -39.421  16.147  48.603 0.0000000000
47047  -39.679  15.412  49.015 0.0000000000
47048  -40.043  15.812  48.392 0.0000000000
47049  -40.605  15.387  48.204 0.0000000000
47050  -40.315  16.105  47.775 0.0000000000
47051  -40.552  16.467  47.060 0.0000000000
47052  -39.879  16.772  47.258 0.0000000000
48362  -50.146  -8.168  40.949 0.0000000000
48363  -50.973  -7.765  41.262 0.0000000000
48364  -50.652  -7.963  41.649 0.0000000000
48365  -52.215  -6.356  45.662 0.0000000000
48366  -52.440  -6.095  45.276 0.0000000000
48367  -52.415  -5.607  45.651 0.0000000000
48368  -52.442  -4.870  45.610 0.0000000000
48369  -52.237  -5.137  46.031 0.0000000000
48370  -49.701  -8.843  47.984 0.0000000000
48371  -50.039  -8.589  47.783 0.0000000000
48372  -50.004  -8.175  48.109 0.0000000000
48385  -43.578  -9.452  52.487 0.0000000000
48386  -43.906  -9.577  52.046 0.0000000000
48387  -43.939  -9.068  52.333 0.0000000000
48388  -42.902  -7.580  47.978 0.0000000000
48389  -43.379  -7.704  48.778 0.0000000000
48390  -43.448  -7.538  47.653 0.0000000000
48391  -43.942  -7.564  47.381 0.0000000000
48392  -43.453  -7.403  46.711 0.0000000000
48393  -38.276  -7.072  43.633 0.0000000000
48394  -38.979  -7.178  43.996 0.0000000000
48395  -38.863  -6.747  43.280 0.0000000000
48396  -41.917  -3.591  43.185 0.0000000000
48397  -42.227  -4.355  42.982 0.0000000000
48398  -42.582  -3.828  43.257 0.0000000000
48399  -43.325  -3.978  43.395 0.0000000000
48400  -42.984  -3.199  43.543 0.0000000000
48425  -30.403  4.419  53.271 0.0000000000
48426  -30.893  4.699  53.662 0.0000000000
48427  -30.417  5.029  53.762 0.0000000000
48428  -30.467  5.707  54.173 0.0000000000
48429  -30.026  5.574  53.897 0.0000000000
48493  -48.999  -8.743  41.050 0.0000000000
48494  -48.394  -9.023  40.404 0.0000000000
48495  -49.308  -8.563  40.699 0.0000000000
48496  -49.600  -8.389  40.337 0.0000000000
48631  -29.587  5.859  53.717 0.0000000000
48632  -29.509  5.190  53.374 0.0000000000
48633  -27.084  3.238  49.279 0.0000000000
48634  -27.171  3.751  49.829 0.0000000000
48635  -26.786  3.652  49.145 0.0000000000
48636  -26.499  3.873  49.000 0.0000000000
48637  -26.414  3.370  48.549 0.0000000000
49780  -53.996  -4.585  42.411 0.0000000000
49781  -54.241  -4.384  41.957 0.0000000000
49782  -54.024  -3.973  42.326 0.0000000000
49783  -49.566  -2.048  40.527 0.0000000000
49784  -50.372  -2.342  40.453 0.0000000000
49788  -43.076  0.630  40.974 0.0000000000
49789  -43.799  0.198  40.857 0.0000000000
49790  -42.896  0.329  40.491 0.0000000000
49803  -39.437  7.443  46.689 0.0000000000
49804  -39.256  7.103  46.103 0.0000000000
49805  -39.361  7.745  46.126 0.0000000000
49807  -38.885  8.711  42.485 0.0000000000
53920  -32.841  7.786  55.378 0.0000000000
53921  -33.329  8.275  55.341 0.0000000000
53922  -32.889  8.481  55.251 0.0000000000
54368  -45.056  -10.827  49.308 0.0000000000
54369  -44.689  -10.780  49.628 0.0000000000
54835  -43.240  2.974  45.116 0.0000000000
54836  -42.869  2.859  44.522 0.0000000000
54837  -42.320  2.967  44.748 0.0000000000
54838  -40.252  3.357  44.676 0.0000000000
54839  -40.656  3.147  44.319 0.0000000000
54840  -39.759  3.436  44.167 0.0000000000
54841  -39.340  3.481  43.696 0.0000000000
54842  -39.107  3.896  44.091 0.0000000000
56640  -39.192  7.659  52.909 0.0000000000
56641  -39.389  8.183  52.351 0.0000000000
56642  -39.258  8.348  52.859 0.0000000000
57962  -48.998  -8.951  42.387 0.0000000000
57963  -49.779  -8.571  42.776 0.0000000000
57964  -49.476  -8.829  43.085 0.0000000000
57965  -50.103  -8.860  44.796 0.0000000000
57966  -50.421  -8.568  44.496 0.0000000000
57967  -50.758  -8.334  45.115 0.0000000000
57968  -51.357  -7.832  45.344 0.0000000000
57969  -51.062  -8.106  45.658 0.0000000000
57970  -49.131  -7.128  48.256 0.0000000000
57971  -49.472  -6.751  48.175 0.0000000000
57972  -49.194  -6.329  47.913 0.0000000000
57985  -42.672  -7.643  52.780 0.0000000000
57986  -43.028  -7.720  52.394 0.0000000000
57987  -42.386  -7.479  52.106 0.0000000000
57988  -41.297  -7.406  49.747 0.0000000000
57989  -41.838  -7.418  50.233 0.0000000000
57990  -41.553  -7.431  49.284 0.0000000000
57991  -41.955  -7.514  48.822 0.0000000000
57992  -41.483  -7.507  48.189 0.0000000000
57994  -38.331  -4.905  42.318 0.0000000000
58025  -29.982  2.184  51.156 0.0000000000
58026  -30.419  2.323  51.628 0.0000000000
58027  -30.018  2.714  51.820 0.0000000000
58028  -30.152  3.253  52.344 0.0000000000
58029  -29.638  2.962  51.820 0.0000000000
58085  -43.170  -12.639  40.983 0.0000000000
58086  -44.770  -11.525  41.049 0.0000000000
58087  -43.895  -12.089  40.571 0.0000000000
58088  -44.205  -11.759  40.368 0.0000000000
58090  -44.527  -11.461  40.143 0.0000000000
58091  -44.867  -11.182  39.903 0.0000000000
58092  -45.381  -10.901  40.641 0.0000000000
58093  -47.771  -9.698  42.297 0.0000000000
58094  -47.211  -9.871  41.614 0.0000000000
58095  -48.072  -9.445  42.057 0.0000000000
58096  -48.370  -9.166  41.765 0.0000000000
58231  -29.219  3.339  51.938 0.0000000000
58232  -29.168  2.712  51.188 0.0000000000
58234  -28.196  2.217  50.045 0.0000000000
58235  -27.776  2.064  49.486 0.0000000000
58236  -27.460  2.463  49.450 0.0000000000
58237  -27.391  1.910  48.863 0.0000000000
59380  -52.734  -2.751  43.671 0.0000000000
59381  -52.808  -2.674  43.182 0.0000000000
59382  -52.296  -2.322  43.395 0.0000000000
59383  -50.124  -1.305  42.511 0.0000000000
59384  -50.855  -1.718  42.516 0.0000000000
59385  -49.961  -1.514  42.018 0.0000000000
59386  -49.823  -1.723  41.575 0.0000000000
59387  -49.044  -1.287  41.568 0.0000000000
59388  -39.757  1.362  39.613 0.0000000000
59389  -40.387  0.871  39.479 0.0000000000
59390  -39.713  1.190  39.188 0.0000000000
59403  -40.208  10.045  46.461 0.0000000000
59404  -39.993  9.686  45.945 0.0000000000
59405  -40.284  10.319  45.833 0.0000000000
59406  -40.741  11.345  44.221 0.0000000000
59407  -40.361  10.740  44.418 0.0000000000
59408  -40.303  10.872  43.765 0.0000000000
63835  -36.273  5.990  55.568 0.0000000000
63836  -36.805  6.514  55.526 0.0000000000
63837  -36.403  6.864  55.541 0.0000000000
63838  -36.157  8.769  55.252 0.0000000000
63839  -36.625  8.548  55.147 0.0000000000
63840  -36.599  9.374  54.907 0.0000000000
63841  -36.956  10.081  54.514 0.0000000000
63842  -36.557  10.329  54.597 0.0000000000
63844  -34.901  9.261  55.204 0.0000000000
65162  -46.421  -11.305  44.207 0.0000000000
65163  -47.217  -10.886  44.766 0.0000000000
65164  -46.795  -11.152  44.942 0.0000000000
65165  -47.247  -10.890  46.531 0.0000000000
65166  -47.653  -10.719  46.329 0.0000000000
65167  -47.879  -10.543  47.034 0.0000000000
65168  -48.613  -10.044  47.408 0.0000000000
65169  -48.189  -10.269  47.591 0.0000000000
65173  -47.492  -9.892  48.943 0.0000000000
65174  -47.449  -10.246  48.458 0.0000000000
65175  -47.953  -9.760  48.704 0.0000000000
65176  -48.380  -9.630  48.503 0.0000000000
65177  -48.379  -9.203  48.773 0.0000000000
65178  -48.618  -8.609  48.733 0.0000000000
65179  -48.204  -8.798  48.925 0.0000000000
65180  -47.258  -8.273  48.746 0.0000000000
65181  -47.733  -8.098  48.634 0.0000000000
65182  -47.437  -7.791  48.232 0.0000000000
65183  -47.617  -7.271  47.611 0.0000000000
65184  -47.127  -7.533  47.682 0.0000000000
65185  -37.636  -8.017  48.783 0.0000000000
65186  -38.023  -7.930  48.468 0.0000000000
65187  -37.436  -8.077  47.863 0.0000000000
65188  -36.393  -7.950  45.397 0.0000000000
65189  -36.979  -7.994  45.971 0.0000000000
65190  -36.849  -7.747  44.940 0.0000000000
65191  -37.288  -7.553  44.526 0.0000000000
65192  -36.704  -7.424  44.058 0.0000000000
65199  -36.272  -6.518  42.938 0.0000000000
65295  -45.455  -11.762  43.728 0.0000000000
65296  -45.826  -11.521  43.513 0.0000000000
66580  -47.817  1.108  43.885 0.0000000000
66581  -47.585  0.886  43.407 0.0000000000
66582  -46.818  1.310  43.444 0.0000000000
66583  -44.042  1.771  42.791 0.0000000000
66584  -44.734  1.495  42.703 0.0000000000
66585  -43.724  1.526  42.347 0.0000000000
66586  -43.460  1.232  41.885 0.0000000000
66587  -42.801  1.537  41.909 0.0000000000
66588  -41.882  2.567  43.394 0.0000000000
66589  -42.425  2.344  43.159 0.0000000000
66590  -41.466  2.386  42.905 0.0000000000
66591  -39.801  2.253  41.711 0.0000000000
66592  -40.671  2.065  41.927 0.0000000000
66593  -40.406  1.928  41.477 0.0000000000
66594  -40.994  1.639  41.320 0.0000000000
66595  -40.174  1.782  40.988 0.0000000000
66596  -39.971  1.679  40.516 0.0000000000
66597  -39.332  2.105  40.744 0.0000000000
66598  -37.672  3.645  40.813 0.0000000000
66599  -38.002  3.009  40.439 0.0000000000
66600  -37.564  3.610  40.339 0.0000000000
66601  -37.567  3.557  39.828 0.0000000000
66602  -37.331  4.239  40.224 0.0000000000
66603  -42.683  15.334  44.860 0.0000000000
66604  -42.739  14.745  44.423 0.0000000000
66605  -42.797  15.542  44.143 0.0000000000
70578  -43.059  -8.192  53.819 0.0000000000
70582  -41.380  -7.337  53.671 0.0000000000
70583  -40.978  -7.258  52.934 0.0000000000
70584  -40.602  -7.258  53.302 0.0000000000
70606  -39.242  -7.543  52.445 0.0000000000
70607  -38.538  -7.742  51.986 0.0000000000
70608  -38.163  -7.897  50.858 0.0000000000
70609  -37.846  -7.958  51.295 0.0000000000
70610  -36.049  -8.554  50.623 0.0000000000
70611  -36.452  -8.363  50.154 0.0000000000
70612  -35.784  -8.630  49.633 0.0000000000
70613  -35.580  -8.602  48.725 0.0000000000
70614  -35.167  -8.758  48.988 0.0000000000
70619  -33.749  -9.455  49.524 0.0000000000
70620  -33.512  -9.318  48.734 0.0000000000
70621  -33.904  -9.111  48.275 0.0000000000
71980  -40.637  3.890  48.195 0.0000000000
71981  -40.273  4.211  47.681 0.0000000000
71982  -40.143  4.353  48.163 0.0000000000
71983  -39.376  5.757  48.786 0.0000000000
71984  -39.476  5.559  48.254 0.0000000000
71985  -39.326  6.213  48.274 0.0000000000
71986  -39.355  6.645  47.820 0.0000000000
71987  -39.355  6.882  48.294 0.0000000000
71990  -39.081  6.892  50.494 0.0000000000
71991  -39.642  8.642  49.358 0.0000000000
71992  -39.408  7.936  49.321 0.0000000000
71993  -39.639  8.430  48.812 0.0000000000
71994  -39.566  8.155  48.302 0.0000000000
71995  -39.823  8.930  48.291 0.0000000000
71996  -39.959  9.322  47.659 0.0000000000
71997  -40.113  9.696  48.234 0.0000000000
71998  -40.852  11.368  48.485 0.0000000000
71999  -40.710  11.140  47.967 0.0000000000
72000  -41.045  11.771  47.795 0.0000000000
72001  -41.294  12.148  47.043 0.0000000000
72002  -41.378  12.439  47.552 0.0000000000
72003  -37.646  7.800  54.966 0.0000000000
72004  -38.092  7.565  54.809 0.0000000000
72005  -38.076  8.432  54.549 0.0000000000
72006  -38.738  10.502  52.974 0.0000000000
72007  -38.803  9.647  53.407 0.0000000000
72008  -39.108  10.249  52.725 0.0000000000
72009  -39.415  9.958  52.424 0.0000000000
72010  -39.394  10.828  52.046 0.0000000000
72012  -38.336  13.389  51.570 0.0000000000
72013  -38.614  13.936  50.915 0.0000000000
72014  -39.820  13.800  49.874 0.0000000000
72015  -39.460  13.206  50.562 0.0000000000
72016  -39.837  12.871  50.309 0.0000000000
72017  -39.868  12.026  50.686 0.0000000000
72018  -40.201  12.588  50.017 0.0000000000
72019  -40.514  12.246  49.721 0.0000000000
72020  -40.612  13.059  49.322 0.0000000000
72021  -41.443  14.648  47.663 0.0000000000
72022  -41.379  13.848  48.017 0.0000000000
72023  -41.757  14.231  47.316 0.0000000000
72024  -41.935  13.785  46.963 0.0000000000
72025  -42.083  14.586  46.691 0.0000000000
72026  -42.337  14.937  46.099 0.0000000000
72027  -42.089  15.468  46.427 0.0000000000
72028  -40.978  17.066  45.775 0.0000000000
72029  -41.567  16.815  45.607 0.0000000000
72030  -41.142  17.381  45.116 0.0000000000
72031  -41.311  17.620  44.510 0.0000000000
72032  -40.619  17.861  44.651 0.0000000000
72034  -38.880  18.010  46.216 0.0000000000
72035  -38.406  18.657  45.853 0.0000000000
72037  -38.733  19.086  44.522 0.0000000000
72038  -38.970  19.244  43.949 0.0000000000
72039  -39.624  18.941  43.764 0.0000000000
72040  -39.160  19.481  43.369 0.0000000000
75965  -52.477  -6.888  41.817 0.0000000000
75966  -52.806  -6.638  41.454 0.0000000000
75967  -53.076  -6.365  42.045 0.0000000000
75968  -53.512  -5.799  42.253 0.0000000000
75969  -53.239  -6.042  42.609 0.0000000000
75970  -51.264  -7.766  43.382 0.0000000000
75971  -51.543  -7.580  43.006 0.0000000000
75972  -51.872  -7.278  43.622 0.0000000000
75973  -52.848  -5.617  44.467 0.0000000000
75974  -52.806  -6.057  43.993 0.0000000000
75975  -53.059  -5.381  44.007 0.0000000000
75976  -53.283  -5.185  43.576 0.0000000000
75977  -53.199  -4.631  44.008 0.0000000000
75978  -53.202  -3.959  43.956 0.0000000000
75979  -53.012  -4.153  44.367 0.0000000000
75980  -52.207  -3.284  45.301 0.0000000000
75981  -52.360  -3.149  44.898 0.0000000000
75982  -51.954  -2.564  45.102 0.0000000000
75983  -51.595  -1.866  44.798 0.0000000000
75984  -51.489  -1.928  45.237 0.0000000000
75985  -48.812  -10.017  45.691 0.0000000000
75986  -49.184  -9.718  45.491 0.0000000000
75987  -49.512  -9.576  46.153 0.0000000000
75988  -50.799  -7.931  47.312 0.0000000000
75989  -50.709  -8.361  46.819 0.0000000000
75990  -51.154  -7.589  47.050 0.0000000000
75991  -51.411  -7.310  46.776 0.0000000000
75992  -51.384  -6.849  47.179 0.0000000000
75993  -50.127  -5.920  47.930 0.0000000000
75994  -50.406  -6.545  47.998 0.0000000000
75995  -50.411  -5.548  47.729 0.0000000000
75996  -50.851  -3.931  47.193 0.0000000000
75997  -50.995  -4.809  47.386 0.0000000000
75998  -51.251  -4.547  47.170 0.0000000000
75999  -51.590  -5.106  47.030 0.0000000000
76000  -51.476  -4.315  46.896 0.0000000000
76001  -51.693  -4.010  46.559 0.0000000000
76002  -51.321  -3.294  46.662 0.0000000000
76003  -50.271  -0.928  45.995 0.0000000000
76004  -50.831  -1.592  46.015 0.0000000000
76005  -50.402  -0.792  45.626 0.0000000000
76006  -50.512  -0.706  45.290 0.0000000000
76007  -49.897  -0.066  45.234 0.0000000000
76008  -49.370  0.453  44.855 0.0000000000
76009  -49.358  0.484  45.234 0.0000000000
76032  -42.880  -10.823  50.509 0.0000000000
76033  -44.443  -9.735  51.283 0.0000000000
76034  -44.268  -10.265  50.883 0.0000000000
76035  -44.823  -9.904  50.920 0.0000000000
76036  -45.222  -10.038  50.536 0.0000000000
76037  -45.225  -9.476  50.774 0.0000000000
76038  -43.637  -7.938  51.551 0.0000000000
76039  -44.165  -8.433  51.555 0.0000000000
76040  -43.973  -8.135  51.094 0.0000000000
76041  -44.616  -8.135  49.601 0.0000000000
76042  -44.697  -8.316  50.409 0.0000000000
76043  -45.135  -8.411  49.990 0.0000000000
76044  -45.519  -8.692  50.263 0.0000000000
76045  -45.551  -8.460  49.676 0.0000000000
76046  -45.972  -8.439  49.390 0.0000000000
76047  -45.532  -8.179  48.992 0.0000000000
76048  -45.195  -7.357  46.832 0.0000000000
76049  -45.610  -7.656  47.416 0.0000000000
76050  -45.702  -7.203  46.645 0.0000000000
76051  -46.239  -7.013  46.509 0.0000000000
76052  -45.914  -6.654  45.860 0.0000000000
76053  -38.850  -7.754  47.434 0.0000000000
76054  -39.455  -7.612  48.030 0.0000000000
76055  -39.277  -7.687  47.008 0.0000000000
76056  -40.284  -7.343  45.094 0.0000000000
76057  -40.253  -7.563  46.123 0.0000000000
76058  -40.856  -7.427  45.641 0.0000000000
76059  -41.406  -7.472  46.281 0.0000000000
76060  -41.380  -7.240  45.256 0.0000000000
76061  -39.800  -5.492  42.580 0.0000000000
76062  -39.975  -6.097  42.976 0.0000000000
76063  -40.544  -5.700  42.845 0.0000000000
76064  -42.561  -5.741  43.350 0.0000000000
76065  -41.969  -6.208  43.465 0.0000000000
76066  -42.568  -6.366  43.854 0.0000000000
76067  -42.564  -6.806  44.571 0.0000000000
76068  -43.160  -6.556  44.380 0.0000000000
76069  -43.799  -6.686  44.821 0.0000000000
76070  -43.778  -6.273  44.219 0.0000000000
76071  -44.690  -4.463  43.921 0.0000000000
76072  -44.899  -5.296  44.091 0.0000000000
76073  -45.325  -4.662  44.270 0.0000000000
76074  -45.896  -4.969  44.772 0.0000000000
76075  -45.662  -4.106  44.525 0.0000000000
76076  -45.913  -3.391  44.918 0.0000000000
76077  -45.331  -3.158  44.556 0.0000000000
76145  -34.048  4.267  54.940 0.0000000000
76146  -34.590  4.635  55.299 0.0000000000
76147  -34.158  4.949  55.246 0.0000000000
76148  -34.265  5.616  55.467 0.0000000000
76149  -33.695  5.148  55.230 0.0000000000
76150  -31.982  2.939  53.126 0.0000000000
76151  -32.514  3.294  53.542 0.0000000000
76152  -32.099  3.491  53.567 0.0000000000
76153  -31.747  5.110  54.386 0.0000000000
76154  -32.157  4.806  54.415 0.0000000000
76155  -32.240  5.413  54.773 0.0000000000
76156  -32.801  5.761  55.078 0.0000000000
76157  -32.378  5.992  55.071 0.0000000000
76158  -32.538  6.628  55.237 0.0000000000
76159  -32.061  6.349  54.952 0.0000000000
76160  -30.684  6.984  54.741 0.0000000000
76161  -31.188  7.164  54.989 0.0000000000
76162  -30.775  7.592  54.891 0.0000000000
76163  -30.882  8.152  54.899 0.0000000000
76164  -30.329  8.050  54.694 0.0000000000
76771  -29.953  8.262  54.224 0.0000000000
76772  -29.801  7.719  54.304 0.0000000000
76773  -28.895  6.655  53.399 0.0000000000
76774  -28.897  7.264  53.576 0.0000000000
76775  -28.516  6.966  53.062 0.0000000000
76776  -28.157  7.239  52.740 0.0000000000
76777  -28.112  6.545  52.544 0.0000000000
76778  -28.499  3.949  51.989 0.0000000000
76779  -28.681  4.534  52.557 0.0000000000
76780  -28.225  4.286  51.853 0.0000000000
76781  -27.298  4.770  50.862 0.0000000000
76782  -27.681  4.987  51.513 0.0000000000
76783  -27.304  5.373  51.284 0.0000000000
76784  -27.313  5.961  51.587 0.0000000000
76785  -26.952  5.659  51.130 0.0000000000
76786  -26.599  5.990  50.854 0.0000000000
76787  -26.589  5.417  50.499 0.0000000000
76788  -25.819  4.482  48.776 0.0000000000
76789  -25.821  4.981  49.255 0.0000000000
80223  -52.959  -2.713  42.188 0.0000000000
80224  -53.540  -3.028  41.973 0.0000000000
80225  -52.945  -2.751  41.648 0.0000000000
80238  -47.117  0.365  42.492 0.0000000000
80239  -47.870  -0.055  42.467 0.0000000000
80240  -46.865  0.070  42.022 0.0000000000
80241  -45.399  -0.432  40.716 0.0000000000
80242  -46.385  -0.438  41.103 0.0000000000
80243  -46.187  -0.681  40.667 0.0000000000
80244  -47.019  -0.970  40.616 0.0000000000
80245  -45.967  -0.952  40.153 0.0000000000
80246  -41.705  -0.029  39.296 0.0000000000
80247  -42.542  -0.221  39.638 0.0000000000
80283  -39.505  4.746  46.617 0.0000000000
80284  -39.557  4.358  46.012 0.0000000000
80285  -39.271  5.044  46.050 0.0000000000
80286  -38.789  6.241  45.041 0.0000000000
80287  -38.747  5.494  45.085 0.0000000000
80288  -38.572  5.750  44.570 0.0000000000
80289  -38.459  5.171  44.075 0.0000000000
80290  -38.383  5.950  44.055 0.0000000000
80291  -39.391  8.979  44.852 0.0000000000
80292  -39.204  8.374  44.906 0.0000000000
80293  -39.126  8.585  44.326 0.0000000000
80294  -38.375  7.650  42.798 0.0000000000
80295  -38.439  7.573  43.373 0.0000000000
80296  -38.168  6.994  42.947 0.0000000000
80297  -38.029  6.258  43.052 0.0000000000
80298  -37.915  6.369  42.492 0.0000000000
80299  -37.709  5.698  42.087 0.0000000000
80300  -37.824  6.411  41.982 0.0000000000
80301  -37.690  6.939  40.659 0.0000000000
80302  -37.552  6.416  40.886 0.0000000000
80303  -37.427  6.251  40.276 0.0000000000
80304  -37.208  5.569  39.907 0.0000000000
92257  -31.931  8.529  55.023 0.0000000000
92806  -42.398  3.115  45.717 0.0000000000
92807  -41.989  3.100  45.124 0.0000000000
92808  -41.600  3.249  45.446 0.0000000000
92809  -40.762  3.393  45.190 0.0000000000
92810  -39.940  3.652  45.053 0.0000000000
93890  -38.687  7.154  54.078 0.0000000000
94682  -48.418  -9.532  42.919 0.0000000000
94683  -49.212  -9.125  43.387 0.0000000000
94684  -48.925  -9.422  43.627 0.0000000000
94685  -49.404  -9.289  44.366 0.0000000000
94686  -49.791  -9.153  45.057 0.0000000000
94687  -48.508  -6.423  47.580 0.0000000000
94688  -48.877  -6.045  47.551 0.0000000000
94689  -48.540  -5.556  47.103 0.0000000000
94696  -41.540  -7.274  52.105 0.0000000000
94697  -41.756  -7.314  51.678 0.0000000000
94698  -41.201  -7.287  51.166 0.0000000000
94699  -40.892  -7.327  50.281 0.0000000000
94700  -40.623  -7.460  49.141 0.0000000000
94755  -44.642  -11.993  42.090 0.0000000000
94756  -44.086  -12.200  41.419 0.0000000000
94757  -44.992  -11.671  41.878 0.0000000000
94758  -45.329  -11.321  41.704 0.0000000000
94759  -45.664  -10.969  41.515 0.0000000000
94760  -45.984  -10.655  41.306 0.0000000000
94761  -46.619  -10.401  42.015 0.0000000000
94762  -47.469  -9.986  42.493 0.0000000000
94843  -29.064  2.229  50.562 0.0000000000
95533  -51.687  -1.817  43.983 0.0000000000
95534  -51.687  -1.859  43.478 0.0000000000
95535  -51.070  -1.435  43.581 0.0000000000
95536  -50.287  -1.132  43.056 0.0000000000
95537  -49.409  -0.955  42.537 0.0000000000
95538  -38.488  2.236  39.194 0.0000000000
95539  -39.037  1.654  38.948 0.0000000000
95540  -38.482  2.091  38.697 0.0000000000
95547  -40.967  11.427  46.134 0.0000000000
95548  -40.664  10.994  45.650 0.0000000000
95549  -41.079  11.622  45.450 0.0000000000
95550  -41.168  11.808  44.722 0.0000000000
95551  -41.170  11.960  44.007 0.0000000000
98206  -35.374  6.508  55.695 0.0000000000
98207  -35.975  7.149  55.580 0.0000000000
98208  -35.540  7.326  55.598 0.0000000000
98209  -35.651  8.118  55.452 0.0000000000
98210  -35.764  8.932  55.292 0.0000000000
99003  -46.388  -11.372  45.151 0.0000000000
99007  -45.832  -10.862  48.739 0.0000000000
99008  -46.361  -10.778  48.448 0.0000000000
99009  -46.440  -10.408  49.019 0.0000000000
99010  -47.049  -9.997  49.207 0.0000000000
99011  -47.451  -9.440  49.213 0.0000000000
99012  -47.803  -8.966  49.114 0.0000000000
99013  -47.346  -9.066  49.326 0.0000000000
99014  -47.171  -8.682  49.229 0.0000000000
99015  -46.842  -8.374  48.905 0.0000000000
99016  -36.379  -8.274  47.830 0.0000000000
99017  -36.763  -8.185  47.365 0.0000000000
99018  -36.163  -8.230  46.729 0.0000000000
99019  -35.964  -8.144  45.898 0.0000000000
99020  -35.774  -7.916  45.016 0.0000000000
99853  -46.422  1.886  44.079 0.0000000000
99854  -46.111  1.659  43.553 0.0000000000
99855  -45.417  2.016  43.712 0.0000000000
99856  -44.406  2.018  43.295 0.0000000000
99857  -43.518  1.988  42.949 0.0000000000
99858  -40.136  2.804  42.965 0.0000000000
99859  -40.572  2.524  42.693 0.0000000000
99860  -39.727  2.710  42.502 0.0000000000
99861  -39.340  2.594  42.026 0.0000000000
99862  -39.057  2.545  41.554 0.0000000000
99863  -38.805  2.511  41.066 0.0000000000
99864  -38.381  3.048  41.415 0.0000000000
99865  -37.890  3.663  41.311 0.0000000000
99866  -37.590  4.309  41.228 0.0000000000
99867  -42.388  16.965  44.111 0.0000000000
99868  -42.719  16.355  43.820 0.0000000000
99869  -42.524  17.104  43.464 0.0000000000
102270  -37.500  -8.093  51.860 0.0000000000
102273  -35.716  -8.775  51.109 0.0000000000
103094  -39.938  4.581  48.698 0.0000000000
103096  -39.445  5.403  49.236 0.0000000000
103097  -39.206  5.958  49.262 0.0000000000
103098  -39.308  7.808  51.192 0.0000000000
103099  -39.210  7.650  50.578 0.0000000000
103100  -39.524  8.377  50.572 0.0000000000
103101  -39.765  8.977  49.974 0.0000000000
103102  -39.940  9.471  49.375 0.0000000000
103103  -40.190  9.950  48.767 0.0000000000
103104  -40.258  10.235  49.288 0.0000000000
103105  -40.536  10.928  49.133 0.0000000000
103106  -40.805  11.648  48.912 0.0000000000
103107  -37.695  9.495  54.298 0.0000000000
103108  -38.091  9.315  54.175 0.0000000000
103109  -38.055  10.159  53.751 0.0000000000
103110  -38.388  10.737  53.231 0.0000000000
103111  -38.630  11.423  52.530 0.0000000000
103112  -38.758  15.351  49.844 0.0000000000
103113  -38.948  14.474  50.309 0.0000000000
103114  -39.327  15.023  49.606 0.0000000000
103115  -39.827  14.582  49.447 0.0000000000
103116  -40.282  14.260  49.194 0.0000000000
103117  -40.673  13.887  48.912 0.0000000000
103118  -40.711  14.642  48.527 0.0000000000
103119  -41.101  15.050  47.873 0.0000000000
103120  -41.374  15.397  47.332 0.0000000000
103121  -41.681  15.838  46.705 0.0000000000
103122  -41.191  16.134  46.904 0.0000000000
103123  -40.800  16.830  46.409 0.0000000000
103124  -40.301  17.343  45.892 0.0000000000
105484  -51.309  -7.557  40.900 0.0000000000
105485  -51.778  -7.338  41.551 0.0000000000
105486  -52.172  -7.127  42.208 0.0000000000
105487  -51.888  -7.236  44.591 0.0000000000
105488  -52.123  -6.978  44.229 0.0000000000
105489  -52.342  -6.560  44.809 0.0000000000
105490  -52.637  -5.868  44.888 0.0000000000
105491  -52.836  -5.050  44.818 0.0000000000
105492  -52.831  -4.358  44.772 0.0000000000
105493  -52.649  -4.610  45.182 0.0000000000
105494  -52.382  -4.143  45.498 0.0000000000
105495  -52.034  -3.489  45.746 0.0000000000
105496  -49.408  -9.517  46.972 0.0000000000
105497  -49.741  -9.270  46.779 0.0000000000
105498  -49.914  -8.996  47.325 0.0000000000
105499  -50.411  -8.284  47.562 0.0000000000
105500  -50.765  -7.554  47.748 0.0000000000
105502  -50.335  -4.608  47.588 0.0000000000
105504  -50.409  -3.288  47.184 0.0000000000
105505  -50.656  -2.966  46.958 0.0000000000
105506  -50.907  -2.691  46.684 0.0000000000
105507  -50.446  -1.997  46.654 0.0000000000
105508  -50.104  -1.089  46.363 0.0000000000
105523  -43.056  -10.347  51.553 0.0000000000
105524  -43.331  -10.479  51.097 0.0000000000
105525  -43.619  -10.011  51.731 0.0000000000
105526  -44.199  -9.671  51.632 0.0000000000
105527  -44.539  -9.336  51.544 0.0000000000
105528  -43.145  -7.704  49.950 0.0000000000
105529  -43.790  -7.974  50.409 0.0000000000
105530  -43.632  -7.789  49.628 0.0000000000
105531  -44.111  -7.884  49.205 0.0000000000
105532  -44.463  -7.966  48.886 0.0000000000
105533  -44.971  -8.002  48.531 0.0000000000
105534  -44.528  -7.700  48.047 0.0000000000
105535  -44.529  -7.512  47.084 0.0000000000
105536  -44.701  -7.141  46.152 0.0000000000
105537  -38.589  -7.596  45.277 0.0000000000
105538  -39.200  -7.588  45.897 0.0000000000
105539  -39.067  -7.432  44.908 0.0000000000
105540  -39.661  -7.278  44.617 0.0000000000
105541  -40.231  -6.997  44.183 0.0000000000
105542  -40.925  -4.585  42.774 0.0000000000
105543  -41.117  -5.314  42.883 0.0000000000
105544  -41.690  -4.790  42.907 0.0000000000
105545  -42.406  -5.077  43.057 0.0000000000
105546  -43.120  -5.257  43.347 0.0000000000
105547  -43.728  -5.560  43.705 0.0000000000
105548  -43.603  -4.774  43.388 0.0000000000
105549  -44.008  -4.146  43.651 0.0000000000
105550  -44.386  -3.593  43.887 0.0000000000
105551  -44.670  -2.920  44.293 0.0000000000
105594  -33.567  3.965  54.516 0.0000000000
105595  -31.134  3.697  53.144 0.0000000000
105596  -31.638  3.899  53.562 0.0000000000
105597  -31.243  4.261  53.523 0.0000000000
105598  -31.333  4.834  53.996 0.0000000000
105599  -31.443  5.464  54.410 0.0000000000
105600  -31.573  6.143  54.750 0.0000000000
105601  -31.045  5.897  54.469 0.0000000000
105602  -30.555  6.379  54.506 0.0000000000
105603  -30.171  6.805  54.441 0.0000000000
105717  -47.205  -9.665  40.359 0.0000000000
105967  -29.687  7.126  54.249 0.0000000000
105968  -29.647  6.505  54.030 0.0000000000
105969  -29.227  6.253  53.572 0.0000000000
105970  -28.840  5.902  53.097 0.0000000000
105971  -27.746  3.570  50.678 0.0000000000
105972  -27.898  4.112  51.236 0.0000000000
105973  -27.501  3.926  50.502 0.0000000000
105974  -27.239  4.253  50.360 0.0000000000
105975  -26.936  4.596  50.194 0.0000000000
105976  -26.579  4.914  50.079 0.0000000000
105977  -26.557  4.402  49.506 0.0000000000
105978  -26.173  4.108  48.854 0.0000000000
105979  -25.770  3.973  48.348 0.0000000000
108039  -51.415  -2.380  41.425 0.0000000000
108040  -52.153  -2.634  41.240 0.0000000000
108041  -51.306  -2.465  40.886 0.0000000000
108048  -45.025  0.465  41.725 0.0000000000
108049  -45.845  0.096  41.631 0.0000000000
108050  -44.845  0.127  41.258 0.0000000000
108051  -44.623  -0.152  40.796 0.0000000000
108052  -44.369  -0.421  40.341 0.0000000000
108075  -39.305  6.090  46.679 0.0000000000
108076  -39.095  5.686  46.104 0.0000000000
108077  -39.134  6.353  46.161 0.0000000000
108078  -39.034  6.731  45.576 0.0000000000
108079  -38.900  6.990  45.056 0.0000000000
108080  -39.301  9.209  43.583 0.0000000000
108081  -39.039  8.688  43.682 0.0000000000
108082  -38.920  8.765  43.110 0.0000000000
108083  -38.641  8.203  42.638 0.0000000000
108084  -38.336  7.639  42.216 0.0000000000
108085  -38.009  7.100  41.812 0.0000000000
108086  -38.228  7.647  41.632 0.0000000000
115423  -33.654  7.344  55.496 0.0000000000
115424  -34.210  7.893  55.511 0.0000000000
115425  -33.786  8.039  55.489 0.0000000000
115426  -33.954  8.852  55.231 0.0000000000
116050  -45.439  -10.862  49.010 0.0000000000
116051  -45.697  -10.469  49.565 0.0000000000
116052  -45.819  -10.072  49.935 0.0000000000
116053  -33.884  -8.637  46.123 0.0000000000
116054  -34.301  -8.385  45.522 0.0000000000
116705  -43.808  2.592  44.001 0.0000000000
116706  -43.343  2.754  44.204 0.0000000000
116707  -42.408  2.738  43.924 0.0000000000
116708  -41.477  2.802  43.694 0.0000000000
116709  -41.502  3.030  44.503 0.0000000000
116710  -41.025  2.961  43.972 0.0000000000
116711  -40.552  2.863  43.495 0.0000000000
116712  -39.742  3.083  43.341 0.0000000000
116713  -38.985  3.495  43.230 0.0000000000
116714  -38.393  4.083  43.108 0.0000000000
119231  -39.170  7.257  51.769 0.0000000000
119232  -39.381  8.029  51.752 0.0000000000
119233  -39.600  8.774  51.714 0.0000000000
119234  -39.836  9.528  51.537 0.0000000000
119245  -39.093  16.917  48.101 0.0000000000
119246  -39.253  17.173  47.435 0.0000000000
121082  -49.576  -8.528  41.721 0.0000000000
121083  -50.357  -8.149  42.050 0.0000000000
121084  -50.071  -8.346  42.428 0.0000000000
121085  -50.552  -8.157  43.113 0.0000000000
121086  -50.980  -8.001  43.752 0.0000000000
121087  -49.980  -8.706  43.782 0.0000000000
121088  -50.693  -8.271  44.115 0.0000000000
121089  -51.379  -7.761  44.367 0.0000000000
121090  -51.655  -7.506  44.952 0.0000000000
121091  -51.868  -7.083  45.556 0.0000000000
121092  -51.945  -6.667  46.054 0.0000000000
121093  -49.444  -8.091  48.390 0.0000000000
121094  -49.857  -7.722  48.255 0.0000000000
121095  -49.696  -7.209  48.254 0.0000000000
121096  -49.788  -6.344  48.076 0.0000000000
121097  -49.793  -5.518  47.800 0.0000000000
121098  -49.233  -5.574  47.514 0.0000000000
121114  -43.515  -8.479  52.925 0.0000000000
121115  -43.806  -8.606  52.455 0.0000000000
121116  -43.506  -8.136  52.494 0.0000000000
121117  -43.303  -7.809  52.026 0.0000000000
121118  -43.016  -7.693  51.245 0.0000000000
121119  -42.135  -7.431  51.218 0.0000000000
121120  -42.416  -7.478  50.731 0.0000000000
121121  -42.812  -7.599  50.286 0.0000000000
121122  -42.553  -7.541  49.462 0.0000000000
121123  -42.357  -7.541  48.410 0.0000000000
121124  -42.320  -7.497  47.422 0.0000000000
121125  -38.010  -6.006  42.547 0.0000000000
121126  -38.728  -6.248  42.740 0.0000000000
121127  -38.524  -5.647  42.427 0.0000000000
121128  -39.081  -5.163  42.387 0.0000000000
121129  -39.618  -4.773  42.451 0.0000000000
121131  -39.378  -4.050  42.563 0.0000000000
121132  -40.152  -4.309  42.597 0.0000000000
121133  -40.727  -3.867  42.852 0.0000000000
121134  -41.135  -3.424  43.141 0.0000000000
121170  -31.366  2.673  52.642 0.0000000000
121172  -30.895  2.397  52.156 0.0000000000
121173  -31.010  3.035  52.672 0.0000000000
121174  -30.684  3.470  52.778 0.0000000000
121175  -30.284  3.821  52.823 0.0000000000
121176  -29.872  4.192  52.956 0.0000000000
121256  -43.532  -12.383  40.798 0.0000000000
121265  -46.024  -10.393  40.144 0.0000000000
121266  -46.299  -10.363  41.092 0.0000000000
121267  -46.612  -10.076  40.865 0.0000000000
121268  -46.910  -9.860  40.620 0.0000000000
121269  -47.785  -9.385  41.059 0.0000000000
121270  -48.674  -8.933  41.426 0.0000000000
121459  -29.410  4.520  53.055 0.0000000000
121460  -29.299  3.947  52.573 0.0000000000
121461  -28.805  3.621  52.003 0.0000000000
121462  -28.369  3.361  51.378 0.0000000000
121463  -28.710  2.507  50.678 0.0000000000
121464  -28.267  2.786  50.731 0.0000000000
121465  -27.940  3.205  50.786 0.0000000000
121466  -27.596  3.021  50.067 0.0000000000
121467  -27.246  2.899  49.381 0.0000000000
121468  -26.891  2.744  48.756 0.0000000000
123067  -53.544  -3.671  43.165 0.0000000000
123068  -53.717  -3.536  42.688 0.0000000000
123069  -53.311  -3.113  42.982 0.0000000000
123070  -52.902  -2.688  42.692 0.0000000000
123071  -52.295  -2.418  42.343 0.0000000000
123072  -51.648  -1.933  42.983 0.0000000000
123073  -51.574  -2.111  42.503 0.0000000000
123074  -51.520  -2.254  41.976 0.0000000000
123075  -50.622  -2.095  41.506 0.0000000000
123076  -49.730  -1.897  41.060 0.0000000000
123077  -48.690  -1.661  40.586 0.0000000000
123078  -41.270  0.847  40.235 0.0000000000
123079  -41.998  0.446  40.118 0.0000000000
123080  -41.191  0.590  39.792 0.0000000000
123081  -41.016  0.392  39.385 0.0000000000
123083  -39.646  1.054  38.768 0.0000000000
123099  -39.745  8.752  46.615 0.0000000000
123100  -39.529  8.400  46.068 0.0000000000
123101  -39.748  9.043  46.009 0.0000000000
123102  -39.694  9.357  45.380 0.0000000000
123103  -39.627  9.610  44.749 0.0000000000
123104  -40.340  10.516  45.136 0.0000000000
123105  -39.940  10.161  44.610 0.0000000000
123106  -39.599  9.679  44.127 0.0000000000
123107  -39.614  9.781  43.487 0.0000000000
129243  -37.117  6.357  55.482 0.0000000000
129244  -37.228  7.159  55.328 0.0000000000
129245  -37.306  8.023  55.077 0.0000000000
129246  -36.511  7.699  55.383 0.0000000000
129247  -36.964  8.329  55.111 0.0000000000
129248  -37.332  8.912  54.756 0.0000000000
129249  -37.342  9.839  54.369 0.0000000000
129250  -37.255  10.744  54.016 0.0000000000
129251  -37.137  11.662  53.601 0.0000000000
129252  -34.772  8.485  55.460 0.0000000000
129253  -35.335  9.084  55.334 0.0000000000
129254  -35.829  9.745  55.019 0.0000000000
129257  -36.167  10.543  54.658 0.0000000000
130922  -47.114  -10.745  43.769 0.0000000000
130923  -47.971  -10.313  44.298 0.0000000000
130924  -47.615  -10.592  44.521 0.0000000000
130925  -48.094  -10.430  45.223 0.0000000000
130926  -48.414  -10.320  45.893 0.0000000000
130927  -47.305  -10.897  45.673 0.0000000000
130928  -48.029  -10.541  46.126 0.0000000000
130929  -48.715  -10.102  46.574 0.0000000000
130930  -49.022  -9.787  47.202 0.0000000000
130931  -49.173  -9.530  47.712 0.0000000000
130932  -49.226  -9.115  48.168 0.0000000000
130935  -47.030  -10.920  47.417 0.0000000000
130936  -46.837  -10.705  48.192 0.0000000000
130937  -47.287  -10.603  47.986 0.0000000000
130938  -47.724  -10.452  47.791 0.0000000000
130939  -48.307  -9.933  48.073 0.0000000000
130940  -48.754  -9.397  48.332 0.0000000000
130941  -49.200  -8.818  48.432 0.0000000000
130942  -49.002  -8.418  48.527 0.0000000000
130943  -48.883  -7.846  48.571 0.0000000000
130944  -48.659  -7.553  48.371 0.0000000000
130945  -48.026  -8.400  48.853 0.0000000000
130946  -48.206  -7.866  48.519 0.0000000000
130947  -48.443  -7.181  48.018 0.0000000000
130948  -48.102  -6.846  47.595 0.0000000000
130949  -47.718  -6.547  47.042 0.0000000000
130950  -47.331  -6.167  46.518 0.0000000000
130951  -38.908  -7.649  50.069 0.0000000000
130952  -39.230  -7.597  49.619 0.0000000000
130953  -38.631  -7.736  48.857 0.0000000000
130954  -38.346  -7.819  47.951 0.0000000000
130955  -38.229  -7.818  46.796 0.0000000000
130956  -37.217  -8.024  46.768 0.0000000000
130957  -37.683  -7.900  46.314 0.0000000000
130958  -38.111  -7.753  45.718 0.0000000000
130959  -37.933  -7.585  44.879 0.0000000000
130960  -37.797  -7.311  44.066 0.0000000000
130961  -37.650  -6.918  43.312 0.0000000000
130962  -34.690  -8.168  45.146 0.0000000000
130963  -35.117  -7.897  44.717 0.0000000000
130964  -35.566  -7.639  44.329 0.0000000000
130966  -35.363  -7.215  43.700 0.0000000000
130967  -36.010  -7.334  43.863 0.0000000000
130968  -36.483  -7.011  43.407 0.0000000000
130969  -36.974  -6.728  43.057 0.0000000000
130970  -37.469  -6.349  42.781 0.0000000000
130971  -37.248  -5.713  42.496 0.0000000000
131090  -44.296  -12.265  42.321 0.0000000000
131091  -45.290  -11.713  42.808 0.0000000000
131092  -46.207  -11.224  43.301 0.0000000000
132718  -49.181  0.185  43.993 0.0000000000
132719  -49.036  -0.002  43.504 0.0000000000
132720  -48.326  0.472  43.454 0.0000000000
132721  -47.349  0.627  42.928 0.0000000000
132722  -46.308  0.707  42.495 0.0000000000
132723  -45.805  1.416  43.081 0.0000000000
132724  -45.479  1.122  42.631 0.0000000000
132725  -45.225  0.776  42.158 0.0000000000
132726  -44.208  0.860  41.826 0.0000000000
132727  -43.255  0.915  41.423 0.0000000000
132728  -42.273  1.005  41.017 0.0000000000
132729  -43.396  2.376  43.496 0.0000000000
132730  -42.948  2.181  43.013 0.0000000000
132731  -42.581  1.951  42.585 0.0000000000
132732  -41.061  2.231  42.393 0.0000000000
132733  -41.618  1.982  42.262 0.0000000000
132734  -42.184  1.765  42.082 0.0000000000
132735  -41.888  1.570  41.632 0.0000000000
132736  -41.634  1.361  41.155 0.0000000000
132737  -41.417  1.119  40.680 0.0000000000
132738  -40.596  1.259  40.325 0.0000000000
132739  -39.842  1.525  40.047 0.0000000000
132740  -39.088  1.911  39.810 0.0000000000
132741  -38.634  2.466  40.571 0.0000000000
132742  -38.483  2.456  40.070 0.0000000000
132743  -38.425  2.402  39.611 0.0000000000
132744  -37.947  2.938  39.468 0.0000000000
132745  -37.554  3.492  39.334 0.0000000000
132746  -37.216  4.067  39.153 0.0000000000
132747  -42.457  13.908  45.285 0.0000000000
132748  -42.342  13.443  44.771 0.0000000000
132749  -42.608  14.009  44.638 0.0000000000
132750  -42.655  14.121  43.944 0.0000000000
137770  -42.806  -10.234  52.019 0.0000000000
137771  -43.227  -9.789  52.501 0.0000000000
137772  -43.406  -9.288  52.895 0.0000000000
137780  -43.260  -9.213  53.333 0.0000000000
137781  -43.434  -8.873  53.143 0.0000000000
137782  -43.282  -8.326  53.415 0.0000000000
137783  -42.957  -7.865  53.481 0.0000000000
137784  -42.382  -7.570  53.097 0.0000000000
137786  -42.125  -7.555  53.562 0.0000000000
137787  -41.825  -7.365  52.849 0.0000000000
137788  -41.345  -7.301  52.454 0.0000000000
137789  -40.580  -7.270  52.114 0.0000000000
137790  -39.931  -7.377  51.582 0.0000000000
137815  -39.938  -7.388  52.931 0.0000000000
137816  -39.536  -7.439  52.115 0.0000000000
137817  -39.204  -7.528  51.008 0.0000000000
137818  -38.528  -7.683  50.566 0.0000000000
137819  -37.957  -7.969  49.898 0.0000000000
137820  -37.199  -8.151  49.370 0.0000000000
137821  -37.173  -8.139  50.796 0.0000000000
137822  -36.874  -8.241  49.640 0.0000000000
137823  -36.606  -8.310  48.712 0.0000000000
137824  -35.930  -8.441  48.146 0.0000000000
137825  -35.355  -8.530  47.743 0.0000000000
137826  -34.736  -8.679  47.375 0.0000000000
137829  -35.010  -9.009  50.507 0.0000000000
137831  -34.358  -9.230  50.055 0.0000000000
137832  -34.717  -8.963  49.504 0.0000000000
137833  -34.496  -8.941  48.620 0.0000000000
137834  -34.291  -8.865  47.786 0.0000000000
137835  -34.105  -8.747  46.899 0.0000000000
139495  -41.158  3.620  47.261 0.0000000000
139496  -40.699  3.742  46.669 0.0000000000
139497  -40.466  3.952  47.174 0.0000000000
139498  -39.892  4.450  47.106 0.0000000000
139499  -39.489  5.054  47.202 0.0000000000
139500  -39.723  4.938  48.175 0.0000000000
139501  -39.494  5.276  47.656 0.0000000000
139502  -39.387  5.722  47.178 0.0000000000
139503  -39.359  6.365  47.211 0.0000000000
139504  -39.413  6.990  47.283 0.0000000000
139505  -39.518  7.692  47.243 0.0000000000
139507  -38.999  6.116  49.821 0.0000000000
139508  -39.126  6.584  49.267 0.0000000000
139509  -39.229  7.464  49.866 0.0000000000
139510  -39.177  7.285  49.299 0.0000000000
139511  -39.293  7.098  48.755 0.0000000000
139512  -39.427  7.525  48.273 0.0000000000
139513  -39.554  7.936  47.752 0.0000000000
139514  -39.662  8.344  47.205 0.0000000000
139515  -39.863  8.994  47.152 0.0000000000
139516  -40.117  9.701  47.056 0.0000000000
139517  -40.365  10.442  46.952 0.0000000000
139518  -40.414  10.393  48.158 0.0000000000
139519  -40.575  10.866  47.452 0.0000000000
139520  -40.754  11.160  46.813 0.0000000000
139521  -41.161  11.813  46.624 0.0000000000
139522  -41.523  12.441  46.404 0.0000000000
139523  -41.937  13.078  46.118 0.0000000000
139524  -37.931  6.743  54.944 0.0000000000
139525  -38.400  7.395  54.467 0.0000000000
139526  -38.791  8.004  53.949 0.0000000000
139527  -38.472  9.064  54.014 0.0000000000
139528  -38.836  8.820  53.716 0.0000000000
139529  -39.078  8.558  53.405 0.0000000000
139530  -39.366  9.134  52.726 0.0000000000
139531  -39.647  9.739  52.046 0.0000000000
139532  -39.916  10.342  51.327 0.0000000000
139533  -38.047  12.702  52.250 0.0000000000
139534  -38.495  12.395  52.065 0.0000000000
139535  -38.891  12.040  51.876 0.0000000000
139536  -39.077  13.556  50.775 0.0000000000
139537  -39.147  12.613  51.250 0.0000000000
139538  -39.244  11.674  51.709 0.0000000000
139539  -39.598  11.389  51.389 0.0000000000
139540  -39.920  11.180  51.041 0.0000000000
139541  -40.138  10.899  50.706 0.0000000000
139542  -40.445  11.485  50.008 0.0000000000
139543  -40.712  11.929  49.355 0.0000000000
139544  -41.056  12.421  48.638 0.0000000000
139545  -41.028  13.472  48.671 0.0000000000
139546  -41.208  13.103  48.382 0.0000000000
139547  -41.340  12.782  47.950 0.0000000000
139548  -41.693  13.095  47.266 0.0000000000
139549  -42.021  13.414  46.554 0.0000000000
139550  -42.247  13.690  45.926 0.0000000000
139551  -42.461  14.392  45.702 0.0000000000
139552  -42.532  15.197  45.493 0.0000000000
139553  -42.448  16.034  45.190 0.0000000000
139554  -41.886  16.184  46.064 0.0000000000
139555  -42.078  16.476  45.428 0.0000000000
139556  -42.252  16.750  44.777 0.0000000000
139557  -41.900  17.360  44.334 0.0000000000
139558  -41.465  17.891  43.890 0.0000000000
139559  -40.981  18.392  43.446 0.0000000000
139560  -39.402  17.397  46.762 0.0000000000
139561  -39.578  17.625  46.127 0.0000000000
139562  -39.776  17.867  45.416 0.0000000000
139563  -38.578  18.899  45.176 0.0000000000
139564  -39.252  18.421  44.952 0.0000000000
139565  -39.956  18.124  44.781 0.0000000000
139566  -40.117  18.373  44.184 0.0000000000
139567  -40.337  18.636  43.594 0.0000000000
139568  -40.511  18.829  43.067 0.0000000000
144370  -53.780  -5.601  41.891 0.0000000000
144371  -53.836  -5.195  42.332 0.0000000000
144372  -53.763  -4.779  42.806 0.0000000000
144373  -51.143  -7.754  42.307 0.0000000000
144374  -51.860  -7.354  42.605 0.0000000000
144375  -52.449  -6.844  42.845 0.0000000000
144376  -52.387  -6.713  43.837 0.0000000000
144377  -52.662  -6.446  43.420 0.0000000000
144378  -52.950  -6.211  43.000 0.0000000000
144379  -53.299  -5.608  43.128 0.0000000000
144380  -53.527  -4.986  43.197 0.0000000000
144381  -53.618  -4.280  43.173 0.0000000000
144382  -53.386  -3.766  43.539 0.0000000000
144383  -53.026  -3.332  43.835 0.0000000000
144384  -52.625  -2.881  44.111 0.0000000000
144385  -52.718  -3.713  44.645 0.0000000000
144386  -52.491  -3.018  44.527 0.0000000000
144387  -52.150  -2.352  44.295 0.0000000000
144388  -51.639  -1.802  44.376 0.0000000000
144389  -51.104  -1.327  44.495 0.0000000000
144390  -50.539  -0.748  44.503 0.0000000000
144391  -48.787  -9.885  44.805 0.0000000000
144392  -49.491  -9.474  45.269 0.0000000000
144393  -50.154  -8.972  45.678 0.0000000000
144394  -50.088  -9.027  46.541 0.0000000000
144395  -50.491  -8.731  46.212 0.0000000000
144396  -50.786  -8.385  45.951 0.0000000000
144397  -51.336  -7.742  46.245 0.0000000000
144398  -51.670  -6.989  46.434 0.0000000000
144399  -51.952  -6.217  46.451 0.0000000000
144400  -50.265  -7.372  48.110 0.0000000000
144401  -50.608  -7.008  47.933 0.0000000000
144402  -50.916  -6.711  47.724 0.0000000000
144403  -50.711  -5.172  47.558 0.0000000000
144404  -50.972  -5.807  47.575 0.0000000000
144405  -51.191  -6.429  47.490 0.0000000000
144406  -51.553  -6.048  47.177 0.0000000000
144407  -51.828  -5.738  46.844 0.0000000000
144408  -52.053  -5.441  46.471 0.0000000000
144409  -52.027  -4.570  46.304 0.0000000000
144410  -51.867  -3.757  46.191 0.0000000000
144411  -51.684  -2.895  45.916 0.0000000000
144412  -51.110  -2.432  46.338 0.0000000000
144413  -51.258  -2.209  45.971 0.0000000000
144414  -51.373  -2.024  45.632 0.0000000000
144415  -51.021  -1.329  45.268 0.0000000000
144416  -50.542  -0.690  44.909 0.0000000000
144417  -49.911  -0.174  44.415 0.0000000000
144418  -49.293  0.322  44.448 0.0000000000
144419  -48.610  0.817  44.383 0.0000000000
144420  -47.920  1.290  44.371 0.0000000000
144442  -42.730  3.074  46.314 0.0000000000
144443  -42.396  3.147  46.569 0.0000000000
144444  -42.050  3.247  46.977 0.0000000000
144448  -43.629  -10.566  50.666 0.0000000000
144449  -43.932  -10.666  50.317 0.0000000000
144450  -44.284  -10.735  49.992 0.0000000000
144451  -44.947  -10.380  50.151 0.0000000000
144452  -45.545  -10.039  50.204 0.0000000000
144453  -45.917  -9.577  50.235 0.0000000000
144454  -44.088  -8.752  52.105 0.0000000000
144455  -44.416  -8.848  51.650 0.0000000000
144456  -44.779  -8.962  51.245 0.0000000000
144457  -44.363  -8.271  50.686 0.0000000000
144458  -44.787  -8.605  50.951 0.0000000000
144459  -45.076  -9.043  50.931 0.0000000000
144460  -45.438  -9.104  50.599 0.0000000000
144461  -45.754  -9.141  50.272 0.0000000000
144462  -46.078  -9.178  50.044 0.0000000000
144463  -46.239  -8.754  49.657 0.0000000000
144464  -46.404  -8.425  49.151 0.0000000000
144465  -46.480  -8.051  48.483 0.0000000000
144466  -45.456  -7.992  48.220 0.0000000000
144467  -45.910  -7.890  47.941 0.0000000000
144468  -46.519  -7.725  47.800 0.0000000000
144469  -46.651  -7.275  47.117 0.0000000000
144470  -46.853  -6.595  46.484 0.0000000000
144471  -46.835  -5.816  45.945 0.0000000000
144472  -39.677  -7.528  49.110 0.0000000000
144473  -40.077  -7.531  48.538 0.0000000000
144474  -40.408  -7.534  48.180 0.0000000000
144475  -39.813  -7.572  46.485 0.0000000000
144476  -40.374  -7.615  47.053 0.0000000000
144477  -40.940  -7.549  47.667 0.0000000000
144478  -41.438  -7.580  47.187 0.0000000000
144479  -41.821  -7.448  46.907 0.0000000000
144480  -42.398  -7.385  46.457 0.0000000000
144481  -39.428  -6.527  43.055 0.0000000000
144482  -40.156  -6.605  43.426 0.0000000000
144483  -40.779  -6.812  43.934 0.0000000000
144484  -41.281  -5.941  43.121 0.0000000000
144485  -41.338  -6.503  43.726 0.0000000000
144486  -41.419  -6.956  44.338 0.0000000000
144487  -41.921  -7.074  44.887 0.0000000000
144488  -42.448  -7.187  45.482 0.0000000000
144489  -42.918  -7.311  46.102 0.0000000000
144490  -43.597  -7.170  45.826 0.0000000000
144491  -44.227  -6.947  45.511 0.0000000000
144492  -44.845  -6.698  45.272 0.0000000000
144493  -44.361  -5.836  44.107 0.0000000000
144494  -44.930  -6.053  44.625 0.0000000000
144495  -45.457  -6.273  45.254 0.0000000000
144496  -45.957  -5.833  45.277 0.0000000000
144497  -46.493  -5.296  45.337 0.0000000000
144498  -46.852  -4.666  45.530 0.0000000000
144499  -46.554  -3.652  45.308 0.0000000000
144525  -41.765  3.380  47.356 0.0000000000
144526  -41.512  3.414  47.777 0.0000000000
144581  -36.202  5.235  55.462 0.0000000000
144582  -35.725  5.549  55.682 0.0000000000
144584  -35.134  5.098  55.544 0.0000000000
144585  -35.237  5.808  55.669 0.0000000000
144586  -34.817  6.049  55.665 0.0000000000
144587  -34.371  6.288  55.615 0.0000000000
144588  -33.925  6.485  55.531 0.0000000000
144590  -33.059  3.643  54.000 0.0000000000
144591  -33.149  4.246  54.480 0.0000000000
144592  -32.117  4.178  54.011 0.0000000000
144593  -32.680  4.537  54.431 0.0000000000
144594  -33.185  4.877  54.839 0.0000000000
144595  -33.256  5.509  55.117 0.0000000000
144596  -33.358  6.113  55.339 0.0000000000
144597  -33.515  6.752  55.420 0.0000000000
144598  -33.049  7.009  55.434 0.0000000000
144599  -32.693  7.216  55.342 0.0000000000
144600  -32.230  7.563  55.233 0.0000000000
144601  -31.620  6.753  54.974 0.0000000000
144602  -31.691  7.368  55.126 0.0000000000
144603  -31.790  7.978  55.175 0.0000000000
144604  -31.378  8.303  54.977 0.0000000000
145343  -29.321  7.498  53.921 0.0000000000
145344  -28.976  7.857  53.615 0.0000000000
145345  -28.665  8.204  53.169 0.0000000000
145346  -28.246  7.889  52.780 0.0000000000
145347  -27.763  7.603  52.300 0.0000000000
145348  -27.360  7.147  51.869 0.0000000000
145349  -29.074  4.925  52.914 0.0000000000
145350  -28.766  5.180  52.819 0.0000000000
145351  -28.457  5.565  52.603 0.0000000000
145352  -28.015  4.675  51.678 0.0000000000
145353  -28.030  5.238  52.087 0.0000000000
145354  -28.067  5.857  52.385 0.0000000000
145355  -27.686  6.179  52.103 0.0000000000
145356  -27.313  6.550  51.800 0.0000000000
145357  -27.045  6.861  51.350 0.0000000000
145358  -26.616  6.571  51.078 0.0000000000
145361  -26.223  5.143  49.768 0.0000000000
145362  -25.841  5.452  49.564 0.0000000000
145375  -26.443  2.478  48.104 0.0000000000
145384  -26.280  2.869  48.086 0.0000000000
145385  -25.962  3.139  47.933 0.0000000000
145386  -25.704  3.466  47.914 0.0000000000
149506  -53.877  -3.442  42.188 0.0000000000
149507  -53.979  -3.369  41.692 0.0000000000
149509  -52.877  -2.785  41.069 0.0000000000
149524  -48.870  -0.252  43.021 0.0000000000
149525  -48.716  -0.539  42.556 0.0000000000
149526  -48.489  -0.717  42.048 0.0000000000
149527  -46.628  -0.205  41.540 0.0000000000
149528  -47.485  -0.504  41.560 0.0000000000
149529  -48.249  -0.888  41.549 0.0000000000
149530  -48.073  -1.096  41.063 0.0000000000
149531  -47.903  -1.346  40.599 0.0000000000
149532  -47.706  -1.521  40.064 0.0000000000
149533  -42.714  0.036  40.046 0.0000000000
149534  -43.392  -0.320  39.919 0.0000000000
149535  -44.169  -0.648  39.877 0.0000000000
149538  -44.968  -0.970  39.790 0.0000000000
149539  -45.795  -1.233  39.681 0.0000000000
149540  -46.660  -1.502  39.607 0.0000000000
149578  -40.219  3.889  46.054 0.0000000000
149579  -39.754  3.984  45.512 0.0000000000
149580  -39.333  4.151  45.028 0.0000000000
149581  -38.977  5.281  45.565 0.0000000000
149582  -38.947  4.804  45.052 0.0000000000
149583  -38.978  4.313  44.553 0.0000000000
149584  -38.637  4.533  44.033 0.0000000000
149585  -38.363  4.663  43.576 0.0000000000
149586  -38.126  4.766  43.095 0.0000000000
149587  -39.295  8.078  45.518 0.0000000000
149588  -39.031  7.715  44.950 0.0000000000
149589  -38.732  7.244  44.456 0.0000000000
149590  -38.775  8.107  43.806 0.0000000000
149591  -38.544  7.445  43.932 0.0000000000
149592  -38.427  6.710  44.017 0.0000000000
149593  -38.187  6.121  43.538 0.0000000000
149594  -38.018  5.507  43.062 0.0000000000
149595  -37.932  4.884  42.622 0.0000000000
149596  -37.747  4.986  42.080 0.0000000000
149597  -37.604  4.980  41.662 0.0000000000
149598  -37.478  4.984  41.170 0.0000000000
149599  -37.759  6.466  41.442 0.0000000000
149600  -37.467  5.701  41.060 0.0000000000
149601  -37.330  4.985  40.640 0.0000000000
149602  -37.221  4.933  40.087 0.0000000000
149603  -37.112  4.845  39.520 0.0000000000
149605  -42.044  12.988  44.310 0.0000000000
