#!ascii label  , from subject fsaverage vox2ras=TkReg
797
4  -57.180  -0.133  10.677 0.0000000000
62  -62.601  -15.008  18.966 0.0000000000
182  -61.722  -9.075  11.044 0.0000000000
452  -59.065  1.269  18.479 0.0000000000
453  -52.564  3.062  14.173 0.0000000000
662  -58.853  -5.185  10.402 0.0000000000
1480  -63.363  -12.992  14.959 0.0000000000
2012  -57.916  0.523  14.455 0.0000000000
2013  -57.704  4.199  12.067 0.0000000000
2014  -57.859  5.027  16.261 0.0000000000
2015  -52.120  3.455  18.534 0.0000000000
2067  -60.889  -9.036  14.481 0.0000000000
2068  -57.843  -4.601  13.802 0.0000000000
2579  -56.910  -2.081  9.241 0.0000000000
2581  -57.154  1.017  9.077 0.0000000000
2582  -57.643  -2.945  10.792 0.0000000000
2583  -57.950  -4.419  9.176 0.0000000000
3427  -62.856  -11.198  12.619 0.0000000000
3428  -61.777  -12.901  13.431 0.0000000000
3429  -61.215  -10.660  11.186 0.0000000000
4412  -58.655  0.929  16.320 0.0000000000
4413  -58.719  3.070  15.184 0.0000000000
4414  -59.153  3.663  17.318 0.0000000000
4544  -56.790  -4.211  15.463 0.0000000000
4545  -57.745  -1.357  16.186 0.0000000000
4546  -57.554  -2.039  14.213 0.0000000000
4882  -55.401  3.997  13.155 0.0000000000
5800  -60.413  -7.124  10.518 0.0000000000
5801  -60.326  -8.433  9.903 0.0000000000
5802  -59.118  -6.450  9.264 0.0000000000
7294  -63.154  -14.211  16.971 0.0000000000
7295  -61.715  -16.205  16.751 0.0000000000
7296  -62.007  -15.028  15.303 0.0000000000
8612  -57.394  0.168  12.587 0.0000000000
8613  -57.920  2.401  11.086 0.0000000000
8614  -58.233  2.660  13.134 0.0000000000
8615  -57.719  4.449  14.179 0.0000000000
8616  -55.192  3.966  15.332 0.0000000000
8618  -55.058  4.378  17.477 0.0000000000
8619  -52.308  3.093  16.313 0.0000000000
8620  -49.317  2.596  17.094 0.0000000000
8759  -63.043  -13.255  21.071 0.0000000000
8768  -63.628  -12.500  18.778 0.0000000000
8769  -63.697  -11.525  16.571 0.0000000000
8770  -63.132  -10.461  14.454 0.0000000000
8771  -61.853  -8.901  12.670 0.0000000000
8773  -59.112  -7.126  13.703 0.0000000000
8774  -60.269  -7.057  12.131 0.0000000000
8775  -58.568  -5.099  12.153 0.0000000000
8776  -57.555  -2.681  12.588 0.0000000000
10259  -57.086  -1.172  9.962 0.0000000000
10260  -56.914  -0.438  9.207 0.0000000000
10261  -57.182  0.460  9.836 0.0000000000
10262  -57.303  -1.586  10.891 0.0000000000
10263  -57.333  -2.508  10.115 0.0000000000
10507  -62.212  -15.273  19.996 0.0000000000
10509  -61.897  -15.958  18.857 0.0000000000
11107  -62.387  -10.230  11.693 0.0000000000
11108  -62.174  -11.042  11.719 0.0000000000
11109  -61.626  -9.910  10.932 0.0000000000
12092  -58.947  1.091  17.345 0.0000000000
12093  -59.051  2.285  16.878 0.0000000000
12094  -59.255  2.440  17.955 0.0000000000
12224  -57.733  -1.191  17.237 0.0000000000
12225  -58.512  -0.071  17.378 0.0000000000
12226  -58.383  -0.277  16.292 0.0000000000
12562  -53.942  3.439  13.697 0.0000000000
12564  -53.134  3.413  12.858 0.0000000000
13507  -59.657  -6.228  10.337 0.0000000000
13508  -59.899  -6.773  9.768 0.0000000000
13509  -59.165  -5.798  9.676 0.0000000000
16042  -63.370  -13.663  15.997 0.0000000000
16043  -62.766  -14.730  16.045 0.0000000000
16044  -62.846  -13.918  15.124 0.0000000000
16045  -60.717  -12.511  13.121 0.0000000000
16046  -60.947  -13.757  14.186 0.0000000000
18270  -60.901  -16.530  15.905 0.0000000000
18992  -57.578  0.338  13.515 0.0000000000
18993  -57.856  1.510  12.859 0.0000000000
18994  -58.045  1.658  13.864 0.0000000000
18995  -58.670  4.338  15.658 0.0000000000
18996  -58.551  4.023  14.603 0.0000000000
18997  -57.812  4.739  15.224 0.0000000000
18998  -56.561  4.470  14.768 0.0000000000
18999  -56.524  4.675  15.801 0.0000000000
19005  -53.640  3.941  18.047 0.0000000000
19006  -53.675  3.674  16.924 0.0000000000
19007  -52.184  3.273  17.440 0.0000000000
19008  -50.772  2.799  16.766 0.0000000000
19009  -50.695  2.884  17.844 0.0000000000
19351  -62.624  -13.713  22.022 0.0000000000
19374  -63.703  -11.671  19.827 0.0000000000
19375  -63.702  -11.236  18.690 0.0000000000
19376  -63.681  -12.075  17.695 0.0000000000
19377  -63.555  -10.708  17.562 0.0000000000
19378  -61.723  -9.509  15.362 0.0000000000
19379  -62.830  -9.949  15.496 0.0000000000
19380  -62.203  -9.571  14.391 0.0000000000
19381  -62.594  -9.760  13.375 0.0000000000
19382  -61.467  -8.804  13.607 0.0000000000
19386  -57.319  -4.415  14.634 0.0000000000
19387  -57.619  -5.842  14.483 0.0000000000
19388  -58.358  -5.887  13.735 0.0000000000
19389  -59.755  -6.939  12.933 0.0000000000
19390  -58.950  -5.884  12.851 0.0000000000
19391  -59.403  -6.145  12.047 0.0000000000
19392  -58.281  -4.856  12.962 0.0000000000
19393  -57.773  -0.678  14.457 0.0000000000
19394  -57.518  -2.366  13.404 0.0000000000
19395  -57.468  -0.979  13.584 0.0000000000
19396  -57.362  -1.248  12.721 0.0000000000
20407  -58.111  3.427  11.498 0.0000000000
20408  -57.940  2.894  10.330 0.0000000000
20409  -57.937  3.864  10.783 0.0000000000
23077  -56.510  -1.344  8.605 0.0000000000
23078  -56.722  0.113  8.481 0.0000000000
23080  -58.188  -4.132  10.530 0.0000000000
23081  -58.515  -4.822  9.716 0.0000000000
23082  -57.889  -3.720  9.864 0.0000000000
23083  -57.415  -3.298  9.225 0.0000000000
24601  -63.204  -12.133  13.810 0.0000000000
24602  -62.725  -13.057  14.039 0.0000000000
24603  -62.515  -12.109  12.867 0.0000000000
24604  -61.551  -11.809  12.195 0.0000000000
26372  -58.343  0.693  15.387 0.0000000000
26373  -58.369  1.785  14.834 0.0000000000
26374  -58.737  2.025  15.836 0.0000000000
26375  -58.972  3.390  16.247 0.0000000000
26376  -58.712  4.614  16.657 0.0000000000
26610  -57.110  -2.713  15.889 0.0000000000
26611  -57.356  -2.943  14.945 0.0000000000
26612  -57.580  -3.280  14.038 0.0000000000
26613  -57.620  -1.619  15.160 0.0000000000
26614  -58.068  -0.486  15.290 0.0000000000
27220  -56.672  4.381  12.628 0.0000000000
28894  -61.081  -8.107  10.688 0.0000000000
28895  -61.101  -8.734  10.391 0.0000000000
28896  -60.560  -7.717  10.051 0.0000000000
28897  -59.755  -7.385  9.523 0.0000000000
28899  -58.484  -5.481  9.133 0.0000000000
30931  -51.094  2.871  14.565 0.0000000000
32416  -62.847  -14.623  17.931 0.0000000000
32417  -62.237  -15.663  17.785 0.0000000000
32418  -62.524  -15.316  16.879 0.0000000000
32419  -61.928  -15.757  16.002 0.0000000000
32420  -61.047  -15.929  15.346 0.0000000000
32421  -61.954  -14.013  14.536 0.0000000000
32422  -61.026  -15.037  14.869 0.0000000000
32427  -60.795  -9.515  10.456 0.0000000000
35211  -61.357  -16.441  17.721 0.0000000000
36092  -57.267  0.039  11.608 0.0000000000
36093  -57.494  1.233  10.868 0.0000000000
36094  -57.666  1.388  11.851 0.0000000000
36095  -58.054  2.554  12.126 0.0000000000
36096  -58.186  3.542  12.554 0.0000000000
36097  -58.504  2.889  14.140 0.0000000000
36098  -58.323  3.679  13.525 0.0000000000
36099  -57.688  4.245  13.081 0.0000000000
36100  -56.588  4.326  13.679 0.0000000000
36101  -55.275  3.885  14.195 0.0000000000
36102  -53.942  3.399  14.714 0.0000000000
36105  -57.754  5.181  17.360 0.0000000000
36108  -56.488  4.861  16.893 0.0000000000
36109  -55.114  4.168  16.400 0.0000000000
36110  -53.818  3.480  15.768 0.0000000000
36111  -52.443  2.986  15.198 0.0000000000
36112  -50.925  2.732  15.622 0.0000000000
36113  -49.468  2.670  16.092 0.0000000000
36526  -62.452  -14.532  20.934 0.0000000000
36527  -62.831  -14.148  19.972 0.0000000000
36552  -63.486  -11.976  21.103 0.0000000000
36553  -63.353  -12.855  19.983 0.0000000000
36554  -63.154  -13.702  18.857 0.0000000000
36555  -63.444  -13.401  17.812 0.0000000000
36556  -63.611  -12.935  16.731 0.0000000000
36557  -63.608  -12.376  15.706 0.0000000000
36558  -63.245  -10.308  16.468 0.0000000000
36559  -63.478  -10.994  15.525 0.0000000000
36560  -63.505  -11.625  14.626 0.0000000000
36561  -63.174  -10.883  13.468 0.0000000000
36562  -62.652  -10.044  12.479 0.0000000000
36563  -61.909  -9.030  11.812 0.0000000000
36568  -58.297  -7.170  14.463 0.0000000000
36569  -59.960  -8.163  13.907 0.0000000000
36570  -60.628  -7.968  13.130 0.0000000000
36571  -61.027  -7.921  12.293 0.0000000000
36572  -61.184  -8.035  11.436 0.0000000000
36573  -60.403  -7.099  11.321 0.0000000000
36574  -59.593  -6.251  11.202 0.0000000000
36575  -58.799  -5.250  11.249 0.0000000000
36576  -57.792  -3.661  13.191 0.0000000000
36577  -57.956  -3.921  12.329 0.0000000000
36578  -58.115  -4.124  11.418 0.0000000000
36579  -57.618  -2.884  11.642 0.0000000000
36580  -57.319  -1.456  11.802 0.0000000000
37800  -57.561  1.769  10.045 0.0000000000
37801  -57.531  2.236  9.184 0.0000000000
40979  -57.126  -0.684  10.313 0.0000000000
40980  -57.078  -0.326  9.926 0.0000000000
40981  -57.185  0.163  10.242 0.0000000000
40982  -57.219  -0.826  10.814 0.0000000000
40983  -57.202  -1.373  10.452 0.0000000000
41227  -62.415  -15.151  19.496 0.0000000000
41228  -62.082  -15.610  19.425 0.0000000000
41229  -62.288  -15.519  18.919 0.0000000000
41827  -62.094  -9.695  11.370 0.0000000000
41828  -62.032  -10.095  11.289 0.0000000000
41829  -61.713  -9.483  10.961 0.0000000000
42812  -59.033  1.192  17.903 0.0000000000
42813  -59.103  1.737  17.671 0.0000000000
42814  -59.195  1.857  18.223 0.0000000000
42943  -58.820  0.681  18.531 0.0000000000
42944  -58.522  0.023  17.947 0.0000000000
42945  -58.815  0.594  17.949 0.0000000000
42946  -58.779  0.514  17.380 0.0000000000
43282  -53.260  3.221  13.950 0.0000000000
43283  -53.563  3.392  13.331 0.0000000000
43284  -52.926  3.213  13.542 0.0000000000
44227  -59.248  -5.722  10.344 0.0000000000
44228  -59.438  -5.998  9.987 0.0000000000
44229  -59.057  -5.476  10.017 0.0000000000
46762  -63.384  -13.331  15.467 0.0000000000
46763  -63.158  -13.832  15.515 0.0000000000
46764  -63.137  -13.445  15.008 0.0000000000
48990  -60.386  -16.549  15.575 0.0000000000
49712  -57.734  0.450  13.981 0.0000000000
49713  -57.801  1.006  13.706 0.0000000000
49714  -57.917  1.058  14.168 0.0000000000
49715  -58.356  4.785  15.942 0.0000000000
49716  -58.323  4.632  15.472 0.0000000000
49717  -57.846  4.895  15.742 0.0000000000
49718  -57.223  4.802  15.475 0.0000000000
49719  -57.227  4.940  16.041 0.0000000000
49725  -52.883  3.703  18.300 0.0000000000
49726  -52.899  3.584  17.736 0.0000000000
49727  -52.131  3.381  18.023 0.0000000000
49728  -51.440  3.078  17.650 0.0000000000
49729  -51.397  3.153  18.202 0.0000000000
50096  -63.635  -10.971  18.123 0.0000000000
50097  -63.411  -10.352  18.033 0.0000000000
50098  -61.314  -9.336  14.900 0.0000000000
50099  -61.970  -9.524  14.889 0.0000000000
50100  -61.610  -9.282  14.448 0.0000000000
50101  -61.843  -9.218  13.970 0.0000000000
50102  -61.217  -8.914  14.055 0.0000000000
50106  -57.583  -4.509  14.211 0.0000000000
50107  -57.801  -5.229  14.147 0.0000000000
50108  -58.092  -5.220  13.759 0.0000000000
50109  -58.668  -5.874  13.317 0.0000000000
50110  -58.348  -5.266  13.330 0.0000000000
50111  -58.593  -5.376  12.877 0.0000000000
50112  -58.075  -4.723  13.392 0.0000000000
50113  -57.849  -0.077  14.493 0.0000000000
50114  -57.593  -0.829  14.024 0.0000000000
50115  -57.639  -0.183  14.045 0.0000000000
50116  -57.502  -0.310  13.576 0.0000000000
51127  -57.976  3.851  11.775 0.0000000000
51128  -58.044  3.646  11.157 0.0000000000
51129  -57.859  4.057  11.425 0.0000000000
53819  -56.776  -2.490  8.904 0.0000000000
53820  -56.506  -2.169  8.666 0.0000000000
53821  -56.669  -1.688  8.943 0.0000000000
53822  -57.007  0.282  9.165 0.0000000000
53823  -56.840  -0.157  8.848 0.0000000000
53824  -56.963  0.543  8.800 0.0000000000
53825  -56.875  0.727  8.444 0.0000000000
53826  -57.117  1.249  8.663 0.0000000000
53827  -57.901  -3.552  10.646 0.0000000000
53828  -58.050  -3.946  10.181 0.0000000000
53829  -57.756  -3.367  10.311 0.0000000000
53830  -57.159  -2.330  9.693 0.0000000000
53831  -57.397  -2.934  9.633 0.0000000000
53832  -57.135  -2.724  9.275 0.0000000000
53833  -57.061  -3.127  8.960 0.0000000000
56362  -63.057  -11.664  13.173 0.0000000000
56363  -62.886  -12.140  13.278 0.0000000000
56364  -62.742  -11.659  12.679 0.0000000000
56365  -61.693  -10.849  11.394 0.0000000000
56366  -61.916  -11.433  11.901 0.0000000000
56367  -61.400  -11.243  11.672 0.0000000000
56368  -61.052  -11.630  12.083 0.0000000000
56369  -60.910  -11.049  11.506 0.0000000000
59312  -58.506  0.817  15.848 0.0000000000
59313  -58.544  1.319  15.638 0.0000000000
59314  -58.684  1.452  16.130 0.0000000000
59315  -59.155  2.992  17.105 0.0000000000
59316  -59.033  2.878  16.569 0.0000000000
59317  -59.076  3.534  16.779 0.0000000000
59318  -58.938  4.061  16.415 0.0000000000
59319  -58.991  4.163  16.981 0.0000000000
59706  -57.749  -1.280  16.704 0.0000000000
59707  -57.339  -1.901  16.565 0.0000000000
59708  -57.383  -2.032  16.045 0.0000000000
59709  -57.241  -2.843  15.408 0.0000000000
59710  -57.428  -2.138  15.553 0.0000000000
59711  -57.458  -2.256  15.072 0.0000000000
59712  -57.695  -1.458  15.664 0.0000000000
59713  -58.544  0.293  16.302 0.0000000000
59714  -58.226  -0.401  15.737 0.0000000000
59715  -58.381  0.206  15.785 0.0000000000
59716  -58.223  0.094  15.346 0.0000000000
60727  -56.070  4.245  12.897 0.0000000000
60728  -56.315  4.394  12.295 0.0000000000
60729  -55.683  4.205  12.575 0.0000000000
63562  -60.756  -7.633  10.571 0.0000000000
63563  -60.840  -7.941  10.328 0.0000000000
63564  -60.510  -7.434  10.236 0.0000000000
63565  -59.565  -6.580  9.514 0.0000000000
63566  -59.885  -7.061  9.604 0.0000000000
63567  -59.438  -6.918  9.388 0.0000000000
63570  -58.264  -4.623  9.418 0.0000000000
63571  -58.533  -5.139  9.396 0.0000000000
63572  -58.217  -4.964  9.147 0.0000000000
67927  -50.349  2.801  14.766 0.0000000000
67928  -50.720  2.952  14.114 0.0000000000
71167  -63.005  -14.443  17.449 0.0000000000
71168  -62.710  -14.937  17.382 0.0000000000
71169  -62.881  -14.770  16.902 0.0000000000
71170  -62.426  -14.872  15.656 0.0000000000
71171  -62.359  -15.239  16.052 0.0000000000
71172  -61.984  -15.353  15.687 0.0000000000
71173  -61.512  -15.848  15.651 0.0000000000
71174  -61.523  -15.521  15.354 0.0000000000
71175  -62.278  -13.046  13.693 0.0000000000
71176  -62.364  -13.531  14.243 0.0000000000
71177  -61.886  -13.434  14.011 0.0000000000
71178  -60.490  -14.301  14.541 0.0000000000
71179  -61.011  -14.393  14.561 0.0000000000
71180  -60.466  -14.931  14.763 0.0000000000
71181  -60.472  -15.482  14.926 0.0000000000
71190  -60.758  -8.578  10.105 0.0000000000
71191  -60.986  -9.109  10.374 0.0000000000
71192  -60.580  -8.984  10.154 0.0000000000
77850  -62.014  -15.987  17.298 0.0000000000
77851  -61.828  -16.116  17.767 0.0000000000
77852  -61.548  -16.354  17.241 0.0000000000
80012  -57.337  0.073  12.102 0.0000000000
80013  -57.455  0.739  11.730 0.0000000000
80014  -57.553  0.818  12.243 0.0000000000
80015  -58.053  2.087  12.983 0.0000000000
80016  -57.959  2.038  12.477 0.0000000000
80017  -58.133  2.593  12.617 0.0000000000
80018  -58.201  3.090  12.313 0.0000000000
80019  -58.269  3.141  12.828 0.0000000000
80020  -58.574  2.417  15.000 0.0000000000
80021  -58.442  2.373  14.491 0.0000000000
80022  -58.612  2.968  14.659 0.0000000000
80023  -58.192  4.302  14.403 0.0000000000
80024  -58.436  3.851  14.053 0.0000000000
80025  -58.092  4.142  13.852 0.0000000000
80026  -58.054  4.020  13.330 0.0000000000
80027  -57.695  4.338  13.635 0.0000000000
80028  -57.194  4.407  13.361 0.0000000000
80029  -57.195  4.462  13.939 0.0000000000
80030  -55.879  4.255  15.069 0.0000000000
80031  -55.918  4.163  14.505 0.0000000000
80032  -55.255  3.913  14.758 0.0000000000
80033  -54.616  3.625  14.450 0.0000000000
80034  -54.575  3.647  15.000 0.0000000000
80041  -58.272  5.067  17.549 0.0000000000
80048  -55.779  4.776  17.781 0.0000000000
80049  -56.502  4.977  17.452 0.0000000000
80050  -55.796  4.637  17.162 0.0000000000
80051  -55.777  4.510  16.578 0.0000000000
80052  -55.074  4.285  16.969 0.0000000000
80053  -52.954  3.351  16.653 0.0000000000
80054  -53.736  3.548  16.327 0.0000000000
80055  -53.057  3.287  16.082 0.0000000000
80056  -53.157  3.232  15.505 0.0000000000
80057  -52.355  3.008  15.764 0.0000000000
80058  -51.676  2.840  15.427 0.0000000000
80059  -51.589  2.842  15.960 0.0000000000
80060  -50.027  2.697  16.960 0.0000000000
80061  -50.109  2.676  16.414 0.0000000000
80062  -49.394  2.626  16.578 0.0000000000
81088  -62.839  -13.458  21.561 0.0000000000
81089  -62.525  -14.115  21.466 0.0000000000
81090  -62.746  -13.903  21.013 0.0000000000
81091  -62.644  -14.366  20.458 0.0000000000
81092  -62.935  -13.723  20.503 0.0000000000
81156  -63.682  -12.088  19.297 0.0000000000
81157  -63.581  -12.240  19.938 0.0000000000
81158  -63.520  -12.684  19.356 0.0000000000
81159  -63.271  -13.326  19.389 0.0000000000
81160  -63.419  -13.097  18.788 0.0000000000
81161  -63.325  -13.537  18.337 0.0000000000
81162  -63.542  -12.945  18.297 0.0000000000
81163  -63.698  -11.799  17.145 0.0000000000
81164  -63.649  -12.496  17.207 0.0000000000
81165  -63.680  -12.255  16.666 0.0000000000
81166  -63.624  -12.681  16.235 0.0000000000
81167  -63.664  -11.997  16.134 0.0000000000
81169  -63.019  -10.062  16.908 0.0000000000
81170  -62.809  -9.932  16.436 0.0000000000
81171  -63.023  -10.184  14.984 0.0000000000
81172  -63.217  -10.422  15.503 0.0000000000
81173  -63.328  -10.738  15.008 0.0000000000
81174  -63.536  -11.347  15.076 0.0000000000
81175  -63.387  -11.036  14.511 0.0000000000
81176  -63.366  -11.246  14.033 0.0000000000
81177  -63.184  -10.699  13.948 0.0000000000
81178  -62.259  -9.348  12.971 0.0000000000
81179  -62.656  -9.912  12.921 0.0000000000
81180  -62.348  -9.451  12.571 0.0000000000
81181  -62.328  -9.544  12.127 0.0000000000
81182  -61.915  -8.962  12.250 0.0000000000
81194  -58.326  -6.532  14.079 0.0000000000
81195  -57.945  -6.517  14.444 0.0000000000
81196  -58.716  -7.165  14.083 0.0000000000
81197  -59.113  -7.768  14.159 0.0000000000
81198  -59.558  -7.713  13.787 0.0000000000
81199  -60.319  -8.050  13.524 0.0000000000
81200  -59.909  -7.584  13.415 0.0000000000
81201  -60.004  -6.946  12.535 0.0000000000
81202  -60.460  -7.411  12.597 0.0000000000
81203  -60.611  -7.457  12.198 0.0000000000
81204  -61.121  -7.954  11.865 0.0000000000
81205  -60.722  -7.497  11.792 0.0000000000
81206  -60.792  -7.541  11.377 0.0000000000
81207  -60.324  -7.046  11.754 0.0000000000
81208  -58.985  -5.640  12.068 0.0000000000
81209  -59.538  -6.212  11.638 0.0000000000
81210  -59.091  -5.714  11.655 0.0000000000
81211  -59.164  -5.785  11.190 0.0000000000
81212  -58.693  -5.193  11.722 0.0000000000
81213  -57.524  -2.642  14.144 0.0000000000
81214  -57.726  -3.468  13.596 0.0000000000
81215  -57.602  -2.834  13.733 0.0000000000
81216  -57.547  -2.549  13.023 0.0000000000
81217  -57.670  -3.182  12.898 0.0000000000
81218  -57.729  -3.326  12.464 0.0000000000
81219  -58.044  -4.042  11.884 0.0000000000
81220  -57.772  -3.442  12.026 0.0000000000
81221  -57.834  -3.515  11.547 0.0000000000
81222  -57.575  -2.796  12.124 0.0000000000
81223  -57.336  -0.535  12.698 0.0000000000
81224  -57.325  -1.354  12.270 0.0000000000
81225  -57.278  -0.638  12.223 0.0000000000
81226  -57.258  -0.716  11.734 0.0000000000
84262  -57.712  1.817  10.967 0.0000000000
84263  -57.527  1.500  10.453 0.0000000000
84264  -57.753  2.068  10.559 0.0000000000
84265  -57.922  3.162  9.910 0.0000000000
84266  -57.763  2.581  9.760 0.0000000000
84267  -57.727  2.810  9.304 0.0000000000
92195  -57.022  -1.636  9.601 0.0000000000
92196  -56.848  -1.243  9.261 0.0000000000
92197  -57.006  -0.783  9.589 0.0000000000
92198  -57.058  -0.004  9.527 0.0000000000
92199  -57.185  0.750  9.448 0.0000000000
92200  -57.437  -2.310  10.927 0.0000000000
92201  -57.508  -2.749  10.443 0.0000000000
92202  -57.314  -2.081  10.515 0.0000000000
92203  -57.184  -1.847  10.085 0.0000000000
92641  -62.019  -15.385  20.472 0.0000000000
92643  -61.870  -15.725  19.915 0.0000000000
92644  -61.699  -16.045  19.320 0.0000000000
92645  -61.436  -16.298  18.788 0.0000000000
93721  -62.641  -10.731  12.107 0.0000000000
93722  -62.555  -11.157  12.138 0.0000000000
93723  -62.314  -10.635  11.628 0.0000000000
93724  -61.905  -10.476  11.274 0.0000000000
93725  -61.452  -10.279  10.995 0.0000000000
95492  -58.813  0.981  16.821 0.0000000000
95493  -58.857  1.567  16.628 0.0000000000
95494  -59.019  1.660  17.125 0.0000000000
95495  -59.172  2.352  17.418 0.0000000000
95496  -59.246  3.067  17.668 0.0000000000
95729  -58.142  -0.532  17.869 0.0000000000
95730  -58.164  -0.634  17.325 0.0000000000
95731  -58.159  -0.721  16.780 0.0000000000
95732  -58.122  -0.800  16.249 0.0000000000
95733  -58.478  -0.163  16.838 0.0000000000
95734  -58.692  0.390  16.847 0.0000000000
96340  -54.679  3.681  13.394 0.0000000000
96341  -54.986  3.908  12.809 0.0000000000
96342  -54.261  3.632  13.064 0.0000000000
98041  -60.051  -6.683  10.423 0.0000000000
98042  -60.171  -6.958  10.123 0.0000000000
98043  -59.833  -6.496  10.002 0.0000000000
98044  -59.538  -6.290  9.711 0.0000000000
98045  -59.191  -6.114  9.425 0.0000000000
98046  -57.627  -4.258  8.945 0.0000000000
98047  -57.901  -4.781  8.934 0.0000000000
102604  -63.274  -13.942  16.502 0.0000000000
102605  -63.017  -14.486  16.472 0.0000000000
102606  -63.117  -14.193  16.001 0.0000000000
102607  -62.859  -14.358  15.633 0.0000000000
102608  -62.449  -14.473  15.249 0.0000000000
102609  -61.251  -12.735  13.245 0.0000000000
102610  -61.366  -13.310  13.825 0.0000000000
102611  -60.831  -13.155  13.711 0.0000000000
106614  -61.332  -16.390  16.295 0.0000000000
106615  -61.191  -16.528  16.748 0.0000000000
106616  -60.784  -16.669  16.307 0.0000000000
107912  -57.473  0.265  13.061 0.0000000000
107913  -57.628  0.895  12.753 0.0000000000
107914  -57.708  0.952  13.238 0.0000000000
107915  -57.924  1.560  13.381 0.0000000000
107916  -58.144  2.154  13.518 0.0000000000
107917  -58.759  3.719  15.403 0.0000000000
107918  -58.704  3.563  14.880 0.0000000000
107919  -58.657  4.133  15.150 0.0000000000
107920  -58.269  4.462  14.941 0.0000000000
107921  -57.779  4.558  14.685 0.0000000000
107922  -57.204  4.544  14.449 0.0000000000
107923  -57.212  4.654  14.942 0.0000000000
107924  -56.549  4.576  15.278 0.0000000000
107925  -55.836  4.340  15.574 0.0000000000
107935  -54.356  4.154  17.778 0.0000000000
107936  -54.371  4.041  17.249 0.0000000000
107937  -53.654  3.807  17.493 0.0000000000
107938  -52.889  3.442  17.189 0.0000000000
107939  -52.251  3.181  16.868 0.0000000000
107940  -51.549  2.929  16.529 0.0000000000
107941  -51.493  3.004  17.093 0.0000000000
107942  -50.728  2.837  17.297 0.0000000000
107943  -49.977  2.691  17.485 0.0000000000
108557  -62.470  -13.980  22.437 0.0000000000
108558  -62.767  -13.317  22.600 0.0000000000
108559  -62.940  -13.114  22.091 0.0000000000
108560  -63.112  -12.870  21.594 0.0000000000
108600  -63.737  -11.481  19.251 0.0000000000
108601  -63.723  -11.895  18.726 0.0000000000
108602  -63.669  -12.331  18.238 0.0000000000
108603  -63.722  -11.660  18.189 0.0000000000
108604  -63.694  -11.377  17.647 0.0000000000
108605  -63.654  -11.103  17.080 0.0000000000
108607  -62.591  -9.786  15.962 0.0000000000
108608  -62.323  -9.639  15.406 0.0000000000
108609  -62.552  -9.750  14.940 0.0000000000
108610  -62.760  -9.918  14.454 0.0000000000
108611  -62.881  -10.138  13.897 0.0000000000
108612  -62.415  -9.641  13.869 0.0000000000
108613  -62.061  -9.239  13.472 0.0000000000
108614  -61.691  -8.837  13.126 0.0000000000
108620  -57.051  -4.309  15.055 0.0000000000
108621  -57.106  -5.067  14.904 0.0000000000
108622  -57.458  -5.162  14.512 0.0000000000
108623  -58.011  -5.883  14.125 0.0000000000
108624  -58.702  -6.510  13.703 0.0000000000
108625  -59.474  -7.006  13.334 0.0000000000
108626  -59.053  -6.453  13.316 0.0000000000
108627  -59.330  -6.418  12.884 0.0000000000
108628  -59.598  -6.492  12.473 0.0000000000
108629  -59.823  -6.605  12.077 0.0000000000
108630  -59.206  -6.031  12.449 0.0000000000
108631  -58.833  -5.544  12.465 0.0000000000
108632  -58.450  -4.984  12.506 0.0000000000
108633  -57.649  -1.331  14.368 0.0000000000
108634  -57.543  -2.203  13.795 0.0000000000
108635  -57.567  -1.480  13.930 0.0000000000
108636  -57.485  -1.642  13.514 0.0000000000
108637  -57.407  -1.827  13.114 0.0000000000
108638  -57.419  -1.931  12.652 0.0000000000
108639  -57.388  -1.108  13.152 0.0000000000
108640  -57.407  -0.426  13.138 0.0000000000
110461  -58.113  2.941  11.261 0.0000000000
110462  -57.937  2.637  10.722 0.0000000000
110463  -58.055  3.167  10.921 0.0000000000
110464  -58.042  3.423  10.540 0.0000000000
115288  -56.737  -0.870  8.877 0.0000000000
115289  -56.622  -0.543  8.535 0.0000000000
115294  -58.506  -4.700  10.452 0.0000000000
115295  -58.696  -4.983  10.060 0.0000000000
115296  -58.372  -4.495  10.105 0.0000000000
115297  -58.195  -4.286  9.781 0.0000000000
115298  -57.990  -4.058  9.467 0.0000000000
115299  -57.591  -3.178  9.979 0.0000000000
115300  -57.674  -3.516  9.553 0.0000000000
115301  -57.667  -3.873  9.200 0.0000000000
115302  -57.349  -3.705  8.958 0.0000000000
118843  -63.312  -12.601  14.408 0.0000000000
118844  -63.105  -13.047  14.468 0.0000000000
118845  -63.002  -12.607  13.908 0.0000000000
118846  -62.610  -12.605  13.477 0.0000000000
118847  -62.172  -12.528  13.112 0.0000000000
118848  -62.376  -11.587  12.270 0.0000000000
118849  -62.053  -11.984  12.498 0.0000000000
118850  -61.648  -12.354  12.770 0.0000000000
118851  -61.145  -12.162  12.649 0.0000000000
122972  -58.119  0.587  14.927 0.0000000000
122973  -58.104  1.120  14.634 0.0000000000
122974  -58.316  1.206  15.122 0.0000000000
122975  -58.559  1.884  15.336 0.0000000000
122976  -58.743  2.554  15.520 0.0000000000
122977  -58.887  2.222  16.324 0.0000000000
122978  -58.895  2.722  16.045 0.0000000000
122979  -58.836  3.230  15.714 0.0000000000
122980  -58.822  3.892  15.916 0.0000000000
122981  -58.688  4.500  16.158 0.0000000000
122982  -58.364  4.909  16.463 0.0000000000
123523  -56.726  -3.278  16.167 0.0000000000
123524  -57.290  -1.820  17.103 0.0000000000
123525  -56.988  -2.578  16.381 0.0000000000
123526  -56.903  -3.440  15.683 0.0000000000
123527  -57.108  -3.570  15.245 0.0000000000
123528  -57.304  -3.672  14.788 0.0000000000
123529  -57.503  -3.789  14.359 0.0000000000
123530  -57.699  -3.933  13.943 0.0000000000
123531  -57.459  -3.102  14.492 0.0000000000
123532  -57.445  -2.454  14.576 0.0000000000
123533  -57.520  -1.859  14.679 0.0000000000
123534  -58.010  -0.935  15.731 0.0000000000
123535  -57.877  -1.055  15.244 0.0000000000
123536  -57.750  -1.180  14.784 0.0000000000
123537  -57.920  -0.575  14.866 0.0000000000
123538  -58.047  0.017  14.924 0.0000000000
124954  -57.283  4.402  12.353 0.0000000000
124955  -57.474  4.342  11.711 0.0000000000
124956  -56.940  4.457  12.015 0.0000000000
128896  -61.393  -8.571  10.841 0.0000000000
128897  -61.407  -8.893  10.696 0.0000000000
128898  -61.143  -8.426  10.518 0.0000000000
128899  -60.846  -8.215  10.193 0.0000000000
128900  -60.475  -8.060  9.925 0.0000000000
128901  -60.220  -7.257  9.881 0.0000000000
128902  -60.181  -7.560  9.747 0.0000000000
128903  -60.076  -7.897  9.689 0.0000000000
128907  -58.820  -5.280  9.697 0.0000000000
128908  -58.844  -5.624  9.402 0.0000000000
128909  -58.803  -5.954  9.176 0.0000000000
128910  -58.111  -5.315  8.916 0.0000000000
128911  -58.369  -5.821  8.965 0.0000000000
128912  -58.664  -6.316  9.066 0.0000000000
134425  -51.845  2.957  14.370 0.0000000000
134426  -52.168  3.109  13.704 0.0000000000
134427  -51.451  3.023  13.913 0.0000000000
138502  -62.726  -14.823  18.423 0.0000000000
138503  -62.440  -15.351  18.352 0.0000000000
138504  -62.567  -15.147  17.852 0.0000000000
138505  -62.390  -15.470  17.341 0.0000000000
138506  -62.171  -15.829  16.844 0.0000000000
138507  -62.649  -15.063  16.457 0.0000000000
138508  -62.251  -15.637  16.413 0.0000000000
138509  -61.831  -16.062  16.339 0.0000000000
138510  -61.442  -16.259  15.915 0.0000000000
138511  -60.986  -16.265  15.599 0.0000000000
138512  -60.525  -16.287  15.326 0.0000000000
138513  -62.806  -13.493  14.583 0.0000000000
138514  -62.422  -14.023  14.817 0.0000000000
138515  -62.000  -14.572  14.996 0.0000000000
138516  -61.474  -13.874  14.339 0.0000000000
138517  -61.525  -14.563  14.771 0.0000000000
138518  -61.522  -15.123  15.075 0.0000000000
138519  -61.005  -15.587  15.099 0.0000000000
138520  -60.509  -15.934  15.109 0.0000000000
138531  -61.343  -9.273  10.633 0.0000000000
138532  -61.214  -9.692  10.661 0.0000000000
138533  -60.988  -10.077  10.770 0.0000000000
138536  -60.705  -10.455  11.040 0.0000000000
146643  -62.088  -15.835  18.331 0.0000000000
146644  -61.664  -16.226  18.263 0.0000000000
146646  -61.022  -16.633  17.225 0.0000000000
149252  -57.222  -0.036  11.141 0.0000000000
149253  -57.270  0.626  10.767 0.0000000000
149254  -57.358  0.678  11.232 0.0000000000
149255  -57.580  1.297  11.334 0.0000000000
149256  -57.798  1.919  11.445 0.0000000000
149257  -57.757  1.459  12.359 0.0000000000
149258  -57.871  1.995  11.979 0.0000000000
149259  -57.999  2.501  11.592 0.0000000000
149260  -58.158  3.019  11.783 0.0000000000
149261  -58.143  3.487  12.033 0.0000000000
149262  -57.992  3.908  12.308 0.0000000000
149263  -58.199  1.758  14.336 0.0000000000
149264  -58.297  2.286  13.998 0.0000000000
149265  -58.354  2.755  13.656 0.0000000000
149266  -58.618  3.471  14.339 0.0000000000
149267  -58.481  3.333  13.823 0.0000000000
149268  -58.359  3.227  13.318 0.0000000000
149269  -58.242  3.599  13.060 0.0000000000
149270  -58.022  3.944  12.816 0.0000000000
149271  -57.694  4.225  12.584 0.0000000000
149272  -57.238  4.384  12.859 0.0000000000
149273  -56.629  4.338  13.139 0.0000000000
149274  -55.974  4.160  13.423 0.0000000000
149275  -56.554  4.369  14.267 0.0000000000
149276  -55.926  4.134  13.961 0.0000000000
149277  -55.273  3.893  13.665 0.0000000000
149278  -54.591  3.612  13.891 0.0000000000
149279  -53.920  3.394  14.207 0.0000000000
149280  -53.230  3.172  14.448 0.0000000000
149281  -59.316  2.572  18.529 0.0000000000
149282  -59.322  3.180  18.244 0.0000000000
149283  -59.236  3.749  17.914 0.0000000000
149286  -59.041  4.259  17.562 0.0000000000
149287  -58.751  4.709  17.221 0.0000000000
149288  -58.336  5.008  17.007 0.0000000000
149289  -57.808  5.119  16.820 0.0000000000
149297  -57.154  5.114  17.155 0.0000000000
149298  -57.192  5.042  16.604 0.0000000000
149299  -56.486  4.767  16.348 0.0000000000
149300  -55.796  4.424  16.069 0.0000000000
149301  -55.155  4.061  15.852 0.0000000000
149302  -54.409  3.919  16.691 0.0000000000
149303  -54.474  3.793  16.098 0.0000000000
149304  -54.512  3.693  15.548 0.0000000000
149305  -53.883  3.429  15.231 0.0000000000
149306  -53.213  3.169  14.937 0.0000000000
149307  -52.504  3.003  14.676 0.0000000000
149308  -51.771  2.880  14.901 0.0000000000
149309  -51.038  2.798  15.107 0.0000000000
149310  -50.225  2.709  15.349 0.0000000000
149311  -50.835  2.735  16.176 0.0000000000
149312  -50.183  2.656  15.861 0.0000000000
149313  -49.476  2.705  15.558 0.0000000000
149317  -50.670  2.940  18.385 0.0000000000
149318  -49.965  2.732  18.033 0.0000000000
149319  -49.246  2.599  17.656 0.0000000000
150546  -62.365  -14.372  21.884 0.0000000000
150547  -62.276  -14.748  21.362 0.0000000000
150548  -62.172  -15.050  20.910 0.0000000000
150549  -62.367  -14.892  20.447 0.0000000000
150550  -62.547  -14.754  19.960 0.0000000000
150551  -62.722  -14.550  19.465 0.0000000000
150625  -63.349  -12.158  21.646 0.0000000000
150626  -63.277  -12.614  21.098 0.0000000000
150627  -63.594  -11.795  20.491 0.0000000000
150628  -63.426  -12.400  20.552 0.0000000000
150629  -63.207  -13.057  20.541 0.0000000000
150630  -63.107  -13.532  19.979 0.0000000000
150631  -62.973  -13.942  19.430 0.0000000000
150632  -62.823  -14.334  18.889 0.0000000000
150633  -63.023  -14.137  18.391 0.0000000000
150634  -63.178  -13.999  17.881 0.0000000000
150635  -63.307  -13.820  17.375 0.0000000000
150636  -63.604  -12.750  17.760 0.0000000000
150637  -63.532  -13.150  17.279 0.0000000000
150638  -63.423  -13.560  16.872 0.0000000000
150639  -63.515  -13.311  16.361 0.0000000000
150640  -63.531  -13.037  15.826 0.0000000000
150641  -63.520  -12.697  15.301 0.0000000000
150642  -63.228  -10.184  17.416 0.0000000000
150643  -63.425  -10.497  16.965 0.0000000000
150644  -63.539  -10.846  16.492 0.0000000000
150645  -63.056  -10.127  16.003 0.0000000000
150646  -63.382  -10.640  15.992 0.0000000000
150647  -63.593  -11.239  16.014 0.0000000000
150648  -63.614  -11.692  15.585 0.0000000000
150649  -63.572  -12.019  15.159 0.0000000000
150650  -63.475  -12.313  14.764 0.0000000000
150651  -63.391  -11.889  14.201 0.0000000000
150652  -63.244  -11.465  13.570 0.0000000000
150653  -63.040  -11.050  12.998 0.0000000000
150654  -62.936  -10.324  13.401 0.0000000000
150655  -62.923  -10.483  12.930 0.0000000000
150656  -62.831  -10.623  12.476 0.0000000000
150657  -62.577  -10.159  12.038 0.0000000000
150658  -62.242  -9.631  11.712 0.0000000000
150659  -61.844  -9.065  11.413 0.0000000000
150672  -57.280  -5.784  14.837 0.0000000000
150676  -59.540  -8.313  14.282 0.0000000000
150677  -60.443  -8.621  14.130 0.0000000000
150678  -60.782  -8.485  13.735 0.0000000000
150679  -61.060  -8.383  13.320 0.0000000000
150680  -61.294  -8.411  12.880 0.0000000000
150681  -60.209  -7.477  13.018 0.0000000000
150682  -60.885  -7.942  12.721 0.0000000000
150683  -61.435  -8.425  12.445 0.0000000000
150684  -61.511  -8.440  12.013 0.0000000000
150685  -61.547  -8.529  11.577 0.0000000000
150686  -61.495  -8.553  11.178 0.0000000000
150687  -61.163  -8.073  11.028 0.0000000000
150688  -60.834  -7.621  10.930 0.0000000000
150689  -60.477  -7.176  10.872 0.0000000000
150690  -59.947  -6.657  11.673 0.0000000000
150691  -60.034  -6.697  11.257 0.0000000000
150692  -60.069  -6.704  10.842 0.0000000000
150693  -59.644  -6.256  10.758 0.0000000000
150694  -59.237  -5.765  10.734 0.0000000000
150695  -58.843  -5.233  10.786 0.0000000000
150696  -57.879  -4.097  13.472 0.0000000000
150697  -58.022  -4.264  13.048 0.0000000000
150698  -58.140  -4.409  12.643 0.0000000000
150699  -57.607  -3.027  13.316 0.0000000000
150700  -57.870  -3.804  12.766 0.0000000000
150701  -58.242  -4.507  12.214 0.0000000000
150702  -58.364  -4.619  11.762 0.0000000000
150703  -58.449  -4.696  11.297 0.0000000000
150704  -58.504  -4.746  10.830 0.0000000000
150705  -58.165  -4.156  10.965 0.0000000000
150706  -57.880  -3.542  11.082 0.0000000000
150707  -57.655  -2.916  11.206 0.0000000000
150708  -57.437  -2.067  12.214 0.0000000000
150709  -57.457  -2.195  11.789 0.0000000000
150710  -57.474  -2.235  11.350 0.0000000000
150711  -57.334  -1.549  11.322 0.0000000000
150712  -57.241  -0.790  11.258 0.0000000000
154362  -57.324  0.859  10.342 0.0000000000
154363  -57.333  1.139  9.928 0.0000000000
154364  -57.352  1.392  9.519 0.0000000000
154365  -57.775  2.346  10.177 0.0000000000
154366  -57.557  2.016  9.615 0.0000000000
154367  -57.329  1.634  9.093 0.0000000000
154368  -57.311  1.847  8.657 0.0000000000
154389  -52.441  3.271  13.049 0.0000000000
