#!ascii label  , from subject fsaverage vox2ras=TkReg
478
277  -59.645  -30.179  33.457 0.0000000000
758  -62.406  -31.372  30.883 0.0000000000
1651  -59.079  -31.817  37.228 0.0000000000
1653  -60.563  -33.548  34.605 0.0000000000
1654  -57.892  -34.592  31.444 0.0000000000
1655  -54.557  -36.134  28.870 0.0000000000
2273  -56.122  -33.037  24.638 0.0000000000
2274  -49.930  -36.951  27.339 0.0000000000
3712  -59.719  -30.781  35.499 0.0000000000
3713  -60.382  -32.528  36.257 0.0000000000
3714  -61.205  -31.428  34.506 0.0000000000
3715  -62.156  -32.287  29.037 0.0000000000
3716  -60.820  -33.109  31.262 0.0000000000
3717  -59.259  -33.497  29.626 0.0000000000
3718  -56.144  -34.973  30.083 0.0000000000
3719  -57.511  -33.833  28.178 0.0000000000
5045  -53.354  -32.643  24.505 0.0000000000
5046  -52.776  -34.634  26.212 0.0000000000
5047  -49.942  -34.634  25.989 0.0000000000
5971  -59.212  -29.665  31.415 0.0000000000
5972  -61.325  -30.527  32.260 0.0000000000
5973  -61.127  -29.846  30.246 0.0000000000
7693  -57.952  -33.108  38.587 0.0000000000
7695  -59.302  -33.665  37.742 0.0000000000
7698  -61.748  -32.369  33.051 0.0000000000
7699  -59.475  -34.111  32.922 0.0000000000
8715  -56.863  -31.895  37.893 0.0000000000
8716  -57.709  -30.747  36.503 0.0000000000
8717  -57.947  -29.942  34.824 0.0000000000
8720  -57.753  -29.333  32.718 0.0000000000
9382  -55.330  -34.749  26.819 0.0000000000
9383  -52.412  -36.728  27.856 0.0000000000
11392  -59.738  -30.390  34.497 0.0000000000
11393  -60.520  -31.058  35.044 0.0000000000
11394  -60.554  -30.611  33.987 0.0000000000
11395  -61.585  -32.657  28.018 0.0000000000
11396  -60.856  -32.904  29.255 0.0000000000
11397  -60.057  -33.119  28.429 0.0000000000
11398  -58.449  -33.585  28.845 0.0000000000
11399  -59.235  -33.279  27.689 0.0000000000
12726  -51.572  -33.559  25.273 0.0000000000
13792  -59.062  -29.170  30.491 0.0000000000
13793  -60.127  -29.770  30.891 0.0000000000
13794  -59.989  -29.192  29.935 0.0000000000
16897  -58.509  -32.439  37.902 0.0000000000
16898  -58.746  -33.339  38.264 0.0000000000
16899  -59.276  -32.714  37.524 0.0000000000
16900  -60.623  -33.034  35.483 0.0000000000
16901  -60.118  -33.559  36.213 0.0000000000
16902  -59.917  -34.099  35.285 0.0000000000
16905  -62.011  -30.836  31.628 0.0000000000
16906  -61.917  -31.291  32.720 0.0000000000
16907  -62.141  -31.837  32.004 0.0000000000
16908  -59.357  -33.732  31.306 0.0000000000
16909  -60.105  -33.555  32.143 0.0000000000
16910  -58.692  -34.365  32.186 0.0000000000
16915  -55.324  -35.496  29.357 0.0000000000
19241  -56.340  -32.550  38.471 0.0000000000
19246  -57.911  -30.245  35.721 0.0000000000
19256  -57.575  -28.939  31.769 0.0000000000
20896  -57.041  -33.717  26.121 0.0000000000
20897  -55.751  -33.909  25.712 0.0000000000
20898  -51.203  -35.708  26.885 0.0000000000
20899  -52.486  -35.797  27.071 0.0000000000
20900  -51.164  -36.791  27.617 0.0000000000
25114  -59.501  -31.279  36.439 0.0000000000
25115  -59.830  -32.073  36.835 0.0000000000
25116  -60.327  -31.580  36.006 0.0000000000
25117  -60.847  -31.972  35.416 0.0000000000
25118  -61.188  -32.485  34.711 0.0000000000
25119  -62.456  -31.885  30.044 0.0000000000
25120  -62.022  -32.339  31.194 0.0000000000
25121  -61.552  -32.702  30.230 0.0000000000
25122  -60.055  -33.308  30.392 0.0000000000
25123  -58.466  -33.970  30.601 0.0000000000
25124  -57.079  -34.750  30.798 0.0000000000
25125  -57.650  -34.119  29.923 0.0000000000
25126  -56.742  -34.366  29.242 0.0000000000
25127  -55.824  -34.932  28.540 0.0000000000
27513  -54.729  -32.792  24.520 0.0000000000
27514  -54.382  -33.791  25.407 0.0000000000
27515  -52.980  -33.641  25.324 0.0000000000
27516  -51.317  -34.626  26.120 0.0000000000
27517  -49.891  -35.803  26.718 0.0000000000
29293  -59.431  -29.979  32.439 0.0000000000
29294  -60.513  -30.340  32.878 0.0000000000
29295  -60.363  -30.118  31.901 0.0000000000
29296  -61.302  -30.286  31.257 0.0000000000
29297  -62.112  -30.537  30.539 0.0000000000
29299  -61.979  -30.036  29.529 0.0000000000
29300  -62.554  -30.960  29.776 0.0000000000
29301  -62.707  -31.403  28.788 0.0000000000
33499  -57.482  -33.636  39.477 0.0000000000
33501  -58.263  -33.860  39.071 0.0000000000
33504  -59.843  -33.093  36.960 0.0000000000
33510  -61.380  -30.896  33.368 0.0000000000
33511  -61.701  -31.829  33.788 0.0000000000
33512  -61.193  -33.023  33.915 0.0000000000
33513  -61.484  -32.789  32.132 0.0000000000
33514  -60.785  -33.350  32.985 0.0000000000
33515  -60.159  -33.900  33.732 0.0000000000
36393  -56.945  -33.122  39.017 0.0000000000
36394  -57.460  -32.463  38.268 0.0000000000
36395  -58.038  -31.789  37.635 0.0000000000
36397  -57.352  -31.286  37.292 0.0000000000
36398  -58.517  -31.215  36.927 0.0000000000
36399  -58.802  -30.695  36.074 0.0000000000
36400  -58.869  -30.296  35.151 0.0000000000
36401  -58.802  -30.044  34.161 0.0000000000
36409  -57.933  -29.613  33.804 0.0000000000
36410  -58.628  -29.856  33.112 0.0000000000
36411  -58.442  -29.586  32.113 0.0000000000
36412  -58.274  -29.137  31.181 0.0000000000
36413  -58.188  -28.509  30.422 0.0000000000
38386  -58.288  -33.395  26.737 0.0000000000
38387  -56.500  -34.287  27.414 0.0000000000
38388  -54.955  -35.532  27.936 0.0000000000
38389  -54.113  -34.800  26.368 0.0000000000
38390  -53.801  -35.819  27.323 0.0000000000
38391  -53.669  -36.522  28.257 0.0000000000
42112  -59.685  -30.270  34.018 0.0000000000
42113  -60.157  -30.511  34.254 0.0000000000
42114  -60.132  -30.377  33.717 0.0000000000
42115  -61.211  -32.775  27.609 0.0000000000
42116  -60.855  -32.892  28.199 0.0000000000
42117  -60.497  -32.990  27.793 0.0000000000
42118  -59.687  -33.197  28.040 0.0000000000
42119  -60.083  -33.074  27.412 0.0000000000
44512  -59.016  -28.855  30.126 0.0000000000
44513  -59.523  -29.162  30.189 0.0000000000
47617  -58.808  -32.123  37.570 0.0000000000
47618  -58.908  -32.549  37.705 0.0000000000
47619  -59.209  -32.252  37.398 0.0000000000
47620  -60.620  -33.287  35.063 0.0000000000
47621  -60.314  -33.593  35.397 0.0000000000
47622  -60.247  -33.832  34.941 0.0000000000
47624  -60.102  -34.014  34.458 0.0000000000
47625  -62.273  -31.088  31.271 0.0000000000
47626  -62.179  -31.311  31.841 0.0000000000
47627  -62.286  -31.598  31.446 0.0000000000
47628  -58.606  -34.159  31.397 0.0000000000
47629  -59.021  -34.029  31.748 0.0000000000
47630  -58.293  -34.478  31.787 0.0000000000
47635  -54.903  -35.840  29.062 0.0000000000
47636  -54.766  -36.137  29.431 0.0000000000
47637  -54.425  -36.413  29.248 0.0000000000
47639  -54.035  -36.659  29.055 0.0000000000
51615  -56.829  -33.118  24.741 0.0000000000
51616  -56.685  -33.519  25.315 0.0000000000
51617  -55.936  -33.490  25.154 0.0000000000
51618  -50.516  -36.307  27.147 0.0000000000
51619  -51.136  -36.291  27.264 0.0000000000
51620  -50.537  -36.869  27.490 0.0000000000
57217  -59.620  -31.035  35.975 0.0000000000
57218  -59.912  -31.418  36.245 0.0000000000
57219  -60.053  -31.173  35.768 0.0000000000
57220  -60.876  -31.241  34.780 0.0000000000
57221  -60.760  -31.475  35.275 0.0000000000
57222  -61.059  -31.669  34.979 0.0000000000
57223  -61.087  -32.189  35.101 0.0000000000
57224  -61.337  -31.875  34.658 0.0000000000
57225  -62.336  -32.078  29.539 0.0000000000
57226  -62.102  -32.309  30.170 0.0000000000
57227  -61.876  -32.483  29.647 0.0000000000
57228  -60.084  -33.172  29.460 0.0000000000
57229  -60.459  -33.095  29.862 0.0000000000
57230  -59.630  -33.408  30.003 0.0000000000
57231  -59.247  -33.632  30.503 0.0000000000
57232  -58.821  -33.736  30.140 0.0000000000
57233  -58.097  -34.055  30.255 0.0000000000
57234  -58.474  -33.782  29.797 0.0000000000
57235  -57.976  -33.677  28.502 0.0000000000
57236  -57.565  -33.915  29.049 0.0000000000
57237  -57.128  -34.091  28.709 0.0000000000
57238  -56.302  -34.624  28.866 0.0000000000
57239  -56.639  -34.335  28.379 0.0000000000
61215  -54.060  -32.697  24.519 0.0000000000
61216  -53.863  -33.198  24.888 0.0000000000
61217  -53.180  -33.129  24.895 0.0000000000
61218  -50.733  -34.082  25.650 0.0000000000
61219  -51.439  -34.079  25.694 0.0000000000
61220  -50.625  -34.634  26.076 0.0000000000
61221  -50.537  -35.198  26.421 0.0000000000
61222  -49.902  -35.218  26.362 0.0000000000
64417  -59.316  -29.841  31.901 0.0000000000
64418  -59.870  -30.042  32.164 0.0000000000
64419  -59.772  -29.892  31.662 0.0000000000
64420  -60.627  -29.814  30.613 0.0000000000
64421  -60.714  -30.021  31.085 0.0000000000
64422  -61.219  -30.105  30.764 0.0000000000
64423  -61.728  -30.394  30.938 0.0000000000
64424  -61.675  -30.203  30.371 0.0000000000
64431  -62.331  -30.501  29.670 0.0000000000
64432  -62.552  -30.704  29.249 0.0000000000
64433  -62.685  -31.192  29.308 0.0000000000
73732  -57.672  -33.402  39.061 0.0000000000
73733  -57.869  -33.743  39.314 0.0000000000
73734  -58.119  -33.496  38.869 0.0000000000
73735  -59.057  -33.500  38.014 0.0000000000
73736  -58.828  -33.773  38.414 0.0000000000
73737  -59.065  -33.940  38.118 0.0000000000
73740  -60.155  -32.295  36.596 0.0000000000
73741  -59.887  -32.597  36.974 0.0000000000
73742  -60.119  -32.871  36.616 0.0000000000
73743  -59.762  -34.066  36.160 0.0000000000
73744  -59.788  -33.834  36.595 0.0000000000
73755  -60.930  -30.421  32.564 0.0000000000
73756  -61.003  -30.563  33.140 0.0000000000
73757  -61.380  -30.683  32.802 0.0000000000
73758  -61.969  -31.789  32.940 0.0000000000
73759  -61.830  -31.538  33.259 0.0000000000
73760  -61.793  -32.080  33.424 0.0000000000
73761  -61.549  -32.419  33.874 0.0000000000
73762  -61.509  -32.675  33.499 0.0000000000
73763  -61.505  -32.752  31.235 0.0000000000
73764  -61.767  -32.548  31.672 0.0000000000
73765  -61.186  -32.958  31.699 0.0000000000
73766  -59.760  -33.840  32.548 0.0000000000
73767  -60.458  -33.466  32.553 0.0000000000
73768  -60.147  -33.732  32.923 0.0000000000
73769  -60.458  -33.608  33.383 0.0000000000
73770  -59.863  -34.033  33.291 0.0000000000
73785  -56.637  -34.831  30.433 0.0000000000
80756  -56.679  -33.407  39.383 0.0000000000
80757  -56.390  -33.129  39.142 0.0000000000
80758  -56.621  -32.213  38.176 0.0000000000
80759  -56.910  -32.494  38.415 0.0000000000
80760  -57.181  -32.176  38.102 0.0000000000
80761  -57.754  -32.151  37.956 0.0000000000
80762  -57.461  -31.859  37.780 0.0000000000
80766  -57.158  -30.795  36.629 0.0000000000
80768  -57.588  -30.991  36.939 0.0000000000
80769  -57.999  -31.231  37.186 0.0000000000
80770  -58.179  -30.943  36.720 0.0000000000
80771  -58.697  -30.954  36.494 0.0000000000
80772  -58.319  -30.685  36.312 0.0000000000
80773  -57.950  -30.080  35.280 0.0000000000
80774  -58.388  -30.259  35.459 0.0000000000
80775  -58.410  -30.115  34.994 0.0000000000
80776  -58.873  -30.177  34.693 0.0000000000
80777  -58.392  -30.003  34.545 0.0000000000
80796  -57.438  -29.245  33.045 0.0000000000
80797  -57.488  -29.397  33.541 0.0000000000
80798  -57.848  -29.505  33.261 0.0000000000
80799  -58.286  -29.735  33.470 0.0000000000
80800  -58.167  -29.597  32.923 0.0000000000
80801  -58.513  -29.720  32.580 0.0000000000
80802  -58.079  -29.435  32.417 0.0000000000
80803  -57.519  -28.691  31.369 0.0000000000
80804  -57.916  -29.045  31.421 0.0000000000
80805  -57.854  -28.797  31.077 0.0000000000
80806  -58.252  -28.837  30.767 0.0000000000
80807  -57.833  -28.444  30.756 0.0000000000
85726  -59.249  -33.061  26.351 0.0000000000
85727  -58.597  -33.215  26.009 0.0000000000
85728  -56.161  -34.220  26.491 0.0000000000
85729  -56.762  -34.013  26.799 0.0000000000
85730  -55.935  -34.576  27.110 0.0000000000
85731  -55.668  -34.917  27.710 0.0000000000
85732  -55.129  -35.187  27.413 0.0000000000
85733  -53.564  -34.188  25.843 0.0000000000
85734  -54.235  -34.278  25.933 0.0000000000
85735  -53.464  -34.718  26.273 0.0000000000
85736  -52.432  -36.277  27.476 0.0000000000
85737  -53.159  -35.818  27.161 0.0000000000
85738  -53.096  -36.268  27.608 0.0000000000
85739  -53.757  -36.223  27.834 0.0000000000
85740  -53.075  -36.659  28.037 0.0000000000
85741  -53.065  -36.991  28.429 0.0000000000
85742  -52.455  -37.120  28.223 0.0000000000
94234  -59.766  -30.557  35.006 0.0000000000
94235  -60.148  -30.881  35.276 0.0000000000
94236  -60.164  -30.678  34.760 0.0000000000
94237  -60.585  -30.834  34.515 0.0000000000
94238  -60.931  -31.003  34.253 0.0000000000
94239  -61.928  -32.486  28.471 0.0000000000
94240  -61.621  -32.654  29.104 0.0000000000
94241  -61.239  -32.752  28.611 0.0000000000
94242  -60.464  -33.000  28.810 0.0000000000
94243  -59.688  -33.284  29.051 0.0000000000
94244  -58.893  -33.517  29.223 0.0000000000
94245  -59.301  -33.330  28.644 0.0000000000
94246  -58.871  -33.395  28.283 0.0000000000
94247  -58.376  -33.482  27.946 0.0000000000
96634  -52.463  -33.062  24.903 0.0000000000
96635  -51.718  -33.076  24.872 0.0000000000
96636  -50.832  -33.579  25.263 0.0000000000
96637  -50.040  -34.073  25.608 0.0000000000
98554  -59.121  -29.430  30.907 0.0000000000
98555  -59.657  -29.713  31.161 0.0000000000
98556  -59.565  -29.476  30.662 0.0000000000
98557  -60.048  -29.495  30.387 0.0000000000
98558  -60.518  -29.545  30.110 0.0000000000
104143  -58.211  -32.761  38.246 0.0000000000
104144  -58.385  -33.203  38.471 0.0000000000
104145  -58.627  -32.868  38.103 0.0000000000
104146  -58.997  -33.017  37.881 0.0000000000
104147  -59.316  -33.176  37.653 0.0000000000
104148  -60.543  -32.768  35.891 0.0000000000
104149  -60.286  -33.090  36.244 0.0000000000
104150  -60.395  -33.328  35.834 0.0000000000
104151  -60.031  -33.831  35.772 0.0000000000
104157  -61.699  -30.664  31.960 0.0000000000
104158  -61.702  -30.855  32.527 0.0000000000
104159  -61.973  -31.064  32.190 0.0000000000
104160  -62.094  -31.559  32.359 0.0000000000
104161  -61.959  -32.086  32.547 0.0000000000
104162  -60.075  -33.426  31.286 0.0000000000
104163  -60.479  -33.300  31.708 0.0000000000
104164  -59.742  -33.614  31.742 0.0000000000
104165  -59.378  -33.948  32.162 0.0000000000
104166  -59.078  -34.241  32.561 0.0000000000
104175  -55.734  -35.224  29.725 0.0000000000
104176  -55.589  -35.545  30.102 0.0000000000
104177  -55.165  -35.833  29.769 0.0000000000
108367  -57.286  -30.540  36.230 0.0000000000
108368  -57.824  -30.452  36.112 0.0000000000
108369  -57.382  -30.273  35.841 0.0000000000
108370  -57.463  -30.071  35.488 0.0000000000
108371  -57.511  -29.928  35.014 0.0000000000
108386  -57.654  -29.144  32.239 0.0000000000
111340  -57.954  -33.359  25.710 0.0000000000
111341  -57.329  -33.443  25.482 0.0000000000
111342  -56.400  -33.851  25.891 0.0000000000
111343  -55.535  -34.319  26.253 0.0000000000
111344  -51.972  -35.161  26.599 0.0000000000
111345  -52.663  -35.201  26.638 0.0000000000
111346  -51.854  -35.720  26.975 0.0000000000
111347  -51.787  -36.256  27.361 0.0000000000
111348  -51.810  -36.735  27.741 0.0000000000
111349  -51.806  -37.206  28.074 0.0000000000
111350  -51.165  -37.241  27.940 0.0000000000
120040  -59.311  -31.550  36.853 0.0000000000
120041  -59.468  -31.939  37.039 0.0000000000
120042  -59.706  -31.667  36.663 0.0000000000
120043  -60.096  -31.832  36.454 0.0000000000
120044  -60.400  -32.034  36.175 0.0000000000
120045  -60.452  -31.310  35.543 0.0000000000
120046  -60.626  -31.774  35.718 0.0000000000
120047  -60.609  -32.261  35.840 0.0000000000
120048  -60.749  -32.514  35.490 0.0000000000
120049  -60.883  -32.759  35.113 0.0000000000
120050  -60.907  -33.033  34.691 0.0000000000
120051  -62.468  -31.639  30.498 0.0000000000
120052  -62.309  -31.866  31.053 0.0000000000
120053  -62.276  -32.103  30.675 0.0000000000
120054  -61.811  -32.544  30.731 0.0000000000
120055  -61.200  -32.915  30.776 0.0000000000
120056  -61.234  -32.842  29.733 0.0000000000
120057  -60.861  -33.029  30.290 0.0000000000
120058  -60.454  -33.234  30.806 0.0000000000
120059  -59.669  -33.526  30.889 0.0000000000
120060  -58.907  -33.876  30.958 0.0000000000
120061  -58.180  -34.281  31.063 0.0000000000
120062  -57.503  -34.680  31.142 0.0000000000
120063  -57.778  -34.357  30.709 0.0000000000
120064  -57.332  -34.414  30.355 0.0000000000
120065  -56.866  -34.511  30.019 0.0000000000
120066  -58.034  -33.836  29.411 0.0000000000
120067  -57.150  -34.209  29.587 0.0000000000
120068  -56.399  -34.663  29.707 0.0000000000
120069  -55.956  -34.895  29.322 0.0000000000
120070  -55.551  -35.195  28.943 0.0000000000
120071  -55.141  -35.551  28.681 0.0000000000
125637  -55.417  -32.915  24.571 0.0000000000
125638  -55.216  -33.419  24.941 0.0000000000
125639  -54.553  -33.300  24.918 0.0000000000
125640  -53.688  -33.721  25.336 0.0000000000
125641  -52.852  -34.135  25.778 0.0000000000
125642  -52.286  -33.566  25.278 0.0000000000
125643  -52.124  -34.096  25.749 0.0000000000
125644  -52.029  -34.634  26.190 0.0000000000
125645  -51.228  -35.179  26.504 0.0000000000
125646  -50.510  -35.738  26.776 0.0000000000
125647  -49.883  -36.326  27.034 0.0000000000
129979  -59.552  -30.089  32.954 0.0000000000
129980  -60.065  -30.270  33.137 0.0000000000
129981  -59.965  -30.182  32.654 0.0000000000
129982  -60.437  -30.232  32.370 0.0000000000
129983  -60.896  -30.320  32.092 0.0000000000
129984  -60.231  -29.957  31.369 0.0000000000
129985  -60.812  -30.188  31.585 0.0000000000
129986  -61.296  -30.397  31.752 0.0000000000
129987  -61.720  -30.527  31.453 0.0000000000
129988  -62.094  -30.701  31.130 0.0000000000
129989  -62.359  -30.900  30.703 0.0000000000
129992  -61.030  -29.532  29.763 0.0000000000
129995  -61.574  -29.919  29.857 0.0000000000
129996  -62.055  -30.308  29.990 0.0000000000
129997  -62.388  -30.720  30.202 0.0000000000
129998  -62.505  -31.172  30.325 0.0000000000
129999  -62.607  -31.438  29.874 0.0000000000
130000  -62.597  -31.661  29.395 0.0000000000
130001  -62.493  -31.903  28.928 0.0000000000
130004  -62.347  -32.157  28.428 0.0000000000
141642  -58.520  -33.621  38.654 0.0000000000
141648  -59.563  -32.416  37.200 0.0000000000
141649  -59.590  -32.915  37.305 0.0000000000
141650  -59.571  -33.364  37.347 0.0000000000
141651  -60.003  -33.354  36.598 0.0000000000
141652  -59.717  -33.576  36.971 0.0000000000
141653  -59.459  -33.879  37.386 0.0000000000
141666  -60.568  -30.464  33.442 0.0000000000
141667  -60.968  -30.766  33.694 0.0000000000
141668  -61.298  -31.182  33.962 0.0000000000
141669  -61.694  -31.051  33.015 0.0000000000
141670  -61.635  -31.325  33.612 0.0000000000
141671  -61.517  -31.595  34.164 0.0000000000
141672  -61.488  -32.165  34.266 0.0000000000
141673  -61.238  -32.755  34.294 0.0000000000
141674  -60.857  -33.269  34.260 0.0000000000
141675  -62.116  -32.096  31.590 0.0000000000
141676  -61.896  -32.327  32.112 0.0000000000
141677  -61.646  -32.586  32.604 0.0000000000
141678  -60.851  -33.202  32.118 0.0000000000
141679  -61.149  -33.064  32.569 0.0000000000
141680  -61.345  -32.894  33.034 0.0000000000
141681  -61.018  -33.189  33.449 0.0000000000
141682  -60.696  -33.460  33.825 0.0000000000
141683  -60.390  -33.728  34.150 0.0000000000
141684  -59.859  -34.191  34.049 0.0000000000
150147  -56.971  -33.630  39.639 0.0000000000
150148  -57.199  -33.376  39.274 0.0000000000
150149  -57.440  -33.101  38.860 0.0000000000
150150  -56.653  -32.832  38.750 0.0000000000
150151  -57.200  -32.792  38.626 0.0000000000
150152  -57.703  -32.772  38.424 0.0000000000
150153  -57.989  -32.448  38.105 0.0000000000
150154  -58.296  -32.108  37.783 0.0000000000
150155  -58.567  -31.774  37.469 0.0000000000
150161  -57.101  -31.590  37.595 0.0000000000
150162  -57.734  -31.544  37.469 0.0000000000
150163  -58.293  -31.478  37.348 0.0000000000
150164  -58.809  -31.495  37.102 0.0000000000
150165  -59.014  -31.254  36.677 0.0000000000
150166  -59.156  -30.974  36.240 0.0000000000
150167  -59.272  -30.729  35.812 0.0000000000
150168  -58.367  -30.449  35.898 0.0000000000
150169  -58.826  -30.467  35.636 0.0000000000
150170  -59.318  -30.516  35.347 0.0000000000
150171  -59.330  -30.339  34.852 0.0000000000
150172  -59.286  -30.201  34.357 0.0000000000
150173  -59.203  -30.095  33.846 0.0000000000
150194  -57.499  -29.756  34.569 0.0000000000
150196  -57.503  -29.564  34.061 0.0000000000
150197  -57.932  -29.790  34.341 0.0000000000
150198  -58.359  -29.828  34.000 0.0000000000
150199  -58.717  -29.942  33.624 0.0000000000
150200  -59.161  -30.022  33.300 0.0000000000
150201  -59.034  -29.919  32.802 0.0000000000
150202  -58.917  -29.798  32.266 0.0000000000
150203  -58.800  -29.629  31.775 0.0000000000
150204  -58.012  -29.256  31.934 0.0000000000
150205  -58.312  -29.368  31.636 0.0000000000
150206  -58.711  -29.416  31.300 0.0000000000
150207  -58.679  -29.170  30.829 0.0000000000
150208  -58.632  -28.856  30.418 0.0000000000
156118  -59.725  -33.081  26.897 0.0000000000
156119  -58.818  -33.282  27.211 0.0000000000
156120  -57.924  -33.611  27.468 0.0000000000
156121  -57.668  -33.570  26.416 0.0000000000
156122  -57.381  -33.793  27.079 0.0000000000
156123  -57.017  -34.044  27.749 0.0000000000
156124  -56.117  -34.589  28.013 0.0000000000
156125  -55.397  -35.239  28.230 0.0000000000
156126  -54.766  -35.837  28.398 0.0000000000
156127  -55.006  -33.871  25.553 0.0000000000
156128  -54.900  -34.344  26.055 0.0000000000
156129  -54.717  -34.814  26.576 0.0000000000
156130  -53.303  -35.292  26.712 0.0000000000
156131  -53.932  -35.342  26.834 0.0000000000
156132  -54.521  -35.321  27.120 0.0000000000
156133  -54.405  -35.760  27.633 0.0000000000
156134  -54.312  -36.091  28.106 0.0000000000
156135  -54.184  -36.369  28.573 0.0000000000
156136  -53.605  -36.818  28.691 0.0000000000
156204  -49.244  -35.318  26.259 0.0000000000
156205  -49.250  -35.944  26.597 0.0000000000
