#!ascii label  , from subject fsaverage vox2ras=TkReg
681
39  -53.546  -20.246  -25.488 0.0000000000
441  -61.631  -17.730  -20.788 0.0000000000
612  -47.393  -10.576  -32.583 0.0000000000
975  -62.303  -17.952  -16.014 0.0000000000
1988  -58.167  -22.427  -19.198 0.0000000000
1989  -57.838  -19.544  -23.920 0.0000000000
2461  -59.501  -14.087  -19.637 0.0000000000
2462  -60.469  -13.232  -22.818 0.0000000000
2463  -55.035  -14.259  -24.269 0.0000000000
2471  -50.372  -9.799  -27.251 0.0000000000
2472  -49.923  -15.666  -28.372 0.0000000000
4361  -62.125  -19.632  -18.410 0.0000000000
4362  -60.959  -22.428  -17.949 0.0000000000
4363  -59.903  -19.949  -20.524 0.0000000000
4364  -57.977  -21.011  -22.001 0.0000000000
4365  -60.193  -19.023  -23.022 0.0000000000
5509  -60.021  -10.644  -22.597 0.0000000000
5510  -59.210  -11.016  -24.376 0.0000000000
5511  -58.153  -13.798  -24.003 0.0000000000
5512  -56.398  -11.632  -25.458 0.0000000000
5531  -46.922  -7.845  -31.328 0.0000000000
5532  -49.251  -7.460  -29.291 0.0000000000
5533  -47.949  -10.326  -29.196 0.0000000000
5534  -49.409  -12.787  -27.074 0.0000000000
5535  -48.737  -13.187  -30.385 0.0000000000
6362  -63.726  -19.604  -16.334 0.0000000000
6363  -62.618  -17.193  -17.962 0.0000000000
7065  -46.358  -7.747  -34.501 0.0000000000
8552  -56.047  -21.601  -22.989 0.0000000000
8553  -55.476  -19.670  -24.344 0.0000000000
9938  -60.855  -15.992  -17.632 0.0000000000
9939  -61.835  -15.363  -19.444 0.0000000000
9941  -60.888  -13.131  -20.903 0.0000000000
9942  -61.501  -15.763  -22.035 0.0000000000
9943  -59.554  -16.379  -23.640 0.0000000000
9944  -56.698  -16.761  -23.945 0.0000000000
9945  -53.677  -17.376  -24.272 0.0000000000
9968  -52.516  -7.300  -28.619 0.0000000000
9969  -54.007  -9.744  -26.936 0.0000000000
9970  -52.616  -12.129  -25.675 0.0000000000
9971  -51.402  -15.062  -25.342 0.0000000000
9972  -51.676  -18.231  -26.688 0.0000000000
9973  -52.087  -18.125  -29.314 0.0000000000
10421  -54.078  -21.261  -24.838 0.0000000000
10423  -53.509  -21.599  -25.960 0.0000000000
10425  -53.232  -20.500  -26.489 0.0000000000
12041  -61.699  -18.462  -19.574 0.0000000000
12042  -60.986  -19.694  -19.455 0.0000000000
12043  -60.818  -18.788  -20.958 0.0000000000
12044  -60.007  -19.509  -22.029 0.0000000000
12045  -61.052  -18.409  -22.153 0.0000000000
13189  -59.505  -9.665  -24.513 0.0000000000
13190  -58.530  -10.083  -25.404 0.0000000000
13191  -58.027  -11.333  -25.090 0.0000000000
13192  -57.099  -10.492  -25.950 0.0000000000
13211  -46.904  -9.241  -31.828 0.0000000000
13212  -47.464  -9.104  -30.283 0.0000000000
13213  -47.531  -10.543  -30.832 0.0000000000
13214  -48.137  -11.790  -29.704 0.0000000000
13215  -48.131  -11.897  -31.511 0.0000000000
13216  -48.926  -13.187  -31.995 0.0000000000
14441  -62.914  -19.296  -15.394 0.0000000000
14442  -63.652  -19.895  -15.391 0.0000000000
14443  -63.234  -18.801  -16.149 0.0000000000
14444  -63.091  -18.496  -17.150 0.0000000000
14445  -62.627  -17.427  -16.876 0.0000000000
18844  -59.525  -22.434  -18.529 0.0000000000
18850  -56.956  -22.783  -19.948 0.0000000000
18851  -58.116  -20.498  -23.227 0.0000000000
18852  -57.048  -21.359  -22.544 0.0000000000
18853  -57.006  -20.663  -23.497 0.0000000000
18854  -55.987  -20.820  -23.771 0.0000000000
18855  -56.637  -19.559  -24.049 0.0000000000
22280  -60.110  -15.080  -18.826 0.0000000000
22281  -61.465  -15.529  -18.401 0.0000000000
22282  -60.839  -14.591  -19.416 0.0000000000
22286  -60.395  -11.832  -22.703 0.0000000000
22287  -60.444  -11.867  -21.698 0.0000000000
22288  -60.906  -13.060  -21.879 0.0000000000
22289  -61.389  -14.346  -21.258 0.0000000000
22290  -61.013  -14.527  -22.295 0.0000000000
22291  -60.776  -16.096  -22.984 0.0000000000
22292  -60.216  -14.803  -23.156 0.0000000000
22293  -56.589  -14.058  -24.105 0.0000000000
22294  -57.484  -15.213  -23.837 0.0000000000
22295  -55.947  -15.419  -23.956 0.0000000000
22296  -55.224  -17.013  -23.948 0.0000000000
22297  -54.386  -15.760  -24.065 0.0000000000
22354  -49.731  -8.636  -28.157 0.0000000000
22355  -50.839  -7.284  -28.822 0.0000000000
22356  -51.391  -8.601  -27.857 0.0000000000
22357  -53.190  -8.565  -27.802 0.0000000000
22358  -52.169  -9.786  -26.961 0.0000000000
22359  -53.243  -10.878  -26.266 0.0000000000
22360  -51.363  -11.016  -26.403 0.0000000000
22361  -49.504  -14.332  -27.595 0.0000000000
22362  -50.449  -13.950  -26.150 0.0000000000
22363  -50.258  -15.513  -26.699 0.0000000000
22364  -51.180  -16.685  -25.855 0.0000000000
22365  -50.769  -16.926  -27.458 0.0000000000
22366  -51.685  -18.179  -28.045 0.0000000000
22367  -50.851  -16.938  -28.918 0.0000000000
26281  -62.888  -21.011  -17.394 0.0000000000
26283  -61.597  -20.978  -18.190 0.0000000000
26284  -60.291  -21.005  -19.019 0.0000000000
26285  -58.968  -21.084  -19.842 0.0000000000
26286  -57.896  -21.522  -20.627 0.0000000000
26287  -58.939  -20.495  -21.419 0.0000000000
26288  -59.069  -20.139  -22.663 0.0000000000
26289  -59.090  -19.403  -23.659 0.0000000000
28349  -59.899  -10.731  -23.510 0.0000000000
28350  -59.844  -12.055  -23.546 0.0000000000
28351  -59.466  -13.477  -23.564 0.0000000000
28352  -58.767  -12.371  -24.248 0.0000000000
28353  -57.287  -12.693  -24.598 0.0000000000
28354  -55.670  -12.941  -24.755 0.0000000000
28389  -47.934  -7.703  -30.153 0.0000000000
28390  -48.376  -8.842  -29.020 0.0000000000
28391  -48.934  -10.021  -27.948 0.0000000000
28392  -49.703  -11.263  -26.952 0.0000000000
28393  -48.642  -11.562  -28.052 0.0000000000
28394  -48.784  -13.061  -28.616 0.0000000000
28395  -49.267  -14.438  -29.443 0.0000000000
28396  -50.031  -15.656  -29.915 0.0000000000
28397  -49.427  -14.482  -31.057 0.0000000000
30204  -63.793  -20.899  -16.462 0.0000000000
30205  -63.103  -19.606  -17.396 0.0000000000
30206  -62.583  -18.346  -18.268 0.0000000000
30207  -62.165  -17.219  -19.286 0.0000000000
31844  -46.482  -7.895  -32.833 0.0000000000
31845  -46.858  -9.130  -33.421 0.0000000000
31846  -47.469  -10.492  -33.972 0.0000000000
31847  -46.880  -9.031  -34.981 0.0000000000
35920  -56.890  -22.105  -21.238 0.0000000000
35921  -56.001  -22.369  -21.919 0.0000000000
35923  -55.123  -21.861  -23.370 0.0000000000
35924  -54.960  -21.016  -24.178 0.0000000000
35925  -54.438  -19.821  -24.740 0.0000000000
40050  -61.570  -16.938  -16.759 0.0000000000
40051  -62.119  -16.293  -17.482 0.0000000000
40052  -62.230  -16.192  -18.626 0.0000000000
40053  -62.025  -16.444  -20.070 0.0000000000
40057  -59.754  -10.817  -21.651 0.0000000000
40058  -60.032  -12.232  -20.796 0.0000000000
40059  -60.356  -13.482  -20.143 0.0000000000
40060  -61.338  -14.347  -20.235 0.0000000000
40061  -61.785  -15.467  -20.726 0.0000000000
40062  -61.674  -16.935  -21.523 0.0000000000
40063  -61.058  -17.354  -22.695 0.0000000000
40064  -60.041  -17.750  -23.579 0.0000000000
40065  -58.712  -17.987  -23.920 0.0000000000
40066  -58.964  -15.074  -23.762 0.0000000000
40067  -58.129  -16.582  -23.943 0.0000000000
40068  -57.373  -18.154  -24.023 0.0000000000
40069  -56.048  -18.275  -24.073 0.0000000000
40070  -54.681  -18.458  -24.275 0.0000000000
40071  -53.516  -18.844  -24.773 0.0000000000
40143  -55.941  -9.577  -26.814 0.0000000000
40144  -55.184  -10.685  -26.272 0.0000000000
40145  -54.474  -11.900  -25.561 0.0000000000
40146  -53.867  -13.169  -24.900 0.0000000000
40147  -50.806  -12.443  -26.090 0.0000000000
40148  -51.967  -13.564  -25.300 0.0000000000
40149  -53.200  -14.554  -24.646 0.0000000000
40150  -52.527  -16.228  -24.642 0.0000000000
40151  -52.280  -17.846  -25.223 0.0000000000
40152  -52.678  -19.263  -25.973 0.0000000000
40153  -52.499  -19.362  -27.200 0.0000000000
40154  -52.774  -19.350  -28.465 0.0000000000
40156  -51.252  -16.858  -30.411 0.0000000000
41141  -53.873  -20.761  -25.210 0.0000000000
41142  -53.724  -21.436  -25.370 0.0000000000
41143  -53.548  -20.964  -25.764 0.0000000000
41144  -53.349  -21.065  -26.283 0.0000000000
41145  -53.361  -20.396  -25.967 0.0000000000
42761  -61.585  -18.030  -20.221 0.0000000000
42762  -61.252  -18.592  -20.265 0.0000000000
42763  -61.266  -18.237  -20.918 0.0000000000
42764  -60.944  -18.615  -21.588 0.0000000000
42765  -61.346  -18.043  -21.495 0.0000000000
43909  -58.721  -9.450  -25.523 0.0000000000
43910  -58.118  -9.676  -25.853 0.0000000000
43911  -57.842  -10.306  -25.708 0.0000000000
43912  -57.394  -9.850  -26.141 0.0000000000
43931  -47.113  -9.903  -32.205 0.0000000000
43932  -47.181  -9.936  -31.336 0.0000000000
43933  -47.418  -10.595  -31.713 0.0000000000
43934  -47.759  -11.260  -31.221 0.0000000000
43935  -47.754  -11.305  -32.136 0.0000000000
43936  -48.190  -11.870  -32.310 0.0000000000
43937  -47.779  -11.252  -32.836 0.0000000000
45161  -62.638  -18.690  -15.732 0.0000000000
45162  -63.135  -18.996  -15.733 0.0000000000
45163  -62.849  -18.387  -16.081 0.0000000000
45164  -62.956  -18.191  -16.472 0.0000000000
45165  -62.500  -17.695  -16.420 0.0000000000
49564  -58.798  -22.384  -18.853 0.0000000000
49570  -57.563  -22.557  -19.563 0.0000000000
49571  -58.087  -20.088  -23.682 0.0000000000
49572  -57.556  -20.566  -23.405 0.0000000000
49573  -57.509  -20.142  -23.779 0.0000000000
49574  -56.945  -20.196  -23.856 0.0000000000
49575  -57.206  -19.524  -24.002 0.0000000000
53000  -59.822  -14.641  -19.248 0.0000000000
53001  -60.485  -14.788  -19.093 0.0000000000
53002  -60.231  -14.316  -19.522 0.0000000000
53006  -60.477  -12.502  -22.801 0.0000000000
53007  -60.630  -12.440  -22.321 0.0000000000
53008  -60.789  -13.130  -22.414 0.0000000000
53009  -61.027  -13.764  -22.019 0.0000000000
53010  -60.774  -13.869  -22.503 0.0000000000
53011  -60.704  -14.663  -22.737 0.0000000000
53012  -60.419  -13.985  -22.925 0.0000000000
53013  -55.799  -14.152  -24.182 0.0000000000
53014  -56.251  -14.720  -23.984 0.0000000000
53015  -55.464  -14.838  -24.058 0.0000000000
53016  -55.169  -15.583  -23.988 0.0000000000
53017  -54.695  -14.973  -24.154 0.0000000000
53074  -50.078  -9.235  -27.594 0.0000000000
53075  -50.500  -8.619  -27.958 0.0000000000
53076  -50.867  -9.178  -27.474 0.0000000000
53077  -51.716  -9.192  -27.392 0.0000000000
53078  -51.210  -9.797  -27.079 0.0000000000
53079  -51.758  -10.376  -26.663 0.0000000000
53080  -50.890  -10.428  -26.813 0.0000000000
53081  -49.656  -15.018  -27.966 0.0000000000
53082  -49.881  -14.942  -27.129 0.0000000000
53083  -50.011  -15.596  -27.498 0.0000000000
53084  -50.441  -16.233  -27.082 0.0000000000
53085  -50.346  -16.273  -27.921 0.0000000000
53086  -50.754  -16.919  -28.187 0.0000000000
53087  -50.365  -16.278  -28.679 0.0000000000
59161  -62.510  -20.303  -17.862 0.0000000000
59162  -62.249  -20.981  -17.795 0.0000000000
59163  -61.913  -20.332  -18.329 0.0000000000
59164  -60.442  -19.726  -19.969 0.0000000000
59165  -60.664  -20.361  -19.218 0.0000000000
59166  -60.055  -20.399  -19.696 0.0000000000
59167  -59.626  -21.025  -19.426 0.0000000000
59168  -59.441  -20.522  -20.216 0.0000000000
59169  -58.902  -20.728  -20.663 0.0000000000
59170  -59.409  -20.211  -21.006 0.0000000000
59171  -60.094  -19.332  -22.600 0.0000000000
59172  -59.550  -19.850  -22.390 0.0000000000
59173  -59.640  -19.600  -22.946 0.0000000000
59174  -59.149  -19.823  -23.246 0.0000000000
59175  -59.645  -19.207  -23.350 0.0000000000
62606  -59.411  -10.307  -24.479 0.0000000000
62607  -59.702  -10.179  -23.989 0.0000000000
62608  -59.614  -10.884  -23.959 0.0000000000
62609  -59.850  -11.418  -23.566 0.0000000000
62610  -59.501  -11.565  -23.949 0.0000000000
62611  -59.373  -12.204  -23.941 0.0000000000
62612  -59.042  -11.694  -24.306 0.0000000000
62613  -57.252  -11.490  -25.305 0.0000000000
62614  -57.646  -12.007  -24.855 0.0000000000
62615  -56.883  -12.143  -25.007 0.0000000000
62616  -56.479  -12.820  -24.685 0.0000000000
62617  -56.100  -12.215  -25.148 0.0000000000
62671  -47.095  -7.171  -31.155 0.0000000000
62672  -47.645  -7.111  -30.575 0.0000000000
62673  -47.370  -7.811  -30.672 0.0000000000
62674  -47.692  -9.724  -29.731 0.0000000000
62675  -47.866  -8.989  -29.600 0.0000000000
62676  -48.125  -9.558  -29.022 0.0000000000
62677  -48.654  -9.396  -28.424 0.0000000000
62678  -48.388  -10.144  -28.463 0.0000000000
62679  -48.718  -10.765  -27.889 0.0000000000
62680  -48.292  -10.904  -28.590 0.0000000000
62681  -48.392  -12.500  -30.049 0.0000000000
62682  -48.432  -12.397  -29.144 0.0000000000
62683  -48.715  -13.135  -29.467 0.0000000000
62684  -49.006  -13.800  -28.991 0.0000000000
62685  -48.985  -13.866  -29.940 0.0000000000
62686  -49.317  -14.459  -30.214 0.0000000000
62687  -49.092  -13.888  -30.757 0.0000000000
66364  -63.731  -19.678  -15.815 0.0000000000
66366  -63.951  -20.280  -15.939 0.0000000000
66368  -63.776  -20.252  -16.396 0.0000000000
66369  -63.497  -20.300  -16.862 0.0000000000
66370  -63.456  -19.611  -16.872 0.0000000000
66371  -62.855  -17.800  -17.569 0.0000000000
66372  -62.898  -18.394  -17.680 0.0000000000
66373  -62.629  -17.709  -18.133 0.0000000000
66374  -62.301  -17.775  -18.774 0.0000000000
66375  -62.418  -17.172  -18.602 0.0000000000
69882  -46.261  -7.258  -33.358 0.0000000000
69883  -46.422  -7.837  -33.640 0.0000000000
69884  -46.581  -8.482  -33.116 0.0000000000
69885  -46.546  -8.406  -33.938 0.0000000000
69886  -46.861  -9.094  -34.156 0.0000000000
69887  -46.587  -8.307  -34.668 0.0000000000
69889  -46.703  -8.191  -36.141 0.0000000000
79569  -61.628  -22.426  -17.681 0.0000000000
79591  -57.931  -21.255  -21.383 0.0000000000
79592  -57.401  -21.806  -20.940 0.0000000000
79593  -57.485  -21.471  -21.649 0.0000000000
79594  -56.548  -21.492  -22.770 0.0000000000
79595  -56.469  -21.855  -22.218 0.0000000000
79596  -56.003  -21.967  -22.509 0.0000000000
79597  -55.527  -22.513  -22.234 0.0000000000
79598  -55.579  -22.090  -22.743 0.0000000000
79599  -55.167  -22.240  -22.981 0.0000000000
79600  -55.554  -21.690  -23.196 0.0000000000
79601  -55.817  -20.295  -24.096 0.0000000000
79602  -55.445  -20.898  -23.939 0.0000000000
79603  -55.236  -20.350  -24.281 0.0000000000
79604  -54.696  -20.427  -24.514 0.0000000000
79605  -54.950  -19.697  -24.502 0.0000000000
89876  -60.106  -15.871  -18.051 0.0000000000
89878  -60.504  -16.363  -17.491 0.0000000000
89879  -60.779  -16.843  -16.953 0.0000000000
89880  -61.185  -16.474  -17.210 0.0000000000
89881  -61.884  -16.570  -17.110 0.0000000000
89882  -61.520  -16.141  -17.524 0.0000000000
89883  -61.724  -15.384  -18.864 0.0000000000
89884  -61.989  -15.791  -18.400 0.0000000000
89885  -62.088  -15.810  -19.004 0.0000000000
89886  -62.195  -16.318  -19.295 0.0000000000
89887  -62.083  -15.876  -19.664 0.0000000000
89898  -59.967  -10.694  -22.090 0.0000000000
89899  -60.681  -12.504  -21.286 0.0000000000
89900  -60.282  -12.011  -21.209 0.0000000000
89901  -60.479  -12.680  -20.826 0.0000000000
89902  -60.166  -12.898  -20.478 0.0000000000
89903  -60.691  -13.289  -20.470 0.0000000000
89904  -60.911  -13.900  -20.134 0.0000000000
89905  -61.098  -13.768  -20.583 0.0000000000
89906  -61.458  -15.010  -21.591 0.0000000000
89907  -61.569  -14.909  -20.979 0.0000000000
89908  -61.711  -15.543  -21.392 0.0000000000
89909  -61.795  -16.149  -21.077 0.0000000000
89910  -61.625  -16.325  -21.761 0.0000000000
89911  -61.442  -17.186  -22.110 0.0000000000
89912  -61.406  -16.506  -22.377 0.0000000000
89913  -60.200  -16.246  -23.365 0.0000000000
89914  -60.460  -16.886  -23.269 0.0000000000
89915  -59.858  -17.046  -23.565 0.0000000000
89916  -59.372  -17.865  -23.790 0.0000000000
89917  -59.149  -17.175  -23.790 0.0000000000
89918  -58.829  -13.645  -23.848 0.0000000000
89919  -59.245  -14.255  -23.594 0.0000000000
89920  -58.542  -14.432  -23.790 0.0000000000
89921  -57.080  -16.011  -23.900 0.0000000000
89922  -57.790  -15.886  -23.911 0.0000000000
89923  -57.410  -16.669  -23.954 0.0000000000
89924  -57.763  -17.402  -23.982 0.0000000000
89925  -57.064  -17.480  -23.984 0.0000000000
89926  -56.714  -18.214  -24.043 0.0000000000
89927  -56.348  -17.565  -23.971 0.0000000000
89928  -54.437  -17.188  -24.067 0.0000000000
89929  -54.887  -17.772  -24.075 0.0000000000
89930  -54.181  -17.943  -24.255 0.0000000000
89931  -54.073  -18.629  -24.482 0.0000000000
89932  -53.562  -18.156  -24.531 0.0000000000
90099  -48.983  -6.926  -29.759 0.0000000000
90101  -49.747  -6.853  -29.486 0.0000000000
90102  -51.686  -7.274  -28.723 0.0000000000
90103  -51.378  -6.684  -29.094 0.0000000000
90109  -53.577  -9.191  -27.340 0.0000000000
90110  -54.118  -8.610  -27.721 0.0000000000
90111  -54.458  -9.160  -27.362 0.0000000000
90112  -55.423  -9.167  -27.226 0.0000000000
90113  -55.001  -9.697  -26.902 0.0000000000
90114  -55.524  -10.144  -26.546 0.0000000000
90115  -54.577  -10.250  -26.626 0.0000000000
90116  -52.898  -11.519  -25.961 0.0000000000
90117  -53.869  -11.428  -25.918 0.0000000000
90118  -53.539  -12.016  -25.607 0.0000000000
90119  -54.156  -12.540  -25.245 0.0000000000
90120  -53.205  -12.664  -25.335 0.0000000000
90121  -49.517  -12.014  -26.940 0.0000000000
90122  -50.239  -11.870  -26.504 0.0000000000
90123  -50.004  -12.618  -26.497 0.0000000000
90124  -50.895  -14.498  -25.721 0.0000000000
90125  -51.144  -13.763  -25.653 0.0000000000
90126  -51.651  -14.254  -25.251 0.0000000000
90127  -52.514  -14.050  -24.978 0.0000000000
90128  -52.254  -14.799  -24.914 0.0000000000
90129  -52.792  -15.398  -24.588 0.0000000000
90130  -51.965  -15.641  -24.972 0.0000000000
90131  -51.298  -17.532  -26.288 0.0000000000
90132  -51.711  -17.356  -25.507 0.0000000000
90133  -51.878  -18.089  -25.906 0.0000000000
90134  -52.458  -18.584  -25.607 0.0000000000
90135  -52.191  -18.739  -26.369 0.0000000000
90136  -52.545  -19.333  -26.574 0.0000000000
90137  -52.136  -18.795  -26.995 0.0000000000
90138  -51.867  -18.153  -28.683 0.0000000000
90139  -52.275  -18.781  -28.214 0.0000000000
90140  -52.527  -18.729  -28.858 0.0000000000
90143  -50.177  -15.640  -30.746 0.0000000000
90144  -50.597  -16.246  -30.168 0.0000000000
92485  -54.275  -21.736  -24.424 0.0000000000
92493  -53.125  -20.563  -27.073 0.0000000000
95401  -61.855  -18.993  -19.027 0.0000000000
95402  -61.560  -19.658  -18.931 0.0000000000
95403  -61.350  -19.005  -19.564 0.0000000000
95404  -60.828  -19.142  -20.196 0.0000000000
95405  -60.344  -19.365  -20.805 0.0000000000
95406  -59.905  -19.656  -21.353 0.0000000000
95407  -60.444  -19.135  -21.570 0.0000000000
95408  -60.560  -18.994  -22.161 0.0000000000
95409  -60.671  -18.773  -22.636 0.0000000000
97469  -59.133  -9.855  -24.995 0.0000000000
97470  -58.940  -10.484  -24.851 0.0000000000
97471  -58.692  -11.160  -24.751 0.0000000000
97472  -58.321  -10.668  -25.210 0.0000000000
97473  -57.546  -10.875  -25.550 0.0000000000
97474  -56.725  -11.076  -25.750 0.0000000000
97507  -46.913  -8.590  -31.607 0.0000000000
97508  -47.196  -8.550  -30.837 0.0000000000
97509  -47.120  -9.205  -31.044 0.0000000000
97510  -47.385  -9.820  -30.470 0.0000000000
97511  -47.693  -10.460  -29.993 0.0000000000
97512  -48.017  -11.039  -29.395 0.0000000000
97513  -47.838  -11.188  -30.324 0.0000000000
97514  -48.109  -11.852  -30.614 0.0000000000
97515  -48.442  -12.527  -30.949 0.0000000000
97516  -48.801  -13.225  -31.199 0.0000000000
97517  -48.506  -12.512  -31.716 0.0000000000
99723  -63.342  -19.580  -15.373 0.0000000000
99724  -63.497  -19.310  -15.717 0.0000000000
99725  -63.527  -19.172  -16.164 0.0000000000
99726  -63.393  -19.063  -16.734 0.0000000000
99727  -63.227  -18.650  -16.619 0.0000000000
99728  -62.967  -17.965  -17.013 0.0000000000
99729  -62.683  -17.184  -17.378 0.0000000000
101836  -46.363  -7.702  -35.202 0.0000000000
107646  -60.244  -22.433  -18.233 0.0000000000
107658  -56.432  -22.982  -20.308 0.0000000000
107659  -58.064  -20.792  -22.638 0.0000000000
107660  -57.514  -21.210  -22.280 0.0000000000
107661  -57.570  -20.935  -22.901 0.0000000000
107662  -57.065  -21.057  -23.105 0.0000000000
107663  -56.537  -21.169  -23.256 0.0000000000
107664  -56.038  -21.226  -23.405 0.0000000000
107665  -56.497  -20.744  -23.623 0.0000000000
107666  -56.391  -20.255  -23.967 0.0000000000
107667  -56.059  -19.611  -24.163 0.0000000000
113831  -59.719  -15.436  -18.577 0.0000000000
113832  -60.493  -15.575  -18.278 0.0000000000
113833  -61.166  -15.732  -17.990 0.0000000000
113834  -60.856  -15.321  -18.575 0.0000000000
113835  -61.169  -15.081  -18.934 0.0000000000
113836  -61.397  -14.949  -19.385 0.0000000000
113842  -60.261  -11.231  -22.678 0.0000000000
113843  -60.243  -11.252  -22.135 0.0000000000
113844  -60.528  -11.807  -22.230 0.0000000000
113845  -60.686  -12.434  -21.816 0.0000000000
113846  -60.943  -13.064  -21.375 0.0000000000
113847  -61.201  -13.686  -21.055 0.0000000000
113848  -61.195  -13.677  -21.498 0.0000000000
113849  -61.247  -14.417  -21.784 0.0000000000
113850  -61.301  -15.157  -22.210 0.0000000000
113851  -61.188  -15.946  -22.558 0.0000000000
113852  -60.981  -15.302  -22.649 0.0000000000
113853  -60.530  -15.462  -23.067 0.0000000000
113854  -59.977  -15.619  -23.442 0.0000000000
113855  -57.415  -13.938  -24.075 0.0000000000
113856  -57.789  -14.544  -23.873 0.0000000000
113857  -57.036  -14.621  -23.930 0.0000000000
113858  -56.707  -15.309  -23.906 0.0000000000
113859  -56.336  -16.096  -23.913 0.0000000000
113860  -55.997  -16.861  -23.929 0.0000000000
113861  -55.570  -16.211  -23.938 0.0000000000
113862  -54.792  -16.393  -23.966 0.0000000000
113863  -53.979  -16.610  -24.115 0.0000000000
113964  -49.530  -8.012  -28.726 0.0000000000
113965  -50.030  -7.359  -29.035 0.0000000000
113966  -50.298  -7.938  -28.464 0.0000000000
113967  -51.135  -7.966  -28.323 0.0000000000
113968  -51.985  -7.961  -28.275 0.0000000000
113969  -52.865  -7.992  -28.209 0.0000000000
113970  -52.265  -8.625  -27.803 0.0000000000
113971  -52.636  -9.204  -27.345 0.0000000000
113972  -53.066  -9.759  -26.944 0.0000000000
113973  -53.643  -10.298  -26.621 0.0000000000
113974  -52.667  -10.328  -26.600 0.0000000000
113975  -52.288  -10.930  -26.305 0.0000000000
113976  -51.957  -11.608  -26.004 0.0000000000
113977  -49.411  -13.549  -27.338 0.0000000000
113978  -49.886  -13.371  -26.653 0.0000000000
113979  -49.854  -14.142  -26.783 0.0000000000
113980  -50.287  -14.764  -26.386 0.0000000000
113981  -50.730  -15.312  -25.952 0.0000000000
113982  -51.220  -15.887  -25.517 0.0000000000
113983  -50.704  -16.124  -26.237 0.0000000000
113984  -50.876  -16.844  -26.620 0.0000000000
113985  -51.163  -17.645  -27.089 0.0000000000
113986  -51.632  -18.264  -27.375 0.0000000000
113987  -51.183  -17.656  -27.777 0.0000000000
113988  -51.295  -17.642  -28.478 0.0000000000
113989  -51.486  -17.569  -29.179 0.0000000000
116606  -62.346  -19.055  -15.453 0.0000000000
116607  -61.964  -18.346  -15.768 0.0000000000
122761  -63.195  -21.708  -16.955 0.0000000000
122763  -62.578  -21.740  -17.377 0.0000000000
122764  -61.910  -21.691  -17.734 0.0000000000
122765  -61.263  -21.723  -18.068 0.0000000000
122766  -61.270  -20.354  -18.773 0.0000000000
122767  -60.944  -21.018  -18.589 0.0000000000
122768  -60.600  -21.741  -18.404 0.0000000000
122769  -59.933  -21.720  -18.733 0.0000000000
122770  -59.239  -21.678  -19.093 0.0000000000
122771  -58.579  -21.727  -19.471 0.0000000000
122772  -57.967  -21.867  -19.849 0.0000000000
122773  -58.399  -21.260  -20.275 0.0000000000
122774  -58.388  -20.980  -21.059 0.0000000000
122775  -58.442  -20.772  -21.721 0.0000000000
122776  -59.486  -20.009  -21.790 0.0000000000
122777  -58.989  -20.308  -22.099 0.0000000000
122778  -58.501  -20.567  -22.369 0.0000000000
122779  -58.623  -20.365  -22.981 0.0000000000
122780  -58.621  -20.000  -23.504 0.0000000000
122781  -58.477  -19.504  -23.816 0.0000000000
127584  -59.927  -10.038  -23.006 0.0000000000
127585  -59.741  -9.523  -24.027 0.0000000000
127586  -59.864  -10.084  -23.491 0.0000000000
127587  -59.992  -10.659  -23.067 0.0000000000
127588  -60.102  -11.290  -23.156 0.0000000000
127589  -60.159  -11.909  -23.135 0.0000000000
127590  -60.117  -12.617  -23.228 0.0000000000
127591  -60.029  -13.344  -23.192 0.0000000000
127592  -59.677  -12.763  -23.554 0.0000000000
127593  -59.140  -12.922  -23.861 0.0000000000
127594  -58.452  -13.078  -24.167 0.0000000000
127595  -58.359  -11.856  -24.628 0.0000000000
127596  -58.049  -12.540  -24.489 0.0000000000
127597  -57.703  -13.241  -24.283 0.0000000000
127598  -56.923  -13.375  -24.359 0.0000000000
127599  -56.114  -13.469  -24.412 0.0000000000
127600  -55.350  -13.589  -24.481 0.0000000000
127678  -48.267  -7.034  -30.125 0.0000000000
127679  -48.577  -7.570  -29.679 0.0000000000
127680  -47.665  -8.433  -30.155 0.0000000000
127681  -48.187  -8.288  -29.596 0.0000000000
127682  -48.822  -8.159  -29.104 0.0000000000
127683  -49.037  -8.705  -28.458 0.0000000000
127684  -49.297  -9.311  -27.955 0.0000000000
127685  -49.601  -9.896  -27.536 0.0000000000
127686  -50.033  -10.514  -27.066 0.0000000000
127687  -49.295  -10.641  -27.425 0.0000000000
127688  -49.110  -11.393  -27.422 0.0000000000
127689  -48.992  -12.129  -27.508 0.0000000000
127690  -48.318  -11.681  -28.819 0.0000000000
127691  -48.621  -12.286  -28.257 0.0000000000
127692  -48.988  -12.936  -27.794 0.0000000000
127693  -49.136  -13.735  -28.144 0.0000000000
127694  -49.332  -14.417  -28.540 0.0000000000
127695  -49.580  -15.038  -28.850 0.0000000000
127696  -49.947  -15.665  -29.124 0.0000000000
127697  -49.595  -15.039  -29.641 0.0000000000
127698  -49.694  -15.045  -30.466 0.0000000000
127699  -49.865  -15.051  -31.294 0.0000000000
127700  -49.240  -13.871  -31.543 0.0000000000
132451  -63.424  -20.979  -16.941 0.0000000000
132452  -63.038  -20.290  -17.374 0.0000000000
132453  -62.671  -19.600  -17.910 0.0000000000
132454  -63.145  -18.987  -17.338 0.0000000000
132455  -62.806  -18.949  -17.880 0.0000000000
132456  -62.351  -18.969  -18.457 0.0000000000
132457  -62.151  -18.353  -18.904 0.0000000000
132458  -61.942  -17.883  -19.491 0.0000000000
132459  -61.908  -17.466  -20.041 0.0000000000
136899  -46.697  -7.252  -31.804 0.0000000000
136901  -46.410  -7.303  -32.570 0.0000000000
136902  -46.655  -7.872  -32.076 0.0000000000
136903  -46.714  -8.519  -32.333 0.0000000000
136904  -46.837  -9.151  -32.645 0.0000000000
136905  -47.111  -9.875  -33.005 0.0000000000
136906  -47.387  -10.540  -33.278 0.0000000000
136907  -47.119  -9.813  -33.690 0.0000000000
136908  -47.133  -9.774  -34.404 0.0000000000
136910  -46.634  -8.241  -35.419 0.0000000000
136911  -46.934  -8.926  -35.697 0.0000000000
148744  -57.393  -22.132  -20.275 0.0000000000
148745  -56.884  -22.398  -20.625 0.0000000000
148746  -56.412  -22.618  -20.950 0.0000000000
148747  -56.987  -21.676  -21.927 0.0000000000
148748  -56.460  -22.235  -21.583 0.0000000000
148749  -55.964  -22.742  -21.286 0.0000000000
148755  -54.701  -21.994  -23.651 0.0000000000
148756  -55.536  -21.336  -23.564 0.0000000000
148757  -55.056  -21.468  -23.766 0.0000000000
148758  -54.640  -21.594  -24.069 0.0000000000
148759  -54.505  -21.137  -24.476 0.0000000000
148760  -54.236  -20.573  -24.817 0.0000000000
148761  -53.956  -20.010  -25.059 0.0000000000
161097  -61.576  -17.844  -16.083 0.0000000000
161105  -61.199  -17.355  -16.458 0.0000000000
161106  -61.931  -17.477  -16.313 0.0000000000
161107  -62.198  -17.140  -16.696 0.0000000000
161108  -62.376  -16.886  -17.185 0.0000000000
161109  -62.458  -16.709  -17.718 0.0000000000
161110  -61.790  -15.883  -17.903 0.0000000000
161111  -62.208  -16.180  -18.011 0.0000000000
161112  -62.442  -16.618  -18.291 0.0000000000
161113  -62.284  -16.721  -18.962 0.0000000000
161114  -62.106  -16.900  -19.662 0.0000000000
161115  -61.892  -17.115  -20.385 0.0000000000
161124  -59.294  -13.516  -19.964 0.0000000000
161128  -60.111  -11.348  -21.629 0.0000000000
161129  -59.893  -11.520  -21.180 0.0000000000
161131  -59.665  -12.553  -20.553 0.0000000000
161132  -59.758  -13.159  -20.205 0.0000000000
161133  -59.957  -13.752  -19.863 0.0000000000
161134  -60.607  -14.046  -19.816 0.0000000000
161135  -61.136  -14.450  -19.797 0.0000000000
161136  -61.552  -14.904  -19.911 0.0000000000
161137  -61.439  -14.277  -20.742 0.0000000000
161138  -61.614  -14.872  -20.407 0.0000000000
161139  -61.834  -15.406  -20.071 0.0000000000
161140  -61.960  -15.978  -20.357 0.0000000000
161141  -61.859  -16.663  -20.815 0.0000000000
161142  -61.603  -17.340  -21.161 0.0000000000
161143  -61.385  -17.708  -21.861 0.0000000000
161144  -61.097  -18.040  -22.485 0.0000000000
161145  -60.695  -18.284  -23.015 0.0000000000
161146  -60.984  -16.701  -22.892 0.0000000000
161147  -60.592  -17.531  -23.195 0.0000000000
161148  -60.150  -18.493  -23.398 0.0000000000
161149  -59.538  -18.649  -23.665 0.0000000000
161150  -58.886  -18.759  -23.839 0.0000000000
161151  -58.313  -18.811  -23.924 0.0000000000
161152  -59.875  -14.086  -23.314 0.0000000000
161153  -59.633  -14.936  -23.509 0.0000000000
161154  -59.270  -15.726  -23.698 0.0000000000
161155  -58.243  -15.133  -23.792 0.0000000000
161156  -58.528  -15.808  -23.849 0.0000000000
161157  -58.859  -16.496  -23.837 0.0000000000
161158  -58.448  -17.303  -23.922 0.0000000000
161159  -58.048  -18.108  -23.987 0.0000000000
161160  -57.693  -18.848  -23.994 0.0000000000
161161  -57.069  -18.881  -24.058 0.0000000000
161162  -56.405  -18.920  -24.121 0.0000000000
161163  -55.745  -18.962  -24.236 0.0000000000
161164  -55.616  -17.651  -23.996 0.0000000000
161165  -55.353  -18.329  -24.139 0.0000000000
161166  -55.099  -19.037  -24.368 0.0000000000
161167  -54.515  -19.158  -24.515 0.0000000000
161168  -53.997  -19.319  -24.772 0.0000000000
161169  -53.560  -19.502  -25.142 0.0000000000
161371  -50.562  -6.753  -29.246 0.0000000000
161385  -56.891  -9.446  -26.576 0.0000000000
161386  -56.473  -10.020  -26.374 0.0000000000
161387  -56.162  -10.609  -26.179 0.0000000000
161388  -55.777  -11.211  -25.879 0.0000000000
161389  -54.214  -10.789  -26.277 0.0000000000
161390  -54.828  -11.312  -25.909 0.0000000000
161391  -55.369  -11.769  -25.560 0.0000000000
161392  -55.104  -12.386  -25.200 0.0000000000
161393  -54.772  -13.031  -24.803 0.0000000000
161394  -54.422  -13.754  -24.588 0.0000000000
161395  -50.485  -11.092  -26.602 0.0000000000
161396  -51.060  -11.719  -26.204 0.0000000000
161397  -51.692  -12.266  -25.815 0.0000000000
161398  -50.559  -13.186  -26.081 0.0000000000
161399  -51.370  -13.037  -25.656 0.0000000000
161400  -52.287  -12.831  -25.447 0.0000000000
161401  -52.901  -13.361  -25.082 0.0000000000
161402  -53.468  -13.896  -24.747 0.0000000000
161403  -54.060  -14.443  -24.427 0.0000000000
161404  -53.730  -15.165  -24.325 0.0000000000
161405  -53.427  -15.970  -24.279 0.0000000000
161406  -53.093  -16.823  -24.450 0.0000000000
161407  -51.739  -16.476  -25.191 0.0000000000
161408  -52.329  -17.079  -24.913 0.0000000000
161409  -52.888  -17.594  -24.654 0.0000000000
161410  -52.921  -18.391  -24.994 0.0000000000
161411  -52.981  -19.091  -25.340 0.0000000000
161412  -53.164  -19.714  -25.697 0.0000000000
161413  -52.948  -19.860  -26.239 0.0000000000
161414  -52.840  -19.913  -26.852 0.0000000000
161415  -52.856  -19.946  -27.472 0.0000000000
161416  -52.159  -18.804  -27.610 0.0000000000
161417  -52.605  -19.384  -27.825 0.0000000000
161422  -50.452  -16.267  -29.460 0.0000000000
161423  -51.021  -16.909  -29.653 0.0000000000
161424  -51.681  -17.523  -29.799 0.0000000000
161440  -47.798  -11.156  -33.543 0.0000000000
