#!ascii label  , from subject fsaverage vox2ras=TkReg
949
47  -22.002  -29.462  52.238 0.0000000000
167  -28.408  -23.290  56.404 0.0000000000
170  -24.208  -22.760  63.682 0.0000000000
378  -15.549  -29.550  57.064 0.0000000000
867  -21.643  -24.824  55.926 0.0000000000
868  -19.093  -24.711  59.754 0.0000000000
869  -18.703  -29.340  54.505 0.0000000000
1451  -23.926  -25.248  52.244 0.0000000000
1452  -25.695  -28.879  50.410 0.0000000000
1453  -27.654  -25.482  50.067 0.0000000000
1458  -26.282  -22.869  60.142 0.0000000000
1839  -17.028  -24.696  64.485 0.0000000000
1840  -12.970  -29.780  60.516 0.0000000000
2787  -21.203  -27.055  53.030 0.0000000000
2788  -19.808  -26.860  54.657 0.0000000000
2789  -20.302  -29.344  53.230 0.0000000000
3377  -25.945  -23.887  54.022 0.0000000000
3378  -25.847  -25.052  51.113 0.0000000000
3379  -27.943  -24.021  53.044 0.0000000000
3387  -29.989  -22.699  60.611 0.0000000000
3388  -28.906  -22.461  62.456 0.0000000000
3389  -27.442  -22.985  58.362 0.0000000000
3390  -24.890  -23.572  55.992 0.0000000000
4015  -27.624  -29.175  49.890 0.0000000000
4039  -23.198  -22.800  65.739 0.0000000000
4040  -17.055  -26.855  58.047 0.0000000000
4041  -17.896  -24.678  62.090 0.0000000000
4042  -15.818  -27.008  60.009 0.0000000000
4043  -14.846  -27.065  62.171 0.0000000000
4044  -14.087  -29.792  58.623 0.0000000000
4045  -13.064  -32.230  58.592 0.0000000000
5772  -30.116  -23.486  55.329 0.0000000000
6167  -22.756  -23.566  59.693 0.0000000000
6168  -21.543  -23.570  61.658 0.0000000000
6169  -20.342  -24.782  57.801 0.0000000000
6170  -18.447  -26.793  56.297 0.0000000000
6171  -17.076  -29.412  55.725 0.0000000000
7223  -22.623  -27.319  51.568 0.0000000000
7224  -23.838  -28.978  51.194 0.0000000000
7225  -24.501  -26.857  50.491 0.0000000000
7226  -26.385  -27.129  49.550 0.0000000000
7227  -28.189  -27.616  48.855 0.0000000000
7228  -29.611  -24.425  52.026 0.0000000000
7229  -29.325  -26.105  49.191 0.0000000000
7230  -30.023  -28.188  48.217 0.0000000000
7237  -26.700  -22.025  66.010 0.0000000000
7239  -27.745  -22.157  64.248 0.0000000000
7240  -25.275  -22.741  61.892 0.0000000000
7241  -23.807  -23.510  57.838 0.0000000000
7242  -22.863  -24.930  54.024 0.0000000000
8141  -20.502  -23.593  63.913 0.0000000000
8142  -19.660  -23.519  66.328 0.0000000000
8143  -18.656  -23.521  68.639 0.0000000000
8144  -16.248  -24.801  66.937 0.0000000000
8145  -14.022  -27.039  64.693 0.0000000000
8146  -12.067  -29.619  62.862 0.0000000000
8147  -11.531  -32.240  60.080 0.0000000000
10457  -21.931  -30.525  53.062 0.0000000000
10459  -22.884  -30.229  52.541 0.0000000000
10467  -21.406  -28.301  52.322 0.0000000000
10468  -20.613  -28.232  52.996 0.0000000000
10469  -21.123  -29.434  52.746 0.0000000000
10470  -21.035  -30.584  53.474 0.0000000000
11057  -27.101  -23.534  55.177 0.0000000000
11058  -26.815  -23.925  53.433 0.0000000000
11059  -28.009  -23.688  54.551 0.0000000000
11067  -29.171  -22.998  58.460 0.0000000000
11068  -28.595  -22.945  59.389 0.0000000000
11069  -27.869  -23.112  57.388 0.0000000000
11070  -26.707  -23.341  56.213 0.0000000000
11695  -28.669  -29.440  49.737 0.0000000000
11717  -24.986  -22.408  65.748 0.0000000000
11718  -24.452  -22.346  66.765 0.0000000000
11719  -23.646  -22.764  64.682 0.0000000000
11720  -16.195  -28.241  57.418 0.0000000000
11721  -16.414  -26.946  59.017 0.0000000000
11722  -15.526  -28.334  58.303 0.0000000000
11723  -14.932  -28.408  59.182 0.0000000000
11724  -14.804  -29.644  57.811 0.0000000000
11725  -14.260  -30.901  57.732 0.0000000000
11726  -15.093  -30.799  57.058 0.0000000000
14117  -22.025  -24.173  57.710 0.0000000000
14118  -21.503  -24.090  58.704 0.0000000000
14119  -21.016  -24.813  56.859 0.0000000000
14120  -19.163  -28.051  54.432 0.0000000000
14121  -19.144  -26.812  55.457 0.0000000000
14122  -18.433  -28.069  55.121 0.0000000000
14123  -17.707  -28.084  55.846 0.0000000000
14124  -17.926  -29.336  55.071 0.0000000000
15887  -23.225  -26.210  51.758 0.0000000000
15888  -23.517  -27.065  51.015 0.0000000000
15889  -24.089  -26.036  51.173 0.0000000000
15890  -26.849  -25.241  50.591 0.0000000000
15891  -26.032  -26.151  50.018 0.0000000000
15892  -26.981  -26.276  49.659 0.0000000000
15893  -27.348  -27.393  49.155 0.0000000000
15894  -27.843  -26.543  49.159 0.0000000000
15896  -29.807  -23.909  53.616 0.0000000000
15897  -30.646  -24.165  53.038 0.0000000000
15899  -30.208  -25.299  50.049 0.0000000000
15900  -30.128  -26.452  48.589 0.0000000000
15901  -29.558  -27.153  48.392 0.0000000000
15902  -30.456  -27.414  48.043 0.0000000000
15916  -27.873  -21.552  67.162 0.0000000000
15920  -27.614  -22.688  61.282 0.0000000000
15921  -28.396  -22.230  63.407 0.0000000000
15922  -26.929  -22.484  62.203 0.0000000000
15923  -26.510  -22.489  63.070 0.0000000000
15924  -25.733  -22.809  60.982 0.0000000000
15925  -24.558  -23.139  59.885 0.0000000000
15926  -25.022  -23.170  58.969 0.0000000000
15927  -24.414  -24.288  54.006 0.0000000000
15928  -23.830  -24.193  54.962 0.0000000000
15929  -23.453  -25.005  53.184 0.0000000000
15930  -22.612  -26.010  52.531 0.0000000000
17800  -24.739  -28.989  50.855 0.0000000000
17875  -20.258  -24.085  60.712 0.0000000000
17876  -20.979  -23.578  62.755 0.0000000000
17877  -19.669  -24.078  61.844 0.0000000000
17878  -17.449  -24.662  63.295 0.0000000000
17879  -18.759  -24.007  64.240 0.0000000000
17880  -18.325  -24.011  65.491 0.0000000000
17881  -19.201  -23.535  67.502 0.0000000000
17882  -17.934  -24.065  66.695 0.0000000000
17883  -17.467  -24.126  67.831 0.0000000000
17884  -16.633  -24.774  65.703 0.0000000000
17885  -13.878  -28.495  61.260 0.0000000000
17886  -14.398  -27.065  63.375 0.0000000000
17887  -13.459  -28.404  62.374 0.0000000000
17888  -13.060  -28.352  63.659 0.0000000000
17889  -12.509  -29.699  61.630 0.0000000000
17890  -11.618  -30.911  61.186 0.0000000000
17891  -12.172  -30.979  60.157 0.0000000000
17893  -12.842  -33.424  59.066 0.0000000000
23447  -21.365  -25.818  54.305 0.0000000000
23448  -20.625  -25.684  55.182 0.0000000000
23449  -20.514  -27.006  53.849 0.0000000000
23450  -19.879  -28.144  53.712 0.0000000000
23451  -19.508  -29.390  53.886 0.0000000000
23452  -19.316  -30.554  54.350 0.0000000000
23453  -20.170  -30.572  53.874 0.0000000000
24509  -24.961  -24.398  53.071 0.0000000000
24510  -24.904  -25.120  51.619 0.0000000000
24511  -25.796  -24.415  52.413 0.0000000000
24512  -26.777  -24.498  51.887 0.0000000000
24513  -27.717  -24.699  51.482 0.0000000000
24527  -30.706  -22.269  62.585 0.0000000000
24528  -30.183  -22.133  63.580 0.0000000000
24529  -29.606  -22.529  61.613 0.0000000000
24530  -28.118  -22.760  60.420 0.0000000000
24531  -26.659  -22.997  59.142 0.0000000000
24532  -25.581  -23.201  58.048 0.0000000000
24533  -26.114  -23.174  57.163 0.0000000000
24534  -25.495  -23.669  55.040 0.0000000000
25657  -26.670  -28.962  50.146 0.0000000000
25702  -17.919  -25.726  58.857 0.0000000000
25703  -18.425  -24.711  60.898 0.0000000000
25704  -17.362  -25.641  59.899 0.0000000000
25705  -16.731  -25.720  60.998 0.0000000000
25706  -16.246  -25.704  62.185 0.0000000000
25707  -15.789  -25.736  63.352 0.0000000000
25708  -15.287  -27.064  61.092 0.0000000000
25709  -14.363  -28.460  60.173 0.0000000000
25710  -13.475  -29.791  59.532 0.0000000000
25711  -12.776  -31.023  59.264 0.0000000000
25712  -13.470  -31.038  58.439 0.0000000000
25713  -13.920  -32.161  57.964 0.0000000000
28823  -29.655  -23.072  57.560 0.0000000000
28824  -29.403  -23.295  55.951 0.0000000000
28825  -30.510  -23.190  56.941 0.0000000000
28842  -30.255  -22.854  59.546 0.0000000000
29747  -23.388  -23.096  61.677 0.0000000000
29748  -22.905  -23.154  62.617 0.0000000000
29749  -22.112  -23.583  60.632 0.0000000000
29750  -20.907  -24.037  59.662 0.0000000000
29751  -19.772  -24.736  58.739 0.0000000000
29752  -20.021  -25.698  56.087 0.0000000000
29753  -19.330  -25.707  56.974 0.0000000000
29754  -18.632  -25.719  57.866 0.0000000000
29755  -17.740  -26.832  57.162 0.0000000000
29756  -16.915  -28.192  56.614 0.0000000000
29757  -16.306  -29.502  56.343 0.0000000000
32219  -22.172  -28.421  51.746 0.0000000000
32220  -22.911  -29.237  51.658 0.0000000000
32221  -23.127  -28.167  51.124 0.0000000000
32222  -24.060  -28.071  50.687 0.0000000000
32223  -25.024  -28.013  50.249 0.0000000000
32224  -25.085  -26.015  50.609 0.0000000000
32225  -25.446  -26.980  49.955 0.0000000000
32226  -25.962  -28.048  49.816 0.0000000000
32227  -26.937  -28.286  49.478 0.0000000000
32228  -27.882  -28.457  49.242 0.0000000000
32229  -28.783  -28.808  48.962 0.0000000000
32230  -28.927  -23.743  54.005 0.0000000000
32231  -28.722  -24.189  52.469 0.0000000000
32232  -28.559  -24.761  51.075 0.0000000000
32233  -30.347  -24.623  51.436 0.0000000000
32234  -29.385  -25.083  50.512 0.0000000000
32235  -28.493  -25.875  49.613 0.0000000000
32236  -28.684  -26.944  48.789 0.0000000000
32237  -29.100  -27.944  48.505 0.0000000000
32238  -29.799  -29.079  48.788 0.0000000000
32256  -26.087  -21.905  66.980 0.0000000000
32257  -25.432  -22.417  64.840 0.0000000000
32261  -29.556  -21.982  64.478 0.0000000000
32262  -29.063  -21.890  65.431 0.0000000000
32263  -28.567  -21.771  66.297 0.0000000000
32264  -27.231  -22.036  65.145 0.0000000000
32265  -26.046  -22.442  63.996 0.0000000000
32266  -24.690  -22.726  62.795 0.0000000000
32267  -23.978  -23.099  60.793 0.0000000000
32268  -23.263  -23.585  58.723 0.0000000000
32269  -22.719  -24.060  56.836 0.0000000000
32270  -24.483  -23.523  56.952 0.0000000000
32271  -23.310  -24.096  55.930 0.0000000000
32272  -22.210  -24.944  54.944 0.0000000000
32273  -21.909  -25.959  53.404 0.0000000000
32274  -21.893  -27.111  52.278 0.0000000000
34727  -22.385  -23.184  63.675 0.0000000000
34728  -21.847  -23.216  64.786 0.0000000000
34729  -21.425  -23.120  65.973 0.0000000000
34730  -19.158  -24.039  63.048 0.0000000000
34731  -20.093  -23.516  65.121 0.0000000000
34732  -20.990  -23.083  67.146 0.0000000000
34736  -18.151  -23.433  69.649 0.0000000000
34737  -17.039  -24.145  68.883 0.0000000000
34738  -15.840  -24.886  68.049 0.0000000000
34739  -15.385  -25.781  64.560 0.0000000000
34740  -15.053  -25.770  65.845 0.0000000000
34741  -14.654  -25.779  67.036 0.0000000000
34742  -13.674  -26.970  65.967 0.0000000000
34746  -10.892  -32.166  60.978 0.0000000000
34747  -11.156  -33.416  60.306 0.0000000000
34748  -12.247  -32.269  59.316 0.0000000000
34749  -11.966  -33.470  59.663 0.0000000000
34750  -11.924  -34.530  60.411 0.0000000000
41177  -21.957  -30.006  52.604 0.0000000000
41178  -22.419  -30.348  52.789 0.0000000000
41179  -22.437  -29.898  52.309 0.0000000000
41187  -21.686  -28.907  52.201 0.0000000000
41188  -21.237  -28.880  52.500 0.0000000000
41189  -21.573  -29.620  52.515 0.0000000000
41190  -21.514  -30.061  52.812 0.0000000000
41777  -27.790  -23.413  55.835 0.0000000000
41778  -27.538  -23.646  54.841 0.0000000000
41779  -28.116  -23.529  55.392 0.0000000000
41787  -28.741  -23.136  57.424 0.0000000000
41788  -28.640  -23.058  58.021 0.0000000000
41789  -28.163  -23.179  56.903 0.0000000000
41790  -27.565  -23.241  56.354 0.0000000000
42415  -29.103  -29.534  49.598 0.0000000000
42437  -24.519  -22.565  64.741 0.0000000000
42438  -24.378  -22.609  65.166 0.0000000000
42439  -23.998  -22.796  64.146 0.0000000000
42440  -15.852  -28.884  57.206 0.0000000000
42441  -15.819  -28.324  57.852 0.0000000000
42442  -15.460  -28.999  57.565 0.0000000000
42443  -15.160  -28.987  58.023 0.0000000000
42444  -15.127  -29.630  57.435 0.0000000000
42445  -14.869  -30.254  57.373 0.0000000000
42446  -15.301  -30.181  57.015 0.0000000000
44837  -21.874  -24.463  56.829 0.0000000000
44838  -21.534  -24.439  57.268 0.0000000000
44839  -21.269  -24.838  56.368 0.0000000000
44840  -18.907  -28.675  54.440 0.0000000000
44841  -18.733  -28.154  54.764 0.0000000000
44842  -18.464  -28.849  54.725 0.0000000000
44843  -18.171  -28.705  55.034 0.0000000000
44844  -18.333  -29.387  54.757 0.0000000000
44845  -18.214  -29.975  54.869 0.0000000000
44846  -18.551  -29.980  54.632 0.0000000000
46607  -23.562  -25.715  51.966 0.0000000000
46608  -23.650  -26.128  51.389 0.0000000000
46609  -23.995  -25.744  51.608 0.0000000000
46610  -27.232  -25.395  50.367 0.0000000000
46611  -26.833  -25.810  49.934 0.0000000000
46612  -27.318  -25.922  49.779 0.0000000000
46613  -27.435  -26.369  49.451 0.0000000000
46614  -27.729  -26.031  49.592 0.0000000000
46619  -30.545  -25.990  49.016 0.0000000000
46620  -30.645  -26.486  48.475 0.0000000000
46621  -30.231  -26.855  48.292 0.0000000000
46622  -30.708  -27.136  48.057 0.0000000000
46636  -28.476  -21.207  67.552 0.0000000000
46640  -27.007  -22.776  60.738 0.0000000000
46641  -27.391  -22.559  61.821 0.0000000000
46642  -26.620  -22.754  61.121 0.0000000000
46643  -26.477  -22.642  61.659 0.0000000000
46644  -26.064  -22.829  60.612 0.0000000000
46645  -25.478  -22.947  60.024 0.0000000000
46646  -25.702  -23.119  59.547 0.0000000000
46647  -24.196  -24.700  53.107 0.0000000000
46648  -23.916  -24.644  53.568 0.0000000000
46649  -23.733  -25.223  52.652 0.0000000000
46650  -23.262  -25.714  52.310 0.0000000000
48520  -25.233  -28.922  50.646 0.0000000000
48595  -19.676  -24.386  60.254 0.0000000000
48596  -20.024  -24.054  61.304 0.0000000000
48597  -19.280  -24.377  60.783 0.0000000000
48598  -17.239  -24.678  63.878 0.0000000000
48599  -17.850  -24.318  64.389 0.0000000000
48600  -17.651  -24.324  64.984 0.0000000000
48601  -18.131  -24.041  66.101 0.0000000000
48602  -17.427  -24.382  65.617 0.0000000000
48603  -17.249  -24.377  66.236 0.0000000000
48604  -16.764  -24.751  65.123 0.0000000000
48605  -13.434  -29.136  60.839 0.0000000000
48606  -13.663  -28.452  61.803 0.0000000000
48607  -13.199  -29.102  61.401 0.0000000000
48608  -12.981  -29.062  61.986 0.0000000000
48609  -12.729  -29.749  61.055 0.0000000000
48610  -12.319  -30.338  60.812 0.0000000000
48611  -12.561  -30.361  60.313 0.0000000000
54437  -21.226  -26.459  53.587 0.0000000000
54438  -20.899  -26.408  54.037 0.0000000000
54439  -20.864  -27.010  53.417 0.0000000000
54440  -20.394  -28.833  53.070 0.0000000000
54441  -20.241  -28.210  53.347 0.0000000000
54442  -20.033  -28.832  53.427 0.0000000000
54443  -19.697  -28.718  53.721 0.0000000000
54444  -19.902  -29.445  53.572 0.0000000000
54445  -19.814  -29.999  53.779 0.0000000000
54446  -20.220  -29.979  53.524 0.0000000000
54447  -21.495  -30.992  53.760 0.0000000000
54448  -21.043  -31.050  53.948 0.0000000000
56207  -25.448  -24.073  53.535 0.0000000000
56208  -25.438  -24.272  52.832 0.0000000000
56209  -25.965  -24.069  53.281 0.0000000000
56210  -27.313  -23.989  53.115 0.0000000000
56211  -26.814  -24.174  52.592 0.0000000000
56212  -27.226  -24.270  52.276 0.0000000000
56213  -27.187  -24.651  51.603 0.0000000000
56214  -27.592  -24.456  51.939 0.0000000000
56237  -30.305  -22.542  61.592 0.0000000000
56238  -30.191  -22.408  62.138 0.0000000000
56239  -29.674  -22.731  60.987 0.0000000000
56240  -27.946  -22.963  58.849 0.0000000000
56241  -28.337  -22.913  59.916 0.0000000000
56242  -27.685  -22.859  59.373 0.0000000000
56243  -27.512  -22.929  59.822 0.0000000000
56244  -27.031  -22.975  58.730 0.0000000000
56245  -26.474  -23.034  58.187 0.0000000000
56246  -26.760  -23.022  57.774 0.0000000000
56247  -26.177  -23.607  55.022 0.0000000000
56248  -26.021  -23.488  55.544 0.0000000000
56249  -25.645  -23.769  54.491 0.0000000000
56250  -25.162  -23.969  54.026 0.0000000000
58120  -27.145  -29.013  49.925 0.0000000000
58190  -23.826  -22.602  66.254 0.0000000000
58194  -22.946  -22.770  66.319 0.0000000000
58195  -17.492  -26.285  58.442 0.0000000000
58196  -17.684  -25.644  59.351 0.0000000000
58197  -17.153  -26.261  58.917 0.0000000000
58198  -16.104  -27.011  59.500 0.0000000000
58199  -16.550  -26.337  59.944 0.0000000000
58200  -16.270  -26.313  60.522 0.0000000000
58201  -16.468  -25.735  61.599 0.0000000000
58202  -16.008  -26.343  61.060 0.0000000000
58203  -15.734  -26.395  61.608 0.0000000000
58204  -15.557  -27.024  60.552 0.0000000000
58205  -14.494  -29.090  58.878 0.0000000000
58206  -14.617  -28.449  59.689 0.0000000000
58207  -14.200  -29.107  59.346 0.0000000000
58208  -13.892  -29.149  59.827 0.0000000000
58209  -13.774  -29.797  59.073 0.0000000000
58210  -13.432  -30.389  58.907 0.0000000000
58211  -13.753  -30.425  58.498 0.0000000000
58212  -14.466  -31.530  57.497 0.0000000000
58213  -14.054  -31.547  57.811 0.0000000000
63407  -30.275  -22.902  58.176 0.0000000000
63408  -29.993  -23.218  57.105 0.0000000000
63450  -29.996  -22.924  58.570 0.0000000000
65387  -23.073  -23.330  60.678 0.0000000000
65388  -22.764  -23.356  61.171 0.0000000000
65389  -22.449  -23.542  60.170 0.0000000000
65390  -20.872  -24.459  58.214 0.0000000000
65391  -21.195  -24.141  59.169 0.0000000000
65392  -20.656  -24.399  58.702 0.0000000000
65393  -20.283  -24.396  59.208 0.0000000000
65394  -20.075  -24.776  58.262 0.0000000000
65395  -20.193  -26.287  54.880 0.0000000000
65396  -20.252  -25.761  55.603 0.0000000000
65397  -19.835  -26.268  55.315 0.0000000000
65398  -18.714  -26.922  55.870 0.0000000000
65399  -19.190  -26.242  56.179 0.0000000000
65400  -18.826  -26.266  56.618 0.0000000000
65401  -18.935  -25.711  57.427 0.0000000000
65402  -18.477  -26.254  57.040 0.0000000000
65403  -18.141  -26.259  57.495 0.0000000000
65404  -18.065  -26.825  56.708 0.0000000000
65405  -17.368  -28.754  55.740 0.0000000000
65406  -17.275  -28.160  56.256 0.0000000000
65407  -16.981  -28.805  56.099 0.0000000000
65408  -16.603  -28.830  56.415 0.0000000000
65409  -16.711  -29.485  56.021 0.0000000000
65410  -16.508  -30.099  56.033 0.0000000000
65411  -16.906  -30.100  55.761 0.0000000000
70697  -22.376  -27.880  51.616 0.0000000000
70698  -22.674  -28.248  51.449 0.0000000000
70699  -22.836  -27.593  51.291 0.0000000000
70700  -23.982  -27.101  50.725 0.0000000000
70701  -23.775  -27.576  50.756 0.0000000000
70702  -24.251  -27.503  50.545 0.0000000000
70703  -24.527  -27.945  50.418 0.0000000000
70704  -24.710  -27.540  50.300 0.0000000000
70705  -25.373  -25.054  51.390 0.0000000000
70706  -24.956  -25.532  51.112 0.0000000000
70707  -25.448  -25.486  50.786 0.0000000000
70708  -26.252  -26.591  49.747 0.0000000000
70709  -25.748  -26.591  49.947 0.0000000000
70710  -25.923  -27.213  49.719 0.0000000000
70711  -25.680  -27.612  49.858 0.0000000000
70712  -26.178  -27.521  49.648 0.0000000000
70713  -26.436  -28.133  49.621 0.0000000000
70714  -26.651  -27.696  49.443 0.0000000000
70715  -27.731  -27.527  48.960 0.0000000000
70716  -27.608  -28.025  49.133 0.0000000000
70717  -28.081  -28.014  49.011 0.0000000000
70718  -28.340  -28.635  49.069 0.0000000000
70719  -28.498  -28.206  48.843 0.0000000000
70720  -29.608  -23.488  55.458 0.0000000000
70721  -29.066  -23.615  54.949 0.0000000000
70722  -29.519  -23.661  54.647 0.0000000000
70723  -29.637  -24.169  52.796 0.0000000000
70724  -29.318  -24.078  53.082 0.0000000000
70725  -29.165  -24.253  52.274 0.0000000000
70726  -28.647  -24.533  51.717 0.0000000000
70727  -29.006  -24.620  51.461 0.0000000000
70730  -30.807  -24.769  51.168 0.0000000000
70731  -29.707  -25.701  49.501 0.0000000000
70732  -29.795  -25.239  50.293 0.0000000000
70733  -29.348  -25.478  49.866 0.0000000000
70734  -28.922  -25.479  50.050 0.0000000000
70735  -28.976  -25.938  49.494 0.0000000000
70736  -28.572  -26.317  49.177 0.0000000000
70737  -29.002  -26.438  48.990 0.0000000000
70738  -29.788  -27.798  48.241 0.0000000000
70739  -29.315  -27.492  48.430 0.0000000000
70740  -29.536  -28.044  48.330 0.0000000000
70741  -29.443  -28.494  48.572 0.0000000000
70742  -29.880  -28.599  48.412 0.0000000000
70743  -30.310  -29.060  48.635 0.0000000000
70744  -30.383  -28.739  48.374 0.0000000000
70782  -27.052  -21.723  67.044 0.0000000000
70784  -26.407  -21.977  66.485 0.0000000000
70785  -25.824  -22.187  65.889 0.0000000000
70786  -26.045  -22.186  65.451 0.0000000000
70795  -29.528  -22.302  63.009 0.0000000000
70796  -29.979  -22.161  64.015 0.0000000000
70797  -29.374  -22.180  63.540 0.0000000000
70798  -28.070  -22.236  63.870 0.0000000000
70799  -28.727  -22.041  64.428 0.0000000000
70800  -28.434  -22.045  64.833 0.0000000000
70801  -28.767  -21.844  65.797 0.0000000000
70802  -28.225  -21.982  65.302 0.0000000000
70803  -27.930  -21.928  65.693 0.0000000000
70804  -27.511  -22.152  64.689 0.0000000000
70805  -25.923  -22.615  62.511 0.0000000000
70806  -26.263  -22.441  63.500 0.0000000000
70807  -25.686  -22.586  62.950 0.0000000000
70808  -25.468  -22.585  63.351 0.0000000000
70809  -25.010  -22.765  62.318 0.0000000000
70810  -24.321  -22.929  61.737 0.0000000000
70811  -24.595  -22.959  61.297 0.0000000000
70812  -24.182  -23.301  58.892 0.0000000000
70813  -24.049  -23.260  59.348 0.0000000000
70814  -23.576  -23.518  58.319 0.0000000000
70815  -23.000  -23.761  57.773 0.0000000000
70816  -23.288  -23.745  57.344 0.0000000000
70817  -25.282  -23.301  57.055 0.0000000000
70818  -24.987  -23.305  57.528 0.0000000000
70819  -24.683  -23.506  56.480 0.0000000000
70820  -23.260  -24.602  54.408 0.0000000000
70821  -23.506  -24.173  55.352 0.0000000000
70822  -23.060  -24.501  54.961 0.0000000000
70823  -22.739  -24.500  55.406 0.0000000000
70824  -22.583  -24.941  54.553 0.0000000000
70825  -22.077  -25.430  54.157 0.0000000000
70826  -22.372  -25.441  53.696 0.0000000000
70827  -22.581  -26.584  51.981 0.0000000000
70828  -22.235  -26.562  52.372 0.0000000000
70829  -22.252  -27.221  51.907 0.0000000000
70830  -22.041  -27.746  51.921 0.0000000000
76435  -23.372  -29.217  51.490 0.0000000000
76436  -23.310  -29.631  51.823 0.0000000000
76437  -23.827  -29.500  51.664 0.0000000000
76660  -22.199  -23.361  62.145 0.0000000000
76661  -22.592  -23.171  63.170 0.0000000000
76662  -21.898  -23.421  62.633 0.0000000000
76663  -20.701  -23.607  63.361 0.0000000000
76664  -21.420  -23.416  63.752 0.0000000000
76665  -21.186  -23.394  64.351 0.0000000000
76666  -21.700  -23.137  65.377 0.0000000000
76667  -20.953  -23.381  64.943 0.0000000000
76668  -18.219  -24.709  61.481 0.0000000000
76669  -18.785  -24.340  61.962 0.0000000000
76670  -18.538  -24.338  62.546 0.0000000000
76671  -19.243  -23.740  65.306 0.0000000000
76672  -19.430  -23.756  64.667 0.0000000000
76673  -19.845  -23.537  65.723 0.0000000000
76674  -20.533  -23.325  66.129 0.0000000000
76675  -20.317  -23.339  66.709 0.0000000000
76677  -20.063  -23.311  67.308 0.0000000000
76678  -18.929  -23.547  68.061 0.0000000000
76679  -19.537  -23.288  68.486 0.0000000000
76684  -18.407  -23.473  69.163 0.0000000000
76685  -16.865  -24.409  67.442 0.0000000000
76686  -17.266  -24.154  68.388 0.0000000000
76687  -16.643  -24.482  67.956 0.0000000000
76688  -16.442  -24.510  68.490 0.0000000000
76689  -16.065  -24.820  67.520 0.0000000000
76690  -15.257  -26.406  62.745 0.0000000000
76691  -15.615  -25.761  63.928 0.0000000000
76692  -15.060  -26.407  63.338 0.0000000000
76693  -14.219  -27.030  64.054 0.0000000000
76694  -14.669  -26.393  64.610 0.0000000000
76695  -14.520  -26.386  65.254 0.0000000000
76696  -14.852  -25.784  66.463 0.0000000000
76697  -14.342  -26.374  65.923 0.0000000000
76698  -14.186  -26.337  66.523 0.0000000000
76699  -13.860  -27.009  65.335 0.0000000000
76700  -12.596  -28.977  63.215 0.0000000000
76701  -12.848  -28.324  64.347 0.0000000000
76702  -12.375  -28.960  63.866 0.0000000000
76706  -11.593  -30.242  62.585 0.0000000000
76707  -11.529  -31.571  60.537 0.0000000000
76708  -11.220  -31.533  61.055 0.0000000000
76709  -11.219  -32.187  60.509 0.0000000000
76710  -10.944  -32.819  60.575 0.0000000000
76711  -11.300  -32.844  60.164 0.0000000000
76712  -12.856  -31.647  58.863 0.0000000000
76713  -12.489  -31.626  59.258 0.0000000000
76714  -12.634  -32.262  58.948 0.0000000000
76715  -12.815  -33.922  59.454 0.0000000000
76716  -12.393  -33.452  59.385 0.0000000000
76717  -12.362  -33.993  59.732 0.0000000000
76718  -11.905  -34.028  60.013 0.0000000000
76719  -12.361  -34.498  60.189 0.0000000000
92567  -21.303  -27.599  52.609 0.0000000000
92568  -20.889  -27.640  52.976 0.0000000000
92569  -21.051  -28.194  52.651 0.0000000000
92570  -20.829  -28.908  52.799 0.0000000000
92571  -20.717  -29.504  52.998 0.0000000000
92572  -20.666  -30.015  53.243 0.0000000000
92573  -21.052  -30.042  53.053 0.0000000000
92574  -21.484  -30.479  53.200 0.0000000000
93629  -26.475  -23.698  54.564 0.0000000000
93630  -26.466  -23.892  53.744 0.0000000000
93631  -26.953  -23.753  54.224 0.0000000000
93632  -27.363  -23.813  53.971 0.0000000000
93633  -27.816  -23.822  53.672 0.0000000000
93647  -29.494  -22.926  59.450 0.0000000000
93648  -29.189  -22.881  59.983 0.0000000000
93649  -28.961  -23.005  58.972 0.0000000000
93650  -28.326  -23.049  58.405 0.0000000000
93651  -27.631  -23.069  57.792 0.0000000000
93652  -27.056  -23.130  57.313 0.0000000000
93653  -27.260  -23.221  56.803 0.0000000000
93654  -26.756  -23.474  55.599 0.0000000000
94777  -28.162  -29.357  49.904 0.0000000000
94817  -25.295  -22.110  66.866 0.0000000000
94819  -24.769  -22.367  66.270 0.0000000000
94820  -24.048  -22.611  65.684 0.0000000000
94821  -23.445  -22.789  65.197 0.0000000000
94822  -16.602  -27.563  57.719 0.0000000000
94823  -16.712  -26.946  58.523 0.0000000000
94824  -16.264  -27.629  58.169 0.0000000000
94825  -15.937  -27.651  58.627 0.0000000000
94826  -15.658  -27.694  59.090 0.0000000000
94827  -15.321  -27.727  59.559 0.0000000000
94828  -15.206  -28.391  58.734 0.0000000000
94829  -14.836  -29.023  58.439 0.0000000000
94830  -14.469  -29.710  58.200 0.0000000000
94831  -14.104  -30.395  58.094 0.0000000000
94832  -14.490  -30.306  57.721 0.0000000000
94833  -14.664  -30.873  57.389 0.0000000000
99137  -22.430  -23.792  58.738 0.0000000000
99138  -22.028  -23.810  59.110 0.0000000000
99139  -21.786  -24.108  58.190 0.0000000000
99140  -21.223  -24.426  57.759 0.0000000000
99141  -20.635  -24.800  57.305 0.0000000000
99142  -19.487  -27.392  54.511 0.0000000000
99143  -19.424  -26.860  55.077 0.0000000000
99144  -19.015  -27.570  54.886 0.0000000000
99145  -18.783  -27.397  55.263 0.0000000000
99146  -18.355  -27.488  55.651 0.0000000000
99147  -18.055  -27.418  56.047 0.0000000000
99148  -18.006  -28.097  55.507 0.0000000000
99149  -17.706  -28.801  55.396 0.0000000000
99150  -17.526  -29.391  55.372 0.0000000000
99151  -17.358  -29.990  55.437 0.0000000000
99152  -17.749  -29.995  55.173 0.0000000000
102323  -22.918  -26.710  51.621 0.0000000000
102324  -23.086  -27.086  51.269 0.0000000000
102325  -23.337  -26.621  51.293 0.0000000000
102326  -23.771  -26.552  51.048 0.0000000000
102327  -24.226  -26.577  50.763 0.0000000000
102328  -26.377  -25.233  50.795 0.0000000000
102329  -25.950  -25.646  50.543 0.0000000000
102330  -26.409  -25.634  50.297 0.0000000000
102331  -26.575  -26.138  49.815 0.0000000000
102332  -26.619  -26.735  49.521 0.0000000000
102333  -26.901  -27.242  49.324 0.0000000000
102334  -27.108  -26.855  49.308 0.0000000000
102335  -27.565  -26.964  49.104 0.0000000000
102336  -27.995  -27.018  48.969 0.0000000000
102337  -30.568  -23.608  55.034 0.0000000000
102338  -30.082  -23.654  54.516 0.0000000000
102339  -30.354  -23.810  54.158 0.0000000000
102340  -30.288  -23.982  53.455 0.0000000000
102341  -30.107  -24.212  52.563 0.0000000000
102343  -30.689  -25.078  50.375 0.0000000000
102344  -30.595  -25.521  49.678 0.0000000000
102345  -30.147  -25.755  49.353 0.0000000000
102346  -29.754  -26.161  48.992 0.0000000000
102347  -29.413  -26.641  48.660 0.0000000000
102348  -29.844  -26.781  48.524 0.0000000000
102349  -29.987  -27.216  48.223 0.0000000000
102350  -30.205  -27.796  48.122 0.0000000000
102351  -30.524  -28.381  48.089 0.0000000000
102352  -30.704  -28.054  47.932 0.0000000000
102375  -27.592  -21.448  67.498 0.0000000000
102376  -27.279  -21.823  66.619 0.0000000000
102382  -28.291  -22.525  61.900 0.0000000000
102383  -28.600  -22.389  62.949 0.0000000000
102384  -27.960  -22.468  62.300 0.0000000000
102385  -27.741  -22.418  62.877 0.0000000000
102386  -27.443  -22.330  63.219 0.0000000000
102387  -27.160  -22.311  63.696 0.0000000000
102388  -26.789  -22.532  62.665 0.0000000000
102389  -26.131  -22.632  62.042 0.0000000000
102390  -25.584  -22.778  61.437 0.0000000000
102391  -24.930  -22.912  60.889 0.0000000000
102392  -25.155  -22.942  60.477 0.0000000000
102393  -24.869  -23.136  59.463 0.0000000000
102394  -24.499  -23.310  58.403 0.0000000000
102395  -24.604  -23.825  54.956 0.0000000000
102396  -24.392  -23.807  55.500 0.0000000000
102397  -24.074  -24.153  54.448 0.0000000000
102398  -23.661  -24.492  54.012 0.0000000000
102399  -23.171  -25.047  53.606 0.0000000000
102400  -22.662  -25.563  53.222 0.0000000000
102401  -23.019  -25.441  52.827 0.0000000000
102402  -22.890  -26.132  52.104 0.0000000000
105766  -24.300  -28.948  51.022 0.0000000000
105901  -20.907  -23.829  61.213 0.0000000000
105902  -21.269  -23.594  62.255 0.0000000000
105903  -20.621  -23.819  61.737 0.0000000000
105904  -20.386  -23.789  62.344 0.0000000000
105905  -20.092  -23.789  62.886 0.0000000000
105906  -17.618  -24.706  62.659 0.0000000000
105907  -18.327  -24.313  63.157 0.0000000000
105908  -18.084  -24.320  63.776 0.0000000000
105909  -18.529  -24.019  64.848 0.0000000000
105910  -19.011  -23.753  65.919 0.0000000000
105911  -19.446  -23.533  66.908 0.0000000000
105912  -18.793  -23.779  66.470 0.0000000000
105913  -18.553  -23.805  67.118 0.0000000000
105914  -18.332  -23.824  67.683 0.0000000000
105915  -18.046  -23.827  68.258 0.0000000000
105916  -17.689  -24.091  67.293 0.0000000000
105917  -17.089  -24.387  66.836 0.0000000000
105918  -16.400  -24.790  66.330 0.0000000000
105919  -14.369  -27.773  61.658 0.0000000000
105920  -14.611  -27.054  62.799 0.0000000000
105921  -14.141  -27.766  62.246 0.0000000000
105922  -13.935  -27.761  62.856 0.0000000000
105923  -13.715  -27.750  63.505 0.0000000000
105924  -13.534  -27.675  64.176 0.0000000000
105925  -13.237  -28.420  63.022 0.0000000000
105926  -12.764  -29.051  62.585 0.0000000000
105927  -12.296  -29.683  62.235 0.0000000000
105928  -11.790  -30.317  61.962 0.0000000000
105929  -12.059  -30.311  61.373 0.0000000000
105930  -11.908  -30.931  60.642 0.0000000000
105931  -11.847  -31.582  60.069 0.0000000000
105932  -13.363  -32.789  58.486 0.0000000000
105933  -12.932  -32.844  58.792 0.0000000000
105934  -13.291  -33.328  58.791 0.0000000000
116147  -21.492  -25.327  55.099 0.0000000000
116148  -21.087  -25.287  55.482 0.0000000000
116149  -21.001  -25.815  54.749 0.0000000000
116150  -20.574  -26.321  54.481 0.0000000000
116151  -20.121  -26.957  54.249 0.0000000000
116152  -20.524  -27.573  53.343 0.0000000000
116153  -20.186  -27.552  53.745 0.0000000000
116154  -19.772  -27.589  54.093 0.0000000000
116155  -19.513  -28.140  54.049 0.0000000000
116156  -19.286  -28.731  54.068 0.0000000000
116157  -19.086  -29.348  54.198 0.0000000000
116158  -18.975  -29.954  54.385 0.0000000000
116159  -19.350  -30.042  54.098 0.0000000000
116160  -19.773  -30.547  54.105 0.0000000000
116162  -20.648  -30.454  53.577 0.0000000000
116163  -20.647  -30.994  54.086 0.0000000000
118625  -24.475  -24.781  52.650 0.0000000000
118626  -24.409  -25.187  51.992 0.0000000000
118627  -24.883  -24.645  52.423 0.0000000000
118628  -25.346  -24.743  51.999 0.0000000000
118629  -25.798  -24.706  51.690 0.0000000000
118630  -26.362  -24.069  52.971 0.0000000000
118631  -26.285  -24.453  52.072 0.0000000000
118632  -26.351  -24.755  51.539 0.0000000000
118633  -26.760  -24.954  51.128 0.0000000000
118634  -27.206  -24.916  50.914 0.0000000000
118635  -27.686  -25.059  50.724 0.0000000000
118668  -30.951  -21.891  64.112 0.0000000000
118669  -30.415  -22.340  63.059 0.0000000000
118670  -29.769  -22.430  62.528 0.0000000000
118671  -29.107  -22.515  61.961 0.0000000000
118672  -29.164  -22.791  60.543 0.0000000000
118673  -28.615  -22.745  60.894 0.0000000000
118674  -28.608  -22.668  61.445 0.0000000000
118675  -27.873  -22.731  60.837 0.0000000000
118676  -27.188  -22.794  60.210 0.0000000000
118677  -26.632  -22.956  59.671 0.0000000000
118678  -25.935  -23.045  59.126 0.0000000000
118679  -26.322  -23.059  58.710 0.0000000000
118680  -25.907  -23.163  57.678 0.0000000000
118681  -25.506  -23.340  56.582 0.0000000000
118682  -26.455  -23.252  56.758 0.0000000000
118683  -25.835  -23.386  56.169 0.0000000000
118684  -25.261  -23.538  55.573 0.0000000000
118685  -24.996  -23.916  54.558 0.0000000000
118686  -24.667  -24.264  53.581 0.0000000000
121303  -26.192  -28.906  50.258 0.0000000000
121408  -18.488  -25.167  59.265 0.0000000000
121409  -18.733  -24.751  60.348 0.0000000000
121410  -18.226  -25.125  59.838 0.0000000000
121411  -17.868  -25.148  60.411 0.0000000000
121412  -17.572  -25.133  60.981 0.0000000000
121413  -16.915  -26.251  59.447 0.0000000000
121414  -17.021  -25.686  60.446 0.0000000000
121415  -17.331  -25.140  61.559 0.0000000000
121416  -17.019  -25.150  62.130 0.0000000000
121417  -16.784  -25.188  62.712 0.0000000000
121418  -16.544  -25.167  63.314 0.0000000000
121419  -16.389  -25.169  63.932 0.0000000000
121420  -15.977  -25.748  62.743 0.0000000000
121421  -15.520  -26.372  62.163 0.0000000000
121422  -15.013  -27.125  61.643 0.0000000000
121423  -15.080  -27.754  60.067 0.0000000000
121424  -14.834  -27.765  60.598 0.0000000000
121425  -14.567  -27.830  61.116 0.0000000000
121426  -14.121  -28.466  60.671 0.0000000000
121427  -13.670  -29.159  60.289 0.0000000000
121428  -13.216  -29.797  60.031 0.0000000000
121429  -12.819  -30.407  59.813 0.0000000000
121430  -13.089  -30.428  59.361 0.0000000000
121431  -13.096  -31.066  58.846 0.0000000000
121432  -13.226  -31.646  58.464 0.0000000000
121433  -13.843  -31.018  58.075 0.0000000000
121434  -13.655  -31.593  58.125 0.0000000000
121435  -13.477  -32.189  58.264 0.0000000000
121436  -13.809  -32.774  58.212 0.0000000000
128699  -29.044  -23.179  56.997 0.0000000000
128700  -28.790  -23.401  56.028 0.0000000000
128701  -29.398  -23.330  56.581 0.0000000000
128702  -29.942  -23.214  56.455 0.0000000000
128703  -30.293  -23.296  56.063 0.0000000000
128749  -30.573  -22.621  61.123 0.0000000000
128752  -30.105  -22.740  60.054 0.0000000000
128753  -29.602  -22.970  58.859 0.0000000000
128754  -29.384  -22.988  58.032 0.0000000000
131207  -23.809  -22.954  62.659 0.0000000000
131208  -23.532  -22.983  63.168 0.0000000000
131209  -23.105  -23.149  62.147 0.0000000000
131210  -22.432  -23.376  61.591 0.0000000000
131211  -21.846  -23.605  61.162 0.0000000000
131212  -21.783  -23.852  59.632 0.0000000000
131213  -21.507  -23.811  60.143 0.0000000000
131214  -21.247  -23.841  60.668 0.0000000000
131215  -20.603  -24.073  60.200 0.0000000000
131216  -20.001  -24.342  59.703 0.0000000000
131217  -19.447  -24.712  59.223 0.0000000000
131218  -20.758  -25.301  55.976 0.0000000000
131219  -20.480  -25.241  56.443 0.0000000000
131220  -20.115  -25.257  56.912 0.0000000000
131221  -19.540  -26.241  55.733 0.0000000000
131222  -19.578  -25.789  56.510 0.0000000000
131223  -19.810  -25.209  57.355 0.0000000000
131224  -19.500  -25.214  57.844 0.0000000000
131225  -19.219  -25.168  58.291 0.0000000000
131226  -18.857  -25.167  58.782 0.0000000000
131227  -18.332  -25.720  58.342 0.0000000000
131228  -17.847  -26.256  57.937 0.0000000000
131229  -17.390  -26.854  57.604 0.0000000000
131230  -17.708  -27.396  56.460 0.0000000000
131231  -17.348  -27.464  56.878 0.0000000000
131232  -16.981  -27.493  57.292 0.0000000000
131233  -16.587  -28.175  57.028 0.0000000000
131234  -16.214  -28.860  56.819 0.0000000000
131235  -15.939  -29.493  56.676 0.0000000000
131236  -15.680  -30.187  56.658 0.0000000000
131237  -16.101  -30.106  56.352 0.0000000000
131246  -18.903  -30.598  54.636 0.0000000000
137927  -22.067  -28.904  51.948 0.0000000000
137928  -22.445  -29.320  51.867 0.0000000000
137929  -22.537  -28.853  51.641 0.0000000000
137930  -22.971  -28.690  51.322 0.0000000000
137931  -23.466  -28.688  51.165 0.0000000000
137932  -23.309  -27.620  51.039 0.0000000000
137933  -23.577  -28.132  50.903 0.0000000000
137934  -23.913  -28.584  50.911 0.0000000000
137935  -24.379  -28.395  50.653 0.0000000000
137936  -24.868  -28.504  50.519 0.0000000000
137937  -25.329  -28.490  50.280 0.0000000000
137938  -24.463  -25.542  51.372 0.0000000000
137939  -24.553  -26.045  50.883 0.0000000000
137940  -24.773  -26.426  50.529 0.0000000000
137941  -25.536  -26.082  50.331 0.0000000000
137942  -25.244  -26.461  50.215 0.0000000000
137943  -24.931  -27.040  50.237 0.0000000000
137944  -25.177  -27.476  50.036 0.0000000000
137945  -25.496  -28.038  50.047 0.0000000000
137946  -25.815  -28.531  50.063 0.0000000000
137947  -26.293  -28.489  49.891 0.0000000000
137948  -26.799  -28.596  49.756 0.0000000000
137949  -27.270  -28.666  49.543 0.0000000000
137950  -27.148  -27.900  49.250 0.0000000000
137951  -27.397  -28.277  49.308 0.0000000000
137952  -27.759  -28.926  49.537 0.0000000000
137953  -28.230  -29.037  49.442 0.0000000000
137954  -28.761  -29.266  49.402 0.0000000000
137955  -29.205  -29.210  49.225 0.0000000000
137956  -28.683  -23.486  55.244 0.0000000000
137957  -28.473  -23.690  54.318 0.0000000000
137958  -28.386  -23.902  53.493 0.0000000000
137959  -29.376  -23.750  53.890 0.0000000000
137960  -28.877  -23.949  53.343 0.0000000000
137961  -28.273  -24.075  52.699 0.0000000000
137962  -28.290  -24.388  52.088 0.0000000000
137963  -28.193  -24.688  51.272 0.0000000000
137964  -27.999  -25.152  50.397 0.0000000000
137966  -30.556  -24.281  52.434 0.0000000000
137967  -30.007  -24.508  51.814 0.0000000000
137968  -30.257  -24.946  50.742 0.0000000000
137969  -29.905  -24.803  51.029 0.0000000000
137970  -29.397  -24.826  51.263 0.0000000000
137971  -28.926  -25.064  50.693 0.0000000000
137972  -28.461  -25.371  50.208 0.0000000000
137973  -28.088  -25.663  49.836 0.0000000000
137974  -28.194  -26.096  49.444 0.0000000000
137975  -28.230  -26.717  48.988 0.0000000000
137976  -28.422  -27.274  48.778 0.0000000000
137977  -29.076  -27.015  48.588 0.0000000000
137978  -28.867  -27.405  48.607 0.0000000000
137979  -28.662  -27.823  48.622 0.0000000000
137980  -28.924  -28.360  48.682 0.0000000000
137981  -29.322  -28.942  48.872 0.0000000000
137982  -29.741  -29.365  49.075 0.0000000000
138035  -25.545  -22.117  66.375 0.0000000000
138036  -25.169  -22.398  65.278 0.0000000000
138037  -24.886  -22.577  64.215 0.0000000000
138047  -30.390  -21.946  64.536 0.0000000000
138048  -30.328  -21.832  64.980 0.0000000000
138049  -29.887  -21.799  65.441 0.0000000000
138050  -29.136  -22.178  63.989 0.0000000000
138051  -29.559  -21.936  64.969 0.0000000000
138052  -29.802  -21.685  65.880 0.0000000000
138053  -29.417  -21.591  66.334 0.0000000000
138054  -29.111  -21.475  66.744 0.0000000000
138055  -28.691  -21.365  67.231 0.0000000000
138056  -28.284  -21.661  66.670 0.0000000000
138057  -27.525  -21.867  66.212 0.0000000000
138058  -26.998  -22.055  65.566 0.0000000000
138059  -26.876  -22.271  64.115 0.0000000000
138060  -26.652  -22.230  64.571 0.0000000000
138061  -26.418  -22.201  65.005 0.0000000000
138062  -25.737  -22.392  64.336 0.0000000000
138063  -25.094  -22.594  63.791 0.0000000000
138064  -24.449  -22.783  63.201 0.0000000000
138065  -24.059  -22.902  62.244 0.0000000000
138066  -23.779  -23.137  61.200 0.0000000000
138067  -23.361  -23.333  60.190 0.0000000000
138068  -24.273  -23.116  60.323 0.0000000000
138069  -23.723  -23.341  59.781 0.0000000000
138070  -23.090  -23.498  59.210 0.0000000000
138071  -22.685  -23.870  58.216 0.0000000000
138072  -22.479  -24.084  57.311 0.0000000000
138073  -22.153  -24.371  56.377 0.0000000000
138074  -25.411  -23.161  58.541 0.0000000000
138075  -24.720  -23.311  57.940 0.0000000000
138076  -24.146  -23.524  57.383 0.0000000000
138077  -24.062  -23.787  55.923 0.0000000000
138078  -23.929  -23.748  56.464 0.0000000000
138079  -23.573  -23.794  56.872 0.0000000000
138080  -23.078  -24.079  56.398 0.0000000000
138081  -22.469  -24.502  55.857 0.0000000000
138082  -21.926  -24.917  55.440 0.0000000000
138083  -21.799  -25.350  54.608 0.0000000000
138084  -21.606  -25.967  53.838 0.0000000000
138085  -21.533  -26.492  53.174 0.0000000000
138086  -22.240  -26.040  52.941 0.0000000000
138087  -21.863  -26.499  52.743 0.0000000000
138088  -21.569  -27.034  52.643 0.0000000000
138089  -21.597  -27.705  52.224 0.0000000000
138090  -21.841  -28.330  52.026 0.0000000000
144934  -22.887  -29.759  52.062 0.0000000000
145205  -23.285  -22.987  63.631 0.0000000000
145206  -23.037  -22.969  64.174 0.0000000000
145207  -22.815  -22.971  64.674 0.0000000000
145208  -21.640  -23.400  63.244 0.0000000000
145209  -22.119  -23.200  64.221 0.0000000000
145210  -22.539  -22.973  65.264 0.0000000000
145211  -22.286  -22.962  65.791 0.0000000000
145212  -22.055  -22.925  66.446 0.0000000000
145213  -21.813  -22.890  66.996 0.0000000000
145214  -19.009  -24.375  61.391 0.0000000000
145215  -19.437  -24.032  62.426 0.0000000000
145216  -19.824  -23.794  63.489 0.0000000000
145217  -18.969  -24.021  63.609 0.0000000000
145218  -19.651  -23.779  64.081 0.0000000000
145219  -20.263  -23.577  64.542 0.0000000000
145220  -20.743  -23.321  65.530 0.0000000000
145221  -21.182  -23.133  66.551 0.0000000000
145226  -19.819  -23.313  67.844 0.0000000000
145235  -17.831  -23.808  68.759 0.0000000000
145236  -17.612  -23.779  69.263 0.0000000000
145237  -17.303  -23.740  69.792 0.0000000000
145238  -16.784  -24.121  69.394 0.0000000000
145239  -16.195  -24.520  69.029 0.0000000000
145240  -15.591  -24.919  68.601 0.0000000000
145241  -16.215  -25.206  64.532 0.0000000000
145242  -15.978  -25.233  65.143 0.0000000000
145243  -15.794  -25.239  65.786 0.0000000000
145244  -14.854  -26.426  63.959 0.0000000000
145245  -15.189  -25.820  65.159 0.0000000000
145246  -15.584  -25.279  66.370 0.0000000000
145247  -15.410  -25.291  66.972 0.0000000000
145248  -15.231  -25.318  67.546 0.0000000000
145249  -15.026  -25.311  68.161 0.0000000000
145250  -14.462  -25.797  67.596 0.0000000000
145253  -13.367  -27.634  64.816 0.0000000000
145254  -13.162  -27.615  65.462 0.0000000000
145262  -11.370  -30.873  61.763 0.0000000000
145263  -10.975  -31.461  61.591 0.0000000000
145265  -10.618  -32.783  61.014 0.0000000000
145266  -10.755  -33.448  60.715 0.0000000000
145267  -11.062  -34.009  60.604 0.0000000000
145268  -12.473  -31.009  59.677 0.0000000000
145269  -12.149  -31.615  59.644 0.0000000000
145270  -11.892  -32.218  59.667 0.0000000000
145271  -12.466  -32.858  59.120 0.0000000000
145272  -12.094  -32.889  59.443 0.0000000000
145273  -11.685  -32.843  59.796 0.0000000000
145274  -11.551  -33.447  60.000 0.0000000000
145275  -11.497  -34.007  60.259 0.0000000000
145286  -15.495  -30.785  56.744 0.0000000000
