#!ascii label  , from subject fsaverage vox2ras=TkReg
561
13  -37.297  23.573  24.834 0.0000000000
459  -44.333  22.575  32.670 0.0000000000
744  -37.496  22.134  21.110 0.0000000000
1008  -44.393  26.375  33.844 0.0000000000
1873  -41.584  26.923  26.614 0.0000000000
1874  -40.200  27.719  23.672 0.0000000000
2022  -35.469  18.940  27.348 0.0000000000
2031  -40.567  23.292  28.552 0.0000000000
2217  -39.575  25.502  19.857 0.0000000000
2662  -35.982  21.548  23.857 0.0000000000
2664  -36.695  23.144  22.761 0.0000000000
2928  -42.305  24.075  36.649 0.0000000000
4455  -41.171  20.475  31.903 0.0000000000
4456  -39.420  20.945  29.994 0.0000000000
4457  -42.484  22.984  30.539 0.0000000000
4458  -43.009  24.683  28.812 0.0000000000
4459  -44.878  24.684  30.778 0.0000000000
4905  -41.763  29.312  22.545 0.0000000000
4906  -39.369  27.006  21.760 0.0000000000
4907  -40.293  28.387  20.744 0.0000000000
6419  -45.083  22.626  34.768 0.0000000000
6420  -45.665  24.696  33.198 0.0000000000
6421  -44.885  24.590  35.537 0.0000000000
6422  -42.287  25.915  35.560 0.0000000000
8239  -39.403  25.221  25.922 0.0000000000
8240  -38.548  25.694  24.160 0.0000000000
8241  -40.677  27.535  25.372 0.0000000000
8242  -42.405  29.487  24.248 0.0000000000
8639  -35.123  19.212  25.285 0.0000000000
8640  -36.452  21.470  25.958 0.0000000000
8666  -37.818  21.311  27.969 0.0000000000
8667  -38.790  23.487  26.766 0.0000000000
8668  -41.148  24.917  27.300 0.0000000000
8669  -43.208  26.486  27.687 0.0000000000
8671  -44.917  26.515  31.246 0.0000000000
9213  -38.007  25.144  22.056 0.0000000000
9214  -38.798  23.791  20.480 0.0000000000
10342  -36.542  22.714  24.348 0.0000000000
10343  -36.294  22.390  23.273 0.0000000000
10344  -36.858  23.510  23.783 0.0000000000
12133  -43.450  21.338  33.343 0.0000000000
12135  -42.650  21.560  32.285 0.0000000000
12136  -41.867  21.804  31.361 0.0000000000
12137  -43.484  22.800  31.584 0.0000000000
12138  -43.863  23.802  30.664 0.0000000000
12139  -44.795  23.657  31.763 0.0000000000
12586  -41.008  28.861  21.559 0.0000000000
13750  -36.973  21.440  21.607 0.0000000000
14538  -45.287  23.651  35.166 0.0000000000
14539  -44.570  23.506  36.092 0.0000000000
14540  -41.075  24.567  36.497 0.0000000000
14541  -42.420  25.002  36.124 0.0000000000
14542  -41.096  25.450  35.979 0.0000000000
18112  -40.481  26.054  26.326 0.0000000000
18113  -39.979  26.385  25.630 0.0000000000
18114  -41.057  27.282  26.068 0.0000000000
18116  -42.662  29.475  25.050 0.0000000000
19055  -34.779  17.817  26.819 0.0000000000
19057  -35.193  19.116  26.335 0.0000000000
19058  -35.697  20.354  25.626 0.0000000000
19059  -36.002  20.200  26.671 0.0000000000
19123  -39.966  22.144  29.316 0.0000000000
19124  -38.538  21.158  28.917 0.0000000000
19125  -39.087  22.328  28.291 0.0000000000
19126  -38.275  22.493  27.368 0.0000000000
19127  -39.664  23.439  27.639 0.0000000000
19128  -39.946  24.135  27.060 0.0000000000
19129  -40.892  24.070  27.819 0.0000000000
19130  -44.035  25.581  29.018 0.0000000000
19131  -43.183  25.614  28.149 0.0000000000
19132  -44.074  26.459  28.371 0.0000000000
19135  -45.278  25.671  33.503 0.0000000000
19136  -45.406  25.686  32.232 0.0000000000
19137  -44.871  26.607  32.550 0.0000000000
20475  -39.317  26.810  23.950 0.0000000000
20476  -38.202  25.532  23.099 0.0000000000
20477  -38.956  26.526  22.902 0.0000000000
20478  -39.267  26.308  20.768 0.0000000000
20479  -38.812  25.446  21.016 0.0000000000
20480  -39.353  24.641  20.263 0.0000000000
20481  -39.827  23.203  20.038 0.0000000000
20482  -40.274  24.046  19.625 0.0000000000
23226  -36.083  21.154  22.928 0.0000000000
23227  -36.468  21.938  22.348 0.0000000000
23228  -36.900  22.708  21.839 0.0000000000
25843  -42.586  27.713  26.842 0.0000000000
25844  -42.140  28.070  26.310 0.0000000000
26451  -40.312  20.723  31.012 0.0000000000
26452  -40.930  21.929  30.362 0.0000000000
26453  -41.510  23.139  29.512 0.0000000000
26454  -41.806  24.010  28.665 0.0000000000
26455  -42.783  23.872  29.596 0.0000000000
26456  -43.967  24.660  29.744 0.0000000000
26457  -44.774  25.588  30.003 0.0000000000
27261  -41.133  28.584  23.211 0.0000000000
27262  -39.765  27.418  22.666 0.0000000000
27263  -40.474  28.147  22.262 0.0000000000
27264  -39.958  27.682  21.329 0.0000000000
27265  -39.558  27.090  20.285 0.0000000000
30335  -44.895  22.551  33.722 0.0000000000
30336  -45.384  23.602  32.847 0.0000000000
30337  -45.537  23.654  34.091 0.0000000000
30338  -45.552  24.718  34.443 0.0000000000
30339  -44.833  25.580  34.767 0.0000000000
30340  -43.749  24.337  36.212 0.0000000000
30341  -43.763  25.374  35.572 0.0000000000
30342  -43.496  26.194  34.873 0.0000000000
30343  -41.926  26.704  34.836 0.0000000000
35017  -38.270  24.406  25.369 0.0000000000
35018  -37.831  24.653  24.478 0.0000000000
35019  -38.921  25.523  25.124 0.0000000000
35020  -39.582  26.634  24.830 0.0000000000
35021  -40.440  27.681  24.603 0.0000000000
35022  -41.810  28.422  25.681 0.0000000000
35023  -41.543  28.561  24.920 0.0000000000
35024  -41.284  28.583  24.119 0.0000000000
35025  -42.160  29.403  23.326 0.0000000000
36172  -35.620  20.432  24.584 0.0000000000
36173  -36.164  21.607  24.923 0.0000000000
36174  -36.862  22.580  25.313 0.0000000000
36251  -37.260  19.996  28.703 0.0000000000
36252  -36.562  20.140  27.766 0.0000000000
36253  -37.098  21.439  27.052 0.0000000000
36254  -37.542  22.542  26.385 0.0000000000
36255  -38.042  23.561  25.841 0.0000000000
36256  -39.075  24.272  26.313 0.0000000000
36257  -40.220  25.050  26.678 0.0000000000
36258  -41.359  25.897  26.943 0.0000000000
36259  -42.044  24.755  27.973 0.0000000000
36260  -42.222  25.715  27.494 0.0000000000
36261  -42.440  26.686  27.190 0.0000000000
36265  -45.455  24.697  31.951 0.0000000000
36266  -45.222  25.615  30.993 0.0000000000
37881  -37.472  24.513  23.422 0.0000000000
37882  -37.273  24.212  22.365 0.0000000000
37883  -37.507  23.645  21.443 0.0000000000
37884  -38.724  26.130  21.927 0.0000000000
37885  -38.182  24.587  21.187 0.0000000000
37886  -38.137  22.987  20.754 0.0000000000
37887  -39.118  22.337  20.346 0.0000000000
37892  -39.680  26.236  19.329 0.0000000000
37895  -40.412  24.810  19.081 0.0000000000
41062  -36.908  23.153  24.582 0.0000000000
41063  -36.679  23.118  24.057 0.0000000000
41064  -37.049  23.569  24.294 0.0000000000
42853  -43.899  21.933  33.028 0.0000000000
42854  -43.061  21.424  32.787 0.0000000000
42855  -43.473  22.010  32.477 0.0000000000
42856  -43.099  22.175  31.965 0.0000000000
42857  -43.930  22.687  32.111 0.0000000000
42858  -44.158  23.257  31.649 0.0000000000
42859  -44.581  23.124  32.218 0.0000000000
44470  -37.228  21.795  21.333 0.0000000000
44474  -37.919  21.799  20.865 0.0000000000
45258  -44.780  23.094  35.908 0.0000000000
45261  -41.126  24.997  36.208 0.0000000000
45262  -40.383  25.215  36.107 0.0000000000
48832  -41.022  26.493  26.520 0.0000000000
48833  -40.765  26.672  26.220 0.0000000000
48834  -41.317  27.131  26.364 0.0000000000
49775  -35.084  18.375  27.108 0.0000000000
49776  -34.936  18.480  26.610 0.0000000000
49777  -35.322  19.058  26.838 0.0000000000
49778  -35.580  19.666  26.514 0.0000000000
49779  -35.745  19.597  27.034 0.0000000000
49843  -40.264  22.731  28.934 0.0000000000
49844  -39.490  22.230  28.793 0.0000000000
49845  -39.813  22.817  28.455 0.0000000000
49846  -39.392  22.920  28.012 0.0000000000
49847  -40.124  23.367  28.106 0.0000000000
49848  -40.279  23.766  27.714 0.0000000000
49849  -40.724  23.733  28.154 0.0000000000
49850  -44.417  25.987  29.131 0.0000000000
49851  -44.069  26.055  28.690 0.0000000000
49852  -44.434  26.410  28.800 0.0000000000
49855  -44.907  26.073  33.677 0.0000000000
49856  -45.085  26.149  33.021 0.0000000000
49857  -44.666  26.485  33.199 0.0000000000
51195  -39.772  27.262  23.839 0.0000000000
51196  -39.121  26.682  23.424 0.0000000000
51197  -39.559  27.144  23.307 0.0000000000
51198  -39.353  25.911  20.317 0.0000000000
51199  -39.226  25.475  20.508 0.0000000000
51200  -39.494  25.106  20.116 0.0000000000
51201  -39.765  24.311  19.888 0.0000000000
51202  -39.850  24.758  19.680 0.0000000000
54067  -35.860  20.952  23.715 0.0000000000
54069  -35.980  21.355  23.400 0.0000000000
54070  -36.467  22.767  22.979 0.0000000000
54071  -36.335  22.185  22.797 0.0000000000
54072  -36.525  22.547  22.529 0.0000000000
54073  -36.664  22.301  22.083 0.0000000000
54074  -36.728  22.943  22.283 0.0000000000
59442  -40.744  20.610  31.457 0.0000000000
59443  -42.168  22.435  30.971 0.0000000000
59444  -41.391  21.873  30.906 0.0000000000
59445  -41.698  22.488  30.454 0.0000000000
59446  -41.218  22.514  29.965 0.0000000000
59447  -41.993  23.069  30.009 0.0000000000
59448  -42.137  23.507  29.550 0.0000000000
59449  -42.644  23.425  30.072 0.0000000000
59450  -44.426  24.234  30.722 0.0000000000
59451  -43.934  24.238  30.189 0.0000000000
59452  -44.435  24.677  30.271 0.0000000000
59453  -44.439  25.105  29.851 0.0000000000
59454  -44.834  25.153  30.389 0.0000000000
60795  -41.461  28.948  22.874 0.0000000000
60796  -40.815  28.388  22.733 0.0000000000
60797  -41.116  28.730  22.380 0.0000000000
60798  -40.622  28.618  21.147 0.0000000000
60799  -40.430  28.231  21.488 0.0000000000
60800  -40.132  28.005  21.004 0.0000000000
60801  -39.725  27.403  20.802 0.0000000000
60802  -39.855  27.775  20.559 0.0000000000
66645  -44.636  21.952  34.578 0.0000000000
66646  -44.459  21.923  34.084 0.0000000000
66647  -45.073  22.578  34.267 0.0000000000
66648  -45.349  23.105  33.908 0.0000000000
66649  -45.336  23.149  34.428 0.0000000000
66650  -45.159  24.146  35.370 0.0000000000
66651  -45.431  24.196  34.836 0.0000000000
66652  -45.264  24.677  35.020 0.0000000000
66653  -45.283  25.191  34.627 0.0000000000
66654  -44.890  25.102  35.174 0.0000000000
66655  -42.929  23.725  36.698 0.0000000000
66656  -43.596  23.817  36.450 0.0000000000
66657  -43.047  24.194  36.434 0.0000000000
66658  -42.385  25.473  35.859 0.0000000000
66659  -43.086  25.196  35.917 0.0000000000
66660  -43.044  25.650  35.637 0.0000000000
66661  -43.665  25.806  35.264 0.0000000000
66662  -42.911  26.073  35.266 0.0000000000
66663  -42.706  26.450  34.834 0.0000000000
66664  -42.164  26.329  35.217 0.0000000000
77377  -38.810  24.823  25.675 0.0000000000
77378  -38.584  24.968  25.240 0.0000000000
77379  -39.135  25.381  25.528 0.0000000000
77380  -40.293  26.994  25.520 0.0000000000
77381  -39.788  26.540  25.271 0.0000000000
77382  -40.127  27.093  25.131 0.0000000000
77383  -39.983  27.179  24.714 0.0000000000
77384  -40.544  27.616  24.989 0.0000000000
77385  -42.417  28.713  26.051 0.0000000000
77386  -41.914  28.287  26.013 0.0000000000
77387  -42.294  28.852  25.740 0.0000000000
77388  -42.511  29.487  24.674 0.0000000000
77389  -42.105  29.030  25.043 0.0000000000
77390  -41.949  29.045  24.652 0.0000000000
77391  -41.389  28.565  24.544 0.0000000000
77392  -41.843  29.025  24.225 0.0000000000
77393  -41.748  29.005  23.788 0.0000000000
77394  -42.313  29.451  23.820 0.0000000000
80203  -34.907  18.570  25.580 0.0000000000
80209  -35.376  19.838  24.947 0.0000000000
80210  -36.063  20.939  25.789 0.0000000000
80211  -35.954  21.006  25.250 0.0000000000
80212  -36.296  21.561  25.447 0.0000000000
80213  -36.485  22.120  25.118 0.0000000000
80214  -36.682  22.062  25.646 0.0000000000
80405  -38.730  20.409  29.816 0.0000000000
80406  -38.176  21.247  28.422 0.0000000000
80407  -37.903  20.583  28.787 0.0000000000
80408  -37.580  20.664  28.313 0.0000000000
80409  -36.910  20.100  28.235 0.0000000000
80410  -37.196  20.748  27.845 0.0000000000
80411  -36.840  20.789  27.380 0.0000000000
80412  -37.429  21.383  27.490 0.0000000000
80413  -38.517  23.019  27.079 0.0000000000
80414  -37.901  22.530  26.861 0.0000000000
80415  -38.146  23.034  26.573 0.0000000000
80416  -37.822  23.064  26.077 0.0000000000
80417  -38.414  23.514  26.329 0.0000000000
80418  -38.545  23.897  26.085 0.0000000000
80419  -38.927  23.858  26.524 0.0000000000
80420  -40.500  24.507  27.131 0.0000000000
80421  -40.051  24.563  26.836 0.0000000000
80422  -40.656  24.952  26.984 0.0000000000
80423  -40.800  25.484  26.817 0.0000000000
80424  -41.278  25.432  27.136 0.0000000000
80425  -42.413  24.369  28.731 0.0000000000
80426  -41.956  24.400  28.297 0.0000000000
80427  -42.534  24.756  28.373 0.0000000000
80428  -43.163  26.032  27.875 0.0000000000
80429  -42.664  25.646  27.801 0.0000000000
80430  -42.728  26.095  27.591 0.0000000000
80431  -42.345  26.175  27.334 0.0000000000
80432  -42.845  26.562  27.443 0.0000000000
80433  -42.953  27.075  27.281 0.0000000000
80434  -43.307  26.982  27.571 0.0000000000
80440  -45.611  24.179  33.003 0.0000000000
80441  -45.463  24.164  32.398 0.0000000000
80442  -45.664  24.680  32.547 0.0000000000
80443  -45.168  26.137  31.727 0.0000000000
80444  -45.342  25.660  31.569 0.0000000000
80445  -45.158  26.087  31.048 0.0000000000
80446  -45.083  26.005  30.581 0.0000000000
80447  -44.944  26.397  30.645 0.0000000000
84465  -38.183  25.185  24.324 0.0000000000
84466  -37.616  24.644  23.944 0.0000000000
84467  -37.950  25.112  23.756 0.0000000000
84468  -38.060  25.356  22.572 0.0000000000
84469  -37.681  24.867  22.692 0.0000000000
84470  -37.618  24.655  22.166 0.0000000000
84471  -37.341  23.964  21.872 0.0000000000
84472  -37.695  24.402  21.711 0.0000000000
84473  -39.543  27.225  22.199 0.0000000000
84474  -39.206  26.818  22.311 0.0000000000
84475  -39.064  26.585  21.858 0.0000000000
84476  -38.727  24.615  20.697 0.0000000000
84477  -38.489  25.024  21.073 0.0000000000
84478  -38.410  24.216  20.799 0.0000000000
84479  -38.105  23.790  20.931 0.0000000000
84480  -38.479  23.418  20.593 0.0000000000
84481  -38.581  22.614  20.508 0.0000000000
84482  -38.939  23.034  20.366 0.0000000000
84483  -40.407  22.930  19.902 0.0000000000
84494  -39.606  27.028  19.558 0.0000000000
92344  -36.232  22.143  24.124 0.0000000000
92345  -36.132  21.969  23.587 0.0000000000
92346  -36.382  22.571  23.803 0.0000000000
92347  -36.542  22.967  23.517 0.0000000000
92348  -36.747  23.364  23.259 0.0000000000
95567  -42.638  20.783  33.045 0.0000000000
95568  -42.255  20.868  32.565 0.0000000000
95569  -41.846  20.954  32.106 0.0000000000
95570  -41.529  21.137  31.638 0.0000000000
95571  -42.299  21.671  31.839 0.0000000000
95572  -42.642  22.301  31.462 0.0000000000
95573  -42.983  22.900  31.060 0.0000000000
95574  -43.203  23.386  30.597 0.0000000000
95575  -43.690  23.341  31.121 0.0000000000
95576  -44.335  23.769  31.183 0.0000000000
95577  -44.933  24.186  31.272 0.0000000000
96382  -41.401  29.075  22.020 0.0000000000
99893  -45.005  22.610  35.263 0.0000000000
99894  -45.256  23.152  34.954 0.0000000000
99895  -45.133  23.088  35.443 0.0000000000
99896  -44.996  23.622  35.674 0.0000000000
99897  -44.802  24.025  35.866 0.0000000000
99898  -41.689  24.337  36.568 0.0000000000
99899  -42.391  24.504  36.360 0.0000000000
99900  -41.776  24.766  36.278 0.0000000000
99901  -41.787  25.241  36.055 0.0000000000
99902  -41.704  25.699  35.821 0.0000000000
99903  -41.577  26.162  35.565 0.0000000000
99904  -40.962  25.928  35.765 0.0000000000
106330  -39.955  25.629  26.125 0.0000000000
106331  -39.670  25.791  25.755 0.0000000000
106332  -40.231  26.219  25.990 0.0000000000
106333  -40.522  26.832  25.872 0.0000000000
106334  -40.799  27.412  25.732 0.0000000000
106336  -42.695  29.385  25.380 0.0000000000
108027  -34.689  17.908  26.328 0.0000000000
108028  -34.877  18.539  26.096 0.0000000000
108029  -35.124  19.156  25.804 0.0000000000
108030  -35.362  19.759  25.466 0.0000000000
108031  -35.441  19.719  25.998 0.0000000000
108032  -35.824  20.288  26.143 0.0000000000
108033  -36.233  20.840  26.321 0.0000000000
108147  -39.678  21.550  29.668 0.0000000000
108148  -38.958  21.044  29.441 0.0000000000
108149  -39.210  21.650  29.094 0.0000000000
108150  -38.807  21.741  28.562 0.0000000000
108151  -38.429  21.844  28.116 0.0000000000
108152  -38.047  21.920  27.696 0.0000000000
108153  -38.664  22.428  27.829 0.0000000000
108154  -38.933  22.982  27.551 0.0000000000
108155  -39.199  23.464  27.216 0.0000000000
108156  -39.344  23.813  26.914 0.0000000000
108157  -39.814  23.786  27.318 0.0000000000
108158  -40.402  24.117  27.407 0.0000000000
108159  -41.008  24.466  27.517 0.0000000000
108160  -43.579  25.114  28.924 0.0000000000
108161  -43.112  25.134  28.485 0.0000000000
108162  -43.655  25.592  28.601 0.0000000000
108163  -43.676  26.041  28.258 0.0000000000
108164  -43.668  26.476  28.009 0.0000000000
108169  -45.539  25.188  33.352 0.0000000000
108170  -45.606  25.176  32.741 0.0000000000
108171  -45.360  25.714  32.869 0.0000000000
108172  -45.171  26.185  32.394 0.0000000000
108173  -44.911  26.589  31.907 0.0000000000
110583  -38.914  26.227  24.051 0.0000000000
110584  -38.348  25.638  23.608 0.0000000000
110585  -38.738  26.194  23.519 0.0000000000
110586  -38.559  26.030  22.999 0.0000000000
110587  -38.431  25.857  22.480 0.0000000000
110588  -39.258  26.686  21.249 0.0000000000
110589  -39.020  26.255  21.392 0.0000000000
110590  -39.049  25.881  20.910 0.0000000000
110591  -39.002  25.026  20.638 0.0000000000
110592  -39.101  24.184  20.351 0.0000000000
110593  -39.295  23.466  20.209 0.0000000000
110594  -39.580  23.891  20.087 0.0000000000
110595  -40.134  23.637  19.881 0.0000000000
110596  -40.734  23.377  19.692 0.0000000000
115635  -36.117  21.774  23.112 0.0000000000
115636  -36.280  21.580  22.646 0.0000000000
115637  -36.460  21.325  22.226 0.0000000000
115638  -36.676  21.686  21.953 0.0000000000
115639  -36.878  22.060  21.687 0.0000000000
115640  -37.132  22.426  21.422 0.0000000000
121741  -42.086  27.283  26.783 0.0000000000
121742  -41.856  27.502  26.494 0.0000000000
121743  -42.359  27.851  26.588 0.0000000000
121744  -42.621  28.480  26.346 0.0000000000
123066  -35.233  18.267  27.617 0.0000000000
123155  -39.885  20.887  30.503 0.0000000000
123156  -41.078  21.248  31.191 0.0000000000
123157  -40.633  21.368  30.751 0.0000000000
123158  -40.169  21.484  30.187 0.0000000000
123159  -40.460  22.076  29.839 0.0000000000
123160  -40.747  22.656  29.459 0.0000000000
123161  -41.046  23.227  29.036 0.0000000000
123162  -41.194  23.666  28.611 0.0000000000
123163  -41.629  23.607  29.045 0.0000000000
123164  -42.258  23.957  29.125 0.0000000000
123165  -42.875  24.294  29.180 0.0000000000
123166  -43.339  23.829  30.103 0.0000000000
123167  -43.405  24.260  29.642 0.0000000000
123168  -43.459  24.668  29.243 0.0000000000
123169  -43.972  25.070  29.329 0.0000000000
123170  -44.389  25.522  29.451 0.0000000000
123171  -44.687  26.006  29.597 0.0000000000
123172  -43.722  26.635  33.948 0.0000000000
123173  -44.081  26.750  33.361 0.0000000000
125049  -40.686  28.191  23.453 0.0000000000
125050  -39.983  27.594  23.180 0.0000000000
125051  -40.437  28.030  23.024 0.0000000000
125052  -40.154  27.822  22.523 0.0000000000
125053  -39.889  27.623  22.061 0.0000000000
125054  -40.787  28.476  21.910 0.0000000000
125055  -40.207  27.903  21.816 0.0000000000
125056  -39.714  27.360  21.598 0.0000000000
125057  -39.524  27.063  21.076 0.0000000000
125058  -39.458  26.716  20.588 0.0000000000
125059  -39.463  26.292  20.049 0.0000000000
132801  -43.755  21.315  33.870 0.0000000000
132802  -44.249  21.893  33.558 0.0000000000
132803  -44.670  22.541  33.175 0.0000000000
132804  -44.977  23.050  32.766 0.0000000000
132805  -45.187  23.077  33.298 0.0000000000
132806  -45.500  23.634  33.456 0.0000000000
132807  -45.629  24.197  33.648 0.0000000000
132808  -45.447  23.692  34.657 0.0000000000
132809  -45.576  24.233  34.334 0.0000000000
132810  -45.624  24.702  33.831 0.0000000000
132811  -45.461  25.175  33.973 0.0000000000
132812  -45.121  25.653  34.151 0.0000000000
132813  -44.674  25.995  34.283 0.0000000000
132814  -44.004  23.414  36.407 0.0000000000
132815  -44.234  23.921  36.173 0.0000000000
132816  -44.395  24.469  35.894 0.0000000000
132817  -43.093  24.700  36.193 0.0000000000
132818  -43.810  24.867  35.936 0.0000000000
132819  -44.392  24.988  35.597 0.0000000000
132820  -44.346  25.481  35.233 0.0000000000
132821  -44.232  25.907  34.848 0.0000000000
132822  -44.052  26.250  34.454 0.0000000000
132823  -43.271  26.560  34.400 0.0000000000
132826  -41.425  26.595  35.222 0.0000000000
146071  -37.733  24.020  25.100 0.0000000000
146072  -37.510  24.116  24.649 0.0000000000
146073  -38.027  24.543  24.928 0.0000000000
146074  -38.358  25.090  24.783 0.0000000000
146075  -38.689  25.635  24.650 0.0000000000
146076  -39.426  25.945  25.369 0.0000000000
146077  -39.237  26.084  24.975 0.0000000000
146078  -39.045  26.154  24.515 0.0000000000
146079  -39.432  26.713  24.394 0.0000000000
146080  -39.890  27.279  24.316 0.0000000000
146081  -40.309  27.737  24.112 0.0000000000
146082  -41.618  27.724  26.219 0.0000000000
146083  -41.381  27.841  25.921 0.0000000000
146084  -41.250  27.974  25.561 0.0000000000
146085  -42.220  28.963  25.394 0.0000000000
146086  -41.692  28.519  25.329 0.0000000000
146087  -41.109  28.049  25.172 0.0000000000
146088  -40.993  28.107  24.753 0.0000000000
146089  -40.845  28.173  24.345 0.0000000000
146090  -40.767  28.233  23.881 0.0000000000
146091  -41.233  28.613  23.646 0.0000000000
146092  -41.633  29.013  23.311 0.0000000000
146093  -41.981  29.364  22.917 0.0000000000
149489  -35.676  20.413  24.087 0.0000000000
149490  -35.838  21.037  24.217 0.0000000000
149491  -35.632  20.413  25.092 0.0000000000
149492  -35.868  21.062  24.720 0.0000000000
149493  -36.061  21.625  24.397 0.0000000000
149494  -36.340  22.162  24.611 0.0000000000
149495  -36.645  22.666  24.803 0.0000000000
149496  -37.067  23.078  25.060 0.0000000000
149721  -35.732  18.892  27.904 0.0000000000
149725  -38.305  20.522  29.305 0.0000000000
149729  -36.264  19.483  28.133 0.0000000000
149730  -36.001  19.556  27.592 0.0000000000
149731  -36.280  20.198  27.262 0.0000000000
149732  -36.532  20.823  26.890 0.0000000000
149733  -36.756  21.469  26.525 0.0000000000
149734  -37.693  21.996  27.182 0.0000000000
149735  -37.332  22.023  26.707 0.0000000000
149736  -36.978  22.037  26.172 0.0000000000
149737  -37.192  22.560  25.839 0.0000000000
149738  -37.429  23.086  25.573 0.0000000000
149739  -37.645  23.623  25.339 0.0000000000
149740  -38.152  23.954  25.599 0.0000000000
149741  -38.674  24.326  25.862 0.0000000000
149742  -39.234  24.727  26.116 0.0000000000
149743  -39.475  24.210  26.690 0.0000000000
149744  -39.639  24.658  26.509 0.0000000000
149745  -39.809  25.134  26.334 0.0000000000
149746  -40.363  25.560  26.507 0.0000000000
149747  -40.914  25.987  26.649 0.0000000000
149748  -41.461  26.377  26.788 0.0000000000
149749  -41.359  24.044  28.240 0.0000000000
149750  -41.485  24.401  27.886 0.0000000000
149751  -41.599  24.839  27.625 0.0000000000
149752  -42.603  25.171  28.051 0.0000000000
149753  -42.119  25.226  27.704 0.0000000000
149754  -41.696  25.320  27.397 0.0000000000
149755  -41.825  25.836  27.224 0.0000000000
149756  -41.903  26.282  27.073 0.0000000000
149757  -41.999  26.783  26.926 0.0000000000
149758  -42.521  27.196  27.030 0.0000000000
149759  -43.008  27.612  27.107 0.0000000000
149767  -45.114  23.555  32.338 0.0000000000
149768  -45.232  24.153  31.869 0.0000000000
149769  -45.265  24.683  31.391 0.0000000000
149770  -45.508  25.205  32.066 0.0000000000
149771  -45.364  25.186  31.467 0.0000000000
149772  -45.195  25.174  30.886 0.0000000000
149773  -45.057  25.602  30.509 0.0000000000
149774  -44.935  26.010  30.105 0.0000000000
149776  -44.379  26.876  32.688 0.0000000000
154605  -37.304  24.108  24.117 0.0000000000
154606  -37.164  24.038  23.641 0.0000000000
154607  -37.050  23.846  23.095 0.0000000000
154608  -37.772  24.992  23.213 0.0000000000
154609  -37.361  24.366  22.885 0.0000000000
154610  -36.959  23.659  22.578 0.0000000000
154611  -37.031  23.500  22.090 0.0000000000
154612  -37.175  23.204  21.613 0.0000000000
154613  -37.437  22.891  21.240 0.0000000000
154614  -39.396  27.000  22.793 0.0000000000
154615  -38.821  26.365  22.401 0.0000000000
154616  -38.345  25.644  21.967 0.0000000000
154617  -38.708  25.828  21.468 0.0000000000
154618  -38.389  25.381  21.520 0.0000000000
154619  -38.061  24.912  21.582 0.0000000000
154620  -37.793  24.067  21.307 0.0000000000
154621  -37.743  23.286  21.086 0.0000000000
154622  -37.759  22.573  20.923 0.0000000000
154623  -38.260  22.187  20.689 0.0000000000
154624  -38.812  21.884  20.526 0.0000000000
154626  -39.473  22.771  20.174 0.0000000000
154638  -39.651  27.450  20.058 0.0000000000
154639  -39.541  26.672  19.785 0.0000000000
154640  -39.623  25.868  19.591 0.0000000000
154648  -39.991  25.488  19.171 0.0000000000
154649  -39.931  25.117  19.438 0.0000000000
154650  -40.313  24.447  19.322 0.0000000000
