#!ascii label  , from subject fsaverage vox2ras=TkReg
394
439  -62.155  -38.201  -9.614 0.0000000000
969  -61.709  -41.873  -5.967 0.0000000000
970  -57.464  -39.120  -8.465 0.0000000000
1981  -61.348  -45.711  -5.265 0.0000000000
1982  -61.095  -42.679  -9.404 0.0000000000
2889  -57.334  -41.258  -6.570 0.0000000000
4344  -61.674  -48.277  -3.408 0.0000000000
4345  -62.663  -45.598  -3.483 0.0000000000
4346  -61.694  -40.095  -7.907 0.0000000000
4347  -62.473  -42.024  -7.599 0.0000000000
4348  -62.268  -40.347  -9.567 0.0000000000
4349  -60.949  -40.672  -10.817 0.0000000000
4350  -62.406  -38.308  -11.196 0.0000000000
5581  -57.392  -48.109  -6.396 0.0000000000
6351  -62.095  -43.509  -3.768 0.0000000000
6352  -59.831  -42.550  -5.237 0.0000000000
6353  -59.452  -40.507  -7.280 0.0000000000
6354  -59.956  -38.645  -9.030 0.0000000000
8528  -59.492  -48.081  -4.784 0.0000000000
8529  -59.604  -46.289  -7.008 0.0000000000
8530  -62.542  -43.689  -5.445 0.0000000000
8531  -61.412  -44.366  -7.509 0.0000000000
8532  -59.769  -44.779  -8.870 0.0000000000
8537  -58.046  -36.671  -10.016 0.0000000000
8538  -60.685  -36.287  -10.424 0.0000000000
8541  -62.824  -35.845  -11.307 0.0000000000
12026  -61.878  -39.194  -8.828 0.0000000000
12027  -62.344  -40.148  -8.636 0.0000000000
12028  -62.412  -39.197  -9.511 0.0000000000
12029  -62.329  -39.313  -10.371 0.0000000000
12030  -62.645  -38.185  -10.293 0.0000000000
13261  -57.960  -47.530  -7.624 0.0000000000
14426  -57.298  -40.133  -7.530 0.0000000000
14427  -58.355  -40.882  -6.941 0.0000000000
14428  -58.439  -39.781  -7.937 0.0000000000
14429  -59.682  -39.613  -8.228 0.0000000000
14430  -58.683  -38.885  -8.799 0.0000000000
18791  -61.522  -46.844  -4.334 0.0000000000
18792  -60.704  -48.235  -4.191 0.0000000000
18793  -60.446  -46.879  -5.063 0.0000000000
18794  -59.277  -46.943  -5.845 0.0000000000
18795  -60.367  -45.939  -6.167 0.0000000000
18796  -61.917  -42.830  -4.905 0.0000000000
18797  -62.667  -43.476  -4.452 0.0000000000
18798  -62.494  -42.715  -5.533 0.0000000000
18799  -61.958  -42.467  -8.541 0.0000000000
18800  -62.091  -43.250  -7.537 0.0000000000
18801  -61.335  -43.630  -8.483 0.0000000000
18802  -60.637  -44.685  -8.203 0.0000000000
18803  -60.431  -43.755  -9.132 0.0000000000
18805  -60.214  -42.621  -9.931 0.0000000000
18806  -60.907  -39.445  -11.650 0.0000000000
18817  -59.316  -36.481  -10.275 0.0000000000
18827  -63.075  -35.952  -12.096 0.0000000000
23633  -56.179  -40.390  -7.072 0.0000000000
23634  -56.297  -39.293  -8.019 0.0000000000
26252  -62.228  -46.874  -3.538 0.0000000000
26253  -62.217  -45.565  -4.386 0.0000000000
26254  -61.612  -40.925  -6.975 0.0000000000
26255  -62.394  -41.776  -6.574 0.0000000000
26256  -62.254  -40.967  -7.605 0.0000000000
26257  -62.349  -41.267  -8.544 0.0000000000
26258  -61.783  -41.547  -9.450 0.0000000000
26259  -60.971  -41.659  -10.098 0.0000000000
26260  -61.716  -40.566  -10.238 0.0000000000
26261  -61.714  -39.443  -11.096 0.0000000000
26262  -61.885  -38.440  -11.947 0.0000000000
30179  -61.132  -43.091  -4.362 0.0000000000
30180  -60.799  -42.220  -5.567 0.0000000000
30181  -58.539  -41.997  -5.948 0.0000000000
30182  -59.495  -41.541  -6.269 0.0000000000
30183  -60.564  -41.200  -6.576 0.0000000000
30184  -60.627  -40.257  -7.545 0.0000000000
30185  -60.969  -39.375  -8.457 0.0000000000
30186  -61.191  -38.392  -9.188 0.0000000000
35851  -58.251  -48.003  -5.509 0.0000000000
35852  -58.511  -47.178  -6.743 0.0000000000
35853  -59.167  -46.756  -7.816 0.0000000000
35854  -62.608  -44.427  -3.540 0.0000000000
35855  -62.776  -44.455  -4.417 0.0000000000
35856  -62.093  -44.656  -5.427 0.0000000000
35857  -62.602  -42.859  -6.498 0.0000000000
35858  -62.010  -44.055  -6.526 0.0000000000
35859  -61.354  -45.008  -6.387 0.0000000000
35860  -60.631  -45.368  -7.342 0.0000000000
35861  -60.055  -45.826  -8.054 0.0000000000
35862  -59.191  -45.979  -8.664 0.0000000000
35874  -56.463  -38.153  -8.932 0.0000000000
35876  -56.765  -36.907  -9.713 0.0000000000
35877  -57.784  -37.960  -9.254 0.0000000000
35878  -59.002  -37.741  -9.514 0.0000000000
35879  -60.326  -37.507  -9.714 0.0000000000
35880  -61.465  -37.207  -9.939 0.0000000000
35888  -61.878  -35.990  -10.738 0.0000000000
35889  -62.481  -37.077  -10.473 0.0000000000
35890  -62.882  -37.158  -11.257 0.0000000000
35891  -62.647  -37.260  -12.059 0.0000000000
42746  -62.021  -38.722  -9.204 0.0000000000
42747  -62.214  -39.219  -9.123 0.0000000000
42748  -62.344  -38.698  -9.508 0.0000000000
42749  -62.511  -38.712  -9.881 0.0000000000
42750  -62.460  -38.164  -9.931 0.0000000000
45146  -57.361  -39.681  -8.000 0.0000000000
45147  -57.872  -39.939  -7.759 0.0000000000
45148  -57.932  -39.480  -8.205 0.0000000000
45149  -58.546  -39.365  -8.409 0.0000000000
45150  -58.075  -38.996  -8.648 0.0000000000
49511  -61.423  -46.225  -4.795 0.0000000000
49512  -61.003  -46.861  -4.692 0.0000000000
49513  -60.915  -46.272  -5.181 0.0000000000
49514  -60.355  -46.359  -5.550 0.0000000000
49515  -60.833  -45.823  -5.704 0.0000000000
49516  -61.803  -42.340  -5.476 0.0000000000
49517  -62.215  -42.732  -5.218 0.0000000000
49518  -62.189  -42.231  -5.701 0.0000000000
49519  -61.538  -42.587  -9.011 0.0000000000
49520  -61.653  -43.048  -8.542 0.0000000000
49521  -61.198  -43.154  -8.968 0.0000000000
49522  -60.900  -43.753  -8.811 0.0000000000
49523  -60.759  -43.205  -9.291 0.0000000000
49524  -60.311  -43.181  -9.572 0.0000000000
49525  -60.668  -42.721  -9.694 0.0000000000
54749  -56.230  -39.841  -7.552 0.0000000000
59111  -62.615  -46.217  -3.096 0.0000000000
59113  -62.493  -46.205  -3.543 0.0000000000
59114  -62.249  -46.209  -3.962 0.0000000000
59115  -62.513  -45.599  -3.914 0.0000000000
59116  -61.598  -40.525  -7.436 0.0000000000
59117  -61.974  -40.918  -7.262 0.0000000000
59118  -61.991  -40.532  -7.738 0.0000000000
59119  -62.394  -40.223  -9.122 0.0000000000
59120  -62.373  -40.676  -8.636 0.0000000000
59121  -62.277  -40.809  -9.105 0.0000000000
59122  -62.116  -41.424  -9.019 0.0000000000
59123  -62.044  -40.942  -9.517 0.0000000000
59124  -61.720  -41.031  -9.890 0.0000000000
59125  -62.035  -40.473  -9.907 0.0000000000
59126  -62.364  -38.803  -10.775 0.0000000000
59127  -62.058  -39.390  -10.765 0.0000000000
59128  -62.093  -38.870  -11.172 0.0000000000
59129  -61.788  -38.933  -11.517 0.0000000000
59130  -62.129  -38.364  -11.610 0.0000000000
66311  -59.907  -42.970  -4.624 0.0000000000
66312  -60.572  -43.208  -4.206 0.0000000000
66313  -60.513  -42.822  -4.798 0.0000000000
66314  -60.948  -42.698  -4.991 0.0000000000
66315  -60.340  -42.380  -5.407 0.0000000000
66316  -57.456  -41.818  -6.120 0.0000000000
66317  -58.065  -42.149  -5.818 0.0000000000
66318  -57.929  -41.669  -6.285 0.0000000000
66319  -58.896  -40.685  -7.105 0.0000000000
66320  -58.941  -41.260  -6.630 0.0000000000
66321  -59.467  -41.026  -6.759 0.0000000000
66322  -60.079  -41.378  -6.393 0.0000000000
66323  -60.004  -40.866  -6.904 0.0000000000
66324  -60.503  -40.706  -7.060 0.0000000000
66325  -60.074  -40.400  -7.454 0.0000000000
66326  -59.841  -39.144  -8.640 0.0000000000
66327  -60.328  -39.483  -8.326 0.0000000000
66328  -60.477  -39.015  -8.740 0.0000000000
66329  -61.060  -38.897  -8.838 0.0000000000
66330  -60.585  -38.509  -9.107 0.0000000000
79413  -61.393  -49.002  -3.369 0.0000000000
79414  -60.127  -48.168  -4.480 0.0000000000
79415  -60.321  -48.937  -4.130 0.0000000000
79416  -59.693  -48.835  -4.378 0.0000000000
79418  -59.041  -48.684  -4.655 0.0000000000
79419  -58.378  -48.535  -4.980 0.0000000000
79420  -58.849  -47.986  -5.122 0.0000000000
79421  -59.379  -46.598  -6.463 0.0000000000
79422  -58.866  -47.048  -6.273 0.0000000000
79423  -59.084  -46.789  -6.878 0.0000000000
79424  -58.843  -46.956  -7.346 0.0000000000
79425  -59.456  -46.565  -7.416 0.0000000000
79426  -61.991  -44.004  -3.342 0.0000000000
79427  -62.291  -44.505  -3.240 0.0000000000
79428  -62.389  -43.905  -3.608 0.0000000000
79429  -62.700  -43.562  -4.919 0.0000000000
79430  -62.815  -43.895  -4.378 0.0000000000
79431  -62.681  -44.009  -4.910 0.0000000000
79432  -62.511  -44.532  -4.921 0.0000000000
79433  -62.378  -44.155  -5.429 0.0000000000
79434  -62.551  -41.800  -7.062 0.0000000000
79435  -62.620  -42.280  -6.522 0.0000000000
79436  -62.568  -42.397  -7.077 0.0000000000
79437  -61.747  -43.877  -7.533 0.0000000000
79438  -62.116  -43.638  -7.031 0.0000000000
79439  -61.735  -44.207  -7.047 0.0000000000
79440  -61.655  -44.523  -6.505 0.0000000000
79441  -61.352  -44.712  -6.999 0.0000000000
79442  -60.941  -45.190  -6.881 0.0000000000
79443  -61.031  -44.870  -7.441 0.0000000000
79444  -60.230  -44.801  -8.548 0.0000000000
79445  -60.311  -45.228  -8.143 0.0000000000
79446  -59.956  -45.347  -8.479 0.0000000000
79447  -59.701  -45.933  -8.363 0.0000000000
79448  -59.465  -45.393  -8.757 0.0000000000
79456  -60.975  -41.207  -10.437 0.0000000000
79457  -60.532  -41.676  -10.314 0.0000000000
79458  -60.518  -41.209  -10.630 0.0000000000
79477  -55.812  -38.222  -8.724 0.0000000000
79484  -57.404  -36.784  -9.877 0.0000000000
79485  -57.194  -37.433  -9.489 0.0000000000
79486  -57.862  -37.340  -9.634 0.0000000000
79487  -58.374  -37.862  -9.409 0.0000000000
79488  -58.501  -37.222  -9.760 0.0000000000
79489  -59.998  -36.403  -10.357 0.0000000000
79490  -59.805  -37.010  -10.003 0.0000000000
79491  -60.460  -36.889  -10.096 0.0000000000
79492  -60.902  -37.336  -9.791 0.0000000000
79493  -61.079  -36.741  -10.197 0.0000000000
79512  -62.517  -35.312  -11.339 0.0000000000
79513  -62.039  -35.388  -11.101 0.0000000000
79514  -62.393  -35.904  -10.968 0.0000000000
79515  -62.194  -36.526  -10.596 0.0000000000
79516  -62.604  -36.473  -10.904 0.0000000000
79517  -62.763  -37.097  -10.845 0.0000000000
79518  -62.887  -36.467  -11.255 0.0000000000
79519  -63.032  -36.033  -12.515 0.0000000000
79520  -62.911  -36.631  -12.093 0.0000000000
79521  -62.742  -36.688  -12.519 0.0000000000
79522  -62.401  -37.288  -12.455 0.0000000000
95373  -62.657  -45.622  -3.076 0.0000000000
95374  -61.813  -39.632  -8.371 0.0000000000
95375  -62.090  -40.135  -8.199 0.0000000000
95376  -62.142  -39.671  -8.698 0.0000000000
95377  -62.363  -39.704  -9.103 0.0000000000
95378  -62.401  -39.758  -9.566 0.0000000000
95379  -62.275  -39.856  -9.960 0.0000000000
95380  -62.453  -39.222  -9.954 0.0000000000
95381  -62.529  -38.744  -10.319 0.0000000000
95382  -62.595  -38.259  -10.760 0.0000000000
97597  -57.640  -47.781  -7.018 0.0000000000
99692  -59.372  -43.105  -4.469 0.0000000000
99693  -59.290  -42.748  -5.030 0.0000000000
99694  -57.256  -40.676  -7.010 0.0000000000
99695  -57.831  -41.070  -6.763 0.0000000000
99696  -57.808  -40.483  -7.252 0.0000000000
99697  -58.367  -40.325  -7.424 0.0000000000
99698  -58.942  -40.208  -7.584 0.0000000000
99699  -59.524  -40.106  -7.767 0.0000000000
99700  -59.045  -39.721  -8.129 0.0000000000
99701  -59.189  -39.257  -8.547 0.0000000000
99702  -59.301  -38.801  -8.891 0.0000000000
107551  -61.563  -47.561  -3.848 0.0000000000
107552  -61.236  -48.289  -3.804 0.0000000000
107553  -61.101  -47.545  -4.212 0.0000000000
107554  -60.560  -47.515  -4.579 0.0000000000
107555  -59.955  -47.462  -4.899 0.0000000000
107556  -59.284  -47.398  -5.204 0.0000000000
107557  -59.831  -46.891  -5.415 0.0000000000
107558  -59.813  -46.450  -6.027 0.0000000000
107559  -59.947  -46.068  -6.618 0.0000000000
107560  -62.098  -43.220  -4.288 0.0000000000
107561  -62.465  -43.429  -4.065 0.0000000000
107562  -62.346  -43.152  -4.633 0.0000000000
107563  -62.533  -43.148  -5.016 0.0000000000
107564  -62.593  -43.216  -5.468 0.0000000000
107565  -62.270  -42.281  -8.108 0.0000000000
107566  -62.362  -42.657  -7.615 0.0000000000
107567  -62.034  -42.878  -8.090 0.0000000000
107568  -61.709  -43.460  -8.037 0.0000000000
107569  -61.391  -44.054  -7.974 0.0000000000
107570  -61.048  -44.519  -7.865 0.0000000000
107571  -61.003  -44.182  -8.334 0.0000000000
107572  -60.551  -44.286  -8.650 0.0000000000
107573  -60.074  -44.271  -8.973 0.0000000000
107574  -59.572  -44.208  -9.272 0.0000000000
107575  -59.932  -43.689  -9.433 0.0000000000
107576  -59.818  -43.090  -9.813 0.0000000000
107578  -60.894  -40.057  -11.234 0.0000000000
107597  -58.687  -36.532  -10.147 0.0000000000
107599  -59.576  -35.825  -10.668 0.0000000000
107600  -60.241  -35.726  -10.724 0.0000000000
107614  -62.860  -35.288  -11.677 0.0000000000
107615  -63.009  -35.888  -11.684 0.0000000000
107616  -63.081  -35.313  -12.058 0.0000000000
116580  -56.816  -41.426  -6.362 0.0000000000
116583  -56.709  -40.828  -6.787 0.0000000000
116584  -56.723  -40.283  -7.271 0.0000000000
116585  -56.787  -39.792  -7.771 0.0000000000
116586  -56.838  -39.225  -8.244 0.0000000000
122694  -61.949  -47.564  -3.480 0.0000000000
122695  -61.935  -46.850  -3.946 0.0000000000
122696  -61.879  -46.191  -4.391 0.0000000000
122697  -61.800  -45.632  -4.841 0.0000000000
122698  -61.609  -41.415  -6.484 0.0000000000
122699  -62.090  -41.793  -6.228 0.0000000000
122700  -62.030  -41.324  -6.713 0.0000000000
122701  -62.330  -41.340  -7.068 0.0000000000
122702  -62.440  -41.449  -7.536 0.0000000000
122703  -62.297  -40.587  -8.081 0.0000000000
122704  -62.401  -41.075  -8.017 0.0000000000
122705  -62.390  -41.659  -8.058 0.0000000000
122706  -62.199  -41.871  -8.548 0.0000000000
122707  -61.890  -42.022  -8.976 0.0000000000
122708  -61.471  -42.126  -9.410 0.0000000000
122709  -61.007  -42.202  -9.795 0.0000000000
122710  -61.373  -41.594  -9.847 0.0000000000
122711  -61.365  -41.130  -10.206 0.0000000000
122712  -61.342  -40.626  -10.561 0.0000000000
122713  -62.028  -39.943  -10.329 0.0000000000
122714  -61.698  -40.018  -10.676 0.0000000000
122715  -61.310  -40.052  -10.986 0.0000000000
122716  -61.321  -39.446  -11.397 0.0000000000
122717  -61.418  -38.941  -11.842 0.0000000000
132378  -61.637  -43.638  -3.594 0.0000000000
132380  -61.161  -43.400  -3.883 0.0000000000
132381  -61.704  -43.249  -4.062 0.0000000000
132382  -61.544  -42.948  -4.630 0.0000000000
132383  -61.383  -42.521  -5.222 0.0000000000
132384  -61.274  -41.990  -5.742 0.0000000000
132386  -58.664  -42.445  -5.435 0.0000000000
132387  -59.175  -42.285  -5.601 0.0000000000
132388  -58.414  -41.505  -6.445 0.0000000000
132389  -59.019  -41.787  -6.106 0.0000000000
132390  -59.691  -42.062  -5.793 0.0000000000
132391  -60.213  -41.848  -5.966 0.0000000000
132392  -60.680  -41.685  -6.071 0.0000000000
132393  -61.143  -41.535  -6.272 0.0000000000
132394  -61.061  -41.054  -6.774 0.0000000000
132395  -61.105  -40.576  -7.200 0.0000000000
132396  -61.189  -40.145  -7.696 0.0000000000
132397  -60.154  -39.947  -7.882 0.0000000000
132398  -60.770  -39.807  -8.008 0.0000000000
132399  -61.360  -39.684  -8.165 0.0000000000
132400  -61.456  -39.246  -8.612 0.0000000000
132401  -61.573  -38.793  -8.987 0.0000000000
132402  -61.741  -38.290  -9.343 0.0000000000
148531  -60.899  -48.995  -3.765 0.0000000000
148538  -57.774  -48.514  -5.305 0.0000000000
148539  -57.789  -48.047  -5.928 0.0000000000
148540  -58.772  -47.457  -5.652 0.0000000000
148541  -58.321  -47.547  -6.108 0.0000000000
148542  -57.940  -47.659  -6.546 0.0000000000
148543  -58.221  -47.359  -7.206 0.0000000000
148544  -58.530  -47.132  -7.760 0.0000000000
148545  -58.795  -46.934  -8.175 0.0000000000
148547  -62.552  -45.083  -3.120 0.0000000000
148548  -62.728  -45.017  -3.495 0.0000000000
148549  -62.707  -43.872  -3.916 0.0000000000
148550  -62.832  -44.394  -3.882 0.0000000000
148551  -62.747  -44.984  -3.893 0.0000000000
148552  -62.540  -44.976  -4.387 0.0000000000
148553  -62.168  -45.053  -4.901 0.0000000000
148554  -61.732  -45.193  -5.392 0.0000000000
148555  -62.455  -42.231  -6.064 0.0000000000
148556  -62.636  -42.751  -5.992 0.0000000000
148557  -62.550  -43.330  -5.966 0.0000000000
148558  -62.434  -43.009  -7.025 0.0000000000
148559  -62.368  -43.474  -6.491 0.0000000000
148560  -62.297  -43.890  -5.989 0.0000000000
148561  -61.982  -44.338  -5.969 0.0000000000
148562  -61.721  -44.818  -5.890 0.0000000000
148563  -61.326  -45.304  -5.814 0.0000000000
148564  -60.883  -45.458  -6.280 0.0000000000
148565  -60.494  -45.628  -6.734 0.0000000000
148566  -60.152  -45.828  -7.177 0.0000000000
148567  -60.658  -45.055  -7.807 0.0000000000
148568  -60.350  -45.618  -7.714 0.0000000000
148569  -59.968  -46.130  -7.532 0.0000000000
148570  -59.751  -46.368  -7.874 0.0000000000
148571  -59.339  -46.483  -8.243 0.0000000000
148582  -60.577  -42.178  -10.034 0.0000000000
148583  -60.117  -42.130  -10.261 0.0000000000
148606  -55.730  -38.804  -8.280 0.0000000000
148607  -56.336  -38.729  -8.514 0.0000000000
148608  -56.962  -38.647  -8.721 0.0000000000
148615  -56.600  -37.565  -9.302 0.0000000000
148616  -57.110  -38.064  -9.108 0.0000000000
148617  -57.614  -38.552  -8.887 0.0000000000
148618  -58.259  -38.440  -9.039 0.0000000000
148619  -58.878  -38.310  -9.180 0.0000000000
148620  -59.502  -38.215  -9.279 0.0000000000
148621  -59.141  -37.097  -9.864 0.0000000000
148622  -59.651  -37.631  -9.611 0.0000000000
148623  -60.128  -38.087  -9.375 0.0000000000
148624  -60.742  -37.942  -9.447 0.0000000000
148625  -61.338  -37.789  -9.549 0.0000000000
148626  -61.886  -37.678  -9.756 0.0000000000
148647  -60.878  -35.570  -10.832 0.0000000000
148649  -61.474  -35.458  -10.956 0.0000000000
148650  -61.308  -36.093  -10.581 0.0000000000
148651  -61.686  -36.621  -10.351 0.0000000000
148652  -62.024  -37.122  -10.172 0.0000000000
148653  -62.326  -37.613  -10.042 0.0000000000
148654  -62.648  -37.626  -10.356 0.0000000000
148655  -62.750  -37.695  -10.798 0.0000000000
148656  -62.718  -37.768  -11.229 0.0000000000
148657  -62.968  -36.552  -11.683 0.0000000000
148658  -62.819  -37.185  -11.642 0.0000000000
148659  -62.549  -37.818  -11.643 0.0000000000
148660  -62.309  -37.870  -12.008 0.0000000000
148661  -62.013  -37.851  -12.360 0.0000000000
