#!ascii label  , from subject fsaverage vox2ras=TkReg
1573
19  -12.815  -11.067  67.657 0.0000000000
105  -9.215  -11.173  57.313 0.0000000000
234  -9.678  -9.828  64.515 0.0000000000
235  -7.418  -19.555  61.563 0.0000000000
236  -6.163  -17.888  69.860 0.0000000000
246  -6.937  -0.221  65.060 0.0000000000
500  -8.237  0.588  57.196 0.0000000000
714  -10.530  -9.482  68.161 0.0000000000
715  -6.996  -13.807  67.198 0.0000000000
716  -8.933  -13.639  70.372 0.0000000000
726  -12.081  -4.892  65.752 0.0000000000
1059  -6.848  -10.349  54.335 0.0000000000
1061  -5.496  -16.358  55.066 0.0000000000
1063  -9.321  -24.988  57.622 0.0000000000
1098  -8.394  -5.086  60.361 0.0000000000
1099  -6.059  0.159  61.570 0.0000000000
1100  -6.911  -5.076  57.263 0.0000000000
1101  -6.467  -4.158  53.947 0.0000000000
1573  -6.288  -16.154  59.487 0.0000000000
1574  -6.618  -14.918  63.404 0.0000000000
1575  -6.694  -18.667  65.961 0.0000000000
1595  -10.007  0.050  67.350 0.0000000000
1596  -10.299  -4.675  62.584 0.0000000000
1834  -11.755  -15.854  68.797 0.0000000000
2102  -7.356  -20.388  56.837 0.0000000000
2108  -8.667  -18.301  72.890 0.0000000000
2634  -11.818  -10.193  68.836 0.0000000000
2635  -9.631  -11.754  68.986 0.0000000000
2636  -11.131  -12.535  69.137 0.0000000000
2645  -13.884  -8.446  68.685 0.0000000000
2646  -12.495  -7.584  68.615 0.0000000000
2979  -8.398  -10.872  55.544 0.0000000000
2980  -6.607  -13.702  54.372 0.0000000000
2981  -7.809  -14.220  56.194 0.0000000000
3019  -7.669  -5.110  58.844 0.0000000000
3020  -8.611  -7.839  56.807 0.0000000000
3021  -7.402  -7.599  55.366 0.0000000000
3579  -9.595  -10.274  62.674 0.0000000000
3580  -8.158  -13.028  62.017 0.0000000000
3581  -8.159  -12.394  63.825 0.0000000000
3582  -6.270  -15.758  68.742 0.0000000000
3583  -6.016  -16.268  66.691 0.0000000000
3584  -6.301  -18.204  67.915 0.0000000000
3585  -7.235  -20.882  66.867 0.0000000000
3586  -6.480  -20.575  68.605 0.0000000000
3617  -11.667  -0.091  68.160 0.0000000000
3618  -10.856  -7.287  65.100 0.0000000000
3619  -11.237  -4.759  64.013 0.0000000000
3620  -10.333  -7.434  63.371 0.0000000000
4622  -5.679  -18.179  60.494 0.0000000000
4623  -5.562  -18.575  58.266 0.0000000000
4624  -7.496  -19.941  59.172 0.0000000000
4638  -10.333  -16.780  71.214 0.0000000000
4733  -7.960  3.001  66.821 0.0000000000
4736  -7.088  0.502  59.597 0.0000000000
4742  -8.946  0.933  54.793 0.0000000000
5892  -9.868  -9.435  66.378 0.0000000000
5893  -8.302  -11.854  65.690 0.0000000000
5894  -8.689  -11.576  67.464 0.0000000000
5895  -7.667  -13.519  69.061 0.0000000000
5896  -6.983  -15.451  70.600 0.0000000000
5914  -12.662  -2.562  67.139 0.0000000000
5915  -13.063  -5.120  67.540 0.0000000000
5916  -11.450  -7.267  67.018 0.0000000000
6517  -5.315  -19.004  53.633 0.0000000000
6518  -8.961  -21.347  62.686 0.0000000000
6519  -9.442  -21.768  60.087 0.0000000000
6520  -9.171  -24.410  60.301 0.0000000000
6584  -7.060  -2.842  62.647 0.0000000000
6585  -6.131  -0.073  63.407 0.0000000000
6586  -6.222  -2.969  61.044 0.0000000000
6587  -5.891  -2.609  59.251 0.0000000000
6588  -6.580  -2.175  57.451 0.0000000000
6589  -7.295  -1.858  55.591 0.0000000000
6590  -6.339  -4.748  55.759 0.0000000000
6591  -6.170  -7.337  54.068 0.0000000000
7507  -8.168  -14.290  58.439 0.0000000000
7509  -6.510  -15.603  61.504 0.0000000000
7510  -5.822  -17.589  62.572 0.0000000000
7511  -6.698  -14.253  65.249 0.0000000000
7512  -5.963  -16.836  64.705 0.0000000000
7513  -7.155  -19.045  63.903 0.0000000000
7514  -8.153  -21.051  64.979 0.0000000000
7560  -9.685  2.973  67.298 0.0000000000
7561  -8.326  -0.028  66.302 0.0000000000
7562  -11.267  -2.250  65.758 0.0000000000
7563  -9.964  -2.111  64.458 0.0000000000
7564  -8.457  -2.411  63.655 0.0000000000
7565  -9.246  -4.878  61.625 0.0000000000
8127  -13.385  -11.998  66.129 0.0000000000
8128  -12.246  -13.624  67.883 0.0000000000
8129  -12.972  -14.657  66.642 0.0000000000
8870  -6.016  -16.395  57.273 0.0000000000
8871  -5.474  -18.886  55.989 0.0000000000
8872  -7.112  -20.773  54.651 0.0000000000
8873  -9.427  -22.293  57.497 0.0000000000
8874  -8.979  -22.720  55.237 0.0000000000
8888  -10.627  -14.582  70.063 0.0000000000
8889  -8.624  -15.750  71.684 0.0000000000
8890  -6.912  -17.876  71.899 0.0000000000
9016  -7.758  -1.307  53.629 0.0000000000
10314  -12.391  -10.601  68.439 0.0000000000
10315  -11.418  -11.425  68.762 0.0000000000
10316  -12.010  -11.922  68.295 0.0000000000
10323  -13.716  -10.204  67.232 0.0000000000
10325  -13.358  -9.776  68.211 0.0000000000
10326  -12.819  -9.366  68.785 0.0000000000
10659  -8.916  -11.089  56.375 0.0000000000
10660  -8.411  -12.701  55.689 0.0000000000
10661  -8.744  -12.815  56.738 0.0000000000
10699  -9.010  -7.977  57.650 0.0000000000
10700  -9.056  -9.526  56.894 0.0000000000
10701  -8.621  -9.355  56.036 0.0000000000
11259  -9.615  -10.035  63.592 0.0000000000
11260  -8.968  -11.416  63.264 0.0000000000
11261  -8.984  -11.128  64.155 0.0000000000
11262  -6.184  -16.760  69.418 0.0000000000
11263  -6.119  -16.977  68.353 0.0000000000
11264  -6.145  -18.045  68.896 0.0000000000
11265  -6.379  -19.338  68.336 0.0000000000
11266  -6.189  -19.197  69.270 0.0000000000
11298  -10.175  -8.539  64.836 0.0000000000
11299  -10.598  -7.332  64.249 0.0000000000
11300  -10.031  -8.716  63.894 0.0000000000
11301  -9.944  -8.838  63.000 0.0000000000
12302  -6.420  -18.921  61.050 0.0000000000
12303  -6.440  -19.148  59.905 0.0000000000
12304  -7.515  -19.762  60.389 0.0000000000
12413  -7.467  1.333  66.117 0.0000000000
12414  -7.257  3.067  66.320 0.0000000000
12415  -6.879  1.336  65.437 0.0000000000
12416  -7.684  0.528  58.490 0.0000000000
12417  -8.112  1.969  59.692 0.0000000000
12418  -8.622  2.040  58.335 0.0000000000
12420  -9.013  2.116  56.833 0.0000000000
12421  -9.232  2.291  55.425 0.0000000000
12422  -8.710  0.709  55.937 0.0000000000
13659  -10.175  -9.408  67.274 0.0000000000
13660  -9.285  -10.522  66.908 0.0000000000
13661  -9.596  -10.502  67.770 0.0000000000
13662  -9.346  -12.710  69.691 0.0000000000
13663  -8.640  -12.575  69.042 0.0000000000
13664  -8.243  -13.499  69.857 0.0000000000
13665  -7.307  -14.464  69.873 0.0000000000
13666  -7.902  -14.433  70.599 0.0000000000
13696  -13.740  -4.100  67.911 0.0000000000
13697  -13.741  -5.321  68.303 0.0000000000
13698  -11.464  -8.578  68.429 0.0000000000
13699  -11.916  -7.364  67.942 0.0000000000
13700  -10.972  -8.380  67.631 0.0000000000
13701  -10.636  -8.359  66.742 0.0000000000
14697  -6.126  -15.110  54.658 0.0000000000
14699  -5.242  -16.259  54.100 0.0000000000
14701  -5.055  -17.650  54.405 0.0000000000
14702  -9.006  -22.625  62.958 0.0000000000
14703  -9.374  -22.832  61.672 0.0000000000
14813  -7.685  -3.893  61.447 0.0000000000
14814  -6.622  -2.902  61.884 0.0000000000
14815  -7.230  -4.062  60.740 0.0000000000
14816  -7.249  -5.061  58.103 0.0000000000
14817  -6.500  -3.931  59.088 0.0000000000
14818  -6.354  -3.887  58.313 0.0000000000
14819  -6.080  -2.368  58.383 0.0000000000
14820  -6.327  -3.706  57.556 0.0000000000
14821  -6.412  -3.393  56.719 0.0000000000
14822  -6.556  -4.913  56.507 0.0000000000
14823  -7.234  -9.004  54.723 0.0000000000
14824  -6.719  -7.485  54.739 0.0000000000
14825  -6.474  -8.801  54.224 0.0000000000
16497  -7.365  -13.984  62.720 0.0000000000
16498  -7.373  -14.402  61.844 0.0000000000
16499  -6.609  -15.291  62.452 0.0000000000
16500  -5.899  -16.526  62.061 0.0000000000
16501  -6.007  -16.172  63.077 0.0000000000
16502  -7.580  -12.831  66.384 0.0000000000
16503  -7.440  -13.047  65.428 0.0000000000
16504  -6.796  -14.001  66.171 0.0000000000
16505  -6.156  -17.451  66.341 0.0000000000
16506  -6.018  -16.498  65.694 0.0000000000
16507  -6.229  -17.711  65.333 0.0000000000
16508  -6.319  -18.036  64.284 0.0000000000
16509  -6.955  -18.863  64.923 0.0000000000
16510  -7.823  -19.964  64.445 0.0000000000
16511  -7.444  -19.829  65.513 0.0000000000
16512  -7.084  -22.189  66.994 0.0000000000
16513  -7.544  -22.323  66.088 0.0000000000
16608  -10.589  1.316  67.895 0.0000000000
16610  -9.782  1.377  67.608 0.0000000000
16611  -8.934  1.363  67.217 0.0000000000
16612  -9.188  0.038  66.812 0.0000000000
16613  -12.451  -3.651  66.386 0.0000000000
16614  -11.885  -2.392  66.472 0.0000000000
16615  -11.853  -3.486  65.492 0.0000000000
16616  -10.779  -4.735  63.277 0.0000000000
16617  -10.828  -3.349  63.949 0.0000000000
16618  -10.200  -3.302  63.407 0.0000000000
16619  -9.253  -2.241  64.006 0.0000000000
16620  -9.472  -3.381  62.932 0.0000000000
16621  -8.878  -3.567  62.486 0.0000000000
16622  -9.779  -4.735  62.037 0.0000000000
17845  -13.112  -13.448  66.307 0.0000000000
19622  -7.245  -15.297  59.022 0.0000000000
19623  -7.112  -15.393  57.850 0.0000000000
19624  -6.184  -16.304  58.388 0.0000000000
19625  -6.312  -19.579  57.585 0.0000000000
19626  -5.480  -18.751  57.120 0.0000000000
19627  -6.283  -19.730  56.412 0.0000000000
19628  -6.202  -19.897  55.317 0.0000000000
19629  -7.217  -20.586  55.763 0.0000000000
19630  -9.691  -23.367  58.957 0.0000000000
19631  -9.497  -22.005  58.761 0.0000000000
19632  -9.662  -23.705  57.640 0.0000000000
19667  -12.020  -14.688  68.294 0.0000000000
19668  -11.514  -14.122  68.986 0.0000000000
19669  -11.284  -15.165  69.475 0.0000000000
19670  -9.531  -17.421  72.259 0.0000000000
19671  -9.535  -16.160  71.583 0.0000000000
19672  -8.574  -16.954  72.305 0.0000000000
19673  -7.671  -16.660  71.995 0.0000000000
19674  -7.729  -17.972  72.548 0.0000000000
19966  -5.956  -0.038  62.492 0.0000000000
19988  -6.844  -2.996  54.801 0.0000000000
19989  -7.557  -1.564  54.518 0.0000000000
19990  -7.097  -2.669  53.846 0.0000000000
23172  -11.121  -9.763  68.732 0.0000000000
23173  -10.069  -10.627  68.555 0.0000000000
23174  -10.744  -10.930  68.887 0.0000000000
23175  -10.358  -12.098  69.319 0.0000000000
23176  -10.125  -13.081  69.863 0.0000000000
23193  -14.256  -7.022  68.898 0.0000000000
23194  -13.517  -6.612  68.845 0.0000000000
23195  -13.197  -7.965  68.881 0.0000000000
23196  -12.109  -8.911  68.876 0.0000000000
23793  -7.639  -10.627  54.866 0.0000000000
23794  -6.897  -12.035  54.294 0.0000000000
23795  -7.675  -12.416  54.916 0.0000000000
23796  -7.281  -14.078  55.221 0.0000000000
23797  -6.541  -15.359  55.686 0.0000000000
23865  -8.047  -5.143  59.599 0.0000000000
23866  -8.680  -6.485  58.581 0.0000000000
23867  -8.350  -6.439  57.832 0.0000000000
23868  -7.826  -6.351  57.004 0.0000000000
23869  -7.353  -6.237  56.279 0.0000000000
23870  -8.008  -7.718  56.036 0.0000000000
23871  -7.944  -9.181  55.367 0.0000000000
24875  -8.971  -11.672  62.327 0.0000000000
24876  -8.161  -12.681  62.901 0.0000000000
24877  -7.365  -13.635  63.576 0.0000000000
24878  -6.540  -14.753  68.015 0.0000000000
24879  -6.347  -15.013  67.021 0.0000000000
24880  -6.092  -15.982  67.687 0.0000000000
24881  -6.098  -17.192  67.367 0.0000000000
24882  -6.425  -18.398  66.970 0.0000000000
24883  -7.062  -19.670  66.472 0.0000000000
24884  -6.678  -19.463  67.440 0.0000000000
24885  -6.784  -20.700  67.731 0.0000000000
24943  -10.782  -0.024  67.849 0.0000000000
24944  -11.515  -6.107  65.357 0.0000000000
24945  -11.634  -4.794  64.863 0.0000000000
24946  -11.195  -6.090  64.510 0.0000000000
24947  -10.845  -6.080  63.699 0.0000000000
24948  -10.502  -6.135  62.807 0.0000000000
24949  -10.187  -6.167  62.120 0.0000000000
24950  -10.145  -7.519  62.553 0.0000000000
24951  -9.907  -9.064  62.139 0.0000000000
26750  -5.649  -17.086  60.023 0.0000000000
26751  -5.547  -17.316  58.887 0.0000000000
26752  -5.665  -18.403  59.390 0.0000000000
26753  -6.371  -19.382  58.713 0.0000000000
26754  -7.418  -20.143  57.996 0.0000000000
26777  -11.681  -17.030  69.365 0.0000000000
26778  -11.104  -16.345  70.020 0.0000000000
26779  -11.036  -17.472  70.704 0.0000000000
26780  -10.384  -17.929  72.014 0.0000000000
26956  -6.505  0.344  60.590 0.0000000000
26958  -7.487  1.919  60.823 0.0000000000
29106  -9.729  -9.622  65.407 0.0000000000
29107  -9.033  -10.900  65.071 0.0000000000
29108  -9.103  -10.703  65.974 0.0000000000
29109  -8.428  -11.674  66.585 0.0000000000
29110  -7.806  -12.693  67.323 0.0000000000
29111  -9.090  -11.552  68.320 0.0000000000
29112  -8.141  -12.570  68.241 0.0000000000
29113  -7.272  -13.618  68.152 0.0000000000
29114  -6.861  -14.578  68.983 0.0000000000
29115  -6.553  -15.569  69.757 0.0000000000
29116  -6.376  -16.640  70.369 0.0000000000
29160  -13.046  -3.862  67.166 0.0000000000
29161  -12.478  -4.994  66.700 0.0000000000
29162  -12.813  -6.368  68.220 0.0000000000
29163  -12.277  -6.196  67.356 0.0000000000
29164  -11.905  -6.126  66.327 0.0000000000
29165  -11.132  -7.241  66.039 0.0000000000
29166  -10.385  -8.408  65.793 0.0000000000
30566  -8.390  -20.333  62.131 0.0000000000
30567  -8.605  -20.471  60.882 0.0000000000
30568  -9.289  -21.537  61.431 0.0000000000
30569  -9.601  -23.082  60.274 0.0000000000
30570  -9.295  -24.712  58.921 0.0000000000
30722  -6.803  -1.592  63.854 0.0000000000
30723  -6.404  -0.183  64.383 0.0000000000
30724  -6.267  -1.613  63.094 0.0000000000
30725  -5.895  -1.609  62.174 0.0000000000
30726  -5.695  -1.500  61.288 0.0000000000
30727  -6.825  -4.033  59.939 0.0000000000
30728  -5.988  -2.855  60.165 0.0000000000
30729  -5.764  -1.267  60.370 0.0000000000
30730  -6.124  -1.017  59.385 0.0000000000
30731  -6.662  -0.868  58.392 0.0000000000
30732  -7.311  -0.830  57.374 0.0000000000
30733  -7.894  -0.708  56.315 0.0000000000
30734  -6.909  -2.002  56.474 0.0000000000
30735  -6.613  -3.233  55.725 0.0000000000
30736  -6.345  -4.464  54.843 0.0000000000
30737  -6.793  -6.122  55.579 0.0000000000
30738  -6.327  -5.973  54.849 0.0000000000
30739  -6.129  -5.783  53.973 0.0000000000
32992  -7.373  -15.067  59.985 0.0000000000
32994  -7.378  -14.734  60.941 0.0000000000
32995  -6.418  -15.911  60.506 0.0000000000
32996  -5.728  -16.833  61.064 0.0000000000
32997  -5.733  -17.894  61.550 0.0000000000
32998  -6.351  -18.692  62.131 0.0000000000
32999  -8.219  -12.103  64.764 0.0000000000
33000  -7.368  -13.341  64.494 0.0000000000
33001  -6.650  -14.545  64.323 0.0000000000
33002  -6.231  -15.265  66.013 0.0000000000
33003  -6.172  -15.543  65.040 0.0000000000
33004  -6.082  -15.863  64.045 0.0000000000
33005  -5.902  -17.189  63.660 0.0000000000
33006  -6.349  -18.398  63.198 0.0000000000
33007  -7.287  -19.304  62.761 0.0000000000
33008  -8.125  -20.119  63.347 0.0000000000
33009  -8.586  -21.174  63.864 0.0000000000
33010  -8.560  -22.536  64.105 0.0000000000
33011  -7.675  -21.010  65.985 0.0000000000
33012  -8.068  -22.436  65.141 0.0000000000
33137  -8.820  3.028  67.091 0.0000000000
33138  -8.182  1.319  66.657 0.0000000000
33139  -7.587  -0.103  65.748 0.0000000000
33140  -12.111  -1.268  67.608 0.0000000000
33141  -11.309  -1.170  67.140 0.0000000000
33142  -10.536  -1.076  66.468 0.0000000000
33143  -11.334  -3.396  64.703 0.0000000000
33144  -10.668  -2.131  65.041 0.0000000000
33145  -9.799  -1.020  65.875 0.0000000000
33146  -9.078  -1.090  65.373 0.0000000000
33147  -8.315  -1.260  64.890 0.0000000000
33148  -7.512  -1.470  64.454 0.0000000000
33149  -7.752  -2.646  63.240 0.0000000000
33150  -8.216  -3.721  62.051 0.0000000000
33151  -8.791  -5.029  61.035 0.0000000000
34689  -13.081  -11.495  66.881 0.0000000000
34690  -12.435  -12.417  67.555 0.0000000000
34691  -12.771  -12.905  66.912 0.0000000000
34692  -12.639  -14.082  67.288 0.0000000000
34693  -12.393  -15.294  67.637 0.0000000000
34695  -12.708  -15.952  66.982 0.0000000000
34696  -12.192  -16.469  68.164 0.0000000000
36854  -8.120  -14.336  57.317 0.0000000000
36855  -6.911  -15.435  56.740 0.0000000000
36856  -5.820  -16.388  56.166 0.0000000000
36857  -5.436  -17.468  57.820 0.0000000000
36858  -5.310  -17.574  56.651 0.0000000000
36859  -5.193  -17.690  55.529 0.0000000000
36860  -5.394  -18.980  54.845 0.0000000000
36861  -6.148  -20.060  54.173 0.0000000000
36863  -8.647  -20.659  59.629 0.0000000000
36864  -8.683  -20.948  58.352 0.0000000000
36865  -8.574  -21.170  57.210 0.0000000000
36866  -9.509  -23.915  56.427 0.0000000000
36867  -9.279  -22.513  56.365 0.0000000000
36868  -8.342  -21.437  56.029 0.0000000000
36869  -8.168  -21.557  54.975 0.0000000000
36908  -11.752  -13.112  68.573 0.0000000000
36909  -10.916  -13.574  69.576 0.0000000000
36910  -9.849  -14.036  70.411 0.0000000000
36911  -10.465  -15.636  70.599 0.0000000000
36912  -9.676  -15.082  70.981 0.0000000000
36913  -8.803  -14.630  71.099 0.0000000000
36914  -7.739  -15.492  71.362 0.0000000000
36915  -6.878  -16.566  71.380 0.0000000000
36916  -6.389  -17.852  70.952 0.0000000000
36923  -7.039  -19.235  72.370 0.0000000000
36924  -6.525  -19.164  71.474 0.0000000000
36925  -6.198  -19.133  70.372 0.0000000000
36926  -6.274  -20.494  69.701 0.0000000000
37267  -6.508  1.439  64.613 0.0000000000
37294  -8.184  -0.515  55.209 0.0000000000
37295  -8.334  -0.213  54.174 0.0000000000
41034  -12.626  -10.842  68.078 0.0000000000
41035  -12.187  -11.249  68.294 0.0000000000
41036  -12.394  -11.500  67.926 0.0000000000
41043  -13.248  -10.635  67.450 0.0000000000
41044  -13.558  -10.025  67.727 0.0000000000
41045  -13.062  -10.398  67.955 0.0000000000
41046  -12.876  -10.194  68.352 0.0000000000
41379  -9.067  -11.144  56.843 0.0000000000
41380  -8.896  -11.938  56.516 0.0000000000
41381  -9.004  -11.953  57.018 0.0000000000
41419  -9.228  -9.602  57.360 0.0000000000
41420  -9.177  -10.389  57.088 0.0000000000
41421  -9.003  -10.300  56.612 0.0000000000
41979  -9.645  -9.930  64.037 0.0000000000
41980  -9.305  -10.619  63.864 0.0000000000
41981  -9.330  -10.506  64.315 0.0000000000
41982  -6.128  -17.368  69.594 0.0000000000
41983  -6.135  -17.413  69.109 0.0000000000
41984  -6.133  -17.960  69.391 0.0000000000
41985  -6.156  -18.605  69.118 0.0000000000
41986  -6.134  -18.537  69.572 0.0000000000
42018  -9.896  -9.184  64.700 0.0000000000
42019  -10.094  -8.635  64.367 0.0000000000
42020  -9.865  -9.300  64.195 0.0000000000
42021  -9.843  -9.371  63.738 0.0000000000
43022  -6.904  -19.238  61.314 0.0000000000
43023  -6.949  -19.359  60.734 0.0000000000
43024  -7.497  -19.670  60.992 0.0000000000
43133  -7.180  0.538  65.626 0.0000000000
43134  -7.153  1.341  65.796 0.0000000000
43135  -6.899  0.504  65.286 0.0000000000
43136  -7.983  0.561  57.892 0.0000000000
43137  -8.195  1.279  58.480 0.0000000000
43138  -8.423  1.302  57.765 0.0000000000
43139  -8.831  2.059  57.601 0.0000000000
43140  -8.634  1.338  57.050 0.0000000000
43141  -8.852  1.401  56.372 0.0000000000
43142  -8.486  0.642  56.555 0.0000000000
44379  -10.340  -9.421  67.739 0.0000000000
44380  -9.909  -9.930  67.560 0.0000000000
44381  -10.061  -9.986  67.995 0.0000000000
44382  -9.145  -13.166  70.021 0.0000000000
44383  -8.795  -13.080  69.783 0.0000000000
44384  -8.574  -13.553  70.158 0.0000000000
44385  -8.022  -13.949  70.218 0.0000000000
44386  -8.375  -13.999  70.476 0.0000000000
44418  -10.994  -9.042  68.260 0.0000000000
44419  -11.189  -8.453  68.053 0.0000000000
44420  -10.748  -8.939  67.868 0.0000000000
44421  -10.554  -8.893  67.432 0.0000000000
45417  -5.819  -15.762  54.869 0.0000000000
45418  -5.662  -15.642  54.404 0.0000000000
45419  -5.363  -16.321  54.571 0.0000000000
45420  -5.088  -16.974  54.193 0.0000000000
45421  -5.161  -16.944  54.700 0.0000000000
45422  -8.803  -23.338  62.954 0.0000000000
45423  -9.023  -23.428  62.335 0.0000000000
45533  -8.032  -4.485  60.894 0.0000000000
45534  -7.436  -4.011  61.116 0.0000000000
45535  -7.815  -4.550  60.547 0.0000000000
45536  -7.092  -5.117  57.659 0.0000000000
45537  -6.751  -4.486  58.253 0.0000000000
45538  -6.618  -4.453  57.872 0.0000000000
45539  -6.313  -3.803  57.980 0.0000000000
45540  -6.517  -4.423  57.458 0.0000000000
45541  -6.466  -4.352  57.031 0.0000000000
45542  -6.732  -4.992  56.903 0.0000000000
45543  -7.033  -9.663  54.488 0.0000000000
45544  -6.853  -8.887  54.485 0.0000000000
45545  -6.665  -9.594  54.268 0.0000000000
45546  -6.293  -9.515  54.011 0.0000000000
47217  -6.985  -14.440  63.056 0.0000000000
47218  -6.978  -14.637  62.585 0.0000000000
47219  -6.633  -15.114  62.932 0.0000000000
47220  -6.249  -15.747  62.793 0.0000000000
47221  -6.272  -15.567  63.240 0.0000000000
47222  -7.259  -13.341  66.773 0.0000000000
47223  -7.167  -13.419  66.285 0.0000000000
47224  -6.874  -13.923  66.671 0.0000000000
47225  -6.375  -18.052  66.147 0.0000000000
47226  -6.180  -17.590  65.834 0.0000000000
47227  -6.463  -18.169  65.638 0.0000000000
47228  -6.552  -18.288  65.124 0.0000000000
47229  -6.821  -18.772  65.421 0.0000000000
47230  -7.230  -19.345  65.225 0.0000000000
47231  -7.070  -19.278  65.721 0.0000000000
47328  -10.270  0.680  67.806 0.0000000000
47329  -10.208  1.360  67.782 0.0000000000
47330  -9.854  0.647  67.590 0.0000000000
47331  -9.408  0.647  67.356 0.0000000000
47332  -9.618  0.059  67.081 0.0000000000
47333  -12.252  -4.313  65.968 0.0000000000
47334  -12.141  -3.551  65.926 0.0000000000
47335  -12.001  -4.211  65.563 0.0000000000
47336  -10.543  -4.721  62.945 0.0000000000
47337  -10.564  -4.017  63.246 0.0000000000
47338  -10.297  -4.007  62.948 0.0000000000
47339  -9.852  -3.327  63.171 0.0000000000
47340  -9.986  -4.027  62.693 0.0000000000
47341  -9.672  -4.055  62.456 0.0000000000
47342  -10.029  -4.668  62.295 0.0000000000
50342  -6.742  -15.744  59.269 0.0000000000
50343  -6.709  -15.795  58.691 0.0000000000
50344  -6.241  -16.233  58.943 0.0000000000
50345  -6.839  -19.984  57.221 0.0000000000
50346  -6.298  -19.662  56.987 0.0000000000
50347  -6.773  -20.070  56.634 0.0000000000
50348  -6.750  -20.137  56.095 0.0000000000
50349  -7.267  -20.492  56.280 0.0000000000
50350  -9.564  -24.217  58.303 0.0000000000
50351  -9.676  -23.541  58.274 0.0000000000
50352  -9.547  -24.379  57.629 0.0000000000
50387  -11.909  -15.281  68.495 0.0000000000
50388  -11.684  -14.960  68.884 0.0000000000
50389  -11.558  -15.507  69.116 0.0000000000
50390  -9.095  -17.808  72.620 0.0000000000
50391  -9.057  -17.175  72.303 0.0000000000
50392  -8.608  -17.617  72.555 0.0000000000
50393  -8.127  -17.455  72.444 0.0000000000
50394  -8.190  -18.144  72.763 0.0000000000
50686  -5.956  0.036  62.035 0.0000000000
50687  -6.166  0.842  62.635 0.0000000000
50688  -6.276  0.909  62.161 0.0000000000
50708  -6.637  -3.557  54.374 0.0000000000
50709  -6.970  -2.844  54.316 0.0000000000
50710  -6.768  -3.416  53.911 0.0000000000
53979  -11.480  -9.953  68.849 0.0000000000
53980  -10.888  -10.318  68.817 0.0000000000
53981  -11.244  -10.540  68.871 0.0000000000
53982  -11.221  -12.028  68.935 0.0000000000
53983  -10.899  -11.763  69.026 0.0000000000
53984  -10.753  -12.308  69.281 0.0000000000
53985  -10.286  -12.574  69.581 0.0000000000
53986  -10.630  -12.792  69.536 0.0000000000
54011  -14.140  -8.685  68.276 0.0000000000
54013  -14.440  -7.991  68.461 0.0000000000
54015  -14.090  -7.743  68.805 0.0000000000
54016  -13.753  -7.524  68.973 0.0000000000
54017  -13.562  -8.210  68.830 0.0000000000
54018  -12.319  -9.781  68.861 0.0000000000
54019  -12.482  -9.141  68.939 0.0000000000
54020  -11.968  -9.543  68.921 0.0000000000
54021  -11.614  -9.307  68.847 0.0000000000
55014  -8.037  -10.731  55.169 0.0000000000
55015  -7.671  -11.539  54.857 0.0000000000
55016  -8.066  -11.689  55.174 0.0000000000
55017  -8.179  -13.529  55.950 0.0000000000
55018  -7.890  -13.417  55.468 0.0000000000
55019  -7.559  -14.164  55.701 0.0000000000
55020  -6.920  -14.760  55.452 0.0000000000
55021  -7.165  -14.807  55.938 0.0000000000
55134  -8.824  -6.476  59.012 0.0000000000
55135  -9.047  -7.220  58.513 0.0000000000
55136  -8.823  -7.929  57.230 0.0000000000
55137  -8.740  -7.200  57.705 0.0000000000
55138  -8.528  -7.138  57.306 0.0000000000
55139  -8.095  -6.408  57.407 0.0000000000
55140  -8.265  -7.059  56.872 0.0000000000
55141  -7.964  -7.009  56.482 0.0000000000
55142  -8.348  -7.751  56.420 0.0000000000
55143  -8.522  -10.125  55.767 0.0000000000
55144  -8.284  -9.283  55.704 0.0000000000
55145  -8.200  -10.036  55.355 0.0000000000
55146  -7.843  -9.905  55.027 0.0000000000
56814  -9.547  -10.412  62.245 0.0000000000
56815  -9.288  -11.098  62.033 0.0000000000
56816  -9.297  -10.975  62.501 0.0000000000
56817  -8.581  -11.884  63.513 0.0000000000
56818  -8.588  -12.043  63.047 0.0000000000
56819  -8.159  -12.524  63.324 0.0000000000
56820  -7.767  -13.149  63.289 0.0000000000
56821  -7.775  -13.010  63.724 0.0000000000
56822  -6.362  -15.279  68.342 0.0000000000
56823  -6.260  -15.381  67.855 0.0000000000
56824  -6.175  -15.866  68.222 0.0000000000
56825  -6.188  -17.607  68.123 0.0000000000
56826  -6.117  -17.098  67.849 0.0000000000
56827  -6.190  -17.718  67.671 0.0000000000
56828  -6.238  -17.822  67.154 0.0000000000
56829  -6.368  -18.292  67.451 0.0000000000
56830  -6.611  -18.912  67.247 0.0000000000
56831  -6.469  -18.809  67.689 0.0000000000
56832  -6.390  -19.924  68.479 0.0000000000
56833  -6.563  -20.005  68.056 0.0000000000
56834  -6.608  -20.622  68.158 0.0000000000
56835  -6.781  -21.341  67.821 0.0000000000
56836  -6.625  -21.276  68.262 0.0000000000
56930  -11.542  0.589  68.240 0.0000000000
56931  -11.090  0.626  68.163 0.0000000000
56932  -11.241  -0.045  68.016 0.0000000000
56933  -11.202  -6.718  65.189 0.0000000000
56934  -11.354  -6.094  64.918 0.0000000000
56935  -11.072  -6.703  64.775 0.0000000000
56936  -10.465  -7.380  63.808 0.0000000000
56937  -10.751  -6.704  63.930 0.0000000000
56938  -10.586  -6.742  63.528 0.0000000000
56939  -10.667  -6.097  63.265 0.0000000000
56940  -10.472  -6.799  63.096 0.0000000000
56941  -10.364  -6.828  62.686 0.0000000000
56942  -10.219  -7.487  62.951 0.0000000000
56943  -9.825  -9.534  62.796 0.0000000000
56944  -9.917  -8.944  62.578 0.0000000000
56945  -9.800  -9.657  62.365 0.0000000000
56946  -9.773  -9.782  61.940 0.0000000000
59942  -5.543  -17.636  60.262 0.0000000000
59943  -5.530  -17.764  59.736 0.0000000000
59944  -5.672  -18.291  59.946 0.0000000000
59945  -6.966  -19.579  59.545 0.0000000000
59946  -6.410  -19.266  59.299 0.0000000000
59947  -6.945  -19.691  58.981 0.0000000000
59948  -6.847  -19.766  58.391 0.0000000000
59949  -7.454  -20.034  58.596 0.0000000000
59987  -11.660  -17.636  69.703 0.0000000000
59988  -11.361  -17.287  70.023 0.0000000000
59989  -11.397  -17.803  70.448 0.0000000000
60278  -8.180  3.843  66.907 0.0000000000
60286  -6.761  0.418  60.096 0.0000000000
60287  -6.983  1.119  60.737 0.0000000000
60288  -7.281  1.125  60.193 0.0000000000
60303  -9.087  1.617  55.075 0.0000000000
60305  -9.117  1.784  54.494 0.0000000000
60307  -8.967  1.078  54.282 0.0000000000
64014  -9.760  -9.521  65.924 0.0000000000
64015  -9.431  -10.157  65.690 0.0000000000
64016  -9.491  -10.046  66.144 0.0000000000
64017  -8.975  -11.052  67.147 0.0000000000
64018  -8.843  -11.110  66.700 0.0000000000
64019  -8.541  -11.604  67.015 0.0000000000
64020  -8.119  -12.175  66.931 0.0000000000
64021  -8.232  -12.124  67.401 0.0000000000
64022  -9.885  -11.191  68.735 0.0000000000
64023  -9.610  -11.085  68.410 0.0000000000
64024  -9.342  -11.634  68.682 0.0000000000
64025  -8.102  -13.014  69.062 0.0000000000
64026  -8.366  -12.579  68.654 0.0000000000
64027  -7.873  -13.079  68.577 0.0000000000
64028  -7.685  -13.110  68.126 0.0000000000
64029  -7.447  -13.561  68.626 0.0000000000
64030  -7.043  -14.112  68.617 0.0000000000
64031  -7.254  -14.044  69.082 0.0000000000
64032  -7.128  -14.936  70.260 0.0000000000
64033  -6.900  -15.007  69.804 0.0000000000
64034  -6.748  -15.493  70.194 0.0000000000
64035  -6.447  -16.090  70.061 0.0000000000
64036  -6.630  -16.010  70.511 0.0000000000
64128  -13.418  -4.600  67.727 0.0000000000
64129  -13.396  -3.984  67.554 0.0000000000
64130  -13.107  -4.514  67.327 0.0000000000
64131  -12.832  -4.427  66.890 0.0000000000
64132  -12.769  -5.035  67.100 0.0000000000
64133  -13.016  -7.131  68.756 0.0000000000
64134  -13.149  -6.475  68.605 0.0000000000
64135  -12.659  -6.948  68.454 0.0000000000
64136  -11.663  -7.298  67.487 0.0000000000
64137  -12.096  -6.781  67.608 0.0000000000
64138  -11.859  -6.744  67.145 0.0000000000
64139  -12.094  -6.158  66.820 0.0000000000
64140  -11.666  -6.737  66.677 0.0000000000
64141  -11.506  -6.702  66.163 0.0000000000
64142  -11.269  -7.249  66.538 0.0000000000
64143  -10.262  -8.915  66.509 0.0000000000
64144  -10.512  -8.377  66.266 0.0000000000
64145  -10.100  -8.966  66.056 0.0000000000
64146  -10.022  -9.031  65.565 0.0000000000
67127  -6.796  -12.893  54.320 0.0000000000
67142  -8.718  -20.794  62.447 0.0000000000
67143  -8.871  -20.879  61.823 0.0000000000
67144  -9.110  -21.438  62.061 0.0000000000
67145  -9.361  -23.643  61.033 0.0000000000
67146  -9.507  -22.959  60.975 0.0000000000
67147  -9.457  -23.770  60.316 0.0000000000
67148  -9.515  -23.904  59.624 0.0000000000
67149  -9.249  -24.551  59.615 0.0000000000
67478  -6.889  -2.226  63.263 0.0000000000
67479  -6.518  -1.606  63.525 0.0000000000
67480  -6.603  -2.263  62.890 0.0000000000
67481  -6.417  -2.948  61.473 0.0000000000
67482  -6.172  -2.300  62.054 0.0000000000
67483  -5.989  -2.248  61.637 0.0000000000
67484  -5.759  -1.557  61.741 0.0000000000
67485  -5.846  -2.208  61.185 0.0000000000
67486  -7.848  -5.129  59.275 0.0000000000
67487  -7.433  -4.580  59.804 0.0000000000
67488  -7.242  -4.546  59.412 0.0000000000
67489  -6.133  -3.311  59.210 0.0000000000
67490  -6.223  -3.411  59.624 0.0000000000
67491  -5.883  -2.704  59.751 0.0000000000
67492  -5.716  -2.053  60.287 0.0000000000
67493  -5.761  -1.938  59.791 0.0000000000
67494  -5.906  -1.123  59.884 0.0000000000
67495  -5.860  -1.830  59.291 0.0000000000
67496  -6.317  -2.245  57.941 0.0000000000
67497  -6.286  -1.618  58.367 0.0000000000
67498  -6.587  -1.554  57.883 0.0000000000
67499  -6.978  -0.826  57.851 0.0000000000
67500  -6.878  -1.505  57.414 0.0000000000
67501  -7.171  -1.414  56.926 0.0000000000
67502  -6.777  -2.092  56.964 0.0000000000
67503  -6.365  -4.066  56.244 0.0000000000
67504  -6.507  -3.317  56.204 0.0000000000
67505  -6.385  -3.989  55.766 0.0000000000
67506  -6.481  -3.857  55.303 0.0000000000
67507  -6.296  -4.622  55.330 0.0000000000
67508  -7.401  -6.894  55.773 0.0000000000
67509  -7.077  -6.175  55.952 0.0000000000
67510  -7.111  -6.858  55.457 0.0000000000
67511  -6.425  -7.420  54.400 0.0000000000
67512  -6.529  -6.713  54.769 0.0000000000
67513  -6.275  -6.613  54.430 0.0000000000
67514  -6.205  -5.894  54.426 0.0000000000
67515  -6.090  -6.552  54.042 0.0000000000
67516  -5.964  -6.403  53.635 0.0000000000
67517  -5.932  -7.232  53.748 0.0000000000
72525  -7.849  -14.592  59.699 0.0000000000
72526  -7.849  -14.462  60.173 0.0000000000
72527  -8.596  -12.477  61.739 0.0000000000
72529  -8.187  -13.207  61.578 0.0000000000
72530  -6.970  -15.000  61.697 0.0000000000
72531  -7.367  -14.558  61.393 0.0000000000
72532  -6.955  -15.193  61.255 0.0000000000
72533  -6.930  -15.344  60.769 0.0000000000
72534  -6.472  -15.764  61.002 0.0000000000
72535  -6.010  -16.345  60.768 0.0000000000
72536  -6.073  -16.213  61.264 0.0000000000
72537  -5.782  -17.052  62.321 0.0000000000
72538  -5.702  -17.212  61.855 0.0000000000
72539  -5.774  -17.755  62.061 0.0000000000
72540  -5.973  -18.341  61.797 0.0000000000
72541  -5.982  -18.188  62.335 0.0000000000
72542  -8.646  -11.414  65.343 0.0000000000
72543  -8.604  -11.527  64.890 0.0000000000
72544  -8.251  -11.988  65.261 0.0000000000
72545  -7.045  -13.646  65.325 0.0000000000
72546  -7.397  -13.180  64.947 0.0000000000
72547  -7.016  -13.789  64.858 0.0000000000
72548  -7.004  -13.927  64.408 0.0000000000
72549  -6.695  -14.387  64.792 0.0000000000
72550  -6.128  -15.622  66.838 0.0000000000
72551  -6.287  -15.123  66.526 0.0000000000
72552  -6.116  -15.766  66.354 0.0000000000
72553  -5.990  -16.659  65.196 0.0000000000
72554  -6.074  -16.017  65.362 0.0000000000
72555  -6.022  -16.172  64.892 0.0000000000
72556  -6.150  -15.696  64.550 0.0000000000
72557  -5.983  -16.321  64.389 0.0000000000
72558  -5.947  -16.468  63.863 0.0000000000
72559  -5.949  -17.008  64.184 0.0000000000
72560  -6.686  -18.531  64.029 0.0000000000
72561  -6.284  -18.241  63.727 0.0000000000
72562  -6.736  -18.696  63.493 0.0000000000
72563  -6.782  -18.861  62.981 0.0000000000
72564  -7.199  -19.172  63.321 0.0000000000
72565  -7.732  -19.694  63.036 0.0000000000
72566  -7.606  -19.567  63.625 0.0000000000
72567  -8.022  -20.461  64.744 0.0000000000
72568  -8.210  -20.530  64.191 0.0000000000
72569  -8.383  -21.104  64.423 0.0000000000
72570  -8.668  -21.852  64.044 0.0000000000
72571  -8.436  -21.802  64.607 0.0000000000
72572  -7.159  -20.241  66.761 0.0000000000
72573  -7.380  -20.331  66.256 0.0000000000
72574  -7.447  -20.957  66.444 0.0000000000
72576  -7.813  -22.370  65.619 0.0000000000
72577  -7.876  -23.090  65.022 0.0000000000
72578  -8.123  -23.182  64.516 0.0000000000
72866  -10.166  2.975  67.329 0.0000000000
72870  -9.598  3.737  67.129 0.0000000000
72871  -9.130  3.812  67.059 0.0000000000
72872  -9.235  3.009  67.217 0.0000000000
72873  -8.537  0.659  66.858 0.0000000000
72874  -8.556  1.341  66.946 0.0000000000
72875  -8.188  0.654  66.575 0.0000000000
72876  -7.837  0.616  66.256 0.0000000000
72877  -7.938  -0.086  66.026 0.0000000000
72878  -12.837  -2.014  67.591 0.0000000000
72879  -12.572  -1.356  67.857 0.0000000000
72880  -12.419  -1.916  67.332 0.0000000000
72881  -11.559  -2.330  66.104 0.0000000000
72882  -11.582  -1.731  66.752 0.0000000000
72883  -11.199  -1.694  66.432 0.0000000000
72884  -10.918  -1.132  66.792 0.0000000000
72885  -10.904  -1.658  66.060 0.0000000000
72886  -11.436  -4.771  64.437 0.0000000000
72887  -11.511  -4.084  64.746 0.0000000000
72888  -11.320  -4.060  64.323 0.0000000000
72889  -10.453  -2.666  64.152 0.0000000000
72890  -10.774  -2.717  64.420 0.0000000000
72891  -10.317  -2.108  64.734 0.0000000000
72892  -10.233  -1.552  65.415 0.0000000000
72893  -9.847  -1.559  65.148 0.0000000000
72894  -9.436  -1.046  65.612 0.0000000000
72895  -9.506  -1.589  64.885 0.0000000000
72896  -8.857  -2.313  63.826 0.0000000000
72897  -8.813  -1.734  64.414 0.0000000000
72898  -8.410  -1.860  64.218 0.0000000000
72899  -7.913  -1.377  64.650 0.0000000000
72900  -8.009  -1.977  64.039 0.0000000000
72901  -7.614  -2.084  63.835 0.0000000000
72902  -8.126  -2.550  63.465 0.0000000000
72903  -9.093  -4.210  62.015 0.0000000000
72904  -8.543  -3.640  62.277 0.0000000000
72905  -8.788  -4.283  61.789 0.0000000000
72906  -8.502  -4.344  61.523 0.0000000000
72907  -9.010  -4.961  61.346 0.0000000000
72908  -10.156  -6.870  61.918 0.0000000000
72909  -10.043  -6.184  61.799 0.0000000000
76569  -13.251  -11.740  66.500 0.0000000000
76570  -12.921  -12.236  66.871 0.0000000000
76571  -13.081  -12.505  66.518 0.0000000000
76572  -13.055  -14.035  66.492 0.0000000000
76573  -12.849  -13.754  66.804 0.0000000000
76574  -12.810  -14.357  66.971 0.0000000000
76575  -12.506  -14.648  67.464 0.0000000000
76576  -12.693  -14.944  67.157 0.0000000000
76583  -12.469  -16.252  67.529 0.0000000000
76584  -12.391  -16.785  67.856 0.0000000000
76585  -12.159  -17.083  68.435 0.0000000000
76971  -13.520  -11.069  66.620 0.0000000000
81902  -8.610  -13.632  58.116 0.0000000000
81903  -8.575  -13.651  57.566 0.0000000000
81904  -8.129  -14.332  57.889 0.0000000000
81905  -6.542  -15.893  57.563 0.0000000000
81906  -7.016  -15.419  57.289 0.0000000000
81907  -6.439  -15.926  57.013 0.0000000000
81908  -6.305  -15.923  56.468 0.0000000000
81909  -5.923  -16.402  56.728 0.0000000000
81910  -5.443  -17.996  58.571 0.0000000000
81911  -5.487  -17.403  58.340 0.0000000000
81912  -5.378  -18.034  58.000 0.0000000000
81913  -5.486  -18.786  56.550 0.0000000000
81914  -5.322  -18.186  56.872 0.0000000000
81915  -5.293  -18.242  56.307 0.0000000000
81916  -5.259  -17.636  56.077 0.0000000000
81917  -5.256  -18.317  55.785 0.0000000000
81918  -5.203  -18.346  55.233 0.0000000000
81919  -5.441  -18.944  55.422 0.0000000000
81920  -6.675  -20.367  54.986 0.0000000000
81921  -6.164  -19.982  54.753 0.0000000000
81922  -6.609  -20.441  54.374 0.0000000000
81925  -9.086  -21.051  60.524 0.0000000000
81926  -8.671  -20.566  60.262 0.0000000000
81927  -9.114  -21.171  59.868 0.0000000000
81928  -9.469  -22.142  58.123 0.0000000000
81929  -9.154  -21.417  58.567 0.0000000000
81930  -9.134  -21.582  57.961 0.0000000000
81931  -8.646  -21.046  57.794 0.0000000000
81932  -9.098  -21.708  57.379 0.0000000000
81934  -9.417  -24.602  56.415 0.0000000000
81935  -9.282  -24.716  55.850 0.0000000000
81936  -9.197  -23.392  55.299 0.0000000000
81937  -9.333  -23.311  55.835 0.0000000000
81938  -9.135  -22.612  55.798 0.0000000000
81939  -8.921  -21.882  56.230 0.0000000000
81940  -8.765  -22.014  55.673 0.0000000000
81941  -8.277  -21.504  55.509 0.0000000000
81942  -8.612  -22.101  55.120 0.0000000000
82037  -12.317  -13.049  67.662 0.0000000000
82038  -12.107  -12.811  68.048 0.0000000000
82039  -12.026  -13.371  68.226 0.0000000000
82040  -11.126  -14.345  69.526 0.0000000000
82041  -11.237  -13.847  69.301 0.0000000000
82042  -10.724  -14.075  69.809 0.0000000000
82043  -10.380  -13.805  70.010 0.0000000000
82044  -10.252  -14.273  70.268 0.0000000000
82045  -10.706  -16.555  70.618 0.0000000000
82046  -10.799  -15.960  70.318 0.0000000000
82047  -10.371  -16.211  70.882 0.0000000000
82048  -9.082  -15.930  71.667 0.0000000000
82049  -9.596  -15.624  71.272 0.0000000000
82050  -9.169  -15.387  71.394 0.0000000000
82051  -9.241  -14.838  71.079 0.0000000000
82052  -8.703  -15.176  71.393 0.0000000000
82053  -8.265  -15.035  71.254 0.0000000000
82054  -8.181  -15.599  71.595 0.0000000000
82055  -7.226  -17.234  72.029 0.0000000000
82056  -7.247  -16.593  71.720 0.0000000000
82057  -6.860  -17.186  71.640 0.0000000000
82058  -6.575  -17.198  71.189 0.0000000000
82059  -6.615  -17.840  71.455 0.0000000000
82076  -7.389  -19.275  72.717 0.0000000000
82079  -6.567  -19.865  71.637 0.0000000000
82080  -6.360  -19.836  71.127 0.0000000000
82081  -6.341  -19.131  70.950 0.0000000000
82082  -6.245  -19.805  70.575 0.0000000000
82083  -6.187  -19.789  70.049 0.0000000000
82084  -6.272  -20.507  70.251 0.0000000000
82936  -6.240  -0.122  63.925 0.0000000000
82937  -6.456  0.532  64.536 0.0000000000
82938  -6.360  0.647  64.074 0.0000000000
83003  -7.631  -1.277  55.958 0.0000000000
83004  -8.060  -0.635  55.768 0.0000000000
83005  -7.793  -1.225  55.392 0.0000000000
83006  -7.653  -1.445  54.075 0.0000000000
83007  -7.950  -0.898  54.360 0.0000000000
83008  -8.027  -0.773  53.917 0.0000000000
83009  -8.363  -0.041  53.705 0.0000000000
92292  -12.123  -10.377  68.707 0.0000000000
92293  -11.601  -10.775  68.804 0.0000000000
92294  -11.925  -11.002  68.621 0.0000000000
92295  -11.718  -11.671  68.567 0.0000000000
92296  -11.542  -12.279  68.703 0.0000000000
92311  -14.054  -9.578  67.507 0.0000000000
92312  -13.871  -9.349  68.032 0.0000000000
92313  -13.630  -9.122  68.461 0.0000000000
92314  -13.380  -8.919  68.736 0.0000000000
92315  -13.110  -9.577  68.540 0.0000000000
92316  -12.636  -9.995  68.672 0.0000000000
92913  -8.702  -11.004  55.950 0.0000000000
92914  -8.417  -11.798  55.586 0.0000000000
92915  -8.693  -11.882  56.038 0.0000000000
92916  -8.608  -12.768  56.233 0.0000000000
92917  -8.383  -13.566  56.471 0.0000000000
92985  -9.182  -7.972  58.061 0.0000000000
92986  -9.209  -8.767  57.693 0.0000000000
92987  -9.038  -8.735  57.259 0.0000000000
92988  -8.853  -8.660  56.825 0.0000000000
92989  -8.643  -8.572  56.412 0.0000000000
92990  -8.862  -9.436  56.463 0.0000000000
92991  -8.786  -10.213  56.184 0.0000000000
93993  -9.608  -10.149  63.132 0.0000000000
93994  -9.322  -10.868  62.977 0.0000000000
93995  -9.303  -10.729  63.415 0.0000000000
93996  -8.966  -11.269  63.707 0.0000000000
93997  -8.581  -11.736  63.980 0.0000000000
93998  -6.212  -16.235  69.092 0.0000000000
93999  -6.140  -16.344  68.577 0.0000000000
94000  -6.121  -16.872  68.863 0.0000000000
94001  -6.157  -17.506  68.606 0.0000000000
94002  -6.211  -18.149  68.381 0.0000000000
94003  -6.335  -18.741  68.160 0.0000000000
94004  -6.239  -18.679  68.630 0.0000000000
94005  -6.267  -19.276  68.778 0.0000000000
94006  -6.286  -19.865  68.971 0.0000000000
94064  -10.495  -7.895  64.968 0.0000000000
94065  -10.716  -7.319  64.677 0.0000000000
94066  -10.384  -7.958  64.495 0.0000000000
94067  -10.275  -8.026  64.046 0.0000000000
94068  -10.181  -8.113  63.617 0.0000000000
94069  -10.100  -8.149  63.200 0.0000000000
94070  -9.991  -8.765  63.391 0.0000000000
94071  -9.828  -9.440  63.280 0.0000000000
95870  -6.004  -18.575  60.771 0.0000000000
95871  -6.006  -18.703  60.213 0.0000000000
95872  -6.435  -19.027  60.462 0.0000000000
95873  -6.953  -19.456  60.118 0.0000000000
95874  -7.503  -19.843  59.775 0.0000000000
96071  -7.729  2.115  66.540 0.0000000000
96072  -7.565  3.048  66.636 0.0000000000
96073  -7.358  2.147  66.279 0.0000000000
96074  -7.052  2.184  65.953 0.0000000000
96075  -6.827  2.192  65.564 0.0000000000
96076  -7.388  0.519  59.062 0.0000000000
96077  -7.600  1.186  59.655 0.0000000000
96078  -7.912  1.249  59.099 0.0000000000
96079  -8.387  2.014  59.033 0.0000000000
96086  -9.148  2.195  56.112 0.0000000000
96087  -8.997  1.473  55.707 0.0000000000
96088  -8.877  0.788  55.333 0.0000000000
98313  -10.025  -9.379  66.809 0.0000000000
98314  -9.568  -9.999  66.616 0.0000000000
98315  -9.717  -9.955  67.088 0.0000000000
98316  -9.414  -10.503  67.336 0.0000000000
98317  -9.117  -11.041  67.608 0.0000000000
98318  -9.485  -12.247  69.306 0.0000000000
98319  -9.124  -12.122  69.007 0.0000000000
98320  -8.958  -12.585  69.401 0.0000000000
98321  -8.437  -13.031  69.459 0.0000000000
98322  -7.930  -13.488  69.479 0.0000000000
98323  -7.488  -13.975  69.495 0.0000000000
98324  -7.738  -13.950  69.868 0.0000000000
98325  -7.586  -14.431  70.260 0.0000000000
98326  -7.446  -14.913  70.640 0.0000000000
98382  -13.763  -4.703  68.073 0.0000000000
98383  -13.380  -5.223  67.974 0.0000000000
98384  -11.970  -8.069  68.537 0.0000000000
98385  -12.195  -7.459  68.312 0.0000000000
98386  -11.679  -7.967  68.182 0.0000000000
98387  -11.429  -7.884  67.787 0.0000000000
98388  -11.213  -7.817  67.342 0.0000000000
98389  -11.029  -7.785  66.858 0.0000000000
98390  -10.790  -8.349  67.195 0.0000000000
98391  -10.407  -8.890  66.968 0.0000000000
100181  -6.386  -14.447  54.506 0.0000000000
100182  -6.112  -14.230  54.087 0.0000000000
100183  -5.898  -14.965  54.232 0.0000000000
100184  -5.489  -15.508  53.948 0.0000000000
100187  -5.003  -16.915  53.667 0.0000000000
100188  -4.994  -17.633  53.844 0.0000000000
100189  -5.097  -18.335  54.042 0.0000000000
100190  -9.070  -21.947  62.872 0.0000000000
100191  -9.255  -22.034  62.254 0.0000000000
100192  -9.208  -22.715  62.334 0.0000000000
100193  -9.207  -23.536  61.700 0.0000000000
100194  -9.052  -24.329  60.929 0.0000000000
100391  -7.354  -3.367  62.045 0.0000000000
100392  -6.825  -2.873  62.280 0.0000000000
100393  -7.122  -3.430  61.701 0.0000000000
100394  -6.898  -3.491  61.311 0.0000000000
100395  -6.689  -3.539  60.906 0.0000000000
100396  -7.469  -5.083  58.459 0.0000000000
100397  -7.057  -4.510  58.980 0.0000000000
100398  -6.914  -4.531  58.595 0.0000000000
100399  -6.406  -3.906  58.681 0.0000000000
100400  -6.094  -3.266  58.788 0.0000000000
100401  -5.950  -2.495  58.808 0.0000000000
100402  -6.137  -3.156  58.383 0.0000000000
100403  -6.218  -3.033  57.986 0.0000000000
100404  -6.337  -2.908  57.562 0.0000000000
100405  -6.504  -2.788  57.097 0.0000000000
100406  -6.363  -3.574  57.137 0.0000000000
100407  -6.404  -4.204  56.645 0.0000000000
100408  -6.426  -4.849  56.147 0.0000000000
100409  -7.359  -8.289  55.050 0.0000000000
100410  -7.084  -7.521  55.077 0.0000000000
100411  -6.988  -8.204  54.750 0.0000000000
100412  -6.587  -8.132  54.455 0.0000000000
100413  -6.294  -8.109  54.115 0.0000000000
100414  -6.028  -7.999  53.798 0.0000000000
100415  -6.125  -8.791  53.902 0.0000000000
103421  -7.760  -13.563  62.359 0.0000000000
103422  -7.770  -13.781  61.913 0.0000000000
103423  -7.359  -14.215  62.282 0.0000000000
103424  -6.976  -14.808  62.138 0.0000000000
103425  -6.564  -15.451  61.977 0.0000000000
103426  -6.151  -16.052  61.782 0.0000000000
103427  -6.235  -15.858  62.324 0.0000000000
103428  -5.969  -16.360  62.571 0.0000000000
103429  -5.827  -16.885  62.803 0.0000000000
103430  -7.930  -12.333  66.009 0.0000000000
103431  -7.863  -12.448  65.548 0.0000000000
103432  -7.498  -12.933  65.905 0.0000000000
103433  -7.094  -13.507  65.793 0.0000000000
103434  -6.736  -14.116  65.704 0.0000000000
103435  -6.023  -16.871  66.531 0.0000000000
103436  -6.036  -16.407  66.209 0.0000000000
103437  -6.034  -17.005  66.013 0.0000000000
103438  -6.037  -17.122  65.505 0.0000000000
103439  -6.032  -17.280  65.000 0.0000000000
103440  -6.046  -17.486  64.503 0.0000000000
103441  -6.282  -17.858  64.814 0.0000000000
103442  -6.625  -18.406  64.600 0.0000000000
103443  -7.072  -18.950  64.423 0.0000000000
103444  -7.513  -19.462  64.175 0.0000000000
103445  -7.385  -19.409  64.705 0.0000000000
103446  -7.628  -19.895  64.997 0.0000000000
103447  -7.826  -20.424  65.307 0.0000000000
103448  -7.178  -21.526  67.002 0.0000000000
103449  -7.424  -21.592  66.550 0.0000000000
103450  -7.304  -22.280  66.556 0.0000000000
103624  -10.559  2.150  67.640 0.0000000000
103625  -10.172  2.172  67.578 0.0000000000
103626  -9.776  2.184  67.494 0.0000000000
103627  -9.332  2.081  67.316 0.0000000000
103628  -9.359  1.373  67.405 0.0000000000
103629  -8.963  0.654  67.121 0.0000000000
103630  -8.751  0.020  66.556 0.0000000000
103631  -12.529  -3.082  66.736 0.0000000000
103632  -12.266  -2.463  66.807 0.0000000000
103633  -12.198  -2.965  66.339 0.0000000000
103634  -11.896  -2.883  65.930 0.0000000000
103635  -11.638  -2.872  65.558 0.0000000000
103636  -11.010  -4.740  63.587 0.0000000000
103637  -11.091  -4.067  63.910 0.0000000000
103638  -10.837  -4.048  63.553 0.0000000000
103639  -10.533  -3.306  63.659 0.0000000000
103640  -10.101  -2.663  63.903 0.0000000000
103641  -9.631  -2.187  64.211 0.0000000000
103642  -9.726  -2.707  63.661 0.0000000000
103643  -9.393  -2.832  63.456 0.0000000000
103644  -9.000  -2.915  63.244 0.0000000000
103645  -8.630  -2.982  63.044 0.0000000000
103646  -9.199  -3.489  62.703 0.0000000000
103647  -9.396  -4.116  62.216 0.0000000000
103648  -9.529  -4.822  61.808 0.0000000000
105847  -13.229  -12.785  66.157 0.0000000000
105849  -13.271  -13.709  66.011 0.0000000000
105850  -13.220  -14.333  66.171 0.0000000000
109046  -7.718  -14.830  58.728 0.0000000000
109047  -7.638  -14.918  58.173 0.0000000000
109048  -7.193  -15.366  58.426 0.0000000000
109049  -6.636  -15.848  58.112 0.0000000000
109050  -6.101  -16.377  57.822 0.0000000000
109051  -5.870  -19.145  57.908 0.0000000000
109052  -5.507  -18.671  57.694 0.0000000000
109053  -5.832  -19.207  57.346 0.0000000000
109054  -5.852  -19.271  56.747 0.0000000000
109055  -5.831  -19.343  56.191 0.0000000000
109056  -5.795  -19.422  55.641 0.0000000000
109057  -6.252  -19.790  55.880 0.0000000000
109058  -6.723  -20.253  55.563 0.0000000000
109059  -7.192  -20.683  55.255 0.0000000000
109060  -9.668  -22.558  59.571 0.0000000000
109061  -9.477  -21.922  59.398 0.0000000000
109062  -9.679  -22.695  58.879 0.0000000000
109063  -9.676  -22.835  58.238 0.0000000000
109064  -9.643  -22.986  57.634 0.0000000000
109127  -12.123  -14.154  68.073 0.0000000000
109128  -11.884  -13.894  68.448 0.0000000000
109129  -11.777  -14.391  68.645 0.0000000000
109130  -11.427  -14.623  69.238 0.0000000000
109131  -10.970  -14.874  69.805 0.0000000000
109132  -9.928  -17.044  71.785 0.0000000000
109133  -9.943  -16.428  71.455 0.0000000000
109134  -9.500  -16.777  71.950 0.0000000000
109135  -9.049  -16.531  72.005 0.0000000000
109136  -8.581  -16.313  71.986 0.0000000000
109137  -8.139  -16.184  71.898 0.0000000000
109138  -8.124  -16.790  72.194 0.0000000000
109139  -7.674  -17.323  72.273 0.0000000000
109140  -7.287  -17.940  72.254 0.0000000000
109666  -6.012  -0.099  62.944 0.0000000000
109667  -6.204  0.653  63.577 0.0000000000
109668  -6.124  0.689  63.094 0.0000000000
109706  -7.035  -2.421  55.192 0.0000000000
109707  -7.417  -1.736  55.054 0.0000000000
109708  -7.166  -2.297  54.697 0.0000000000
109709  -7.276  -2.165  54.196 0.0000000000
109710  -7.381  -1.980  53.739 0.0000000000
115506  -10.750  -9.632  68.490 0.0000000000
115507  -10.299  -10.061  68.325 0.0000000000
115508  -10.572  -10.162  68.590 0.0000000000
115509  -10.390  -10.756  68.772 0.0000000000
115510  -10.201  -11.330  68.922 0.0000000000
115511  -11.103  -11.182  68.882 0.0000000000
115512  -10.545  -11.531  69.012 0.0000000000
115513  -9.971  -11.912  69.219 0.0000000000
115514  -9.875  -12.401  69.512 0.0000000000
115515  -9.744  -12.885  69.822 0.0000000000
115516  -9.531  -13.334  70.138 0.0000000000
115558  -13.962  -6.132  68.807 0.0000000000
115559  -13.889  -6.812  68.931 0.0000000000
115560  -13.387  -7.330  68.938 0.0000000000
115561  -12.821  -7.739  68.840 0.0000000000
115562  -13.024  -8.644  68.903 0.0000000000
115563  -12.656  -8.425  68.894 0.0000000000
115564  -12.295  -8.238  68.771 0.0000000000
115565  -11.772  -8.729  68.699 0.0000000000
115566  -11.274  -9.168  68.587 0.0000000000
116955  -7.248  -10.486  54.597 0.0000000000
116956  -6.853  -11.177  54.279 0.0000000000
116957  -7.262  -11.364  54.557 0.0000000000
116958  -7.273  -12.253  54.599 0.0000000000
116959  -7.143  -13.140  54.639 0.0000000000
116960  -8.068  -12.564  55.280 0.0000000000
116961  -7.544  -13.278  55.028 0.0000000000
116962  -6.933  -13.922  54.769 0.0000000000
116963  -6.655  -14.627  54.963 0.0000000000
116964  -6.333  -15.264  55.174 0.0000000000
116965  -5.977  -15.856  55.380 0.0000000000
117122  -8.730  -5.796  59.822 0.0000000000
117123  -8.221  -5.123  59.977 0.0000000000
117124  -8.573  -5.785  59.461 0.0000000000
117125  -8.393  -5.764  59.094 0.0000000000
117126  -8.216  -5.770  58.707 0.0000000000
117127  -8.906  -7.226  58.097 0.0000000000
117128  -8.524  -6.468  58.190 0.0000000000
117129  -8.037  -5.749  58.305 0.0000000000
117130  -7.826  -5.724  57.920 0.0000000000
117131  -7.612  -5.718  57.531 0.0000000000
117132  -7.383  -5.704  57.150 0.0000000000
117133  -7.184  -5.630  56.784 0.0000000000
117134  -7.582  -6.291  56.636 0.0000000000
117135  -7.676  -6.949  56.112 0.0000000000
117136  -7.707  -7.668  55.679 0.0000000000
117137  -8.334  -8.506  56.040 0.0000000000
117138  -8.000  -8.447  55.692 0.0000000000
117139  -7.693  -8.385  55.352 0.0000000000
117140  -7.608  -9.073  55.042 0.0000000000
117141  -7.449  -9.778  54.739 0.0000000000
119478  -8.959  -11.734  61.899 0.0000000000
119479  -8.615  -12.330  62.159 0.0000000000
119480  -8.970  -11.554  62.797 0.0000000000
119481  -8.613  -12.178  62.583 0.0000000000
119482  -8.161  -12.849  62.475 0.0000000000
119483  -7.770  -13.334  62.827 0.0000000000
119484  -7.373  -13.769  63.152 0.0000000000
119485  -6.982  -14.253  63.494 0.0000000000
119486  -6.774  -14.271  67.601 0.0000000000
119487  -6.649  -14.394  67.097 0.0000000000
119488  -6.426  -14.895  67.520 0.0000000000
119489  -6.190  -15.492  67.394 0.0000000000
119490  -6.029  -16.121  67.182 0.0000000000
119491  -6.100  -16.467  68.054 0.0000000000
119492  -6.050  -16.588  67.553 0.0000000000
119493  -6.011  -16.717  67.042 0.0000000000
119494  -6.134  -17.315  66.858 0.0000000000
119495  -6.310  -17.925  66.631 0.0000000000
119496  -6.558  -18.535  66.482 0.0000000000
119497  -6.913  -19.118  66.233 0.0000000000
119498  -6.765  -18.995  66.739 0.0000000000
119499  -6.869  -19.563  66.951 0.0000000000
119500  -6.946  -20.139  67.189 0.0000000000
119501  -6.507  -19.408  67.899 0.0000000000
119502  -6.749  -20.069  67.614 0.0000000000
119503  -6.994  -20.792  67.290 0.0000000000
119504  -6.966  -21.427  67.421 0.0000000000
119639  -11.014  1.337  67.990 0.0000000000
119640  -10.679  0.670  68.007 0.0000000000
119641  -10.386  0.022  67.603 0.0000000000
119642  -11.818  -5.506  65.554 0.0000000000
119643  -11.860  -4.843  65.324 0.0000000000
119644  -11.615  -5.481  65.096 0.0000000000
119645  -11.436  -5.440  64.641 0.0000000000
119646  -11.250  -5.444  64.241 0.0000000000
119647  -10.917  -6.695  64.347 0.0000000000
119648  -11.034  -6.086  64.098 0.0000000000
119649  -11.042  -5.438  63.824 0.0000000000
119650  -10.835  -5.445  63.419 0.0000000000
119651  -10.634  -5.460  63.035 0.0000000000
119652  -10.433  -5.459  62.637 0.0000000000
119653  -10.233  -5.454  62.295 0.0000000000
119654  -10.337  -6.168  62.450 0.0000000000
119655  -10.254  -6.824  62.291 0.0000000000
119656  -10.081  -7.587  62.150 0.0000000000
119657  -10.032  -8.161  62.794 0.0000000000
119658  -9.978  -8.232  62.368 0.0000000000
119659  -9.937  -8.342  61.958 0.0000000000
123854  -5.916  -16.591  59.742 0.0000000000
123855  -5.873  -16.687  59.183 0.0000000000
123856  -5.621  -17.211  59.463 0.0000000000
123857  -5.494  -17.899  59.153 0.0000000000
123858  -5.641  -18.529  58.810 0.0000000000
123859  -5.987  -18.814  59.644 0.0000000000
123860  -5.965  -18.933  59.073 0.0000000000
123861  -5.913  -19.056  58.479 0.0000000000
123862  -6.338  -19.502  58.151 0.0000000000
123863  -6.865  -19.880  57.807 0.0000000000
123864  -7.400  -20.265  57.404 0.0000000000
123866  -9.254  -25.133  56.968 0.0000000000
123917  -11.705  -16.416  69.063 0.0000000000
123918  -11.449  -16.069  69.409 0.0000000000
123919  -11.406  -16.651  69.705 0.0000000000
123920  -11.042  -16.914  70.313 0.0000000000
123921  -10.690  -17.134  70.955 0.0000000000
123923  -10.689  -17.643  71.388 0.0000000000
123924  -10.330  -17.327  71.591 0.0000000000
123925  -9.992  -17.652  72.152 0.0000000000
123926  -9.568  -18.033  72.604 0.0000000000
123927  -9.183  -18.479  72.934 0.0000000000
124336  -6.268  0.258  61.081 0.0000000000
124337  -6.456  0.973  61.695 0.0000000000
124338  -6.691  1.038  61.230 0.0000000000
124339  -7.177  1.905  61.340 0.0000000000
124341  -7.786  1.912  60.272 0.0000000000
124367  -6.328  -4.775  53.561 0.0000000000
124368  -6.589  -3.999  53.527 0.0000000000
129468  -9.706  -9.726  64.974 0.0000000000
129469  -9.393  -10.335  64.773 0.0000000000
129470  -9.404  -10.248  65.232 0.0000000000
129471  -9.042  -10.799  65.506 0.0000000000
129472  -8.697  -11.293  65.781 0.0000000000
129473  -9.184  -10.612  66.440 0.0000000000
129474  -8.734  -11.197  66.246 0.0000000000
129475  -8.360  -11.752  66.133 0.0000000000
129476  -8.014  -12.248  66.457 0.0000000000
129477  -7.669  -12.782  66.860 0.0000000000
129478  -7.376  -13.255  67.238 0.0000000000
129479  -9.827  -10.524  68.205 0.0000000000
129480  -9.357  -11.036  68.036 0.0000000000
129481  -8.871  -11.564  67.908 0.0000000000
129482  -8.829  -12.068  68.667 0.0000000000
129483  -8.605  -12.056  68.260 0.0000000000
129484  -8.407  -12.076  67.830 0.0000000000
129485  -7.967  -12.611  67.778 0.0000000000
129486  -7.524  -13.149  67.692 0.0000000000
129487  -7.129  -13.702  67.695 0.0000000000
129488  -6.891  -14.189  68.124 0.0000000000
129489  -6.677  -14.665  68.496 0.0000000000
129490  -6.501  -15.186  68.871 0.0000000000
129491  -7.073  -14.501  69.449 0.0000000000
129492  -6.693  -15.085  69.341 0.0000000000
129493  -6.386  -15.655  69.258 0.0000000000
129494  -6.316  -16.158  69.590 0.0000000000
129495  -6.263  -16.701  69.905 0.0000000000
129496  -6.209  -17.285  70.120 0.0000000000
129613  -13.059  -2.674  67.450 0.0000000000
129615  -13.241  -3.322  67.426 0.0000000000
129616  -12.872  -3.218  67.097 0.0000000000
129617  -12.721  -3.740  66.773 0.0000000000
129618  -12.549  -4.366  66.431 0.0000000000
129619  -12.285  -4.946  66.206 0.0000000000
129620  -13.640  -5.957  68.608 0.0000000000
129621  -13.308  -5.834  68.329 0.0000000000
129622  -12.968  -5.767  67.975 0.0000000000
129623  -12.361  -6.844  68.049 0.0000000000
129624  -12.522  -6.271  67.794 0.0000000000
129625  -12.698  -5.695  67.504 0.0000000000
129626  -12.436  -5.639  66.984 0.0000000000
129627  -12.207  -5.584  66.468 0.0000000000
129628  -12.023  -5.520  65.995 0.0000000000
129629  -11.711  -6.101  65.844 0.0000000000
129630  -11.350  -6.696  65.655 0.0000000000
129631  -10.993  -7.262  65.554 0.0000000000
129632  -10.883  -7.801  66.392 0.0000000000
129633  -10.751  -7.835  65.923 0.0000000000
129634  -10.612  -7.844  65.440 0.0000000000
129635  -10.265  -8.457  65.313 0.0000000000
129636  -9.953  -9.103  65.120 0.0000000000
133430  -7.924  -19.911  61.834 0.0000000000
133431  -8.024  -19.993  61.237 0.0000000000
133432  -8.508  -20.409  61.500 0.0000000000
133433  -9.002  -20.956  61.199 0.0000000000
133434  -9.385  -21.634  60.770 0.0000000000
133435  -9.409  -22.137  61.606 0.0000000000
133436  -9.522  -22.278  60.907 0.0000000000
133437  -9.599  -22.424  60.211 0.0000000000
133438  -9.672  -23.213  59.618 0.0000000000
133439  -9.557  -24.046  58.950 0.0000000000
133440  -9.324  -24.868  58.263 0.0000000000
133856  -6.812  -0.932  64.448 0.0000000000
133857  -6.635  -0.222  64.763 0.0000000000
133858  -6.513  -0.928  64.130 0.0000000000
133859  -6.277  -0.891  63.753 0.0000000000
133860  -6.094  -0.885  63.310 0.0000000000
133861  -6.360  -2.270  62.494 0.0000000000
133862  -6.064  -1.619  62.628 0.0000000000
133863  -5.970  -0.880  62.818 0.0000000000
133864  -5.873  -0.828  62.339 0.0000000000
133865  -5.793  -0.802  61.890 0.0000000000
133866  -5.796  -0.708  61.434 0.0000000000
133867  -7.615  -4.585  60.160 0.0000000000
133868  -7.016  -4.061  60.347 0.0000000000
133869  -6.474  -3.572  60.502 0.0000000000
133870  -6.662  -4.002  59.512 0.0000000000
133871  -6.335  -3.512  60.052 0.0000000000
133872  -6.090  -2.936  60.604 0.0000000000
133873  -5.757  -2.208  60.670 0.0000000000
133874  -5.696  -1.401  60.825 0.0000000000
133875  -5.881  -0.587  60.948 0.0000000000
133876  -6.077  -0.417  60.500 0.0000000000
133877  -6.300  -0.339  59.998 0.0000000000
133878  -6.563  -0.275  59.477 0.0000000000
133879  -6.001  -1.692  58.852 0.0000000000
133880  -6.378  -0.930  58.896 0.0000000000
133881  -6.855  -0.198  58.971 0.0000000000
133882  -7.162  -0.177  58.452 0.0000000000
133883  -7.478  -0.154  57.900 0.0000000000
133884  -7.792  -0.131  57.326 0.0000000000
133885  -8.082  -0.096  56.715 0.0000000000
133886  -7.621  -0.780  56.859 0.0000000000
133887  -7.422  -1.337  56.455 0.0000000000
133888  -7.139  -1.945  56.081 0.0000000000
133889  -6.634  -2.681  56.607 0.0000000000
133890  -6.762  -2.595  56.133 0.0000000000
133891  -6.894  -2.532  55.664 0.0000000000
133892  -6.732  -3.131  55.273 0.0000000000
133893  -6.566  -3.715  54.839 0.0000000000
133894  -6.394  -4.313  54.390 0.0000000000
133895  -6.933  -5.548  56.439 0.0000000000
133896  -6.674  -5.475  56.085 0.0000000000
133897  -6.481  -5.437  55.673 0.0000000000
133898  -6.808  -6.795  55.110 0.0000000000
133899  -6.506  -6.059  55.174 0.0000000000
133900  -6.322  -5.349  55.264 0.0000000000
133901  -6.235  -5.237  54.841 0.0000000000
133902  -6.230  -5.109  54.391 0.0000000000
133903  -6.260  -4.960  53.965 0.0000000000
133904  -6.110  -5.580  53.554 0.0000000000
140161  -8.260  -14.200  58.933 0.0000000000
140162  -7.789  -14.716  59.233 0.0000000000
140163  -7.314  -15.190  59.509 0.0000000000
140164  -6.812  -15.636  59.768 0.0000000000
140168  -7.798  -13.964  61.483 0.0000000000
140169  -7.815  -14.085  61.090 0.0000000000
140170  -7.836  -14.281  60.639 0.0000000000
140171  -7.405  -14.940  60.477 0.0000000000
140172  -6.876  -15.500  60.263 0.0000000000
140173  -6.337  -16.046  60.018 0.0000000000
140174  -5.956  -16.479  60.272 0.0000000000
140175  -5.682  -16.959  60.550 0.0000000000
140176  -5.581  -17.518  60.796 0.0000000000
140177  -5.809  -16.687  61.551 0.0000000000
140178  -5.636  -17.375  61.328 0.0000000000
140179  -5.700  -18.031  61.025 0.0000000000
140180  -5.990  -18.455  61.288 0.0000000000
140181  -6.393  -18.814  61.598 0.0000000000
140182  -6.863  -19.123  61.887 0.0000000000
140183  -9.009  -11.008  64.611 0.0000000000
140184  -8.585  -11.615  64.435 0.0000000000
140185  -8.190  -12.239  64.289 0.0000000000
140186  -7.806  -12.607  65.056 0.0000000000
140187  -7.772  -12.772  64.575 0.0000000000
140188  -7.788  -12.900  64.148 0.0000000000
140189  -7.356  -13.493  64.034 0.0000000000
140190  -6.981  -14.077  63.924 0.0000000000
140191  -6.627  -14.720  63.853 0.0000000000
140192  -6.546  -14.512  66.603 0.0000000000
140193  -6.471  -14.632  66.111 0.0000000000
140194  -6.423  -14.755  65.610 0.0000000000
140195  -6.097  -15.899  65.869 0.0000000000
140196  -6.200  -15.400  65.520 0.0000000000
140197  -6.419  -14.895  65.172 0.0000000000
140198  -6.389  -15.041  64.706 0.0000000000
140199  -6.326  -15.193  64.216 0.0000000000
140200  -6.295  -15.371  63.697 0.0000000000
140201  -6.024  -16.028  63.554 0.0000000000
140202  -5.867  -16.706  63.314 0.0000000000
140203  -5.853  -17.388  63.122 0.0000000000
140204  -6.050  -17.659  63.981 0.0000000000
140205  -6.061  -17.816  63.438 0.0000000000
140206  -6.013  -18.013  62.901 0.0000000000
140207  -6.368  -18.546  62.668 0.0000000000
140208  -6.818  -18.998  62.459 0.0000000000
140209  -7.356  -19.433  62.168 0.0000000000
140210  -7.845  -19.809  62.442 0.0000000000
140211  -8.258  -20.240  62.743 0.0000000000
140212  -8.577  -20.719  63.050 0.0000000000
140213  -7.992  -20.028  63.918 0.0000000000
140214  -8.391  -20.610  63.636 0.0000000000
140215  -8.795  -21.266  63.282 0.0000000000
140216  -8.871  -21.884  63.466 0.0000000000
140217  -8.786  -22.581  63.542 0.0000000000
140218  -8.585  -23.272  63.479 0.0000000000
140219  -7.250  -19.750  66.019 0.0000000000
140220  -7.602  -20.381  65.788 0.0000000000
140221  -7.918  -21.007  65.531 0.0000000000
140222  -7.675  -21.644  66.092 0.0000000000
140223  -7.918  -21.670  65.644 0.0000000000
140224  -8.177  -21.728  65.133 0.0000000000
140225  -8.329  -22.500  64.625 0.0000000000
140226  -8.366  -23.223  63.992 0.0000000000
140586  -8.630  3.814  67.005 0.0000000000
140587  -8.383  2.983  66.972 0.0000000000
140588  -8.919  2.097  67.144 0.0000000000
140589  -8.518  2.129  66.957 0.0000000000
140590  -8.128  2.115  66.745 0.0000000000
140591  -7.819  1.300  66.366 0.0000000000
140592  -7.498  0.581  65.941 0.0000000000
140593  -7.246  -0.161  65.421 0.0000000000
140595  -12.309  -0.750  68.106 0.0000000000
140596  -11.849  -0.704  67.914 0.0000000000
140597  -11.991  -1.797  67.036 0.0000000000
140598  -11.681  -1.186  67.362 0.0000000000
140599  -11.424  -0.634  67.721 0.0000000000
140600  -11.013  -0.587  67.505 0.0000000000
140601  -10.623  -0.549  67.243 0.0000000000
140602  -10.216  -0.503  66.960 0.0000000000
140603  -11.739  -4.137  65.160 0.0000000000
140604  -11.583  -3.435  65.090 0.0000000000
140605  -11.339  -2.801  65.193 0.0000000000
140606  -11.091  -3.372  64.310 0.0000000000
140607  -11.047  -2.746  64.818 0.0000000000
140608  -10.979  -2.170  65.415 0.0000000000
140609  -10.580  -1.584  65.728 0.0000000000
140610  -10.172  -1.015  66.173 0.0000000000
140611  -9.859  -0.480  66.664 0.0000000000
140612  -9.480  -0.486  66.365 0.0000000000
140613  -9.090  -0.502  66.101 0.0000000000
140614  -8.642  -0.588  65.846 0.0000000000
140615  -9.166  -1.647  64.638 0.0000000000
140616  -8.709  -1.136  65.172 0.0000000000
140617  -8.227  -0.656  65.627 0.0000000000
140618  -7.843  -0.731  65.389 0.0000000000
140619  -7.465  -0.813  65.132 0.0000000000
140620  -7.132  -0.880  64.791 0.0000000000
140621  -7.125  -1.550  64.149 0.0000000000
140622  -7.192  -2.163  63.568 0.0000000000
140623  -7.371  -2.736  62.974 0.0000000000
140624  -8.307  -3.053  62.856 0.0000000000
140625  -7.952  -3.168  62.620 0.0000000000
140626  -7.631  -3.274  62.351 0.0000000000
140627  -7.941  -3.802  61.759 0.0000000000
140628  -8.260  -4.410  61.212 0.0000000000
140629  -8.587  -5.064  60.703 0.0000000000
140630  -10.031  -5.439  62.042 0.0000000000
140631  -9.821  -5.502  61.764 0.0000000000
140632  -9.617  -5.560  61.495 0.0000000000
145095  -12.943  -11.275  67.263 0.0000000000
145096  -12.596  -11.780  67.502 0.0000000000
145097  -12.751  -11.988  67.200 0.0000000000
145098  -12.601  -12.653  67.238 0.0000000000
145099  -12.506  -13.289  67.382 0.0000000000
145100  -12.957  -13.185  66.612 0.0000000000
145101  -12.674  -13.519  67.096 0.0000000000
145102  -12.427  -13.847  67.588 0.0000000000
145103  -12.317  -14.385  67.772 0.0000000000
145104  -12.206  -14.986  67.960 0.0000000000
145105  -12.086  -15.577  68.163 0.0000000000
145108  -13.133  -14.975  66.312 0.0000000000
145111  -12.827  -15.299  66.829 0.0000000000
145112  -12.553  -15.616  67.312 0.0000000000
145113  -12.255  -15.912  67.846 0.0000000000
145114  -11.978  -16.153  68.482 0.0000000000
145115  -11.916  -16.732  68.758 0.0000000000
145116  -11.902  -17.360  69.082 0.0000000000
145580  -13.838  -10.398  66.769 0.0000000000
145581  -13.398  -10.819  67.044 0.0000000000
151526  -8.834  -12.858  57.257 0.0000000000
151527  -8.502  -13.629  57.014 0.0000000000
151528  -8.011  -14.287  56.738 0.0000000000
151529  -7.612  -14.911  57.604 0.0000000000
151530  -7.528  -14.900  57.017 0.0000000000
151531  -7.377  -14.871  56.468 0.0000000000
151532  -6.748  -15.412  56.223 0.0000000000
151533  -6.150  -15.899  55.927 0.0000000000
151534  -5.651  -16.391  55.622 0.0000000000
151535  -5.795  -16.773  58.645 0.0000000000
151536  -5.738  -16.854  58.087 0.0000000000
151537  -5.666  -16.910  57.523 0.0000000000
151538  -5.346  -18.125  57.444 0.0000000000
151539  -5.358  -17.530  57.246 0.0000000000
151540  -5.585  -16.941  56.967 0.0000000000
151541  -5.482  -17.013  56.445 0.0000000000
151542  -5.385  -17.021  55.874 0.0000000000
151543  -5.279  -16.987  55.285 0.0000000000
151544  -5.111  -17.677  54.974 0.0000000000
151545  -5.147  -18.352  54.650 0.0000000000
151546  -5.333  -19.022  54.230 0.0000000000
151547  -5.754  -19.488  55.040 0.0000000000
151548  -5.716  -19.559  54.463 0.0000000000
151549  -5.696  -19.594  53.856 0.0000000000
151553  -8.096  -20.084  60.630 0.0000000000
151554  -8.126  -20.177  60.018 0.0000000000
151555  -8.073  -20.232  59.415 0.0000000000
151556  -9.125  -21.291  59.225 0.0000000000
151557  -8.651  -20.786  58.992 0.0000000000
151558  -8.087  -20.374  58.784 0.0000000000
151559  -8.066  -20.493  58.181 0.0000000000
151560  -7.994  -20.582  57.582 0.0000000000
151561  -7.962  -20.732  57.038 0.0000000000
151562  -9.499  -24.504  57.004 0.0000000000
151563  -9.610  -23.812  57.032 0.0000000000
151564  -9.560  -23.121  56.988 0.0000000000
151565  -9.385  -24.024  55.844 0.0000000000
151566  -9.459  -23.229  56.399 0.0000000000
151567  -9.429  -22.434  56.947 0.0000000000
151568  -9.034  -21.802  56.790 0.0000000000
151569  -8.468  -21.304  56.619 0.0000000000
151570  -7.883  -20.880  56.484 0.0000000000
151571  -7.778  -20.999  55.937 0.0000000000
151572  -7.711  -21.065  55.425 0.0000000000
151573  -7.643  -21.152  54.835 0.0000000000
151688  -12.243  -12.166  67.898 0.0000000000
151689  -11.869  -12.556  68.380 0.0000000000
151690  -11.484  -12.853  68.900 0.0000000000
151691  -11.651  -13.612  68.804 0.0000000000
151692  -11.351  -13.347  69.136 0.0000000000
151693  -11.008  -13.074  69.392 0.0000000000
151694  -10.546  -13.322  69.793 0.0000000000
151695  -9.984  -13.555  70.133 0.0000000000
151696  -9.398  -13.831  70.475 0.0000000000
151697  -11.167  -15.711  69.762 0.0000000000
151698  -10.869  -15.400  70.077 0.0000000000
151699  -10.537  -15.106  70.336 0.0000000000
151700  -10.004  -15.899  71.104 0.0000000000
151701  -10.086  -15.350  70.814 0.0000000000
151702  -10.146  -14.811  70.543 0.0000000000
151703  -9.744  -14.568  70.685 0.0000000000
151704  -9.313  -14.323  70.722 0.0000000000
151705  -8.838  -14.122  70.641 0.0000000000
151706  -8.323  -14.514  70.911 0.0000000000
151707  -7.851  -14.955  71.008 0.0000000000
151708  -7.329  -15.470  71.058 0.0000000000
151709  -7.679  -16.081  71.692 0.0000000000
151710  -7.261  -16.019  71.400 0.0000000000
151711  -6.917  -15.990  71.001 0.0000000000
151712  -6.581  -16.543  70.889 0.0000000000
151713  -6.361  -17.220  70.688 0.0000000000
151714  -6.235  -17.836  70.421 0.0000000000
151732  -8.226  -18.826  73.026 0.0000000000
151733  -7.775  -18.681  72.826 0.0000000000
151734  -7.365  -18.616  72.547 0.0000000000
151735  -6.980  -18.569  72.160 0.0000000000
151737  -6.753  -19.187  71.948 0.0000000000
151738  -6.667  -18.500  71.742 0.0000000000
151739  -6.450  -18.449  71.231 0.0000000000
151740  -6.279  -18.469  70.667 0.0000000000
151741  -6.165  -18.488  70.128 0.0000000000
151742  -6.133  -19.147  69.850 0.0000000000
151743  -6.214  -19.830  69.511 0.0000000000
151744  -6.334  -20.532  69.122 0.0000000000
152767  -6.656  0.498  64.923 0.0000000000
152768  -6.661  1.402  65.056 0.0000000000
152770  -6.391  1.470  64.167 0.0000000000
152848  -8.301  -0.020  56.140 0.0000000000
152849  -8.477  0.072  55.567 0.0000000000
152850  -8.603  0.165  55.004 0.0000000000
152851  -7.864  -1.050  54.851 0.0000000000
152852  -8.268  -0.372  54.667 0.0000000000
152853  -8.651  0.351  54.468 0.0000000000
152854  -8.673  0.525  53.966 0.0000000000
152857  -6.876  -3.248  53.475 0.0000000000
152858  -7.221  -2.437  53.404 0.0000000000
