#!ascii label  , from subject fsaverage vox2ras=TkReg
264
87  -19.867  -88.014  -7.449 0.0000000000
1404  -13.097  -92.364  -8.817 0.0000000000
1406  -15.317  -87.374  -9.598 0.0000000000
1779  -23.754  -83.335  -11.750 0.0000000000
1780  -20.119  -83.705  -8.329 0.0000000000
3324  -16.029  -90.684  -7.396 0.0000000000
3325  -13.683  -89.808  -7.720 0.0000000000
3326  -17.214  -87.668  -7.928 0.0000000000
7989  -22.535  -85.661  -9.862 0.0000000000
7990  -20.149  -85.892  -8.668 0.0000000000
7991  -22.345  -83.605  -9.832 0.0000000000
8564  -18.741  -90.728  -8.267 0.0000000000
8573  -22.264  -87.602  -10.008 0.0000000000
8574  -23.341  -84.907  -12.614 0.0000000000
10117  -18.031  -85.521  -9.792 0.0000000000
10118  -16.303  -85.121  -10.828 0.0000000000
11004  -17.950  -89.357  -7.016 0.0000000000
11005  -16.612  -88.874  -7.065 0.0000000000
11006  -18.343  -87.711  -7.364 0.0000000000
15731  -11.755  -92.156  -8.877 0.0000000000
15732  -14.477  -88.300  -8.449 0.0000000000
15733  -12.806  -89.270  -8.543 0.0000000000
15734  -13.701  -88.049  -9.427 0.0000000000
15736  -14.620  -87.295  -10.656 0.0000000000
17529  -23.016  -84.506  -11.155 0.0000000000
17530  -22.322  -84.714  -10.069 0.0000000000
17531  -23.016  -83.484  -10.883 0.0000000000
18877  -16.660  -91.972  -8.412 0.0000000000
18900  -21.846  -88.589  -10.460 0.0000000000
18901  -22.817  -87.186  -11.727 0.0000000000
18902  -23.039  -86.126  -11.298 0.0000000000
18903  -23.294  -85.801  -12.773 0.0000000000
22727  -20.258  -84.910  -9.061 0.0000000000
22728  -19.110  -85.871  -9.133 0.0000000000
22729  -19.102  -84.567  -9.110 0.0000000000
22731  -17.113  -83.778  -9.763 0.0000000000
24414  -14.461  -91.648  -7.990 0.0000000000
24415  -13.240  -91.364  -8.006 0.0000000000
24416  -14.902  -90.317  -7.386 0.0000000000
24417  -15.525  -88.537  -7.541 0.0000000000
24418  -16.121  -87.520  -8.717 0.0000000000
32009  -12.061  -90.923  -8.378 0.0000000000
34299  -21.476  -86.902  -8.528 0.0000000000
34300  -20.015  -86.797  -7.862 0.0000000000
34301  -21.432  -85.808  -8.901 0.0000000000
34302  -21.362  -84.818  -9.341 0.0000000000
34303  -21.376  -83.734  -8.907 0.0000000000
35951  -14.137  -92.508  -9.038 0.0000000000
35952  -15.465  -91.867  -8.069 0.0000000000
35953  -17.226  -90.863  -7.542 0.0000000000
35954  -19.400  -89.374  -7.668 0.0000000000
35980  -20.813  -88.949  -8.990 0.0000000000
35981  -21.265  -87.912  -8.553 0.0000000000
35982  -22.470  -86.641  -9.763 0.0000000000
35983  -23.051  -85.315  -11.173 0.0000000000
35984  -23.495  -84.175  -12.297 0.0000000000
35986  -24.353  -83.732  -13.396 0.0000000000
35987  -24.838  -83.134  -12.530 0.0000000000
40585  -18.803  -86.743  -8.280 0.0000000000
40586  -17.705  -86.716  -9.131 0.0000000000
40587  -16.753  -86.478  -9.892 0.0000000000
40588  -18.074  -84.130  -9.429 0.0000000000
40589  -17.128  -85.271  -10.338 0.0000000000
40590  -16.041  -86.398  -10.702 0.0000000000
40591  -15.329  -86.213  -11.540 0.0000000000
41724  -18.907  -88.615  -7.120 0.0000000000
41725  -18.142  -88.509  -7.071 0.0000000000
41726  -19.073  -87.846  -7.259 0.0000000000
46451  -12.507  -92.297  -8.748 0.0000000000
46452  -14.891  -87.790  -9.013 0.0000000000
46453  -14.119  -88.186  -8.906 0.0000000000
46454  -14.539  -87.730  -9.489 0.0000000000
46455  -14.143  -87.631  -10.045 0.0000000000
46456  -15.027  -87.318  -10.163 0.0000000000
48249  -23.294  -83.925  -11.628 0.0000000000
48250  -23.010  -84.016  -11.072 0.0000000000
48251  -23.348  -83.313  -11.330 0.0000000000
49622  -23.106  -86.429  -12.241 0.0000000000
53447  -20.205  -84.299  -8.765 0.0000000000
53448  -19.695  -84.801  -8.951 0.0000000000
53449  -19.575  -84.155  -8.683 0.0000000000
56049  -15.186  -91.217  -7.707 0.0000000000
56050  -14.670  -91.068  -7.681 0.0000000000
56051  -15.476  -90.504  -7.379 0.0000000000
56052  -16.881  -88.231  -7.383 0.0000000000
56053  -16.002  -88.834  -7.183 0.0000000000
56054  -16.370  -88.054  -7.708 0.0000000000
56055  -15.796  -87.970  -8.059 0.0000000000
56056  -16.651  -87.555  -8.304 0.0000000000
70232  -13.409  -90.663  -7.824 0.0000000000
70233  -12.531  -91.150  -8.148 0.0000000000
70234  -12.843  -90.410  -8.026 0.0000000000
70235  -12.335  -89.058  -8.994 0.0000000000
70236  -11.902  -89.843  -8.739 0.0000000000
75624  -22.106  -86.297  -9.120 0.0000000000
75625  -21.461  -86.333  -8.612 0.0000000000
75626  -22.033  -85.735  -9.288 0.0000000000
75627  -22.275  -84.159  -10.124 0.0000000000
75628  -21.877  -84.740  -9.706 0.0000000000
75629  -21.881  -84.237  -9.670 0.0000000000
75630  -21.404  -84.323  -9.221 0.0000000000
75631  -21.938  -83.557  -9.274 0.0000000000
79666  -14.617  -92.570  -9.117 0.0000000000
79667  -14.782  -92.201  -8.516 0.0000000000
79668  -15.278  -92.261  -8.612 0.0000000000
79669  -17.607  -91.464  -8.228 0.0000000000
79670  -16.908  -91.452  -7.938 0.0000000000
79671  -17.931  -90.852  -7.825 0.0000000000
79672  -18.343  -90.144  -7.478 0.0000000000
79673  -19.091  -90.075  -7.939 0.0000000000
79737  -22.072  -88.110  -10.209 0.0000000000
79738  -21.378  -88.775  -9.716 0.0000000000
79739  -21.640  -88.290  -9.448 0.0000000000
79740  -21.095  -88.421  -8.674 0.0000000000
79741  -21.809  -87.790  -9.284 0.0000000000
79742  -21.924  -87.314  -9.135 0.0000000000
79743  -22.381  -87.117  -9.875 0.0000000000
79744  -23.230  -85.487  -11.966 0.0000000000
79745  -23.056  -85.706  -11.197 0.0000000000
79746  -23.234  -85.083  -11.915 0.0000000000
79747  -23.238  -84.701  -11.819 0.0000000000
79748  -23.413  -84.572  -12.460 0.0000000000
79754  -25.292  -83.271  -13.226 0.0000000000
79755  -24.559  -83.455  -13.008 0.0000000000
79756  -25.499  -83.017  -12.812 0.0000000000
91217  -20.073  -86.313  -8.277 0.0000000000
91218  -19.344  -86.758  -8.011 0.0000000000
91219  -19.474  -86.313  -8.451 0.0000000000
91220  -18.579  -85.711  -9.442 0.0000000000
91221  -18.459  -86.280  -9.170 0.0000000000
91222  -17.882  -86.110  -9.530 0.0000000000
91223  -17.196  -86.461  -9.475 0.0000000000
91224  -17.384  -86.001  -9.930 0.0000000000
91226  -18.436  -83.762  -8.915 0.0000000000
91227  -17.963  -83.437  -8.999 0.0000000000
91228  -16.701  -84.408  -10.293 0.0000000000
91229  -17.153  -84.542  -10.136 0.0000000000
91230  -16.703  -85.187  -10.570 0.0000000000
91231  -16.667  -85.918  -10.639 0.0000000000
91232  -16.255  -85.843  -10.934 0.0000000000
91233  -15.687  -86.347  -11.122 0.0000000000
91234  -15.840  -85.656  -11.233 0.0000000000
93534  -17.006  -90.056  -7.067 0.0000000000
93535  -16.345  -89.852  -7.121 0.0000000000
93536  -17.191  -89.177  -6.979 0.0000000000
93537  -17.453  -88.306  -7.195 0.0000000000
93538  -17.707  -87.672  -7.572 0.0000000000
102044  -14.082  -88.953  -7.992 0.0000000000
102045  -13.187  -89.507  -8.084 0.0000000000
102046  -13.660  -88.766  -8.442 0.0000000000
102047  -13.265  -88.567  -8.895 0.0000000000
102048  -12.774  -88.440  -9.472 0.0000000000
102050  -13.287  -87.961  -10.028 0.0000000000
102051  -13.811  -87.585  -10.602 0.0000000000
105279  -22.787  -85.036  -10.570 0.0000000000
105280  -22.435  -85.120  -9.988 0.0000000000
105281  -22.753  -84.586  -10.587 0.0000000000
105282  -22.662  -84.127  -10.558 0.0000000000
105283  -22.671  -83.553  -10.367 0.0000000000
107705  -15.812  -92.311  -8.783 0.0000000000
107707  -17.328  -92.061  -8.686 0.0000000000
107708  -18.374  -91.420  -8.621 0.0000000000
107748  -22.434  -87.932  -11.060 0.0000000000
107749  -22.608  -87.379  -10.878 0.0000000000
107750  -22.708  -86.859  -10.656 0.0000000000
107751  -22.974  -86.617  -11.515 0.0000000000
107752  -23.181  -85.937  -12.087 0.0000000000
107753  -23.320  -85.331  -12.668 0.0000000000
114635  -20.205  -85.444  -9.019 0.0000000000
114636  -19.602  -85.910  -8.875 0.0000000000
114637  -19.711  -85.449  -9.167 0.0000000000
114638  -19.166  -85.350  -9.325 0.0000000000
114639  -18.676  -85.035  -9.485 0.0000000000
114641  -17.436  -83.235  -9.217 0.0000000000
114643  -16.704  -83.607  -10.039 0.0000000000
114644  -16.222  -84.226  -10.591 0.0000000000
114645  -15.773  -84.823  -11.093 0.0000000000
118404  -13.793  -92.021  -8.377 0.0000000000
118405  -13.146  -91.896  -8.332 0.0000000000
118406  -13.906  -91.509  -7.957 0.0000000000
118407  -14.097  -90.966  -7.665 0.0000000000
118408  -14.261  -90.050  -7.505 0.0000000000
118409  -15.746  -89.698  -7.171 0.0000000000
118410  -15.186  -89.418  -7.307 0.0000000000
118411  -14.585  -89.140  -7.604 0.0000000000
118412  -14.951  -88.385  -7.977 0.0000000000
118413  -15.260  -87.869  -8.557 0.0000000000
118414  -15.697  -87.412  -9.142 0.0000000000
120924  -24.578  -82.854  -11.649 0.0000000000
120925  -24.019  -82.849  -11.216 0.0000000000
128202  -19.517  -83.561  -8.278 0.0000000000
137345  -12.437  -91.782  -8.399 0.0000000000
137346  -11.791  -91.594  -8.552 0.0000000000
137347  -11.238  -91.431  -8.755 0.0000000000
137348  -12.368  -90.144  -8.369 0.0000000000
137349  -11.518  -90.685  -8.670 0.0000000000
143949  -20.720  -87.478  -7.971 0.0000000000
143950  -19.975  -87.391  -7.616 0.0000000000
143951  -20.776  -86.889  -8.065 0.0000000000
143952  -20.771  -86.304  -8.309 0.0000000000
143953  -20.802  -85.870  -8.710 0.0000000000
143954  -21.948  -85.230  -9.504 0.0000000000
143955  -21.401  -85.324  -9.200 0.0000000000
143956  -20.759  -85.398  -8.978 0.0000000000
143957  -20.789  -84.924  -9.097 0.0000000000
143958  -20.819  -84.380  -8.975 0.0000000000
143959  -20.724  -83.720  -8.546 0.0000000000
143960  -23.643  -82.809  -10.763 0.0000000000
143961  -23.243  -82.881  -10.353 0.0000000000
148835  -13.658  -92.412  -8.871 0.0000000000
148836  -14.289  -92.095  -8.449 0.0000000000
148837  -14.944  -91.749  -8.021 0.0000000000
148838  -15.712  -91.353  -7.732 0.0000000000
148839  -16.037  -91.912  -8.172 0.0000000000
148840  -16.308  -91.419  -7.764 0.0000000000
148841  -16.651  -90.796  -7.389 0.0000000000
148842  -17.648  -90.126  -7.164 0.0000000000
148843  -18.637  -89.379  -7.239 0.0000000000
148844  -19.636  -88.717  -7.481 0.0000000000
148919  -19.471  -90.522  -8.833 0.0000000000
148920  -21.094  -89.415  -9.925 0.0000000000
148921  -20.500  -89.584  -9.218 0.0000000000
148922  -19.833  -89.811  -8.579 0.0000000000
148923  -20.152  -89.172  -8.261 0.0000000000
148924  -20.421  -88.534  -8.003 0.0000000000
148925  -20.605  -88.002  -7.948 0.0000000000
148926  -21.379  -87.423  -8.502 0.0000000000
148927  -22.046  -86.826  -9.061 0.0000000000
148928  -22.532  -86.172  -9.762 0.0000000000
148929  -22.797  -86.363  -10.538 0.0000000000
148930  -22.851  -85.927  -10.488 0.0000000000
148931  -22.871  -85.485  -10.473 0.0000000000
148932  -23.012  -84.910  -11.146 0.0000000000
148933  -23.250  -84.321  -11.721 0.0000000000
148934  -23.569  -83.736  -12.129 0.0000000000
148936  -23.474  -85.169  -13.332 0.0000000000
148937  -23.515  -84.705  -13.252 0.0000000000
148939  -24.106  -84.063  -13.650 0.0000000000
148940  -23.661  -84.301  -13.129 0.0000000000
148941  -23.859  -83.963  -12.908 0.0000000000
148942  -24.017  -83.612  -12.574 0.0000000000
148943  -24.268  -83.229  -12.164 0.0000000000
148944  -25.173  -82.791  -12.035 0.0000000000
162709  -19.231  -87.251  -7.575 0.0000000000
162710  -18.577  -87.125  -7.794 0.0000000000
162711  -18.036  -87.192  -8.133 0.0000000000
162712  -18.995  -86.340  -8.748 0.0000000000
162713  -18.285  -86.725  -8.715 0.0000000000
162714  -17.495  -87.157  -8.550 0.0000000000
162715  -16.957  -87.074  -8.935 0.0000000000
162716  -16.465  -87.020  -9.335 0.0000000000
162717  -16.068  -86.902  -9.718 0.0000000000
162718  -19.013  -83.913  -8.736 0.0000000000
162719  -18.585  -84.363  -9.292 0.0000000000
162720  -18.119  -84.898  -9.796 0.0000000000
162721  -17.542  -84.010  -9.549 0.0000000000
162722  -17.621  -84.723  -9.932 0.0000000000
162723  -17.580  -85.408  -10.110 0.0000000000
162724  -16.969  -85.947  -10.322 0.0000000000
162725  -16.386  -86.414  -10.270 0.0000000000
162726  -15.715  -86.898  -10.219 0.0000000000
162727  -15.388  -86.866  -10.733 0.0000000000
162728  -15.072  -86.836  -11.216 0.0000000000
162730  -15.389  -85.460  -11.625 0.0000000000
