#!ascii label  , from subject fsaverage vox2ras=TkReg
745
18  -27.277  -50.706  39.815 0.0000000000
292  -26.919  -54.258  48.135 0.0000000000
409  -32.493  -49.997  33.116 0.0000000000
772  -26.861  -52.075  44.438 0.0000000000
773  -26.068  -56.035  43.038 0.0000000000
774  -27.041  -54.652  39.423 0.0000000000
1678  -26.394  -56.257  50.822 0.0000000000
1915  -29.081  -50.264  35.578 0.0000000000
1916  -29.796  -54.306  35.918 0.0000000000
2089  -30.386  -46.794  37.057 0.0000000000
2090  -33.306  -46.005  34.550 0.0000000000
2692  -26.878  -51.255  42.173 0.0000000000
2693  -26.571  -53.280  41.729 0.0000000000
2694  -26.947  -52.660  39.658 0.0000000000
3757  -26.716  -55.253  49.720 0.0000000000
3758  -25.387  -56.977  48.271 0.0000000000
3759  -25.756  -55.995  47.073 0.0000000000
3760  -26.866  -57.354  41.203 0.0000000000
3761  -26.660  -58.121  42.794 0.0000000000
4207  -30.646  -50.116  34.076 0.0000000000
4593  -29.601  -47.496  38.793 0.0000000000
4596  -32.600  -44.986  37.260 0.0000000000
4597  -33.876  -44.595  36.184 0.0000000000
4598  -35.130  -45.781  34.220 0.0000000000
5176  -30.287  -56.289  36.804 0.0000000000
5998  -26.909  -53.131  46.377 0.0000000000
5999  -26.219  -55.085  45.431 0.0000000000
6000  -26.467  -54.068  43.693 0.0000000000
6001  -26.398  -55.258  41.230 0.0000000000
6002  -27.401  -56.708  39.569 0.0000000000
6268  -34.616  -49.891  32.794 0.0000000000
7761  -25.809  -56.884  44.592 0.0000000000
8354  -28.003  -52.384  37.230 0.0000000000
8355  -29.314  -52.334  35.499 0.0000000000
8798  -28.029  -54.973  52.560 0.0000000000
8799  -28.460  -54.045  51.098 0.0000000000
8802  -28.342  -52.783  49.525 0.0000000000
8803  -28.023  -51.514  47.689 0.0000000000
8804  -27.823  -50.551  45.473 0.0000000000
8834  -29.673  -48.455  36.012 0.0000000000
8835  -31.029  -48.071  34.507 0.0000000000
8836  -31.659  -45.542  38.650 0.0000000000
8837  -31.688  -46.265  35.502 0.0000000000
8838  -32.812  -47.871  33.494 0.0000000000
8839  -34.828  -47.688  33.176 0.0000000000
9539  -28.242  -54.334  37.535 0.0000000000
9540  -28.653  -56.331  37.986 0.0000000000
10372  -27.010  -50.955  41.004 0.0000000000
10373  -26.767  -51.936  40.814 0.0000000000
10374  -27.032  -51.657  39.710 0.0000000000
11437  -26.879  -54.772  48.946 0.0000000000
11438  -26.082  -55.620  48.433 0.0000000000
11439  -26.289  -55.158  47.581 0.0000000000
11440  -27.620  -58.010  40.584 0.0000000000
11441  -27.401  -58.365  41.391 0.0000000000
11887  -31.555  -50.075  33.518 0.0000000000
11888  -31.687  -51.168  33.537 0.0000000000
11889  -32.713  -51.154  33.168 0.0000000000
12276  -33.689  -44.304  37.530 0.0000000000
12277  -34.237  -44.104  37.061 0.0000000000
12278  -34.631  -44.428  35.823 0.0000000000
13837  -26.882  -52.558  45.455 0.0000000000
13838  -26.618  -53.554  45.041 0.0000000000
13839  -26.640  -53.075  44.076 0.0000000000
13840  -26.682  -53.898  40.459 0.0000000000
13841  -26.487  -54.251  41.431 0.0000000000
13842  -26.648  -54.935  40.289 0.0000000000
13843  -26.726  -55.957  40.222 0.0000000000
13844  -27.097  -55.651  39.402 0.0000000000
17035  -25.408  -57.328  47.039 0.0000000000
17040  -26.052  -55.504  44.159 0.0000000000
17041  -25.917  -55.905  45.049 0.0000000000
17042  -25.916  -56.473  43.842 0.0000000000
18382  -28.525  -50.350  36.509 0.0000000000
18383  -28.478  -51.316  36.384 0.0000000000
18384  -29.160  -51.250  35.473 0.0000000000
19448  -28.285  -54.594  51.795 0.0000000000
19449  -29.342  -53.920  52.480 0.0000000000
19456  -29.251  -52.653  51.023 0.0000000000
19457  -29.101  -52.127  50.149 0.0000000000
19458  -28.135  -52.152  48.641 0.0000000000
19459  -28.998  -51.514  49.174 0.0000000000
19535  -29.957  -47.154  37.852 0.0000000000
19536  -29.503  -47.849  37.301 0.0000000000
19537  -29.976  -47.585  36.436 0.0000000000
19538  -30.306  -48.255  35.165 0.0000000000
19539  -30.605  -47.347  35.568 0.0000000000
19543  -32.811  -45.355  35.790 0.0000000000
19544  -32.153  -45.543  36.369 0.0000000000
19545  -32.434  -46.124  34.964 0.0000000000
19546  -32.139  -46.979  34.377 0.0000000000
19547  -33.041  -46.858  33.983 0.0000000000
19548  -33.843  -47.751  33.249 0.0000000000
19549  -33.989  -46.766  33.715 0.0000000000
21285  -28.810  -53.345  36.377 0.0000000000
21286  -28.068  -53.419  37.347 0.0000000000
21287  -28.986  -54.300  36.653 0.0000000000
21288  -30.472  -57.352  37.080 0.0000000000
21289  -29.446  -56.304  37.302 0.0000000000
21290  -29.708  -57.306  37.551 0.0000000000
21291  -29.005  -57.370  38.126 0.0000000000
23278  -26.854  -51.611  43.348 0.0000000000
23279  -26.594  -52.620  43.043 0.0000000000
23280  -26.678  -52.269  41.933 0.0000000000
23281  -26.665  -52.906  40.702 0.0000000000
23282  -26.984  -53.653  39.516 0.0000000000
25195  -26.541  -55.741  50.264 0.0000000000
25196  -25.786  -56.594  49.574 0.0000000000
25197  -25.933  -56.069  49.024 0.0000000000
25198  -25.585  -56.493  47.735 0.0000000000
25199  -25.550  -56.842  46.485 0.0000000000
25200  -26.341  -56.628  41.959 0.0000000000
25201  -26.212  -57.072  42.834 0.0000000000
25202  -26.747  -57.745  42.017 0.0000000000
26005  -29.814  -50.187  34.746 0.0000000000
26006  -29.897  -51.202  34.706 0.0000000000
26007  -30.751  -51.199  34.032 0.0000000000
26699  -30.264  -46.889  39.433 0.0000000000
26700  -30.589  -46.477  38.661 0.0000000000
26703  -33.280  -44.568  38.127 0.0000000000
26704  -33.198  -44.756  36.637 0.0000000000
26705  -33.605  -45.228  35.319 0.0000000000
26706  -34.232  -45.910  34.279 0.0000000000
26707  -34.446  -45.059  35.048 0.0000000000
27748  -30.043  -55.227  36.340 0.0000000000
29356  -26.977  -53.631  47.294 0.0000000000
29357  -26.498  -54.547  46.724 0.0000000000
29358  -26.593  -54.036  45.939 0.0000000000
29359  -26.385  -54.554  44.566 0.0000000000
29360  -26.234  -55.096  43.271 0.0000000000
29361  -26.525  -53.635  42.739 0.0000000000
29362  -26.357  -54.657  42.375 0.0000000000
29363  -26.212  -55.629  42.092 0.0000000000
29364  -26.487  -56.274  41.053 0.0000000000
29365  -27.086  -57.025  40.370 0.0000000000
29366  -27.885  -57.777  39.765 0.0000000000
29986  -33.526  -49.920  32.873 0.0000000000
29987  -33.770  -51.068  32.982 0.0000000000
33681  -25.991  -55.524  46.239 0.0000000000
33682  -25.714  -56.368  45.821 0.0000000000
33683  -25.750  -57.349  45.347 0.0000000000
33684  -26.125  -57.477  43.591 0.0000000000
33685  -26.112  -57.924  44.282 0.0000000000
35348  -27.478  -51.480  38.377 0.0000000000
35349  -27.938  -51.355  37.355 0.0000000000
35350  -28.611  -52.350  36.303 0.0000000000
35351  -29.545  -53.364  35.647 0.0000000000
36642  -27.080  -55.585  51.800 0.0000000000
36643  -27.274  -55.161  51.116 0.0000000000
36644  -27.520  -54.661  50.429 0.0000000000
36645  -27.614  -54.125  49.655 0.0000000000
36652  -29.330  -53.329  51.818 0.0000000000
36653  -28.461  -53.446  50.307 0.0000000000
36654  -27.555  -53.524  48.792 0.0000000000
36655  -27.514  -52.855  47.989 0.0000000000
36656  -27.349  -52.252  47.063 0.0000000000
36657  -27.286  -51.716  46.108 0.0000000000
36658  -28.824  -50.977  48.042 0.0000000000
36659  -27.856  -51.005  46.593 0.0000000000
36660  -27.248  -51.218  45.017 0.0000000000
36661  -27.209  -50.786  43.884 0.0000000000
36662  -27.240  -50.442  42.716 0.0000000000
36747  -28.810  -49.481  36.589 0.0000000000
36748  -29.086  -48.148  38.279 0.0000000000
36749  -29.142  -48.655  36.892 0.0000000000
36750  -29.346  -49.340  35.674 0.0000000000
36751  -30.061  -49.190  34.831 0.0000000000
36752  -30.803  -49.053  34.149 0.0000000000
36753  -31.674  -48.962  33.609 0.0000000000
36756  -31.001  -46.082  37.807 0.0000000000
36757  -32.110  -45.235  37.869 0.0000000000
36758  -31.524  -45.794  37.004 0.0000000000
36759  -31.001  -46.483  36.248 0.0000000000
36760  -31.337  -47.121  34.953 0.0000000000
36761  -31.897  -47.966  33.912 0.0000000000
36762  -32.602  -48.948  33.206 0.0000000000
36763  -33.627  -48.861  32.966 0.0000000000
36764  -34.709  -48.746  32.892 0.0000000000
36766  -34.954  -46.736  33.631 0.0000000000
38855  -27.428  -52.517  38.382 0.0000000000
38856  -27.462  -53.449  38.428 0.0000000000
38857  -27.585  -54.382  38.456 0.0000000000
38858  -29.181  -55.241  37.035 0.0000000000
38859  -28.464  -55.333  37.753 0.0000000000
38860  -27.732  -55.436  38.544 0.0000000000
38861  -28.019  -56.487  38.697 0.0000000000
38862  -28.353  -57.498  38.863 0.0000000000
41092  -27.124  -50.807  40.431 0.0000000000
41093  -26.990  -51.279  40.336 0.0000000000
41094  -27.136  -51.162  39.775 0.0000000000
42157  -26.887  -54.547  48.539 0.0000000000
42158  -26.566  -54.952  48.282 0.0000000000
42159  -26.592  -54.724  47.867 0.0000000000
42160  -28.043  -58.353  40.290 0.0000000000
42607  -32.014  -50.007  33.275 0.0000000000
42608  -32.077  -50.602  33.284 0.0000000000
42609  -32.581  -50.547  33.119 0.0000000000
42998  -34.530  -44.002  36.867 0.0000000000
44557  -26.857  -52.304  44.924 0.0000000000
44558  -26.733  -52.806  44.752 0.0000000000
44559  -26.744  -52.566  44.242 0.0000000000
44560  -26.828  -54.267  39.934 0.0000000000
44561  -26.671  -54.418  40.396 0.0000000000
44562  -26.823  -54.793  39.874 0.0000000000
44563  -26.825  -55.315  39.789 0.0000000000
44564  -27.063  -55.190  39.385 0.0000000000
47755  -25.468  -57.579  46.468 0.0000000000
47760  -26.005  -55.768  43.548 0.0000000000
47761  -25.928  -55.965  44.000 0.0000000000
47762  -25.989  -56.255  43.461 0.0000000000
49102  -28.782  -50.306  36.025 0.0000000000
49103  -28.792  -50.761  35.944 0.0000000000
49104  -29.115  -50.741  35.520 0.0000000000
50168  -29.277  -54.248  52.767 0.0000000000
50176  -29.643  -52.026  50.861 0.0000000000
50177  -29.587  -51.809  50.394 0.0000000000
50178  -29.087  -51.845  49.645 0.0000000000
50179  -29.523  -51.573  49.871 0.0000000000
50255  -30.166  -46.955  37.463 0.0000000000
50256  -29.945  -47.354  37.111 0.0000000000
50257  -30.159  -47.174  36.729 0.0000000000
50258  -30.264  -47.448  36.005 0.0000000000
50259  -30.446  -47.047  36.288 0.0000000000
50263  -33.036  -45.660  35.119 0.0000000000
50264  -32.622  -45.742  35.369 0.0000000000
50265  -32.866  -46.045  34.734 0.0000000000
50266  -32.740  -46.459  34.414 0.0000000000
50267  -33.152  -46.400  34.208 0.0000000000
50268  -33.494  -46.829  33.809 0.0000000000
50269  -33.617  -46.373  34.076 0.0000000000
52005  -29.294  -53.829  36.099 0.0000000000
52006  -28.898  -53.829  36.509 0.0000000000
52007  -29.386  -54.296  36.257 0.0000000000
52009  -30.082  -57.326  37.309 0.0000000000
52010  -30.210  -57.834  37.453 0.0000000000
52011  -29.840  -57.853  37.650 0.0000000000
54157  -26.864  -51.431  42.762 0.0000000000
54158  -26.767  -51.935  42.623 0.0000000000
54159  -26.763  -51.750  42.055 0.0000000000
54160  -26.798  -52.298  40.227 0.0000000000
54161  -26.693  -52.447  40.763 0.0000000000
54162  -26.777  -52.805  40.179 0.0000000000
54163  -26.792  -53.268  40.119 0.0000000000
54164  -26.942  -53.171  39.603 0.0000000000
57352  -26.630  -55.486  50.017 0.0000000000
57353  -26.234  -55.883  49.662 0.0000000000
57354  -26.345  -55.635  49.371 0.0000000000
57355  -25.892  -55.836  47.713 0.0000000000
57356  -25.808  -56.062  48.068 0.0000000000
57357  -25.686  -56.257  47.388 0.0000000000
57358  -25.545  -56.660  47.063 0.0000000000
57359  -25.625  -56.390  46.774 0.0000000000
57360  -26.585  -57.008  41.538 0.0000000000
57361  -26.516  -57.214  41.960 0.0000000000
57362  -26.770  -57.566  41.559 0.0000000000
58702  -30.241  -50.148  34.400 0.0000000000
58703  -30.255  -50.654  34.343 0.0000000000
58704  -30.714  -50.669  34.001 0.0000000000
59858  -30.389  -46.706  39.010 0.0000000000
59859  -30.759  -46.425  39.415 0.0000000000
59863  -33.715  -44.416  36.813 0.0000000000
59864  -33.383  -44.484  37.079 0.0000000000
59865  -33.506  -44.671  36.394 0.0000000000
59866  -33.349  -44.966  35.945 0.0000000000
59867  -33.732  -44.891  35.752 0.0000000000
59868  -34.011  -45.143  35.158 0.0000000000
59869  -34.140  -44.802  35.592 0.0000000000
59871  -34.923  -44.658  35.313 0.0000000000
64552  -26.941  -53.385  46.853 0.0000000000
64553  -26.727  -53.815  46.612 0.0000000000
64554  -26.737  -53.569  46.188 0.0000000000
64555  -26.549  -53.783  44.379 0.0000000000
64556  -26.489  -54.034  44.801 0.0000000000
64557  -26.423  -54.292  44.138 0.0000000000
64558  -26.305  -54.803  43.921 0.0000000000
64559  -26.349  -54.594  43.456 0.0000000000
64560  -26.561  -52.943  42.347 0.0000000000
64561  -26.528  -53.128  42.912 0.0000000000
64562  -26.532  -53.435  42.247 0.0000000000
64563  -26.427  -54.725  41.382 0.0000000000
64564  -26.406  -54.417  41.894 0.0000000000
64565  -26.351  -54.947  41.818 0.0000000000
64566  -26.263  -55.161  42.249 0.0000000000
64567  -26.321  -55.464  41.655 0.0000000000
64568  -26.320  -55.941  41.526 0.0000000000
64569  -26.419  -55.782  41.085 0.0000000000
64570  -27.025  -56.320  39.897 0.0000000000
64571  -26.878  -56.465  40.266 0.0000000000
64572  -27.210  -56.829  39.964 0.0000000000
64573  -27.451  -57.389  40.065 0.0000000000
64574  -27.640  -57.243  39.656 0.0000000000
65902  -34.060  -49.895  32.817 0.0000000000
65903  -34.156  -50.436  32.853 0.0000000000
65904  -34.707  -50.429  32.832 0.0000000000
74145  -25.529  -56.770  48.938 0.0000000000
74146  -25.373  -57.058  49.179 0.0000000000
74147  -25.278  -57.237  48.510 0.0000000000
74160  -26.344  -54.802  46.047 0.0000000000
74161  -26.264  -55.041  46.468 0.0000000000
74162  -26.176  -55.259  45.816 0.0000000000
74163  -25.815  -56.368  44.823 0.0000000000
74164  -25.815  -56.144  45.430 0.0000000000
74165  -25.742  -56.621  45.209 0.0000000000
74166  -25.686  -56.811  45.607 0.0000000000
74167  -25.777  -57.086  44.981 0.0000000000
74168  -26.428  -57.603  42.798 0.0000000000
74169  -26.160  -57.266  43.228 0.0000000000
74170  -26.383  -57.788  43.145 0.0000000000
74172  -26.348  -58.274  43.831 0.0000000000
78188  -27.733  -50.916  37.995 0.0000000000
78189  -27.962  -50.887  37.448 0.0000000000
78190  -28.846  -51.820  35.882 0.0000000000
78191  -28.517  -51.839  36.308 0.0000000000
78192  -28.941  -52.307  35.908 0.0000000000
78193  -29.059  -52.829  35.943 0.0000000000
78194  -29.423  -52.831  35.572 0.0000000000
81376  -27.420  -55.511  52.560 0.0000000000
81377  -27.522  -55.285  52.230 0.0000000000
81378  -27.167  -55.381  51.467 0.0000000000
81379  -27.625  -55.075  51.875 0.0000000000
81380  -28.406  -54.342  51.449 0.0000000000
81381  -27.914  -54.644  51.144 0.0000000000
81382  -27.985  -54.357  50.749 0.0000000000
81383  -27.582  -54.394  50.032 0.0000000000
81384  -28.058  -54.080  50.363 0.0000000000
81401  -29.795  -53.285  52.478 0.0000000000
81402  -29.771  -52.958  52.130 0.0000000000
81403  -28.846  -52.757  50.348 0.0000000000
81404  -28.855  -53.052  50.738 0.0000000000
81405  -28.419  -53.116  49.944 0.0000000000
81406  -27.999  -53.490  49.546 0.0000000000
81407  -27.957  -53.131  49.160 0.0000000000
81408  -27.541  -53.182  48.400 0.0000000000
81409  -27.867  -52.776  48.749 0.0000000000
81410  -28.037  -51.830  48.100 0.0000000000
81411  -27.692  -52.183  47.848 0.0000000000
81412  -27.630  -51.853  47.398 0.0000000000
81413  -27.323  -51.970  46.615 0.0000000000
81414  -27.588  -51.577  46.924 0.0000000000
81419  -28.217  -50.734  46.782 0.0000000000
81420  -27.844  -50.767  46.040 0.0000000000
81421  -27.514  -51.084  45.813 0.0000000000
81422  -27.531  -50.840  45.290 0.0000000000
81423  -27.234  -50.984  44.481 0.0000000000
81424  -27.482  -50.629  44.683 0.0000000000
81426  -27.476  -50.268  43.521 0.0000000000
81428  -27.291  -50.316  42.099 0.0000000000
81639  -28.726  -49.157  37.172 0.0000000000
81642  -29.318  -47.819  38.506 0.0000000000
81643  -29.567  -48.148  36.655 0.0000000000
81644  -29.317  -48.259  37.093 0.0000000000
81645  -29.396  -48.559  36.453 0.0000000000
81646  -29.238  -48.960  36.247 0.0000000000
81647  -29.500  -48.882  35.819 0.0000000000
81648  -29.684  -49.274  35.242 0.0000000000
81649  -29.834  -48.797  35.372 0.0000000000
81650  -30.665  -48.184  34.790 0.0000000000
81651  -30.531  -48.673  34.609 0.0000000000
81652  -30.915  -48.586  34.282 0.0000000000
81653  -31.239  -48.984  33.858 0.0000000000
81654  -31.311  -48.469  34.059 0.0000000000
81660  -31.468  -45.720  39.038 0.0000000000
81661  -31.116  -45.974  38.608 0.0000000000
81662  -31.319  -45.787  38.198 0.0000000000
81663  -32.672  -44.897  37.995 0.0000000000
81664  -32.469  -45.039  38.305 0.0000000000
81665  -32.342  -45.111  37.501 0.0000000000
81666  -31.941  -45.884  35.938 0.0000000000
81667  -31.837  -45.664  36.664 0.0000000000
81668  -31.580  -46.030  36.197 0.0000000000
81669  -31.261  -46.096  36.619 0.0000000000
81670  -31.321  -46.356  35.849 0.0000000000
81671  -31.136  -46.778  35.561 0.0000000000
81672  -31.507  -46.677  35.223 0.0000000000
81673  -32.461  -47.415  33.909 0.0000000000
81674  -32.015  -47.437  34.100 0.0000000000
81675  -32.336  -47.897  33.689 0.0000000000
81676  -32.227  -48.435  33.530 0.0000000000
81677  -32.707  -48.382  33.333 0.0000000000
81678  -33.117  -48.867  33.043 0.0000000000
81679  -33.204  -48.351  33.192 0.0000000000
81680  -34.319  -47.725  33.180 0.0000000000
81681  -34.244  -48.249  33.027 0.0000000000
81682  -34.774  -48.189  33.025 0.0000000000
81685  -34.703  -45.868  34.223 0.0000000000
81686  -34.599  -46.305  33.914 0.0000000000
81687  -35.057  -46.269  33.910 0.0000000000
86895  -27.702  -51.892  37.792 0.0000000000
86896  -27.460  -52.019  38.330 0.0000000000
86897  -27.697  -52.450  37.807 0.0000000000
86898  -28.171  -53.887  37.445 0.0000000000
86899  -27.757  -53.428  37.869 0.0000000000
86900  -27.815  -53.873  37.941 0.0000000000
86901  -27.524  -53.886  38.451 0.0000000000
86902  -27.893  -54.335  38.001 0.0000000000
86903  -30.155  -55.763  36.579 0.0000000000
86904  -29.589  -55.244  36.675 0.0000000000
86905  -29.708  -55.756  36.908 0.0000000000
86906  -29.046  -56.303  37.615 0.0000000000
86907  -28.963  -55.824  37.494 0.0000000000
86908  -28.542  -55.816  37.877 0.0000000000
86909  -28.067  -55.349  38.148 0.0000000000
86910  -28.185  -55.891  38.232 0.0000000000
86911  -27.851  -55.973  38.626 0.0000000000
86912  -28.331  -56.432  38.331 0.0000000000
86913  -29.187  -57.894  38.231 0.0000000000
86914  -28.714  -57.427  38.460 0.0000000000
86915  -28.873  -57.964  38.564 0.0000000000
86916  -28.607  -58.029  38.939 0.0000000000
92398  -26.902  -51.056  41.596 0.0000000000
92399  -26.797  -51.574  41.477 0.0000000000
92400  -26.873  -51.419  40.898 0.0000000000
92401  -26.876  -51.766  40.258 0.0000000000
92402  -26.953  -52.164  39.680 0.0000000000
94315  -26.827  -55.033  49.351 0.0000000000
94316  -26.435  -55.417  49.060 0.0000000000
94317  -26.504  -55.203  48.698 0.0000000000
94318  -26.189  -55.410  47.987 0.0000000000
94319  -25.986  -55.585  47.333 0.0000000000
94320  -27.210  -57.694  40.887 0.0000000000
94321  -27.079  -57.875  41.247 0.0000000000
94322  -27.503  -58.173  40.992 0.0000000000
95125  -31.075  -50.092  33.783 0.0000000000
95126  -31.124  -50.606  33.744 0.0000000000
95127  -31.576  -50.647  33.508 0.0000000000
95128  -32.163  -51.168  33.355 0.0000000000
95824  -33.967  -44.204  37.276 0.0000000000
95825  -34.050  -44.329  36.600 0.0000000000
95826  -34.241  -44.516  36.024 0.0000000000
95827  -34.383  -44.236  36.407 0.0000000000
95828  -34.742  -44.160  36.279 0.0000000000
98635  -26.894  -52.846  45.927 0.0000000000
98636  -26.743  -53.342  45.706 0.0000000000
98637  -26.723  -53.069  45.267 0.0000000000
98638  -26.630  -53.306  44.585 0.0000000000
98639  -26.560  -53.577  43.911 0.0000000000
98640  -26.628  -53.605  41.098 0.0000000000
98641  -26.527  -53.765  41.604 0.0000000000
98642  -26.585  -54.098  40.965 0.0000000000
98643  -26.541  -54.590  40.855 0.0000000000
98644  -26.501  -55.074  40.773 0.0000000000
98645  -26.482  -55.578  40.649 0.0000000000
98646  -26.632  -55.438  40.210 0.0000000000
98647  -26.870  -55.806  39.859 0.0000000000
98648  -27.223  -56.184  39.506 0.0000000000
104391  -25.333  -57.154  47.643 0.0000000000
104400  -26.127  -55.261  44.784 0.0000000000
104401  -26.057  -55.467  45.230 0.0000000000
104402  -25.977  -55.684  44.607 0.0000000000
104403  -25.874  -56.149  44.423 0.0000000000
104404  -25.882  -56.680  44.255 0.0000000000
104406  -26.656  -58.305  43.153 0.0000000000
106817  -28.216  -50.858  36.932 0.0000000000
106818  -28.491  -50.810  36.451 0.0000000000
106819  -28.810  -51.271  35.910 0.0000000000
106820  -29.202  -51.795  35.456 0.0000000000
108731  -28.601  -54.725  52.877 0.0000000000
108732  -28.152  -54.784  52.185 0.0000000000
108733  -28.716  -54.528  52.461 0.0000000000
108734  -28.824  -54.282  52.118 0.0000000000
108735  -28.892  -54.008  51.812 0.0000000000
108746  -29.736  -52.614  51.702 0.0000000000
108747  -29.693  -52.285  51.279 0.0000000000
108748  -29.213  -52.315  50.605 0.0000000000
108749  -28.715  -52.481  49.847 0.0000000000
108750  -28.224  -52.473  49.077 0.0000000000
108751  -28.606  -52.152  49.377 0.0000000000
108752  -28.528  -51.819  48.894 0.0000000000
108753  -28.463  -51.511  48.392 0.0000000000
108759  -27.768  -50.352  44.871 0.0000000000
108889  -29.789  -47.318  38.305 0.0000000000
108890  -29.526  -47.655  38.024 0.0000000000
108891  -29.742  -47.501  37.551 0.0000000000
108892  -29.739  -47.730  36.848 0.0000000000
108893  -29.826  -48.010  36.214 0.0000000000
108894  -29.978  -48.340  35.578 0.0000000000
108895  -30.115  -47.875  35.782 0.0000000000
108896  -30.452  -47.781  35.374 0.0000000000
108897  -30.803  -47.694  35.008 0.0000000000
108903  -32.638  -45.139  36.504 0.0000000000
108904  -32.295  -45.248  36.747 0.0000000000
108905  -32.438  -45.484  36.047 0.0000000000
108906  -32.260  -45.819  35.646 0.0000000000
108907  -32.049  -46.187  35.223 0.0000000000
108908  -31.882  -46.599  34.908 0.0000000000
108909  -32.279  -46.525  34.644 0.0000000000
108910  -32.586  -46.912  34.172 0.0000000000
108911  -32.918  -47.335  33.764 0.0000000000
108912  -33.315  -47.831  33.368 0.0000000000
108913  -33.398  -47.305  33.591 0.0000000000
108914  -33.895  -47.262  33.467 0.0000000000
108915  -34.397  -47.220  33.417 0.0000000000
112041  -28.354  -52.859  36.762 0.0000000000
112042  -28.003  -52.929  37.291 0.0000000000
112043  -28.403  -53.395  36.855 0.0000000000
112044  -28.491  -53.870  36.963 0.0000000000
112045  -28.604  -54.325  37.088 0.0000000000
112046  -30.366  -56.833  36.928 0.0000000000
112047  -29.852  -56.292  37.054 0.0000000000
112048  -29.940  -56.828  37.144 0.0000000000
112049  -29.569  -56.808  37.429 0.0000000000
112050  -29.193  -56.765  37.720 0.0000000000
112051  -28.821  -56.856  38.037 0.0000000000
112052  -29.342  -57.309  37.808 0.0000000000
112053  -29.510  -57.848  37.932 0.0000000000
115756  -26.853  -51.832  43.914 0.0000000000
115757  -26.722  -52.335  43.733 0.0000000000
115758  -26.691  -52.107  43.212 0.0000000000
115759  -26.627  -52.440  42.498 0.0000000000
115760  -26.567  -52.787  41.826 0.0000000000
115761  -26.698  -52.081  41.382 0.0000000000
115762  -26.622  -52.613  41.293 0.0000000000
115763  -26.636  -53.115  41.220 0.0000000000
115764  -26.700  -53.417  40.616 0.0000000000
115765  -26.843  -53.769  40.033 0.0000000000
115766  -27.012  -54.144  39.474 0.0000000000
120229  -26.472  -55.993  50.529 0.0000000000
120230  -26.084  -56.400  50.193 0.0000000000
120231  -26.176  -56.169  49.910 0.0000000000
120232  -25.867  -56.336  49.309 0.0000000000
120233  -25.609  -56.511  48.667 0.0000000000
120234  -26.043  -55.826  48.722 0.0000000000
120235  -25.708  -56.280  48.393 0.0000000000
120236  -25.481  -56.712  48.021 0.0000000000
120237  -25.445  -56.921  47.352 0.0000000000
120238  -25.475  -57.121  46.766 0.0000000000
120239  -25.551  -57.345  46.200 0.0000000000
120240  -26.174  -56.314  42.503 0.0000000000
120241  -26.110  -56.552  42.960 0.0000000000
120242  -26.273  -56.859  42.408 0.0000000000
120243  -26.468  -57.404  42.412 0.0000000000
120244  -26.705  -57.936  42.426 0.0000000000
120245  -27.023  -58.069  41.653 0.0000000000
120246  -27.033  -58.266  42.105 0.0000000000
120247  -26.940  -58.445  42.489 0.0000000000
122119  -29.455  -50.235  35.109 0.0000000000
122120  -29.469  -50.718  35.097 0.0000000000
122121  -29.842  -50.677  34.707 0.0000000000
122122  -30.313  -51.176  34.347 0.0000000000
122124  -31.221  -51.178  33.758 0.0000000000
123735  -29.889  -47.177  39.104 0.0000000000
123736  -30.014  -46.991  38.669 0.0000000000
123737  -30.225  -46.782  38.259 0.0000000000
123738  -30.465  -46.588  37.842 0.0000000000
123743  -32.904  -44.751  37.761 0.0000000000
123744  -33.440  -44.434  37.837 0.0000000000
123745  -33.162  -44.611  37.388 0.0000000000
123746  -32.897  -44.866  36.954 0.0000000000
123747  -32.996  -45.043  36.175 0.0000000000
123748  -33.203  -45.288  35.450 0.0000000000
123749  -33.457  -45.622  34.890 0.0000000000
123750  -33.762  -45.966  34.389 0.0000000000
123751  -33.890  -45.559  34.721 0.0000000000
123752  -34.350  -45.493  34.628 0.0000000000
123753  -34.754  -45.391  34.541 0.0000000000
123754  -34.549  -44.722  35.465 0.0000000000
123755  -34.855  -45.001  34.950 0.0000000000
123756  -35.172  -45.352  34.518 0.0000000000
126183  -30.356  -54.742  35.824 0.0000000000
126184  -29.926  -54.777  36.097 0.0000000000
126185  -30.522  -55.209  36.084 0.0000000000
126186  -30.625  -55.700  36.327 0.0000000000
126187  -30.718  -56.267  36.559 0.0000000000
126190  -30.717  -56.825  36.705 0.0000000000
130150  -26.982  -53.901  47.730 0.0000000000
130151  -26.671  -54.345  47.460 0.0000000000
130152  -26.708  -54.066  47.033 0.0000000000
130153  -26.526  -54.321  46.313 0.0000000000
130154  -26.409  -54.563  45.654 0.0000000000
130155  -26.607  -53.797  45.491 0.0000000000
130156  -26.493  -54.282  45.262 0.0000000000
130157  -26.329  -54.831  44.990 0.0000000000
130158  -26.221  -55.064  44.350 0.0000000000
130159  -26.148  -55.306  43.723 0.0000000000
130160  -26.095  -55.566  43.118 0.0000000000
130161  -26.630  -52.843  43.569 0.0000000000
130162  -26.541  -53.360  43.419 0.0000000000
130163  -26.465  -53.875  43.227 0.0000000000
130164  -26.501  -53.921  42.070 0.0000000000
130165  -26.437  -54.146  42.555 0.0000000000
130166  -26.388  -54.376  43.010 0.0000000000
130167  -26.277  -54.903  42.799 0.0000000000
130168  -26.177  -55.360  42.684 0.0000000000
130169  -26.141  -55.820  42.573 0.0000000000
130170  -26.238  -56.109  42.006 0.0000000000
130171  -26.420  -56.448  41.475 0.0000000000
130172  -26.671  -56.824  41.118 0.0000000000
130173  -26.596  -56.111  40.624 0.0000000000
130174  -26.762  -56.665  40.685 0.0000000000
130175  -26.980  -57.208  40.789 0.0000000000
130176  -27.342  -57.547  40.505 0.0000000000
130177  -27.745  -57.883  40.178 0.0000000000
130178  -28.179  -58.270  39.882 0.0000000000
131860  -33.005  -49.962  32.974 0.0000000000
131861  -33.083  -50.518  33.004 0.0000000000
131862  -33.630  -50.501  32.901 0.0000000000
142161  -26.392  -54.862  47.166 0.0000000000
142162  -26.096  -55.340  46.909 0.0000000000
142163  -25.849  -55.756  46.679 0.0000000000
142164  -25.960  -55.699  45.651 0.0000000000
142165  -25.821  -55.928  46.027 0.0000000000
142166  -25.696  -56.156  46.436 0.0000000000
142167  -25.627  -56.590  46.177 0.0000000000
142168  -25.622  -57.090  45.910 0.0000000000
142169  -25.699  -57.638  45.649 0.0000000000
142170  -26.032  -56.767  43.325 0.0000000000
142171  -25.992  -56.978  43.711 0.0000000000
142172  -25.961  -57.191  44.074 0.0000000000
142173  -26.361  -58.036  43.476 0.0000000000
142174  -26.137  -57.737  43.923 0.0000000000
142175  -25.940  -57.411  44.417 0.0000000000
142176  -25.912  -57.607  44.788 0.0000000000
142177  -25.859  -57.889  45.111 0.0000000000
147049  -27.448  -50.605  39.244 0.0000000000
147050  -27.339  -51.076  39.056 0.0000000000
147051  -27.532  -50.977  38.531 0.0000000000
147052  -27.697  -51.402  37.871 0.0000000000
147053  -27.984  -51.849  37.241 0.0000000000
147054  -28.185  -51.357  36.831 0.0000000000
147055  -28.231  -51.845  36.749 0.0000000000
147056  -28.298  -52.352  36.750 0.0000000000
147057  -28.707  -52.844  36.333 0.0000000000
147058  -29.180  -53.331  36.002 0.0000000000
147059  -29.634  -53.834  35.780 0.0000000000
147060  -29.524  -51.232  35.074 0.0000000000
147066  -29.928  -53.336  35.326 0.0000000000
147067  -30.026  -53.843  35.478 0.0000000000
147068  -30.165  -54.294  35.642 0.0000000000
147078  -33.200  -51.086  33.067 0.0000000000
150894  -26.701  -55.895  51.330 0.0000000000
150895  -26.769  -55.685  51.003 0.0000000000
150896  -26.892  -55.445  50.714 0.0000000000
150897  -26.967  -55.200  50.435 0.0000000000
150898  -27.730  -54.884  51.472 0.0000000000
150899  -27.404  -54.924  50.810 0.0000000000
150900  -27.057  -54.952  50.103 0.0000000000
150901  -27.202  -54.689  49.693 0.0000000000
150902  -27.229  -54.433  49.279 0.0000000000
150903  -27.219  -54.212  48.891 0.0000000000
150922  -29.823  -53.527  52.829 0.0000000000
150923  -29.348  -53.644  52.163 0.0000000000
150924  -28.917  -53.707  51.473 0.0000000000
150925  -29.297  -52.990  51.446 0.0000000000
150926  -28.921  -53.361  51.093 0.0000000000
150927  -28.539  -53.742  50.691 0.0000000000
150928  -28.062  -53.798  49.957 0.0000000000
150929  -27.613  -53.843  49.235 0.0000000000
150930  -27.250  -53.875  48.473 0.0000000000
150931  -27.257  -53.549  48.061 0.0000000000
150932  -27.236  -53.252  47.643 0.0000000000
150933  -27.192  -52.965  47.192 0.0000000000
150934  -27.804  -52.506  48.342 0.0000000000
150935  -27.440  -52.546  47.533 0.0000000000
150936  -27.114  -52.685  46.717 0.0000000000
150937  -27.094  -52.399  46.273 0.0000000000
150938  -27.068  -52.124  45.788 0.0000000000
150939  -27.041  -51.876  45.259 0.0000000000
150941  -28.906  -51.229  48.637 0.0000000000
150942  -28.423  -51.224  47.917 0.0000000000
150944  -28.287  -50.958  47.325 0.0000000000
150945  -27.921  -51.253  47.154 0.0000000000
150946  -27.531  -51.358  46.358 0.0000000000
150947  -27.248  -51.479  45.528 0.0000000000
150948  -27.023  -51.639  44.723 0.0000000000
150949  -27.025  -51.375  44.236 0.0000000000
150950  -26.993  -51.177  43.641 0.0000000000
150951  -27.028  -50.979  43.048 0.0000000000
150952  -27.469  -50.437  44.098 0.0000000000
150953  -27.241  -50.589  43.300 0.0000000000
150954  -27.037  -50.807  42.460 0.0000000000
150955  -27.081  -50.663  41.854 0.0000000000
150956  -27.171  -50.536  41.238 0.0000000000
150957  -27.275  -50.425  40.605 0.0000000000
151208  -28.646  -49.919  36.532 0.0000000000
151209  -28.930  -49.836  36.072 0.0000000000
151213  -29.257  -48.006  37.767 0.0000000000
151214  -29.085  -48.390  37.572 0.0000000000
151215  -28.887  -48.777  37.371 0.0000000000
151216  -28.951  -49.067  36.668 0.0000000000
151217  -29.065  -49.404  36.123 0.0000000000
151218  -29.213  -49.797  35.594 0.0000000000
151219  -29.553  -49.752  35.165 0.0000000000
151220  -29.938  -49.693  34.776 0.0000000000
151221  -30.328  -49.630  34.423 0.0000000000
151222  -30.179  -48.734  34.971 0.0000000000
151223  -30.391  -49.127  34.494 0.0000000000
151224  -30.689  -49.583  34.104 0.0000000000
151225  -31.167  -49.541  33.793 0.0000000000
151226  -31.610  -49.489  33.528 0.0000000000
151227  -32.059  -49.479  33.309 0.0000000000
151234  -30.934  -46.190  39.015 0.0000000000
151235  -30.785  -46.280  38.208 0.0000000000
151236  -30.681  -46.431  37.410 0.0000000000
151238  -32.252  -45.178  38.653 0.0000000000
151239  -31.835  -45.381  38.196 0.0000000000
151240  -32.061  -45.357  37.095 0.0000000000
151241  -31.758  -45.460  37.478 0.0000000000
151242  -31.536  -45.617  37.816 0.0000000000
151243  -31.262  -45.915  37.404 0.0000000000
151244  -30.963  -46.247  37.025 0.0000000000
151245  -30.679  -46.634  36.658 0.0000000000
151246  -30.787  -46.910  35.912 0.0000000000
151247  -30.946  -47.225  35.250 0.0000000000
151248  -31.182  -47.607  34.671 0.0000000000
151249  -31.737  -47.038  34.635 0.0000000000
151250  -31.590  -47.519  34.371 0.0000000000
151251  -31.459  -48.022  34.193 0.0000000000
151252  -31.781  -48.501  33.742 0.0000000000
151253  -32.113  -48.980  33.388 0.0000000000
151254  -32.545  -49.458  33.123 0.0000000000
151255  -33.050  -49.412  32.966 0.0000000000
151256  -33.561  -49.371  32.853 0.0000000000
151257  -34.121  -49.377  32.813 0.0000000000
151258  -33.720  -48.329  33.104 0.0000000000
151259  -34.166  -48.822  32.910 0.0000000000
151260  -34.664  -49.312  32.780 0.0000000000
151264  -34.114  -46.329  33.977 0.0000000000
151265  -34.497  -46.762  33.678 0.0000000000
151266  -34.905  -47.201  33.419 0.0000000000
157523  -27.246  -51.571  39.025 0.0000000000
157524  -27.193  -52.076  39.011 0.0000000000
157525  -27.168  -52.569  39.006 0.0000000000
157526  -27.716  -52.953  37.844 0.0000000000
157527  -27.422  -53.005  38.385 0.0000000000
157528  -27.182  -53.021  39.017 0.0000000000
157529  -27.203  -53.518  38.972 0.0000000000
157530  -27.258  -54.008  38.937 0.0000000000
157531  -27.305  -54.501  38.929 0.0000000000
157532  -29.444  -54.713  36.386 0.0000000000
157533  -29.108  -54.755  36.827 0.0000000000
157534  -28.668  -54.756  37.180 0.0000000000
157535  -29.312  -55.757  37.192 0.0000000000
157536  -28.818  -55.279  37.379 0.0000000000
157537  -28.339  -54.805  37.633 0.0000000000
157538  -27.957  -54.827  38.038 0.0000000000
157539  -27.632  -54.863  38.497 0.0000000000
157540  -27.367  -55.013  38.929 0.0000000000
157541  -27.415  -55.545  38.977 0.0000000000
157542  -27.528  -56.056  39.032 0.0000000000
157543  -27.685  -56.590  39.131 0.0000000000
157544  -28.534  -56.914  38.377 0.0000000000
157545  -28.191  -56.976  38.775 0.0000000000
157546  -27.886  -57.094  39.206 0.0000000000
157547  -28.136  -57.616  39.264 0.0000000000
157548  -28.382  -58.135  39.383 0.0000000000
