#!ascii label  , from subject fsaverage vox2ras=TkReg
532
51  -19.425  0.866  54.898 0.0000000000
381  -20.246  -11.004  56.595 0.0000000000
876  -18.173  -13.600  59.217 0.0000000000
1589  -19.556  -2.675  60.136 0.0000000000
1846  -20.138  -1.901  50.510 0.0000000000
1848  -21.230  -7.967  51.573 0.0000000000
1849  -19.789  -5.177  55.536 0.0000000000
1850  -19.617  -8.393  59.614 0.0000000000
3608  -20.352  -4.197  62.317 0.0000000000
4057  -20.814  -3.424  48.631 0.0000000000
4061  -21.290  -12.116  55.422 0.0000000000
4062  -21.874  -10.608  52.863 0.0000000000
4063  -20.917  -9.450  54.351 0.0000000000
4064  -20.401  -6.587  53.439 0.0000000000
4065  -20.369  -8.199  56.154 0.0000000000
4066  -20.264  -6.911  58.050 0.0000000000
4067  -19.788  -9.728  58.003 0.0000000000
6182  -22.229  -14.063  56.873 0.0000000000
6183  -20.422  -13.381  57.232 0.0000000000
6184  -19.163  -12.246  57.945 0.0000000000
6185  -19.653  -14.802  58.688 0.0000000000
7547  -18.984  -0.870  57.524 0.0000000000
8164  -19.666  -0.487  52.635 0.0000000000
8169  -22.265  -9.266  50.087 0.0000000000
8170  -21.410  -6.566  49.019 0.0000000000
8171  -20.405  -5.002  50.819 0.0000000000
8172  -19.696  -3.647  53.018 0.0000000000
8173  -19.272  -2.310  55.250 0.0000000000
8174  -19.534  -3.917  57.748 0.0000000000
8175  -20.331  -5.567  60.128 0.0000000000
8176  -19.571  -6.859  61.585 0.0000000000
8177  -18.468  -10.807  59.038 0.0000000000
8178  -18.120  -9.097  60.731 0.0000000000
11736  -21.299  -2.710  47.694 0.0000000000
11737  -21.316  -4.383  47.744 0.0000000000
11741  -20.690  -11.583  55.988 0.0000000000
11742  -21.055  -10.823  54.851 0.0000000000
11743  -20.677  -10.243  55.645 0.0000000000
11744  -20.598  -8.814  55.196 0.0000000000
11745  -20.375  -9.685  56.470 0.0000000000
11746  -20.209  -9.079  57.247 0.0000000000
11747  -19.962  -10.382  57.239 0.0000000000
14143  -21.978  -14.612  57.923 0.0000000000
14144  -21.326  -13.780  57.022 0.0000000000
14145  -20.989  -14.430  57.907 0.0000000000
14146  -20.104  -14.069  57.991 0.0000000000
16583  -19.125  -1.775  58.855 0.0000000000
16584  -18.979  0.010  58.860 0.0000000000
16585  -19.164  -0.940  60.324 0.0000000000
17928  -20.553  -1.108  49.473 0.0000000000
17930  -20.271  -0.309  50.441 0.0000000000
17931  -20.025  0.364  51.474 0.0000000000
17932  -19.849  -1.167  51.548 0.0000000000
17944  -21.618  -9.363  52.182 0.0000000000
17945  -22.126  -9.963  51.487 0.0000000000
17946  -21.698  -8.614  50.782 0.0000000000
17947  -21.861  -7.981  49.453 0.0000000000
17948  -21.327  -7.181  50.248 0.0000000000
17949  -20.873  -5.721  49.876 0.0000000000
17950  -20.828  -6.483  51.128 0.0000000000
17951  -20.066  -5.918  54.466 0.0000000000
17952  -20.036  -5.087  53.185 0.0000000000
17953  -19.654  -4.397  54.298 0.0000000000
17954  -19.477  -2.925  54.150 0.0000000000
17955  -19.482  -3.800  55.381 0.0000000000
17956  -19.271  -3.115  56.467 0.0000000000
17957  -19.576  -4.533  56.633 0.0000000000
17958  -20.098  -7.761  59.031 0.0000000000
17959  -20.243  -6.254  59.047 0.0000000000
17960  -20.150  -7.071  59.968 0.0000000000
17961  -20.190  -6.366  60.994 0.0000000000
17962  -19.602  -7.658  60.615 0.0000000000
17963  -18.683  -12.963  58.477 0.0000000000
17964  -18.746  -11.554  58.421 0.0000000000
17965  -18.184  -12.199  58.999 0.0000000000
17967  -17.598  -10.458  60.455 0.0000000000
24926  -19.927  -3.446  61.288 0.0000000000
24927  -19.498  -1.841  61.582 0.0000000000
25734  -20.905  -1.875  48.612 0.0000000000
25735  -20.499  -2.611  49.520 0.0000000000
25741  -22.059  -12.515  54.921 0.0000000000
25742  -22.293  -11.808  53.567 0.0000000000
25743  -21.633  -11.341  54.122 0.0000000000
25744  -21.373  -10.062  53.563 0.0000000000
25745  -21.114  -8.680  52.976 0.0000000000
25746  -20.777  -7.176  52.477 0.0000000000
25747  -20.683  -7.999  53.824 0.0000000000
25748  -20.379  -7.357  54.768 0.0000000000
25749  -20.199  -6.710  55.781 0.0000000000
25750  -20.060  -6.062  56.789 0.0000000000
25751  -20.285  -7.526  57.065 0.0000000000
25752  -20.136  -8.428  58.111 0.0000000000
25753  -19.723  -9.122  58.795 0.0000000000
29784  -22.537  -13.393  55.848 0.0000000000
29785  -21.594  -13.149  56.090 0.0000000000
29786  -20.875  -12.697  56.422 0.0000000000
29787  -20.207  -12.248  56.772 0.0000000000
29788  -19.736  -11.625  57.315 0.0000000000
29789  -19.741  -12.822  57.564 0.0000000000
29790  -19.281  -13.582  58.144 0.0000000000
29791  -18.846  -14.256  58.880 0.0000000000
33101  -19.133  -0.077  56.172 0.0000000000
33102  -19.482  1.752  56.158 0.0000000000
33103  -19.111  0.899  57.466 0.0000000000
34797  -19.921  1.021  52.498 0.0000000000
34798  -19.480  0.194  53.792 0.0000000000
34811  -22.565  -11.204  52.269 0.0000000000
34812  -22.753  -10.516  50.889 0.0000000000
34813  -22.944  -9.919  49.524 0.0000000000
34814  -22.443  -8.656  48.807 0.0000000000
34815  -21.968  -7.290  48.279 0.0000000000
34816  -21.540  -5.894  47.957 0.0000000000
34817  -20.969  -5.040  48.737 0.0000000000
34818  -20.550  -4.241  49.647 0.0000000000
34819  -20.161  -3.483  50.644 0.0000000000
34820  -20.431  -5.836  52.106 0.0000000000
34821  -20.074  -4.431  51.841 0.0000000000
34822  -19.858  -2.757  51.741 0.0000000000
34823  -19.594  -2.108  52.840 0.0000000000
34824  -19.393  -1.413  53.967 0.0000000000
34825  -19.242  -0.767  55.059 0.0000000000
34826  -19.107  -1.637  56.335 0.0000000000
34827  -19.188  -2.435  57.627 0.0000000000
34828  -19.480  -3.301  58.960 0.0000000000
34829  -20.032  -5.379  57.874 0.0000000000
34830  -20.004  -4.785  58.972 0.0000000000
34831  -19.930  -4.121  60.153 0.0000000000
34832  -20.357  -4.878  61.219 0.0000000000
34833  -20.212  -5.633  62.001 0.0000000000
34835  -19.416  -10.898  57.911 0.0000000000
34836  -19.155  -10.190  58.597 0.0000000000
34837  -18.997  -9.576  59.311 0.0000000000
34838  -17.853  -11.348  59.689 0.0000000000
34839  -18.260  -9.982  59.822 0.0000000000
34840  -18.857  -8.815  60.160 0.0000000000
34841  -18.798  -7.998  61.084 0.0000000000
41408  -19.608  1.319  54.309 0.0000000000
41410  -19.677  1.764  54.876 0.0000000000
42457  -21.602  -4.684  47.326 0.0000000000
42461  -20.461  -11.270  56.250 0.0000000000
42462  -20.658  -10.967  55.779 0.0000000000
42463  -20.472  -10.636  56.149 0.0000000000
42464  -20.525  -9.983  56.002 0.0000000000
42465  -20.311  -10.339  56.508 0.0000000000
42466  -20.183  -10.051  56.868 0.0000000000
42467  -20.097  -10.708  56.897 0.0000000000
44864  -21.436  -14.515  57.903 0.0000000000
44865  -21.264  -14.845  58.309 0.0000000000
44866  -20.771  -14.733  58.295 0.0000000000
47303  -19.289  -2.198  59.533 0.0000000000
47304  -19.139  -1.363  59.594 0.0000000000
47305  -19.341  -1.883  60.236 0.0000000000
48648  -20.335  -1.457  49.973 0.0000000000
48649  -20.393  -0.714  49.945 0.0000000000
48650  -20.189  -1.110  50.479 0.0000000000
48651  -20.052  -0.755  50.971 0.0000000000
48652  -19.998  -1.551  51.021 0.0000000000
48664  -21.390  -8.607  51.830 0.0000000000
48665  -21.633  -8.987  51.467 0.0000000000
48666  -21.458  -8.282  51.159 0.0000000000
48667  -21.526  -7.868  50.509 0.0000000000
48668  -21.249  -7.519  50.923 0.0000000000
48669  -21.073  -6.787  50.691 0.0000000000
48670  -21.062  -7.255  51.334 0.0000000000
48671  -19.946  -5.568  54.979 0.0000000000
48672  -19.859  -5.080  54.410 0.0000000000
48673  -19.773  -4.848  54.932 0.0000000000
48674  -19.544  -4.041  54.845 0.0000000000
48675  -19.586  -4.457  55.456 0.0000000000
48676  -19.491  -4.151  56.013 0.0000000000
48677  -19.684  -4.882  56.123 0.0000000000
48678  -19.903  -8.052  59.388 0.0000000000
48679  -20.128  -7.422  59.494 0.0000000000
48680  -19.923  -7.779  59.801 0.0000000000
48681  -19.922  -7.408  60.297 0.0000000000
48682  -19.612  -8.016  60.083 0.0000000000
48683  -18.392  -13.253  58.850 0.0000000000
48684  -18.385  -12.594  58.718 0.0000000000
48685  -18.150  -12.908  59.078 0.0000000000
56903  -20.167  -3.815  61.857 0.0000000000
56904  -19.893  -2.973  61.982 0.0000000000
58248  -21.067  -3.056  48.164 0.0000000000
58249  -21.092  -2.270  48.148 0.0000000000
58250  -20.851  -2.639  48.599 0.0000000000
58251  -20.673  -2.323  49.011 0.0000000000
58252  -20.650  -3.025  49.053 0.0000000000
58261  -21.646  -12.329  55.186 0.0000000000
58262  -21.855  -11.927  54.556 0.0000000000
58263  -21.405  -11.654  54.776 0.0000000000
58264  -21.000  -10.199  54.617 0.0000000000
58265  -21.179  -10.451  54.222 0.0000000000
58266  -21.141  -9.784  53.916 0.0000000000
58267  -21.210  -9.384  53.264 0.0000000000
58268  -21.031  -9.139  53.645 0.0000000000
58269  -20.880  -8.349  53.360 0.0000000000
58270  -20.842  -8.750  54.056 0.0000000000
58271  -20.489  -8.515  55.664 0.0000000000
58272  -20.517  -8.126  55.007 0.0000000000
58273  -20.398  -7.746  55.405 0.0000000000
58274  -20.284  -7.011  55.281 0.0000000000
58275  -20.315  -7.437  55.973 0.0000000000
58276  -20.273  -7.090  56.447 0.0000000000
58277  -20.325  -7.872  56.615 0.0000000000
58278  -20.049  -9.434  57.648 0.0000000000
58279  -20.183  -8.769  57.656 0.0000000000
58280  -19.989  -9.110  58.075 0.0000000000
58281  -19.949  -8.793  58.473 0.0000000000
58282  -19.750  -9.422  58.417 0.0000000000
65468  -22.382  -13.767  56.361 0.0000000000
65469  -22.046  -13.262  55.973 0.0000000000
65470  -21.941  -13.601  56.467 0.0000000000
65471  -20.873  -13.590  57.125 0.0000000000
65472  -21.049  -13.324  56.648 0.0000000000
65473  -20.670  -13.104  56.826 0.0000000000
65474  -20.539  -12.487  56.585 0.0000000000
65475  -20.322  -12.814  57.002 0.0000000000
65476  -19.978  -12.548  57.175 0.0000000000
65477  -20.091  -13.132  57.405 0.0000000000
65478  -19.866  -14.418  58.297 0.0000000000
65479  -19.706  -13.871  58.062 0.0000000000
65480  -19.439  -14.194  58.355 0.0000000000
65481  -19.065  -13.942  58.494 0.0000000000
65482  -19.245  -14.548  58.763 0.0000000000
72788  -19.041  -0.432  56.832 0.0000000000
72789  -19.115  0.376  56.823 0.0000000000
72790  -19.018  -0.044  57.443 0.0000000000
72791  -19.014  0.480  59.544 0.0000000000
72792  -19.052  0.904  58.794 0.0000000000
76833  -19.806  -0.055  51.993 0.0000000000
76834  -19.960  0.714  52.014 0.0000000000
76835  -19.758  0.285  52.576 0.0000000000
76836  -19.686  0.629  53.156 0.0000000000
76837  -19.530  -0.074  53.239 0.0000000000
76869  -22.059  -11.240  53.190 0.0000000000
76870  -22.441  -11.483  52.942 0.0000000000
76871  -22.203  -10.870  52.536 0.0000000000
76872  -22.223  -9.630  50.765 0.0000000000
76873  -22.422  -10.263  51.159 0.0000000000
76874  -22.532  -9.939  50.450 0.0000000000
76875  -22.876  -10.261  50.214 0.0000000000
76876  -22.587  -9.636  49.810 0.0000000000
76877  -22.718  -9.353  49.135 0.0000000000
76878  -22.396  -9.009  49.434 0.0000000000
76879  -21.638  -7.241  49.247 0.0000000000
76880  -21.958  -7.652  48.856 0.0000000000
76881  -21.719  -6.970  48.622 0.0000000000
76882  -21.723  -6.586  48.115 0.0000000000
76883  -21.441  -6.236  48.468 0.0000000000
76884  -21.243  -5.503  48.318 0.0000000000
76885  -21.150  -5.813  48.847 0.0000000000
76886  -20.635  -5.295  50.347 0.0000000000
76887  -20.706  -5.079  49.712 0.0000000000
76888  -20.448  -4.629  50.219 0.0000000000
76889  -20.391  -3.825  50.122 0.0000000000
76890  -20.252  -4.203  50.703 0.0000000000
76891  -20.593  -6.909  52.919 0.0000000000
76892  -20.645  -6.563  52.274 0.0000000000
76893  -20.427  -6.199  52.757 0.0000000000
76894  -19.808  -4.387  53.131 0.0000000000
76895  -20.041  -4.710  52.544 0.0000000000
76896  -19.935  -4.007  52.406 0.0000000000
76897  -19.909  -3.566  51.785 0.0000000000
76898  -19.802  -3.228  52.330 0.0000000000
76899  -19.739  -2.478  52.248 0.0000000000
76900  -19.662  -2.854  52.920 0.0000000000
76901  -19.393  -2.621  54.703 0.0000000000
76902  -19.427  -2.195  54.083 0.0000000000
76903  -19.341  -1.849  54.598 0.0000000000
76904  -19.297  -1.105  54.511 0.0000000000
76905  -19.231  -1.577  55.145 0.0000000000
76906  -19.137  -1.199  55.693 0.0000000000
76907  -19.173  -1.998  55.784 0.0000000000
76908  -19.383  -3.513  57.119 0.0000000000
76909  -19.215  -2.799  57.033 0.0000000000
76910  -19.335  -3.186  57.709 0.0000000000
76911  -19.312  -2.818  58.312 0.0000000000
76912  -19.460  -3.584  58.385 0.0000000000
76913  -20.211  -6.454  57.420 0.0000000000
76914  -20.044  -5.699  57.319 0.0000000000
76915  -20.252  -6.214  57.909 0.0000000000
76916  -20.290  -5.916  59.574 0.0000000000
76917  -20.167  -5.518  59.015 0.0000000000
76918  -20.155  -5.206  59.532 0.0000000000
76919  -19.952  -4.443  59.582 0.0000000000
76920  -20.155  -4.845  60.123 0.0000000000
76921  -20.162  -4.498  60.659 0.0000000000
76922  -20.348  -5.255  60.679 0.0000000000
76923  -19.955  -6.671  61.313 0.0000000000
76924  -20.203  -6.001  61.494 0.0000000000
76925  -19.946  -6.304  61.812 0.0000000000
76928  -19.455  -11.904  57.652 0.0000000000
76929  -19.558  -11.228  57.619 0.0000000000
76930  -19.234  -11.543  57.912 0.0000000000
76931  -18.599  -11.173  58.701 0.0000000000
76932  -18.922  -10.886  58.472 0.0000000000
76933  -18.813  -10.543  58.766 0.0000000000
76934  -19.075  -9.895  58.951 0.0000000000
76935  -18.694  -10.201  59.114 0.0000000000
76937  -17.721  -12.092  59.686 0.0000000000
76938  -17.546  -11.649  60.027 0.0000000000
76939  -17.880  -9.776  60.549 0.0000000000
76940  -17.925  -10.228  60.115 0.0000000000
76941  -18.180  -9.533  60.275 0.0000000000
76942  -18.541  -9.371  59.943 0.0000000000
76943  -18.492  -8.958  60.397 0.0000000000
76944  -18.819  -8.409  60.619 0.0000000000
76945  -18.460  -8.518  60.907 0.0000000000
94854  -21.288  -3.499  47.717 0.0000000000
94855  -21.059  -3.860  48.211 0.0000000000
94861  -20.956  -11.889  55.687 0.0000000000
94862  -21.226  -11.497  55.137 0.0000000000
94863  -20.879  -11.206  55.461 0.0000000000
94864  -20.836  -10.534  55.229 0.0000000000
94865  -20.807  -9.878  55.004 0.0000000000
94866  -20.736  -9.179  54.754 0.0000000000
94867  -20.685  -9.579  55.442 0.0000000000
94868  -20.564  -9.318  55.898 0.0000000000
94869  -20.417  -8.999  56.303 0.0000000000
94870  -20.308  -8.686  56.707 0.0000000000
94871  -20.285  -9.388  56.832 0.0000000000
94872  -20.109  -9.739  57.225 0.0000000000
94873  -19.843  -10.026  57.594 0.0000000000
99185  -22.094  -14.328  57.403 0.0000000000
99186  -21.809  -13.949  56.944 0.0000000000
99187  -21.663  -14.264  57.432 0.0000000000
99188  -21.137  -14.096  57.454 0.0000000000
99189  -20.650  -13.897  57.537 0.0000000000
99190  -20.260  -13.711  57.640 0.0000000000
99191  -20.539  -14.258  57.917 0.0000000000
99192  -20.289  -14.585  58.289 0.0000000000
103577  -19.011  -1.299  58.196 0.0000000000
103578  -18.965  -0.517  58.146 0.0000000000
103579  -19.001  -0.836  58.923 0.0000000000
103580  -19.019  -0.451  59.616 0.0000000000
106004  -20.157  0.018  50.935 0.0000000000
106005  -19.892  -0.317  51.508 0.0000000000
106006  -19.750  -0.856  52.078 0.0000000000
106026  -21.772  -9.938  52.505 0.0000000000
106027  -22.069  -10.349  52.206 0.0000000000
106028  -21.816  -9.669  51.809 0.0000000000
106029  -21.926  -9.324  51.095 0.0000000000
106030  -22.013  -8.937  50.398 0.0000000000
106031  -22.094  -8.641  49.741 0.0000000000
106032  -21.774  -8.224  50.086 0.0000000000
106033  -21.586  -7.610  49.853 0.0000000000
106034  -21.366  -6.866  49.635 0.0000000000
106035  -21.164  -6.164  49.437 0.0000000000
106036  -21.132  -6.509  50.020 0.0000000000
106037  -20.833  -6.077  50.493 0.0000000000
106038  -20.622  -5.750  50.914 0.0000000000
106039  -20.223  -6.233  53.958 0.0000000000
106040  -20.210  -5.797  53.295 0.0000000000
106041  -20.026  -5.479  53.829 0.0000000000
106042  -19.829  -4.758  53.746 0.0000000000
106043  -19.696  -4.044  53.654 0.0000000000
106044  -19.588  -3.319  53.592 0.0000000000
106045  -19.568  -3.630  54.240 0.0000000000
106046  -19.419  -3.333  54.802 0.0000000000
106047  -19.310  -3.023  55.313 0.0000000000
106048  -19.242  -2.702  55.848 0.0000000000
106049  -19.350  -3.417  55.903 0.0000000000
106050  -19.426  -3.824  56.579 0.0000000000
106051  -19.538  -4.225  57.175 0.0000000000
106052  -20.231  -7.335  58.571 0.0000000000
106053  -20.243  -6.584  58.541 0.0000000000
106054  -20.211  -7.000  59.070 0.0000000000
106055  -20.257  -6.692  59.565 0.0000000000
106056  -20.311  -6.350  60.131 0.0000000000
106057  -20.341  -6.003  60.621 0.0000000000
106058  -20.162  -6.724  60.474 0.0000000000
106059  -19.930  -7.031  60.806 0.0000000000
106060  -19.588  -7.268  61.098 0.0000000000
106061  -18.866  -12.555  58.204 0.0000000000
106062  -18.941  -11.902  58.168 0.0000000000
106063  -18.650  -12.189  58.429 0.0000000000
106064  -18.432  -11.824  58.684 0.0000000000
106065  -18.258  -11.467  58.987 0.0000000000
119600  -19.700  -3.087  60.775 0.0000000000
119601  -19.500  -2.247  60.943 0.0000000000
119602  -19.687  -2.686  61.446 0.0000000000
121487  -20.689  -1.466  49.032 0.0000000000
121488  -20.494  -1.809  49.496 0.0000000000
121489  -20.311  -2.247  50.011 0.0000000000
121501  -22.466  -12.601  54.712 0.0000000000
121502  -22.616  -12.306  54.020 0.0000000000
121503  -22.220  -12.139  54.253 0.0000000000
121504  -21.960  -11.593  53.841 0.0000000000
121505  -21.759  -11.011  53.472 0.0000000000
121506  -21.338  -11.108  54.508 0.0000000000
121507  -21.471  -10.718  53.814 0.0000000000
121508  -21.610  -10.374  53.204 0.0000000000
121509  -21.502  -9.685  52.886 0.0000000000
121510  -21.341  -8.963  52.558 0.0000000000
121511  -21.137  -8.245  52.264 0.0000000000
121512  -20.990  -7.574  52.011 0.0000000000
121513  -20.940  -7.959  52.698 0.0000000000
121514  -20.761  -7.683  53.166 0.0000000000
121515  -20.543  -7.321  53.585 0.0000000000
121516  -20.631  -8.423  54.533 0.0000000000
121517  -20.546  -7.665  54.289 0.0000000000
121518  -20.397  -6.939  54.107 0.0000000000
121519  -20.274  -6.612  54.604 0.0000000000
121520  -20.123  -6.325  55.097 0.0000000000
121521  -19.988  -5.953  55.666 0.0000000000
121522  -19.906  -5.625  56.172 0.0000000000
121523  -20.118  -6.377  56.292 0.0000000000
121524  -20.212  -6.753  56.930 0.0000000000
121525  -20.263  -7.200  57.542 0.0000000000
121526  -20.254  -8.356  57.180 0.0000000000
121527  -20.237  -8.042  57.663 0.0000000000
121528  -20.230  -7.673  58.128 0.0000000000
121529  -20.107  -8.070  58.557 0.0000000000
121530  -19.927  -8.457  58.924 0.0000000000
121531  -19.664  -8.788  59.186 0.0000000000
131310  -22.773  -13.094  55.217 0.0000000000
131311  -22.300  -12.975  55.369 0.0000000000
131312  -21.783  -12.816  55.551 0.0000000000
131313  -21.422  -12.641  55.754 0.0000000000
131314  -21.500  -13.488  56.563 0.0000000000
131315  -21.238  -12.948  56.257 0.0000000000
131316  -21.078  -12.463  55.959 0.0000000000
131317  -20.742  -12.195  56.155 0.0000000000
131318  -20.461  -11.895  56.395 0.0000000000
131319  -20.227  -11.659  56.665 0.0000000000
131320  -20.008  -11.347  56.955 0.0000000000
131321  -19.943  -11.956  57.024 0.0000000000
131322  -19.719  -12.272  57.384 0.0000000000
131323  -19.400  -12.509  57.738 0.0000000000
131324  -19.855  -13.452  57.738 0.0000000000
131325  -19.496  -13.155  57.887 0.0000000000
131326  -19.179  -12.889  58.025 0.0000000000
131327  -18.966  -13.275  58.291 0.0000000000
131328  -18.707  -13.617  58.646 0.0000000000
131329  -18.480  -13.921  59.020 0.0000000000
140483  -19.263  0.389  55.551 0.0000000000
140484  -19.445  1.300  55.545 0.0000000000
140485  -19.268  0.824  56.172 0.0000000000
140486  -19.285  1.266  56.819 0.0000000000
140488  -19.003  0.441  58.135 0.0000000000
140489  -19.165  1.323  58.076 0.0000000000
140494  -19.329  -1.390  60.976 0.0000000000
145418  -19.913  1.335  53.083 0.0000000000
145419  -19.620  1.012  53.691 0.0000000000
145420  -19.427  0.506  54.374 0.0000000000
145457  -22.626  -11.933  53.277 0.0000000000
145458  -22.835  -11.753  52.682 0.0000000000
145459  -22.907  -11.427  52.009 0.0000000000
145460  -22.318  -10.652  51.878 0.0000000000
145461  -22.670  -10.861  51.607 0.0000000000
145462  -23.001  -11.105  51.325 0.0000000000
145463  -23.082  -10.855  50.650 0.0000000000
145464  -23.160  -10.472  49.933 0.0000000000
145467  -22.756  -8.979  48.496 0.0000000000
145468  -22.514  -8.365  48.193 0.0000000000
145469  -22.190  -8.375  49.128 0.0000000000
145470  -22.214  -8.008  48.489 0.0000000000
145471  -22.284  -7.690  47.931 0.0000000000
145472  -22.071  -6.968  47.717 0.0000000000
145473  -21.890  -6.210  47.516 0.0000000000
145474  -21.695  -5.507  47.400 0.0000000000
145475  -21.397  -5.121  47.823 0.0000000000
145476  -21.092  -4.643  48.252 0.0000000000
145477  -20.870  -4.288  48.674 0.0000000000
145478  -20.933  -5.414  49.269 0.0000000000
145479  -20.776  -4.626  49.163 0.0000000000
145480  -20.670  -3.874  49.110 0.0000000000
145481  -20.507  -3.424  49.568 0.0000000000
145482  -20.288  -3.065  50.082 0.0000000000
145483  -20.137  -2.703  50.579 0.0000000000
145484  -20.844  -6.894  51.782 0.0000000000
145485  -20.637  -6.148  51.589 0.0000000000
145486  -20.430  -5.457  51.444 0.0000000000
145487  -20.222  -5.434  52.677 0.0000000000
145488  -20.248  -5.160  51.937 0.0000000000
145489  -20.189  -4.667  51.334 0.0000000000
145490  -20.053  -3.905  51.267 0.0000000000
145491  -20.009  -3.101  51.168 0.0000000000
145492  -19.970  -2.340  51.123 0.0000000000
145493  -19.839  -1.963  51.635 0.0000000000
145494  -19.728  -1.636  52.176 0.0000000000
145495  -19.582  -1.280  52.718 0.0000000000
145496  -19.574  -2.571  53.488 0.0000000000
145497  -19.510  -1.799  53.389 0.0000000000
145498  -19.480  -0.975  53.263 0.0000000000
145499  -19.366  -0.673  53.829 0.0000000000
145500  -19.321  -0.317  54.424 0.0000000000
145501  -19.275  0.054  55.002 0.0000000000
145502  -19.173  -0.387  55.595 0.0000000000
145503  -19.080  -0.869  56.261 0.0000000000
145504  -19.054  -1.294  56.880 0.0000000000
145505  -19.168  -2.375  56.402 0.0000000000
145506  -19.114  -2.070  56.960 0.0000000000
145507  -19.080  -1.744  57.568 0.0000000000
145508  -19.126  -2.103  58.259 0.0000000000
145509  -19.286  -2.513  58.906 0.0000000000
145510  -19.508  -2.985  59.549 0.0000000000
145511  -19.847  -5.263  56.702 0.0000000000
145512  -19.781  -4.953  57.270 0.0000000000
145513  -19.760  -4.632  57.846 0.0000000000
145514  -20.188  -5.844  58.457 0.0000000000
145515  -20.018  -5.087  58.406 0.0000000000
145516  -19.738  -4.364  58.362 0.0000000000
145517  -19.733  -4.038  58.956 0.0000000000
145518  -19.708  -3.696  59.576 0.0000000000
145519  -19.735  -3.390  60.159 0.0000000000
145520  -19.951  -3.821  60.676 0.0000000000
145521  -20.159  -4.147  61.271 0.0000000000
145522  -20.364  -4.526  61.754 0.0000000000
145523  -20.366  -5.659  61.143 0.0000000000
145524  -20.383  -5.296  61.633 0.0000000000
145525  -20.362  -4.912  62.202 0.0000000000
145529  -19.825  -11.006  57.248 0.0000000000
145530  -19.707  -10.640  57.617 0.0000000000
145531  -19.588  -10.303  57.964 0.0000000000
145532  -19.067  -11.207  58.193 0.0000000000
145533  -19.280  -10.563  58.235 0.0000000000
145534  -19.501  -10.044  58.279 0.0000000000
145535  -19.407  -9.691  58.655 0.0000000000
145536  -19.360  -9.335  59.073 0.0000000000
145537  -19.321  -8.996  59.485 0.0000000000
145538  -17.913  -12.546  59.359 0.0000000000
145539  -18.016  -11.799  59.310 0.0000000000
145540  -18.142  -11.121  59.306 0.0000000000
145541  -17.707  -10.896  60.074 0.0000000000
145542  -18.027  -10.683  59.702 0.0000000000
145543  -18.343  -10.388  59.404 0.0000000000
145544  -18.617  -9.798  59.526 0.0000000000
145545  -18.911  -9.200  59.724 0.0000000000
145546  -19.281  -8.631  59.933 0.0000000000
145547  -19.240  -8.232  60.401 0.0000000000
145548  -19.216  -7.844  60.849 0.0000000000
145549  -19.213  -7.463  61.361 0.0000000000
