#!ascii label  , from subject fsaverage vox2ras=TkReg
919
113  34.174  -13.677  15.478 0.0000000000
315  31.890  -24.485  13.890 0.0000000000
503  37.698  -13.779  9.087 0.0000000000
589  34.113  -24.431  5.199 0.0000000000
1304  35.635  -14.217  12.187 0.0000000000
1305  34.257  -18.755  7.473 0.0000000000
1306  34.516  -19.480  11.007 0.0000000000
1307  32.996  -28.318  13.494 0.0000000000
1308  35.340  -27.595  9.237 0.0000000000
1719  34.310  -19.464  14.731 0.0000000000
1720  34.214  -18.683  18.371 0.0000000000
1721  32.272  -24.201  17.993 0.0000000000
2401  35.032  -18.890  3.491 0.0000000000
2404  32.445  -24.526  9.336 0.0000000000
3224  34.668  -13.987  13.812 0.0000000000
3225  36.553  -16.799  11.971 0.0000000000
3226  35.967  -16.606  13.671 0.0000000000
3227  35.214  -29.050  13.361 0.0000000000
3825  34.851  -15.703  18.595 0.0000000000
5354  38.268  -13.492  7.377 0.0000000000
5355  35.943  -15.665  4.987 0.0000000000
5356  36.344  -15.784  6.929 0.0000000000
5357  33.546  -21.717  6.131 0.0000000000
5358  34.171  -21.766  4.146 0.0000000000
5362  32.952  -22.104  14.372 0.0000000000
5363  32.951  -22.226  12.147 0.0000000000
5364  32.010  -24.559  11.597 0.0000000000
5366  36.667  -27.135  7.314 0.0000000000
6956  36.767  -14.101  10.607 0.0000000000
6957  36.775  -16.152  8.668 0.0000000000
6958  36.923  -16.569  10.348 0.0000000000
6959  34.355  -19.055  9.278 0.0000000000
6960  33.148  -21.813  8.065 0.0000000000
6961  31.827  -26.720  13.611 0.0000000000
6962  32.349  -26.683  11.306 0.0000000000
6963  34.001  -28.003  11.348 0.0000000000
7850  34.291  -13.197  17.128 0.0000000000
7851  35.260  -16.455  15.315 0.0000000000
7852  34.847  -16.129  16.967 0.0000000000
7853  34.096  -19.109  16.606 0.0000000000
7854  32.908  -21.821  16.351 0.0000000000
7856  33.185  -21.530  18.264 0.0000000000
7857  31.938  -24.396  16.085 0.0000000000
7858  31.620  -26.743  15.818 0.0000000000
7859  32.538  -28.711  15.513 0.0000000000
7860  34.412  -29.932  15.008 0.0000000000
9029  34.589  -11.181  9.803 0.0000000000
9030  33.886  -11.174  11.433 0.0000000000
9031  33.621  -10.987  13.184 0.0000000000
9032  33.648  -10.676  14.906 0.0000000000
9041  34.265  -10.233  16.471 0.0000000000
9760  34.506  -18.672  5.554 0.0000000000
9766  34.543  -19.586  12.925 0.0000000000
9767  33.003  -21.953  10.113 0.0000000000
9768  33.169  -24.494  7.227 0.0000000000
9769  33.315  -26.565  9.120 0.0000000000
9770  34.455  -26.392  7.030 0.0000000000
9771  35.690  -26.193  5.066 0.0000000000
10904  34.391  -13.843  14.622 0.0000000000
10905  35.692  -15.236  13.861 0.0000000000
10906  35.258  -15.161  14.661 0.0000000000
13034  38.063  -13.655  8.255 0.0000000000
13035  37.732  -14.704  7.254 0.0000000000
13036  37.850  -14.868  8.112 0.0000000000
13037  33.676  -23.175  5.554 0.0000000000
13038  34.049  -23.149  4.567 0.0000000000
13039  34.598  -24.385  4.222 0.0000000000
13042  32.322  -23.318  14.184 0.0000000000
13043  32.314  -23.399  12.972 0.0000000000
13044  31.912  -24.488  12.771 0.0000000000
15434  36.208  -14.189  11.372 0.0000000000
15435  37.541  -15.235  10.669 0.0000000000
15436  37.126  -15.365  11.485 0.0000000000
15437  35.568  -18.144  11.518 0.0000000000
15438  35.542  -18.075  10.670 0.0000000000
15439  34.435  -19.262  10.166 0.0000000000
15440  33.539  -20.465  8.613 0.0000000000
15441  33.602  -20.570  9.603 0.0000000000
15442  32.241  -27.607  13.558 0.0000000000
15443  32.610  -27.589  12.386 0.0000000000
15444  33.447  -28.165  12.459 0.0000000000
17234  34.518  -13.022  17.847 0.0000000000
17235  34.672  -14.741  17.059 0.0000000000
17236  34.686  -14.468  17.890 0.0000000000
17237  34.606  -17.243  18.454 0.0000000000
17238  34.550  -17.352  17.682 0.0000000000
17239  34.100  -18.863  17.526 0.0000000000
17240  33.519  -20.532  16.478 0.0000000000
17241  33.567  -20.288  17.439 0.0000000000
17247  32.674  -22.909  18.107 0.0000000000
17248  32.509  -22.971  17.235 0.0000000000
17249  32.081  -24.257  17.113 0.0000000000
17250  31.642  -25.599  15.963 0.0000000000
17251  31.782  -25.518  16.992 0.0000000000
17253  31.862  -27.920  16.706 0.0000000000
17254  32.412  -28.888  16.491 0.0000000000
17255  33.377  -29.406  15.332 0.0000000000
20018  34.259  -11.110  10.617 0.0000000000
20023  33.568  -10.858  14.041 0.0000000000
20047  35.138  -8.623  16.649 0.0000000000
20048  34.720  -10.110  17.058 0.0000000000
21827  35.306  -17.246  4.257 0.0000000000
21828  35.544  -17.373  3.264 0.0000000000
21829  35.387  -18.996  2.494 0.0000000000
21832  35.322  -17.339  8.166 0.0000000000
21833  35.211  -17.178  7.261 0.0000000000
21834  34.330  -18.697  6.491 0.0000000000
21836  34.524  -21.792  3.211 0.0000000000
21847  34.952  -17.924  15.050 0.0000000000
21848  35.109  -18.111  14.106 0.0000000000
21849  34.438  -19.569  13.822 0.0000000000
21850  32.440  -23.330  10.758 0.0000000000
21851  32.966  -22.110  11.157 0.0000000000
21852  32.550  -23.229  9.732 0.0000000000
21853  32.728  -23.211  8.637 0.0000000000
21854  32.799  -24.523  8.271 0.0000000000
21855  33.572  -27.363  10.216 0.0000000000
21856  32.810  -26.622  10.176 0.0000000000
21857  34.208  -27.231  9.135 0.0000000000
21858  37.364  -26.927  6.333 0.0000000000
21859  35.463  -26.945  7.116 0.0000000000
21860  36.114  -26.794  6.137 0.0000000000
21861  35.090  -26.294  6.012 0.0000000000
21862  36.766  -26.655  5.168 0.0000000000
24236  35.141  -14.123  12.982 0.0000000000
24237  36.677  -15.378  12.333 0.0000000000
24238  36.231  -15.379  13.107 0.0000000000
24239  36.259  -16.716  12.813 0.0000000000
24240  35.478  -18.154  12.363 0.0000000000
24241  33.999  -28.787  13.514 0.0000000000
24242  34.576  -28.541  12.461 0.0000000000
24243  35.779  -28.599  12.492 0.0000000000
28070  38.432  -13.368  6.535 0.0000000000
28071  37.357  -14.395  5.401 0.0000000000
28072  37.569  -14.545  6.325 0.0000000000
28073  36.094  -15.687  5.966 0.0000000000
28074  35.160  -17.127  5.294 0.0000000000
28075  33.753  -20.232  6.788 0.0000000000
28076  33.956  -20.221  5.788 0.0000000000
28077  33.831  -21.709  5.152 0.0000000000
28078  34.471  -23.144  3.647 0.0000000000
28084  33.631  -20.852  14.528 0.0000000000
28085  33.680  -20.962  13.537 0.0000000000
28086  32.981  -22.223  13.274 0.0000000000
28087  32.363  -23.377  11.852 0.0000000000
28088  32.203  -24.540  10.428 0.0000000000
28090  35.977  -27.361  8.293 0.0000000000
31592  37.224  -13.927  9.838 0.0000000000
31593  37.904  -14.994  8.961 0.0000000000
31594  37.785  -15.116  9.844 0.0000000000
31595  36.935  -16.360  9.505 0.0000000000
31596  35.399  -17.519  9.023 0.0000000000
31597  36.739  -16.737  11.138 0.0000000000
31598  35.518  -17.779  9.877 0.0000000000
31599  34.281  -18.866  8.411 0.0000000000
31600  33.603  -20.334  7.679 0.0000000000
31601  33.307  -21.758  7.070 0.0000000000
31602  33.298  -23.177  6.556 0.0000000000
31603  31.708  -25.665  13.772 0.0000000000
31604  31.808  -25.602  12.605 0.0000000000
31605  32.016  -26.688  12.457 0.0000000000
31606  33.038  -27.462  11.290 0.0000000000
31607  34.664  -27.864  10.277 0.0000000000
31608  35.165  -28.242  11.493 0.0000000000
31609  35.884  -27.887  10.470 0.0000000000
31610  36.563  -27.536  9.528 0.0000000000
33926  34.143  -13.380  16.321 0.0000000000
33927  34.905  -15.067  15.478 0.0000000000
33928  34.691  -14.864  16.312 0.0000000000
33929  34.996  -16.232  16.177 0.0000000000
33930  34.733  -17.771  15.875 0.0000000000
33931  34.803  -15.936  17.786 0.0000000000
33932  34.603  -17.600  16.756 0.0000000000
33933  34.202  -19.213  15.704 0.0000000000
33934  33.570  -20.691  15.492 0.0000000000
33935  32.933  -21.949  15.363 0.0000000000
33936  32.355  -23.197  15.237 0.0000000000
33942  33.710  -20.121  18.334 0.0000000000
33943  32.976  -21.678  17.325 0.0000000000
33944  32.372  -23.121  16.242 0.0000000000
33945  31.890  -24.428  14.996 0.0000000000
33946  31.661  -25.615  14.896 0.0000000000
33947  31.679  -26.709  14.744 0.0000000000
33948  32.039  -27.712  14.649 0.0000000000
33949  31.648  -26.781  16.900 0.0000000000
33950  31.895  -27.824  15.767 0.0000000000
33951  32.672  -28.501  14.572 0.0000000000
33952  33.636  -29.112  14.434 0.0000000000
33953  34.731  -29.495  14.256 0.0000000000
37321  37.079  -12.402  7.824 0.0000000000
37322  36.630  -12.635  8.555 0.0000000000
37331  36.043  -12.758  9.292 0.0000000000
37332  35.467  -12.843  10.067 0.0000000000
37333  34.971  -12.942  10.859 0.0000000000
37334  34.492  -12.921  11.691 0.0000000000
37336  33.716  -11.047  12.311 0.0000000000
37337  34.059  -12.684  12.552 0.0000000000
37338  33.819  -12.564  13.436 0.0000000000
37339  33.712  -12.436  14.305 0.0000000000
37340  33.714  -12.229  15.167 0.0000000000
37366  33.892  -10.349  15.719 0.0000000000
37367  33.836  -11.975  16.076 0.0000000000
37368  34.135  -11.730  16.831 0.0000000000
37369  34.504  -11.502  17.500 0.0000000000
39508  35.983  -15.718  3.924 0.0000000000
39514  36.608  -15.954  7.807 0.0000000000
39515  35.107  -17.156  6.226 0.0000000000
39516  34.770  -18.753  4.510 0.0000000000
39517  34.200  -20.266  4.803 0.0000000000
39518  34.538  -20.241  3.870 0.0000000000
39519  34.867  -20.388  2.822 0.0000000000
39532  35.597  -16.570  14.509 0.0000000000
39533  35.299  -18.149  13.225 0.0000000000
39534  34.545  -19.639  11.968 0.0000000000
39535  33.680  -20.951  12.531 0.0000000000
39536  33.681  -20.870  11.567 0.0000000000
39537  33.643  -20.721  10.596 0.0000000000
39538  33.016  -21.914  9.109 0.0000000000
39539  32.988  -23.201  7.537 0.0000000000
39540  33.612  -24.428  6.180 0.0000000000
39541  32.029  -25.697  11.351 0.0000000000
39542  32.348  -25.686  10.223 0.0000000000
39543  32.759  -25.654  9.145 0.0000000000
39544  34.833  -27.065  8.064 0.0000000000
39545  33.832  -26.490  8.055 0.0000000000
39546  33.232  -25.635  8.059 0.0000000000
39547  33.716  -25.612  7.002 0.0000000000
39548  34.205  -25.479  6.058 0.0000000000
39549  34.807  -25.442  5.059 0.0000000000
41624  34.288  -13.764  15.050 0.0000000000
41625  34.836  -14.511  14.650 0.0000000000
41626  34.660  -14.451  15.051 0.0000000000
43754  37.916  -13.742  8.675 0.0000000000
43755  38.132  -14.260  8.229 0.0000000000
43756  38.082  -14.321  8.684 0.0000000000
43757  33.842  -23.865  5.352 0.0000000000
43758  34.054  -23.796  4.883 0.0000000000
43759  34.333  -24.395  4.725 0.0000000000
43760  34.965  -24.906  4.142 0.0000000000
43761  34.671  -24.934  4.625 0.0000000000
43762  32.080  -23.898  14.041 0.0000000000
43763  32.057  -23.890  13.503 0.0000000000
43764  31.895  -24.477  13.324 0.0000000000
46154  35.922  -14.206  11.779 0.0000000000
46155  36.838  -14.745  11.466 0.0000000000
46156  36.527  -14.780  11.874 0.0000000000
46157  35.042  -18.811  11.268 0.0000000000
46158  34.993  -18.736  10.838 0.0000000000
46159  34.489  -19.366  10.602 0.0000000000
46160  33.994  -19.898  9.910 0.0000000000
46161  34.034  -19.985  10.372 0.0000000000
46162  32.577  -27.993  13.524 0.0000000000
46163  32.737  -27.939  13.017 0.0000000000
46164  33.230  -28.248  12.977 0.0000000000
47955  34.588  -13.757  17.882 0.0000000000
47957  34.425  -17.965  18.407 0.0000000000
47958  34.366  -18.041  18.013 0.0000000000
47959  34.123  -18.816  17.957 0.0000000000
47960  33.838  -19.582  17.485 0.0000000000
47961  33.876  -19.506  17.918 0.0000000000
47967  32.464  -23.553  18.039 0.0000000000
47968  32.365  -23.551  17.632 0.0000000000
47969  32.172  -24.220  17.577 0.0000000000
47970  31.915  -24.895  17.051 0.0000000000
47971  32.002  -24.868  17.541 0.0000000000
47975  32.804  -29.327  16.330 0.0000000000
50768  35.376  -8.637  16.873 0.0000000000
52546  37.892  -13.759  5.054 0.0000000000
52547  35.141  -18.083  3.870 0.0000000000
52548  35.280  -18.137  3.382 0.0000000000
52549  35.203  -18.958  2.980 0.0000000000
52550  35.319  -19.732  2.137 0.0000000000
52551  35.128  -19.688  2.656 0.0000000000
52552  34.693  -18.025  7.810 0.0000000000
52553  34.710  -17.976  7.350 0.0000000000
52554  34.307  -18.727  6.974 0.0000000000
52567  34.641  -18.701  14.890 0.0000000000
52568  34.727  -18.739  14.457 0.0000000000
52569  34.383  -19.553  14.257 0.0000000000
52570  32.369  -23.912  10.040 0.0000000000
52571  32.488  -23.283  10.252 0.0000000000
52572  32.455  -23.876  9.521 0.0000000000
52573  32.583  -23.888  8.984 0.0000000000
52574  32.627  -24.517  8.816 0.0000000000
52575  34.397  -27.541  9.691 0.0000000000
52576  33.872  -27.307  9.675 0.0000000000
52577  34.733  -27.456  9.182 0.0000000000
52579  36.732  -26.950  6.218 0.0000000000
52580  37.059  -26.830  5.733 0.0000000000
52581  36.458  -26.720  5.650 0.0000000000
55754  34.837  -14.024  13.378 0.0000000000
55755  35.761  -14.773  13.060 0.0000000000
55756  35.459  -14.703  13.454 0.0000000000
55757  36.029  -15.900  13.817 0.0000000000
55758  36.149  -15.950  13.411 0.0000000000
55759  36.111  -16.660  13.236 0.0000000000
55760  35.914  -17.426  12.582 0.0000000000
55761  35.843  -17.397  12.996 0.0000000000
55762  34.602  -28.941  13.454 0.0000000000
55763  34.826  -28.782  12.994 0.0000000000
55764  35.486  -28.827  12.915 0.0000000000
62144  38.317  -13.436  6.942 0.0000000000
62145  38.180  -14.027  6.408 0.0000000000
62146  38.143  -14.057  6.861 0.0000000000
62147  37.095  -15.238  7.120 0.0000000000
62148  37.020  -15.130  6.681 0.0000000000
62149  36.241  -15.731  6.465 0.0000000000
62150  35.479  -16.386  5.669 0.0000000000
62151  35.613  -16.402  6.147 0.0000000000
62152  33.611  -20.975  6.444 0.0000000000
62153  33.716  -20.915  5.994 0.0000000000
62154  33.678  -21.683  5.663 0.0000000000
62155  34.538  -23.820  3.906 0.0000000000
62156  34.221  -23.130  4.124 0.0000000000
62167  33.283  -21.504  14.439 0.0000000000
62168  33.289  -21.601  13.905 0.0000000000
62169  32.969  -22.169  13.844 0.0000000000
62170  32.104  -23.966  12.307 0.0000000000
62171  32.353  -23.387  12.439 0.0000000000
62172  32.146  -23.969  11.715 0.0000000000
62173  32.202  -23.952  11.126 0.0000000000
62174  32.098  -24.550  11.010 0.0000000000
69344  37.037  -14.024  10.241 0.0000000000
69345  37.655  -14.501  9.889 0.0000000000
69346  37.557  -14.558  10.327 0.0000000000
69347  37.365  -15.913  10.528 0.0000000000
69348  37.451  -15.815  10.119 0.0000000000
69349  36.954  -16.457  9.925 0.0000000000
69350  36.181  -16.924  9.287 0.0000000000
69351  36.187  -17.045  9.710 0.0000000000
69352  36.782  -16.063  12.201 0.0000000000
69353  37.019  -16.082  11.751 0.0000000000
69354  36.647  -16.802  11.550 0.0000000000
69355  34.936  -18.540  10.016 0.0000000000
69356  35.535  -17.932  10.275 0.0000000000
69357  34.894  -18.407  9.581 0.0000000000
69358  34.816  -18.261  9.157 0.0000000000
69359  34.285  -18.939  8.831 0.0000000000
69360  33.880  -19.592  8.080 0.0000000000
69361  33.895  -19.668  8.497 0.0000000000
69362  33.302  -21.147  8.346 0.0000000000
69363  33.351  -21.091  7.824 0.0000000000
69364  33.201  -21.796  7.545 0.0000000000
69365  33.264  -22.485  6.794 0.0000000000
69366  33.130  -22.467  7.270 0.0000000000
69367  31.726  -26.216  13.694 0.0000000000
69368  31.765  -26.231  13.106 0.0000000000
69369  31.920  -26.723  13.021 0.0000000000
69370  33.231  -27.828  11.863 0.0000000000
69371  32.813  -27.505  11.846 0.0000000000
69372  33.447  -27.766  11.326 0.0000000000
69373  33.738  -27.709  10.775 0.0000000000
69374  34.274  -27.923  10.823 0.0000000000
69375  35.501  -28.403  11.995 0.0000000000
69376  34.858  -28.379  11.957 0.0000000000
69377  35.821  -28.205  11.517 0.0000000000
69381  36.231  -27.728  9.992 0.0000000000
74744  34.233  -13.285  16.733 0.0000000000
74745  34.429  -14.165  16.338 0.0000000000
74746  34.437  -14.050  16.737 0.0000000000
74747  34.812  -15.440  17.023 0.0000000000
74748  34.817  -15.476  16.652 0.0000000000
74749  34.887  -16.178  16.573 0.0000000000
74750  34.933  -16.992  16.032 0.0000000000
74751  34.863  -16.921  16.451 0.0000000000
74753  34.827  -15.089  18.226 0.0000000000
74754  34.826  -15.814  18.203 0.0000000000
74755  34.332  -18.230  17.138 0.0000000000
74756  34.545  -17.496  17.218 0.0000000000
74757  34.369  -18.337  16.678 0.0000000000
74758  34.423  -18.423  16.218 0.0000000000
74759  34.143  -19.171  16.147 0.0000000000
74760  33.905  -19.967  15.594 0.0000000000
74761  33.851  -19.918  16.063 0.0000000000
74762  33.195  -21.214  16.377 0.0000000000
74763  33.212  -21.283  15.910 0.0000000000
74764  32.907  -21.908  15.865 0.0000000000
74765  32.633  -22.575  15.309 0.0000000000
74766  32.605  -22.553  15.819 0.0000000000
74778  33.330  -21.448  18.686 0.0000000000
74780  33.591  -20.728  18.728 0.0000000000
74781  33.832  -20.022  18.724 0.0000000000
74782  33.452  -20.826  18.311 0.0000000000
74783  33.340  -20.910  17.871 0.0000000000
74784  33.070  -21.611  17.800 0.0000000000
74785  32.192  -23.690  16.685 0.0000000000
74786  32.419  -23.061  16.738 0.0000000000
74787  32.129  -23.763  16.176 0.0000000000
74788  32.108  -23.795  15.661 0.0000000000
74789  31.908  -24.425  15.560 0.0000000000
74790  31.752  -25.048  14.939 0.0000000000
74791  31.758  -25.038  15.476 0.0000000000
74792  31.577  -26.163  15.870 0.0000000000
74793  31.607  -26.154  15.359 0.0000000000
74794  31.638  -26.724  15.274 0.0000000000
74795  31.827  -27.231  14.671 0.0000000000
74796  31.744  -27.276  15.200 0.0000000000
74798  31.754  -26.138  17.451 0.0000000000
74799  31.724  -26.779  17.392 0.0000000000
74800  32.143  -28.370  16.118 0.0000000000
74801  31.884  -27.870  16.254 0.0000000000
74802  32.190  -28.301  15.648 0.0000000000
74803  32.237  -28.227  15.148 0.0000000000
74804  32.599  -28.615  15.059 0.0000000000
74805  33.119  -28.833  14.508 0.0000000000
74806  33.035  -28.970  14.946 0.0000000000
74807  33.878  -29.678  15.197 0.0000000000
74808  34.020  -29.491  14.785 0.0000000000
74809  34.559  -29.701  14.640 0.0000000000
74810  35.323  -29.635  14.047 0.0000000000
83068  36.875  -12.529  8.185 0.0000000000
83091  35.427  -12.037  9.090 0.0000000000
83092  35.208  -12.074  9.485 0.0000000000
83093  35.767  -12.818  9.677 0.0000000000
83094  34.955  -12.091  9.865 0.0000000000
83095  34.083  -11.116  11.028 0.0000000000
83096  34.482  -12.058  10.676 0.0000000000
83097  34.285  -12.108  11.095 0.0000000000
83098  34.736  -12.987  11.256 0.0000000000
83099  34.108  -12.123  11.506 0.0000000000
83103  33.704  -10.072  13.124 0.0000000000
83104  33.708  -10.069  12.694 0.0000000000
83105  33.659  -11.029  12.758 0.0000000000
83106  33.794  -11.903  12.412 0.0000000000
83107  33.686  -11.863  12.839 0.0000000000
83108  33.933  -12.636  12.996 0.0000000000
83109  33.640  -11.807  13.285 0.0000000000
83110  33.584  -10.773  14.460 0.0000000000
83111  33.540  -11.664  14.148 0.0000000000
83112  33.579  -11.568  14.599 0.0000000000
83113  33.699  -12.325  14.749 0.0000000000
83114  33.608  -11.426  15.050 0.0000000000
83178  34.445  -9.434  16.260 0.0000000000
83179  34.218  -9.511  15.902 0.0000000000
83180  34.091  -10.275  16.107 0.0000000000
83181  33.824  -11.188  15.909 0.0000000000
83182  33.951  -11.126  16.306 0.0000000000
83183  33.977  -11.844  16.458 0.0000000000
83184  34.148  -10.999  16.659 0.0000000000
83186  34.584  -10.801  17.291 0.0000000000
88522  36.622  -14.995  5.244 0.0000000000
88523  36.569  -14.971  4.723 0.0000000000
88524  35.968  -15.693  4.457 0.0000000000
88525  35.602  -18.220  2.399 0.0000000000
88526  35.670  -17.436  2.724 0.0000000000
88537  37.480  -15.602  8.838 0.0000000000
88538  37.377  -15.504  8.408 0.0000000000
88539  36.696  -16.062  8.241 0.0000000000
88540  34.731  -17.898  6.397 0.0000000000
88541  35.167  -17.142  6.770 0.0000000000
88542  34.750  -17.917  5.864 0.0000000000
88543  34.827  -17.954  5.361 0.0000000000
88544  34.617  -18.702  5.033 0.0000000000
88545  34.005  -20.989  4.971 0.0000000000
88546  34.055  -20.254  5.262 0.0000000000
88547  34.145  -21.028  4.473 0.0000000000
88549  34.496  -21.039  3.521 0.0000000000
88550  34.663  -21.041  3.024 0.0000000000
88551  34.705  -20.303  3.361 0.0000000000
88582  35.161  -15.750  15.422 0.0000000000
88583  35.366  -15.823  15.001 0.0000000000
88584  35.426  -16.547  14.889 0.0000000000
88585  34.861  -18.856  13.548 0.0000000000
88586  35.215  -18.108  13.708 0.0000000000
88587  34.924  -18.861  13.100 0.0000000000
88588  34.975  -18.896  12.609 0.0000000000
88589  34.555  -19.588  12.460 0.0000000000
88590  33.315  -21.625  12.863 0.0000000000
88591  33.693  -20.979  13.039 0.0000000000
88592  33.300  -21.623  12.351 0.0000000000
88593  32.981  -22.027  10.673 0.0000000000
88594  33.319  -21.503  11.360 0.0000000000
88595  33.312  -21.405  10.897 0.0000000000
88596  33.670  -20.785  11.086 0.0000000000
88597  33.305  -21.344  10.383 0.0000000000
88598  33.285  -21.299  9.880 0.0000000000
88599  33.022  -21.926  9.617 0.0000000000
88600  32.849  -23.919  7.840 0.0000000000
88601  32.849  -23.230  8.056 0.0000000000
88602  33.040  -23.869  7.360 0.0000000000
88603  33.216  -23.838  6.842 0.0000000000
88604  33.371  -24.444  6.711 0.0000000000
88605  32.001  -26.159  11.918 0.0000000000
88606  31.913  -25.636  11.979 0.0000000000
88607  32.151  -26.200  11.282 0.0000000000
88608  33.074  -26.608  9.631 0.0000000000
88609  32.531  -26.190  10.182 0.0000000000
88610  32.747  -26.165  9.650 0.0000000000
88611  32.539  -25.693  9.671 0.0000000000
88612  33.004  -26.140  9.107 0.0000000000
88613  36.290  -27.267  7.783 0.0000000000
88614  35.371  -27.256  8.178 0.0000000000
88615  35.688  -27.178  7.688 0.0000000000
88616  34.926  -26.703  7.064 0.0000000000
88617  34.615  -26.756  7.558 0.0000000000
88618  34.144  -26.448  7.549 0.0000000000
88619  33.504  -26.090  8.037 0.0000000000
88620  33.779  -26.057  7.521 0.0000000000
88621  33.480  -25.626  7.531 0.0000000000
88622  34.048  -26.022  7.007 0.0000000000
88623  35.381  -26.243  5.542 0.0000000000
88624  34.618  -25.931  6.028 0.0000000000
88625  34.923  -25.880  5.523 0.0000000000
88626  34.509  -25.461  5.548 0.0000000000
88627  35.215  -25.836  5.038 0.0000000000
88628  35.519  -25.794  4.554 0.0000000000
88629  35.997  -26.128  4.586 0.0000000000
93356  34.492  -13.930  14.243 0.0000000000
93357  35.208  -14.625  13.854 0.0000000000
93358  35.000  -14.576  14.263 0.0000000000
93359  35.450  -15.209  14.257 0.0000000000
93360  35.746  -15.882  14.204 0.0000000000
93361  35.803  -29.137  13.285 0.0000000000
97190  38.116  -13.581  7.824 0.0000000000
97191  38.214  -14.124  7.366 0.0000000000
97192  38.128  -14.184  7.798 0.0000000000
97193  37.805  -14.793  7.697 0.0000000000
97194  37.194  -15.322  7.555 0.0000000000
97195  33.570  -22.459  5.825 0.0000000000
97196  33.725  -22.463  5.310 0.0000000000
97197  33.856  -23.144  5.072 0.0000000000
97198  34.278  -23.797  4.392 0.0000000000
97199  34.881  -24.402  3.735 0.0000000000
97204  32.612  -22.711  14.288 0.0000000000
97205  32.625  -22.768  13.715 0.0000000000
97206  32.309  -23.353  13.581 0.0000000000
97207  32.072  -23.931  12.890 0.0000000000
97208  31.916  -24.510  12.188 0.0000000000
101510  36.474  -14.146  11.003 0.0000000000
101511  37.272  -14.650  10.691 0.0000000000
101512  37.058  -14.712  11.072 0.0000000000
101513  37.363  -15.326  11.065 0.0000000000
101514  37.266  -15.986  10.959 0.0000000000
101515  36.077  -17.491  11.743 0.0000000000
101516  36.123  -17.482  11.335 0.0000000000
101517  35.543  -18.121  11.093 0.0000000000
101518  34.957  -18.672  10.420 0.0000000000
101519  34.405  -19.133  9.753 0.0000000000
101520  33.898  -19.748  8.963 0.0000000000
101521  33.952  -19.801  9.452 0.0000000000
101522  33.576  -20.506  9.123 0.0000000000
101523  33.296  -21.193  8.836 0.0000000000
101524  32.004  -27.181  13.570 0.0000000000
101525  32.148  -27.178  12.982 0.0000000000
101526  32.425  -27.588  12.976 0.0000000000
101527  32.981  -27.894  12.438 0.0000000000
101528  33.713  -28.109  11.899 0.0000000000
104750  34.392  -13.155  17.485 0.0000000000
104751  34.476  -13.987  17.103 0.0000000000
104752  34.518  -13.918  17.488 0.0000000000
104753  34.661  -14.610  17.474 0.0000000000
104754  34.769  -15.321  17.435 0.0000000000
104755  34.792  -16.427  18.514 0.0000000000
104756  34.732  -16.523  18.147 0.0000000000
104757  34.570  -17.265  18.087 0.0000000000
104758  34.343  -18.116  17.584 0.0000000000
104759  34.093  -18.971  17.070 0.0000000000
104760  33.815  -19.836  16.550 0.0000000000
104761  33.822  -19.681  17.032 0.0000000000
104762  33.528  -20.402  16.954 0.0000000000
104763  33.228  -21.080  16.890 0.0000000000
104772  33.073  -22.160  18.616 0.0000000000
104773  32.902  -22.243  18.203 0.0000000000
104774  32.823  -22.276  17.752 0.0000000000
104775  32.593  -22.917  17.697 0.0000000000
104776  32.281  -23.604  17.178 0.0000000000
104777  31.991  -24.323  16.625 0.0000000000
104778  31.776  -25.005  16.018 0.0000000000
104779  31.834  -24.941  16.556 0.0000000000
104780  31.715  -25.548  16.480 0.0000000000
104781  31.640  -26.153  16.408 0.0000000000
104783  31.767  -27.379  17.310 0.0000000000
104784  31.884  -27.942  17.221 0.0000000000
104785  32.098  -28.420  16.623 0.0000000000
104786  32.422  -28.812  15.990 0.0000000000
104787  32.941  -29.083  15.409 0.0000000000
104788  32.880  -29.221  15.845 0.0000000000
104789  33.307  -29.564  15.748 0.0000000000
104790  33.769  -29.870  15.628 0.0000000000
109760  34.456  -11.152  10.221 0.0000000000
109768  33.645  -10.074  13.537 0.0000000000
109769  33.575  -10.940  13.620 0.0000000000
109770  33.690  -9.996  13.951 0.0000000000
109771  33.706  -9.925  14.362 0.0000000000
109772  33.780  -9.843  14.760 0.0000000000
109812  34.900  -8.622  16.380 0.0000000000
109813  34.678  -9.390  16.575 0.0000000000
109814  34.474  -10.163  16.792 0.0000000000
109815  34.909  -9.383  16.835 0.0000000000
109816  35.146  -9.362  17.061 0.0000000000
113017  35.533  -16.426  4.638 0.0000000000
113018  35.622  -16.489  4.134 0.0000000000
113019  35.400  -17.324  3.768 0.0000000000
113020  35.451  -18.186  2.894 0.0000000000
113026  36.034  -16.723  8.445 0.0000000000
113027  35.921  -16.623  8.008 0.0000000000
113028  35.249  -17.256  7.723 0.0000000000
113029  34.671  -17.906  6.863 0.0000000000
113030  34.412  -18.687  6.025 0.0000000000
113031  34.461  -22.457  3.414 0.0000000000
113032  34.345  -21.770  3.690 0.0000000000
113053  35.177  -17.172  15.168 0.0000000000
113054  35.273  -17.280  14.722 0.0000000000
113055  35.019  -18.026  14.569 0.0000000000
113056  34.787  -18.818  13.979 0.0000000000
113057  34.500  -19.621  13.345 0.0000000000
113058  32.659  -22.754  11.447 0.0000000000
113059  32.955  -22.179  11.660 0.0000000000
113060  32.675  -22.717  10.954 0.0000000000
113061  32.691  -22.654  10.440 0.0000000000
113062  32.740  -22.596  9.920 0.0000000000
113063  32.801  -22.560  9.381 0.0000000000
113064  32.621  -23.212  9.201 0.0000000000
113065  32.714  -23.878  8.444 0.0000000000
113066  32.962  -24.514  7.728 0.0000000000
113067  32.834  -27.091  10.795 0.0000000000
113068  32.544  -26.640  10.748 0.0000000000
113069  33.154  -27.027  10.205 0.0000000000
113070  33.467  -26.994  9.625 0.0000000000
113071  33.764  -26.933  9.091 0.0000000000
113072  37.023  -27.030  6.817 0.0000000000
113073  36.054  -27.089  7.194 0.0000000000
113074  36.399  -27.006  6.712 0.0000000000
113075  35.784  -26.868  6.633 0.0000000000
113076  35.234  -26.646  6.543 0.0000000000
113077  34.780  -26.367  6.486 0.0000000000
113078  35.585  -26.579  6.052 0.0000000000
113079  35.895  -26.532  5.564 0.0000000000
113080  36.195  -26.467  5.109 0.0000000000
117992  35.367  -14.195  12.587 0.0000000000
117993  36.259  -14.767  12.316 0.0000000000
117994  36.006  -14.787  12.683 0.0000000000
117995  36.505  -15.382  12.743 0.0000000000
117996  36.609  -16.051  12.595 0.0000000000
117997  35.931  -15.293  13.485 0.0000000000
117998  36.425  -15.990  13.048 0.0000000000
117999  36.445  -16.780  12.364 0.0000000000
118000  36.041  -17.486  12.141 0.0000000000
118001  35.528  -18.131  11.943 0.0000000000
118002  35.033  -18.867  11.705 0.0000000000
118003  33.424  -28.582  13.545 0.0000000000
118004  33.726  -28.498  12.978 0.0000000000
118005  34.254  -28.678  12.982 0.0000000000
118006  35.171  -28.590  12.490 0.0000000000
118007  36.094  -28.357  12.056 0.0000000000
120521  34.715  -17.146  18.860 0.0000000000
120522  34.541  -17.869  18.822 0.0000000000
120534  32.109  -24.838  17.982 0.0000000000
126938  38.405  -13.343  6.055 0.0000000000
126939  37.996  -13.874  5.484 0.0000000000
126940  38.052  -13.944  5.959 0.0000000000
126941  37.473  -14.465  5.886 0.0000000000
126942  36.765  -15.028  5.751 0.0000000000
126943  37.668  -14.613  6.778 0.0000000000
126944  36.854  -15.084  6.190 0.0000000000
126945  36.036  -15.673  5.469 0.0000000000
126946  35.545  -16.411  5.134 0.0000000000
126947  35.217  -17.193  4.763 0.0000000000
126948  34.981  -18.011  4.382 0.0000000000
126949  33.956  -19.499  7.129 0.0000000000
126950  34.018  -19.501  6.612 0.0000000000
126951  33.837  -20.195  6.301 0.0000000000
126952  33.863  -20.949  5.484 0.0000000000
126953  34.015  -21.727  4.662 0.0000000000
126954  33.902  -22.454  4.810 0.0000000000
126955  34.086  -22.448  4.378 0.0000000000
126956  34.276  -22.465  3.893 0.0000000000
126970  34.001  -20.127  14.669 0.0000000000
126971  34.019  -20.253  14.141 0.0000000000
126972  33.645  -20.925  14.029 0.0000000000
126973  33.319  -21.618  13.382 0.0000000000
126974  32.954  -22.242  12.665 0.0000000000
126975  32.654  -22.791  13.186 0.0000000000
126976  32.642  -22.804  12.574 0.0000000000
126977  32.642  -22.798  11.977 0.0000000000
126978  32.390  -23.355  11.271 0.0000000000
126979  32.269  -23.937  10.559 0.0000000000
126980  32.336  -24.532  9.886 0.0000000000
126981  36.300  -27.500  8.909 0.0000000000
126982  35.688  -27.481  8.779 0.0000000000
126983  36.629  -27.362  8.411 0.0000000000
126984  36.940  -27.226  7.924 0.0000000000
136220  37.494  -13.823  9.461 0.0000000000
136221  37.966  -14.372  9.069 0.0000000000
136222  37.896  -14.400  9.491 0.0000000000
136223  37.823  -15.050  9.404 0.0000000000
136224  37.456  -15.672  9.264 0.0000000000
136225  37.666  -15.166  10.261 0.0000000000
136226  37.535  -15.776  9.689 0.0000000000
136227  36.862  -16.251  9.097 0.0000000000
136228  36.125  -16.802  8.882 0.0000000000
136229  35.370  -17.408  8.594 0.0000000000
136230  34.753  -18.079  8.273 0.0000000000
136231  36.935  -15.390  11.909 0.0000000000
136232  37.075  -16.039  11.348 0.0000000000
136233  36.824  -16.647  10.748 0.0000000000
136234  36.156  -17.443  10.908 0.0000000000
136235  36.192  -17.304  10.517 0.0000000000
136236  36.240  -17.188  10.139 0.0000000000
136237  35.461  -17.642  9.456 0.0000000000
136238  34.793  -18.162  8.729 0.0000000000
136239  34.270  -18.802  7.948 0.0000000000
136240  33.918  -19.547  7.615 0.0000000000
136241  33.687  -20.292  7.233 0.0000000000
136242  33.515  -21.017  6.900 0.0000000000
136243  33.584  -20.387  8.153 0.0000000000
136244  33.424  -21.034  7.361 0.0000000000
136245  33.393  -21.716  6.624 0.0000000000
136246  33.396  -22.472  6.323 0.0000000000
136247  33.485  -23.175  6.072 0.0000000000
136248  33.645  -23.839  5.855 0.0000000000
136249  31.772  -25.085  13.834 0.0000000000
136250  31.792  -25.056  13.255 0.0000000000
136251  31.748  -25.632  13.205 0.0000000000
136252  31.858  -26.156  12.526 0.0000000000
136253  32.153  -26.685  11.888 0.0000000000
136254  32.280  -27.183  12.409 0.0000000000
136255  32.454  -27.128  11.854 0.0000000000
136256  32.647  -27.102  11.305 0.0000000000
136257  33.281  -27.425  10.754 0.0000000000
136258  34.060  -27.636  10.223 0.0000000000
136259  34.987  -27.704  9.765 0.0000000000
136260  33.979  -28.386  12.452 0.0000000000
136261  34.219  -28.273  11.925 0.0000000000
136262  34.575  -28.164  11.409 0.0000000000
136263  36.140  -27.985  11.077 0.0000000000
136264  35.517  -28.071  10.984 0.0000000000
136265  34.922  -28.042  10.871 0.0000000000
136266  35.275  -27.919  10.367 0.0000000000
136267  35.597  -27.771  9.880 0.0000000000
136268  35.922  -27.634  9.393 0.0000000000
142874  34.158  -13.524  15.899 0.0000000000
142875  34.522  -14.361  15.489 0.0000000000
142876  34.457  -14.253  15.910 0.0000000000
142877  34.779  -14.976  15.903 0.0000000000
142878  35.045  -15.620  15.860 0.0000000000
142879  34.672  -14.788  16.702 0.0000000000
142880  34.892  -15.539  16.262 0.0000000000
142881  35.120  -16.315  15.753 0.0000000000
142882  35.042  -17.062  15.614 0.0000000000
142883  34.842  -17.840  15.468 0.0000000000
142884  34.535  -18.636  15.293 0.0000000000
142886  34.775  -15.203  17.846 0.0000000000
142887  34.806  -16.042  17.379 0.0000000000
142888  34.726  -16.653  17.729 0.0000000000
142889  34.735  -16.763  17.298 0.0000000000
142890  34.769  -16.859  16.865 0.0000000000
142891  34.677  -17.684  16.303 0.0000000000
142892  34.466  -18.529  15.755 0.0000000000
142893  34.259  -19.336  15.225 0.0000000000
142894  33.956  -20.051  15.128 0.0000000000
142895  33.606  -20.785  14.989 0.0000000000
142896  33.272  -21.408  14.936 0.0000000000
142897  33.528  -20.632  15.981 0.0000000000
142898  33.235  -21.356  15.416 0.0000000000
142899  32.956  -22.010  14.866 0.0000000000
142900  32.644  -22.620  14.791 0.0000000000
142901  32.348  -23.238  14.719 0.0000000000
142902  32.096  -23.851  14.582 0.0000000000
142911  34.329  -18.572  18.795 0.0000000000
142919  34.093  -19.288  18.768 0.0000000000
142920  33.974  -19.393  18.355 0.0000000000
142921  33.614  -20.207  17.893 0.0000000000
142922  33.266  -20.971  17.390 0.0000000000
142923  32.935  -21.722  16.853 0.0000000000
142924  32.721  -22.360  17.266 0.0000000000
142925  32.660  -22.425  16.784 0.0000000000
142926  32.629  -22.474  16.304 0.0000000000
142927  32.345  -23.172  15.743 0.0000000000
142928  32.103  -23.819  15.131 0.0000000000
142929  31.901  -24.473  14.457 0.0000000000
142930  31.758  -25.079  14.383 0.0000000000
142931  31.659  -25.668  14.340 0.0000000000
142932  31.670  -26.211  14.272 0.0000000000
142933  31.649  -25.589  15.437 0.0000000000
142934  31.632  -26.154  14.835 0.0000000000
142935  31.743  -26.726  14.194 0.0000000000
142936  31.895  -27.204  14.135 0.0000000000
142937  32.122  -27.665  14.095 0.0000000000
142938  32.443  -28.056  14.084 0.0000000000
142939  31.862  -25.505  17.496 0.0000000000
142940  31.683  -26.166  16.936 0.0000000000
142941  31.624  -26.770  16.361 0.0000000000
142942  31.699  -27.349  16.848 0.0000000000
142943  31.694  -27.325  16.355 0.0000000000
142944  31.720  -27.297  15.794 0.0000000000
142945  31.949  -27.791  15.191 0.0000000000
142946  32.310  -28.135  14.635 0.0000000000
142947  32.818  -28.393  14.065 0.0000000000
142948  33.264  -28.688  14.043 0.0000000000
142949  33.813  -28.946  13.990 0.0000000000
142950  34.399  -29.129  13.886 0.0000000000
142951  33.512  -29.252  14.883 0.0000000000
142952  34.208  -29.328  14.331 0.0000000000
142953  34.953  -29.283  13.806 0.0000000000
142954  35.522  -29.404  13.682 0.0000000000
152922  38.346  -12.676  6.477 0.0000000000
152923  38.185  -12.747  6.873 0.0000000000
152924  38.054  -12.819  7.269 0.0000000000
152927  37.822  -12.948  7.644 0.0000000000
152928  37.674  -13.068  8.043 0.0000000000
152929  37.496  -13.161  8.430 0.0000000000
152930  37.232  -13.209  8.803 0.0000000000
152955  35.699  -11.948  8.718 0.0000000000
152956  36.299  -12.671  8.921 0.0000000000
152957  36.928  -13.241  9.196 0.0000000000
152958  36.649  -13.339  9.573 0.0000000000
152959  36.376  -13.428  9.953 0.0000000000
152960  36.157  -13.506  10.333 0.0000000000
152961  34.739  -12.059  10.281 0.0000000000
152962  35.216  -12.875  10.458 0.0000000000
152963  35.910  -13.594  10.719 0.0000000000
152964  35.573  -13.627  11.114 0.0000000000
152965  35.299  -13.608  11.528 0.0000000000
152966  35.017  -13.595  11.942 0.0000000000
152971  33.759  -10.111  12.268 0.0000000000
152972  33.806  -11.114  11.863 0.0000000000
152973  33.925  -12.034  11.951 0.0000000000
152974  34.237  -12.752  12.131 0.0000000000
152975  34.761  -13.528  12.348 0.0000000000
152976  34.547  -13.496  12.761 0.0000000000
152977  34.337  -13.344  13.180 0.0000000000
152978  34.191  -13.310  13.589 0.0000000000
152979  33.574  -11.731  13.732 0.0000000000
152980  33.730  -12.526  13.849 0.0000000000
152981  34.059  -13.277  14.021 0.0000000000
152982  34.010  -13.165  14.459 0.0000000000
152983  33.949  -13.092  14.863 0.0000000000
152984  33.914  -12.989  15.321 0.0000000000
153059  33.896  -9.744  15.166 0.0000000000
153061  33.980  -9.649  15.538 0.0000000000
153062  33.755  -10.525  15.320 0.0000000000
153063  33.713  -11.287  15.471 0.0000000000
153064  33.764  -12.139  15.621 0.0000000000
153065  33.922  -12.838  15.785 0.0000000000
153066  33.952  -12.676  16.206 0.0000000000
153067  34.077  -12.558  16.597 0.0000000000
153068  34.192  -12.464  16.983 0.0000000000
153069  34.354  -10.890  17.013 0.0000000000
153070  34.313  -11.620  17.190 0.0000000000
153071  34.326  -12.382  17.349 0.0000000000
153072  34.476  -12.266  17.709 0.0000000000
159478  37.242  -14.333  4.916 0.0000000000
159479  36.427  -14.982  4.211 0.0000000000
159481  35.697  -16.539  3.592 0.0000000000
159482  35.767  -16.621  3.059 0.0000000000
159496  37.875  -14.935  8.526 0.0000000000
159497  37.301  -15.427  7.970 0.0000000000
159498  36.477  -15.861  7.359 0.0000000000
159499  35.865  -16.531  7.572 0.0000000000
159500  35.775  -16.469  7.094 0.0000000000
159501  35.655  -16.446  6.608 0.0000000000
159502  35.151  -17.129  5.779 0.0000000000
159503  34.927  -17.950  4.891 0.0000000000
159504  34.904  -18.802  3.997 0.0000000000
159505  34.108  -19.481  6.121 0.0000000000
159506  34.188  -19.478  5.642 0.0000000000
159507  34.321  -19.479  5.160 0.0000000000
159508  34.306  -21.048  3.998 0.0000000000
159509  34.359  -20.259  4.322 0.0000000000
159510  34.468  -19.471  4.682 0.0000000000
159511  34.624  -19.490  4.216 0.0000000000
159512  34.795  -19.558  3.678 0.0000000000
159513  34.939  -19.653  3.153 0.0000000000
159550  35.045  -15.140  15.043 0.0000000000
159551  35.540  -15.863  14.617 0.0000000000
159552  35.799  -16.590  14.108 0.0000000000
159553  35.437  -17.316  14.320 0.0000000000
159554  35.546  -17.350  13.888 0.0000000000
159555  35.695  -17.371  13.456 0.0000000000
159556  35.402  -18.170  12.767 0.0000000000
159557  35.018  -18.944  12.162 0.0000000000
159558  34.536  -19.560  11.488 0.0000000000
159559  34.062  -20.308  13.663 0.0000000000
159560  34.093  -20.311  13.200 0.0000000000
159561  34.128  -20.284  12.742 0.0000000000
159562  33.314  -21.561  11.846 0.0000000000
159563  33.702  -20.916  12.049 0.0000000000
159564  34.121  -20.265  12.269 0.0000000000
159565  34.088  -20.263  11.771 0.0000000000
159566  34.064  -20.179  11.298 0.0000000000
159567  34.044  -20.097  10.810 0.0000000000
159568  33.599  -20.641  10.089 0.0000000000
159569  33.273  -21.256  9.337 0.0000000000
159570  33.087  -21.870  8.553 0.0000000000
159571  32.845  -22.558  8.845 0.0000000000
159572  32.935  -22.551  8.286 0.0000000000
159573  33.032  -22.507  7.752 0.0000000000
159574  33.136  -23.168  7.036 0.0000000000
159575  33.431  -23.848  6.341 0.0000000000
159576  33.874  -24.447  5.685 0.0000000000
159577  31.831  -25.072  12.639 0.0000000000
159578  31.887  -25.099  12.055 0.0000000000
159579  31.972  -25.139  11.473 0.0000000000
159580  32.329  -26.182  10.746 0.0000000000
159581  32.182  -25.696  10.789 0.0000000000
159582  32.086  -25.154  10.890 0.0000000000
159583  32.236  -25.128  10.312 0.0000000000
159584  32.397  -25.124  9.780 0.0000000000
159585  32.573  -25.110  9.230 0.0000000000
159586  35.033  -27.369  8.705 0.0000000000
159587  34.538  -27.141  8.585 0.0000000000
159588  34.042  -26.862  8.567 0.0000000000
159589  35.139  -27.000  7.601 0.0000000000
159590  34.303  -26.819  8.037 0.0000000000
159591  33.588  -26.517  8.580 0.0000000000
159592  33.232  -26.112  8.574 0.0000000000
159593  32.965  -25.637  8.598 0.0000000000
159594  32.756  -25.107  8.682 0.0000000000
159595  32.982  -25.121  8.134 0.0000000000
159596  33.189  -25.099  7.614 0.0000000000
159597  33.376  -25.071  7.120 0.0000000000
159598  34.338  -25.984  6.505 0.0000000000
159599  33.955  -25.531  6.547 0.0000000000
159600  33.622  -25.013  6.621 0.0000000000
159601  33.868  -24.965  6.094 0.0000000000
159602  34.155  -24.997  5.605 0.0000000000
159603  34.437  -24.969  5.109 0.0000000000
159604  35.091  -25.405  4.558 0.0000000000
