#!ascii label  , from subject fsaverage vox2ras=TkReg
519
368  5.892  -20.701  66.605 0.0000000000
369  9.436  -14.005  68.705 0.0000000000
851  7.969  -19.256  71.544 0.0000000000
852  11.281  -17.680  69.399 0.0000000000
1023  5.308  -14.472  66.107 0.0000000000
1815  5.306  -22.859  69.813 0.0000000000
1816  6.070  -16.658  69.233 0.0000000000
2771  10.754  -19.640  72.112 0.0000000000
2772  12.540  -18.875  70.700 0.0000000000
3988  8.648  -16.669  70.001 0.0000000000
3989  6.977  -17.868  70.433 0.0000000000
3990  7.703  -15.025  69.419 0.0000000000
3991  6.825  -13.611  68.909 0.0000000000
3992  8.682  -12.207  68.987 0.0000000000
3994  12.972  -14.947  65.027 0.0000000000
4503  5.430  -23.812  66.407 0.0000000000
4505  6.035  -23.046  64.669 0.0000000000
6138  8.806  -20.754  72.712 0.0000000000
6139  9.644  -18.166  70.855 0.0000000000
6140  10.182  -15.872  68.689 0.0000000000
6447  5.162  -17.619  66.301 0.0000000000
6448  6.217  -19.814  64.772 0.0000000000
7214  14.349  -18.346  68.927 0.0000000000
8075  5.497  -21.806  68.224 0.0000000000
8076  6.352  -20.936  71.048 0.0000000000
8077  5.850  -19.715  69.577 0.0000000000
8078  5.477  -18.648  67.946 0.0000000000
8079  5.489  -15.539  67.723 0.0000000000
8080  6.450  -12.466  67.651 0.0000000000
8082  12.814  -17.357  67.389 0.0000000000
8083  11.713  -15.524  66.909 0.0000000000
8084  11.005  -13.313  67.166 0.0000000000
8087  10.439  -11.365  67.791 0.0000000000
10451  12.242  -19.768  72.079 0.0000000000
10452  13.182  -19.290  71.369 0.0000000000
11668  9.035  -15.321  69.205 0.0000000000
11669  8.186  -15.809  69.674 0.0000000000
11670  8.516  -14.430  69.205 0.0000000000
11671  8.120  -13.606  69.224 0.0000000000
11672  9.038  -13.121  68.890 0.0000000000
12183  5.721  -22.323  66.602 0.0000000000
12184  5.739  -23.431  65.517 0.0000000000
12185  6.068  -21.905  65.721 0.0000000000
14068  11.088  -18.643  70.905 0.0000000000
14069  10.243  -18.964  71.504 0.0000000000
14070  10.514  -17.873  70.194 0.0000000000
14071  9.959  -17.078  69.764 0.0000000000
14072  10.717  -16.873  68.906 0.0000000000
14583  5.069  -15.981  66.198 0.0000000000
14584  5.107  -17.277  65.312 0.0000000000
14585  4.993  -15.648  65.185 0.0000000000
17715  5.066  -23.821  68.952 0.0000000000
17716  5.246  -23.322  68.085 0.0000000000
17717  5.351  -22.266  69.008 0.0000000000
17718  7.530  -20.787  72.112 0.0000000000
17719  6.687  -21.598  71.868 0.0000000000
17720  7.120  -20.059  71.409 0.0000000000
17721  6.531  -17.193  69.849 0.0000000000
17722  6.305  -18.733  70.136 0.0000000000
17723  6.014  -18.072  69.470 0.0000000000
17724  5.717  -19.148  68.767 0.0000000000
17725  5.645  -17.571  68.662 0.0000000000
17726  5.373  -17.082  67.891 0.0000000000
17727  5.724  -16.114  68.516 0.0000000000
17728  7.401  -12.158  68.833 0.0000000000
17729  6.518  -13.001  68.394 0.0000000000
17730  7.256  -11.626  68.242 0.0000000000
17733  14.423  -17.637  67.416 0.0000000000
17734  13.567  -17.970  68.177 0.0000000000
17735  13.537  -17.110  66.766 0.0000000000
17736  12.528  -13.827  64.977 0.0000000000
17737  12.326  -15.311  66.025 0.0000000000
17738  11.891  -14.088  65.991 0.0000000000
17739  11.248  -14.382  66.975 0.0000000000
17740  11.597  -12.989  66.101 0.0000000000
23419  11.715  -19.149  71.489 0.0000000000
23420  11.947  -18.350  70.040 0.0000000000
25608  8.302  -17.838  70.855 0.0000000000
25609  7.436  -18.475  71.011 0.0000000000
25610  7.785  -17.172  70.408 0.0000000000
25611  7.309  -16.480  69.968 0.0000000000
25612  6.839  -15.807  69.497 0.0000000000
25613  6.333  -15.141  68.954 0.0000000000
25614  7.235  -14.307  69.209 0.0000000000
25615  7.687  -12.865  69.089 0.0000000000
25616  8.339  -11.491  68.925 0.0000000000
25618  13.624  -16.058  65.476 0.0000000000
29678  8.398  -20.072  72.151 0.0000000000
29679  9.772  -20.174  72.543 0.0000000000
29680  9.350  -19.452  71.957 0.0000000000
29681  8.793  -18.683  71.363 0.0000000000
29682  9.188  -17.400  70.396 0.0000000000
29683  9.466  -16.221  69.405 0.0000000000
29684  9.795  -14.893  68.612 0.0000000000
30399  5.617  -19.107  66.505 0.0000000000
30400  6.100  -20.232  65.734 0.0000000000
30401  5.625  -18.736  65.508 0.0000000000
30402  5.636  -18.370  64.526 0.0000000000
32192  14.071  -18.990  70.613 0.0000000000
34533  5.202  -24.228  67.253 0.0000000000
34534  5.472  -22.823  67.376 0.0000000000
34535  5.659  -21.302  67.333 0.0000000000
34537  5.950  -22.490  71.347 0.0000000000
34538  5.765  -21.895  70.532 0.0000000000
34539  6.675  -19.291  70.780 0.0000000000
34540  6.052  -20.254  70.314 0.0000000000
34541  5.593  -21.247  69.731 0.0000000000
34542  5.616  -20.734  68.935 0.0000000000
34543  5.624  -20.245  68.077 0.0000000000
34544  5.624  -19.663  67.337 0.0000000000
34545  5.324  -18.125  67.163 0.0000000000
34546  5.182  -16.560  66.995 0.0000000000
34547  5.338  -14.974  66.957 0.0000000000
34548  6.027  -14.560  68.362 0.0000000000
34549  5.808  -13.959  67.695 0.0000000000
34550  5.811  -13.415  66.971 0.0000000000
34554  13.454  -18.624  69.781 0.0000000000
34555  12.809  -18.163  69.123 0.0000000000
34556  12.063  -17.579  68.385 0.0000000000
34557  12.895  -16.333  66.294 0.0000000000
34558  12.149  -16.550  67.061 0.0000000000
34559  11.442  -16.727  67.965 0.0000000000
34560  10.971  -15.696  67.780 0.0000000000
34561  10.556  -14.650  67.795 0.0000000000
34562  10.234  -13.641  67.990 0.0000000000
34569  11.239  -11.951  66.453 0.0000000000
34570  10.651  -12.304  67.394 0.0000000000
34571  9.922  -12.667  68.273 0.0000000000
34572  9.705  -11.747  68.525 0.0000000000
34573  9.406  -10.945  68.721 0.0000000000
36429  6.445  -21.466  64.857 0.0000000000
42388  9.156  -14.623  68.924 0.0000000000
42389  8.733  -14.860  69.197 0.0000000000
42390  8.977  -14.185  68.975 0.0000000000
42391  8.743  -13.744  69.043 0.0000000000
42392  9.213  -13.540  68.808 0.0000000000
42903  5.835  -21.488  66.619 0.0000000000
42904  5.874  -22.094  66.184 0.0000000000
42905  6.005  -21.308  66.153 0.0000000000
44788  11.241  -18.151  70.096 0.0000000000
44789  10.806  -18.269  70.491 0.0000000000
44790  10.918  -17.772  69.793 0.0000000000
44791  10.584  -17.337  69.581 0.0000000000
44792  10.932  -17.257  69.145 0.0000000000
45303  5.135  -15.227  66.150 0.0000000000
45304  5.013  -15.850  65.647 0.0000000000
45305  5.119  -15.045  65.609 0.0000000000
48433  5.144  -23.589  69.824 0.0000000000
48435  5.154  -23.353  69.368 0.0000000000
48436  5.211  -23.027  69.025 0.0000000000
48437  5.281  -22.519  69.421 0.0000000000
48438  7.693  -20.034  71.803 0.0000000000
48439  7.272  -20.422  71.749 0.0000000000
48440  7.539  -19.645  71.509 0.0000000000
48441  6.301  -16.955  69.519 0.0000000000
48442  6.230  -17.634  69.697 0.0000000000
48443  6.053  -17.370  69.300 0.0000000000
48444  5.859  -17.821  69.088 0.0000000000
48445  5.805  -17.114  68.974 0.0000000000
48446  5.644  -16.830  68.582 0.0000000000
48447  5.876  -16.392  68.837 0.0000000000
48448  7.745  -11.500  68.713 0.0000000000
48449  7.242  -11.892  68.574 0.0000000000
48450  7.683  -11.204  68.443 0.0000000000
48453  14.449  -17.235  66.696 0.0000000000
48454  14.051  -17.364  67.037 0.0000000000
48455  14.000  -16.966  66.380 0.0000000000
48456  12.326  -13.224  64.999 0.0000000000
48457  12.173  -13.965  65.459 0.0000000000
48458  12.037  -13.402  65.470 0.0000000000
48459  11.746  -13.525  66.002 0.0000000000
48460  11.876  -12.807  65.563 0.0000000000
54388  12.354  -19.320  71.415 0.0000000000
54389  11.960  -19.487  71.776 0.0000000000
54390  12.137  -18.988  71.110 0.0000000000
54391  11.794  -18.741  70.783 0.0000000000
54392  12.225  -18.645  70.395 0.0000000000
58038  8.522  -17.223  70.441 0.0000000000
58039  8.065  -17.517  70.638 0.0000000000
58040  8.210  -16.897  70.239 0.0000000000
58041  7.929  -15.441  69.553 0.0000000000
58042  7.736  -16.150  69.840 0.0000000000
58043  7.496  -15.752  69.657 0.0000000000
58044  7.097  -16.129  69.694 0.0000000000
58045  7.283  -15.412  69.477 0.0000000000
58046  6.983  -15.081  69.333 0.0000000000
58047  7.451  -14.657  69.334 0.0000000000
58048  8.383  -12.905  69.103 0.0000000000
58049  7.901  -13.221  69.187 0.0000000000
58050  8.177  -12.516  69.074 0.0000000000
58051  7.997  -12.143  69.028 0.0000000000
58052  8.535  -11.838  68.976 0.0000000000
59583  5.304  -24.414  66.393 0.0000000000
59585  5.440  -24.279  65.883 0.0000000000
59586  5.854  -23.228  65.129 0.0000000000
59587  5.703  -23.950  64.945 0.0000000000
59588  5.826  -23.750  64.560 0.0000000000
65236  8.099  -20.728  72.466 0.0000000000
65237  8.590  -20.364  72.451 0.0000000000
65238  10.585  -20.188  72.613 0.0000000000
65240  10.270  -19.911  72.363 0.0000000000
65241  9.993  -18.585  71.207 0.0000000000
65242  9.734  -19.203  71.775 0.0000000000
65243  9.538  -18.802  71.482 0.0000000000
65244  9.065  -19.036  71.659 0.0000000000
65245  9.215  -18.423  71.133 0.0000000000
65246  9.067  -17.988  70.853 0.0000000000
65247  9.465  -17.767  70.598 0.0000000000
65248  10.060  -16.476  69.191 0.0000000000
65249  9.643  -16.689  69.557 0.0000000000
65250  9.833  -16.035  69.052 0.0000000000
65251  9.585  -15.572  68.963 0.0000000000
65252  9.983  -15.396  68.616 0.0000000000
66783  5.364  -18.333  66.405 0.0000000000
66784  5.635  -18.896  66.040 0.0000000000
66785  5.342  -18.150  65.921 0.0000000000
66786  5.101  -17.122  64.812 0.0000000000
66787  5.295  -17.864  64.871 0.0000000000
76182  5.091  -24.529  67.649 0.0000000000
76183  5.377  -22.556  68.178 0.0000000000
76184  5.330  -23.091  67.721 0.0000000000
76185  5.494  -22.308  67.813 0.0000000000
76186  5.606  -22.061  67.384 0.0000000000
76187  5.585  -21.549  67.763 0.0000000000
76191  6.490  -21.300  71.467 0.0000000000
76192  6.326  -22.034  71.616 0.0000000000
76193  6.156  -21.745  71.232 0.0000000000
76194  5.848  -22.228  70.933 0.0000000000
76195  6.045  -21.394  70.820 0.0000000000
76196  7.212  -18.163  70.756 0.0000000000
76197  7.041  -18.863  70.946 0.0000000000
76198  6.829  -18.550  70.638 0.0000000000
76199  6.053  -19.221  69.869 0.0000000000
76200  6.203  -19.460  70.262 0.0000000000
76201  5.967  -19.980  69.982 0.0000000000
76202  5.815  -20.707  70.051 0.0000000000
76203  5.773  -20.479  69.662 0.0000000000
76204  5.606  -20.995  69.321 0.0000000000
76205  5.736  -20.174  69.303 0.0000000000
76206  5.630  -18.872  68.431 0.0000000000
76207  5.645  -19.692  68.427 0.0000000000
76208  5.584  -19.414  68.030 0.0000000000
76209  5.620  -19.964  67.688 0.0000000000
76210  5.545  -19.141  67.672 0.0000000000
76211  5.506  -18.885  67.215 0.0000000000
76212  5.423  -18.347  67.557 0.0000000000
76213  5.384  -16.321  67.785 0.0000000000
76214  5.254  -16.841  67.478 0.0000000000
76215  5.324  -16.033  67.406 0.0000000000
76216  5.241  -15.716  66.980 0.0000000000
76217  5.406  -15.216  67.333 0.0000000000
76218  6.600  -14.365  68.946 0.0000000000
76219  6.200  -14.831  68.718 0.0000000000
76220  6.396  -14.032  68.678 0.0000000000
76221  6.473  -12.738  68.078 0.0000000000
76222  6.140  -13.446  68.080 0.0000000000
76223  6.120  -13.200  67.733 0.0000000000
76224  5.801  -13.677  67.334 0.0000000000
76225  6.101  -12.931  67.300 0.0000000000
76226  6.182  -12.668  66.919 0.0000000000
76233  14.276  -18.593  69.798 0.0000000000
76234  13.862  -18.743  70.211 0.0000000000
76235  13.896  -18.466  69.337 0.0000000000
76236  13.214  -17.732  67.761 0.0000000000
76237  13.173  -18.110  68.615 0.0000000000
76238  12.777  -17.827  68.215 0.0000000000
76239  12.414  -17.907  68.676 0.0000000000
76240  12.418  -17.508  67.853 0.0000000000
76241  13.288  -15.511  65.151 0.0000000000
76242  13.250  -16.176  65.875 0.0000000000
76243  12.954  -15.657  65.670 0.0000000000
76244  12.006  -15.416  66.548 0.0000000000
76245  12.269  -15.910  66.590 0.0000000000
76246  11.892  -16.024  67.013 0.0000000000
76247  11.809  -16.648  67.531 0.0000000000
76248  11.547  -16.113  67.430 0.0000000000
76249  11.188  -16.149  67.893 0.0000000000
76250  11.357  -15.625  67.321 0.0000000000
76251  11.090  -13.852  67.055 0.0000000000
76252  10.880  -14.555  67.377 0.0000000000
76253  10.744  -14.010  67.485 0.0000000000
76254  10.365  -14.132  67.839 0.0000000000
76255  10.624  -13.484  67.562 0.0000000000
76275  10.859  -11.631  67.109 0.0000000000
76276  10.560  -11.836  67.590 0.0000000000
76277  10.317  -12.471  67.920 0.0000000000
76278  10.211  -12.023  68.028 0.0000000000
76279  9.799  -12.203  68.387 0.0000000000
76280  10.076  -11.564  68.244 0.0000000000
80846  6.167  -20.006  65.294 0.0000000000
80847  6.299  -20.818  65.325 0.0000000000
80848  6.433  -20.594  64.898 0.0000000000
92539  12.682  -19.513  71.743 0.0000000000
92540  12.837  -19.121  71.031 0.0000000000
94728  8.822  -15.996  69.610 0.0000000000
94729  8.436  -16.223  69.841 0.0000000000
94730  8.618  -15.535  69.467 0.0000000000
94731  8.346  -15.130  69.396 0.0000000000
94732  8.087  -14.691  69.354 0.0000000000
94733  7.822  -14.351  69.293 0.0000000000
94734  8.278  -14.005  69.224 0.0000000000
94735  8.579  -13.365  69.086 0.0000000000
94736  8.862  -12.658  68.921 0.0000000000
95655  5.600  -23.055  66.516 0.0000000000
95656  5.581  -23.646  65.941 0.0000000000
95657  5.733  -22.900  66.099 0.0000000000
95658  5.867  -22.673  65.684 0.0000000000
95659  6.082  -22.493  65.212 0.0000000000
99048  10.958  -19.065  71.513 0.0000000000
99049  10.533  -19.265  71.809 0.0000000000
99050  10.700  -18.774  71.202 0.0000000000
99051  10.404  -18.399  70.874 0.0000000000
99052  10.106  -18.002  70.548 0.0000000000
99053  9.851  -17.597  70.311 0.0000000000
99054  10.244  -17.448  69.950 0.0000000000
99055  10.325  -16.962  69.337 0.0000000000
99056  10.459  -16.366  68.755 0.0000000000
99975  5.059  -16.822  66.254 0.0000000000
99976  5.132  -17.454  65.786 0.0000000000
99977  5.028  -16.609  65.780 0.0000000000
99978  4.966  -16.469  65.219 0.0000000000
105613  5.038  -24.329  68.515 0.0000000000
105614  5.113  -24.058  68.068 0.0000000000
105615  5.166  -23.545  68.568 0.0000000000
105616  5.268  -22.819  68.516 0.0000000000
105617  5.416  -22.035  68.587 0.0000000000
105618  7.201  -21.504  72.368 0.0000000000
105620  7.094  -21.175  72.031 0.0000000000
105621  6.875  -20.843  71.638 0.0000000000
105622  6.704  -20.496  71.253 0.0000000000
105623  6.758  -17.534  70.127 0.0000000000
105624  6.598  -18.283  70.326 0.0000000000
105625  6.422  -17.965  69.988 0.0000000000
105626  6.150  -18.413  69.779 0.0000000000
105627  5.947  -18.869  69.523 0.0000000000
105628  5.802  -19.421  69.184 0.0000000000
105629  5.832  -18.605  69.137 0.0000000000
105630  5.715  -18.293  68.809 0.0000000000
105631  5.541  -18.110  68.312 0.0000000000
105632  5.421  -17.846  67.919 0.0000000000
105633  5.493  -17.326  68.299 0.0000000000
105634  5.489  -16.605  68.192 0.0000000000
105635  5.593  -15.780  68.123 0.0000000000
105636  7.048  -12.896  68.876 0.0000000000
105637  6.609  -13.283  68.732 0.0000000000
105638  6.989  -12.550  68.670 0.0000000000
105639  6.859  -12.279  68.348 0.0000000000
105640  6.812  -12.035  67.933 0.0000000000
105645  14.434  -18.022  68.218 0.0000000000
105646  13.992  -18.159  68.593 0.0000000000
105647  14.011  -17.791  67.746 0.0000000000
105648  13.644  -17.551  67.364 0.0000000000
105649  13.157  -17.253  67.055 0.0000000000
105650  12.730  -14.392  64.973 0.0000000000
105651  12.680  -15.128  65.517 0.0000000000
105652  12.410  -14.550  65.499 0.0000000000
105653  12.086  -14.712  65.960 0.0000000000
105654  11.794  -14.848  66.472 0.0000000000
105655  11.390  -14.944  66.989 0.0000000000
105656  11.558  -14.272  66.490 0.0000000000
105657  11.433  -13.687  66.578 0.0000000000
105658  11.319  -13.170  66.633 0.0000000000
108414  6.573  -20.357  64.410 0.0000000000
116078  11.071  -19.939  72.360 0.0000000000
116080  11.522  -19.703  72.091 0.0000000000
116081  11.229  -19.376  71.819 0.0000000000
116082  11.367  -18.889  71.167 0.0000000000
116083  11.514  -18.468  70.477 0.0000000000
116084  11.650  -18.053  69.692 0.0000000000
116799  5.610  -13.720  66.093 0.0000000000
121187  5.318  -23.150  70.231 0.0000000000
121188  8.101  -18.511  71.221 0.0000000000
121189  7.679  -18.816  71.292 0.0000000000
121190  7.862  -18.124  71.009 0.0000000000
121191  7.620  -17.824  70.759 0.0000000000
121192  7.368  -17.484  70.482 0.0000000000
121193  8.032  -16.460  70.024 0.0000000000
121194  7.587  -16.783  70.128 0.0000000000
121195  7.137  -17.123  70.165 0.0000000000
121196  6.890  -16.830  69.928 0.0000000000
121197  6.716  -16.518  69.664 0.0000000000
121198  6.435  -16.228  69.409 0.0000000000
121199  6.194  -15.964  69.093 0.0000000000
121200  6.585  -15.507  69.242 0.0000000000
121201  6.772  -14.703  69.113 0.0000000000
121202  7.001  -13.935  69.102 0.0000000000
121203  7.677  -13.909  69.283 0.0000000000
121204  7.477  -13.541  69.186 0.0000000000
121205  7.237  -13.215  69.063 0.0000000000
121206  7.519  -12.502  68.988 0.0000000000
121207  7.848  -11.817  68.923 0.0000000000
121208  8.238  -11.156  68.778 0.0000000000
123356  5.557  -24.161  65.368 0.0000000000
131016  7.620  -21.117  72.449 0.0000000000
131017  7.983  -20.402  72.159 0.0000000000
131018  8.127  -19.656  71.835 0.0000000000
131021  9.250  -20.469  72.654 0.0000000000
131022  10.071  -19.481  72.069 0.0000000000
131023  9.596  -19.742  72.273 0.0000000000
131024  9.112  -20.026  72.414 0.0000000000
131025  8.890  -19.758  72.083 0.0000000000
131026  8.592  -19.317  71.807 0.0000000000
131027  8.405  -18.936  71.498 0.0000000000
131028  8.552  -18.251  71.059 0.0000000000
131029  8.741  -17.601  70.642 0.0000000000
131030  8.931  -17.009  70.204 0.0000000000
131031  9.559  -17.244  70.110 0.0000000000
131032  9.293  -16.841  69.909 0.0000000000
131033  9.074  -16.411  69.723 0.0000000000
131034  9.219  -15.769  69.306 0.0000000000
131035  9.433  -15.083  68.907 0.0000000000
131036  9.571  -14.435  68.657 0.0000000000
132975  5.833  -19.904  66.569 0.0000000000
132976  6.025  -20.454  66.192 0.0000000000
132977  5.843  -19.681  66.125 0.0000000000
132978  5.905  -19.476  65.640 0.0000000000
132979  5.923  -19.288  65.146 0.0000000000
132980  5.323  -18.000  65.416 0.0000000000
132981  5.636  -18.553  65.053 0.0000000000
132982  5.972  -19.109  64.641 0.0000000000
137849  14.683  -18.465  69.418 0.0000000000
137852  14.778  -18.204  68.567 0.0000000000
137853  14.897  -17.886  67.846 0.0000000000
144628  5.184  -24.673  66.803 0.0000000000
144629  5.337  -23.993  66.813 0.0000000000
144630  5.219  -23.800  67.650 0.0000000000
144631  5.354  -23.570  67.236 0.0000000000
144632  5.437  -23.344  66.912 0.0000000000
144633  5.618  -22.537  66.975 0.0000000000
144634  5.700  -21.805  66.971 0.0000000000
144635  5.777  -21.006  66.961 0.0000000000
144642  5.611  -22.944  71.075 0.0000000000
144643  5.574  -22.689  70.598 0.0000000000
144644  5.519  -22.369  70.204 0.0000000000
144645  7.289  -19.191  71.230 0.0000000000
144646  6.879  -19.657  71.083 0.0000000000
144647  6.514  -20.115  70.891 0.0000000000
144648  6.486  -19.006  70.470 0.0000000000
144649  6.334  -19.784  70.548 0.0000000000
144650  6.161  -20.605  70.672 0.0000000000
144651  5.916  -21.062  70.445 0.0000000000
144652  5.668  -21.553  70.144 0.0000000000
144653  5.418  -22.056  69.761 0.0000000000
144654  5.455  -21.760  69.389 0.0000000000
144655  5.479  -21.521  68.970 0.0000000000
144656  5.541  -21.249  68.580 0.0000000000
144657  5.693  -19.953  68.876 0.0000000000
144658  5.622  -20.486  68.568 0.0000000000
144659  5.585  -21.026  68.154 0.0000000000
144660  5.638  -20.789  67.729 0.0000000000
144661  5.706  -20.494  67.336 0.0000000000
144662  5.741  -20.184  66.987 0.0000000000
144663  5.628  -19.394  66.918 0.0000000000
144664  5.446  -18.617  66.806 0.0000000000
144665  5.251  -17.842  66.765 0.0000000000
144666  5.345  -17.574  67.559 0.0000000000
144667  5.205  -17.321  67.137 0.0000000000
144668  5.110  -17.067  66.648 0.0000000000
144669  5.108  -16.286  66.609 0.0000000000
144670  5.180  -15.463  66.548 0.0000000000
144671  5.299  -14.705  66.578 0.0000000000
144672  6.014  -15.626  68.763 0.0000000000
144673  5.862  -15.269  68.481 0.0000000000
144674  5.737  -15.038  68.055 0.0000000000
144675  6.261  -13.758  68.427 0.0000000000
144676  5.936  -14.234  68.066 0.0000000000
144677  5.640  -14.689  67.727 0.0000000000
144678  5.569  -14.451  67.336 0.0000000000
144679  5.522  -14.202  66.956 0.0000000000
144680  5.558  -13.951  66.532 0.0000000000
144681  5.863  -13.192  66.500 0.0000000000
144690  13.619  -19.143  71.004 0.0000000000
144691  13.358  -18.922  70.631 0.0000000000
144692  13.014  -18.767  70.245 0.0000000000
144693  13.539  -18.288  68.996 0.0000000000
144694  13.096  -18.390  69.458 0.0000000000
144695  12.648  -18.519  69.916 0.0000000000
144696  12.351  -18.262  69.618 0.0000000000
144697  12.021  -17.995  69.193 0.0000000000
144698  11.672  -17.611  68.916 0.0000000000
144699  13.625  -16.597  66.127 0.0000000000
144700  13.219  -16.737  66.478 0.0000000000
144701  12.805  -16.869  66.829 0.0000000000
144702  12.613  -15.830  66.110 0.0000000000
144703  12.517  -16.453  66.679 0.0000000000
144704  12.508  -16.989  67.226 0.0000000000
144705  12.139  -17.073  67.686 0.0000000000
144706  11.781  -17.144  68.147 0.0000000000
144707  11.270  -17.199  68.695 0.0000000000
144708  11.104  -16.800  68.461 0.0000000000
144709  10.875  -16.251  68.309 0.0000000000
144710  10.598  -15.773  68.239 0.0000000000
144711  11.115  -15.045  67.365 0.0000000000
144712  10.740  -15.119  67.788 0.0000000000
144713  10.382  -15.247  68.203 0.0000000000
144714  10.183  -14.757  68.223 0.0000000000
144715  9.988  -14.256  68.247 0.0000000000
144716  9.853  -13.809  68.359 0.0000000000
144735  11.727  -12.275  65.739 0.0000000000
144736  11.437  -12.425  66.249 0.0000000000
144737  11.117  -12.610  66.757 0.0000000000
144739  10.982  -12.123  66.911 0.0000000000
144740  10.830  -12.821  67.272 0.0000000000
144741  10.487  -12.974  67.688 0.0000000000
144742  10.070  -13.152  68.120 0.0000000000
144743  9.665  -13.324  68.500 0.0000000000
144744  9.467  -12.886  68.601 0.0000000000
144745  9.349  -12.399  68.686 0.0000000000
144746  9.212  -11.971  68.777 0.0000000000
144747  9.960  -11.136  68.331 0.0000000000
144748  9.518  -11.340  68.622 0.0000000000
144749  9.073  -11.558  68.808 0.0000000000
144750  8.868  -11.192  68.832 0.0000000000
150255  6.189  -21.046  65.800 0.0000000000
150256  6.288  -21.693  65.306 0.0000000000
150257  6.327  -22.300  64.730 0.0000000000
150258  6.651  -21.270  64.410 0.0000000000
150259  6.513  -22.069  64.314 0.0000000000
150260  6.292  -22.889  64.133 0.0000000000
