#!ascii label  , from subject fsaverage vox2ras=TkReg
563
191  30.378  -53.833  40.369 0.0000000000
560  27.468  -55.275  46.225 0.0000000000
670  32.398  -52.154  37.921 0.0000000000
671  29.041  -49.936  41.303 0.0000000000
1238  28.240  -51.846  48.950 0.0000000000
1496  34.855  -56.193  39.452 0.0000000000
1497  32.839  -57.797  42.041 0.0000000000
2318  28.441  -50.418  45.280 0.0000000000
2319  28.568  -54.421  43.294 0.0000000000
2590  29.707  -49.303  40.000 0.0000000000
2591  29.499  -48.419  42.734 0.0000000000
3452  31.177  -52.997  38.978 0.0000000000
3453  33.485  -54.111  38.448 0.0000000000
3454  32.489  -55.046  39.493 0.0000000000
3455  33.862  -56.985  40.517 0.0000000000
3456  31.755  -55.765  40.883 0.0000000000
5153  29.742  -49.075  46.761 0.0000000000
5154  30.019  -49.830  48.743 0.0000000000
5155  27.517  -53.440  47.468 0.0000000000
5156  27.730  -52.744  45.734 0.0000000000
5157  28.065  -54.801  44.847 0.0000000000
5158  29.757  -56.399  43.436 0.0000000000
5816  30.166  -50.997  39.179 0.0000000000
5817  29.356  -51.784  40.426 0.0000000000
6836  30.060  -50.658  50.697 0.0000000000
6838  28.167  -52.864  50.526 0.0000000000
7331  36.090  -55.014  38.660 0.0000000000
9512  29.542  -48.649  44.690 0.0000000000
9513  28.568  -50.074  43.268 0.0000000000
9514  28.522  -51.962  42.167 0.0000000000
9515  28.309  -51.066  47.265 0.0000000000
9516  27.981  -52.275  44.009 0.0000000000
9517  29.387  -54.089  41.854 0.0000000000
9518  30.671  -56.042  42.148 0.0000000000
10270  29.680  -48.203  42.088 0.0000000000
11132  30.714  -53.414  39.646 0.0000000000
11133  31.744  -54.042  39.135 0.0000000000
11134  31.342  -54.433  39.826 0.0000000000
11135  32.131  -55.458  40.162 0.0000000000
11136  31.064  -54.889  40.523 0.0000000000
12835  27.424  -54.395  46.817 0.0000000000
12836  27.589  -54.024  45.993 0.0000000000
12837  27.744  -55.027  45.531 0.0000000000
12838  28.393  -55.811  44.698 0.0000000000
12839  28.048  -56.009  45.231 0.0000000000
13532  29.330  -49.589  40.652 0.0000000000
13533  29.875  -50.144  39.506 0.0000000000
13534  29.449  -50.491  40.111 0.0000000000
13535  29.814  -51.456  39.780 0.0000000000
13536  29.068  -50.841  40.771 0.0000000000
15238  27.624  -53.506  49.734 0.0000000000
16119  33.677  -52.685  37.682 0.0000000000
16120  34.121  -55.152  38.912 0.0000000000
16121  34.837  -54.592  38.450 0.0000000000
16122  35.366  -55.591  38.976 0.0000000000
16123  36.515  -55.986  39.266 0.0000000000
16124  35.872  -56.629  39.602 0.0000000000
16126  35.401  -57.099  40.033 0.0000000000
16127  33.372  -57.362  41.281 0.0000000000
16128  34.425  -57.919  41.278 0.0000000000
21220  29.018  -49.744  45.975 0.0000000000
21221  29.023  -49.470  44.977 0.0000000000
21222  28.507  -50.264  44.290 0.0000000000
21223  28.425  -50.965  42.651 0.0000000000
21224  28.231  -51.117  43.624 0.0000000000
21225  29.091  -51.216  49.802 0.0000000000
21226  29.167  -50.802  48.967 0.0000000000
21227  28.336  -51.425  48.237 0.0000000000
21228  27.961  -53.558  44.356 0.0000000000
21229  27.843  -52.485  44.912 0.0000000000
21230  28.158  -53.366  43.514 0.0000000000
21231  28.511  -53.109  42.765 0.0000000000
21232  28.933  -54.272  42.538 0.0000000000
21233  30.022  -55.099  41.878 0.0000000000
21234  29.534  -55.316  42.525 0.0000000000
21235  30.250  -57.195  43.782 0.0000000000
21236  30.667  -57.198  43.205 0.0000000000
23095  29.751  -48.582  40.676 0.0000000000
23096  29.429  -48.823  41.310 0.0000000000
23097  29.183  -49.108  41.960 0.0000000000
24646  31.713  -52.554  38.399 0.0000000000
24647  32.983  -53.127  38.094 0.0000000000
24648  32.244  -53.613  38.520 0.0000000000
24649  32.889  -54.605  38.909 0.0000000000
24650  33.663  -55.586  39.391 0.0000000000
24651  34.375  -56.554  39.907 0.0000000000
24652  33.299  -56.034  39.959 0.0000000000
24653  32.761  -56.321  40.640 0.0000000000
24654  32.321  -56.766  41.448 0.0000000000
27709  29.876  -49.439  47.755 0.0000000000
27710  29.087  -50.058  46.983 0.0000000000
27711  27.779  -52.549  48.176 0.0000000000
27712  27.838  -52.154  47.431 0.0000000000
27713  27.612  -52.992  46.664 0.0000000000
27714  27.820  -53.745  45.223 0.0000000000
27715  28.280  -54.624  44.041 0.0000000000
27716  29.062  -55.447  43.293 0.0000000000
27717  28.769  -55.668  43.934 0.0000000000
27718  29.325  -56.562  44.097 0.0000000000
28929  31.793  -51.221  37.970 0.0000000000
28930  30.337  -49.904  38.962 0.0000000000
28931  30.719  -50.657  38.616 0.0000000000
28932  31.232  -51.571  38.430 0.0000000000
28933  30.709  -52.010  39.013 0.0000000000
28934  30.261  -52.433  39.635 0.0000000000
28935  29.814  -52.805  40.337 0.0000000000
31312  29.964  -51.140  51.453 0.0000000000
31313  29.007  -51.725  50.574 0.0000000000
31316  28.248  -52.347  49.724 0.0000000000
31317  27.685  -53.027  48.965 0.0000000000
31318  27.346  -53.841  48.189 0.0000000000
31319  27.214  -54.661  47.541 0.0000000000
32515  34.301  -53.633  37.991 0.0000000000
32516  35.624  -54.083  38.102 0.0000000000
32518  37.306  -55.444  39.034 0.0000000000
32524  34.933  -57.512  40.623 0.0000000000
38775  29.480  -48.489  43.731 0.0000000000
38776  29.086  -49.153  42.966 0.0000000000
38777  29.582  -48.832  45.701 0.0000000000
38778  29.022  -49.300  43.951 0.0000000000
38779  28.804  -49.993  42.278 0.0000000000
38780  28.714  -50.896  41.717 0.0000000000
38781  28.851  -51.860  41.293 0.0000000000
38782  29.264  -52.861  41.104 0.0000000000
38783  30.094  -50.269  49.726 0.0000000000
38784  29.164  -50.430  48.020 0.0000000000
38785  28.373  -50.723  46.312 0.0000000000
38786  27.871  -51.837  46.536 0.0000000000
38787  27.928  -51.541  45.589 0.0000000000
38788  28.062  -51.302  44.604 0.0000000000
38789  28.207  -52.087  43.084 0.0000000000
38790  28.869  -53.023  41.920 0.0000000000
38791  29.819  -53.918  41.067 0.0000000000
38792  30.546  -54.962  41.247 0.0000000000
38793  31.182  -55.931  41.548 0.0000000000
38794  31.708  -56.919  42.039 0.0000000000
38795  30.196  -56.296  42.815 0.0000000000
38796  31.174  -57.038  42.620 0.0000000000
38797  32.181  -57.849  42.578 0.0000000000
41852  30.531  -53.624  40.018 0.0000000000
41853  30.968  -53.932  39.708 0.0000000000
41854  30.839  -54.135  40.095 0.0000000000
41855  31.200  -54.649  40.183 0.0000000000
41856  30.674  -54.357  40.399 0.0000000000
43555  27.374  -54.855  46.504 0.0000000000
43556  27.544  -54.730  46.152 0.0000000000
43557  27.613  -55.141  45.898 0.0000000000
43558  27.898  -55.521  45.371 0.0000000000
43559  27.749  -55.638  45.695 0.0000000000
44252  29.194  -49.697  40.988 0.0000000000
44253  29.385  -49.997  40.387 0.0000000000
44254  29.221  -50.187  40.703 0.0000000000
44255  29.275  -50.675  40.451 0.0000000000
44256  29.047  -50.386  41.020 0.0000000000
46837  32.704  -51.943  37.737 0.0000000000
46839  33.007  -52.445  37.746 0.0000000000
46840  34.474  -55.644  39.153 0.0000000000
46841  34.733  -55.364  38.925 0.0000000000
46842  35.018  -55.856  39.132 0.0000000000
46843  35.618  -56.102  39.259 0.0000000000
46844  35.336  -56.394  39.475 0.0000000000
46845  35.625  -56.876  39.784 0.0000000000
46846  35.121  -56.640  39.705 0.0000000000
46847  33.105  -57.574  41.639 0.0000000000
46848  33.595  -57.877  41.625 0.0000000000
46849  33.336  -58.084  41.949 0.0000000000
46851  32.991  -58.260  42.297 0.0000000000
51940  28.714  -50.078  45.618 0.0000000000
51941  28.718  -49.966  45.105 0.0000000000
51942  28.475  -50.356  44.774 0.0000000000
51943  28.343  -50.688  43.962 0.0000000000
51944  28.259  -50.748  44.439 0.0000000000
51945  28.641  -51.505  49.401 0.0000000000
51946  28.691  -51.311  48.991 0.0000000000
51947  28.299  -51.613  48.595 0.0000000000
51948  28.213  -53.981  43.790 0.0000000000
51949  28.042  -53.450  43.951 0.0000000000
51950  28.345  -53.876  43.397 0.0000000000
51951  28.513  -53.813  42.986 0.0000000000
51952  28.741  -54.331  42.913 0.0000000000
51953  29.183  -54.813  42.470 0.0000000000
51954  28.987  -54.870  42.841 0.0000000000
53852  29.590  -48.302  42.424 0.0000000000
53853  29.531  -48.502  41.727 0.0000000000
53854  29.450  -48.597  42.049 0.0000000000
53855  29.325  -48.957  41.641 0.0000000000
53856  29.346  -48.737  42.322 0.0000000000
56437  31.433  -52.811  38.667 0.0000000000
56438  31.970  -53.116  38.397 0.0000000000
56439  31.676  -53.332  38.689 0.0000000000
56440  32.081  -54.554  39.283 0.0000000000
56441  32.287  -54.343  38.985 0.0000000000
56442  32.669  -54.857  39.179 0.0000000000
56443  33.269  -55.109  39.133 0.0000000000
56444  33.071  -55.347  39.410 0.0000000000
56445  33.478  -55.815  39.663 0.0000000000
56446  32.904  -55.525  39.725 0.0000000000
56447  31.956  -55.603  40.543 0.0000000000
56448  32.482  -55.886  40.401 0.0000000000
56449  32.256  -56.041  40.777 0.0000000000
56450  32.536  -56.529  41.069 0.0000000000
56451  32.049  -56.260  41.151 0.0000000000
61540  30.413  -49.541  49.102 0.0000000000
61541  30.325  -49.358  48.638 0.0000000000
61542  29.938  -49.638  48.235 0.0000000000
61543  29.500  -49.717  47.375 0.0000000000
61544  29.563  -49.907  47.848 0.0000000000
61545  27.624  -52.990  47.832 0.0000000000
61546  27.650  -52.763  47.424 0.0000000000
61547  27.585  -53.216  47.049 0.0000000000
61548  27.807  -54.406  45.383 0.0000000000
61549  27.691  -53.854  45.639 0.0000000000
61550  27.915  -54.259  45.009 0.0000000000
61551  27.987  -54.179  44.589 0.0000000000
61552  28.181  -54.703  44.458 0.0000000000
61553  28.508  -55.147  43.969 0.0000000000
61554  28.402  -55.228  44.372 0.0000000000
61555  28.641  -56.286  44.638 0.0000000000
61556  28.840  -56.204  44.362 0.0000000000
61557  29.105  -56.653  44.409 0.0000000000
61558  29.569  -56.914  44.193 0.0000000000
63637  29.913  -49.216  39.698 0.0000000000
63638  30.207  -49.509  39.167 0.0000000000
63639  29.992  -49.614  39.449 0.0000000000
63640  30.019  -50.559  39.348 0.0000000000
63641  30.292  -50.425  39.036 0.0000000000
63642  30.464  -50.845  38.892 0.0000000000
63643  30.976  -51.107  38.515 0.0000000000
63644  30.705  -51.296  38.764 0.0000000000
63645  30.965  -51.783  38.682 0.0000000000
63646  30.463  -51.499  39.071 0.0000000000
63647  29.549  -51.584  40.093 0.0000000000
63648  29.999  -51.915  39.707 0.0000000000
63649  29.792  -52.119  40.016 0.0000000000
63650  30.003  -52.622  39.980 0.0000000000
63651  29.562  -52.308  40.373 0.0000000000
68743  29.473  -51.409  51.000 0.0000000000
68744  29.460  -51.687  51.413 0.0000000000
68750  28.527  -52.579  50.933 0.0000000000
68751  28.551  -52.294  50.507 0.0000000000
68752  28.208  -52.600  50.111 0.0000000000
68753  27.958  -52.676  49.330 0.0000000000
68754  27.892  -52.880  49.717 0.0000000000
68755  27.416  -53.853  49.315 0.0000000000
68756  27.447  -53.647  48.951 0.0000000000
68757  27.300  -54.037  48.556 0.0000000000
68758  27.286  -54.257  47.873 0.0000000000
68759  27.195  -54.444  48.218 0.0000000000
71400  33.224  -53.618  38.219 0.0000000000
71401  33.674  -53.387  38.031 0.0000000000
71402  33.913  -53.878  38.217 0.0000000000
71403  35.465  -54.816  38.529 0.0000000000
71404  35.237  -54.347  38.251 0.0000000000
71405  35.875  -54.551  38.368 0.0000000000
71406  36.251  -54.294  38.245 0.0000000000
71407  36.496  -54.756  38.521 0.0000000000
71408  37.126  -54.978  38.711 0.0000000000
71409  36.685  -55.218  38.832 0.0000000000
71410  36.755  -56.494  39.634 0.0000000000
71411  37.058  -56.210  39.493 0.0000000000
71422  34.130  -56.775  40.210 0.0000000000
71423  34.678  -57.034  40.278 0.0000000000
71424  34.394  -57.263  40.540 0.0000000000
86695  29.796  -48.403  45.130 0.0000000000
86696  29.753  -48.319  44.612 0.0000000000
86697  29.512  -48.557  44.211 0.0000000000
86698  29.267  -48.805  43.347 0.0000000000
86699  29.291  -48.862  43.808 0.0000000000
86700  30.081  -48.805  47.197 0.0000000000
86701  29.970  -48.661  46.612 0.0000000000
86702  29.645  -48.938  46.206 0.0000000000
86703  28.737  -49.743  44.118 0.0000000000
86704  28.993  -49.370  44.457 0.0000000000
86705  28.789  -49.677  43.616 0.0000000000
86706  28.861  -49.626  43.123 0.0000000000
86707  28.694  -50.050  42.789 0.0000000000
86708  28.720  -50.429  41.964 0.0000000000
86709  28.590  -50.492  42.445 0.0000000000
86710  28.470  -51.458  42.378 0.0000000000
86711  28.587  -51.406  41.898 0.0000000000
86712  28.709  -51.904  41.713 0.0000000000
86713  29.044  -52.357  41.169 0.0000000000
86714  28.831  -52.412  41.563 0.0000000000
86715  30.578  -50.379  51.130 0.0000000000
86716  30.600  -50.217  50.635 0.0000000000
86717  30.099  -50.466  50.247 0.0000000000
86718  28.698  -50.926  48.139 0.0000000000
86719  29.142  -50.634  48.473 0.0000000000
86720  28.703  -50.733  47.658 0.0000000000
86721  28.735  -50.565  47.189 0.0000000000
86722  28.351  -50.901  46.844 0.0000000000
86723  27.750  -52.426  46.597 0.0000000000
86724  27.859  -51.992  47.006 0.0000000000
86725  27.777  -52.285  46.131 0.0000000000
86726  27.893  -52.369  44.484 0.0000000000
86727  27.867  -51.974  45.261 0.0000000000
86728  27.875  -51.829  44.809 0.0000000000
86729  27.988  -51.414  45.125 0.0000000000
86730  27.962  -51.772  44.235 0.0000000000
86731  28.057  -51.675  43.786 0.0000000000
86732  28.102  -52.188  43.534 0.0000000000
86733  28.882  -53.629  42.227 0.0000000000
86734  28.686  -53.118  42.337 0.0000000000
86735  29.069  -53.538  41.863 0.0000000000
86736  29.327  -53.443  41.479 0.0000000000
86737  29.610  -54.001  41.481 0.0000000000
86738  30.172  -54.448  41.143 0.0000000000
86739  29.957  -54.514  41.536 0.0000000000
86740  30.354  -55.590  41.999 0.0000000000
86741  30.602  -55.512  41.677 0.0000000000
86742  30.901  -55.985  41.843 0.0000000000
86743  31.442  -56.386  41.775 0.0000000000
86744  31.165  -56.479  42.039 0.0000000000
86745  29.423  -55.966  43.329 0.0000000000
86746  29.609  -55.927  42.984 0.0000000000
86747  29.959  -56.373  43.137 0.0000000000
86748  31.099  -57.569  43.204 0.0000000000
86749  30.920  -57.140  42.924 0.0000000000
86750  31.346  -57.488  42.879 0.0000000000
86751  31.639  -57.426  42.574 0.0000000000
86752  31.824  -57.878  42.826 0.0000000000
92217  29.649  -48.131  43.123 0.0000000000
93766  30.980  -53.228  39.298 0.0000000000
93767  31.433  -53.532  39.003 0.0000000000
93768  31.202  -53.735  39.333 0.0000000000
93769  31.521  -54.250  39.466 0.0000000000
93770  31.884  -54.757  39.605 0.0000000000
93771  32.308  -55.255  39.815 0.0000000000
93772  31.716  -54.923  39.963 0.0000000000
93773  31.593  -55.181  40.325 0.0000000000
93774  31.433  -55.353  40.671 0.0000000000
96830  30.507  -49.758  49.625 0.0000000000
96831  27.476  -53.878  47.132 0.0000000000
96832  27.534  -53.682  46.689 0.0000000000
96833  27.527  -54.235  46.424 0.0000000000
96834  27.674  -54.559  45.760 0.0000000000
96835  27.925  -54.938  45.195 0.0000000000
96836  28.177  -55.321  44.746 0.0000000000
96837  28.032  -55.423  45.070 0.0000000000
96838  28.240  -55.912  44.969 0.0000000000
96839  28.427  -56.385  44.888 0.0000000000
98086  29.502  -49.411  40.318 0.0000000000
98087  29.770  -49.687  39.742 0.0000000000
98088  29.560  -49.858  40.064 0.0000000000
98089  29.658  -50.291  39.832 0.0000000000
98090  29.798  -50.735  39.642 0.0000000000
98091  29.985  -51.188  39.482 0.0000000000
98092  29.619  -50.952  39.946 0.0000000000
98093  29.416  -51.140  40.262 0.0000000000
98094  29.197  -51.295  40.595 0.0000000000
101156  27.862  -53.138  50.127 0.0000000000
102744  33.830  -54.610  38.679 0.0000000000
102745  34.150  -54.358  38.450 0.0000000000
102746  34.440  -54.850  38.690 0.0000000000
102747  35.090  -55.085  38.728 0.0000000000
102748  35.708  -55.317  38.820 0.0000000000
102749  36.281  -55.495  38.964 0.0000000000
102750  35.961  -55.802  39.095 0.0000000000
102751  36.223  -56.307  39.393 0.0000000000
102752  36.469  -56.788  39.813 0.0000000000
102754  36.161  -57.074  39.988 0.0000000000
102755  35.889  -57.341  40.186 0.0000000000
102756  35.701  -57.570  40.464 0.0000000000
102757  33.624  -57.142  40.891 0.0000000000
102758  34.166  -57.446  40.897 0.0000000000
102759  33.868  -57.652  41.276 0.0000000000
102760  34.062  -58.166  41.657 0.0000000000
111923  29.835  -48.477  45.660 0.0000000000
111924  29.400  -49.395  46.364 0.0000000000
111925  29.369  -49.231  45.852 0.0000000000
111926  29.040  -49.587  45.483 0.0000000000
111927  28.736  -49.845  44.637 0.0000000000
111928  28.532  -50.163  43.789 0.0000000000
111929  28.479  -50.533  42.952 0.0000000000
111930  28.400  -50.593  43.464 0.0000000000
111931  28.320  -51.034  43.127 0.0000000000
111932  28.318  -51.524  42.864 0.0000000000
111933  29.594  -50.922  50.240 0.0000000000
111934  29.623  -50.732  49.867 0.0000000000
111935  29.141  -51.006  49.401 0.0000000000
111936  28.725  -51.120  48.637 0.0000000000
111937  28.336  -51.255  47.795 0.0000000000
111938  27.816  -53.149  45.001 0.0000000000
111939  27.779  -52.623  45.260 0.0000000000
111940  27.849  -53.029  44.582 0.0000000000
111941  27.917  -52.918  44.167 0.0000000000
111942  28.038  -52.827  43.743 0.0000000000
111943  28.197  -52.705  43.330 0.0000000000
111944  28.312  -53.267  43.089 0.0000000000
111945  28.702  -53.715  42.617 0.0000000000
111946  29.165  -54.184  42.193 0.0000000000
111947  29.696  -54.610  41.852 0.0000000000
111948  29.437  -54.721  42.158 0.0000000000
111949  29.783  -55.236  42.210 0.0000000000
111950  30.114  -55.708  42.319 0.0000000000
111951  30.020  -56.805  43.537 0.0000000000
111952  30.249  -56.788  43.287 0.0000000000
111953  30.440  -57.159  43.489 0.0000000000
111954  30.826  -57.559  43.455 0.0000000000
115328  29.910  -48.813  40.022 0.0000000000
115329  29.722  -48.913  40.294 0.0000000000
115330  29.640  -48.386  41.396 0.0000000000
115331  29.581  -48.691  40.986 0.0000000000
115332  29.499  -49.027  40.618 0.0000000000
115333  29.361  -49.193  40.949 0.0000000000
115334  29.214  -49.330  41.286 0.0000000000
115335  29.085  -49.514  41.624 0.0000000000
118948  32.078  -52.361  38.160 0.0000000000
118949  32.674  -52.626  37.985 0.0000000000
118950  32.319  -52.870  38.161 0.0000000000
118951  32.570  -53.369  38.273 0.0000000000
118952  32.864  -53.864  38.426 0.0000000000
118953  31.968  -53.835  38.827 0.0000000000
118954  32.556  -54.114  38.690 0.0000000000
118955  33.225  -54.355  38.663 0.0000000000
118956  33.542  -54.864  38.898 0.0000000000
118957  33.904  -55.377  39.133 0.0000000000
118958  34.270  -55.889  39.403 0.0000000000
118959  34.597  -56.372  39.629 0.0000000000
118960  34.019  -56.071  39.630 0.0000000000
118961  33.844  -56.299  39.930 0.0000000000
118962  33.608  -56.518  40.224 0.0000000000
118963  32.710  -55.775  40.027 0.0000000000
118964  33.062  -56.196  40.281 0.0000000000
118965  33.327  -56.654  40.569 0.0000000000
118966  33.078  -56.838  40.961 0.0000000000
118967  32.834  -57.055  41.353 0.0000000000
118968  32.596  -57.296  41.743 0.0000000000
126092  30.179  -48.969  47.705 0.0000000000
126094  30.259  -49.161  48.174 0.0000000000
126095  29.839  -49.241  47.282 0.0000000000
126096  29.453  -49.552  46.880 0.0000000000
126097  29.059  -49.884  46.500 0.0000000000
126098  28.723  -50.210  46.138 0.0000000000
126099  28.008  -52.189  48.574 0.0000000000
126100  28.031  -51.965  48.222 0.0000000000
126101  27.827  -52.338  47.816 0.0000000000
126102  27.666  -52.564  46.997 0.0000000000
126103  27.676  -52.861  46.226 0.0000000000
126104  27.593  -53.492  46.304 0.0000000000
126105  27.673  -53.329  45.937 0.0000000000
126106  27.782  -53.250  45.471 0.0000000000
126107  27.907  -53.663  44.786 0.0000000000
126108  28.091  -54.079  44.183 0.0000000000
126109  28.416  -54.549  43.672 0.0000000000
126110  28.796  -54.941  43.270 0.0000000000
126111  28.644  -55.052  43.624 0.0000000000
126112  28.917  -55.581  43.594 0.0000000000
126113  29.250  -56.032  43.659 0.0000000000
126114  28.600  -55.732  44.321 0.0000000000
126115  29.069  -56.122  43.998 0.0000000000
126116  29.537  -56.460  43.751 0.0000000000
126117  29.769  -56.833  43.813 0.0000000000
128991  32.085  -51.655  37.901 0.0000000000
128995  30.108  -50.019  39.207 0.0000000000
128996  30.518  -50.257  38.769 0.0000000000
128997  30.962  -50.529  38.386 0.0000000000
128998  31.216  -50.927  38.262 0.0000000000
128999  31.493  -51.380  38.186 0.0000000000
129000  31.816  -51.886  38.142 0.0000000000
129001  31.476  -52.050  38.402 0.0000000000
129002  31.196  -52.280  38.677 0.0000000000
129003  30.940  -52.495  38.976 0.0000000000
129004  30.222  -51.711  39.401 0.0000000000
129005  30.427  -52.190  39.345 0.0000000000
129006  30.714  -52.704  39.295 0.0000000000
129007  30.511  -52.927  39.613 0.0000000000
129008  30.231  -53.101  39.968 0.0000000000
129009  30.107  -53.342  40.336 0.0000000000
135458  29.975  -50.885  51.053 0.0000000000
135459  29.527  -51.139  50.608 0.0000000000
135460  29.036  -51.407  50.208 0.0000000000
135461  28.615  -51.739  49.796 0.0000000000
135468  28.988  -51.987  50.966 0.0000000000
135469  28.574  -52.045  50.130 0.0000000000
135470  28.273  -52.083  49.362 0.0000000000
135471  27.989  -52.421  48.952 0.0000000000
135472  27.731  -52.786  48.575 0.0000000000
135473  27.561  -53.228  48.212 0.0000000000
135474  27.634  -53.252  49.343 0.0000000000
135475  27.487  -53.431  48.580 0.0000000000
135476  27.431  -53.656  47.833 0.0000000000
135477  27.394  -54.102  47.510 0.0000000000
135478  27.320  -54.547  47.176 0.0000000000
135479  27.274  -54.975  46.818 0.0000000000
138787  33.335  -52.892  37.882 0.0000000000
138788  34.000  -53.121  37.808 0.0000000000
138789  34.650  -53.365  37.790 0.0000000000
138790  34.582  -54.124  38.205 0.0000000000
138791  34.967  -53.874  37.995 0.0000000000
138799  36.879  -55.708  39.152 0.0000000000
138800  37.461  -55.938  39.379 0.0000000000
138814  34.880  -56.830  39.939 0.0000000000
138815  35.178  -57.309  40.333 0.0000000000
138816  35.455  -57.790  40.725 0.0000000000
138817  34.675  -57.719  40.924 0.0000000000
157282  29.643  -48.191  43.604 0.0000000000
157284  29.668  -48.254  44.092 0.0000000000
157285  29.474  -48.456  43.191 0.0000000000
157286  29.291  -48.765  42.810 0.0000000000
157287  29.124  -49.144  42.461 0.0000000000
157288  28.984  -49.541  42.095 0.0000000000
157290  29.883  -48.567  46.144 0.0000000000
157291  29.563  -48.728  45.229 0.0000000000
157292  29.297  -49.142  45.314 0.0000000000
157293  29.288  -49.030  44.802 0.0000000000
157294  29.291  -48.943  44.299 0.0000000000
157295  29.053  -49.207  43.453 0.0000000000
157296  28.917  -49.530  42.618 0.0000000000
157297  28.913  -49.956  41.761 0.0000000000
157298  28.867  -50.405  41.449 0.0000000000
157299  28.887  -50.857  41.257 0.0000000000
157300  28.972  -51.321  41.049 0.0000000000
157301  28.547  -50.952  42.151 0.0000000000
157302  28.731  -51.363  41.460 0.0000000000
157303  29.082  -51.814  40.849 0.0000000000
157304  29.295  -52.312  40.769 0.0000000000
157305  29.541  -52.811  40.704 0.0000000000
157306  29.804  -53.324  40.696 0.0000000000
157308  30.565  -50.002  50.137 0.0000000000
157309  30.116  -50.021  49.302 0.0000000000
157310  29.619  -50.543  49.340 0.0000000000
157311  29.622  -50.332  48.868 0.0000000000
157312  29.605  -50.118  48.379 0.0000000000
157313  29.132  -50.240  47.498 0.0000000000
157314  28.709  -50.393  46.617 0.0000000000
157315  28.412  -50.550  45.780 0.0000000000
157316  28.022  -51.747  47.861 0.0000000000
157317  28.022  -51.568  47.399 0.0000000000
157318  28.031  -51.418  46.904 0.0000000000
157319  27.824  -52.129  45.678 0.0000000000
157320  27.902  -51.653  46.044 0.0000000000
157321  28.064  -51.272  46.436 0.0000000000
157322  28.111  -51.138  45.980 0.0000000000
157323  28.173  -50.971  45.478 0.0000000000
157324  28.211  -50.841  44.951 0.0000000000
157325  28.110  -51.181  44.114 0.0000000000
157326  28.174  -51.582  43.345 0.0000000000
157327  28.350  -52.027  42.633 0.0000000000
157328  28.357  -52.627  42.908 0.0000000000
157329  28.512  -52.617  42.453 0.0000000000
157330  28.644  -52.504  41.983 0.0000000000
157331  29.078  -52.917  41.516 0.0000000000
157332  29.544  -53.369  41.085 0.0000000000
157333  30.090  -53.845  40.701 0.0000000000
157334  30.412  -54.397  40.758 0.0000000000
157335  30.785  -54.905  40.857 0.0000000000
157336  31.169  -55.413  41.007 0.0000000000
157337  30.281  -55.011  41.567 0.0000000000
157338  30.905  -55.477  41.391 0.0000000000
157339  31.471  -55.860  41.218 0.0000000000
157340  31.744  -56.332  41.447 0.0000000000
157341  32.011  -56.870  41.759 0.0000000000
157342  32.267  -57.382  42.058 0.0000000000
157343  29.292  -55.389  42.894 0.0000000000
157344  29.871  -55.820  42.619 0.0000000000
157345  30.430  -56.178  42.489 0.0000000000
157346  30.469  -56.774  43.008 0.0000000000
157347  30.701  -56.664  42.708 0.0000000000
157348  30.929  -56.564  42.366 0.0000000000
157349  31.422  -56.968  42.295 0.0000000000
157350  31.961  -57.389  42.307 0.0000000000
157351  32.518  -57.835  42.331 0.0000000000
