#!ascii label  , from subject fsaverage vox2ras=TkReg
227
687  27.578  -96.049  -0.129 0.0000000000
688  22.733  -99.111  -0.219 0.0000000000
1525  27.937  -96.167  -5.705 0.0000000000
3499  25.879  -97.952  -2.753 0.0000000000
3500  28.589  -96.211  -2.441 0.0000000000
3501  26.121  -98.285  -5.941 0.0000000000
3502  26.538  -97.957  -8.534 0.0000000000
5845  25.066  -98.038  -0.381 0.0000000000
5846  22.744  -98.128  -2.924 0.0000000000
7395  29.004  -93.794  -0.116 0.0000000000
7396  29.288  -93.927  -2.775 0.0000000000
7397  28.497  -93.491  -5.406 0.0000000000
7398  27.942  -95.451  -8.357 0.0000000000
11179  24.475  -98.365  -4.451 0.0000000000
11180  26.017  -98.110  -4.454 0.0000000000
11181  24.719  -98.758  -5.933 0.0000000000
13579  23.525  -98.716  0.988 0.0000000000
13580  24.396  -97.882  0.711 0.0000000000
13581  23.876  -98.574  -0.473 0.0000000000
13582  24.075  -98.223  -1.591 0.0000000000
13583  22.683  -98.366  -1.469 0.0000000000
16254  27.503  -94.962  0.346 0.0000000000
16255  28.199  -93.678  0.410 0.0000000000
16256  28.479  -94.934  -0.085 0.0000000000
16257  28.107  -96.223  -4.235 0.0000000000
16258  29.004  -95.029  -2.590 0.0000000000
16259  28.512  -94.990  -4.114 0.0000000000
16260  28.757  -93.786  -4.070 0.0000000000
16261  28.160  -94.812  -5.462 0.0000000000
16262  28.123  -94.512  -6.933 0.0000000000
16263  27.848  -95.859  -7.044 0.0000000000
24729  26.943  -97.223  -1.102 0.0000000000
24730  28.359  -96.073  -0.855 0.0000000000
24731  27.371  -97.290  -2.620 0.0000000000
24732  27.288  -97.316  -4.451 0.0000000000
24733  27.295  -97.291  -5.867 0.0000000000
24734  27.331  -97.110  -7.194 0.0000000000
24735  26.358  -98.244  -7.208 0.0000000000
28994  26.391  -95.920  0.283 0.0000000000
28996  25.178  -96.906  0.387 0.0000000000
28997  26.153  -97.137  -0.372 0.0000000000
28998  25.568  -97.976  -1.414 0.0000000000
28999  24.238  -98.123  -3.004 0.0000000000
29000  22.913  -98.348  -4.602 0.0000000000
32687  29.473  -92.676  -0.428 0.0000000000
32688  29.121  -94.946  -0.955 0.0000000000
32689  29.459  -93.898  -1.285 0.0000000000
32690  29.759  -92.848  -1.568 0.0000000000
32691  29.528  -92.935  -2.995 0.0000000000
32695  28.511  -94.243  -8.263 0.0000000000
32696  28.483  -95.148  -9.597 0.0000000000
32697  27.398  -96.771  -8.478 0.0000000000
32698  27.644  -96.335  -9.744 0.0000000000
40239  21.589  -99.144  -0.600 0.0000000000
40240  21.364  -98.454  -2.116 0.0000000000
41899  23.829  -98.597  -5.333 0.0000000000
41900  24.604  -98.556  -5.260 0.0000000000
41901  23.953  -98.844  -6.027 0.0000000000
44299  23.198  -99.063  0.358 0.0000000000
44300  23.756  -98.687  0.280 0.0000000000
44301  23.297  -98.825  -0.354 0.0000000000
44302  23.342  -98.556  -0.968 0.0000000000
44303  22.701  -98.742  -0.890 0.0000000000
46974  27.586  -95.499  0.119 0.0000000000
46975  28.048  -94.939  0.151 0.0000000000
46976  28.119  -95.496  -0.086 0.0000000000
46977  27.907  -96.248  -5.053 0.0000000000
46978  28.313  -95.620  -4.191 0.0000000000
46979  28.142  -95.590  -4.917 0.0000000000
46980  28.310  -94.908  -4.770 0.0000000000
46981  28.014  -95.527  -5.584 0.0000000000
46982  27.961  -95.362  -6.310 0.0000000000
46983  27.902  -96.032  -6.379 0.0000000000
56574  26.479  -97.661  -1.899 0.0000000000
56575  27.229  -97.259  -1.766 0.0000000000
56576  26.632  -97.681  -2.689 0.0000000000
56577  26.072  -98.204  -5.236 0.0000000000
56578  26.709  -97.753  -4.465 0.0000000000
56579  26.730  -97.794  -5.240 0.0000000000
56580  27.285  -97.322  -5.195 0.0000000000
56581  26.782  -97.827  -5.929 0.0000000000
56582  26.834  -97.833  -6.543 0.0000000000
56583  26.240  -98.301  -6.572 0.0000000000
63772  26.459  -95.393  0.558 0.0000000000
63773  25.853  -95.835  0.595 0.0000000000
63777  24.740  -97.976  0.152 0.0000000000
63778  24.778  -97.441  0.546 0.0000000000
63779  25.206  -97.546  0.026 0.0000000000
63780  25.675  -97.017  -0.039 0.0000000000
63781  25.592  -97.642  -0.390 0.0000000000
63782  25.954  -97.695  -0.784 0.0000000000
63783  25.344  -98.045  -0.869 0.0000000000
63784  23.386  -98.135  -2.198 0.0000000000
63785  24.165  -98.098  -2.235 0.0000000000
63786  23.468  -98.111  -2.955 0.0000000000
63787  23.584  -98.178  -3.730 0.0000000000
63788  22.836  -98.169  -3.732 0.0000000000
71802  28.645  -93.736  0.149 0.0000000000
71803  28.462  -93.078  0.414 0.0000000000
71804  28.890  -93.154  0.116 0.0000000000
71805  29.141  -92.595  -0.011 0.0000000000
71806  29.270  -93.275  -0.240 0.0000000000
71807  28.576  -96.128  -1.518 0.0000000000
71808  28.799  -95.515  -0.877 0.0000000000
71809  28.918  -95.565  -1.622 0.0000000000
71810  29.158  -94.473  -2.708 0.0000000000
71811  29.295  -94.453  -1.904 0.0000000000
71812  29.485  -93.976  -2.070 0.0000000000
71813  29.606  -93.401  -1.412 0.0000000000
71814  29.565  -93.475  -2.154 0.0000000000
71815  29.691  -92.914  -2.268 0.0000000000
71816  29.390  -93.463  -2.873 0.0000000000
71817  28.570  -93.610  -4.666 0.0000000000
71818  28.922  -93.255  -4.125 0.0000000000
71819  28.754  -93.042  -4.706 0.0000000000
71823  28.562  -93.354  -6.163 0.0000000000
71824  28.007  -95.032  -7.736 0.0000000000
71825  28.263  -94.347  -7.596 0.0000000000
71826  28.186  -94.868  -8.325 0.0000000000
71827  28.502  -94.720  -8.934 0.0000000000
71828  28.169  -95.272  -8.981 0.0000000000
71829  26.956  -97.565  -7.852 0.0000000000
71830  27.358  -96.954  -7.848 0.0000000000
71831  27.030  -97.391  -8.523 0.0000000000
71833  27.198  -96.934  -9.831 0.0000000000
90352  20.961  -99.495  0.122 0.0000000000
90353  20.932  -99.127  -0.723 0.0000000000
90354  21.493  -98.741  -1.337 0.0000000000
90355  20.821  -98.808  -1.524 0.0000000000
93849  25.171  -98.169  -3.665 0.0000000000
93850  25.961  -98.011  -3.612 0.0000000000
93851  25.256  -98.309  -4.469 0.0000000000
93852  25.349  -98.534  -5.268 0.0000000000
93853  25.422  -98.637  -5.912 0.0000000000
93854  25.549  -98.662  -6.566 0.0000000000
93855  24.844  -98.923  -6.569 0.0000000000
98169  23.673  -98.258  1.451 0.0000000000
98170  24.098  -97.843  1.235 0.0000000000
98171  23.975  -98.285  0.851 0.0000000000
98172  24.254  -98.319  0.239 0.0000000000
98173  24.509  -98.351  -0.371 0.0000000000
98174  24.695  -98.252  -0.956 0.0000000000
98175  23.978  -98.393  -1.028 0.0000000000
98176  23.345  -98.279  -1.501 0.0000000000
98177  22.699  -98.188  -2.168 0.0000000000
102984  27.385  -94.342  0.573 0.0000000000
102986  27.904  -94.341  0.385 0.0000000000
102987  28.355  -94.299  0.174 0.0000000000
102988  28.758  -94.342  -0.085 0.0000000000
102989  28.353  -96.207  -3.360 0.0000000000
102990  28.856  -95.612  -2.491 0.0000000000
102991  28.548  -95.615  -3.387 0.0000000000
102992  28.773  -95.037  -3.439 0.0000000000
102993  28.939  -94.437  -3.440 0.0000000000
102994  29.032  -93.873  -3.441 0.0000000000
102995  28.637  -94.364  -4.054 0.0000000000
102996  28.442  -94.230  -4.685 0.0000000000
102997  28.300  -94.122  -5.408 0.0000000000
102998  28.227  -94.030  -6.189 0.0000000000
102999  28.077  -94.700  -6.248 0.0000000000
103000  27.954  -95.192  -7.025 0.0000000000
103001  27.812  -95.661  -7.707 0.0000000000
103003  26.652  -97.743  -9.229 0.0000000000
115399  23.018  -99.133  1.071 0.0000000000
115400  22.699  -99.376  0.515 0.0000000000
119139  27.306  -96.670  -0.527 0.0000000000
119140  28.013  -96.046  -0.385 0.0000000000
119141  27.735  -96.718  -0.923 0.0000000000
119142  28.066  -96.767  -1.516 0.0000000000
119143  28.101  -96.800  -2.424 0.0000000000
119144  26.717  -97.728  -3.593 0.0000000000
119145  27.399  -97.308  -3.520 0.0000000000
119146  27.975  -96.807  -3.374 0.0000000000
119147  27.774  -96.794  -4.313 0.0000000000
119148  27.671  -96.785  -5.099 0.0000000000
119149  27.671  -96.693  -5.794 0.0000000000
119150  27.677  -96.594  -6.485 0.0000000000
119151  27.311  -97.223  -6.498 0.0000000000
119152  26.892  -97.717  -7.192 0.0000000000
119153  26.460  -98.113  -7.834 0.0000000000
119154  25.696  -98.637  -7.220 0.0000000000
129162  26.974  -94.905  0.565 0.0000000000
129163  26.971  -95.478  0.306 0.0000000000
129164  26.969  -95.996  0.049 0.0000000000
129168  24.472  -97.379  1.025 0.0000000000
129169  24.782  -96.800  0.824 0.0000000000
129170  25.252  -96.295  0.681 0.0000000000
129171  25.760  -96.355  0.310 0.0000000000
129172  26.317  -96.445  -0.034 0.0000000000
129173  26.827  -96.602  -0.269 0.0000000000
129174  26.577  -97.201  -0.713 0.0000000000
129175  26.270  -97.664  -1.231 0.0000000000
129176  25.744  -97.946  -2.043 0.0000000000
129177  24.841  -98.147  -1.564 0.0000000000
129178  24.966  -98.075  -2.198 0.0000000000
129179  25.091  -98.103  -2.894 0.0000000000
129180  24.345  -98.216  -3.734 0.0000000000
129181  23.711  -98.333  -4.554 0.0000000000
129182  23.041  -98.598  -5.427 0.0000000000
139283  29.668  -92.113  -0.602 0.0000000000
139284  28.506  -95.483  -0.344 0.0000000000
139285  28.834  -94.943  -0.416 0.0000000000
139286  29.090  -94.365  -0.510 0.0000000000
139287  29.134  -94.992  -1.754 0.0000000000
139288  29.324  -94.375  -1.102 0.0000000000
139289  29.287  -93.840  -0.630 0.0000000000
139290  29.514  -93.325  -0.752 0.0000000000
139291  29.716  -92.751  -0.922 0.0000000000
139296  29.144  -93.399  -3.512 0.0000000000
139305  28.407  -93.840  -6.873 0.0000000000
139306  28.661  -93.684  -7.558 0.0000000000
139311  27.658  -96.498  -7.174 0.0000000000
139312  27.634  -96.310  -7.778 0.0000000000
139313  27.695  -96.112  -8.401 0.0000000000
139314  27.099  -97.170  -9.202 0.0000000000
139315  27.474  -96.564  -9.118 0.0000000000
139316  27.842  -95.900  -9.030 0.0000000000
139317  28.072  -95.731  -9.662 0.0000000000
161664  22.224  -99.530  0.293 0.0000000000
161672  21.621  -99.532  0.177 0.0000000000
161673  22.157  -99.142  -0.439 0.0000000000
161674  22.093  -98.726  -1.124 0.0000000000
161675  22.045  -98.324  -1.789 0.0000000000
161676  21.989  -98.234  -2.558 0.0000000000
161678  21.200  -98.366  -2.957 0.0000000000
161679  22.007  -98.235  -3.419 0.0000000000
161680  22.083  -98.321  -4.299 0.0000000000
