#!ascii label  , from subject fsaverage vox2ras=TkReg
1003
451  64.428  -36.168  -7.635 0.0000000000
627  57.029  -43.798  -9.912 0.0000000000
628  44.121  -62.058  -3.525 0.0000000000
629  55.948  -57.675  -9.888 0.0000000000
1402  59.408  -45.274  -6.905 0.0000000000
1403  53.785  -48.858  -7.456 0.0000000000
2515  64.599  -41.824  -6.318 0.0000000000
2516  62.190  -40.277  -9.513 0.0000000000
2517  60.726  -40.821  -12.898 0.0000000000
2519  44.016  -60.231  -0.465 0.0000000000
2520  50.199  -59.153  -2.841 0.0000000000
2522  50.682  -60.975  -5.807 0.0000000000
2523  53.859  -55.662  -7.259 0.0000000000
2524  54.185  -50.914  -10.795 0.0000000000
2525  57.132  -46.462  -13.638 0.0000000000
3323  52.902  -51.255  -6.073 0.0000000000
3923  47.906  -58.237  1.094 0.0000000000
4411  64.770  -35.643  -9.580 0.0000000000
5644  58.040  -44.371  -8.325 0.0000000000
5645  61.111  -42.769  -8.149 0.0000000000
5646  59.877  -41.916  -9.861 0.0000000000
5647  61.229  -40.129  -11.262 0.0000000000
5648  59.192  -42.360  -11.776 0.0000000000
5652  41.540  -64.790  -2.785 0.0000000000
5654  43.749  -61.101  -1.958 0.0000000000
5655  47.062  -59.387  -1.502 0.0000000000
5656  47.270  -60.427  -2.878 0.0000000000
5660  53.113  -58.483  -9.050 0.0000000000
5661  50.345  -59.782  -6.963 0.0000000000
5662  53.905  -59.517  -7.642 0.0000000000
5663  53.681  -59.100  -6.025 0.0000000000
5664  55.334  -56.912  -8.415 0.0000000000
5665  54.225  -53.524  -9.400 0.0000000000
5666  55.481  -54.660  -10.662 0.0000000000
7132  56.279  -46.740  -7.074 0.0000000000
7133  55.094  -46.376  -8.474 0.0000000000
7138  42.469  -65.539  -4.409 0.0000000000
7144  56.281  -55.702  -12.767 0.0000000000
10101  64.695  -38.735  -6.743 0.0000000000
10102  62.564  -43.899  -6.653 0.0000000000
10103  63.644  -41.084  -8.089 0.0000000000
10104  64.038  -38.188  -8.767 0.0000000000
10105  63.409  -37.843  -10.544 0.0000000000
10106  62.917  -38.285  -12.607 0.0000000000
10107  61.474  -38.279  -13.988 0.0000000000
10113  44.748  -59.999  1.272 0.0000000000
10114  47.405  -58.644  0.013 0.0000000000
10116  51.623  -56.762  -3.876 0.0000000000
10119  44.735  -62.574  -4.848 0.0000000000
10121  47.775  -61.093  -5.736 0.0000000000
10122  47.678  -61.156  -4.442 0.0000000000
10123  50.619  -60.208  -4.203 0.0000000000
10124  52.387  -57.711  -4.793 0.0000000000
10125  52.626  -54.442  -6.048 0.0000000000
10126  53.115  -52.269  -8.048 0.0000000000
10127  53.463  -49.736  -9.233 0.0000000000
10128  54.504  -47.108  -10.234 0.0000000000
10129  55.680  -52.198  -12.600 0.0000000000
10130  55.186  -48.226  -12.294 0.0000000000
10131  56.624  -44.807  -11.842 0.0000000000
10132  58.836  -43.364  -13.336 0.0000000000
10133  58.973  -41.048  -13.926 0.0000000000
11602  47.913  -58.446  1.591 0.0000000000
11603  46.792  -59.117  1.806 0.0000000000
12089  64.329  -34.918  -8.074 0.0000000000
12091  64.738  -35.814  -8.575 0.0000000000
13324  57.513  -43.924  -9.066 0.0000000000
13325  59.032  -43.050  -9.068 0.0000000000
13326  58.527  -42.764  -9.933 0.0000000000
13327  59.452  -41.917  -10.866 0.0000000000
13328  58.150  -42.962  -10.853 0.0000000000
13332  42.627  -63.217  -3.197 0.0000000000
13333  42.377  -62.641  -2.344 0.0000000000
13334  43.912  -61.617  -2.728 0.0000000000
13335  45.523  -60.629  -2.457 0.0000000000
13336  45.628  -61.219  -3.106 0.0000000000
13340  54.665  -58.468  -9.534 0.0000000000
13341  53.593  -59.095  -8.360 0.0000000000
13342  55.003  -58.675  -8.727 0.0000000000
13343  55.051  -58.524  -8.003 0.0000000000
13344  55.786  -57.346  -9.061 0.0000000000
13345  55.585  -55.803  -9.531 0.0000000000
13346  56.122  -56.277  -10.225 0.0000000000
15724  54.226  -48.793  -6.626 0.0000000000
15726  54.898  -47.692  -7.187 0.0000000000
15727  55.635  -46.476  -7.763 0.0000000000
15728  54.364  -47.646  -7.902 0.0000000000
15735  41.582  -67.099  -3.927 0.0000000000
22686  64.849  -40.688  -5.797 0.0000000000
22687  64.654  -39.139  -5.928 0.0000000000
22688  64.805  -40.293  -6.573 0.0000000000
22691  61.052  -44.629  -6.767 0.0000000000
22692  61.790  -41.444  -8.894 0.0000000000
22693  62.529  -41.992  -8.117 0.0000000000
22694  62.907  -40.587  -8.789 0.0000000000
22695  63.881  -39.659  -8.427 0.0000000000
22696  63.288  -39.362  -9.248 0.0000000000
22697  63.704  -37.972  -9.653 0.0000000000
22698  62.754  -39.064  -10.066 0.0000000000
22699  60.966  -40.486  -12.152 0.0000000000
22700  62.031  -39.194  -11.836 0.0000000000
22701  61.729  -39.521  -12.742 0.0000000000
22702  62.353  -38.470  -13.514 0.0000000000
22703  61.257  -39.805  -13.428 0.0000000000
22720  45.998  -59.242  0.712 0.0000000000
22721  45.699  -59.348  -0.117 0.0000000000
22722  48.699  -59.354  -2.136 0.0000000000
22723  48.650  -58.843  -1.515 0.0000000000
22724  50.095  -58.639  -2.262 0.0000000000
22726  51.114  -58.067  -3.201 0.0000000000
22733  43.930  -64.239  -5.497 0.0000000000
22734  45.110  -62.706  -5.596 0.0000000000
22738  50.522  -60.552  -6.512 0.0000000000
22739  48.933  -60.505  -6.367 0.0000000000
22740  49.122  -61.082  -5.913 0.0000000000
22741  47.791  -61.251  -5.129 0.0000000000
22742  49.146  -61.203  -5.166 0.0000000000
22743  49.096  -60.930  -4.308 0.0000000000
22744  50.739  -60.817  -5.083 0.0000000000
22745  54.034  -57.359  -6.618 0.0000000000
22746  53.069  -58.330  -5.401 0.0000000000
22747  53.227  -56.632  -6.090 0.0000000000
22748  52.547  -56.044  -5.590 0.0000000000
22749  53.139  -54.959  -6.678 0.0000000000
22750  52.842  -53.274  -7.072 0.0000000000
22751  53.425  -53.918  -7.894 0.0000000000
22752  54.152  -52.353  -10.124 0.0000000000
22753  53.610  -51.676  -9.504 0.0000000000
22754  53.704  -50.297  -10.093 0.0000000000
22755  53.824  -48.354  -9.651 0.0000000000
22756  54.034  -48.975  -10.564 0.0000000000
22757  56.546  -54.422  -13.781 0.0000000000
22758  56.135  -54.051  -12.616 0.0000000000
22759  56.314  -52.625  -13.647 0.0000000000
22760  56.801  -47.952  -13.963 0.0000000000
22761  55.902  -48.893  -13.327 0.0000000000
22762  56.123  -47.359  -12.958 0.0000000000
22763  55.659  -46.561  -11.909 0.0000000000
22764  56.805  -45.729  -12.707 0.0000000000
22765  57.898  -44.179  -12.585 0.0000000000
22766  57.856  -44.761  -13.347 0.0000000000
24413  53.316  -50.048  -6.888 0.0000000000
25492  49.130  -57.625  0.661 0.0000000000
25493  49.112  -57.619  0.115 0.0000000000
26371  64.849  -35.555  -10.750 0.0000000000
28590  58.676  -44.870  -7.566 0.0000000000
28591  60.301  -44.205  -7.524 0.0000000000
28592  59.648  -43.592  -8.271 0.0000000000
28593  60.446  -42.311  -8.902 0.0000000000
28594  61.113  -41.110  -9.666 0.0000000000
28595  61.683  -40.121  -10.308 0.0000000000
28596  60.611  -41.017  -10.601 0.0000000000
28597  60.268  -41.297  -11.595 0.0000000000
28598  59.988  -41.670  -12.470 0.0000000000
28604  40.713  -66.328  -2.213 0.0000000000
28606  41.224  -64.210  -1.850 0.0000000000
28607  42.219  -62.108  -1.442 0.0000000000
28608  43.815  -60.617  -1.207 0.0000000000
28609  45.476  -59.665  -0.935 0.0000000000
28610  45.432  -60.173  -1.702 0.0000000000
28611  47.172  -59.934  -2.205 0.0000000000
28612  48.773  -59.753  -2.666 0.0000000000
28618  51.332  -58.340  -8.478 0.0000000000
28619  50.140  -58.998  -7.368 0.0000000000
28620  51.928  -58.968  -7.814 0.0000000000
28621  52.219  -59.800  -7.344 0.0000000000
28622  52.394  -60.309  -6.622 0.0000000000
28623  52.339  -60.342  -5.767 0.0000000000
28624  53.908  -59.665  -6.834 0.0000000000
28625  54.817  -58.026  -7.210 0.0000000000
28626  54.651  -56.333  -7.897 0.0000000000
28627  54.172  -54.558  -8.480 0.0000000000
28628  54.987  -55.214  -9.007 0.0000000000
28629  54.885  -54.130  -9.962 0.0000000000
28630  54.846  -52.907  -10.840 0.0000000000
30271  63.864  -36.572  -6.866 0.0000000000
32000  57.790  -45.890  -6.977 0.0000000000
32001  57.100  -45.534  -7.668 0.0000000000
32002  56.446  -45.267  -8.356 0.0000000000
32003  55.942  -45.043  -9.080 0.0000000000
32012  41.090  -66.732  -3.078 0.0000000000
32013  41.912  -65.181  -3.621 0.0000000000
32014  43.068  -63.624  -3.919 0.0000000000
32024  54.008  -57.978  -10.344 0.0000000000
32025  55.369  -57.681  -10.960 0.0000000000
32026  56.243  -56.794  -11.223 0.0000000000
32027  55.807  -56.940  -12.523 0.0000000000
40538  64.174  -37.833  -6.295 0.0000000000
40539  64.474  -37.461  -7.141 0.0000000000
40542  63.757  -42.951  -6.613 0.0000000000
40543  61.871  -43.446  -7.333 0.0000000000
40544  63.207  -42.560  -7.355 0.0000000000
40545  64.235  -41.498  -7.229 0.0000000000
40546  64.430  -39.942  -7.540 0.0000000000
40547  64.410  -38.504  -7.728 0.0000000000
40548  64.500  -37.107  -8.146 0.0000000000
40549  64.381  -36.859  -9.143 0.0000000000
40550  64.204  -36.770  -10.103 0.0000000000
40551  64.084  -36.747  -11.234 0.0000000000
40552  62.311  -38.931  -10.923 0.0000000000
40553  63.163  -37.884  -11.545 0.0000000000
40554  63.993  -36.990  -12.412 0.0000000000
40555  63.557  -37.220  -13.415 0.0000000000
40575  45.249  -60.102  1.879 0.0000000000
40576  46.386  -59.162  1.342 0.0000000000
40577  47.637  -58.454  0.605 0.0000000000
40579  47.136  -58.989  -0.734 0.0000000000
40592  43.478  -64.043  -4.718 0.0000000000
40593  44.419  -62.355  -4.184 0.0000000000
40597  48.656  -59.780  -6.608 0.0000000000
40598  47.523  -60.660  -6.154 0.0000000000
40599  46.488  -61.510  -5.810 0.0000000000
40600  46.335  -61.611  -5.146 0.0000000000
40601  46.132  -61.574  -4.504 0.0000000000
40602  45.883  -61.452  -3.877 0.0000000000
40603  47.464  -60.966  -3.637 0.0000000000
40604  48.960  -60.343  -3.459 0.0000000000
40605  50.390  -59.610  -3.442 0.0000000000
40606  52.042  -59.787  -4.908 0.0000000000
40607  51.664  -59.223  -4.218 0.0000000000
40608  51.352  -58.639  -3.708 0.0000000000
40609  51.830  -57.234  -4.318 0.0000000000
40610  52.131  -55.638  -5.003 0.0000000000
40611  52.297  -54.058  -5.268 0.0000000000
40612  52.602  -52.824  -6.174 0.0000000000
40613  52.836  -51.608  -7.134 0.0000000000
40614  53.131  -50.459  -7.951 0.0000000000
40615  53.546  -52.894  -8.825 0.0000000000
40616  53.292  -51.033  -8.802 0.0000000000
40617  53.509  -49.170  -8.402 0.0000000000
40618  53.959  -47.898  -8.780 0.0000000000
40619  54.646  -46.624  -9.335 0.0000000000
40620  55.502  -45.244  -10.025 0.0000000000
40621  56.113  -55.242  -11.539 0.0000000000
40622  55.554  -53.493  -11.642 0.0000000000
40623  54.852  -51.572  -11.659 0.0000000000
40624  56.003  -50.679  -13.551 0.0000000000
40625  55.195  -50.121  -12.522 0.0000000000
40626  54.472  -49.539  -11.588 0.0000000000
40627  54.690  -47.617  -11.272 0.0000000000
40628  55.471  -45.804  -11.031 0.0000000000
40629  56.665  -44.101  -10.931 0.0000000000
40630  57.894  -43.490  -11.793 0.0000000000
40631  59.092  -42.980  -12.719 0.0000000000
40632  59.830  -42.124  -13.169 0.0000000000
40633  58.305  -43.608  -13.988 0.0000000000
40634  59.106  -42.355  -13.739 0.0000000000
40635  60.116  -41.169  -13.524 0.0000000000
40636  60.147  -39.605  -13.945 0.0000000000
42322  46.884  -59.227  2.068 0.0000000000
42323  46.316  -59.615  2.094 0.0000000000
42807  64.094  -35.792  -7.455 0.0000000000
42808  63.966  -35.175  -7.730 0.0000000000
42809  64.398  -35.526  -7.875 0.0000000000
42810  64.598  -35.359  -8.284 0.0000000000
42811  64.621  -35.971  -8.094 0.0000000000
44044  57.260  -43.824  -9.473 0.0000000000
44045  58.039  -43.383  -9.510 0.0000000000
44046  57.791  -43.322  -9.915 0.0000000000
44047  58.335  -42.826  -10.381 0.0000000000
44048  57.605  -43.342  -10.390 0.0000000000
44052  43.309  -62.561  -3.382 0.0000000000
44053  43.209  -62.319  -2.962 0.0000000000
44054  44.028  -61.845  -3.138 0.0000000000
44055  44.770  -61.360  -2.931 0.0000000000
44056  44.868  -61.563  -3.310 0.0000000000
44060  55.339  -58.173  -9.737 0.0000000000
44061  54.899  -58.630  -9.079 0.0000000000
44062  55.530  -58.182  -9.289 0.0000000000
44063  55.525  -58.108  -8.898 0.0000000000
44064  55.980  -57.516  -9.447 0.0000000000
44065  56.001  -56.760  -9.623 0.0000000000
44066  56.155  -56.959  -10.019 0.0000000000
46444  53.980  -48.761  -7.015 0.0000000000
46445  54.551  -48.252  -6.894 0.0000000000
46446  54.292  -48.214  -7.303 0.0000000000
46447  54.630  -47.629  -7.552 0.0000000000
46448  54.045  -48.239  -7.715 0.0000000000
53404  64.705  -41.990  -5.925 0.0000000000
53406  64.778  -41.272  -6.083 0.0000000000
53407  64.868  -40.470  -6.165 0.0000000000
53408  64.706  -41.084  -6.509 0.0000000000
53409  59.778  -45.545  -6.606 0.0000000000
53410  60.622  -45.262  -6.530 0.0000000000
53411  60.252  -45.017  -6.843 0.0000000000
53412  61.983  -40.767  -9.263 0.0000000000
53413  62.335  -41.010  -8.845 0.0000000000
53414  62.567  -40.412  -9.131 0.0000000000
53415  63.078  -40.008  -9.047 0.0000000000
53416  62.754  -39.843  -9.415 0.0000000000
53417  62.997  -39.177  -9.677 0.0000000000
53418  62.455  -39.708  -9.768 0.0000000000
53419  60.866  -40.643  -12.557 0.0000000000
53420  61.354  -39.972  -12.430 0.0000000000
53421  61.207  -40.164  -12.805 0.0000000000
53422  61.533  -39.706  -13.100 0.0000000000
53423  61.022  -40.338  -13.120 0.0000000000
53440  44.983  -59.587  0.160 0.0000000000
53441  44.838  -59.720  -0.268 0.0000000000
53442  49.448  -59.321  -2.438 0.0000000000
53443  49.397  -59.070  -2.149 0.0000000000
53444  50.176  -58.943  -2.459 0.0000000000
53445  50.751  -58.344  -2.751 0.0000000000
53446  50.769  -58.648  -2.982 0.0000000000
53458  50.588  -60.808  -6.213 0.0000000000
53459  49.789  -60.793  -6.245 0.0000000000
53460  49.835  -61.033  -5.928 0.0000000000
53461  49.165  -61.214  -5.629 0.0000000000
53462  49.946  -61.132  -5.505 0.0000000000
53463  49.970  -61.097  -5.099 0.0000000000
53464  50.762  -60.955  -5.431 0.0000000000
53465  53.962  -56.528  -6.950 0.0000000000
53466  53.613  -57.013  -6.349 0.0000000000
53467  53.574  -56.148  -6.673 0.0000000000
53468  53.221  -55.812  -6.417 0.0000000000
53469  53.499  -55.311  -6.977 0.0000000000
53470  53.314  -54.425  -7.238 0.0000000000
53471  53.723  -54.819  -7.575 0.0000000000
53472  54.143  -51.641  -10.457 0.0000000000
53473  53.871  -51.311  -10.146 0.0000000000
53474  53.922  -50.628  -10.440 0.0000000000
53475  53.813  -49.637  -10.327 0.0000000000
53476  54.025  -49.964  -10.750 0.0000000000
53478  56.449  -53.517  -13.736 0.0000000000
53479  56.526  -52.782  -14.199 0.0000000000
53480  56.866  -47.238  -13.760 0.0000000000
53481  56.453  -47.673  -13.487 0.0000000000
53482  56.620  -46.881  -13.259 0.0000000000
53483  56.407  -46.526  -12.809 0.0000000000
53484  56.946  -46.116  -13.208 0.0000000000
53485  57.321  -45.270  -13.084 0.0000000000
53486  57.432  -45.626  -13.526 0.0000000000
56047  53.459  -50.003  -6.450 0.0000000000
56048  53.112  -50.637  -6.495 0.0000000000
57844  47.910  -58.337  1.360 0.0000000000
57845  48.506  -57.996  1.175 0.0000000000
57846  48.504  -57.943  0.915 0.0000000000
57847  49.117  -57.606  0.380 0.0000000000
57848  48.492  -57.885  0.624 0.0000000000
59307  64.872  -35.137  -9.312 0.0000000000
59309  65.041  -34.920  -9.755 0.0000000000
59311  64.820  -35.524  -10.129 0.0000000000
63009  58.350  -44.618  -7.943 0.0000000000
63010  59.165  -44.278  -7.942 0.0000000000
63011  58.851  -44.000  -8.314 0.0000000000
63012  59.462  -42.454  -9.456 0.0000000000
63013  59.742  -42.637  -9.014 0.0000000000
63014  60.129  -42.085  -9.379 0.0000000000
63015  60.780  -41.692  -9.319 0.0000000000
63016  60.486  -41.524  -9.790 0.0000000000
63017  60.838  -41.001  -10.138 0.0000000000
63018  60.250  -41.389  -10.245 0.0000000000
63019  59.301  -42.111  -11.324 0.0000000000
63020  59.862  -41.597  -11.236 0.0000000000
63021  59.712  -41.802  -11.705 0.0000000000
63022  60.111  -41.477  -12.057 0.0000000000
63023  59.645  -42.013  -12.124 0.0000000000
63032  41.087  -65.552  -2.526 0.0000000000
63033  40.939  -65.252  -2.096 0.0000000000
63034  41.391  -64.492  -2.349 0.0000000000
63035  42.998  -61.798  -2.145 0.0000000000
63036  42.280  -62.359  -1.912 0.0000000000
63037  42.948  -61.552  -1.701 0.0000000000
63038  42.948  -61.283  -1.267 0.0000000000
63039  43.791  -60.854  -1.581 0.0000000000
63040  44.625  -60.354  -1.473 0.0000000000
63041  44.642  -60.557  -1.855 0.0000000000
63042  46.441  -60.577  -2.694 0.0000000000
63043  46.370  -60.308  -2.330 0.0000000000
63044  47.185  -60.160  -2.531 0.0000000000
63045  47.983  -59.852  -2.444 0.0000000000
63046  47.995  -60.056  -2.777 0.0000000000
63055  52.208  -58.342  -8.761 0.0000000000
63056  51.681  -58.604  -8.102 0.0000000000
63057  52.585  -58.647  -8.409 0.0000000000
63058  53.754  -59.337  -7.995 0.0000000000
63059  52.990  -59.432  -7.835 0.0000000000
63060  53.085  -59.716  -7.466 0.0000000000
63061  52.272  -60.098  -7.030 0.0000000000
63062  53.233  -59.932  -7.120 0.0000000000
63063  53.205  -60.047  -6.697 0.0000000000
63064  53.970  -59.601  -7.272 0.0000000000
63065  55.315  -57.740  -8.179 0.0000000000
63066  54.966  -58.326  -7.600 0.0000000000
63067  55.129  -57.498  -7.828 0.0000000000
63068  54.809  -57.202  -7.530 0.0000000000
63069  54.996  -56.636  -8.134 0.0000000000
63070  54.840  -55.814  -8.473 0.0000000000
63071  55.169  -56.105  -8.668 0.0000000000
63072  55.610  -55.325  -10.092 0.0000000000
63073  55.291  -55.021  -9.801 0.0000000000
63074  55.162  -54.413  -10.308 0.0000000000
63075  54.835  -53.502  -10.437 0.0000000000
63076  55.140  -53.803  -10.760 0.0000000000
66511  63.542  -36.828  -6.549 0.0000000000
70212  55.896  -47.270  -6.762 0.0000000000
70214  56.633  -46.902  -6.732 0.0000000000
70215  57.336  -46.506  -6.718 0.0000000000
70216  57.032  -46.290  -7.000 0.0000000000
70217  57.448  -45.697  -7.314 0.0000000000
70218  56.673  -46.114  -7.355 0.0000000000
70219  55.352  -46.418  -8.112 0.0000000000
70220  56.001  -45.882  -8.072 0.0000000000
70221  55.715  -45.792  -8.375 0.0000000000
70222  56.171  -45.130  -8.710 0.0000000000
70223  55.487  -45.726  -8.731 0.0000000000
70240  40.816  -67.597  -2.770 0.0000000000
70241  41.033  -67.770  -3.249 0.0000000000
70242  41.978  -66.267  -4.122 0.0000000000
70243  41.730  -66.089  -3.735 0.0000000000
70244  42.203  -65.346  -3.991 0.0000000000
70245  42.468  -64.410  -3.798 0.0000000000
70246  42.649  -64.571  -4.168 0.0000000000
70267  54.331  -57.692  -11.118 0.0000000000
70268  54.715  -57.893  -10.675 0.0000000000
70269  55.007  -57.527  -11.439 0.0000000000
70270  55.634  -57.379  -11.743 0.0000000000
70271  55.235  -57.195  -12.251 0.0000000000
91099  64.689  -38.930  -6.319 0.0000000000
91100  64.419  -38.467  -6.105 0.0000000000
91101  64.506  -38.243  -6.454 0.0000000000
91102  64.358  -37.627  -6.656 0.0000000000
91103  64.542  -38.072  -6.885 0.0000000000
91107  62.197  -44.451  -6.393 0.0000000000
91109  62.895  -44.012  -6.391 0.0000000000
91110  63.508  -43.563  -6.337 0.0000000000
91111  63.210  -43.426  -6.657 0.0000000000
91112  60.684  -43.491  -7.778 0.0000000000
91113  61.088  -43.804  -7.371 0.0000000000
91114  61.495  -43.064  -7.763 0.0000000000
91115  63.110  -41.561  -8.120 0.0000000000
91116  62.879  -42.292  -7.739 0.0000000000
91117  63.457  -41.781  -7.729 0.0000000000
91118  63.760  -42.028  -7.312 0.0000000000
91119  64.002  -41.270  -7.651 0.0000000000
91120  64.387  -40.701  -7.438 0.0000000000
91121  64.132  -40.556  -7.877 0.0000000000
91122  63.933  -38.875  -8.568 0.0000000000
91123  64.210  -39.040  -8.074 0.0000000000
91124  64.207  -38.311  -8.248 0.0000000000
91125  64.399  -37.798  -7.963 0.0000000000
91126  64.297  -37.634  -8.478 0.0000000000
91127  64.452  -36.950  -8.679 0.0000000000
91128  64.212  -37.503  -8.952 0.0000000000
91129  63.558  -37.857  -10.084 0.0000000000
91130  63.980  -37.337  -9.860 0.0000000000
91131  63.860  -37.306  -10.338 0.0000000000
91132  64.144  -36.717  -10.654 0.0000000000
91133  63.728  -37.310  -10.869 0.0000000000
91134  61.437  -40.057  -10.793 0.0000000000
91135  61.940  -39.571  -10.656 0.0000000000
91136  61.763  -39.600  -11.132 0.0000000000
91137  62.498  -38.718  -12.199 0.0000000000
91138  62.575  -38.541  -11.741 0.0000000000
91139  63.058  -38.080  -12.078 0.0000000000
91140  63.583  -37.446  -12.025 0.0000000000
91141  63.495  -37.645  -12.553 0.0000000000
91142  63.836  -37.148  -12.941 0.0000000000
91143  63.352  -37.834  -13.062 0.0000000000
91144  61.927  -38.407  -13.800 0.0000000000
91145  62.517  -37.769  -13.858 0.0000000000
91192  44.164  -60.461  1.500 0.0000000000
91193  44.464  -60.568  1.876 0.0000000000
91194  45.039  -60.042  1.627 0.0000000000
91195  45.847  -59.583  1.611 0.0000000000
91196  45.573  -59.609  1.363 0.0000000000
91197  46.704  -58.936  0.387 0.0000000000
91198  46.867  -58.845  0.662 0.0000000000
91199  47.559  -58.522  0.298 0.0000000000
91200  48.333  -58.112  0.178 0.0000000000
91201  48.290  -58.232  -0.093 0.0000000000
91202  46.271  -59.503  -1.186 0.0000000000
91203  46.307  -59.309  -0.801 0.0000000000
91204  47.071  -59.186  -1.117 0.0000000000
91235  44.273  -63.421  -5.213 0.0000000000
91236  43.697  -64.176  -5.108 0.0000000000
91237  44.049  -63.304  -4.794 0.0000000000
91238  43.869  -63.105  -4.406 0.0000000000
91239  44.599  -62.451  -4.516 0.0000000000
91248  50.243  -59.389  -7.151 0.0000000000
91249  49.361  -59.383  -6.935 0.0000000000
91250  49.492  -59.766  -6.797 0.0000000000
91251  48.352  -60.769  -6.069 0.0000000000
91252  48.234  -60.488  -6.248 0.0000000000
91253  47.672  -60.862  -5.962 0.0000000000
91254  46.985  -61.067  -5.989 0.0000000000
91255  47.067  -61.205  -5.715 0.0000000000
91256  46.379  -61.602  -5.489 0.0000000000
91257  47.142  -61.335  -5.361 0.0000000000
91258  47.707  -61.244  -4.782 0.0000000000
91259  46.998  -61.373  -4.789 0.0000000000
91260  46.822  -61.290  -4.439 0.0000000000
91261  45.996  -61.488  -4.195 0.0000000000
91262  46.769  -61.266  -4.113 0.0000000000
91263  46.680  -61.191  -3.718 0.0000000000
91264  47.544  -61.146  -4.033 0.0000000000
91265  49.916  -60.661  -4.210 0.0000000000
91266  49.040  -60.598  -3.858 0.0000000000
91267  49.844  -60.270  -3.820 0.0000000000
91268  49.758  -59.981  -3.405 0.0000000000
91269  50.522  -59.886  -3.800 0.0000000000
91270  53.034  -59.819  -5.875 0.0000000000
91271  52.177  -60.143  -5.381 0.0000000000
91272  52.867  -59.488  -5.483 0.0000000000
91273  52.687  -58.016  -5.053 0.0000000000
91274  52.349  -58.813  -4.775 0.0000000000
91275  52.071  -58.519  -4.480 0.0000000000
91276  51.498  -58.928  -3.953 0.0000000000
91277  51.838  -58.207  -4.227 0.0000000000
91278  51.628  -57.917  -3.986 0.0000000000
91279  52.090  -57.457  -4.524 0.0000000000
91280  52.573  -55.303  -5.843 0.0000000000
91281  52.289  -55.837  -5.302 0.0000000000
91282  52.399  -55.058  -5.525 0.0000000000
91283  52.252  -54.888  -5.193 0.0000000000
91284  52.414  -54.242  -5.655 0.0000000000
91285  52.441  -53.417  -5.731 0.0000000000
91286  52.581  -53.599  -6.158 0.0000000000
91287  52.957  -52.800  -7.569 0.0000000000
91288  52.792  -52.411  -7.126 0.0000000000
91289  52.972  -51.958  -7.600 0.0000000000
91290  52.988  -51.080  -7.562 0.0000000000
91291  53.099  -51.389  -8.051 0.0000000000
91292  54.236  -54.032  -8.992 0.0000000000
91293  53.868  -53.732  -8.677 0.0000000000
91294  53.861  -53.215  -9.125 0.0000000000
91295  53.497  -50.649  -9.475 0.0000000000
91296  53.431  -51.351  -9.170 0.0000000000
91297  53.351  -50.349  -9.085 0.0000000000
91298  53.322  -50.079  -8.649 0.0000000000
91299  53.464  -49.424  -8.837 0.0000000000
91300  53.699  -48.538  -8.575 0.0000000000
91301  53.608  -48.764  -9.018 0.0000000000
91302  54.152  -47.753  -9.924 0.0000000000
91303  54.158  -47.502  -9.450 0.0000000000
91304  54.543  -46.850  -9.765 0.0000000000
91305  55.033  -45.882  -9.671 0.0000000000
91306  54.942  -46.133  -10.109 0.0000000000
91307  56.273  -56.252  -12.052 0.0000000000
91308  56.279  -56.076  -11.463 0.0000000000
91309  56.288  -55.522  -12.165 0.0000000000
91310  55.911  -53.146  -12.627 0.0000000000
91311  55.855  -53.784  -12.110 0.0000000000
91312  55.590  -52.880  -12.128 0.0000000000
91313  55.210  -52.584  -11.619 0.0000000000
91314  55.262  -51.920  -12.084 0.0000000000
91316  56.349  -50.919  -14.071 0.0000000000
91317  56.276  -49.996  -13.993 0.0000000000
91318  55.519  -48.573  -12.797 0.0000000000
91319  55.524  -49.451  -12.963 0.0000000000
91320  55.154  -49.130  -12.448 0.0000000000
91321  54.831  -49.826  -12.060 0.0000000000
91322  54.803  -48.828  -11.956 0.0000000000
91323  54.521  -48.539  -11.457 0.0000000000
91324  54.913  -47.918  -11.783 0.0000000000
91325  56.113  -45.673  -11.902 0.0000000000
91326  55.533  -46.173  -11.496 0.0000000000
91327  56.009  -45.243  -11.477 0.0000000000
91328  56.016  -44.824  -10.955 0.0000000000
91329  56.606  -44.423  -11.373 0.0000000000
91330  57.269  -43.766  -11.362 0.0000000000
91331  57.220  -44.110  -11.788 0.0000000000
91332  58.435  -43.823  -12.963 0.0000000000
91333  58.498  -43.551  -12.646 0.0000000000
91334  59.009  -43.206  -13.049 0.0000000000
91335  59.458  -42.556  -12.932 0.0000000000
91336  59.326  -42.761  -13.266 0.0000000000
91341  58.549  -42.390  -13.955 0.0000000000
91342  59.054  -41.735  -13.839 0.0000000000
91343  59.605  -41.773  -13.616 0.0000000000
91344  59.599  -41.102  -13.753 0.0000000000
91345  60.120  -40.373  -13.762 0.0000000000
91346  59.535  -40.283  -13.923 0.0000000000
94611  47.411  -58.874  1.969 0.0000000000
94612  47.342  -58.774  1.740 0.0000000000
94613  47.368  -58.626  1.494 0.0000000000
95489  64.586  -34.687  -8.505 0.0000000000
95490  64.753  -35.228  -8.755 0.0000000000
95491  64.740  -35.752  -9.068 0.0000000000
97710  57.759  -44.117  -8.708 0.0000000000
97711  58.575  -43.726  -8.694 0.0000000000
97712  58.300  -43.519  -9.103 0.0000000000
97713  58.760  -42.877  -9.492 0.0000000000
97714  59.226  -42.364  -9.938 0.0000000000
97715  59.666  -41.830  -10.356 0.0000000000
97716  58.995  -42.373  -10.407 0.0000000000
97717  58.802  -42.449  -10.851 0.0000000000
97718  58.678  -42.670  -11.340 0.0000000000
97724  42.046  -63.983  -3.030 0.0000000000
97725  41.913  -63.684  -2.591 0.0000000000
97726  42.482  -62.938  -2.767 0.0000000000
97727  43.081  -62.028  -2.524 0.0000000000
97728  43.822  -61.354  -2.384 0.0000000000
97729  44.613  -60.816  -2.205 0.0000000000
97730  44.682  -61.096  -2.599 0.0000000000
97731  45.565  -60.913  -2.797 0.0000000000
97732  46.461  -60.822  -2.983 0.0000000000
97738  53.930  -58.565  -9.251 0.0000000000
97739  53.386  -58.773  -8.657 0.0000000000
97740  54.171  -58.802  -8.898 0.0000000000
97741  54.366  -58.982  -8.553 0.0000000000
97742  54.498  -59.131  -8.230 0.0000000000
97743  54.556  -59.150  -7.870 0.0000000000
97744  55.059  -58.648  -8.380 0.0000000000
97745  55.449  -57.911  -8.571 0.0000000000
97746  55.573  -57.178  -8.733 0.0000000000
97747  55.512  -56.332  -8.965 0.0000000000
97748  55.778  -56.570  -9.305 0.0000000000
97749  55.844  -56.049  -9.875 0.0000000000
97750  55.851  -55.537  -10.422 0.0000000000
102033  55.206  -47.784  -6.825 0.0000000000
102034  55.559  -47.157  -7.118 0.0000000000
102035  55.943  -46.581  -7.410 0.0000000000
102036  55.251  -47.060  -7.456 0.0000000000
102037  54.969  -47.044  -7.820 0.0000000000
102038  54.703  -47.042  -8.185 0.0000000000
102052  42.244  -66.496  -4.612 0.0000000000
114563  64.561  -39.379  -5.581 0.0000000000
114564  64.868  -39.859  -5.843 0.0000000000
114565  64.839  -39.673  -6.235 0.0000000000
114566  64.765  -39.496  -6.670 0.0000000000
114570  61.417  -44.832  -6.470 0.0000000000
114571  61.840  -44.292  -6.683 0.0000000000
114572  61.511  -42.152  -8.494 0.0000000000
114573  61.865  -42.409  -8.079 0.0000000000
114574  62.143  -41.665  -8.503 0.0000000000
114575  62.708  -41.277  -8.461 0.0000000000
114576  63.271  -40.832  -8.454 0.0000000000
114577  63.809  -40.391  -8.305 0.0000000000
114578  63.423  -40.186  -8.676 0.0000000000
114579  63.573  -39.524  -8.848 0.0000000000
114580  63.688  -38.788  -9.061 0.0000000000
114581  63.868  -38.078  -9.231 0.0000000000
114582  63.508  -38.672  -9.459 0.0000000000
114583  63.305  -38.549  -9.863 0.0000000000
114584  63.079  -38.430  -10.263 0.0000000000
114585  61.058  -40.283  -11.717 0.0000000000
114586  61.595  -39.702  -11.604 0.0000000000
114587  61.478  -39.814  -12.023 0.0000000000
114588  61.883  -39.320  -12.303 0.0000000000
114589  62.354  -38.876  -12.671 0.0000000000
114590  62.724  -38.457  -13.118 0.0000000000
114591  62.127  -39.026  -13.116 0.0000000000
114592  61.819  -39.171  -13.508 0.0000000000
114593  61.378  -39.103  -13.798 0.0000000000
114621  44.501  -59.950  0.853 0.0000000000
114622  45.326  -59.633  1.050 0.0000000000
114623  45.115  -59.591  0.601 0.0000000000
114624  45.847  -59.307  0.328 0.0000000000
114625  46.548  -59.032  0.015 0.0000000000
114626  47.920  -59.357  -1.845 0.0000000000
114627  47.841  -59.137  -1.459 0.0000000000
114628  48.646  -59.104  -1.834 0.0000000000
114629  49.373  -58.802  -1.854 0.0000000000
114632  50.634  -58.141  -2.461 0.0000000000
114633  51.039  -57.808  -3.000 0.0000000000
114634  51.350  -57.456  -3.497 0.0000000000
114647  44.474  -63.459  -5.573 0.0000000000
114648  44.934  -62.660  -5.244 0.0000000000
114654  50.466  -60.217  -6.767 0.0000000000
114655  49.543  -60.153  -6.655 0.0000000000
114656  49.646  -60.490  -6.489 0.0000000000
114657  48.995  -60.806  -6.175 0.0000000000
114658  48.440  -61.029  -5.822 0.0000000000
114659  47.800  -61.175  -5.465 0.0000000000
114660  48.514  -61.193  -5.540 0.0000000000
114661  48.468  -61.239  -5.184 0.0000000000
114662  48.389  -61.214  -4.779 0.0000000000
114663  48.317  -61.087  -4.378 0.0000000000
114664  49.078  -61.107  -4.738 0.0000000000
114665  49.949  -60.932  -4.698 0.0000000000
114666  50.679  -60.561  -4.648 0.0000000000
114667  53.973  -58.212  -6.301 0.0000000000
114668  53.385  -58.676  -5.668 0.0000000000
114669  53.590  -57.851  -5.984 0.0000000000
114670  53.211  -57.460  -5.731 0.0000000000
114671  52.896  -57.168  -5.442 0.0000000000
114672  52.529  -56.895  -5.181 0.0000000000
114673  52.864  -56.324  -5.847 0.0000000000
114674  52.863  -55.521  -6.152 0.0000000000
114675  52.866  -54.660  -6.388 0.0000000000
114676  52.741  -53.824  -6.594 0.0000000000
114677  52.976  -54.088  -6.954 0.0000000000
114678  53.060  -53.548  -7.518 0.0000000000
114679  53.220  -53.074  -7.997 0.0000000000
114680  54.174  -52.923  -9.778 0.0000000000
114681  53.845  -52.609  -9.492 0.0000000000
114682  53.814  -52.022  -9.816 0.0000000000
114683  53.675  -51.005  -9.839 0.0000000000
114684  53.562  -49.972  -9.700 0.0000000000
114685  53.615  -49.027  -9.448 0.0000000000
114686  53.700  -49.303  -9.896 0.0000000000
114687  53.895  -48.694  -10.120 0.0000000000
114688  54.204  -48.003  -10.427 0.0000000000
114689  56.440  -55.055  -13.291 0.0000000000
114690  56.328  -54.878  -12.690 0.0000000000
114691  56.381  -54.242  -13.174 0.0000000000
114692  56.201  -53.371  -13.140 0.0000000000
114693  55.974  -52.410  -13.136 0.0000000000
114694  56.678  -48.667  -14.147 0.0000000000
114695  56.266  -49.159  -13.848 0.0000000000
114696  56.319  -48.390  -13.626 0.0000000000
114697  55.950  -48.083  -13.136 0.0000000000
114698  55.612  -47.750  -12.582 0.0000000000
114699  55.340  -47.403  -12.068 0.0000000000
114700  55.857  -47.000  -12.431 0.0000000000
114701  56.234  -46.117  -12.331 0.0000000000
114702  56.709  -45.238  -12.300 0.0000000000
114703  57.266  -44.471  -12.212 0.0000000000
114704  57.301  -44.891  -12.624 0.0000000000
114705  57.905  -44.521  -12.953 0.0000000000
114706  58.366  -44.036  -13.298 0.0000000000
118402  53.711  -49.388  -6.753 0.0000000000
118403  53.537  -49.422  -7.179 0.0000000000
122971  64.864  -35.608  -11.341 0.0000000000
128147  64.391  -42.571  -6.103 0.0000000000
128148  59.034  -45.052  -7.206 0.0000000000
128149  59.874  -44.744  -7.201 0.0000000000
128150  59.512  -44.526  -7.574 0.0000000000
128151  59.961  -43.896  -7.901 0.0000000000
128152  60.357  -43.190  -8.221 0.0000000000
128153  59.320  -43.282  -8.664 0.0000000000
128154  60.046  -42.899  -8.610 0.0000000000
128155  60.759  -42.527  -8.527 0.0000000000
128156  61.116  -41.886  -8.863 0.0000000000
128157  61.443  -41.263  -9.267 0.0000000000
128158  61.660  -40.625  -9.635 0.0000000000
128159  61.897  -40.175  -9.907 0.0000000000
128160  61.375  -40.556  -10.028 0.0000000000
128161  61.129  -40.529  -10.466 0.0000000000
128162  60.921  -40.590  -10.937 0.0000000000
128163  60.038  -41.455  -10.748 0.0000000000
128164  60.417  -41.115  -11.087 0.0000000000
128165  60.743  -40.738  -11.389 0.0000000000
128166  60.598  -40.924  -11.855 0.0000000000
128167  60.469  -41.141  -12.337 0.0000000000
128168  60.362  -41.349  -12.683 0.0000000000
128180  40.490  -67.240  -1.874 0.0000000000
128182  40.602  -66.143  -1.730 0.0000000000
128183  40.774  -65.096  -1.520 0.0000000000
128184  41.092  -63.945  -1.374 0.0000000000
128185  41.742  -63.369  -2.115 0.0000000000
128186  41.643  -63.094  -1.659 0.0000000000
128187  41.581  -62.795  -1.195 0.0000000000
128188  42.227  -61.848  -1.030 0.0000000000
128189  43.054  -61.047  -0.940 0.0000000000
128190  43.913  -60.445  -0.863 0.0000000000
128191  44.687  -59.898  -0.695 0.0000000000
128192  44.658  -60.123  -1.098 0.0000000000
128193  45.414  -59.925  -1.315 0.0000000000
128194  46.253  -59.778  -1.566 0.0000000000
128195  45.490  -60.396  -2.084 0.0000000000
128196  46.356  -60.034  -1.951 0.0000000000
128197  47.168  -59.671  -1.891 0.0000000000
128198  47.985  -59.616  -2.157 0.0000000000
128199  48.754  -59.578  -2.407 0.0000000000
128200  49.522  -59.500  -2.679 0.0000000000
128214  50.775  -58.621  -7.848 0.0000000000
128215  50.995  -58.987  -7.587 0.0000000000
128216  51.160  -59.367  -7.366 0.0000000000
128217  52.804  -59.058  -8.107 0.0000000000
128218  52.071  -59.409  -7.582 0.0000000000
128219  51.255  -59.834  -7.140 0.0000000000
128220  51.411  -60.251  -6.901 0.0000000000
128221  51.460  -60.530  -6.609 0.0000000000
128222  51.542  -60.705  -6.231 0.0000000000
128223  51.610  -60.756  -5.817 0.0000000000
128224  52.463  -60.385  -6.168 0.0000000000
128225  53.130  -60.022  -6.279 0.0000000000
128226  53.842  -59.448  -6.391 0.0000000000
128227  54.510  -59.122  -7.467 0.0000000000
128228  54.475  -58.925  -6.997 0.0000000000
128229  54.333  -58.584  -6.650 0.0000000000
128230  54.437  -57.711  -6.914 0.0000000000
128231  54.409  -56.820  -7.247 0.0000000000
128232  54.232  -56.032  -7.581 0.0000000000
128233  54.066  -55.171  -7.879 0.0000000000
128234  54.455  -55.521  -8.206 0.0000000000
128235  54.563  -54.918  -8.770 0.0000000000
128236  54.577  -54.342  -9.239 0.0000000000
128237  55.307  -55.524  -9.258 0.0000000000
128238  54.963  -54.728  -9.506 0.0000000000
128239  54.550  -53.797  -9.672 0.0000000000
128240  54.481  -53.165  -10.089 0.0000000000
128241  54.503  -52.648  -10.473 0.0000000000
128242  54.451  -51.957  -10.808 0.0000000000
132630  63.721  -36.050  -7.139 0.0000000000
132631  64.168  -36.386  -7.207 0.0000000000
137315  58.907  -45.803  -6.646 0.0000000000
137323  58.102  -46.186  -6.668 0.0000000000
137324  58.570  -45.613  -6.967 0.0000000000
137325  58.244  -45.401  -7.292 0.0000000000
137326  57.907  -45.173  -7.622 0.0000000000
137327  57.542  -45.002  -7.977 0.0000000000
137328  56.333  -45.989  -7.713 0.0000000000
137329  56.763  -45.424  -8.017 0.0000000000
137330  57.240  -44.807  -8.333 0.0000000000
137331  56.955  -44.639  -8.676 0.0000000000
137332  56.683  -44.443  -9.089 0.0000000000
137333  56.482  -44.375  -9.501 0.0000000000
137354  40.636  -67.425  -2.340 0.0000000000
137355  40.895  -66.551  -2.661 0.0000000000
137356  41.217  -65.734  -2.957 0.0000000000
137357  41.295  -66.937  -3.488 0.0000000000
137358  41.444  -65.887  -3.358 0.0000000000
137359  41.682  -64.938  -3.210 0.0000000000
137360  42.247  -64.202  -3.420 0.0000000000
137361  42.824  -63.443  -3.561 0.0000000000
137362  43.503  -62.796  -3.709 0.0000000000
137385  52.728  -58.210  -9.396 0.0000000000
137387  53.187  -57.959  -10.042 0.0000000000
137388  53.609  -58.271  -9.692 0.0000000000
137389  54.354  -58.266  -9.993 0.0000000000
137390  55.076  -58.061  -10.198 0.0000000000
137391  55.722  -57.763  -10.354 0.0000000000
137392  56.128  -57.215  -10.530 0.0000000000
137393  55.923  -57.350  -11.127 0.0000000000
137394  56.065  -56.900  -11.903 0.0000000000
137395  56.126  -56.354  -12.754 0.0000000000
137397  55.929  -56.448  -13.314 0.0000000000
137398  56.185  -55.824  -13.350 0.0000000000
137399  56.422  -55.219  -13.933 0.0000000000
162568  64.248  -38.698  -5.755 0.0000000000
162569  63.953  -38.062  -5.973 0.0000000000
162570  63.725  -37.477  -6.256 0.0000000000
162571  64.002  -37.180  -6.565 0.0000000000
162572  64.229  -36.959  -6.941 0.0000000000
162573  64.417  -36.776  -7.375 0.0000000000
162581  63.998  -43.080  -6.256 0.0000000000
162582  64.236  -42.414  -6.500 0.0000000000
162583  60.664  -44.479  -7.139 0.0000000000
162584  61.472  -44.077  -7.008 0.0000000000
162585  62.235  -43.709  -6.969 0.0000000000
162586  62.234  -42.688  -7.691 0.0000000000
162587  62.620  -43.002  -7.335 0.0000000000
162588  62.911  -43.240  -6.988 0.0000000000
162589  63.506  -42.806  -6.958 0.0000000000
162590  64.001  -42.285  -6.888 0.0000000000
162591  64.433  -41.690  -6.783 0.0000000000
162592  64.580  -40.912  -6.966 0.0000000000
162593  64.619  -40.113  -7.073 0.0000000000
162594  64.640  -39.317  -7.147 0.0000000000
162595  64.232  -39.813  -7.964 0.0000000000
162596  64.459  -39.204  -7.599 0.0000000000
162597  64.584  -38.623  -7.217 0.0000000000
162598  64.525  -37.989  -7.424 0.0000000000
162599  64.516  -37.281  -7.632 0.0000000000
162600  64.576  -36.603  -7.898 0.0000000000
162601  64.621  -36.437  -8.387 0.0000000000
162602  64.616  -36.324  -8.866 0.0000000000
162603  64.569  -36.285  -9.330 0.0000000000
162604  64.095  -37.402  -9.407 0.0000000000
162605  64.299  -36.799  -9.607 0.0000000000
162606  64.501  -36.223  -9.837 0.0000000000
162607  64.465  -36.214  -10.389 0.0000000000
162608  64.454  -36.236  -10.984 0.0000000000
162609  64.473  -36.223  -11.587 0.0000000000
162610  62.142  -39.596  -10.198 0.0000000000
162611  62.528  -38.989  -10.470 0.0000000000
162612  62.858  -38.383  -10.699 0.0000000000
162613  62.175  -39.069  -11.366 0.0000000000
162614  62.690  -38.422  -11.210 0.0000000000
162615  63.270  -37.872  -11.033 0.0000000000
162616  63.658  -37.336  -11.472 0.0000000000
162617  64.033  -36.840  -11.842 0.0000000000
162618  64.430  -36.309  -12.165 0.0000000000
162619  64.301  -36.416  -12.702 0.0000000000
162622  62.995  -37.852  -13.508 0.0000000000
162680  44.732  -60.592  2.131 0.0000000000
162681  45.534  -60.087  2.105 0.0000000000
162682  46.061  -59.585  1.823 0.0000000000
162683  46.599  -59.169  1.619 0.0000000000
162684  47.185  -58.671  1.267 0.0000000000
162685  46.169  -59.195  1.054 0.0000000000
162686  46.994  -58.748  1.001 0.0000000000
162687  47.765  -58.271  0.870 0.0000000000
162688  48.409  -57.975  0.405 0.0000000000
162689  49.036  -57.709  -0.057 0.0000000000
162691  45.568  -59.499  -0.543 0.0000000000
162692  46.376  -59.115  -0.398 0.0000000000
162693  47.231  -58.805  -0.345 0.0000000000
162694  47.911  -58.901  -1.094 0.0000000000
162729  42.659  -65.658  -4.778 0.0000000000
162730  43.419  -65.073  -5.401 0.0000000000
162731  43.183  -64.934  -4.975 0.0000000000
162732  42.977  -64.780  -4.589 0.0000000000
162733  43.275  -63.831  -4.316 0.0000000000
162734  43.665  -62.942  -4.053 0.0000000000
162735  44.231  -62.222  -3.867 0.0000000000
162747  47.894  -59.980  -6.463 0.0000000000
162748  48.834  -60.142  -6.522 0.0000000000
162749  48.025  -60.255  -6.355 0.0000000000
162750  47.388  -60.494  -6.256 0.0000000000
162751  46.859  -60.962  -6.175 0.0000000000
162752  46.400  -61.523  -6.048 0.0000000000
162753  45.866  -62.152  -5.949 0.0000000000
162754  45.791  -62.062  -5.658 0.0000000000
162755  45.647  -62.025  -5.326 0.0000000000
162756  45.550  -61.992  -4.977 0.0000000000
162757  47.075  -61.348  -5.105 0.0000000000
162758  46.230  -61.552  -4.806 0.0000000000
162759  45.411  -61.884  -4.640 0.0000000000
162760  45.276  -61.893  -4.322 0.0000000000
162761  45.103  -61.795  -4.014 0.0000000000
162762  44.981  -61.684  -3.697 0.0000000000
162763  45.783  -61.357  -3.494 0.0000000000
162764  46.591  -61.054  -3.342 0.0000000000
162765  47.398  -60.732  -3.265 0.0000000000
162766  48.240  -60.853  -3.944 0.0000000000
162767  48.203  -60.645  -3.528 0.0000000000
162768  48.104  -60.408  -3.130 0.0000000000
162769  48.864  -60.035  -3.064 0.0000000000
162770  49.628  -59.719  -3.021 0.0000000000
162771  50.284  -59.383  -3.158 0.0000000000
162772  51.565  -60.604  -5.340 0.0000000000
162773  51.427  -60.394  -4.983 0.0000000000
162774  51.331  -60.079  -4.550 0.0000000000
162775  52.658  -59.104  -5.082 0.0000000000
162776  51.857  -59.485  -4.523 0.0000000000
162777  51.180  -59.745  -4.153 0.0000000000
162778  51.008  -59.394  -3.786 0.0000000000
162779  50.937  -59.162  -3.575 0.0000000000
162780  50.863  -58.917  -3.274 0.0000000000
162781  51.225  -58.337  -3.462 0.0000000000
162782  51.469  -57.683  -3.726 0.0000000000
162783  51.698  -56.972  -4.068 0.0000000000
162784  52.241  -56.646  -4.940 0.0000000000
162785  51.990  -56.434  -4.677 0.0000000000
162786  51.867  -56.233  -4.432 0.0000000000
162787  52.003  -55.486  -4.670 0.0000000000
162791  52.564  -52.657  -5.681 0.0000000000
162792  52.695  -52.084  -6.171 0.0000000000
162793  52.701  -53.014  -6.632 0.0000000000
162794  52.710  -52.229  -6.647 0.0000000000
162795  52.834  -51.435  -6.577 0.0000000000
162796  52.992  -50.824  -7.032 0.0000000000
162797  53.184  -50.227  -7.433 0.0000000000
162798  53.377  -49.622  -7.744 0.0000000000
162799  53.806  -54.252  -8.162 0.0000000000
162800  53.522  -53.404  -8.369 0.0000000000
162801  53.306  -52.550  -8.476 0.0000000000
162802  53.580  -52.304  -9.182 0.0000000000
162803  53.348  -51.998  -8.843 0.0000000000
162804  53.212  -51.676  -8.482 0.0000000000
162805  53.194  -50.744  -8.388 0.0000000000
162806  53.343  -49.814  -8.214 0.0000000000
162807  53.601  -48.990  -7.937 0.0000000000
162808  53.805  -48.334  -8.166 0.0000000000
162809  54.114  -47.751  -8.342 0.0000000000
162810  54.451  -47.113  -8.610 0.0000000000
162811  53.839  -48.080  -9.221 0.0000000000
162812  54.267  -47.282  -9.042 0.0000000000
162813  54.825  -46.477  -8.903 0.0000000000
162814  55.235  -45.763  -9.199 0.0000000000
162815  55.691  -45.067  -9.553 0.0000000000
162816  56.247  -44.443  -9.993 0.0000000000
162817  56.238  -56.562  -10.664 0.0000000000
162818  56.145  -55.814  -10.938 0.0000000000
162819  55.831  -54.951  -11.031 0.0000000000
162820  56.157  -54.636  -12.109 0.0000000000
162821  55.845  -54.371  -11.584 0.0000000000
162822  55.487  -54.097  -11.130 0.0000000000
162823  55.189  -53.194  -11.235 0.0000000000
162824  54.836  -52.233  -11.214 0.0000000000
162825  54.467  -51.270  -11.197 0.0000000000
162826  56.436  -51.864  -14.161 0.0000000000
162827  56.171  -51.689  -13.599 0.0000000000
162828  55.823  -51.421  -13.107 0.0000000000
162829  55.898  -49.725  -13.488 0.0000000000
162830  55.596  -50.404  -13.047 0.0000000000
162831  55.399  -51.173  -12.608 0.0000000000
162832  54.980  -50.850  -12.130 0.0000000000
162833  54.624  -50.587  -11.629 0.0000000000
162834  54.301  -50.287  -11.170 0.0000000000
162835  54.232  -49.247  -11.075 0.0000000000
162836  54.334  -48.261  -10.939 0.0000000000
162837  54.550  -47.337  -10.733 0.0000000000
162838  55.129  -47.045  -11.575 0.0000000000
162839  55.015  -46.701  -11.086 0.0000000000
162840  54.951  -46.408  -10.590 0.0000000000
162841  55.449  -45.483  -10.531 0.0000000000
162842  56.065  -44.606  -10.479 0.0000000000
162843  56.841  -43.887  -10.450 0.0000000000
162844  57.403  -43.501  -10.894 0.0000000000
162845  57.944  -43.196  -11.350 0.0000000000
162846  58.567  -42.954  -11.825 0.0000000000
162847  57.881  -43.823  -12.192 0.0000000000
162848  58.523  -43.256  -12.275 0.0000000000
162849  59.115  -42.678  -12.269 0.0000000000
162850  59.547  -42.300  -12.571 0.0000000000
162851  59.912  -41.919  -12.879 0.0000000000
162852  60.196  -41.541  -13.062 0.0000000000
162853  57.900  -44.962  -13.814 0.0000000000
162854  58.224  -44.185  -13.677 0.0000000000
162855  58.582  -43.500  -13.653 0.0000000000
162857  58.620  -42.942  -13.891 0.0000000000
162858  59.062  -42.857  -13.596 0.0000000000
162859  59.567  -42.276  -13.462 0.0000000000
162860  59.980  -41.692  -13.360 0.0000000000
162861  60.451  -41.096  -13.204 0.0000000000
162862  60.641  -40.416  -13.485 0.0000000000
162863  60.745  -39.758  -13.796 0.0000000000
162864  60.804  -38.964  -14.002 0.0000000000
