#!ascii label  , from subject fsaverage vox2ras=TkReg
859
60  -35.763  -9.729  16.924 0.0000000000
126  -36.710  -5.391  6.626 0.0000000000
273  -34.014  -7.895  11.870 0.0000000000
1179  -34.663  -16.140  14.643 0.0000000000
1180  -35.487  -6.666  9.216 0.0000000000
1181  -37.870  -14.410  7.806 0.0000000000
1642  -37.475  -3.159  17.328 0.0000000000
1643  -33.901  -9.049  14.767 0.0000000000
1644  -34.830  -1.624  15.639 0.0000000000
1645  -33.222  -0.087  13.185 0.0000000000
2249  -36.059  -15.575  11.286 0.0000000000
3097  -34.851  -12.595  18.155 0.0000000000
3098  -34.379  -15.973  16.501 0.0000000000
3099  -34.004  -12.776  16.657 0.0000000000
3100  -36.188  -5.959  8.001 0.0000000000
3101  -35.375  -10.772  5.963 0.0000000000
3102  -36.134  -10.068  4.509 0.0000000000
3106  -36.996  -4.983  5.216 0.0000000000
3698  -36.058  -2.329  16.598 0.0000000000
3703  -32.859  0.681  11.708 0.0000000000
4980  -33.698  -8.526  13.334 0.0000000000
4981  -33.312  -12.539  12.953 0.0000000000
4982  -33.611  -12.305  11.055 0.0000000000
4983  -35.842  -16.204  5.049 0.0000000000
4984  -35.932  -16.951  6.979 0.0000000000
4985  -34.075  -19.748  2.672 0.0000000000
6730  -34.157  -19.605  13.815 0.0000000000
6731  -34.737  -19.382  11.916 0.0000000000
6732  -34.729  -7.280  10.502 0.0000000000
6733  -34.219  -11.914  9.281 0.0000000000
6734  -34.760  -11.403  7.591 0.0000000000
6735  -38.301  -13.669  6.008 0.0000000000
7672  -36.876  -6.428  17.307 0.0000000000
7673  -34.684  -9.411  15.984 0.0000000000
7674  -35.684  -5.914  16.547 0.0000000000
7675  -34.954  -5.295  15.368 0.0000000000
7676  -34.607  -4.430  14.252 0.0000000000
7678  -33.894  -0.883  14.491 0.0000000000
7679  -34.555  -3.694  12.937 0.0000000000
7680  -34.599  -3.012  11.618 0.0000000000
7681  -34.794  -2.556  10.133 0.0000000000
7682  -35.161  -2.163  8.592 0.0000000000
8286  -38.067  -6.931  17.422 0.0000000000
8287  -38.776  -3.782  17.535 0.0000000000
9305  -33.482  -12.582  14.859 0.0000000000
9306  -35.168  -15.857  12.966 0.0000000000
9307  -35.317  -18.710  10.290 0.0000000000
9308  -37.093  -15.049  9.654 0.0000000000
9309  -35.703  -17.868  8.696 0.0000000000
10777  -35.230  -11.064  17.627 0.0000000000
10778  -34.394  -12.677  17.431 0.0000000000
10779  -34.637  -11.095  17.035 0.0000000000
10780  -36.477  -5.662  7.337 0.0000000000
10781  -35.355  -7.899  6.149 0.0000000000
10782  -35.520  -7.484  5.480 0.0000000000
10783  -36.448  -9.565  3.873 0.0000000000
10784  -35.827  -6.988  4.916 0.0000000000
10785  -36.014  -6.874  4.145 0.0000000000
10786  -36.930  -5.137  5.961 0.0000000000
12660  -33.821  -8.224  12.599 0.0000000000
12661  -33.241  -10.409  12.156 0.0000000000
12662  -33.401  -10.199  11.289 0.0000000000
12663  -34.760  -17.658  2.942 0.0000000000
12664  -34.538  -17.859  3.899 0.0000000000
12665  -34.453  -19.676  1.672 0.0000000000
15055  -34.481  -16.099  15.540 0.0000000000
15056  -34.358  -17.695  15.284 0.0000000000
15057  -34.636  -17.813  14.291 0.0000000000
15058  -34.467  -19.546  12.863 0.0000000000
15059  -35.078  -17.739  13.460 0.0000000000
15060  -35.116  -6.947  9.886 0.0000000000
15061  -34.125  -9.335  8.894 0.0000000000
15062  -34.428  -9.044  8.152 0.0000000000
15063  -37.448  -12.025  5.169 0.0000000000
15064  -37.116  -12.425  5.984 0.0000000000
15065  -38.344  -13.341  5.072 0.0000000000
15066  -37.472  -14.691  4.677 0.0000000000
16852  -37.204  -4.729  17.517 0.0000000000
16853  -36.216  -6.188  17.015 0.0000000000
16854  -36.494  -4.436  17.169 0.0000000000
16855  -35.417  -2.004  16.138 0.0000000000
16856  -35.437  -3.758  16.207 0.0000000000
16857  -34.957  -3.388  15.670 0.0000000000
16858  -34.721  -4.893  14.826 0.0000000000
16859  -34.537  -3.019  15.108 0.0000000000
16863  -33.054  1.437  13.814 0.0000000000
16864  -33.559  0.941  14.316 0.0000000000
16865  -33.524  -0.461  13.883 0.0000000000
16866  -33.999  -2.275  13.822 0.0000000000
16867  -33.792  -1.865  13.162 0.0000000000
16868  -34.524  -3.312  12.259 0.0000000000
16869  -33.632  -1.573  12.390 0.0000000000
16871  -33.607  -0.983  10.891 0.0000000000
16872  -33.695  -0.684  10.108 0.0000000000
16873  -35.017  -2.375  9.368 0.0000000000
16874  -33.796  -0.393  9.350 0.0000000000
18224  -39.196  -5.630  17.660 0.0000000000
18225  -38.498  -5.313  17.703 0.0000000000
18226  -39.543  -4.074  17.507 0.0000000000
20700  -34.257  -9.259  15.446 0.0000000000
20701  -33.769  -10.902  15.611 0.0000000000
20702  -33.484  -10.811  14.787 0.0000000000
20703  -34.308  -14.176  12.012 0.0000000000
20704  -34.127  -14.277  12.929 0.0000000000
20705  -35.595  -15.706  12.163 0.0000000000
20706  -35.939  -17.374  11.908 0.0000000000
20707  -36.338  -17.114  11.096 0.0000000000
20708  -36.058  -13.405  8.523 0.0000000000
20709  -35.687  -13.723  9.363 0.0000000000
20710  -37.544  -14.744  8.717 0.0000000000
20711  -34.319  -18.452  5.870 0.0000000000
20712  -35.803  -17.417  7.835 0.0000000000
20713  -34.221  -18.808  6.809 0.0000000000
20714  -34.151  -19.279  7.697 0.0000000000
24008  -34.451  -15.896  17.399 0.0000000000
24009  -34.454  -14.224  17.544 0.0000000000
24010  -34.190  -14.378  16.660 0.0000000000
24011  -34.074  -14.449  15.755 0.0000000000
24012  -35.816  -6.363  8.574 0.0000000000
24013  -34.762  -8.682  7.496 0.0000000000
24014  -35.066  -8.227  6.844 0.0000000000
24015  -35.726  -10.352  5.265 0.0000000000
24016  -37.758  -11.604  4.387 0.0000000000
25087  -37.571  -1.560  16.791 0.0000000000
25088  -36.762  -2.729  17.035 0.0000000000
25089  -36.820  -1.184  16.526 0.0000000000
25090  -36.111  -0.744  16.126 0.0000000000
25091  -35.388  -0.375  15.701 0.0000000000
25097  -32.959  0.269  12.485 0.0000000000
25911  -40.483  -2.945  16.905 0.0000000000
27396  -33.708  -8.788  14.038 0.0000000000
27397  -33.236  -10.717  13.925 0.0000000000
27398  -33.200  -10.605  13.016 0.0000000000
27399  -33.414  -12.394  11.969 0.0000000000
27400  -34.651  -14.063  11.092 0.0000000000
27401  -37.668  -15.482  6.576 0.0000000000
27402  -37.701  -15.820  7.538 0.0000000000
27403  -35.949  -16.500  6.099 0.0000000000
27404  -34.388  -18.082  4.911 0.0000000000
27405  -33.747  -19.936  3.659 0.0000000000
31062  -34.225  -17.651  16.247 0.0000000000
31063  -33.944  -19.469  14.841 0.0000000000
31064  -33.576  -21.264  13.341 0.0000000000
31065  -33.695  -21.194  12.275 0.0000000000
31066  -33.802  -20.982  11.244 0.0000000000
31067  -33.870  -20.705  10.239 0.0000000000
31068  -34.333  -7.594  11.142 0.0000000000
31069  -33.578  -10.017  10.432 0.0000000000
31070  -33.811  -9.637  9.651 0.0000000000
31071  -34.481  -11.708  8.391 0.0000000000
31072  -36.387  -13.048  7.679 0.0000000000
31073  -35.019  -11.127  6.751 0.0000000000
31074  -36.811  -12.757  6.840 0.0000000000
31075  -38.101  -14.073  6.917 0.0000000000
31076  -37.713  -15.043  5.640 0.0000000000
31077  -35.798  -15.942  4.051 0.0000000000
33442  -36.366  -8.221  16.794 0.0000000000
33443  -35.204  -9.571  16.471 0.0000000000
33444  -35.777  -7.925  16.586 0.0000000000
33445  -35.249  -7.654  16.180 0.0000000000
33446  -34.837  -7.395  15.669 0.0000000000
33447  -35.945  -4.118  16.748 0.0000000000
33448  -35.283  -5.578  15.997 0.0000000000
33449  -34.542  -7.145  15.032 0.0000000000
33450  -34.410  -6.873  14.423 0.0000000000
33451  -34.446  -6.441  13.797 0.0000000000
33452  -34.541  -6.086  13.140 0.0000000000
33455  -34.742  0.045  15.224 0.0000000000
33457  -34.126  0.471  14.790 0.0000000000
33458  -34.313  -1.253  15.076 0.0000000000
33459  -34.254  -2.603  14.486 0.0000000000
33460  -34.625  -4.043  13.603 0.0000000000
33461  -34.766  -5.694  12.528 0.0000000000
33462  -34.973  -5.326  11.864 0.0000000000
33463  -35.291  -5.062  11.273 0.0000000000
33464  -35.631  -4.734  10.651 0.0000000000
33465  -33.563  -1.202  11.682 0.0000000000
33466  -34.713  -2.808  10.892 0.0000000000
33467  -36.029  -4.536  9.972 0.0000000000
33468  -36.233  -4.253  9.354 0.0000000000
33469  -36.490  -4.048  8.604 0.0000000000
33470  -36.666  -3.751  7.894 0.0000000000
33471  -36.878  -3.649  7.199 0.0000000000
33472  -35.383  -1.991  7.922 0.0000000000
35126  -35.750  -11.234  18.093 0.0000000000
35127  -36.248  -9.953  17.244 0.0000000000
35153  -37.460  -8.662  16.918 0.0000000000
35154  -36.956  -8.343  16.867 0.0000000000
35155  -37.456  -6.646  17.395 0.0000000000
35156  -37.820  -5.029  17.670 0.0000000000
35157  -38.071  -3.459  17.472 0.0000000000
35158  -39.697  -2.615  17.005 0.0000000000
35159  -38.953  -2.310  17.024 0.0000000000
35160  -38.247  -1.971  16.939 0.0000000000
38153  -34.151  -11.023  16.393 0.0000000000
38154  -33.699  -12.640  15.797 0.0000000000
38155  -34.006  -14.323  14.891 0.0000000000
38156  -33.330  -12.607  13.872 0.0000000000
38157  -33.993  -14.299  13.932 0.0000000000
38158  -34.869  -16.036  13.800 0.0000000000
38159  -35.547  -17.602  12.658 0.0000000000
38160  -35.010  -19.080  11.069 0.0000000000
38161  -33.955  -20.263  9.338 0.0000000000
38162  -33.920  -12.192  10.137 0.0000000000
38163  -35.186  -13.973  10.178 0.0000000000
38164  -36.582  -15.312  10.491 0.0000000000
38165  -37.507  -16.151  8.482 0.0000000000
38166  -37.149  -16.501  9.383 0.0000000000
38167  -36.803  -16.872  10.256 0.0000000000
38168  -35.524  -18.369  9.481 0.0000000000
38169  -34.054  -19.818  8.470 0.0000000000
38234  -37.200  -3.469  6.561 0.0000000000
41497  -35.473  -10.398  17.262 0.0000000000
41498  -34.882  -11.082  17.367 0.0000000000
41499  -35.179  -10.373  16.997 0.0000000000
41500  -36.619  -5.526  6.975 0.0000000000
41501  -35.956  -6.514  6.438 0.0000000000
41502  -36.009  -6.313  6.081 0.0000000000
41503  -35.690  -7.231  5.196 0.0000000000
41504  -36.198  -6.121  5.794 0.0000000000
41505  -36.268  -5.962  5.462 0.0000000000
41506  -36.771  -5.269  6.274 0.0000000000
43380  -33.903  -8.071  12.221 0.0000000000
43381  -33.538  -9.194  11.929 0.0000000000
43382  -33.628  -9.083  11.507 0.0000000000
43384  -34.563  -18.725  2.192 0.0000000000
45775  -34.548  -16.159  15.094 0.0000000000
45776  -34.609  -16.922  14.987 0.0000000000
45777  -34.796  -16.963  14.524 0.0000000000
45778  -34.838  -17.805  13.862 0.0000000000
45779  -34.916  -16.937  14.085 0.0000000000
45780  -35.326  -6.824  9.552 0.0000000000
45781  -34.718  -7.937  9.033 0.0000000000
45782  -34.906  -7.828  8.686 0.0000000000
45783  -38.172  -12.492  4.735 0.0000000000
45784  -38.123  -12.672  5.177 0.0000000000
45785  -38.325  -13.187  4.636 0.0000000000
45786  -38.046  -13.883  4.462 0.0000000000
47572  -37.349  -3.956  17.456 0.0000000000
47573  -36.849  -4.604  17.344 0.0000000000
47574  -36.979  -3.769  17.301 0.0000000000
47575  -35.117  -1.815  15.903 0.0000000000
47576  -35.156  -2.697  15.958 0.0000000000
47577  -34.895  -2.502  15.706 0.0000000000
47578  -34.737  -3.190  15.400 0.0000000000
47579  -34.644  -2.326  15.424 0.0000000000
47583  -33.097  0.666  13.523 0.0000000000
47584  -33.244  0.481  13.862 0.0000000000
47585  -33.367  -0.254  13.555 0.0000000000
47586  -33.641  -1.137  13.546 0.0000000000
47587  -33.504  -0.992  13.178 0.0000000000
47588  -33.695  -1.738  12.787 0.0000000000
47589  -33.386  -0.874  12.793 0.0000000000
47591  -33.222  0.174  10.499 0.0000000000
47593  -33.733  -0.535  9.710 0.0000000000
48944  -39.754  -5.011  17.607 0.0000000000
48945  -39.393  -4.836  17.638 0.0000000000
48946  -39.929  -4.240  17.486 0.0000000000
51420  -34.053  -9.187  15.103 0.0000000000
51421  -33.802  -10.015  15.142 0.0000000000
51422  -33.649  -9.951  14.740 0.0000000000
51423  -35.165  -14.885  11.635 0.0000000000
51424  -34.986  -14.948  12.101 0.0000000000
51425  -35.814  -15.647  11.714 0.0000000000
51426  -36.198  -16.446  11.725 0.0000000000
51427  -36.383  -16.355  11.266 0.0000000000
51428  -37.119  -13.890  8.227 0.0000000000
51429  -36.898  -14.078  8.643 0.0000000000
51430  -37.733  -14.585  8.266 0.0000000000
51431  -33.789  -19.319  5.210 0.0000000000
51432  -34.228  -18.646  6.313 0.0000000000
51433  -33.726  -19.462  5.706 0.0000000000
51434  -33.672  -19.600  6.201 0.0000000000
55372  -34.860  -13.289  18.319 0.0000000000
55373  -34.645  -14.148  17.958 0.0000000000
55374  -34.609  -13.390  17.900 0.0000000000
55375  -34.191  -12.732  17.049 0.0000000000
55376  -34.208  -13.526  17.090 0.0000000000
55377  -34.085  -13.567  16.674 0.0000000000
55378  -34.145  -14.434  16.198 0.0000000000
55379  -33.954  -13.572  16.257 0.0000000000
55380  -35.998  -6.164  8.290 0.0000000000
55381  -35.373  -7.258  7.734 0.0000000000
55382  -35.559  -7.035  7.445 0.0000000000
55383  -35.398  -9.058  5.189 0.0000000000
55384  -35.310  -9.182  5.596 0.0000000000
55385  -35.913  -10.226  4.881 0.0000000000
55386  -36.761  -11.112  4.793 0.0000000000
55387  -36.983  -10.977  4.394 0.0000000000
55388  -37.837  -11.439  3.992 0.0000000000
55389  -37.157  -10.772  4.035 0.0000000000
55397  -36.454  -5.852  4.737 0.0000000000
55398  -36.156  -6.838  3.793 0.0000000000
55399  -36.432  -5.737  4.381 0.0000000000
55401  -37.063  -4.865  4.832 0.0000000000
57172  -37.649  -0.770  16.384 0.0000000000
57173  -37.211  -1.372  16.670 0.0000000000
57174  -37.241  -0.593  16.250 0.0000000000
57176  -36.483  -0.214  15.959 0.0000000000
57177  -36.082  0.018  15.723 0.0000000000
57178  -35.741  -0.590  15.897 0.0000000000
57179  -35.724  0.225  15.547 0.0000000000
61020  -33.678  -8.709  13.676 0.0000000000
61021  -33.355  -9.712  13.535 0.0000000000
61022  -33.382  -9.580  13.142 0.0000000000
61023  -33.253  -11.379  11.579 0.0000000000
61024  -33.227  -11.412  12.047 0.0000000000
61025  -33.494  -12.375  11.519 0.0000000000
61026  -33.895  -13.276  11.506 0.0000000000
61027  -34.037  -13.230  11.035 0.0000000000
61028  -36.795  -15.820  5.867 0.0000000000
61029  -36.822  -16.000  6.377 0.0000000000
61030  -35.885  -16.385  5.557 0.0000000000
61031  -34.267  -18.814  3.238 0.0000000000
61032  -34.436  -17.936  4.416 0.0000000000
61033  -34.119  -18.903  3.745 0.0000000000
61034  -34.012  -19.003  4.278 0.0000000000
61035  -33.896  -19.825  3.180 0.0000000000
68205  -34.373  -15.972  16.922 0.0000000000
68206  -34.320  -16.772  16.883 0.0000000000
68207  -34.354  -16.786  16.390 0.0000000000
68208  -34.241  -18.649  14.566 0.0000000000
68209  -34.160  -18.572  15.065 0.0000000000
68210  -34.041  -19.554  14.329 0.0000000000
68211  -33.825  -20.405  14.120 0.0000000000
68212  -33.879  -20.474  13.540 0.0000000000
68213  -33.629  -21.239  12.798 0.0000000000
68214  -33.967  -20.470  13.028 0.0000000000
68215  -34.618  -19.453  12.389 0.0000000000
68216  -34.199  -20.309  12.107 0.0000000000
68217  -34.277  -20.198  11.594 0.0000000000
68218  -33.844  -20.844  10.752 0.0000000000
68219  -34.348  -20.095  11.091 0.0000000000
68220  -34.499  -7.404  10.825 0.0000000000
68221  -34.028  -8.625  10.391 0.0000000000
68222  -34.178  -8.423  10.051 0.0000000000
68223  -34.284  -10.397  8.185 0.0000000000
68224  -34.084  -10.570  8.544 0.0000000000
68225  -34.666  -11.529  8.009 0.0000000000
68226  -35.345  -12.472  7.999 0.0000000000
68227  -35.517  -12.306  7.609 0.0000000000
68228  -34.816  -9.762  6.666 0.0000000000
68229  -34.653  -9.953  7.027 0.0000000000
68230  -35.212  -10.928  6.372 0.0000000000
68231  -37.897  -12.994  6.068 0.0000000000
68232  -36.927  -12.573  6.401 0.0000000000
68233  -37.776  -13.207  6.506 0.0000000000
68234  -37.629  -13.382  6.951 0.0000000000
68235  -38.266  -13.845  6.498 0.0000000000
68236  -38.237  -14.625  6.295 0.0000000000
68237  -38.237  -14.393  5.835 0.0000000000
68238  -36.447  -15.123  3.939 0.0000000000
68239  -36.644  -15.274  4.418 0.0000000000
73597  -36.639  -7.316  17.057 0.0000000000
73598  -36.078  -8.053  16.705 0.0000000000
73599  -36.329  -7.196  16.966 0.0000000000
73600  -35.894  -6.060  16.787 0.0000000000
73601  -35.723  -6.935  16.609 0.0000000000
73602  -35.489  -6.774  16.387 0.0000000000
73603  -35.040  -7.522  15.952 0.0000000000
73604  -35.274  -6.632  16.141 0.0000000000
73605  -36.411  -2.515  16.831 0.0000000000
73606  -36.327  -3.340  16.959 0.0000000000
73607  -36.018  -3.198  16.713 0.0000000000
73608  -35.170  -4.510  15.831 0.0000000000
73609  -35.391  -4.667  16.124 0.0000000000
73610  -35.080  -5.475  15.670 0.0000000000
73611  -34.910  -6.398  15.515 0.0000000000
73612  -34.784  -6.286  15.192 0.0000000000
73613  -34.436  -7.040  14.713 0.0000000000
73614  -34.689  -6.090  14.903 0.0000000000
73615  -34.713  -4.639  14.539 0.0000000000
73616  -34.634  -5.577  14.351 0.0000000000
73617  -34.611  -5.400  14.042 0.0000000000
73618  -34.459  -6.273  13.470 0.0000000000
73619  -34.624  -5.208  13.737 0.0000000000
73626  -35.024  0.641  15.183 0.0000000000
73627  -34.701  0.870  14.954 0.0000000000
73631  -33.718  0.027  14.410 0.0000000000
73632  -33.824  0.739  14.558 0.0000000000
73633  -33.960  -0.249  14.695 0.0000000000
73634  -34.215  -0.406  14.965 0.0000000000
73635  -34.100  -1.121  14.814 0.0000000000
73636  -34.234  -1.980  14.847 0.0000000000
73637  -34.075  -1.753  14.520 0.0000000000
73638  -34.243  -2.962  13.391 0.0000000000
73639  -34.327  -3.136  13.726 0.0000000000
73640  -34.575  -3.866  13.277 0.0000000000
73641  -34.805  -4.821  13.137 0.0000000000
73642  -34.788  -4.672  12.774 0.0000000000
73643  -34.930  -5.530  12.206 0.0000000000
73644  -34.857  -4.487  12.443 0.0000000000
73645  -34.541  -3.180  11.940 0.0000000000
73646  -34.965  -4.149  11.814 0.0000000000
73647  -35.088  -3.998  11.510 0.0000000000
73648  -35.492  -4.888  10.957 0.0000000000
73649  -35.196  -3.847  11.163 0.0000000000
73650  -32.896  0.483  12.111 0.0000000000
73651  -33.174  -0.474  12.093 0.0000000000
73652  -33.160  -0.274  11.701 0.0000000000
73653  -34.139  -1.792  10.503 0.0000000000
73654  -34.120  -1.926  10.894 0.0000000000
73655  -34.767  -2.714  10.515 0.0000000000
73656  -35.369  -3.644  10.455 0.0000000000
73657  -35.475  -3.534  10.125 0.0000000000
73658  -36.039  -4.410  9.635 0.0000000000
73659  -35.594  -3.407  9.779 0.0000000000
73660  -35.062  -2.265  8.982 0.0000000000
73661  -35.811  -3.207  9.003 0.0000000000
73662  -35.868  -3.087  8.610 0.0000000000
73663  -36.555  -3.920  8.228 0.0000000000
73664  -35.991  -2.933  8.279 0.0000000000
73665  -36.087  -2.878  7.925 0.0000000000
73666  -35.269  -2.091  8.260 0.0000000000
77644  -36.270  -10.682  17.860 0.0000000000
77645  -35.982  -10.586  17.670 0.0000000000
77646  -36.509  -10.092  17.397 0.0000000000
77710  -38.286  -7.190  17.360 0.0000000000
77711  -38.003  -8.026  17.059 0.0000000000
77712  -37.754  -7.820  17.113 0.0000000000
77713  -37.199  -8.482  16.958 0.0000000000
77714  -37.514  -7.607  17.154 0.0000000000
77715  -37.220  -7.497  17.136 0.0000000000
77716  -37.782  -6.758  17.421 0.0000000000
77717  -38.641  -4.546  17.666 0.0000000000
77718  -38.132  -5.187  17.707 0.0000000000
77719  -38.275  -4.420  17.661 0.0000000000
77720  -37.963  -4.219  17.629 0.0000000000
77721  -38.404  -3.650  17.525 0.0000000000
77723  -40.080  -2.786  16.970 0.0000000000
77724  -40.147  -2.102  16.623 0.0000000000
77726  -39.407  -1.719  16.671 0.0000000000
77727  -39.040  -1.567  16.642 0.0000000000
77728  -38.592  -2.157  17.011 0.0000000000
77729  -38.676  -1.382  16.626 0.0000000000
77730  -38.293  -1.240  16.570 0.0000000000
85140  -34.948  -9.502  16.288 0.0000000000
85141  -34.638  -10.288  16.474 0.0000000000
85142  -34.430  -10.219  16.150 0.0000000000
85143  -33.543  -11.725  15.282 0.0000000000
85144  -33.660  -11.822  15.700 0.0000000000
85145  -33.572  -12.572  15.331 0.0000000000
85146  -33.756  -13.428  15.432 0.0000000000
85147  -33.708  -13.428  14.935 0.0000000000
85148  -33.155  -11.626  13.435 0.0000000000
85149  -33.207  -11.637  13.888 0.0000000000
85150  -33.315  -12.598  13.402 0.0000000000
85151  -34.650  -15.058  12.944 0.0000000000
85152  -34.065  -14.359  13.412 0.0000000000
85153  -34.525  -15.127  13.384 0.0000000000
85154  -34.443  -15.168  13.875 0.0000000000
85155  -35.055  -15.988  13.412 0.0000000000
85156  -35.370  -16.821  13.321 0.0000000000
85157  -35.519  -16.702  12.905 0.0000000000
85158  -35.736  -18.058  11.133 0.0000000000
85159  -35.585  -18.197  11.533 0.0000000000
85160  -35.144  -18.917  10.665 0.0000000000
85161  -34.527  -19.724  10.216 0.0000000000
85162  -34.629  -19.520  9.799 0.0000000000
85163  -33.722  -10.963  9.812 0.0000000000
85164  -33.599  -11.118  10.231 0.0000000000
85165  -34.045  -12.044  9.719 0.0000000000
85166  -36.475  -14.408  9.481 0.0000000000
85167  -35.467  -13.849  9.760 0.0000000000
85168  -36.245  -14.550  9.934 0.0000000000
85169  -35.997  -14.682  10.355 0.0000000000
85170  -36.815  -15.195  10.066 0.0000000000
85171  -36.867  -16.411  7.288 0.0000000000
85172  -37.538  -15.978  7.991 0.0000000000
85173  -36.793  -16.610  7.744 0.0000000000
85174  -35.789  -17.628  8.338 0.0000000000
85175  -36.671  -16.997  8.660 0.0000000000
85176  -36.544  -17.211  9.105 0.0000000000
85177  -36.997  -16.695  9.825 0.0000000000
85178  -36.444  -17.438  9.521 0.0000000000
85179  -36.245  -17.654  9.894 0.0000000000
85180  -35.609  -18.094  9.080 0.0000000000
85181  -33.566  -20.049  7.113 0.0000000000
85182  -34.122  -19.532  8.095 0.0000000000
85183  -33.514  -20.306  7.531 0.0000000000
85184  -33.432  -20.536  8.001 0.0000000000
85342  -36.347  -2.774  7.245 0.0000000000
85343  -37.071  -3.586  6.888 0.0000000000
93127  -35.023  -11.790  17.953 0.0000000000
93128  -34.623  -12.627  17.790 0.0000000000
93129  -34.728  -11.841  17.633 0.0000000000
93130  -34.471  -11.878  17.279 0.0000000000
93131  -34.229  -11.902  16.929 0.0000000000
93132  -36.313  -5.809  7.676 0.0000000000
93133  -35.698  -6.855  7.129 0.0000000000
93134  -35.812  -6.685  6.792 0.0000000000
93135  -35.407  -7.677  5.827 0.0000000000
93136  -35.560  -8.822  4.893 0.0000000000
93137  -36.314  -9.869  4.159 0.0000000000
93138  -35.715  -8.618  4.557 0.0000000000
93139  -35.886  -8.332  4.291 0.0000000000
93140  -35.929  -8.044  3.994 0.0000000000
93141  -36.156  -7.973  3.643 0.0000000000
93142  -35.974  -6.905  4.535 0.0000000000
93143  -36.369  -5.899  5.093 0.0000000000
93144  -36.977  -5.056  5.609 0.0000000000
96516  -33.762  -8.356  12.979 0.0000000000
96517  -33.400  -9.443  12.748 0.0000000000
96518  -33.458  -9.337  12.337 0.0000000000
96519  -33.296  -10.315  11.728 0.0000000000
96520  -33.393  -11.289  11.143 0.0000000000
96521  -35.143  -16.802  4.084 0.0000000000
96522  -35.049  -16.943  4.609 0.0000000000
96523  -34.652  -17.788  3.392 0.0000000000
96524  -34.397  -18.812  2.646 0.0000000000
96525  -34.268  -19.728  2.150 0.0000000000
100827  -34.408  -16.042  16.021 0.0000000000
100828  -34.407  -16.816  15.923 0.0000000000
100829  -34.484  -16.867  15.451 0.0000000000
100830  -34.514  -17.725  14.832 0.0000000000
100831  -34.413  -18.705  14.071 0.0000000000
100832  -34.304  -19.604  13.335 0.0000000000
100833  -34.599  -18.711  13.588 0.0000000000
100834  -34.818  -18.665  13.168 0.0000000000
100835  -35.001  -18.598  12.730 0.0000000000
100836  -34.874  -7.139  10.196 0.0000000000
100837  -34.366  -8.295  9.696 0.0000000000
100838  -34.572  -8.077  9.400 0.0000000000
100839  -34.307  -9.170  8.537 0.0000000000
100840  -34.353  -10.264  7.766 0.0000000000
100841  -36.328  -11.482  5.533 0.0000000000
100842  -36.103  -11.733  5.847 0.0000000000
100843  -37.260  -12.218  5.567 0.0000000000
100844  -38.029  -12.827  5.607 0.0000000000
100845  -38.400  -13.447  5.545 0.0000000000
100846  -38.305  -14.236  5.344 0.0000000000
100847  -38.099  -14.059  4.892 0.0000000000
100848  -37.337  -14.566  4.211 0.0000000000
104062  -37.057  -5.602  17.464 0.0000000000
104063  -36.544  -6.320  17.201 0.0000000000
104064  -36.714  -5.450  17.321 0.0000000000
104065  -36.369  -5.318  17.139 0.0000000000
104066  -36.047  -5.166  16.918 0.0000000000
104067  -35.736  -2.155  16.371 0.0000000000
104068  -35.726  -3.011  16.476 0.0000000000
104069  -35.438  -2.853  16.217 0.0000000000
104070  -35.200  -3.610  15.952 0.0000000000
104071  -34.991  -4.328  15.544 0.0000000000
104072  -34.835  -5.110  15.087 0.0000000000
104073  -34.830  -4.116  15.292 0.0000000000
104074  -34.664  -3.928  14.991 0.0000000000
104075  -34.578  -3.745  14.729 0.0000000000
104083  -33.259  1.186  14.097 0.0000000000
104084  -33.481  0.232  14.131 0.0000000000
104085  -33.708  -0.648  14.190 0.0000000000
104086  -33.916  -1.539  14.182 0.0000000000
104087  -33.803  -1.367  13.879 0.0000000000
104088  -33.921  -2.051  13.483 0.0000000000
104089  -34.145  -2.754  13.068 0.0000000000
104090  -34.493  -3.499  12.612 0.0000000000
104091  -34.072  -2.592  12.732 0.0000000000
104092  -34.053  -2.441  12.348 0.0000000000
104093  -34.061  -2.279  12.000 0.0000000000
104094  -32.846  0.910  11.346 0.0000000000
104095  -33.122  -0.104  11.290 0.0000000000
104096  -33.199  0.011  10.894 0.0000000000
104097  -33.649  -0.853  10.491 0.0000000000
104098  -34.212  -1.642  10.116 0.0000000000
104099  -34.965  -2.473  9.777 0.0000000000
104100  -34.269  -1.522  9.716 0.0000000000
104101  -34.350  -1.409  9.347 0.0000000000
104102  -34.396  -1.297  8.975 0.0000000000
104103  -34.536  -1.257  8.633 0.0000000000
106531  -38.955  -6.489  17.543 0.0000000000
106532  -38.588  -6.319  17.618 0.0000000000
106533  -38.314  -6.105  17.623 0.0000000000
106534  -38.839  -5.439  17.741 0.0000000000
106535  -39.026  -4.676  17.677 0.0000000000
106536  -39.164  -3.881  17.512 0.0000000000
110988  -34.453  -9.342  15.728 0.0000000000
110989  -34.184  -10.162  15.820 0.0000000000
110990  -33.971  -10.127  15.472 0.0000000000
110991  -33.629  -10.865  15.222 0.0000000000
110992  -33.411  -11.742  14.792 0.0000000000
110993  -33.714  -13.386  12.450 0.0000000000
110994  -33.639  -13.464  12.904 0.0000000000
110995  -34.213  -14.215  12.466 0.0000000000
110996  -34.799  -14.988  12.514 0.0000000000
110997  -35.363  -15.765  12.554 0.0000000000
110998  -35.754  -16.578  12.537 0.0000000000
110999  -35.947  -16.522  12.121 0.0000000000
111000  -36.202  -17.241  11.539 0.0000000000
111001  -35.948  -17.892  10.754 0.0000000000
111002  -35.032  -12.811  8.826 0.0000000000
111003  -34.883  -12.894  9.293 0.0000000000
111004  -35.866  -13.569  8.935 0.0000000000
111005  -36.708  -14.261  9.052 0.0000000000
111006  -37.285  -14.884  9.185 0.0000000000
111007  -35.053  -17.631  6.503 0.0000000000
111008  -35.894  -17.187  7.431 0.0000000000
111009  -34.980  -17.837  6.938 0.0000000000
111010  -34.938  -18.070  7.366 0.0000000000
111011  -34.826  -18.317  7.794 0.0000000000
111012  -34.857  -18.540  8.207 0.0000000000
111013  -34.150  -19.045  7.234 0.0000000000
111014  -33.635  -19.814  6.687 0.0000000000
117460  -34.476  -15.065  17.479 0.0000000000
117461  -34.355  -15.118  17.057 0.0000000000
117462  -34.372  -13.470  17.498 0.0000000000
117463  -34.279  -14.311  17.102 0.0000000000
117464  -34.332  -15.210  16.596 0.0000000000
117465  -34.311  -15.258  16.112 0.0000000000
117466  -34.334  -15.330  15.645 0.0000000000
117467  -34.345  -15.368  15.192 0.0000000000
117468  -35.701  -6.547  8.884 0.0000000000
117469  -35.061  -7.610  8.370 0.0000000000
117470  -35.228  -7.487  8.034 0.0000000000
117471  -34.860  -8.476  7.150 0.0000000000
117472  -34.984  -9.522  6.320 0.0000000000
117473  -35.138  -8.034  6.474 0.0000000000
117474  -35.070  -9.360  5.929 0.0000000000
117475  -35.522  -10.534  5.625 0.0000000000
117476  -36.536  -11.296  5.156 0.0000000000
117477  -37.600  -11.819  4.774 0.0000000000
117478  -38.384  -12.291  4.315 0.0000000000
119977  -37.542  -2.352  17.109 0.0000000000
119978  -37.140  -2.927  17.220 0.0000000000
119979  -37.178  -2.155  17.001 0.0000000000
119980  -36.811  -1.950  16.827 0.0000000000
119981  -36.428  -1.754  16.629 0.0000000000
119982  -36.859  -0.398  16.101 0.0000000000
119983  -36.457  -0.992  16.340 0.0000000000
119984  -36.086  -1.511  16.414 0.0000000000
119985  -35.745  -1.370  16.176 0.0000000000
119986  -35.408  -1.224  15.971 0.0000000000
119987  -35.078  -0.966  15.745 0.0000000000
119997  -32.914  1.603  13.477 0.0000000000
119998  -32.960  0.856  13.182 0.0000000000
119999  -33.074  0.084  12.846 0.0000000000
120000  -32.819  1.067  12.849 0.0000000000
120001  -32.718  1.254  12.502 0.0000000000
121899  -40.406  -3.654  17.199 0.0000000000
125364  -33.765  -8.931  14.400 0.0000000000
125365  -33.502  -9.870  14.354 0.0000000000
125366  -33.416  -9.764  13.959 0.0000000000
125367  -33.180  -10.632  13.469 0.0000000000
125368  -33.178  -11.575  12.972 0.0000000000
125369  -33.177  -10.509  12.565 0.0000000000
125370  -33.200  -11.523  12.496 0.0000000000
125371  -33.371  -12.486  12.469 0.0000000000
125372  -33.754  -13.365  11.934 0.0000000000
125373  -34.475  -14.109  11.548 0.0000000000
125374  -35.397  -14.814  11.208 0.0000000000
125375  -38.123  -14.983  7.222 0.0000000000
125376  -38.028  -15.137  7.714 0.0000000000
125377  -37.662  -15.637  7.072 0.0000000000
125378  -36.903  -16.183  6.857 0.0000000000
125379  -35.983  -16.728  6.530 0.0000000000
125380  -35.069  -17.074  5.079 0.0000000000
125381  -35.007  -17.184  5.570 0.0000000000
125382  -35.053  -17.403  6.049 0.0000000000
125383  -34.315  -18.264  5.424 0.0000000000
125384  -33.886  -19.114  4.774 0.0000000000
125385  -33.551  -20.025  4.127 0.0000000000
134781  -34.295  -17.662  15.761 0.0000000000
134782  -34.072  -18.543  15.554 0.0000000000
134788  -33.308  -21.912  12.020 0.0000000000
134789  -33.290  -21.851  11.458 0.0000000000
134790  -34.080  -20.401  12.558 0.0000000000
134791  -33.768  -21.125  11.757 0.0000000000
134792  -33.310  -21.711  10.896 0.0000000000
134793  -33.326  -21.563  10.383 0.0000000000
134794  -33.351  -21.377  9.917 0.0000000000
134795  -33.342  -21.196  9.367 0.0000000000
134796  -34.188  -7.693  11.516 0.0000000000
134797  -33.770  -8.926  11.138 0.0000000000
134798  -33.876  -8.878  10.709 0.0000000000
134799  -33.738  -9.823  10.039 0.0000000000
134800  -33.831  -10.830  9.371 0.0000000000
134801  -34.017  -9.483  9.283 0.0000000000
134802  -33.976  -10.678  8.984 0.0000000000
134803  -34.326  -11.831  8.816 0.0000000000
134804  -35.208  -12.655  8.418 0.0000000000
134805  -36.213  -13.244  8.079 0.0000000000
134806  -37.248  -13.720  7.777 0.0000000000
134807  -34.591  -8.916  7.786 0.0000000000
134808  -34.531  -10.132  7.401 0.0000000000
134809  -34.937  -11.247  7.209 0.0000000000
134810  -35.979  -11.853  6.305 0.0000000000
134811  -35.815  -12.019  6.723 0.0000000000
134812  -35.681  -12.189  7.177 0.0000000000
134813  -36.576  -12.924  7.272 0.0000000000
134814  -37.496  -13.556  7.398 0.0000000000
134815  -38.118  -14.229  7.370 0.0000000000
134816  -38.125  -14.820  6.758 0.0000000000
134817  -37.682  -15.268  6.119 0.0000000000
134818  -36.841  -15.602  5.422 0.0000000000
134819  -37.683  -14.854  5.159 0.0000000000
134820  -36.769  -15.391  4.946 0.0000000000
134821  -35.877  -16.002  4.587 0.0000000000
134822  -35.113  -16.725  3.539 0.0000000000
141472  -36.110  -8.965  16.661 0.0000000000
141473  -35.496  -9.617  16.685 0.0000000000
141474  -35.795  -8.858  16.589 0.0000000000
141475  -35.523  -8.771  16.429 0.0000000000
141476  -35.236  -8.685  16.239 0.0000000000
141477  -36.009  -7.065  16.808 0.0000000000
141478  -35.482  -7.786  16.383 0.0000000000
141479  -34.973  -8.543  16.014 0.0000000000
141480  -34.759  -8.456  15.776 0.0000000000
141481  -34.554  -8.336  15.517 0.0000000000
141482  -34.383  -8.209  15.158 0.0000000000
141483  -36.652  -3.551  17.145 0.0000000000
141484  -36.192  -4.259  16.982 0.0000000000
141485  -35.830  -5.050  16.692 0.0000000000
141486  -35.699  -3.927  16.482 0.0000000000
141487  -35.608  -4.839  16.411 0.0000000000
141488  -35.462  -5.747  16.293 0.0000000000
141489  -35.081  -6.488  15.865 0.0000000000
141490  -34.669  -7.282  15.355 0.0000000000
141491  -34.214  -8.105  14.874 0.0000000000
141492  -34.124  -7.950  14.537 0.0000000000
141493  -34.047  -7.843  14.196 0.0000000000
141494  -34.031  -7.689  13.859 0.0000000000
141495  -34.646  -5.877  14.623 0.0000000000
141496  -34.376  -6.625  14.102 0.0000000000
141497  -34.074  -7.489  13.539 0.0000000000
141498  -34.143  -7.325  13.213 0.0000000000
141499  -34.223  -7.113  12.865 0.0000000000
141500  -34.309  -6.979  12.534 0.0000000000
141507  -35.372  0.443  15.355 0.0000000000
141508  -35.041  -0.146  15.482 0.0000000000
141509  -34.792  -0.784  15.455 0.0000000000
141513  -33.774  1.578  14.384 0.0000000000
141514  -34.070  1.355  14.570 0.0000000000
141515  -34.372  1.095  14.764 0.0000000000
141516  -34.427  0.248  15.013 0.0000000000
141517  -34.503  -0.584  15.194 0.0000000000
141518  -34.568  -1.463  15.346 0.0000000000
141519  -34.415  -2.182  15.175 0.0000000000
141520  -34.391  -2.858  14.810 0.0000000000
141521  -34.467  -3.507  14.400 0.0000000000
141522  -34.141  -2.409  14.144 0.0000000000
141523  -34.386  -3.280  14.068 0.0000000000
141524  -34.614  -4.212  13.938 0.0000000000
141525  -34.704  -5.045  13.398 0.0000000000
141526  -34.672  -5.872  12.839 0.0000000000
141527  -34.481  -6.760  12.200 0.0000000000
141528  -34.618  -6.580  11.867 0.0000000000
141529  -34.773  -6.427  11.532 0.0000000000
141530  -35.000  -6.296  11.219 0.0000000000
141531  -34.874  -4.287  12.104 0.0000000000
141532  -35.178  -5.185  11.587 0.0000000000
141533  -35.152  -6.161  10.924 0.0000000000
141534  -35.388  -6.031  10.631 0.0000000000
141535  -35.528  -5.855  10.303 0.0000000000
141536  -35.747  -5.683  10.002 0.0000000000
141537  -33.263  -0.673  12.442 0.0000000000
141538  -33.607  -1.398  12.039 0.0000000000
141539  -34.075  -2.123  11.646 0.0000000000
141540  -33.542  -1.057  11.281 0.0000000000
141541  -34.073  -1.969  11.283 0.0000000000
141542  -34.664  -2.880  11.262 0.0000000000
141543  -35.266  -3.713  10.825 0.0000000000
141544  -35.750  -4.631  10.287 0.0000000000
141545  -35.912  -5.590  9.635 0.0000000000
141546  -36.114  -5.474  9.322 0.0000000000
141547  -36.225  -5.303  9.019 0.0000000000
141548  -36.352  -5.126  8.719 0.0000000000
141549  -35.733  -3.314  9.394 0.0000000000
141550  -36.295  -4.153  8.949 0.0000000000
141551  -36.552  -4.953  8.405 0.0000000000
141552  -36.659  -4.869  8.033 0.0000000000
141553  -36.912  -4.753  7.710 0.0000000000
141554  -36.949  -4.592  7.340 0.0000000000
141555  -37.069  -4.513  7.024 0.0000000000
141556  -36.815  -3.694  7.559 0.0000000000
141557  -36.205  -2.811  7.570 0.0000000000
146391  -35.157  -12.603  18.455 0.0000000000
146394  -35.289  -11.865  18.189 0.0000000000
146395  -35.490  -11.147  17.859 0.0000000000
146396  -35.716  -10.488  17.465 0.0000000000
146397  -35.994  -9.874  17.059 0.0000000000
146475  -37.108  -9.486  17.109 0.0000000000
146476  -36.851  -9.328  16.998 0.0000000000
146477  -36.575  -9.240  16.902 0.0000000000
146478  -36.356  -9.065  16.827 0.0000000000
146479  -36.667  -8.247  16.862 0.0000000000
146480  -36.920  -7.424  17.092 0.0000000000
146481  -37.168  -6.518  17.373 0.0000000000
146482  -38.002  -5.961  17.633 0.0000000000
146483  -37.654  -5.830  17.585 0.0000000000
146484  -37.359  -5.711  17.543 0.0000000000
146485  -37.514  -4.881  17.586 0.0000000000
146486  -37.647  -4.076  17.530 0.0000000000
146487  -37.766  -3.312  17.392 0.0000000000
146488  -40.009  -3.500  17.266 0.0000000000
146489  -39.630  -3.316  17.294 0.0000000000
146490  -39.249  -3.145  17.302 0.0000000000
146491  -39.774  -1.931  16.659 0.0000000000
146492  -39.317  -2.445  17.033 0.0000000000
146493  -38.868  -3.040  17.327 0.0000000000
146494  -38.509  -2.895  17.308 0.0000000000
146495  -38.176  -2.707  17.236 0.0000000000
146496  -37.880  -2.527  17.180 0.0000000000
146497  -37.902  -1.795  16.880 0.0000000000
146498  -37.959  -1.023  16.475 0.0000000000
155417  -34.906  -10.313  16.721 0.0000000000
155418  -34.381  -11.061  16.706 0.0000000000
155419  -34.005  -11.914  16.571 0.0000000000
155420  -33.968  -10.988  15.989 0.0000000000
155421  -33.820  -11.875  16.144 0.0000000000
155422  -33.818  -12.702  16.249 0.0000000000
155423  -33.844  -13.512  15.823 0.0000000000
155424  -34.003  -14.402  15.320 0.0000000000
155425  -34.342  -15.238  14.765 0.0000000000
155426  -33.358  -10.760  14.351 0.0000000000
155427  -33.324  -11.693  14.342 0.0000000000
155428  -33.414  -12.595  14.367 0.0000000000
155429  -33.638  -13.519  13.395 0.0000000000
155430  -33.612  -13.458  13.930 0.0000000000
155431  -33.639  -13.431  14.432 0.0000000000
155432  -33.993  -14.295  14.447 0.0000000000
155433  -34.391  -15.195  14.321 0.0000000000
155434  -34.763  -16.069  14.232 0.0000000000
155435  -35.132  -16.880  13.707 0.0000000000
155436  -35.304  -17.709  13.071 0.0000000000
155437  -35.229  -18.485  12.293 0.0000000000
155438  -35.720  -17.475  12.264 0.0000000000
155439  -35.390  -18.349  11.882 0.0000000000
155440  -34.890  -19.242  11.466 0.0000000000
155441  -34.452  -19.927  10.615 0.0000000000
155442  -33.918  -20.472  9.791 0.0000000000
155443  -33.385  -20.977  8.909 0.0000000000
155444  -33.509  -10.117  10.842 0.0000000000
155445  -33.474  -11.191  10.665 0.0000000000
155446  -33.725  -12.260  10.589 0.0000000000
155447  -34.698  -13.081  9.711 0.0000000000
155448  -34.462  -13.148  10.119 0.0000000000
155449  -34.202  -13.170  10.555 0.0000000000
155450  -34.892  -14.009  10.636 0.0000000000
155451  -35.655  -14.754  10.768 0.0000000000
155452  -36.299  -15.477  10.867 0.0000000000
155453  -37.897  -15.294  8.178 0.0000000000
155454  -37.782  -15.411  8.692 0.0000000000
155455  -37.524  -15.570  9.165 0.0000000000
155456  -36.731  -16.816  8.221 0.0000000000
155457  -37.317  -16.299  8.960 0.0000000000
155458  -37.367  -15.716  9.646 0.0000000000
155459  -37.091  -15.901  10.035 0.0000000000
155460  -36.956  -16.073  10.475 0.0000000000
155461  -36.673  -16.258  10.848 0.0000000000
155462  -36.610  -17.018  10.674 0.0000000000
155463  -36.111  -17.742  10.351 0.0000000000
155464  -35.470  -18.516  9.906 0.0000000000
155465  -34.829  -18.789  8.643 0.0000000000
155466  -34.802  -19.041  9.041 0.0000000000
155467  -34.745  -19.282  9.411 0.0000000000
155468  -34.022  -20.039  8.892 0.0000000000
155469  -33.409  -20.771  8.433 0.0000000000
155660  -37.202  -4.427  6.686 0.0000000000
155661  -37.279  -4.296  6.350 0.0000000000
155662  -37.385  -4.250  5.991 0.0000000000
155665  -37.418  -4.168  5.596 0.0000000000
