#!ascii label  , from subject fsaverage vox2ras=TkReg
425
77  -5.127  23.010  -19.699 0.0000000000
197  -6.270  16.596  -9.112 0.0000000000
954  -6.698  17.581  -18.179 0.0000000000
1507  -6.876  21.212  -14.156 0.0000000000
2202  -3.949  28.853  -23.301 0.0000000000
2204  -6.571  34.054  -18.421 0.0000000000
2205  -6.939  27.794  -16.986 0.0000000000
2872  -5.269  23.313  -21.635 0.0000000000
2873  -6.201  20.807  -20.543 0.0000000000
2874  -5.765  20.319  -18.902 0.0000000000
3472  -6.778  18.958  -11.548 0.0000000000
4867  -3.618  32.321  -24.080 0.0000000000
4874  -6.663  30.966  -18.087 0.0000000000
4875  -8.563  28.993  -14.931 0.0000000000
4876  -8.108  25.823  -13.940 0.0000000000
7357  -6.198  22.596  -16.999 0.0000000000
7358  -5.972  19.912  -16.727 0.0000000000
7359  -6.738  18.381  -13.976 0.0000000000
8478  -6.342  16.901  -16.344 0.0000000000
9168  -4.618  25.883  -21.846 0.0000000000
9174  -4.458  35.008  -21.413 0.0000000000
9175  -4.474  31.712  -21.391 0.0000000000
9176  -5.108  28.653  -20.495 0.0000000000
9177  -5.619  25.739  -18.848 0.0000000000
9178  -7.212  24.495  -15.707 0.0000000000
9179  -6.997  22.910  -12.956 0.0000000000
9180  -6.525  20.761  -10.392 0.0000000000
10552  -5.070  23.092  -20.748 0.0000000000
10553  -5.397  21.758  -20.312 0.0000000000
10554  -5.325  21.644  -19.329 0.0000000000
11152  -6.658  17.842  -10.266 0.0000000000
11153  -6.604  16.232  -10.314 0.0000000000
11154  -6.116  15.063  -9.192 0.0000000000
12554  -8.783  30.676  -15.326 0.0000000000
14380  -6.480  19.342  -19.294 0.0000000000
14382  -7.073  17.942  -18.754 0.0000000000
14384  -7.176  16.098  -17.691 0.0000000000
16177  -6.646  21.940  -15.467 0.0000000000
16178  -6.516  20.689  -15.438 0.0000000000
16179  -6.838  19.822  -14.065 0.0000000000
18675  -6.352  17.866  -15.259 0.0000000000
18676  -6.103  18.440  -16.603 0.0000000000
20360  -4.345  27.466  -23.559 0.0000000000
20361  -4.615  26.056  -22.810 0.0000000000
20362  -4.266  27.275  -22.660 0.0000000000
20376  -6.725  35.637  -18.383 0.0000000000
20377  -5.571  36.240  -19.799 0.0000000000
20378  -5.536  34.549  -19.924 0.0000000000
20379  -4.476  33.350  -21.458 0.0000000000
20380  -5.532  32.954  -19.940 0.0000000000
20381  -6.742  29.405  -17.548 0.0000000000
20382  -5.828  29.948  -19.279 0.0000000000
20383  -6.021  28.374  -18.677 0.0000000000
20384  -5.400  27.208  -19.725 0.0000000000
20385  -6.130  26.899  -18.029 0.0000000000
20386  -6.444  25.363  -17.383 0.0000000000
20387  -7.168  26.186  -16.458 0.0000000000
20388  -7.352  25.083  -12.750 0.0000000000
20389  -7.543  24.422  -13.482 0.0000000000
20390  -6.900  23.541  -12.254 0.0000000000
20391  -6.670  21.763  -11.630 0.0000000000
20392  -6.613  22.582  -11.060 0.0000000000
23604  -5.682  21.916  -21.088 0.0000000000
23605  -5.922  20.575  -19.796 0.0000000000
23606  -6.269  19.000  -18.538 0.0000000000
24682  -6.903  20.071  -12.841 0.0000000000
24683  -6.895  18.694  -12.814 0.0000000000
24684  -6.789  17.466  -11.593 0.0000000000
27193  -3.728  30.530  -23.761 0.0000000000
27203  -7.607  33.416  -16.953 0.0000000000
27204  -6.609  32.534  -18.340 0.0000000000
27205  -7.652  31.776  -16.871 0.0000000000
27206  -7.712  30.153  -16.487 0.0000000000
27207  -7.816  28.511  -16.014 0.0000000000
27208  -7.902  26.894  -15.460 0.0000000000
27209  -8.448  27.404  -14.396 0.0000000000
27210  -8.024  26.476  -13.040 0.0000000000
32587  -5.518  22.932  -18.429 0.0000000000
32588  -5.514  21.556  -18.233 0.0000000000
32589  -5.962  21.279  -16.911 0.0000000000
32590  -6.375  19.268  -15.302 0.0000000000
32591  -6.600  16.835  -13.841 0.0000000000
35706  -5.709  20.166  -17.917 0.0000000000
35707  -6.115  18.806  -17.663 0.0000000000
35708  -6.444  17.300  -17.360 0.0000000000
37744  -5.110  24.836  -22.625 0.0000000000
37745  -4.833  24.614  -21.846 0.0000000000
37746  -4.866  24.472  -20.828 0.0000000000
37765  -3.768  33.791  -22.976 0.0000000000
37766  -3.804  32.008  -22.795 0.0000000000
37767  -3.941  30.324  -22.556 0.0000000000
37768  -5.497  31.486  -19.771 0.0000000000
37769  -4.717  30.164  -21.070 0.0000000000
37770  -4.241  28.699  -22.101 0.0000000000
37771  -4.658  27.265  -21.345 0.0000000000
37772  -4.994  25.864  -20.441 0.0000000000
37773  -5.228  24.436  -19.415 0.0000000000
37774  -5.901  24.170  -17.982 0.0000000000
37775  -6.699  23.596  -16.470 0.0000000000
37776  -7.044  22.916  -14.986 0.0000000000
37777  -7.740  25.225  -14.887 0.0000000000
37778  -7.364  23.690  -14.246 0.0000000000
37779  -6.959  22.067  -13.582 0.0000000000
37780  -6.771  20.938  -12.270 0.0000000000
37781  -6.647  19.890  -11.077 0.0000000000
37782  -6.465  18.744  -9.728 0.0000000000
41272  -5.053  23.056  -20.260 0.0000000000
41273  -5.162  22.354  -20.046 0.0000000000
41274  -5.191  22.339  -19.537 0.0000000000
41872  -6.493  17.238  -9.675 0.0000000000
41873  -6.437  16.423  -9.696 0.0000000000
41874  -6.203  15.853  -9.170 0.0000000000
45100  -6.604  18.439  -18.719 0.0000000000
45101  -6.777  18.624  -19.045 0.0000000000
45102  -6.855  17.738  -18.503 0.0000000000
45103  -7.148  17.084  -18.191 0.0000000000
45104  -6.922  16.826  -17.971 0.0000000000
46897  -6.795  21.609  -14.782 0.0000000000
46898  -6.719  20.910  -14.709 0.0000000000
46899  -6.867  20.521  -14.088 0.0000000000
49395  -6.478  16.572  -14.432 0.0000000000
49396  -6.368  17.051  -15.178 0.0000000000
49397  -6.525  15.717  -14.329 0.0000000000
51078  -3.964  29.018  -23.791 0.0000000000
51079  -4.156  28.357  -23.953 0.0000000000
51080  -4.103  28.162  -23.481 0.0000000000
51081  -4.272  27.342  -23.124 0.0000000000
51082  -4.095  28.005  -22.979 0.0000000000
51094  -7.118  34.507  -17.648 0.0000000000
51095  -7.208  35.266  -17.633 0.0000000000
51096  -6.642  34.833  -18.422 0.0000000000
51097  -6.125  35.122  -19.162 0.0000000000
51098  -6.082  34.324  -19.201 0.0000000000
51099  -5.514  33.762  -19.954 0.0000000000
51100  -6.058  33.557  -19.201 0.0000000000
51101  -6.845  28.593  -17.296 0.0000000000
51102  -6.386  28.919  -18.108 0.0000000000
51103  -6.430  28.136  -17.814 0.0000000000
51104  -6.032  27.644  -18.343 0.0000000000
51105  -6.493  27.334  -17.522 0.0000000000
51106  -6.650  26.555  -17.233 0.0000000000
51107  -7.016  26.978  -16.760 0.0000000000
51108  -6.909  24.644  -12.210 0.0000000000
51109  -7.060  24.303  -12.498 0.0000000000
51110  -6.777  23.853  -11.958 0.0000000000
51111  -6.713  23.053  -11.667 0.0000000000
54697  -5.411  23.437  -22.019 0.0000000000
54699  -5.465  22.608  -21.381 0.0000000000
54700  -5.563  21.050  -19.600 0.0000000000
54701  -5.649  21.151  -20.049 0.0000000000
54702  -5.827  20.438  -19.367 0.0000000000
54703  -6.068  19.822  -19.209 0.0000000000
54704  -6.038  19.700  -18.698 0.0000000000
56497  -6.856  19.516  -12.194 0.0000000000
56498  -6.871  18.828  -12.212 0.0000000000
56499  -6.813  18.259  -11.588 0.0000000000
56501  -6.545  15.500  -10.338 0.0000000000
60681  -3.775  30.747  -24.219 0.0000000000
60682  -3.646  31.406  -23.923 0.0000000000
60698  -8.193  32.916  -16.324 0.0000000000
60699  -7.636  32.574  -16.946 0.0000000000
60700  -8.235  32.060  -16.228 0.0000000000
60701  -8.680  29.844  -15.188 0.0000000000
60702  -8.231  30.436  -15.932 0.0000000000
60703  -8.205  29.601  -15.747 0.0000000000
60704  -7.735  29.325  -16.266 0.0000000000
60705  -8.253  28.768  -15.482 0.0000000000
60706  -8.232  27.963  -15.201 0.0000000000
60707  -8.557  28.205  -14.641 0.0000000000
60709  -8.324  27.183  -13.199 0.0000000000
71572  -5.832  22.839  -17.737 0.0000000000
71573  -5.751  22.150  -17.694 0.0000000000
71574  -6.058  21.953  -16.971 0.0000000000
71575  -6.673  19.578  -14.686 0.0000000000
71576  -6.439  19.973  -15.367 0.0000000000
71577  -6.611  18.831  -14.621 0.0000000000
71578  -6.545  18.065  -14.508 0.0000000000
71579  -6.660  17.638  -13.906 0.0000000000
71580  -6.807  17.330  -12.186 0.0000000000
71581  -6.878  17.995  -12.762 0.0000000000
71582  -6.746  16.580  -12.206 0.0000000000
79065  -5.708  20.783  -17.469 0.0000000000
79066  -5.543  20.847  -18.077 0.0000000000
79067  -5.794  20.079  -17.343 0.0000000000
79068  -6.244  17.700  -16.458 0.0000000000
79069  -6.110  18.673  -17.156 0.0000000000
79070  -6.233  17.889  -17.001 0.0000000000
79071  -6.288  18.084  -17.501 0.0000000000
79072  -6.369  17.077  -16.887 0.0000000000
84123  -4.581  25.944  -22.353 0.0000000000
84124  -4.722  25.329  -22.335 0.0000000000
84125  -4.700  25.252  -21.889 0.0000000000
84126  -4.806  24.549  -21.388 0.0000000000
84127  -4.766  25.195  -21.361 0.0000000000
84169  -4.948  35.660  -20.590 0.0000000000
84170  -5.028  36.471  -20.470 0.0000000000
84171  -4.450  35.863  -21.298 0.0000000000
84172  -4.058  36.113  -22.005 0.0000000000
84173  -4.065  35.249  -22.123 0.0000000000
84174  -3.761  34.669  -22.892 0.0000000000
84175  -4.061  34.407  -22.238 0.0000000000
84176  -4.473  32.542  -21.446 0.0000000000
84177  -4.086  32.714  -22.168 0.0000000000
84178  -4.107  31.891  -22.106 0.0000000000
84179  -3.823  31.201  -22.721 0.0000000000
84180  -4.142  31.037  -22.012 0.0000000000
84181  -6.643  31.777  -18.242 0.0000000000
84182  -6.099  32.048  -19.027 0.0000000000
84183  -6.114  31.269  -18.908 0.0000000000
84184  -5.467  29.326  -19.971 0.0000000000
84185  -5.248  30.101  -20.226 0.0000000000
84186  -4.922  29.396  -20.824 0.0000000000
84187  -4.448  29.467  -21.630 0.0000000000
84188  -4.640  28.728  -21.386 0.0000000000
84189  -4.465  27.974  -21.758 0.0000000000
84190  -4.842  27.972  -20.970 0.0000000000
84191  -5.524  26.520  -19.298 0.0000000000
84192  -5.155  26.539  -20.135 0.0000000000
84193  -5.293  25.842  -19.648 0.0000000000
84194  -5.127  25.158  -19.924 0.0000000000
84195  -5.399  25.121  -19.139 0.0000000000
84196  -5.523  24.337  -18.703 0.0000000000
84197  -5.700  24.962  -18.435 0.0000000000
84198  -6.924  24.906  -16.542 0.0000000000
84199  -6.604  24.445  -16.915 0.0000000000
84200  -6.970  24.062  -16.113 0.0000000000
84201  -6.946  23.251  -15.700 0.0000000000
84202  -7.171  23.685  -15.282 0.0000000000
84203  -8.134  26.368  -14.663 0.0000000000
84204  -7.914  26.043  -15.154 0.0000000000
84205  -7.937  25.556  -14.411 0.0000000000
84206  -7.223  23.681  -13.228 0.0000000000
84207  -7.442  24.065  -13.873 0.0000000000
84208  -7.169  23.311  -13.595 0.0000000000
84209  -7.125  22.918  -13.963 0.0000000000
84210  -6.991  22.445  -13.265 0.0000000000
84211  -6.855  21.505  -12.892 0.0000000000
84212  -6.833  21.933  -12.572 0.0000000000
84213  -6.609  21.285  -10.998 0.0000000000
84214  -6.661  20.856  -11.351 0.0000000000
84215  -6.599  20.358  -10.710 0.0000000000
84216  -6.588  19.350  -10.364 0.0000000000
84217  -6.502  19.816  -10.086 0.0000000000
92722  -5.154  23.190  -21.209 0.0000000000
92723  -5.340  22.522  -20.981 0.0000000000
92724  -5.245  22.419  -20.540 0.0000000000
92725  -5.332  21.696  -19.848 0.0000000000
92726  -5.516  20.970  -19.125 0.0000000000
93802  -6.706  18.393  -10.893 0.0000000000
93803  -6.716  17.664  -10.957 0.0000000000
93804  -6.646  16.970  -10.255 0.0000000000
93805  -6.357  15.656  -9.722 0.0000000000
96324  -8.824  31.487  -15.461 0.0000000000
96327  -8.915  29.190  -14.318 0.0000000000
96328  -8.733  28.417  -14.125 0.0000000000
99612  -6.331  20.153  -19.918 0.0000000000
99614  -6.654  19.498  -19.597 0.0000000000
99615  -6.955  18.855  -19.303 0.0000000000
99618  -7.393  17.327  -18.308 0.0000000000
102847  -6.447  22.276  -16.234 0.0000000000
102848  -6.337  21.662  -16.210 0.0000000000
102849  -6.549  21.293  -15.430 0.0000000000
102850  -6.709  20.266  -14.713 0.0000000000
102851  -6.795  19.109  -14.032 0.0000000000
107343  -6.164  18.960  -16.043 0.0000000000
107344  -6.008  19.204  -16.669 0.0000000000
107345  -6.197  18.202  -15.968 0.0000000000
107346  -6.239  17.436  -15.869 0.0000000000
107347  -6.328  16.617  -15.720 0.0000000000
110377  -4.707  26.230  -23.247 0.0000000000
110378  -4.489  26.701  -23.187 0.0000000000
110379  -4.401  26.625  -22.789 0.0000000000
110380  -4.451  26.562  -22.282 0.0000000000
110406  -6.204  35.967  -19.127 0.0000000000
110407  -5.548  35.392  -19.878 0.0000000000
110408  -4.946  34.789  -20.672 0.0000000000
110409  -4.447  34.170  -21.458 0.0000000000
110410  -4.960  33.962  -20.705 0.0000000000
110411  -4.952  33.187  -20.720 0.0000000000
110412  -4.964  32.372  -20.681 0.0000000000
110413  -6.696  30.162  -17.831 0.0000000000
110414  -6.261  30.498  -18.656 0.0000000000
110415  -6.343  29.711  -18.358 0.0000000000
110416  -5.996  29.174  -18.971 0.0000000000
110417  -5.586  28.538  -19.589 0.0000000000
110418  -5.257  27.899  -20.113 0.0000000000
110419  -5.688  27.801  -19.237 0.0000000000
110420  -5.746  27.123  -18.883 0.0000000000
110421  -5.826  26.371  -18.484 0.0000000000
110422  -5.975  25.582  -18.106 0.0000000000
110423  -6.297  26.115  -17.708 0.0000000000
110424  -6.799  25.761  -16.920 0.0000000000
110425  -7.235  25.358  -16.130 0.0000000000
110426  -7.821  25.475  -13.324 0.0000000000
110427  -7.792  25.137  -13.743 0.0000000000
110428  -7.482  24.748  -13.126 0.0000000000
110429  -7.180  24.006  -12.856 0.0000000000
110430  -6.952  23.253  -12.603 0.0000000000
110431  -6.807  22.345  -12.297 0.0000000000
110432  -6.784  22.700  -11.968 0.0000000000
110433  -6.638  22.146  -11.319 0.0000000000
110434  -6.536  21.639  -10.690 0.0000000000
116516  -5.924  21.346  -20.796 0.0000000000
116517  -5.493  21.799  -20.750 0.0000000000
116518  -5.773  21.247  -20.460 0.0000000000
116519  -6.051  20.707  -20.176 0.0000000000
116520  -6.194  20.031  -19.548 0.0000000000
116521  -6.337  19.133  -18.970 0.0000000000
116522  -6.495  18.274  -18.359 0.0000000000
119032  -6.906  20.689  -13.513 0.0000000000
119033  -6.933  20.027  -13.478 0.0000000000
119034  -6.907  19.394  -12.849 0.0000000000
119035  -6.842  18.086  -12.205 0.0000000000
119036  -6.755  16.690  -11.608 0.0000000000
119037  -6.723  16.785  -10.988 0.0000000000
119038  -6.698  16.024  -10.967 0.0000000000
124890  -3.876  29.898  -24.014 0.0000000000
124891  -3.808  29.678  -23.574 0.0000000000
124912  -7.599  34.098  -16.965 0.0000000000
124913  -7.066  33.764  -17.659 0.0000000000
124914  -6.592  33.288  -18.401 0.0000000000
124915  -7.076  33.021  -17.660 0.0000000000
124916  -7.112  32.224  -17.597 0.0000000000
124917  -7.113  31.468  -17.508 0.0000000000
124918  -8.249  31.265  -16.102 0.0000000000
124919  -7.675  30.995  -16.716 0.0000000000
124920  -7.124  30.609  -17.304 0.0000000000
124921  -7.183  29.785  -17.055 0.0000000000
124922  -7.234  29.017  -16.838 0.0000000000
124923  -7.366  28.178  -16.521 0.0000000000
124924  -7.475  27.365  -16.253 0.0000000000
124925  -7.878  27.709  -15.746 0.0000000000
124926  -8.247  27.149  -14.921 0.0000000000
124927  -8.310  26.592  -14.173 0.0000000000
124928  -8.573  27.662  -13.881 0.0000000000
124929  -8.413  26.871  -13.656 0.0000000000
124930  -8.136  26.165  -13.499 0.0000000000
124931  -7.721  25.795  -12.899 0.0000000000
138997  -5.284  22.957  -19.090 0.0000000000
138998  -5.318  22.307  -18.963 0.0000000000
138999  -5.506  22.243  -18.361 0.0000000000
139000  -5.713  21.451  -17.615 0.0000000000
139001  -5.973  20.594  -16.791 0.0000000000
139002  -6.244  21.033  -16.190 0.0000000000
139003  -6.200  20.317  -16.077 0.0000000000
139004  -6.180  19.639  -16.039 0.0000000000
139005  -6.371  18.569  -15.290 0.0000000000
139006  -6.491  17.332  -14.481 0.0000000000
139007  -6.561  16.000  -13.781 0.0000000000
139008  -6.932  19.335  -13.432 0.0000000000
139009  -6.896  18.615  -13.382 0.0000000000
139015  -6.617  15.425  -13.187 0.0000000000
148110  -5.380  21.615  -18.791 0.0000000000
148111  -5.512  20.911  -18.588 0.0000000000
148112  -5.725  20.226  -18.427 0.0000000000
148113  -5.933  19.360  -17.242 0.0000000000
148114  -5.925  19.492  -17.788 0.0000000000
148115  -5.937  19.570  -18.288 0.0000000000
148116  -6.166  18.906  -18.119 0.0000000000
148117  -6.390  18.188  -17.952 0.0000000000
148118  -6.587  17.420  -17.787 0.0000000000
148125  -6.530  16.256  -16.702 0.0000000000
148126  -6.626  16.472  -17.204 0.0000000000
148127  -6.778  16.657  -17.643 0.0000000000
148128  -6.971  15.894  -17.458 0.0000000000
154194  -5.175  24.101  -22.160 0.0000000000
154195  -4.852  25.444  -22.746 0.0000000000
154196  -4.947  24.705  -22.254 0.0000000000
154197  -5.031  23.942  -21.772 0.0000000000
154198  -4.938  23.830  -21.315 0.0000000000
154199  -4.939  23.781  -20.821 0.0000000000
154200  -5.008  23.745  -20.265 0.0000000000
154256  -3.594  34.010  -23.596 0.0000000000
154257  -3.645  33.048  -23.595 0.0000000000
154258  -4.077  33.566  -22.238 0.0000000000
154259  -3.764  32.830  -22.885 0.0000000000
154260  -3.629  32.126  -23.466 0.0000000000
154261  -3.633  31.267  -23.352 0.0000000000
154262  -3.764  30.398  -23.194 0.0000000000
154263  -3.875  29.556  -22.973 0.0000000000
154264  -6.083  32.776  -19.131 0.0000000000
154265  -5.524  32.200  -19.873 0.0000000000
154266  -4.941  31.614  -20.631 0.0000000000
154267  -5.637  30.741  -19.561 0.0000000000
154268  -5.072  30.860  -20.444 0.0000000000
154269  -4.567  30.931  -21.258 0.0000000000
154270  -4.263  30.251  -21.859 0.0000000000
154271  -4.085  29.518  -22.353 0.0000000000
154272  -4.038  28.754  -22.714 0.0000000000
154273  -4.198  27.970  -22.439 0.0000000000
154274  -4.382  27.253  -22.095 0.0000000000
154275  -4.597  26.569  -21.648 0.0000000000
154276  -5.013  27.228  -20.556 0.0000000000
154277  -4.837  26.578  -20.918 0.0000000000
154278  -4.761  25.882  -21.212 0.0000000000
154279  -4.914  25.162  -20.690 0.0000000000
154280  -5.019  24.467  -20.175 0.0000000000
154281  -5.146  23.722  -19.621 0.0000000000
154282  -5.344  23.688  -18.926 0.0000000000
154283  -5.687  23.586  -18.252 0.0000000000
154284  -6.109  23.381  -17.501 0.0000000000
154285  -6.161  24.750  -17.676 0.0000000000
154286  -6.359  23.929  -17.209 0.0000000000
154287  -6.425  23.096  -16.746 0.0000000000
154288  -6.660  22.773  -15.990 0.0000000000
154289  -6.862  22.469  -15.238 0.0000000000
154290  -6.926  22.128  -14.588 0.0000000000
154291  -7.537  26.558  -15.983 0.0000000000
154292  -7.550  25.702  -15.662 0.0000000000
154293  -7.532  24.858  -15.335 0.0000000000
154294  -7.704  24.820  -14.161 0.0000000000
154295  -7.582  24.436  -14.557 0.0000000000
154296  -7.359  24.083  -14.946 0.0000000000
154297  -7.186  23.331  -14.620 0.0000000000
154298  -7.028  22.544  -14.296 0.0000000000
154299  -6.920  21.646  -13.895 0.0000000000
154300  -6.876  21.095  -13.210 0.0000000000
154301  -6.814  20.515  -12.568 0.0000000000
154302  -6.753  19.948  -11.940 0.0000000000
154303  -6.713  21.346  -11.981 0.0000000000
154304  -6.707  20.412  -11.691 0.0000000000
154305  -6.712  19.430  -11.280 0.0000000000
154306  -6.661  18.901  -10.647 0.0000000000
154307  -6.560  18.311  -10.007 0.0000000000
154308  -6.403  17.672  -9.393 0.0000000000
