#!ascii label  , from subject fsaverage vox2ras=TkReg
817
153  -45.000  -18.529  -29.510 0.0000000000
615  -40.464  -17.911  -22.985 0.0000000000
623  -42.382  -31.265  -20.970 0.0000000000
624  -35.517  -33.261  -25.118 0.0000000000
1371  -35.508  -11.973  -32.441 0.0000000000
1393  -44.803  -24.100  -23.658 0.0000000000
1394  -42.221  -24.929  -21.318 0.0000000000
1395  -43.075  -17.103  -25.447 0.0000000000
1418  -34.694  -38.874  -23.235 0.0000000000
2478  -42.121  -12.102  -30.597 0.0000000000
2479  -39.082  -11.845  -27.373 0.0000000000
2505  -39.275  -37.472  -22.302 0.0000000000
2506  -39.368  -32.585  -22.997 0.0000000000
2507  -39.784  -26.826  -22.323 0.0000000000
3313  -45.174  -20.866  -26.240 0.0000000000
3314  -44.128  -20.625  -24.498 0.0000000000
3315  -44.129  -17.641  -27.351 0.0000000000
3338  -35.052  -41.478  -21.951 0.0000000000
5550  -40.035  -9.589  -31.620 0.0000000000
5551  -40.665  -11.527  -28.664 0.0000000000
5552  -38.385  -9.783  -30.053 0.0000000000
5614  -44.239  -30.881  -21.188 0.0000000000
5616  -42.638  -34.044  -21.880 0.0000000000
5617  -41.118  -36.776  -21.965 0.0000000000
5618  -41.037  -34.402  -22.221 0.0000000000
5619  -39.228  -35.058  -23.061 0.0000000000
5620  -40.779  -31.754  -21.752 0.0000000000
5621  -41.586  -21.280  -21.949 0.0000000000
5622  -40.771  -25.858  -21.385 0.0000000000
5623  -40.292  -22.282  -21.701 0.0000000000
7114  -45.252  -27.448  -23.073 0.0000000000
7115  -43.900  -27.701  -21.604 0.0000000000
7116  -42.298  -28.321  -20.910 0.0000000000
7117  -43.601  -24.346  -22.089 0.0000000000
7118  -42.881  -20.685  -22.855 0.0000000000
7119  -41.842  -17.240  -23.838 0.0000000000
7160  -34.667  -36.250  -24.493 0.0000000000
9981  -44.363  -16.643  -32.372 0.0000000000
9989  -42.962  -13.332  -33.055 0.0000000000
9990  -43.535  -15.247  -29.955 0.0000000000
9991  -42.599  -14.285  -27.782 0.0000000000
9992  -41.327  -14.101  -26.130 0.0000000000
9993  -39.715  -14.549  -24.860 0.0000000000
9994  -37.022  -11.236  -29.603 0.0000000000
9995  -37.521  -13.237  -26.886 0.0000000000
10071  -37.544  -40.583  -22.563 0.0000000000
10072  -37.281  -38.254  -23.015 0.0000000000
10073  -37.172  -35.756  -23.780 0.0000000000
10074  -37.524  -33.238  -24.304 0.0000000000
10075  -40.757  -29.122  -21.476 0.0000000000
10076  -39.553  -29.822  -22.658 0.0000000000
10077  -38.278  -30.501  -24.109 0.0000000000
10992  -45.812  -21.063  -27.180 0.0000000000
10993  -45.247  -19.576  -27.851 0.0000000000
10994  -44.674  -19.231  -26.795 0.0000000000
10995  -44.527  -18.044  -28.431 0.0000000000
11018  -35.284  -42.775  -21.502 0.0000000000
13231  -39.266  -9.566  -30.722 0.0000000000
13294  -43.341  -31.126  -20.942 0.0000000000
13295  -43.376  -32.609  -21.259 0.0000000000
13296  -42.472  -32.680  -21.316 0.0000000000
13297  -41.829  -34.226  -21.971 0.0000000000
13298  -41.671  -32.861  -21.590 0.0000000000
13299  -40.875  -33.165  -22.012 0.0000000000
13300  -41.518  -31.536  -21.247 0.0000000000
13301  -41.120  -19.586  -22.409 0.0000000000
13302  -40.928  -21.771  -21.688 0.0000000000
13303  -40.387  -20.046  -22.176 0.0000000000
13304  -39.846  -20.579  -22.074 0.0000000000
13305  -39.712  -18.549  -22.726 0.0000000000
15694  -45.388  -24.111  -24.536 0.0000000000
15695  -45.576  -25.843  -24.275 0.0000000000
15696  -45.012  -25.828  -23.413 0.0000000000
15697  -44.654  -27.484  -22.292 0.0000000000
15698  -44.390  -25.853  -22.541 0.0000000000
15699  -43.768  -26.046  -21.897 0.0000000000
15700  -44.285  -24.201  -22.803 0.0000000000
15701  -43.620  -18.856  -24.928 0.0000000000
15702  -43.497  -20.545  -23.591 0.0000000000
15703  -43.040  -18.751  -24.044 0.0000000000
15704  -42.448  -18.932  -23.352 0.0000000000
15705  -42.518  -17.110  -24.628 0.0000000000
15769  -33.350  -39.928  -22.629 0.0000000000
15773  -34.644  -37.419  -24.025 0.0000000000
22406  -41.719  -11.228  -32.303 0.0000000000
22407  -42.162  -11.838  -33.532 0.0000000000
22408  -42.606  -12.661  -31.830 0.0000000000
22409  -43.201  -14.276  -31.608 0.0000000000
22410  -42.914  -13.581  -30.205 0.0000000000
22411  -43.121  -14.703  -28.939 0.0000000000
22412  -42.360  -13.126  -29.119 0.0000000000
22413  -39.900  -11.492  -27.914 0.0000000000
22414  -40.971  -12.772  -27.325 0.0000000000
22415  -40.241  -12.815  -26.615 0.0000000000
22416  -40.525  -14.144  -25.482 0.0000000000
22417  -39.327  -13.107  -26.054 0.0000000000
22419  -36.782  -10.483  -30.956 0.0000000000
22420  -36.353  -11.343  -31.120 0.0000000000
22609  -40.222  -37.083  -22.059 0.0000000000
22611  -39.414  -38.574  -22.163 0.0000000000
22612  -38.696  -40.071  -22.555 0.0000000000
22613  -38.399  -38.965  -22.499 0.0000000000
22614  -37.296  -39.478  -22.725 0.0000000000
22615  -38.278  -37.810  -22.714 0.0000000000
22616  -39.281  -33.859  -23.144 0.0000000000
22617  -38.275  -35.256  -23.478 0.0000000000
22618  -38.312  -34.246  -23.503 0.0000000000
22619  -37.348  -34.567  -24.076 0.0000000000
22620  -38.479  -32.904  -23.536 0.0000000000
22621  -42.286  -26.605  -21.083 0.0000000000
22622  -41.510  -28.667  -21.006 0.0000000000
22623  -41.522  -27.103  -21.038 0.0000000000
22624  -40.198  -26.360  -21.784 0.0000000000
22625  -40.239  -28.066  -21.905 0.0000000000
22626  -39.740  -28.499  -22.438 0.0000000000
22627  -38.854  -30.105  -23.348 0.0000000000
22628  -39.212  -28.675  -23.165 0.0000000000
22629  -38.645  -29.196  -23.942 0.0000000000
22630  -39.338  -27.308  -22.980 0.0000000000
24394  -45.650  -22.471  -25.803 0.0000000000
24395  -45.019  -22.449  -24.894 0.0000000000
24396  -44.506  -22.411  -24.049 0.0000000000
24397  -44.638  -20.758  -25.393 0.0000000000
24398  -44.176  -19.000  -25.858 0.0000000000
24399  -43.595  -17.309  -26.387 0.0000000000
24439  -33.549  -41.216  -21.951 0.0000000000
24440  -34.837  -40.156  -22.517 0.0000000000
28421  -40.779  -9.896  -32.740 0.0000000000
28422  -41.074  -10.738  -31.129 0.0000000000
28423  -41.421  -11.676  -29.629 0.0000000000
28424  -40.375  -10.507  -30.113 0.0000000000
28425  -39.594  -10.428  -29.233 0.0000000000
28426  -38.750  -10.713  -28.653 0.0000000000
28427  -34.903  -12.975  -32.179 0.0000000000
28428  -35.913  -12.651  -31.380 0.0000000000
28542  -41.872  -35.539  -22.191 0.0000000000
28543  -41.021  -35.665  -22.199 0.0000000000
28544  -40.125  -35.883  -22.375 0.0000000000
28545  -39.188  -36.304  -22.579 0.0000000000
28546  -40.110  -34.703  -22.632 0.0000000000
28547  -40.098  -33.446  -22.458 0.0000000000
28548  -40.031  -32.261  -22.261 0.0000000000
28549  -41.972  -23.091  -21.574 0.0000000000
28550  -41.421  -25.366  -21.134 0.0000000000
28551  -41.256  -23.547  -21.378 0.0000000000
28552  -40.597  -24.020  -21.513 0.0000000000
28553  -40.135  -24.619  -21.587 0.0000000000
28554  -39.577  -25.178  -22.146 0.0000000000
28555  -39.879  -22.985  -21.785 0.0000000000
31959  -44.920  -29.088  -21.949 0.0000000000
31960  -44.139  -29.203  -21.292 0.0000000000
31961  -43.233  -29.547  -20.928 0.0000000000
31962  -42.344  -29.759  -20.824 0.0000000000
31963  -43.150  -27.970  -21.137 0.0000000000
31964  -43.006  -26.297  -21.395 0.0000000000
31965  -42.857  -24.593  -21.602 0.0000000000
31966  -43.912  -22.407  -23.174 0.0000000000
31967  -43.281  -22.577  -22.481 0.0000000000
31968  -42.613  -22.720  -21.865 0.0000000000
31969  -42.277  -20.877  -22.318 0.0000000000
31970  -41.757  -19.179  -22.784 0.0000000000
31971  -41.116  -17.538  -23.317 0.0000000000
32066  -34.996  -34.822  -24.876 0.0000000000
40179  -44.669  -17.509  -30.937 0.0000000000
40202  -42.599  -12.554  -34.584 0.0000000000
40203  -43.327  -14.079  -34.254 0.0000000000
40204  -43.544  -15.083  -32.790 0.0000000000
40205  -43.840  -16.037  -31.275 0.0000000000
40206  -44.233  -16.910  -29.742 0.0000000000
40207  -43.806  -16.350  -28.618 0.0000000000
40208  -43.358  -15.917  -27.532 0.0000000000
40209  -42.869  -15.628  -26.610 0.0000000000
40210  -41.721  -12.816  -28.167 0.0000000000
40211  -42.058  -14.133  -26.967 0.0000000000
40212  -42.315  -15.513  -25.756 0.0000000000
40213  -41.633  -15.568  -24.991 0.0000000000
40214  -40.799  -15.819  -24.344 0.0000000000
40215  -40.105  -16.161  -23.882 0.0000000000
40217  -37.595  -10.444  -29.617 0.0000000000
40218  -37.910  -11.342  -28.316 0.0000000000
40219  -36.492  -12.441  -29.581 0.0000000000
40220  -37.246  -12.142  -28.200 0.0000000000
40221  -38.194  -12.537  -26.907 0.0000000000
40222  -38.563  -13.635  -25.681 0.0000000000
40223  -39.029  -14.966  -24.598 0.0000000000
40224  -39.287  -16.811  -23.543 0.0000000000
40448  -37.866  -41.647  -22.563 0.0000000000
40449  -36.555  -42.292  -22.055 0.0000000000
40450  -36.336  -40.960  -22.309 0.0000000000
40451  -36.118  -39.879  -22.726 0.0000000000
40452  -36.028  -38.624  -23.370 0.0000000000
40453  -38.224  -36.593  -22.979 0.0000000000
40454  -37.175  -36.983  -23.439 0.0000000000
40455  -35.921  -37.384  -23.942 0.0000000000
40456  -35.978  -36.118  -24.265 0.0000000000
40457  -36.154  -34.736  -24.589 0.0000000000
40458  -36.556  -33.352  -24.916 0.0000000000
40459  -41.481  -30.203  -21.014 0.0000000000
40460  -40.669  -30.558  -21.624 0.0000000000
40461  -40.105  -30.870  -22.188 0.0000000000
40462  -40.833  -27.593  -21.438 0.0000000000
40463  -40.111  -29.517  -21.997 0.0000000000
40464  -39.367  -31.238  -22.784 0.0000000000
40465  -38.588  -31.554  -23.510 0.0000000000
40466  -37.934  -31.768  -24.323 0.0000000000
40467  -37.033  -31.886  -24.901 0.0000000000
40468  -37.575  -30.540  -24.836 0.0000000000
41711  -45.372  -19.239  -29.201 0.0000000000
41712  -45.511  -19.759  -28.393 0.0000000000
41713  -45.105  -19.018  -28.640 0.0000000000
41714  -44.911  -18.792  -28.128 0.0000000000
41715  -44.749  -18.236  -28.943 0.0000000000
41737  -34.718  -43.471  -21.087 0.0000000000
41738  -35.406  -43.409  -21.319 0.0000000000
44014  -42.825  -31.160  -20.912 0.0000000000
44015  -42.851  -31.942  -21.008 0.0000000000
44016  -42.465  -32.004  -21.050 0.0000000000
44017  -42.076  -32.797  -21.363 0.0000000000
44018  -41.983  -32.117  -21.206 0.0000000000
44019  -41.584  -32.157  -21.370 0.0000000000
44020  -41.914  -31.379  -21.047 0.0000000000
44021  -40.809  -18.688  -22.683 0.0000000000
44022  -40.792  -19.759  -22.266 0.0000000000
44023  -40.432  -18.937  -22.504 0.0000000000
44024  -40.014  -19.305  -22.397 0.0000000000
44025  -40.104  -18.197  -22.829 0.0000000000
46414  -45.095  -24.068  -24.044 0.0000000000
46415  -45.186  -24.952  -23.957 0.0000000000
46416  -44.882  -24.981  -23.516 0.0000000000
46417  -44.737  -25.887  -22.965 0.0000000000
46418  -44.613  -24.998  -23.102 0.0000000000
46419  -44.285  -25.047  -22.668 0.0000000000
46420  -44.462  -24.141  -23.186 0.0000000000
46421  -43.394  -17.959  -25.189 0.0000000000
46422  -43.343  -18.808  -24.470 0.0000000000
46423  -43.091  -17.958  -24.749 0.0000000000
46424  -42.783  -17.960  -24.315 0.0000000000
46425  -42.808  -17.103  -24.996 0.0000000000
46489  -33.995  -39.245  -22.999 0.0000000000
46491  -33.929  -38.633  -23.341 0.0000000000
46492  -33.884  -37.992  -23.688 0.0000000000
46493  -34.649  -38.135  -23.667 0.0000000000
53126  -41.896  -11.609  -31.533 0.0000000000
53127  -42.186  -11.935  -32.076 0.0000000000
53128  -42.360  -12.335  -31.215 0.0000000000
53129  -42.722  -13.114  -31.109 0.0000000000
53130  -42.507  -12.833  -30.453 0.0000000000
53131  -42.653  -13.333  -29.646 0.0000000000
53132  -42.261  -12.578  -29.886 0.0000000000
53133  -39.476  -11.607  -27.594 0.0000000000
53134  -40.086  -12.145  -27.277 0.0000000000
53135  -39.629  -12.271  -26.942 0.0000000000
53136  -39.762  -12.951  -26.294 0.0000000000
53137  -39.182  -12.404  -26.695 0.0000000000
53139  -36.128  -11.174  -31.742 0.0000000000
53140  -35.964  -11.674  -31.799 0.0000000000
53329  -39.711  -37.315  -22.127 0.0000000000
53330  -39.820  -37.828  -22.069 0.0000000000
53331  -39.305  -38.050  -22.226 0.0000000000
53332  -38.949  -38.727  -22.365 0.0000000000
53333  -38.812  -38.152  -22.394 0.0000000000
53334  -38.328  -38.381  -22.584 0.0000000000
53335  -38.719  -37.607  -22.465 0.0000000000
53336  -39.311  -33.263  -23.055 0.0000000000
53337  -38.781  -33.872  -23.297 0.0000000000
53338  -38.930  -33.301  -23.324 0.0000000000
53339  -38.368  -33.570  -23.523 0.0000000000
53340  -38.922  -32.705  -23.354 0.0000000000
53341  -42.237  -25.796  -21.193 0.0000000000
53342  -41.838  -26.880  -21.109 0.0000000000
53343  -41.876  -26.004  -21.077 0.0000000000
53344  -39.953  -26.609  -21.978 0.0000000000
53345  -40.024  -27.384  -22.105 0.0000000000
53346  -39.722  -27.573  -22.338 0.0000000000
53347  -39.386  -28.646  -22.822 0.0000000000
53348  -39.486  -27.962  -22.772 0.0000000000
53349  -39.254  -27.991  -22.924 0.0000000000
53350  -39.585  -27.013  -22.395 0.0000000000
56014  -45.494  -20.959  -26.726 0.0000000000
56015  -45.745  -21.766  -26.463 0.0000000000
56016  -45.414  -21.694  -26.009 0.0000000000
56017  -45.355  -22.430  -25.420 0.0000000000
56018  -45.114  -21.643  -25.538 0.0000000000
56019  -44.861  -21.632  -25.088 0.0000000000
56020  -44.882  -20.824  -25.819 0.0000000000
56021  -44.422  -18.419  -27.146 0.0000000000
56022  -44.417  -19.101  -26.308 0.0000000000
56023  -44.139  -18.274  -26.541 0.0000000000
56024  -43.880  -18.133  -26.014 0.0000000000
56025  -43.847  -17.426  -26.795 0.0000000000
56089  -34.369  -41.998  -21.683 0.0000000000
56090  -33.644  -41.906  -21.596 0.0000000000
56091  -34.269  -41.325  -21.958 0.0000000000
56092  -34.154  -40.645  -22.270 0.0000000000
56093  -34.939  -40.778  -22.208 0.0000000000
62728  -40.388  -9.731  -32.119 0.0000000000
62729  -40.925  -10.283  -31.928 0.0000000000
62730  -40.518  -10.155  -31.303 0.0000000000
62731  -40.718  -10.596  -30.523 0.0000000000
62732  -40.207  -10.027  -30.749 0.0000000000
62733  -38.827  -9.656  -30.380 0.0000000000
62734  -39.465  -9.944  -30.003 0.0000000000
62735  -39.002  -10.100  -29.623 0.0000000000
62736  -39.184  -10.542  -28.877 0.0000000000
62737  -38.586  -10.246  -29.372 0.0000000000
62738  -34.554  -13.379  -31.997 0.0000000000
62739  -35.171  -13.634  -31.881 0.0000000000
62919  -44.685  -30.742  -21.463 0.0000000000
62922  -42.985  -33.315  -21.518 0.0000000000
62928  -42.316  -34.699  -22.110 0.0000000000
62929  -41.438  -34.309  -22.061 0.0000000000
62930  -41.531  -34.961  -22.236 0.0000000000
62931  -41.028  -35.067  -22.256 0.0000000000
62932  -40.652  -35.866  -22.212 0.0000000000
62933  -40.573  -35.183  -22.447 0.0000000000
62934  -40.125  -35.332  -22.516 0.0000000000
62935  -40.579  -34.489  -22.437 0.0000000000
62936  -40.807  -32.498  -21.854 0.0000000000
62937  -40.471  -33.259  -22.245 0.0000000000
62938  -40.439  -32.697  -22.144 0.0000000000
62939  -40.070  -32.791  -22.485 0.0000000000
62940  -40.398  -32.095  -21.980 0.0000000000
62941  -41.875  -22.145  -21.658 0.0000000000
62942  -41.664  -23.321  -21.418 0.0000000000
62943  -41.467  -22.401  -21.607 0.0000000000
62944  -40.562  -22.077  -21.735 0.0000000000
62945  -40.840  -22.904  -21.578 0.0000000000
62946  -40.525  -23.189  -21.568 0.0000000000
62947  -40.370  -24.365  -21.516 0.0000000000
62948  -40.223  -23.480  -21.617 0.0000000000
62949  -39.944  -23.746  -21.944 0.0000000000
62950  -40.146  -22.603  -21.747 0.0000000000
70122  -45.391  -26.605  -23.669 0.0000000000
70128  -45.126  -28.226  -22.457 0.0000000000
70129  -44.311  -27.601  -21.905 0.0000000000
70130  -44.456  -28.409  -21.735 0.0000000000
70131  -44.008  -28.482  -21.403 0.0000000000
70132  -43.687  -29.355  -21.086 0.0000000000
70133  -43.624  -28.525  -21.179 0.0000000000
70134  -43.222  -28.677  -21.013 0.0000000000
70135  -43.459  -27.861  -21.347 0.0000000000
70136  -43.654  -25.177  -21.993 0.0000000000
70137  -43.347  -26.170  -21.622 0.0000000000
70138  -43.323  -25.257  -21.702 0.0000000000
70139  -42.962  -25.421  -21.469 0.0000000000
70140  -43.274  -24.445  -21.869 0.0000000000
70141  -44.338  -21.498  -24.241 0.0000000000
70142  -44.241  -22.374  -23.588 0.0000000000
70143  -44.028  -21.455  -23.795 0.0000000000
70144  -43.209  -20.589  -23.209 0.0000000000
70145  -43.391  -21.536  -23.013 0.0000000000
70146  -43.092  -21.641  -22.631 0.0000000000
70147  -42.961  -22.657  -22.123 0.0000000000
70148  -42.795  -21.728  -22.330 0.0000000000
70149  -42.506  -21.855  -22.028 0.0000000000
70150  -42.571  -20.786  -22.554 0.0000000000
70151  -42.126  -18.059  -23.575 0.0000000000
70152  -42.072  -19.085  -22.968 0.0000000000
70153  -41.770  -18.196  -23.248 0.0000000000
70154  -41.441  -18.369  -22.975 0.0000000000
70155  -41.493  -17.369  -23.549 0.0000000000
70354  -33.963  -36.565  -24.337 0.0000000000
70356  -34.063  -35.845  -24.596 0.0000000000
70357  -34.183  -35.200  -24.828 0.0000000000
70358  -34.793  -35.599  -24.672 0.0000000000
90201  -45.015  -17.762  -31.520 0.0000000000
90202  -44.517  -17.035  -31.567 0.0000000000
90259  -42.664  -12.529  -33.192 0.0000000000
90260  -42.355  -12.203  -34.013 0.0000000000
90261  -42.776  -12.905  -33.800 0.0000000000
90262  -42.997  -13.308  -34.381 0.0000000000
90263  -43.137  -13.721  -33.658 0.0000000000
90264  -43.400  -14.573  -33.536 0.0000000000
90265  -43.210  -14.155  -32.920 0.0000000000
90266  -43.334  -14.830  -30.779 0.0000000000
90267  -43.468  -15.194  -31.392 0.0000000000
90268  -43.666  -15.634  -30.631 0.0000000000
90269  -44.042  -16.428  -30.445 0.0000000000
90270  -43.876  -16.115  -29.896 0.0000000000
90271  -44.036  -16.636  -29.236 0.0000000000
90272  -43.692  -15.795  -29.342 0.0000000000
90273  -42.888  -14.466  -28.367 0.0000000000
90274  -43.240  -15.310  -28.243 0.0000000000
90275  -43.007  -15.142  -27.780 0.0000000000
90276  -43.130  -15.745  -27.070 0.0000000000
90277  -42.753  -14.990  -27.263 0.0000000000
90278  -41.066  -11.566  -29.165 0.0000000000
90279  -41.578  -12.223  -28.899 0.0000000000
90280  -41.237  -12.124  -28.537 0.0000000000
90281  -41.141  -13.329  -26.666 0.0000000000
90282  -41.504  -13.346  -27.059 0.0000000000
90283  -41.721  -14.097  -26.528 0.0000000000
90284  -42.145  -14.787  -26.242 0.0000000000
90285  -41.813  -14.807  -25.885 0.0000000000
90286  -42.001  -15.539  -25.371 0.0000000000
90287  -41.432  -14.868  -25.557 0.0000000000
90288  -40.079  -14.355  -25.047 0.0000000000
90289  -40.686  -15.049  -24.921 0.0000000000
90290  -40.301  -15.168  -24.653 0.0000000000
90291  -40.445  -15.966  -24.100 0.0000000000
90292  -39.907  -15.349  -24.406 0.0000000000
90296  -36.858  -10.853  -30.228 0.0000000000
90297  -37.186  -10.341  -30.337 0.0000000000
90298  -37.310  -10.715  -29.662 0.0000000000
90299  -37.780  -10.866  -29.025 0.0000000000
90300  -37.413  -11.286  -28.863 0.0000000000
90301  -36.117  -13.133  -30.653 0.0000000000
90302  -36.207  -12.541  -30.449 0.0000000000
90303  -36.354  -12.994  -29.795 0.0000000000
90305  -36.907  -12.800  -28.140 0.0000000000
90306  -37.394  -12.824  -27.530 0.0000000000
90307  -37.668  -12.292  -27.516 0.0000000000
90308  -37.905  -12.785  -26.894 0.0000000000
90309  -38.333  -13.038  -26.271 0.0000000000
90310  -38.003  -13.418  -26.226 0.0000000000
90314  -39.203  -15.894  -24.021 0.0000000000
90874  -38.127  -40.359  -22.576 0.0000000000
90875  -38.268  -40.869  -22.633 0.0000000000
90876  -37.682  -41.092  -22.566 0.0000000000
90877  -37.211  -42.043  -22.297 0.0000000000
90878  -37.073  -41.404  -22.412 0.0000000000
90879  -36.435  -41.595  -22.176 0.0000000000
90880  -36.995  -40.784  -22.551 0.0000000000
90881  -37.224  -38.855  -22.856 0.0000000000
90882  -36.818  -39.577  -22.861 0.0000000000
90883  -36.723  -39.029  -23.038 0.0000000000
90884  -36.097  -39.326  -23.005 0.0000000000
90885  -36.641  -38.434  -23.245 0.0000000000
90886  -39.225  -35.706  -22.860 0.0000000000
90887  -38.663  -36.358  -22.803 0.0000000000
90888  -38.666  -35.777  -22.967 0.0000000000
90889  -37.735  -35.540  -23.561 0.0000000000
90890  -37.724  -36.029  -23.468 0.0000000000
90891  -37.138  -36.429  -23.615 0.0000000000
90892  -36.563  -37.140  -23.704 0.0000000000
90893  -36.565  -36.437  -23.930 0.0000000000
90894  -35.940  -36.752  -24.133 0.0000000000
90895  -36.586  -35.877  -24.136 0.0000000000
90896  -37.457  -33.862  -24.263 0.0000000000
90897  -36.654  -34.658  -24.374 0.0000000000
90898  -36.799  -34.030  -24.474 0.0000000000
90899  -36.323  -34.036  -24.798 0.0000000000
90900  -37.056  -33.210  -24.546 0.0000000000
90901  -42.360  -29.033  -20.865 0.0000000000
90902  -41.934  -29.942  -20.910 0.0000000000
90903  -41.863  -29.232  -20.889 0.0000000000
90904  -41.172  -28.890  -21.184 0.0000000000
90905  -41.117  -29.693  -21.130 0.0000000000
90906  -40.775  -29.903  -21.496 0.0000000000
90907  -40.395  -30.682  -21.877 0.0000000000
90908  -40.366  -30.050  -21.804 0.0000000000
90909  -41.142  -25.607  -21.176 0.0000000000
90910  -41.108  -26.438  -21.272 0.0000000000
90911  -40.877  -26.751  -21.324 0.0000000000
90912  -39.900  -28.978  -22.291 0.0000000000
90913  -40.248  -28.727  -21.993 0.0000000000
90914  -39.900  -29.744  -22.302 0.0000000000
90915  -39.769  -30.387  -22.443 0.0000000000
90916  -39.458  -30.710  -22.638 0.0000000000
90917  -39.019  -31.380  -23.161 0.0000000000
90918  -39.085  -30.674  -23.087 0.0000000000
90919  -38.679  -30.240  -23.852 0.0000000000
90920  -38.377  -31.076  -23.895 0.0000000000
90921  -38.052  -31.175  -24.280 0.0000000000
90922  -37.380  -31.882  -24.700 0.0000000000
90923  -37.599  -31.214  -24.668 0.0000000000
90924  -37.282  -31.255  -24.885 0.0000000000
90925  -37.912  -30.467  -24.597 0.0000000000
93513  -45.900  -20.433  -28.027 0.0000000000
93514  -45.543  -20.364  -27.539 0.0000000000
93515  -45.225  -20.244  -27.076 0.0000000000
93516  -44.975  -20.113  -26.616 0.0000000000
93517  -44.968  -19.404  -27.293 0.0000000000
93518  -44.677  -18.579  -27.609 0.0000000000
93519  -44.339  -17.843  -27.889 0.0000000000
93559  -34.543  -42.751  -21.375 0.0000000000
93560  -35.164  -42.130  -21.718 0.0000000000
97543  -39.691  -9.508  -31.179 0.0000000000
97546  -38.248  -9.408  -30.789 0.0000000000
97656  -43.824  -31.014  -21.064 0.0000000000
97657  -43.800  -31.826  -21.143 0.0000000000
97658  -43.363  -31.834  -21.091 0.0000000000
97659  -42.941  -32.708  -21.262 0.0000000000
97660  -42.561  -33.382  -21.582 0.0000000000
97661  -42.262  -34.132  -21.894 0.0000000000
97662  -42.165  -33.459  -21.661 0.0000000000
97663  -41.729  -33.510  -21.783 0.0000000000
97664  -41.330  -33.645  -21.919 0.0000000000
97665  -40.983  -33.769  -22.075 0.0000000000
97666  -41.247  -32.946  -21.801 0.0000000000
97667  -41.200  -32.287  -21.609 0.0000000000
97668  -41.144  -31.698  -21.448 0.0000000000
97669  -41.427  -20.440  -22.145 0.0000000000
97670  -41.267  -21.498  -21.839 0.0000000000
97671  -41.019  -20.678  -22.045 0.0000000000
97672  -40.686  -20.883  -21.992 0.0000000000
97673  -40.337  -21.134  -21.909 0.0000000000
97674  -40.211  -21.475  -21.905 0.0000000000
97675  -40.122  -20.301  -22.105 0.0000000000
97676  -39.742  -19.567  -22.419 0.0000000000
101976  -45.661  -24.172  -24.960 0.0000000000
101978  -45.472  -24.946  -24.413 0.0000000000
101979  -45.295  -25.848  -23.840 0.0000000000
101980  -45.132  -26.651  -23.288 0.0000000000
101981  -44.963  -27.408  -22.655 0.0000000000
101982  -44.837  -26.612  -22.812 0.0000000000
101983  -44.508  -26.681  -22.385 0.0000000000
101984  -44.233  -26.776  -22.065 0.0000000000
101985  -43.812  -26.829  -21.731 0.0000000000
101986  -44.094  -25.910  -22.172 0.0000000000
101987  -43.973  -25.066  -22.304 0.0000000000
101988  -43.950  -24.266  -22.446 0.0000000000
101989  -43.884  -19.736  -24.677 0.0000000000
101990  -43.806  -20.553  -24.020 0.0000000000
101991  -43.626  -19.682  -24.273 0.0000000000
101992  -43.343  -19.674  -23.845 0.0000000000
101993  -43.000  -19.721  -23.452 0.0000000000
101994  -42.651  -19.768  -23.083 0.0000000000
101995  -42.747  -18.816  -23.697 0.0000000000
101996  -42.483  -17.959  -23.910 0.0000000000
101997  -42.193  -17.142  -24.258 0.0000000000
102118  -33.888  -37.293  -24.039 0.0000000000
102119  -34.664  -36.730  -24.332 0.0000000000
114025  -44.194  -16.198  -33.122 0.0000000000
114058  -41.553  -10.833  -33.076 0.0000000000
114059  -41.813  -11.060  -33.625 0.0000000000
114060  -41.942  -11.543  -32.950 0.0000000000
114061  -42.391  -12.231  -32.673 0.0000000000
114062  -42.823  -13.007  -32.461 0.0000000000
114063  -43.090  -13.825  -32.372 0.0000000000
114064  -42.929  -13.444  -31.753 0.0000000000
114065  -43.023  -13.890  -30.980 0.0000000000
114066  -43.213  -14.470  -30.172 0.0000000000
114067  -43.339  -14.990  -29.478 0.0000000000
114068  -43.056  -14.176  -29.637 0.0000000000
114069  -42.755  -13.894  -28.987 0.0000000000
114070  -42.491  -13.680  -28.471 0.0000000000
114071  -40.288  -11.485  -28.279 0.0000000000
114072  -40.867  -12.073  -28.026 0.0000000000
114073  -40.501  -12.058  -27.707 0.0000000000
114074  -40.575  -12.776  -26.936 0.0000000000
114075  -40.751  -13.332  -26.257 0.0000000000
114076  -40.886  -14.142  -25.742 0.0000000000
114077  -40.323  -13.485  -25.952 0.0000000000
114078  -39.954  -13.642  -25.706 0.0000000000
114079  -39.595  -13.771  -25.469 0.0000000000
114083  -36.501  -10.898  -30.976 0.0000000000
114084  -36.670  -11.339  -30.331 0.0000000000
114423  -40.692  -37.009  -21.972 0.0000000000
114425  -40.292  -37.609  -21.996 0.0000000000
114426  -39.958  -38.321  -22.097 0.0000000000
114427  -39.599  -39.061  -22.244 0.0000000000
114428  -39.197  -39.767  -22.425 0.0000000000
114429  -39.030  -39.281  -22.330 0.0000000000
114430  -38.540  -39.535  -22.508 0.0000000000
114431  -38.004  -39.786  -22.593 0.0000000000
114432  -37.436  -40.071  -22.625 0.0000000000
114433  -37.869  -39.229  -22.621 0.0000000000
114434  -37.739  -38.728  -22.686 0.0000000000
114435  -37.691  -38.064  -22.897 0.0000000000
114436  -39.210  -34.408  -23.146 0.0000000000
114437  -38.708  -35.193  -23.168 0.0000000000
114438  -38.760  -34.559  -23.252 0.0000000000
114439  -38.261  -34.741  -23.469 0.0000000000
114440  -37.742  -35.011  -23.674 0.0000000000
114441  -37.258  -35.160  -23.923 0.0000000000
114442  -37.857  -34.317  -23.784 0.0000000000
114443  -37.929  -33.562  -23.902 0.0000000000
114444  -38.033  -32.907  -23.979 0.0000000000
114445  -42.304  -27.491  -21.034 0.0000000000
114446  -41.940  -28.461  -20.919 0.0000000000
114447  -41.930  -27.689  -20.959 0.0000000000
114448  -41.579  -27.901  -21.012 0.0000000000
114449  -41.158  -28.047  -21.230 0.0000000000
114450  -40.548  -26.075  -21.528 0.0000000000
114451  -40.486  -26.989  -21.571 0.0000000000
114452  -40.305  -27.250  -21.712 0.0000000000
114453  -39.906  -28.200  -22.252 0.0000000000
114454  -39.629  -29.186  -22.610 0.0000000000
114455  -39.244  -30.088  -22.984 0.0000000000
114456  -39.393  -29.352  -22.815 0.0000000000
114457  -39.077  -29.383  -23.221 0.0000000000
114458  -38.742  -29.759  -23.614 0.0000000000
114459  -38.434  -29.828  -23.951 0.0000000000
114460  -38.968  -28.971  -23.547 0.0000000000
114461  -39.015  -28.236  -23.396 0.0000000000
118358  -45.844  -23.389  -25.575 0.0000000000
118359  -45.516  -23.326  -25.170 0.0000000000
118360  -45.198  -23.274  -24.702 0.0000000000
118361  -44.929  -23.248  -24.243 0.0000000000
118362  -44.666  -23.255  -23.775 0.0000000000
118363  -44.753  -22.469  -24.464 0.0000000000
118364  -44.631  -21.574  -24.693 0.0000000000
118365  -44.389  -20.706  -24.954 0.0000000000
118366  -44.743  -19.980  -26.149 0.0000000000
118367  -44.430  -19.861  -25.612 0.0000000000
118368  -44.143  -19.782  -25.119 0.0000000000
118369  -43.911  -18.914  -25.415 0.0000000000
118370  -43.617  -17.996  -25.535 0.0000000000
118371  -43.333  -17.197  -25.927 0.0000000000
118464  -33.449  -40.593  -22.264 0.0000000000
118465  -34.032  -39.887  -22.652 0.0000000000
118466  -34.753  -39.513  -22.865 0.0000000000
127755  -41.142  -10.137  -33.355 0.0000000000
127756  -41.280  -10.553  -32.409 0.0000000000
127757  -41.437  -10.964  -31.677 0.0000000000
127758  -41.591  -11.369  -30.894 0.0000000000
127759  -41.795  -11.905  -30.072 0.0000000000
127760  -41.274  -11.171  -30.304 0.0000000000
127761  -40.873  -11.049  -29.780 0.0000000000
127762  -40.522  -10.991  -29.417 0.0000000000
127763  -39.840  -9.936  -30.347 0.0000000000
127764  -40.011  -10.421  -29.631 0.0000000000
127765  -40.138  -10.955  -28.955 0.0000000000
127766  -39.769  -10.912  -28.618 0.0000000000
127767  -39.356  -11.079  -28.305 0.0000000000
127768  -38.886  -11.326  -27.965 0.0000000000
127769  -35.187  -12.598  -32.328 0.0000000000
127770  -35.756  -12.440  -31.876 0.0000000000
127771  -35.515  -12.970  -31.954 0.0000000000
127772  -35.701  -13.466  -31.373 0.0000000000
128036  -41.506  -36.160  -22.096 0.0000000000
128037  -41.868  -34.850  -22.157 0.0000000000
128038  -41.514  -35.635  -22.169 0.0000000000
128039  -41.084  -36.291  -22.064 0.0000000000
128040  -40.674  -36.431  -22.083 0.0000000000
128041  -40.198  -36.529  -22.179 0.0000000000
128042  -39.721  -36.639  -22.327 0.0000000000
128043  -39.224  -36.869  -22.371 0.0000000000
128044  -39.701  -36.109  -22.487 0.0000000000
128045  -39.590  -35.524  -22.622 0.0000000000
128046  -39.668  -34.933  -22.847 0.0000000000
128047  -40.505  -33.913  -22.355 0.0000000000
128048  -40.019  -34.065  -22.537 0.0000000000
128049  -39.696  -34.307  -22.844 0.0000000000
128050  -39.660  -33.634  -22.842 0.0000000000
128051  -39.604  -33.007  -22.699 0.0000000000
128052  -39.655  -32.303  -22.688 0.0000000000
128053  -42.025  -23.999  -21.395 0.0000000000
128054  -41.805  -25.104  -21.151 0.0000000000
128055  -41.720  -24.207  -21.348 0.0000000000
128056  -41.354  -24.467  -21.289 0.0000000000
128057  -40.999  -24.701  -21.355 0.0000000000
128058  -41.157  -22.629  -21.577 0.0000000000
128059  -40.911  -23.733  -21.461 0.0000000000
128060  -40.709  -24.948  -21.340 0.0000000000
128061  -40.422  -25.324  -21.538 0.0000000000
128062  -40.158  -25.472  -21.696 0.0000000000
128063  -39.982  -25.852  -21.910 0.0000000000
128064  -39.711  -26.091  -22.260 0.0000000000
128065  -39.894  -24.961  -21.912 0.0000000000
128066  -39.868  -24.116  -21.765 0.0000000000
128068  -39.851  -21.770  -21.986 0.0000000000
137213  -44.640  -29.973  -21.489 0.0000000000
137214  -44.781  -28.265  -22.086 0.0000000000
137215  -44.566  -29.167  -21.608 0.0000000000
137216  -44.215  -30.079  -21.251 0.0000000000
137217  -43.778  -30.212  -21.032 0.0000000000
137218  -43.329  -30.331  -20.865 0.0000000000
137219  -42.802  -30.398  -20.848 0.0000000000
137220  -42.360  -30.540  -20.851 0.0000000000
137221  -42.842  -29.669  -20.805 0.0000000000
137222  -42.742  -28.931  -20.937 0.0000000000
137223  -42.749  -28.079  -20.960 0.0000000000
137224  -43.459  -26.987  -21.462 0.0000000000
137225  -43.040  -27.170  -21.216 0.0000000000
137226  -42.699  -27.299  -21.085 0.0000000000
137227  -42.679  -26.431  -21.180 0.0000000000
137228  -42.571  -25.602  -21.344 0.0000000000
137229  -42.488  -24.719  -21.380 0.0000000000
137230  -44.351  -23.254  -23.361 0.0000000000
137231  -44.078  -23.291  -22.984 0.0000000000
137232  -43.789  -23.317  -22.540 0.0000000000
137233  -43.677  -21.480  -23.360 0.0000000000
137234  -43.584  -22.438  -22.828 0.0000000000
137235  -43.468  -23.431  -22.262 0.0000000000
137236  -43.111  -23.543  -21.934 0.0000000000
137237  -42.781  -23.689  -21.688 0.0000000000
137238  -42.385  -23.791  -21.508 0.0000000000
137239  -42.217  -22.812  -21.733 0.0000000000
137240  -42.142  -21.960  -21.818 0.0000000000
137241  -41.933  -21.086  -22.086 0.0000000000
137242  -42.368  -19.901  -22.764 0.0000000000
137243  -42.062  -20.047  -22.521 0.0000000000
137244  -41.769  -20.206  -22.290 0.0000000000
137245  -41.444  -19.383  -22.584 0.0000000000
137246  -41.128  -18.498  -22.844 0.0000000000
137247  -40.743  -17.741  -23.163 0.0000000000
137504  -35.277  -33.973  -25.084 0.0000000000
143865  -45.272  -18.757  -30.030 0.0000000000
161492  -45.116  -18.258  -30.715 0.0000000000
161493  -44.860  -18.057  -30.218 0.0000000000
161560  -42.093  -11.449  -34.252 0.0000000000
161566  -43.728  -14.981  -34.117 0.0000000000
161567  -43.806  -15.437  -33.349 0.0000000000
161568  -43.875  -15.910  -32.596 0.0000000000
161569  -43.379  -14.641  -32.203 0.0000000000
161570  -43.643  -15.571  -32.011 0.0000000000
161571  -44.093  -16.369  -31.842 0.0000000000
161572  -44.254  -16.765  -31.014 0.0000000000
161573  -44.440  -17.203  -30.322 0.0000000000
161574  -44.610  -17.737  -29.631 0.0000000000
161575  -44.443  -17.476  -29.113 0.0000000000
161576  -44.237  -17.220  -28.564 0.0000000000
161577  -43.990  -16.982  -28.046 0.0000000000
161578  -43.487  -15.511  -28.780 0.0000000000
161579  -43.580  -16.114  -28.052 0.0000000000
161580  -43.728  -16.783  -27.456 0.0000000000
161581  -43.497  -16.610  -26.947 0.0000000000
161582  -43.238  -16.451  -26.432 0.0000000000
161583  -42.953  -16.365  -25.957 0.0000000000
161584  -41.964  -12.345  -29.377 0.0000000000
161585  -42.085  -12.912  -28.641 0.0000000000
161586  -42.204  -13.528  -27.994 0.0000000000
161587  -41.412  -12.694  -27.785 0.0000000000
161588  -41.927  -13.389  -27.592 0.0000000000
161589  -42.349  -14.184  -27.392 0.0000000000
161590  -42.478  -14.850  -26.708 0.0000000000
161591  -42.605  -15.560  -26.195 0.0000000000
161592  -42.650  -16.337  -25.515 0.0000000000
161593  -42.352  -16.341  -25.093 0.0000000000
161594  -42.052  -16.350  -24.710 0.0000000000
161595  -41.666  -16.427  -24.359 0.0000000000
161596  -41.059  -14.917  -25.198 0.0000000000
161597  -41.207  -15.670  -24.639 0.0000000000
161598  -41.307  -16.524  -24.035 0.0000000000
161599  -41.007  -16.649  -23.780 0.0000000000
161600  -40.672  -16.814  -23.591 0.0000000000
161601  -40.284  -17.048  -23.488 0.0000000000
161604  -37.876  -9.601  -30.564 0.0000000000
161606  -37.500  -9.949  -30.376 0.0000000000
161607  -38.012  -10.048  -29.833 0.0000000000
161608  -38.143  -10.573  -29.139 0.0000000000
161609  -38.295  -11.013  -28.424 0.0000000000
161610  -38.501  -11.529  -27.813 0.0000000000
161611  -36.106  -12.219  -31.105 0.0000000000
161612  -36.444  -11.946  -30.384 0.0000000000
161613  -36.714  -11.864  -29.586 0.0000000000
161614  -36.593  -12.781  -29.037 0.0000000000
161615  -36.869  -12.175  -28.938 0.0000000000
161616  -37.110  -11.703  -28.874 0.0000000000
161617  -37.582  -11.737  -28.286 0.0000000000
161618  -38.065  -11.904  -27.636 0.0000000000
161619  -38.628  -12.122  -27.124 0.0000000000
161620  -38.771  -12.680  -26.508 0.0000000000
161621  -38.954  -13.383  -25.842 0.0000000000
161622  -39.220  -14.015  -25.240 0.0000000000
161623  -38.194  -14.017  -25.633 0.0000000000
161624  -38.789  -14.336  -25.018 0.0000000000
161625  -39.341  -14.808  -24.686 0.0000000000
161626  -39.551  -15.635  -24.203 0.0000000000
161627  -39.671  -16.532  -23.651 0.0000000000
161628  -39.875  -17.342  -23.361 0.0000000000
161629  -39.520  -17.651  -23.185 0.0000000000
162298  -38.862  -40.560  -22.654 0.0000000000
162299  -38.398  -41.365  -22.623 0.0000000000
162301  -37.359  -42.671  -22.236 0.0000000000
162302  -36.683  -42.921  -21.942 0.0000000000
162303  -36.022  -43.286  -21.597 0.0000000000
162304  -35.904  -42.709  -21.724 0.0000000000
162305  -35.796  -41.989  -21.918 0.0000000000
162306  -35.725  -41.197  -22.178 0.0000000000
162307  -36.967  -40.151  -22.735 0.0000000000
162308  -36.215  -40.408  -22.495 0.0000000000
162309  -35.609  -40.570  -22.447 0.0000000000
162310  -35.510  -40.015  -22.708 0.0000000000
162311  -35.414  -39.398  -23.035 0.0000000000
162312  -35.352  -38.730  -23.377 0.0000000000
162313  -38.696  -37.026  -22.606 0.0000000000
162314  -38.235  -37.176  -22.825 0.0000000000
162315  -37.697  -37.345  -23.091 0.0000000000
162316  -38.251  -35.945  -23.241 0.0000000000
162317  -37.702  -36.581  -23.362 0.0000000000
162318  -37.249  -37.580  -23.270 0.0000000000
162319  -36.594  -37.881  -23.444 0.0000000000
162320  -35.960  -37.946  -23.688 0.0000000000
162321  -35.280  -38.101  -23.655 0.0000000000
162322  -35.223  -37.485  -23.894 0.0000000000
162323  -35.192  -36.863  -24.125 0.0000000000
162324  -35.323  -36.054  -24.411 0.0000000000
162325  -36.616  -35.260  -24.297 0.0000000000
162326  -36.072  -35.362  -24.408 0.0000000000
162327  -35.463  -35.310  -24.659 0.0000000000
162328  -35.592  -34.660  -24.806 0.0000000000
162329  -35.786  -33.924  -24.899 0.0000000000
162330  -35.973  -33.320  -24.965 0.0000000000
162331  -41.915  -30.649  -21.030 0.0000000000
162332  -41.519  -30.896  -21.112 0.0000000000
162333  -41.165  -31.063  -21.351 0.0000000000
162334  -41.476  -29.410  -21.044 0.0000000000
162335  -41.126  -30.322  -21.296 0.0000000000
162336  -40.799  -31.223  -21.655 0.0000000000
162337  -40.367  -31.439  -21.902 0.0000000000
162338  -40.032  -31.493  -22.298 0.0000000000
162339  -39.598  -31.715  -22.590 0.0000000000
162340  -41.471  -26.241  -21.136 0.0000000000
162341  -41.171  -27.324  -21.158 0.0000000000
162342  -40.847  -28.344  -21.387 0.0000000000
162343  -40.521  -27.862  -21.617 0.0000000000
162344  -40.485  -28.631  -21.728 0.0000000000
162345  -40.475  -29.290  -21.744 0.0000000000
162346  -40.088  -30.164  -22.100 0.0000000000
162347  -39.744  -30.990  -22.481 0.0000000000
162348  -39.377  -31.848  -22.907 0.0000000000
162349  -38.965  -32.005  -23.206 0.0000000000
162350  -38.526  -32.177  -23.585 0.0000000000
162351  -38.205  -32.298  -23.904 0.0000000000
162352  -38.748  -30.749  -23.502 0.0000000000
162353  -38.269  -31.679  -23.882 0.0000000000
162354  -37.725  -32.616  -24.296 0.0000000000
162355  -37.263  -32.524  -24.625 0.0000000000
162356  -36.811  -32.608  -24.896 0.0000000000
162357  -36.182  -32.600  -25.032 0.0000000000
162358  -36.523  -31.725  -25.087 0.0000000000
162361  -38.150  -29.700  -24.434 0.0000000000
162367  -39.545  -26.379  -22.471 0.0000000000
162368  -39.375  -26.555  -22.662 0.0000000000
