#!ascii label  , from subject fsaverage vox2ras=TkReg
1582
20  -16.506  -45.284  54.675 0.0000000000
307  -16.100  -36.660  49.874 0.0000000000
308  -18.579  -34.486  40.154 0.0000000000
309  -15.419  -43.893  45.585 0.0000000000
487  -8.702  -37.725  56.086 0.0000000000
489  -4.708  -41.220  63.973 0.0000000000
787  -17.437  -41.036  52.527 0.0000000000
788  -18.367  -41.040  47.674 0.0000000000
789  -16.519  -45.471  49.869 0.0000000000
1065  -5.965  -33.959  53.694 0.0000000000
1066  -6.155  -34.203  57.741 0.0000000000
1072  -8.692  -42.161  68.401 0.0000000000
1073  -10.669  -40.896  63.904 0.0000000000
1285  -15.712  -37.201  39.414 0.0000000000
1707  -18.184  -36.083  45.109 0.0000000000
1708  -18.118  -39.851  42.656 0.0000000000
1709  -13.594  -41.098  42.969 0.0000000000
2105  -10.190  -32.478  51.006 0.0000000000
2106  -12.738  -36.476  53.502 0.0000000000
2107  -15.419  -39.786  56.193 0.0000000000
2113  -4.588  -34.646  62.139 0.0000000000
2114  -5.823  -39.589  59.454 0.0000000000
2115  -13.239  -39.877  60.141 0.0000000000
2376  -17.687  -28.309  38.425 0.0000000000
2707  -17.519  -43.316  53.690 0.0000000000
2708  -17.789  -43.543  51.309 0.0000000000
2709  -16.677  -45.559  52.257 0.0000000000
3205  -13.358  -37.841  40.493 0.0000000000
3206  -13.897  -35.526  39.069 0.0000000000
3802  -15.505  -34.407  48.907 0.0000000000
3803  -16.888  -34.083  46.510 0.0000000000
3804  -17.218  -36.455  47.587 0.0000000000
3805  -17.597  -43.036  46.379 0.0000000000
3806  -18.460  -40.616  45.124 0.0000000000
3807  -17.039  -42.173  44.144 0.0000000000
3808  -16.184  -40.969  42.327 0.0000000000
3809  -14.678  -42.528  44.038 0.0000000000
4632  -7.166  -36.034  54.735 0.0000000000
4633  -9.266  -35.071  53.713 0.0000000000
4634  -10.846  -36.929  54.902 0.0000000000
4635  -13.978  -38.352  54.626 0.0000000000
4636  -12.324  -38.551  56.167 0.0000000000
4648  -4.113  -41.665  66.645 0.0000000000
4650  -3.471  -38.431  65.038 0.0000000000
4651  -3.539  -34.736  64.147 0.0000000000
4652  -4.297  -38.147  62.787 0.0000000000
4653  -5.029  -37.712  60.619 0.0000000000
4654  -5.187  -40.427  61.588 0.0000000000
4655  -14.350  -40.852  63.924 0.0000000000
4656  -11.942  -40.301  62.015 0.0000000000
4657  -15.146  -41.051  61.997 0.0000000000
4658  -15.913  -41.415  60.031 0.0000000000
5295  -18.377  -32.564  41.587 0.0000000000
5296  -17.875  -29.649  40.730 0.0000000000
5297  -18.221  -31.328  39.150 0.0000000000
6025  -16.756  -38.829  51.141 0.0000000000
6026  -17.676  -38.744  48.882 0.0000000000
6027  -17.960  -41.137  50.169 0.0000000000
6028  -17.772  -43.519  48.774 0.0000000000
6029  -16.061  -44.871  47.571 0.0000000000
6525  -5.448  -34.159  55.589 0.0000000000
6526  -5.607  -36.498  56.151 0.0000000000
6535  -6.053  -42.661  69.149 0.0000000000
6536  -6.476  -42.397  66.294 0.0000000000
6537  -7.025  -41.632  63.756 0.0000000000
6538  -9.562  -41.638  65.985 0.0000000000
6539  -13.343  -40.770  65.855 0.0000000000
6921  -17.597  -36.106  39.261 0.0000000000
6922  -17.554  -33.226  38.138 0.0000000000
6923  -15.915  -34.625  38.022 0.0000000000
7822  -17.831  -33.485  44.110 0.0000000000
7823  -18.732  -35.420  42.681 0.0000000000
7824  -18.399  -38.486  46.419 0.0000000000
7825  -18.809  -38.090  43.780 0.0000000000
7826  -18.577  -37.323  41.354 0.0000000000
7827  -17.175  -38.689  40.663 0.0000000000
7828  -14.910  -39.413  41.013 0.0000000000
8411  -14.337  -47.148  53.297 0.0000000000
8880  -12.651  -32.043  49.672 0.0000000000
8881  -13.649  -34.050  50.868 0.0000000000
8882  -7.804  -33.178  52.212 0.0000000000
8883  -11.491  -34.226  52.500 0.0000000000
8884  -14.510  -36.458  51.798 0.0000000000
8885  -15.501  -38.474  52.950 0.0000000000
8886  -16.573  -40.355  54.447 0.0000000000
8887  -17.082  -42.411  55.827 0.0000000000
8906  -5.801  -34.443  60.167 0.0000000000
8907  -5.366  -37.078  58.357 0.0000000000
8908  -6.937  -38.749  57.552 0.0000000000
8909  -7.982  -40.799  61.588 0.0000000000
8910  -9.204  -39.935  59.708 0.0000000000
8911  -10.625  -39.153  57.935 0.0000000000
8912  -14.350  -39.679  58.174 0.0000000000
8913  -16.507  -41.866  57.964 0.0000000000
8914  -16.205  -44.867  57.053 0.0000000000
9685  -17.344  -26.734  40.413 0.0000000000
9686  -17.098  -25.280  38.318 0.0000000000
9687  -17.142  -30.049  37.227 0.0000000000
9702  -14.068  -46.769  51.049 0.0000000000
10387  -17.091  -44.362  54.212 0.0000000000
10388  -17.255  -44.510  53.008 0.0000000000
10389  -16.611  -45.476  53.489 0.0000000000
10885  -12.111  -38.115  41.123 0.0000000000
10886  -12.593  -37.090  40.380 0.0000000000
11482  -15.760  -35.504  49.352 0.0000000000
11483  -16.429  -35.459  48.218 0.0000000000
11484  -16.687  -36.566  48.765 0.0000000000
11485  -16.665  -43.672  45.825 0.0000000000
11486  -17.373  -42.675  45.215 0.0000000000
11487  -16.300  -43.170  44.846 0.0000000000
11488  -15.903  -42.474  43.973 0.0000000000
11489  -15.082  -43.255  44.724 0.0000000000
12312  -7.961  -36.940  55.387 0.0000000000
12313  -9.070  -36.467  54.928 0.0000000000
12314  -9.756  -37.308  55.518 0.0000000000
12315  -11.498  -37.843  55.496 0.0000000000
12316  -10.492  -38.077  56.168 0.0000000000
12328  -4.367  -41.484  65.301 0.0000000000
12329  -3.625  -40.223  65.742 0.0000000000
12330  -3.937  -40.030  64.468 0.0000000000
12331  -3.884  -38.305  63.906 0.0000000000
12332  -4.310  -39.828  63.225 0.0000000000
12333  -4.625  -39.536  62.116 0.0000000000
12334  -4.917  -40.830  62.775 0.0000000000
12336  -14.772  -40.936  62.923 0.0000000000
12975  -18.623  -33.547  40.836 0.0000000000
12976  -18.408  -31.947  40.375 0.0000000000
12977  -18.434  -32.937  39.645 0.0000000000
13882  -17.139  -39.937  51.843 0.0000000000
13883  -17.497  -39.982  50.714 0.0000000000
13884  -17.722  -41.111  51.362 0.0000000000
13885  -17.359  -44.644  50.562 0.0000000000
13886  -17.822  -43.622  50.031 0.0000000000
13887  -17.236  -44.604  49.338 0.0000000000
13888  -17.128  -44.379  48.161 0.0000000000
13889  -16.328  -45.215  48.703 0.0000000000
14712  -6.393  -32.930  57.537 0.0000000000
14713  -6.012  -32.924  56.422 0.0000000000
14714  -5.769  -34.172  56.617 0.0000000000
14715  -5.450  -35.364  55.870 0.0000000000
14716  -5.554  -35.403  56.889 0.0000000000
14730  -7.373  -42.591  68.808 0.0000000000
14731  -6.228  -42.676  67.669 0.0000000000
14732  -7.550  -42.519  67.365 0.0000000000
14733  -7.929  -42.108  66.198 0.0000000000
14734  -9.114  -41.970  67.145 0.0000000000
14736  -12.770  -40.740  66.867 0.0000000000
15375  -16.714  -36.736  39.208 0.0000000000
15376  -16.858  -35.385  38.511 0.0000000000
15377  -15.883  -35.958  38.678 0.0000000000
15379  -13.992  -34.315  38.420 0.0000000000
17170  -17.553  -35.123  45.785 0.0000000000
17171  -17.377  -33.838  45.338 0.0000000000
17172  -18.020  -34.770  44.534 0.0000000000
17173  -18.377  -34.456  43.346 0.0000000000
17174  -18.540  -35.841  43.902 0.0000000000
17175  -18.182  -39.929  48.283 0.0000000000
17176  -18.066  -38.656  47.675 0.0000000000
17177  -18.432  -39.757  47.012 0.0000000000
17178  -18.369  -40.290  43.856 0.0000000000
17179  -18.711  -39.363  44.483 0.0000000000
17180  -18.694  -38.995  43.170 0.0000000000
17181  -18.779  -37.712  42.546 0.0000000000
17182  -18.416  -38.652  41.987 0.0000000000
17183  -18.046  -38.034  40.869 0.0000000000
17184  -17.721  -39.357  41.612 0.0000000000
17185  -14.950  -41.081  42.504 0.0000000000
17186  -15.596  -40.173  41.572 0.0000000000
17187  -14.296  -40.367  41.991 0.0000000000
17188  -13.632  -39.561  41.546 0.0000000000
17189  -12.976  -40.375  42.516 0.0000000000
19649  -11.410  -32.206  50.341 0.0000000000
19650  -13.195  -32.999  50.292 0.0000000000
19651  -12.023  -33.123  51.065 0.0000000000
19654  -6.747  -33.643  52.871 0.0000000000
19655  -11.144  -35.595  53.757 0.0000000000
19656  -10.395  -34.615  53.138 0.0000000000
19657  -12.143  -35.299  53.080 0.0000000000
19658  -13.157  -35.202  52.260 0.0000000000
19659  -13.636  -36.369  52.676 0.0000000000
19660  -14.954  -37.514  52.322 0.0000000000
19661  -14.174  -37.463  53.183 0.0000000000
19662  -14.648  -39.076  55.365 0.0000000000
19663  -15.408  -39.200  54.543 0.0000000000
19664  -16.000  -40.050  55.329 0.0000000000
19665  -16.942  -41.357  55.158 0.0000000000
19666  -16.536  -40.946  56.082 0.0000000000
19708  -4.007  -34.699  63.112 0.0000000000
19709  -3.897  -33.027  63.976 0.0000000000
19710  -4.410  -33.046  62.886 0.0000000000
19712  -4.972  -32.966  61.900 0.0000000000
19713  -5.549  -32.958  60.955 0.0000000000
19714  -5.229  -34.568  61.156 0.0000000000
19715  -5.118  -38.811  59.901 0.0000000000
19716  -5.270  -37.383  59.480 0.0000000000
19717  -5.288  -38.434  58.768 0.0000000000
19718  -5.582  -38.113  57.708 0.0000000000
19719  -6.264  -39.155  58.424 0.0000000000
19720  -8.728  -41.319  63.874 0.0000000000
19721  -7.451  -41.212  62.589 0.0000000000
19722  -9.286  -40.925  62.800 0.0000000000
19723  -12.608  -40.063  61.059 0.0000000000
19724  -10.556  -40.221  60.818 0.0000000000
19725  -11.206  -39.889  59.904 0.0000000000
19726  -9.894  -39.540  58.804 0.0000000000
19727  -11.913  -39.606  58.969 0.0000000000
19728  -12.559  -39.360  58.060 0.0000000000
19729  -13.745  -39.759  59.157 0.0000000000
19731  -16.212  -41.666  59.032 0.0000000000
19732  -16.435  -43.168  58.640 0.0000000000
19733  -16.643  -43.433  57.570 0.0000000000
21648  -17.906  -28.991  39.542 0.0000000000
21649  -17.599  -28.179  40.454 0.0000000000
21650  -17.607  -27.496  39.398 0.0000000000
21651  -17.347  -25.990  39.335 0.0000000000
21652  -17.389  -26.759  38.367 0.0000000000
21653  -16.724  -32.499  37.477 0.0000000000
21654  -17.359  -31.681  37.650 0.0000000000
21691  -14.201  -47.088  52.137 0.0000000000
23305  -17.615  -42.128  53.131 0.0000000000
23306  -17.829  -42.263  51.945 0.0000000000
23307  -17.681  -43.420  52.504 0.0000000000
23308  -17.341  -44.601  51.790 0.0000000000
23309  -16.659  -45.571  51.095 0.0000000000
23806  -6.450  -32.832  58.711 0.0000000000
23817  -10.296  -41.416  68.085 0.0000000000
24201  -14.508  -37.571  39.921 0.0000000000
24202  -14.818  -36.358  39.132 0.0000000000
24203  -13.704  -36.772  39.757 0.0000000000
24204  -12.820  -36.034  39.771 0.0000000000
25276  -15.282  -33.260  48.404 0.0000000000
25277  -16.037  -33.128  47.242 0.0000000000
25278  -16.231  -34.269  47.759 0.0000000000
25279  -17.020  -35.282  47.035 0.0000000000
25280  -17.730  -36.323  46.374 0.0000000000
25281  -18.173  -42.158  47.012 0.0000000000
25282  -18.449  -40.895  46.411 0.0000000000
25283  -18.095  -41.858  45.734 0.0000000000
25284  -17.930  -41.511  44.549 0.0000000000
25285  -17.655  -41.039  43.403 0.0000000000
25286  -17.254  -40.523  42.373 0.0000000000
25287  -16.635  -41.553  43.168 0.0000000000
25288  -15.464  -41.794  43.181 0.0000000000
25289  -14.242  -41.808  43.392 0.0000000000
26768  -6.535  -35.023  54.126 0.0000000000
26769  -7.458  -34.651  53.502 0.0000000000
26770  -8.240  -35.541  54.214 0.0000000000
26771  -10.137  -35.980  54.374 0.0000000000
26772  -11.822  -36.641  54.222 0.0000000000
26773  -13.343  -37.490  53.995 0.0000000000
26774  -12.412  -37.591  54.761 0.0000000000
26775  -13.106  -38.387  55.404 0.0000000000
26776  -14.000  -39.091  56.211 0.0000000000
26796  -4.070  -41.668  67.959 0.0000000000
26798  -3.518  -40.334  66.883 0.0000000000
26799  -3.283  -38.540  66.195 0.0000000000
26800  -3.175  -36.674  65.700 0.0000000000
26801  -3.232  -34.828  65.295 0.0000000000
26802  -3.413  -36.514  64.535 0.0000000000
26803  -3.858  -36.389  63.451 0.0000000000
26804  -4.387  -36.370  62.397 0.0000000000
26805  -4.927  -36.209  61.420 0.0000000000
26806  -4.699  -37.917  61.706 0.0000000000
26807  -4.864  -39.198  60.979 0.0000000000
26808  -5.443  -40.016  60.510 0.0000000000
26809  -12.542  -40.561  63.907 0.0000000000
26810  -11.339  -40.554  62.943 0.0000000000
26811  -13.098  -40.426  63.001 0.0000000000
26812  -13.720  -40.307  62.036 0.0000000000
26813  -14.373  -40.293  61.129 0.0000000000
26814  -14.838  -40.316  60.167 0.0000000000
26815  -15.590  -41.294  61.020 0.0000000000
27963  -17.966  -31.693  42.397 0.0000000000
27964  -17.680  -30.318  41.943 0.0000000000
27965  -18.148  -31.089  41.127 0.0000000000
27966  -18.176  -30.478  39.898 0.0000000000
27967  -17.983  -29.802  38.775 0.0000000000
29419  -16.400  -37.759  50.528 0.0000000000
29420  -16.967  -37.685  49.390 0.0000000000
29421  -17.230  -38.801  50.057 0.0000000000
29422  -17.861  -39.984  49.490 0.0000000000
29423  -18.203  -41.184  48.896 0.0000000000
29424  -17.974  -42.356  50.737 0.0000000000
29425  -18.097  -42.402  49.524 0.0000000000
29426  -18.159  -42.320  48.225 0.0000000000
29427  -17.685  -43.361  47.564 0.0000000000
29428  -16.950  -44.080  46.964 0.0000000000
29429  -15.778  -44.415  46.534 0.0000000000
30580  -5.414  -32.858  54.321 0.0000000000
30582  -5.510  -32.922  55.312 0.0000000000
30583  -5.510  -34.102  54.586 0.0000000000
30584  -5.757  -35.328  54.909 0.0000000000
30585  -6.165  -36.388  55.348 0.0000000000
30586  -6.887  -37.319  55.928 0.0000000000
30606  -4.949  -42.451  67.823 0.0000000000
30607  -5.104  -42.353  66.410 0.0000000000
30608  -5.394  -42.029  65.025 0.0000000000
30609  -5.690  -41.644  63.773 0.0000000000
30610  -6.685  -42.072  64.964 0.0000000000
30611  -8.241  -41.741  65.015 0.0000000000
30612  -10.064  -41.232  64.932 0.0000000000
30613  -10.851  -41.209  66.976 0.0000000000
30614  -11.371  -41.001  65.936 0.0000000000
30615  -11.952  -40.756  64.906 0.0000000000
30616  -13.924  -40.798  64.915 0.0000000000
31509  -18.228  -35.348  39.593 0.0000000000
31510  -18.151  -33.856  39.046 0.0000000000
31511  -17.621  -34.667  38.648 0.0000000000
31512  -16.819  -33.972  37.937 0.0000000000
31513  -15.874  -33.235  37.520 0.0000000000
31514  -14.930  -35.101  38.409 0.0000000000
31515  -14.962  -33.815  37.813 0.0000000000
33846  -16.693  -32.917  46.036 0.0000000000
33847  -17.183  -32.615  44.873 0.0000000000
33848  -17.622  -32.139  43.611 0.0000000000
33849  -18.197  -33.076  42.830 0.0000000000
33850  -18.578  -34.020  42.063 0.0000000000
33851  -18.760  -34.986  41.366 0.0000000000
33852  -17.475  -37.605  48.230 0.0000000000
33853  -17.911  -37.445  47.011 0.0000000000
33854  -18.334  -37.372  45.775 0.0000000000
33855  -18.619  -39.602  45.764 0.0000000000
33856  -18.678  -38.344  45.092 0.0000000000
33857  -18.617  -37.109  44.488 0.0000000000
33858  -18.809  -36.769  43.210 0.0000000000
33859  -18.802  -36.360  41.944 0.0000000000
33860  -18.649  -35.885  40.715 0.0000000000
33861  -18.225  -36.730  40.223 0.0000000000
33862  -17.442  -37.444  39.921 0.0000000000
33863  -16.469  -37.973  39.938 0.0000000000
33864  -16.743  -39.871  41.443 0.0000000000
33865  -16.059  -39.138  40.710 0.0000000000
33866  -15.319  -38.351  40.187 0.0000000000
33867  -14.158  -38.598  40.658 0.0000000000
33868  -12.862  -38.797  41.297 0.0000000000
35512  -15.760  -46.108  55.100 0.0000000000
35513  -15.627  -46.394  53.957 0.0000000000
35514  -14.594  -47.048  54.448 0.0000000000
36887  -14.281  -33.098  49.420 0.0000000000
36888  -14.655  -34.213  49.907 0.0000000000
36889  -14.964  -35.368  50.346 0.0000000000
36892  -8.960  -32.769  51.584 0.0000000000
36893  -8.515  -34.142  52.917 0.0000000000
36894  -9.651  -33.681  52.348 0.0000000000
36895  -10.920  -33.344  51.722 0.0000000000
36896  -12.583  -34.050  51.770 0.0000000000
36897  -14.112  -35.237  51.339 0.0000000000
36898  -15.370  -36.533  50.838 0.0000000000
36899  -15.694  -37.657  51.466 0.0000000000
36900  -16.157  -38.685  52.111 0.0000000000
36901  -16.629  -39.678  52.768 0.0000000000
36902  -14.783  -38.375  53.766 0.0000000000
36903  -16.022  -39.395  53.702 0.0000000000
36904  -17.045  -40.693  53.489 0.0000000000
36905  -17.306  -41.766  54.153 0.0000000000
36906  -17.294  -42.842  54.769 0.0000000000
36907  -17.026  -43.910  55.314 0.0000000000
36963  -6.106  -32.906  59.889 0.0000000000
36964  -6.133  -34.361  58.976 0.0000000000
36965  -5.434  -36.087  60.402 0.0000000000
36966  -5.702  -35.919  59.238 0.0000000000
36967  -5.724  -35.665  58.023 0.0000000000
36968  -5.413  -36.766  57.257 0.0000000000
36969  -6.131  -37.721  56.771 0.0000000000
36970  -7.754  -38.285  56.817 0.0000000000
36971  -5.979  -41.226  62.556 0.0000000000
36972  -6.306  -40.858  61.472 0.0000000000
36973  -6.754  -40.390  60.418 0.0000000000
36974  -9.965  -40.548  61.804 0.0000000000
36975  -8.510  -40.389  60.649 0.0000000000
36976  -7.254  -39.934  59.452 0.0000000000
36977  -7.965  -39.491  58.567 0.0000000000
36978  -8.727  -39.040  57.731 0.0000000000
36979  -9.569  -38.562  56.970 0.0000000000
36980  -11.446  -38.831  57.049 0.0000000000
36981  -13.250  -39.160  57.132 0.0000000000
36982  -14.908  -39.690  57.216 0.0000000000
36983  -15.302  -40.422  59.215 0.0000000000
36984  -15.789  -40.552  58.197 0.0000000000
36985  -16.170  -40.762  57.159 0.0000000000
36986  -16.820  -42.224  56.918 0.0000000000
36987  -16.849  -43.670  56.478 0.0000000000
36988  -16.363  -45.089  55.860 0.0000000000
36989  -15.601  -45.965  56.365 0.0000000000
39295  -17.121  -24.499  39.438 0.0000000000
39297  -18.022  -32.274  38.553 0.0000000000
39298  -17.809  -30.660  38.082 0.0000000000
39299  -17.543  -29.206  37.734 0.0000000000
39302  -17.172  -27.599  37.463 0.0000000000
39342  -15.590  -46.514  52.741 0.0000000000
39343  -15.583  -46.437  51.630 0.0000000000
39344  -15.401  -46.226  50.476 0.0000000000
39346  -13.860  -46.415  50.015 0.0000000000
39347  -15.171  -45.943  49.362 0.0000000000
39348  -14.923  -45.512  48.286 0.0000000000
39349  -14.565  -45.013  47.324 0.0000000000
39350  -14.294  -44.479  46.435 0.0000000000
41107  -16.812  -44.837  54.456 0.0000000000
41108  -16.890  -44.945  53.868 0.0000000000
41109  -16.547  -45.379  54.071 0.0000000000
41606  -11.692  -37.763  41.075 0.0000000000
42202  -15.918  -36.069  49.610 0.0000000000
42203  -16.229  -36.020  49.035 0.0000000000
42204  -16.381  -36.575  49.312 0.0000000000
42205  -16.065  -43.829  45.662 0.0000000000
42206  -16.485  -43.428  45.315 0.0000000000
42207  -15.873  -43.561  45.210 0.0000000000
42208  -15.697  -43.227  44.766 0.0000000000
42209  -15.260  -43.565  45.144 0.0000000000
43032  -8.353  -37.358  55.733 0.0000000000
43033  -8.906  -37.147  55.487 0.0000000000
43034  -9.263  -37.532  55.834 0.0000000000
43035  -10.110  -37.726  55.871 0.0000000000
43036  -9.602  -37.895  56.216 0.0000000000
43048  -4.515  -41.344  64.655 0.0000000000
43049  -4.148  -40.855  64.813 0.0000000000
43050  -4.294  -40.709  64.213 0.0000000000
43051  -4.125  -39.941  63.859 0.0000000000
43052  -4.434  -40.605  63.573 0.0000000000
43053  -4.589  -40.420  62.968 0.0000000000
43054  -4.823  -41.003  63.359 0.0000000000
43695  -18.646  -34.033  40.501 0.0000000000
43696  -18.551  -33.243  40.229 0.0000000000
43697  -18.525  -33.717  39.913 0.0000000000
44602  -17.303  -40.504  52.177 0.0000000000
44603  -17.459  -40.496  51.606 0.0000000000
44604  -17.599  -41.074  51.934 0.0000000000
44605  -16.978  -45.120  50.221 0.0000000000
44606  -17.283  -44.667  49.956 0.0000000000
44607  -16.904  -45.067  49.616 0.0000000000
44608  -16.861  -44.947  48.986 0.0000000000
44609  -16.469  -45.393  49.297 0.0000000000
45432  -6.288  -33.551  57.644 0.0000000000
45433  -6.113  -33.565  57.075 0.0000000000
45434  -5.966  -34.194  57.170 0.0000000000
45435  -5.676  -34.783  56.780 0.0000000000
45436  -5.852  -34.824  57.322 0.0000000000
45449  -7.889  -42.425  69.377 0.0000000000
45450  -8.015  -42.417  68.633 0.0000000000
45451  -7.480  -42.573  68.087 0.0000000000
45452  -8.147  -42.381  67.915 0.0000000000
45453  -8.310  -42.295  67.309 0.0000000000
45454  -8.898  -42.102  67.730 0.0000000000
46095  -16.243  -37.008  39.305 0.0000000000
46096  -16.318  -36.341  38.917 0.0000000000
46097  -15.846  -36.609  39.069 0.0000000000
47890  -17.863  -35.597  45.454 0.0000000000
47891  -17.794  -34.953  45.169 0.0000000000
47892  -18.088  -35.426  44.836 0.0000000000
47893  -18.303  -35.288  44.233 0.0000000000
47894  -18.375  -35.964  44.528 0.0000000000
47895  -18.322  -40.491  47.992 0.0000000000
47896  -18.327  -39.862  47.629 0.0000000000
47897  -18.410  -40.424  47.322 0.0000000000
47898  -18.272  -40.077  43.235 0.0000000000
47899  -18.563  -39.648  43.506 0.0000000000
47900  -18.440  -39.441  42.882 0.0000000000
47901  -18.555  -38.830  42.552 0.0000000000
47902  -18.292  -39.252  42.301 0.0000000000
47903  -18.112  -39.042  41.772 0.0000000000
47904  -17.948  -39.642  42.110 0.0000000000
47905  -14.282  -41.128  42.734 0.0000000000
47906  -14.599  -40.732  42.249 0.0000000000
47907  -13.958  -40.759  42.498 0.0000000000
47908  -13.641  -40.375  42.251 0.0000000000
47909  -13.293  -40.747  42.745 0.0000000000
50369  -10.803  -32.308  50.680 0.0000000000
50370  -11.692  -32.664  50.700 0.0000000000
50371  -11.141  -32.774  51.005 0.0000000000
50372  -5.765  -33.380  53.490 0.0000000000
50373  -6.095  -33.241  53.025 0.0000000000
50374  -6.322  -33.842  53.276 0.0000000000
50375  -11.972  -36.008  53.676 0.0000000000
50376  -11.656  -35.457  53.441 0.0000000000
50377  -12.437  -35.875  53.324 0.0000000000
50378  -12.904  -35.788  52.902 0.0000000000
50379  -13.181  -36.409  53.105 0.0000000000
50380  -13.902  -36.942  52.918 0.0000000000
50381  -13.483  -36.963  53.326 0.0000000000
50382  -15.038  -39.419  55.743 0.0000000000
50383  -15.352  -39.485  55.332 0.0000000000
50384  -15.718  -39.908  55.753 0.0000000000
50385  -16.281  -40.487  55.718 0.0000000000
50386  -16.037  -40.325  56.177 0.0000000000
50428  -4.286  -34.673  62.612 0.0000000000
50429  -4.175  -33.788  63.047 0.0000000000
50430  -4.466  -33.790  62.545 0.0000000000
50431  -4.689  -32.992  62.411 0.0000000000
50432  -4.781  -33.811  62.030 0.0000000000
50433  -5.093  -33.776  61.517 0.0000000000
50434  -4.887  -34.640  61.643 0.0000000000
50435  -5.348  -39.244  59.617 0.0000000000
50436  -5.168  -38.626  59.335 0.0000000000
50437  -5.498  -39.040  59.084 0.0000000000
50438  -5.647  -38.853  58.538 0.0000000000
50439  -6.032  -39.372  58.921 0.0000000000
50440  -9.699  -41.100  63.902 0.0000000000
50441  -8.981  -41.127  63.327 0.0000000000
50442  -10.005  -40.905  63.391 0.0000000000
50443  -12.928  -39.963  60.583 0.0000000000
50444  -11.967  -40.000  60.468 0.0000000000
50445  -12.249  -39.871  60.009 0.0000000000
50446  -11.534  -39.742  59.447 0.0000000000
50447  -12.477  -39.764  59.558 0.0000000000
50448  -12.846  -39.661  59.079 0.0000000000
50449  -13.483  -39.801  59.642 0.0000000000
50451  -16.363  -43.052  59.201 0.0000000000
50453  -16.299  -43.986  58.383 0.0000000000
52368  -17.831  -28.620  39.001 0.0000000000
52369  -17.742  -28.233  39.467 0.0000000000
52370  -17.679  -27.905  38.892 0.0000000000
52371  -17.531  -27.144  38.861 0.0000000000
52372  -17.534  -27.534  38.380 0.0000000000
52373  -16.270  -32.130  37.238 0.0000000000
52374  -16.650  -31.711  37.250 0.0000000000
54202  -17.617  -42.702  53.408 0.0000000000
54203  -17.693  -42.763  52.836 0.0000000000
54204  -17.597  -43.354  53.099 0.0000000000
54205  -17.029  -45.077  52.615 0.0000000000
54206  -17.330  -44.579  52.387 0.0000000000
54207  -17.034  -45.110  52.023 0.0000000000
54208  -17.051  -45.127  51.448 0.0000000000
54209  -16.671  -45.584  51.662 0.0000000000
55036  -6.425  -32.121  59.213 0.0000000000
55695  -13.941  -37.716  40.199 0.0000000000
55696  -14.076  -37.159  39.831 0.0000000000
55697  -13.534  -37.340  40.146 0.0000000000
55698  -12.116  -36.740  40.382 0.0000000000
55699  -12.715  -36.596  40.070 0.0000000000
55700  -12.315  -36.190  40.061 0.0000000000
57487  -15.377  -33.811  48.693 0.0000000000
57488  -15.769  -33.759  48.080 0.0000000000
57489  -15.861  -34.323  48.346 0.0000000000
57490  -16.820  -35.950  47.897 0.0000000000
57491  -16.719  -35.366  47.621 0.0000000000
57492  -17.102  -35.866  47.305 0.0000000000
57493  -17.389  -35.798  46.711 0.0000000000
57494  -17.487  -36.406  46.995 0.0000000000
57495  -17.920  -42.610  46.694 0.0000000000
57496  -18.141  -42.000  46.368 0.0000000000
57497  -17.866  -42.448  46.071 0.0000000000
57498  -17.216  -42.447  44.674 0.0000000000
57499  -17.669  -42.123  44.889 0.0000000000
57500  -17.509  -41.889  44.331 0.0000000000
57501  -17.783  -41.303  43.981 0.0000000000
57502  -17.338  -41.668  43.804 0.0000000000
57503  -17.171  -41.332  43.249 0.0000000000
57504  -16.834  -41.857  43.631 0.0000000000
57505  -15.310  -42.556  43.990 0.0000000000
57506  -15.702  -42.139  43.555 0.0000000000
57507  -15.084  -42.174  43.618 0.0000000000
57508  -14.878  -41.821  43.267 0.0000000000
57509  -14.465  -42.170  43.708 0.0000000000
59972  -6.843  -35.529  54.419 0.0000000000
59973  -7.321  -35.318  54.103 0.0000000000
59974  -7.713  -35.798  54.448 0.0000000000
59975  -9.968  -36.642  54.953 0.0000000000
59976  -9.610  -36.229  54.657 0.0000000000
59977  -10.516  -36.452  54.658 0.0000000000
59978  -11.017  -36.245  54.337 0.0000000000
59979  -11.345  -36.778  54.557 0.0000000000
59980  -12.112  -37.129  54.475 0.0000000000
59981  -11.627  -37.243  54.824 0.0000000000
59982  -11.881  -38.200  55.803 0.0000000000
59983  -12.308  -38.100  55.445 0.0000000000
59984  -12.707  -38.456  55.788 0.0000000000
59985  -13.492  -38.733  55.776 0.0000000000
59986  -13.123  -38.786  56.178 0.0000000000
60018  -4.064  -41.683  67.303 0.0000000000
60019  -3.753  -41.088  67.360 0.0000000000
60020  -3.750  -41.085  66.759 0.0000000000
60021  -3.541  -39.357  65.339 0.0000000000
60022  -3.430  -39.392  65.972 0.0000000000
60023  -3.349  -38.504  65.630 0.0000000000
60024  -3.211  -37.637  65.924 0.0000000000
60025  -3.288  -37.574  65.358 0.0000000000
60026  -3.277  -36.640  65.113 0.0000000000
60027  -3.441  -37.476  64.785 0.0000000000
60028  -4.108  -38.262  63.336 0.0000000000
60029  -3.867  -37.377  63.644 0.0000000000
60030  -4.090  -37.292  63.115 0.0000000000
60031  -4.121  -36.360  62.917 0.0000000000
60032  -4.331  -37.202  62.607 0.0000000000
60033  -4.571  -37.146  62.078 0.0000000000
60034  -4.506  -38.000  62.254 0.0000000000
60035  -4.842  -40.087  61.792 0.0000000000
60036  -4.763  -39.428  61.510 0.0000000000
60037  -4.952  -39.874  61.256 0.0000000000
60038  -5.047  -39.661  60.726 0.0000000000
60039  -5.312  -40.229  61.048 0.0000000000
60040  -13.493  -40.623  63.931 0.0000000000
60041  -12.798  -40.518  63.474 0.0000000000
60042  -13.760  -40.608  63.453 0.0000000000
60043  -14.944  -40.955  62.471 0.0000000000
60044  -14.215  -40.538  62.491 0.0000000000
60045  -14.462  -40.561  61.996 0.0000000000
60046  -14.086  -40.292  61.604 0.0000000000
60047  -14.828  -40.633  61.571 0.0000000000
60048  -15.099  -40.723  61.109 0.0000000000
60049  -15.365  -41.212  61.502 0.0000000000
61965  -18.191  -32.115  42.001 0.0000000000
61966  -18.082  -31.409  41.762 0.0000000000
61967  -18.264  -31.822  41.365 0.0000000000
61968  -18.336  -31.643  39.726 0.0000000000
61969  -18.298  -31.211  40.087 0.0000000000
61970  -18.234  -30.895  39.500 0.0000000000
61971  -18.114  -30.112  39.337 0.0000000000
61972  -18.110  -30.560  38.964 0.0000000000
64687  -16.573  -38.297  50.837 0.0000000000
64688  -16.839  -38.254  50.312 0.0000000000
64689  -16.995  -38.824  50.614 0.0000000000
64690  -17.767  -40.544  50.462 0.0000000000
64691  -17.688  -39.979  50.096 0.0000000000
64692  -17.933  -40.580  49.826 0.0000000000
64693  -18.063  -40.577  49.223 0.0000000000
64694  -18.085  -41.180  49.527 0.0000000000
64695  -17.871  -42.914  51.641 0.0000000000
64696  -17.929  -42.339  51.356 0.0000000000
64697  -17.917  -42.958  51.027 0.0000000000
64698  -17.795  -43.583  49.401 0.0000000000
64699  -17.983  -43.023  49.783 0.0000000000
64700  -18.004  -42.975  49.146 0.0000000000
64701  -18.145  -42.369  48.872 0.0000000000
64702  -17.987  -42.934  48.502 0.0000000000
64703  -17.989  -42.880  47.876 0.0000000000
64704  -17.735  -43.460  48.153 0.0000000000
64705  -16.621  -44.674  47.857 0.0000000000
64706  -17.015  -44.240  47.561 0.0000000000
64707  -16.487  -44.518  47.268 0.0000000000
64708  -16.379  -44.289  46.689 0.0000000000
64709  -15.935  -44.641  47.041 0.0000000000
67175  -5.688  -33.535  55.991 0.0000000000
67176  -5.749  -32.904  55.871 0.0000000000
67177  -5.483  -33.507  55.480 0.0000000000
67178  -5.405  -33.492  54.958 0.0000000000
67179  -5.441  -34.133  55.076 0.0000000000
67180  -5.605  -34.720  54.748 0.0000000000
67181  -5.464  -34.782  55.224 0.0000000000
67182  -5.484  -35.944  56.022 0.0000000000
67183  -5.672  -35.916  55.563 0.0000000000
67184  -5.829  -36.451  55.739 0.0000000000
67185  -6.486  -36.862  55.615 0.0000000000
67186  -6.119  -36.955  55.956 0.0000000000
67225  -5.437  -42.505  69.191 0.0000000000
67226  -4.916  -42.383  68.566 0.0000000000
67227  -5.484  -42.628  68.467 0.0000000000
67228  -6.322  -42.568  66.964 0.0000000000
67229  -5.654  -42.545  67.006 0.0000000000
67230  -5.758  -42.420  66.289 0.0000000000
67231  -5.266  -42.209  65.714 0.0000000000
67232  -5.913  -42.277  65.593 0.0000000000
67233  -6.040  -42.092  64.979 0.0000000000
67234  -6.577  -42.238  65.608 0.0000000000
67235  -8.703  -41.906  66.031 0.0000000000
67236  -8.081  -41.903  65.582 0.0000000000
67237  -8.953  -41.694  65.495 0.0000000000
67238  -9.161  -41.497  64.974 0.0000000000
67239  -9.804  -41.441  65.459 0.0000000000
67240  -11.188  -41.037  67.976 0.0000000000
67241  -10.585  -41.319  67.513 0.0000000000
67242  -11.491  -40.957  67.437 0.0000000000
67243  -13.131  -40.731  66.387 0.0000000000
67244  -12.123  -40.823  66.401 0.0000000000
67245  -12.328  -40.729  65.894 0.0000000000
67246  -11.592  -40.861  65.427 0.0000000000
67247  -12.656  -40.731  65.394 0.0000000000
67248  -12.967  -40.689  64.905 0.0000000000
67249  -13.624  -40.791  65.364 0.0000000000
69165  -17.950  -35.730  39.383 0.0000000000
69166  -17.954  -35.022  39.080 0.0000000000
69167  -17.625  -35.408  38.941 0.0000000000
69168  -16.393  -35.020  38.223 0.0000000000
69169  -16.847  -34.692  38.206 0.0000000000
69170  -16.382  -34.335  37.923 0.0000000000
69171  -16.366  -33.615  37.684 0.0000000000
69172  -15.908  -33.936  37.758 0.0000000000
69173  -14.354  -35.948  39.059 0.0000000000
69174  -14.901  -35.754  38.759 0.0000000000
69175  -14.430  -35.326  38.708 0.0000000000
69177  -14.466  -34.089  38.098 0.0000000000
74550  -16.498  -33.581  46.884 0.0000000000
74551  -16.386  -32.988  46.662 0.0000000000
74552  -16.797  -33.500  46.285 0.0000000000
74553  -17.610  -33.671  44.732 0.0000000000
74554  -17.291  -33.226  45.116 0.0000000000
74555  -17.522  -33.023  44.478 0.0000000000
74556  -17.402  -32.359  44.246 0.0000000000
74557  -17.735  -32.813  43.874 0.0000000000
74558  -17.928  -32.602  43.240 0.0000000000
74559  -18.037  -33.289  43.518 0.0000000000
74560  -18.573  -34.939  43.005 0.0000000000
74561  -18.499  -34.251  42.693 0.0000000000
74562  -18.660  -34.735  42.330 0.0000000000
74563  -18.718  -34.529  41.700 0.0000000000
74564  -18.762  -35.201  41.986 0.0000000000
74565  -17.343  -38.216  49.150 0.0000000000
74566  -17.224  -37.648  48.819 0.0000000000
74567  -17.582  -38.191  48.564 0.0000000000
74568  -18.250  -38.567  47.037 0.0000000000
74569  -18.000  -38.053  47.364 0.0000000000
74570  -18.191  -37.966  46.718 0.0000000000
74571  -18.122  -37.405  46.392 0.0000000000
74572  -18.366  -37.933  46.103 0.0000000000
74573  -18.463  -40.752  45.792 0.0000000000
74574  -18.553  -40.253  46.073 0.0000000000
74575  -18.597  -40.099  45.428 0.0000000000
74576  -18.778  -38.730  44.144 0.0000000000
74577  -18.749  -38.876  44.784 0.0000000000
74578  -18.783  -38.233  44.439 0.0000000000
74579  -18.653  -37.746  44.805 0.0000000000
74580  -18.775  -37.566  44.116 0.0000000000
74581  -18.731  -36.931  43.842 0.0000000000
74582  -18.816  -37.430  43.516 0.0000000000
74583  -18.714  -37.586  41.944 0.0000000000
74584  -18.802  -37.040  42.244 0.0000000000
74585  -18.742  -36.862  41.651 0.0000000000
74586  -18.758  -36.166  41.342 0.0000000000
74587  -18.617  -36.609  41.034 0.0000000000
74588  -18.453  -36.313  40.438 0.0000000000
74589  -18.420  -37.031  40.771 0.0000000000
74590  -17.633  -38.383  40.741 0.0000000000
74591  -17.774  -37.728  40.372 0.0000000000
74592  -17.331  -38.062  40.287 0.0000000000
74593  -16.992  -37.725  39.877 0.0000000000
74594  -16.825  -38.347  40.253 0.0000000000
74595  -16.734  -40.775  42.311 0.0000000000
74596  -17.023  -40.247  41.905 0.0000000000
74597  -16.482  -40.445  41.886 0.0000000000
74598  -15.254  -39.798  41.241 0.0000000000
74599  -15.837  -39.677  41.137 0.0000000000
74600  -15.496  -39.276  40.817 0.0000000000
74601  -15.720  -38.725  40.409 0.0000000000
74602  -15.139  -38.888  40.573 0.0000000000
74603  -14.750  -38.487  40.406 0.0000000000
74604  -14.552  -39.007  40.800 0.0000000000
74605  -12.930  -39.618  41.876 0.0000000000
74606  -13.244  -39.179  41.404 0.0000000000
74607  -12.560  -39.267  41.745 0.0000000000
74608  -12.178  -38.916  41.653 0.0000000000
78592  -15.288  -46.509  55.352 0.0000000000
78593  -15.222  -46.621  54.777 0.0000000000
78594  -14.675  -46.975  55.006 0.0000000000
81984  -13.242  -32.048  49.261 0.0000000000
81985  -14.063  -32.555  49.142 0.0000000000
81986  -13.469  -32.511  49.569 0.0000000000
81987  -13.433  -33.543  50.595 0.0000000000
81988  -13.970  -33.579  50.131 0.0000000000
81989  -14.159  -34.124  50.391 0.0000000000
81990  -14.812  -34.768  50.140 0.0000000000
81991  -14.342  -34.680  50.633 0.0000000000
81999  -8.375  -32.962  51.902 0.0000000000
82000  -8.370  -34.859  53.599 0.0000000000
82001  -7.988  -34.396  53.199 0.0000000000
82002  -8.909  -34.582  53.306 0.0000000000
82003  -10.946  -34.428  52.842 0.0000000000
82004  -10.022  -34.131  52.748 0.0000000000
82005  -10.603  -33.934  52.445 0.0000000000
82006  -10.266  -33.497  52.035 0.0000000000
82007  -11.197  -33.768  52.127 0.0000000000
82008  -11.778  -33.666  51.817 0.0000000000
82009  -12.046  -34.140  52.155 0.0000000000
82010  -13.878  -35.822  52.024 0.0000000000
82011  -13.638  -35.199  51.817 0.0000000000
82012  -14.308  -35.830  51.563 0.0000000000
82013  -14.760  -35.879  51.067 0.0000000000
82014  -14.920  -36.472  51.336 0.0000000000
82015  -15.530  -37.098  51.143 0.0000000000
82016  -15.127  -37.059  51.604 0.0000000000
82017  -15.213  -37.985  52.629 0.0000000000
82018  -15.574  -38.069  52.204 0.0000000000
82019  -15.816  -38.545  52.517 0.0000000000
82020  -16.392  -39.189  52.427 0.0000000000
82021  -16.110  -39.066  52.834 0.0000000000
82022  -13.673  -37.955  54.277 0.0000000000
82023  -14.085  -37.933  53.880 0.0000000000
82024  -14.398  -38.359  54.206 0.0000000000
82025  -16.033  -39.749  54.506 0.0000000000
82026  -15.717  -39.288  54.128 0.0000000000
82027  -16.327  -39.882  54.072 0.0000000000
82028  -16.600  -40.037  53.628 0.0000000000
82029  -16.830  -40.543  53.971 0.0000000000
82030  -17.211  -41.245  53.832 0.0000000000
82031  -17.015  -41.051  54.308 0.0000000000
82032  -17.045  -41.889  55.511 0.0000000000
82033  -17.203  -42.091  54.998 0.0000000000
82034  -17.193  -42.616  55.319 0.0000000000
82035  -17.189  -43.385  55.062 0.0000000000
82036  -17.123  -43.148  55.601 0.0000000000
82158  -3.362  -34.782  64.713 0.0000000000
82159  -3.362  -33.961  65.177 0.0000000000
82160  -3.508  -33.914  64.595 0.0000000000
82161  -4.094  -32.193  63.907 0.0000000000
82175  -5.695  -33.694  60.550 0.0000000000
82176  -5.849  -32.924  60.432 0.0000000000
82177  -5.968  -33.666  60.041 0.0000000000
82178  -6.197  -33.686  59.439 0.0000000000
82179  -6.004  -34.398  59.612 0.0000000000
82180  -5.026  -36.982  61.027 0.0000000000
82181  -5.190  -36.121  60.930 0.0000000000
82182  -5.268  -36.853  60.481 0.0000000000
82183  -5.313  -37.207  58.915 0.0000000000
82184  -5.474  -36.649  59.347 0.0000000000
82185  -5.530  -36.518  58.759 0.0000000000
82186  -5.789  -35.789  58.640 0.0000000000
82187  -5.525  -36.361  58.147 0.0000000000
82188  -5.489  -36.245  57.607 0.0000000000
82189  -5.398  -36.923  57.799 0.0000000000
82190  -6.169  -38.486  57.549 0.0000000000
82191  -5.821  -37.913  57.214 0.0000000000
82192  -6.481  -38.282  57.130 0.0000000000
82193  -6.859  -38.091  56.734 0.0000000000
82194  -7.318  -38.575  57.183 0.0000000000
82195  -6.304  -41.684  63.703 0.0000000000
82196  -5.784  -41.431  63.162 0.0000000000
82197  -6.486  -41.474  63.135 0.0000000000
82198  -7.690  -41.023  62.083 0.0000000000
82199  -6.885  -41.100  62.028 0.0000000000
82200  -7.096  -40.861  61.509 0.0000000000
82201  -6.553  -40.613  60.942 0.0000000000
82202  -7.326  -40.637  61.001 0.0000000000
82203  -11.652  -40.438  62.508 0.0000000000
82204  -10.665  -40.574  62.395 0.0000000000
82205  -10.977  -40.418  61.911 0.0000000000
82206  -9.859  -40.118  60.246 0.0000000000
82207  -9.532  -40.313  60.733 0.0000000000
82208  -8.845  -40.156  60.157 0.0000000000
82209  -7.856  -40.180  60.036 0.0000000000
82210  -8.202  -39.951  59.586 0.0000000000
82211  -7.619  -39.705  58.997 0.0000000000
82212  -8.554  -39.735  59.138 0.0000000000
82213  -10.265  -39.363  58.359 0.0000000000
82214  -9.261  -39.321  58.253 0.0000000000
82215  -9.653  -39.102  57.837 0.0000000000
82216  -9.148  -38.800  57.342 0.0000000000
82217  -10.039  -38.865  57.419 0.0000000000
82218  -10.505  -38.689  57.000 0.0000000000
82219  -11.025  -38.993  57.500 0.0000000000
82220  -13.465  -39.462  58.117 0.0000000000
82221  -12.913  -39.213  57.610 0.0000000000
82222  -13.832  -39.405  57.635 0.0000000000
82223  -14.127  -39.391  57.176 0.0000000000
82224  -14.647  -39.690  57.682 0.0000000000
82225  -15.446  -40.769  60.130 0.0000000000
82226  -15.073  -40.352  59.694 0.0000000000
82227  -15.653  -40.891  59.645 0.0000000000
82228  -16.347  -41.759  58.490 0.0000000000
82229  -16.004  -41.047  58.611 0.0000000000
82230  -16.208  -41.150  58.095 0.0000000000
82231  -15.979  -40.650  57.657 0.0000000000
82232  -16.401  -41.306  57.549 0.0000000000
82233  -16.568  -41.449  57.036 0.0000000000
82234  -16.664  -42.033  57.430 0.0000000000
82235  -16.463  -44.180  57.308 0.0000000000
82236  -16.736  -43.560  57.011 0.0000000000
82237  -16.561  -44.287  56.721 0.0000000000
82238  -16.662  -44.400  56.161 0.0000000000
82239  -16.280  -44.985  56.441 0.0000000000
82240  -16.001  -45.527  56.089 0.0000000000
82241  -15.949  -45.421  56.707 0.0000000000
87983  -17.812  -30.003  41.323 0.0000000000
87985  -17.659  -29.310  41.181 0.0000000000
87986  -17.464  -27.473  40.423 0.0000000000
87992  -17.239  -25.979  40.397 0.0000000000
87993  -17.259  -25.641  38.840 0.0000000000
87994  -17.245  -25.237  39.380 0.0000000000
87995  -17.130  -24.915  38.854 0.0000000000
87996  -16.990  -24.200  38.879 0.0000000000
87997  -16.953  -24.563  38.329 0.0000000000
87998  -17.887  -33.558  38.575 0.0000000000
87999  -18.103  -33.080  38.793 0.0000000000
88000  -17.821  -32.767  38.336 0.0000000000
88001  -17.269  -30.868  37.429 0.0000000000
88002  -17.614  -31.163  37.834 0.0000000000
88003  -17.514  -30.362  37.620 0.0000000000
88004  -17.689  -29.902  37.881 0.0000000000
88005  -17.367  -29.597  37.445 0.0000000000
88014  -17.024  -26.803  37.440 0.0000000000
88110  -14.994  -46.850  53.615 0.0000000000
88111  -15.614  -46.476  53.357 0.0000000000
88112  -14.987  -46.851  53.014 0.0000000000
88113  -14.156  -46.918  51.589 0.0000000000
88114  -14.914  -46.786  51.865 0.0000000000
88115  -14.862  -46.666  51.329 0.0000000000
88116  -15.510  -46.341  51.049 0.0000000000
88117  -14.764  -46.551  50.770 0.0000000000
88124  -14.542  -46.208  49.699 0.0000000000
88125  -14.447  -45.998  49.181 0.0000000000
88126  -15.068  -45.740  48.816 0.0000000000
88127  -14.320  -45.754  48.652 0.0000000000
88131  -14.430  -44.741  46.858 0.0000000000
92425  -17.327  -43.868  53.951 0.0000000000
92426  -17.425  -43.920  53.367 0.0000000000
92427  -17.175  -44.473  53.608 0.0000000000
92428  -16.953  -45.022  53.257 0.0000000000
92429  -16.661  -45.517  52.884 0.0000000000
93321  -12.738  -37.951  40.793 0.0000000000
93322  -12.959  -37.464  40.431 0.0000000000
93323  -12.347  -37.600  40.705 0.0000000000
93324  -11.921  -37.253  40.712 0.0000000000
94396  -15.630  -34.963  49.115 0.0000000000
94397  -15.989  -34.934  48.540 0.0000000000
94398  -16.093  -35.474  48.781 0.0000000000
94399  -16.535  -36.015  48.500 0.0000000000
94400  -16.958  -36.522  48.192 0.0000000000
94401  -17.198  -43.414  46.087 0.0000000000
94402  -17.541  -42.872  45.794 0.0000000000
94403  -17.040  -43.192  45.524 0.0000000000
94404  -16.876  -42.972  45.001 0.0000000000
94405  -16.693  -42.689  44.489 0.0000000000
94406  -16.486  -42.353  44.011 0.0000000000
94407  -16.107  -42.826  44.408 0.0000000000
94408  -15.505  -42.891  44.373 0.0000000000
94409  -14.885  -42.904  44.369 0.0000000000
95888  -7.551  -36.476  55.050 0.0000000000
95889  -8.106  -36.259  54.820 0.0000000000
95890  -8.523  -36.705  55.165 0.0000000000
95891  -9.431  -36.864  55.234 0.0000000000
95892  -10.294  -37.091  55.218 0.0000000000
95893  -11.166  -37.409  55.165 0.0000000000
95894  -10.618  -37.550  55.515 0.0000000000
95895  -11.001  -37.943  55.822 0.0000000000
95896  -11.396  -38.279  56.146 0.0000000000
95916  -4.215  -41.599  65.953 0.0000000000
95917  -3.822  -41.043  66.135 0.0000000000
95918  -3.961  -40.947  65.479 0.0000000000
95919  -3.800  -40.156  65.070 0.0000000000
95920  -3.712  -39.292  64.737 0.0000000000
95921  -3.667  -38.396  64.472 0.0000000000
95922  -3.900  -39.219  64.160 0.0000000000
95923  -4.104  -39.114  63.596 0.0000000000
95924  -4.296  -39.042  63.021 0.0000000000
95925  -4.453  -38.891  62.451 0.0000000000
95926  -4.480  -39.690  62.694 0.0000000000
95927  -4.737  -40.264  62.386 0.0000000000
95928  -5.062  -40.632  62.174 0.0000000000
95930  -14.586  -40.882  63.417 0.0000000000
97083  -18.549  -33.082  41.181 0.0000000000
97084  -18.425  -32.297  40.942 0.0000000000
97085  -18.523  -32.769  40.560 0.0000000000
97086  -18.444  -32.433  39.981 0.0000000000
97087  -18.326  -32.116  39.351 0.0000000000
98716  -16.939  -39.366  51.482 0.0000000000
98717  -17.155  -39.396  50.955 0.0000000000
98718  -17.310  -39.947  51.285 0.0000000000
98719  -17.608  -40.512  51.059 0.0000000000
98720  -17.842  -41.116  50.817 0.0000000000
98721  -17.610  -44.100  50.936 0.0000000000
98722  -17.802  -43.572  50.668 0.0000000000
98723  -17.615  -44.140  50.270 0.0000000000
98724  -17.552  -44.155  49.675 0.0000000000
98725  -17.527  -44.087  49.063 0.0000000000
98726  -17.479  -43.992  48.452 0.0000000000
98727  -17.194  -44.487  48.733 0.0000000000
98728  -16.750  -44.810  48.430 0.0000000000
98729  -16.211  -45.047  48.143 0.0000000000
100210  -6.248  -32.952  56.969 0.0000000000
100211  -5.916  -33.553  56.532 0.0000000000
100212  -5.593  -34.157  56.096 0.0000000000
100213  -5.434  -34.787  55.714 0.0000000000
100214  -5.486  -34.750  56.225 0.0000000000
100215  -5.415  -35.362  56.369 0.0000000000
100216  -5.409  -35.965  56.491 0.0000000000
100240  -6.728  -42.691  69.004 0.0000000000
100241  -6.146  -42.724  68.385 0.0000000000
100242  -6.830  -42.690  68.283 0.0000000000
100243  -6.910  -42.659  67.574 0.0000000000
100244  -6.997  -42.512  66.888 0.0000000000
100245  -7.170  -42.289  66.278 0.0000000000
100246  -7.720  -42.345  66.765 0.0000000000
100247  -8.495  -42.111  66.656 0.0000000000
100248  -9.319  -41.818  66.540 0.0000000000
101403  -17.174  -36.447  39.196 0.0000000000
101404  -17.231  -35.758  38.858 0.0000000000
101405  -16.791  -36.047  38.823 0.0000000000
101406  -16.365  -35.682  38.556 0.0000000000
101407  -15.904  -35.290  38.321 0.0000000000
101408  -13.446  -35.154  39.101 0.0000000000
101409  -14.005  -34.918  38.691 0.0000000000
104634  -17.241  -34.596  46.141 0.0000000000
104635  -17.155  -33.988  45.909 0.0000000000
104636  -17.497  -34.486  45.535 0.0000000000
104637  -17.714  -34.311  44.927 0.0000000000
104638  -17.921  -34.141  44.336 0.0000000000
104639  -18.116  -33.963  43.720 0.0000000000
104640  -18.210  -34.613  43.963 0.0000000000
104641  -18.452  -35.113  43.621 0.0000000000
104642  -18.647  -35.639  43.283 0.0000000000
104643  -17.967  -39.342  48.572 0.0000000000
104644  -17.875  -38.738  48.294 0.0000000000
104645  -18.131  -39.291  47.965 0.0000000000
104646  -18.296  -39.165  47.333 0.0000000000
104647  -18.426  -39.100  46.721 0.0000000000
104648  -18.429  -40.507  44.487 0.0000000000
104649  -18.601  -39.993  44.802 0.0000000000
104650  -18.604  -39.843  44.167 0.0000000000
104651  -18.707  -39.195  43.834 0.0000000000
104652  -18.770  -38.560  43.488 0.0000000000
104653  -18.806  -37.919  43.168 0.0000000000
104654  -18.731  -38.386  42.855 0.0000000000
104655  -18.640  -38.223  42.239 0.0000000000
104656  -18.513  -38.019  41.678 0.0000000000
104657  -18.358  -37.726  41.101 0.0000000000
104658  -18.251  -38.401  41.444 0.0000000000
104659  -17.902  -38.720  41.230 0.0000000000
104660  -17.461  -39.020  41.119 0.0000000000
104661  -15.578  -41.021  42.367 0.0000000000
104662  -15.915  -40.563  41.923 0.0000000000
104663  -15.287  -40.655  42.026 0.0000000000
104664  -14.918  -40.287  41.748 0.0000000000
104665  -14.635  -39.901  41.481 0.0000000000
104666  -14.295  -39.506  41.260 0.0000000000
104667  -13.977  -39.960  41.751 0.0000000000
104668  -13.266  -39.968  42.041 0.0000000000
104669  -12.608  -40.023  42.331 0.0000000000
109095  -12.024  -32.108  50.004 0.0000000000
109096  -12.889  -32.497  49.954 0.0000000000
109097  -12.291  -32.577  50.337 0.0000000000
109098  -12.569  -33.047  50.703 0.0000000000
109099  -12.890  -33.525  51.018 0.0000000000
109104  -7.268  -33.411  52.532 0.0000000000
109105  -10.210  -35.294  53.764 0.0000000000
109106  -9.818  -34.807  53.417 0.0000000000
109107  -10.761  -35.108  53.474 0.0000000000
109108  -11.323  -34.927  53.153 0.0000000000
109109  -11.818  -34.748  52.809 0.0000000000
109110  -12.350  -34.663  52.432 0.0000000000
109111  -12.654  -35.228  52.672 0.0000000000
109112  -13.385  -35.781  52.463 0.0000000000
109113  -14.115  -36.438  52.238 0.0000000000
109114  -14.737  -37.029  52.041 0.0000000000
109115  -14.321  -36.977  52.477 0.0000000000
109116  -14.559  -37.476  52.746 0.0000000000
109117  -14.857  -37.936  53.053 0.0000000000
109118  -14.284  -38.719  55.005 0.0000000000
109119  -14.678  -38.734  54.606 0.0000000000
109120  -15.006  -39.120  54.950 0.0000000000
109121  -15.714  -39.624  54.926 0.0000000000
109122  -16.289  -40.192  54.898 0.0000000000
109123  -16.783  -40.846  54.801 0.0000000000
109124  -16.539  -40.664  55.259 0.0000000000
109125  -16.739  -41.157  55.628 0.0000000000
109126  -16.870  -41.657  55.994 0.0000000000
109200  -3.766  -34.735  63.573 0.0000000000
109201  -3.707  -33.910  64.033 0.0000000000
109202  -3.914  -33.881  63.525 0.0000000000
109203  -4.126  -33.025  63.435 0.0000000000
109204  -4.323  -32.200  63.357 0.0000000000
109206  -4.592  -32.195  62.855 0.0000000000
109207  -4.848  -32.157  62.340 0.0000000000
109208  -5.154  -32.189  61.821 0.0000000000
109209  -5.447  -32.202  61.313 0.0000000000
109210  -5.260  -32.978  61.431 0.0000000000
109211  -5.396  -33.745  61.033 0.0000000000
109212  -5.517  -34.535  60.669 0.0000000000
109213  -5.033  -38.278  60.220 0.0000000000
109214  -5.177  -37.545  60.047 0.0000000000
109215  -5.116  -38.126  59.638 0.0000000000
109216  -5.169  -37.931  59.088 0.0000000000
109217  -5.240  -37.770  58.541 0.0000000000
109218  -5.340  -37.616  58.013 0.0000000000
109219  -5.434  -38.279  58.221 0.0000000000
109220  -5.888  -38.699  58.028 0.0000000000
109221  -6.579  -38.961  57.957 0.0000000000
109222  -7.822  -41.506  63.803 0.0000000000
109223  -7.234  -41.427  63.157 0.0000000000
109224  -8.048  -41.302  63.233 0.0000000000
109225  -8.314  -41.098  62.683 0.0000000000
109226  -8.621  -40.898  62.185 0.0000000000
109227  -12.258  -40.166  61.537 0.0000000000
109228  -11.275  -40.268  61.408 0.0000000000
109229  -11.648  -40.125  60.944 0.0000000000
109230  -10.906  -40.053  60.360 0.0000000000
109231  -10.206  -39.917  59.818 0.0000000000
109232  -9.562  -39.732  59.244 0.0000000000
109233  -10.565  -39.750  59.368 0.0000000000
109234  -10.900  -39.576  58.908 0.0000000000
109235  -11.252  -39.437  58.444 0.0000000000
109236  -11.605  -39.257  58.003 0.0000000000
109237  -12.250  -39.483  58.525 0.0000000000
109238  -13.188  -39.561  58.597 0.0000000000
109239  -14.035  -39.689  58.664 0.0000000000
109240  -16.191  -42.158  59.890 0.0000000000
109241  -16.074  -41.541  59.530 0.0000000000
109242  -16.322  -42.292  59.361 0.0000000000
109243  -16.412  -42.392  58.843 0.0000000000
109244  -16.527  -42.520  58.306 0.0000000000
109245  -16.666  -42.639  57.786 0.0000000000
109246  -16.541  -43.294  58.090 0.0000000000
109247  -16.375  -44.086  57.846 0.0000000000
109248  -16.118  -44.784  57.598 0.0000000000
109249  -15.866  -45.339  57.288 0.0000000000
112694  -17.908  -29.335  40.137 0.0000000000
112695  -17.726  -28.952  40.582 0.0000000000
112696  -17.766  -28.589  40.011 0.0000000000
112697  -17.625  -27.835  39.949 0.0000000000
112698  -17.502  -27.096  39.892 0.0000000000
112699  -17.385  -26.292  39.901 0.0000000000
112700  -17.473  -26.740  39.353 0.0000000000
112701  -17.384  -26.393  38.825 0.0000000000
112702  -17.246  -26.011  38.352 0.0000000000
112703  -17.143  -32.858  37.777 0.0000000000
112704  -17.440  -32.455  37.887 0.0000000000
112705  -17.063  -32.098  37.539 0.0000000000
112706  -16.999  -31.309  37.307 0.0000000000
112707  -16.831  -30.505  37.075 0.0000000000
112770  -13.629  -47.350  53.030 0.0000000000
112771  -14.287  -47.114  52.711 0.0000000000
112772  -13.507  -47.292  52.456 0.0000000000
115819  -17.546  -41.569  52.847 0.0000000000
115820  -17.691  -41.635  52.235 0.0000000000
115821  -17.719  -42.177  52.570 0.0000000000
115822  -17.788  -42.818  52.267 0.0000000000
115823  -17.744  -43.478  51.912 0.0000000000
115824  -17.505  -43.966  52.762 0.0000000000
115825  -17.560  -44.032  52.161 0.0000000000
115826  -17.597  -44.052  51.560 0.0000000000
115827  -17.365  -44.604  51.193 0.0000000000
115828  -17.044  -45.121  50.852 0.0000000000
115829  -16.609  -45.533  50.467 0.0000000000
116985  -6.457  -32.889  58.134 0.0000000000
116986  -6.363  -33.513  58.245 0.0000000000
117009  -9.442  -41.837  68.232 0.0000000000
117909  -15.096  -37.393  39.648 0.0000000000
117910  -15.285  -36.786  39.271 0.0000000000
117911  -14.674  -36.968  39.528 0.0000000000
117912  -14.259  -36.552  39.414 0.0000000000
117913  -13.822  -36.169  39.397 0.0000000000
117914  -13.156  -36.961  40.088 0.0000000000
117915  -13.276  -36.429  39.739 0.0000000000
117916  -13.357  -35.786  39.429 0.0000000000
117917  -12.913  -35.402  39.478 0.0000000000
120418  -15.109  -32.682  48.193 0.0000000000
120420  -15.667  -33.206  47.814 0.0000000000
120421  -16.167  -33.705  47.439 0.0000000000
120422  -16.584  -34.187  47.125 0.0000000000
120423  -16.331  -34.870  47.974 0.0000000000
120424  -16.640  -34.775  47.392 0.0000000000
120425  -16.960  -34.700  46.766 0.0000000000
120426  -17.326  -35.215  46.401 0.0000000000
120427  -17.641  -35.725  46.079 0.0000000000
120428  -17.973  -36.226  45.737 0.0000000000
120429  -18.316  -41.612  47.333 0.0000000000
120430  -18.413  -40.978  47.023 0.0000000000
120431  -18.342  -41.559  46.734 0.0000000000
120432  -18.317  -41.379  46.081 0.0000000000
120433  -18.292  -41.242  45.479 0.0000000000
120434  -17.786  -42.328  45.461 0.0000000000
120435  -18.028  -41.716  45.147 0.0000000000
120436  -18.250  -41.094  44.822 0.0000000000
120437  -18.147  -40.914  44.204 0.0000000000
120438  -18.042  -40.685  43.602 0.0000000000
120439  -17.905  -40.446  43.020 0.0000000000
120440  -17.746  -40.190  42.484 0.0000000000
120441  -17.481  -40.783  42.868 0.0000000000
120442  -16.965  -41.057  42.766 0.0000000000
120443  -16.407  -41.255  42.720 0.0000000000
120444  -16.280  -42.022  43.564 0.0000000000
120445  -16.060  -41.708  43.139 0.0000000000
120446  -15.815  -41.379  42.729 0.0000000000
120447  -15.217  -41.431  42.814 0.0000000000
120448  -14.618  -41.451  42.949 0.0000000000
120449  -13.955  -41.450  43.193 0.0000000000
123896  -6.185  -34.505  53.921 0.0000000000
123897  -6.585  -34.339  53.523 0.0000000000
123898  -6.964  -34.848  53.805 0.0000000000
123899  -7.840  -35.107  53.873 0.0000000000
123900  -8.739  -35.307  53.982 0.0000000000
123901  -8.691  -36.015  54.562 0.0000000000
123902  -9.224  -35.766  54.310 0.0000000000
123903  -9.720  -35.528  54.056 0.0000000000
123904  -10.643  -35.749  54.056 0.0000000000
123905  -11.500  -36.105  54.004 0.0000000000
123906  -12.292  -36.543  53.881 0.0000000000
123907  -13.060  -36.987  53.703 0.0000000000
123908  -12.592  -37.039  54.102 0.0000000000
123909  -12.881  -37.527  54.384 0.0000000000
123910  -13.234  -37.996  54.680 0.0000000000
123911  -11.958  -37.710  55.128 0.0000000000
123912  -12.763  -38.027  55.067 0.0000000000
123913  -13.552  -38.366  55.008 0.0000000000
123914  -13.904  -38.728  55.407 0.0000000000
123915  -14.319  -39.060  55.767 0.0000000000
123916  -14.723  -39.361  56.179 0.0000000000
123962  -3.804  -41.048  67.956 0.0000000000
123963  -3.544  -40.320  67.424 0.0000000000
123964  -3.375  -39.437  67.047 0.0000000000
123965  -3.551  -40.349  66.307 0.0000000000
123966  -3.375  -39.432  66.546 0.0000000000
123967  -3.270  -38.560  66.746 0.0000000000
123968  -3.188  -37.676  66.452 0.0000000000
123969  -3.135  -36.729  66.271 0.0000000000
123970  -3.116  -35.766  66.073 0.0000000000
123972  -3.173  -35.774  65.475 0.0000000000
123973  -3.287  -35.699  64.887 0.0000000000
123974  -3.442  -35.627  64.328 0.0000000000
123975  -3.642  -37.402  64.214 0.0000000000
123976  -3.624  -36.457  63.981 0.0000000000
123977  -3.648  -35.549  63.764 0.0000000000
123978  -3.906  -35.512  63.241 0.0000000000
123979  -4.168  -35.507  62.747 0.0000000000
123980  -4.468  -35.480  62.259 0.0000000000
123981  -4.777  -35.427  61.791 0.0000000000
123982  -4.663  -36.284  61.928 0.0000000000
123983  -4.799  -37.065  61.579 0.0000000000
123984  -4.886  -37.830  61.181 0.0000000000
123985  -4.639  -38.741  61.887 0.0000000000
123986  -4.798  -38.631  61.316 0.0000000000
123987  -4.912  -38.447  60.753 0.0000000000
123988  -4.993  -39.012  60.418 0.0000000000
123989  -5.208  -39.460  60.162 0.0000000000
123990  -5.607  -39.840  59.959 0.0000000000
123991  -11.593  -40.697  63.906 0.0000000000
123992  -11.019  -40.700  63.431 0.0000000000
123993  -11.862  -40.566  63.462 0.0000000000
123994  -12.252  -40.437  62.990 0.0000000000
123995  -12.565  -40.339  62.542 0.0000000000
123996  -13.941  -40.527  62.943 0.0000000000
123997  -13.435  -40.346  62.564 0.0000000000
123998  -12.869  -40.227  62.002 0.0000000000
123999  -13.171  -40.158  61.572 0.0000000000
124000  -13.483  -40.095  61.113 0.0000000000
124001  -13.807  -40.029  60.634 0.0000000000
124002  -14.078  -40.002  60.154 0.0000000000
124003  -14.597  -40.289  60.654 0.0000000000
124004  -15.261  -40.739  60.619 0.0000000000
124005  -15.781  -41.323  60.525 0.0000000000
124008  -16.058  -42.067  60.382 0.0000000000
126687  -17.690  -31.274  42.745 0.0000000000
126689  -17.831  -31.008  42.140 0.0000000000
126690  -17.964  -30.716  41.507 0.0000000000
126691  -18.018  -30.363  40.914 0.0000000000
126692  -18.296  -31.503  40.737 0.0000000000
126693  -18.179  -30.762  40.500 0.0000000000
126694  -18.047  -30.037  40.323 0.0000000000
126695  -18.046  -29.741  39.749 0.0000000000
126696  -17.975  -29.346  39.154 0.0000000000
126697  -17.831  -29.056  38.601 0.0000000000
130321  -16.249  -37.221  50.195 0.0000000000
130322  -16.548  -37.158  49.624 0.0000000000
130323  -16.697  -37.716  49.963 0.0000000000
130324  -17.093  -38.237  49.740 0.0000000000
130325  -17.450  -38.767  49.494 0.0000000000
130326  -17.375  -39.395  50.359 0.0000000000
130327  -17.585  -39.378  49.770 0.0000000000
130328  -17.768  -39.336  49.186 0.0000000000
130329  -18.017  -39.945  48.914 0.0000000000
130330  -18.196  -40.527  48.646 0.0000000000
130331  -18.291  -41.106  48.296 0.0000000000
130332  -17.804  -41.699  51.645 0.0000000000
130333  -17.906  -41.761  51.062 0.0000000000
130334  -17.981  -41.734  50.463 0.0000000000
130335  -17.947  -42.997  50.400 0.0000000000
130336  -18.038  -42.379  50.133 0.0000000000
130337  -18.072  -41.764  49.858 0.0000000000
130338  -18.167  -41.788  49.225 0.0000000000
130339  -18.235  -41.741  48.566 0.0000000000
130340  -18.283  -41.680  47.949 0.0000000000
130341  -18.177  -42.246  47.616 0.0000000000
130342  -17.940  -42.769  47.284 0.0000000000
130343  -17.649  -43.216  46.958 0.0000000000
130344  -17.429  -43.902  47.854 0.0000000000
130345  -17.361  -43.753  47.257 0.0000000000
130346  -17.291  -43.592  46.656 0.0000000000
130347  -16.803  -43.887  46.374 0.0000000000
130348  -16.231  -44.088  46.161 0.0000000000
130349  -15.613  -44.181  46.040 0.0000000000
133467  -5.452  -32.802  53.819 0.0000000000
133468  -5.532  -33.447  53.953 0.0000000000
133472  -6.044  -32.318  56.262 0.0000000000
133473  -5.787  -32.317  55.725 0.0000000000
133474  -5.565  -32.317  55.187 0.0000000000
133475  -5.430  -32.893  54.814 0.0000000000
133476  -5.426  -33.475  54.448 0.0000000000
133477  -5.672  -34.064  54.124 0.0000000000
133478  -5.872  -34.641  54.311 0.0000000000
133479  -6.126  -35.185  54.504 0.0000000000
133480  -6.385  -35.727  54.759 0.0000000000
133481  -5.571  -35.368  55.372 0.0000000000
133482  -5.955  -35.883  55.104 0.0000000000
133483  -6.658  -36.228  55.026 0.0000000000
133484  -6.995  -36.677  55.310 0.0000000000
133485  -7.436  -37.148  55.641 0.0000000000
133486  -7.791  -37.558  55.999 0.0000000000
133536  -4.478  -42.022  68.584 0.0000000000
133537  -4.475  -42.139  67.909 0.0000000000
133538  -4.487  -42.164  67.210 0.0000000000
133539  -5.553  -42.624  67.727 0.0000000000
133540  -5.025  -42.432  67.133 0.0000000000
133541  -4.584  -42.081  66.499 0.0000000000
133542  -4.713  -41.976  65.809 0.0000000000
133543  -4.843  -41.860  65.122 0.0000000000
133544  -4.977  -41.649  64.455 0.0000000000
133545  -5.150  -41.480  63.828 0.0000000000
133546  -5.529  -41.838  64.403 0.0000000000
133547  -6.170  -41.892  64.368 0.0000000000
133548  -6.814  -41.872  64.375 0.0000000000
133549  -7.282  -42.102  65.619 0.0000000000
133550  -7.400  -41.929  64.988 0.0000000000
133551  -7.596  -41.732  64.372 0.0000000000
133552  -8.476  -41.537  64.429 0.0000000000
133553  -9.424  -41.298  64.468 0.0000000000
133554  -10.362  -41.056  64.424 0.0000000000
133555  -9.719  -41.721  67.614 0.0000000000
133556  -9.984  -41.590  67.046 0.0000000000
133557  -10.183  -41.461  66.467 0.0000000000
133558  -11.841  -40.861  66.903 0.0000000000
133559  -11.128  -41.129  66.454 0.0000000000
133560  -10.434  -41.314  65.945 0.0000000000
133561  -10.693  -41.141  65.425 0.0000000000
133562  -10.991  -40.956  64.906 0.0000000000
133563  -11.290  -40.824  64.420 0.0000000000
133564  -12.252  -40.661  64.416 0.0000000000
133565  -13.220  -40.623  64.443 0.0000000000
133566  -14.127  -40.837  64.403 0.0000000000
135993  -18.431  -34.926  39.846 0.0000000000
135994  -18.393  -34.185  39.592 0.0000000000
135995  -18.198  -34.608  39.315 0.0000000000
135996  -17.912  -34.271  38.802 0.0000000000
135997  -17.601  -33.935  38.384 0.0000000000
135998  -17.267  -35.057  38.547 0.0000000000
135999  -17.250  -34.312  38.259 0.0000000000
136000  -17.216  -33.596  38.018 0.0000000000
136001  -16.792  -33.238  37.707 0.0000000000
136002  -16.330  -32.884  37.454 0.0000000000
136004  -15.375  -36.169  38.876 0.0000000000
136005  -15.409  -35.523  38.505 0.0000000000
136006  -15.424  -34.862  38.175 0.0000000000
136007  -14.480  -34.702  38.373 0.0000000000
136008  -14.959  -34.467  38.092 0.0000000000
136009  -15.455  -34.215  37.886 0.0000000000
136010  -15.418  -33.538  37.641 0.0000000000
142641  -17.061  -33.390  45.691 0.0000000000
142642  -16.962  -32.776  45.443 0.0000000000
142647  -17.816  -31.925  42.972 0.0000000000
142648  -18.107  -32.406  42.579 0.0000000000
142649  -18.299  -32.814  42.212 0.0000000000
142650  -18.292  -33.765  43.081 0.0000000000
142651  -18.403  -33.531  42.444 0.0000000000
142652  -18.482  -33.286  41.829 0.0000000000
142653  -18.635  -33.782  41.466 0.0000000000
142654  -18.700  -34.273  41.102 0.0000000000
142655  -18.701  -34.741  40.761 0.0000000000
142656  -16.829  -37.117  49.067 0.0000000000
142657  -17.102  -37.092  48.495 0.0000000000
142658  -17.353  -37.034  47.901 0.0000000000
142659  -17.795  -38.138  47.990 0.0000000000
142660  -17.697  -37.540  47.643 0.0000000000
142661  -17.588  -36.963  47.298 0.0000000000
142662  -17.822  -36.918  46.678 0.0000000000
142663  -18.053  -36.857  46.051 0.0000000000
142664  -18.274  -36.744  45.423 0.0000000000
142665  -18.482  -40.341  46.697 0.0000000000
142666  -18.542  -39.686  46.387 0.0000000000
142667  -18.541  -39.035  46.104 0.0000000000
142668  -18.687  -39.484  45.132 0.0000000000
142669  -18.653  -38.961  45.461 0.0000000000
142670  -18.540  -38.431  45.766 0.0000000000
142671  -18.522  -37.857  45.445 0.0000000000
142672  -18.481  -37.273  45.146 0.0000000000
142673  -18.433  -36.624  44.806 0.0000000000
142674  -18.581  -36.475  44.185 0.0000000000
142675  -18.714  -36.343  43.548 0.0000000000
142676  -18.782  -36.110  42.884 0.0000000000
142677  -18.834  -37.221  42.894 0.0000000000
142678  -18.822  -36.566  42.556 0.0000000000
142679  -18.796  -35.876  42.274 0.0000000000
142680  -18.793  -35.668  41.641 0.0000000000
142681  -18.745  -35.456  41.046 0.0000000000
142682  -18.614  -35.192  40.399 0.0000000000
142683  -18.451  -35.618  40.120 0.0000000000
142684  -18.219  -36.036  39.844 0.0000000000
142685  -17.915  -36.428  39.692 0.0000000000
142686  -18.160  -37.373  40.544 0.0000000000
142687  -17.858  -37.125  40.031 0.0000000000
142688  -17.523  -36.804  39.578 0.0000000000
142689  -17.080  -37.106  39.530 0.0000000000
142690  -16.599  -37.376  39.578 0.0000000000
142691  -16.081  -37.604  39.662 0.0000000000
142692  -17.507  -39.957  41.987 0.0000000000
142693  -17.257  -39.638  41.507 0.0000000000
142694  -16.970  -39.285  41.030 0.0000000000
142695  -16.192  -40.053  41.489 0.0000000000
142696  -16.393  -39.531  41.059 0.0000000000
142697  -16.620  -38.951  40.647 0.0000000000
142698  -16.290  -38.554  40.297 0.0000000000
142699  -15.909  -38.165  40.024 0.0000000000
142700  -15.506  -37.762  39.767 0.0000000000
142701  -14.931  -37.950  40.023 0.0000000000
142702  -14.375  -38.100  40.274 0.0000000000
142703  -13.767  -38.224  40.569 0.0000000000
142704  -13.918  -39.094  41.083 0.0000000000
142705  -13.528  -38.700  40.967 0.0000000000
142706  -13.139  -38.311  40.868 0.0000000000
142707  -12.498  -38.422  41.181 0.0000000000
142708  -11.834  -38.579  41.540 0.0000000000
147538  -16.171  -45.682  54.894 0.0000000000
147539  -16.120  -45.851  54.312 0.0000000000
147540  -15.706  -46.243  54.541 0.0000000000
147541  -15.152  -46.733  54.206 0.0000000000
147542  -14.484  -47.122  53.871 0.0000000000
147545  -13.820  -47.365  53.582 0.0000000000
151625  -14.608  -32.589  48.699 0.0000000000
151626  -14.830  -33.168  48.945 0.0000000000
151627  -14.979  -33.775  49.205 0.0000000000
151628  -13.740  -33.033  49.863 0.0000000000
151629  -14.482  -33.654  49.674 0.0000000000
151630  -15.091  -34.328  49.431 0.0000000000
151631  -15.232  -34.867  49.633 0.0000000000
151632  -15.387  -35.428  49.862 0.0000000000
151633  -15.561  -36.016  50.105 0.0000000000
151642  -9.578  -32.622  51.308 0.0000000000
151643  -7.079  -34.164  53.151 0.0000000000
151644  -7.603  -33.938  52.856 0.0000000000
151645  -8.143  -33.706  52.554 0.0000000000
151646  -9.441  -34.326  53.035 0.0000000000
151647  -9.053  -33.887  52.641 0.0000000000
151648  -8.703  -33.453  52.255 0.0000000000
151649  -9.301  -33.229  51.953 0.0000000000
151650  -9.934  -33.052  51.656 0.0000000000
151651  -10.563  -32.906  51.358 0.0000000000
151652  -11.493  -33.220  51.420 0.0000000000
151653  -12.338  -33.573  51.429 0.0000000000
151654  -13.122  -33.978  51.322 0.0000000000
151655  -12.884  -34.618  52.031 0.0000000000
151656  -13.407  -34.598  51.584 0.0000000000
151657  -13.882  -34.627  51.115 0.0000000000
151658  -14.547  -35.299  50.849 0.0000000000
151659  -15.168  -35.959  50.575 0.0000000000
151660  -15.748  -36.606  50.367 0.0000000000
151661  -15.904  -37.160  50.671 0.0000000000
151662  -16.048  -37.700  51.005 0.0000000000
151663  -16.254  -38.242  51.310 0.0000000000
151664  -15.349  -37.586  51.891 0.0000000000
151665  -15.934  -38.204  51.783 0.0000000000
151666  -16.462  -38.765  51.637 0.0000000000
151667  -16.675  -39.293  51.974 0.0000000000
151668  -16.887  -39.825  52.313 0.0000000000
151669  -17.085  -40.319  52.645 0.0000000000
151670  -13.777  -37.460  53.589 0.0000000000
151671  -14.457  -37.909  53.463 0.0000000000
151672  -15.150  -38.416  53.374 0.0000000000
151673  -15.068  -38.767  54.172 0.0000000000
151674  -15.420  -38.853  53.748 0.0000000000
151675  -15.774  -38.956  53.303 0.0000000000
151676  -16.358  -39.542  53.241 0.0000000000
151677  -16.849  -40.165  53.126 0.0000000000
151678  -17.247  -40.841  53.003 0.0000000000
151679  -17.377  -41.403  53.345 0.0000000000
151680  -17.461  -41.961  53.649 0.0000000000
151681  -17.475  -42.509  53.935 0.0000000000
151682  -17.133  -41.561  54.668 0.0000000000
151683  -17.335  -42.298  54.460 0.0000000000
151684  -17.412  -43.069  54.223 0.0000000000
151685  -17.270  -43.642  54.505 0.0000000000
151686  -17.060  -44.138  54.779 0.0000000000
151687  -16.813  -44.626  54.985 0.0000000000
151835  -3.709  -33.071  64.533 0.0000000000
151853  -5.724  -32.213  60.807 0.0000000000
151854  -5.998  -32.168  60.324 0.0000000000
151855  -6.239  -32.161  59.773 0.0000000000
151856  -6.316  -32.902  59.338 0.0000000000
151857  -6.317  -33.585  58.866 0.0000000000
151858  -6.185  -34.294  58.346 0.0000000000
151859  -5.069  -35.359  61.305 0.0000000000
151860  -5.365  -35.309  60.787 0.0000000000
151861  -5.614  -35.315  60.281 0.0000000000
151862  -5.385  -36.767  59.927 0.0000000000
151863  -5.585  -36.038  59.813 0.0000000000
151864  -5.799  -35.222  59.741 0.0000000000
151865  -5.931  -35.121  59.147 0.0000000000
151866  -5.980  -35.028  58.531 0.0000000000
151867  -5.957  -34.949  57.913 0.0000000000
151868  -5.650  -35.539  57.459 0.0000000000
151869  -5.434  -36.132  57.055 0.0000000000
151870  -5.470  -36.618  56.700 0.0000000000
151871  -5.425  -37.446  57.491 0.0000000000
151872  -5.612  -37.256  56.940 0.0000000000
151873  -5.844  -37.112  56.443 0.0000000000
151874  -6.466  -37.549  56.351 0.0000000000
151875  -7.288  -37.826  56.374 0.0000000000
151876  -8.197  -38.002  56.444 0.0000000000
151877  -5.287  -41.262  63.187 0.0000000000
151878  -5.413  -41.079  62.616 0.0000000000
151879  -5.518  -40.884  62.049 0.0000000000
151880  -6.688  -41.272  62.554 0.0000000000
151881  -6.139  -41.033  62.005 0.0000000000
151882  -5.678  -40.679  61.491 0.0000000000
151883  -5.829  -40.495  60.970 0.0000000000
151884  -6.023  -40.274  60.442 0.0000000000
151885  -6.232  -40.061  59.915 0.0000000000
151886  -10.298  -40.736  62.894 0.0000000000
151887  -9.637  -40.736  62.310 0.0000000000
151888  -8.943  -40.685  61.689 0.0000000000
151889  -10.259  -40.383  61.304 0.0000000000
151890  -9.239  -40.509  61.231 0.0000000000
151891  -8.252  -40.584  61.106 0.0000000000
151892  -7.554  -40.406  60.502 0.0000000000
151893  -6.972  -40.171  59.922 0.0000000000
151894  -6.478  -39.825  59.408 0.0000000000
151895  -6.729  -39.585  58.893 0.0000000000
151896  -7.061  -39.380  58.443 0.0000000000
151897  -7.425  -39.164  58.008 0.0000000000
151898  -8.862  -39.509  58.700 0.0000000000
151899  -8.306  -39.271  58.114 0.0000000000
151900  -7.844  -38.936  57.642 0.0000000000
151901  -8.249  -38.693  57.255 0.0000000000
151902  -8.674  -38.455  56.894 0.0000000000
151903  -9.115  -38.183  56.525 0.0000000000
151904  -10.019  -38.323  56.570 0.0000000000
151905  -10.934  -38.488  56.569 0.0000000000
151906  -11.850  -38.666  56.600 0.0000000000
151907  -11.983  -39.096  57.557 0.0000000000
151908  -12.381  -38.953  57.089 0.0000000000
151909  -12.715  -38.866  56.621 0.0000000000
151910  -13.612  -39.120  56.676 0.0000000000
151911  -14.468  -39.394  56.709 0.0000000000
151912  -15.176  -39.750  56.696 0.0000000000
151913  -14.325  -39.973  59.672 0.0000000000
151914  -14.561  -39.982  59.194 0.0000000000
151915  -14.838  -40.006  58.729 0.0000000000
151916  -15.830  -40.989  59.154 0.0000000000
151917  -15.515  -40.474  58.713 0.0000000000
151918  -15.120  -40.055  58.215 0.0000000000
151919  -15.401  -40.109  57.670 0.0000000000
151920  -15.612  -40.186  57.197 0.0000000000
151921  -15.831  -40.261  56.690 0.0000000000
151922  -16.353  -40.853  56.639 0.0000000000
151923  -16.718  -41.535  56.554 0.0000000000
151924  -16.939  -42.312  56.385 0.0000000000
151925  -16.782  -42.823  57.257 0.0000000000
151926  -16.894  -42.946  56.725 0.0000000000
151927  -17.011  -43.035  56.175 0.0000000000
151928  -16.958  -43.788  55.896 0.0000000000
151929  -16.753  -44.512  55.574 0.0000000000
151930  -16.444  -45.187  55.270 0.0000000000
151931  -16.077  -45.617  55.501 0.0000000000
151932  -15.655  -46.049  55.734 0.0000000000
158832  -17.509  -28.586  41.063 0.0000000000
158841  -17.266  -25.594  39.883 0.0000000000
158842  -17.153  -24.886  39.902 0.0000000000
158847  -18.329  -33.380  39.311 0.0000000000
158848  -18.248  -32.580  39.043 0.0000000000
158849  -18.153  -31.793  38.809 0.0000000000
158850  -17.718  -31.957  38.083 0.0000000000
158851  -17.916  -31.459  38.312 0.0000000000
158852  -18.042  -31.002  38.612 0.0000000000
158853  -17.941  -30.257  38.411 0.0000000000
158854  -17.790  -29.512  38.236 0.0000000000
158855  -17.627  -28.751  38.065 0.0000000000
158862  -17.199  -28.826  37.277 0.0000000000
158863  -17.347  -28.412  37.573 0.0000000000
158864  -17.458  -27.966  37.929 0.0000000000
158865  -17.297  -27.164  37.868 0.0000000000
158866  -17.175  -26.411  37.886 0.0000000000
158867  -17.023  -25.642  37.847 0.0000000000
158982  -16.143  -45.947  53.697 0.0000000000
158983  -16.187  -46.025  53.108 0.0000000000
158984  -16.171  -46.035  52.532 0.0000000000
158985  -14.942  -46.844  52.417 0.0000000000
158986  -15.566  -46.493  52.169 0.0000000000
158987  -16.177  -46.033  51.943 0.0000000000
158988  -16.135  -46.048  51.340 0.0000000000
158989  -16.074  -45.955  50.759 0.0000000000
158990  -15.991  -45.875  50.159 0.0000000000
158996  -13.940  -46.616  50.490 0.0000000000
158997  -14.646  -46.428  50.229 0.0000000000
158998  -15.295  -46.105  49.915 0.0000000000
158999  -15.873  -45.792  49.581 0.0000000000
159000  -15.774  -45.623  49.028 0.0000000000
159001  -15.643  -45.440  48.471 0.0000000000
159002  -15.505  -45.225  47.938 0.0000000000
159003  -14.095  -45.503  48.167 0.0000000000
159004  -14.709  -45.276  47.807 0.0000000000
159005  -15.378  -45.009  47.419 0.0000000000
159006  -15.211  -44.741  46.930 0.0000000000
159007  -15.046  -44.508  46.478 0.0000000000
159008  -14.874  -44.222  46.012 0.0000000000
159035  -14.706  -43.890  45.595 0.0000000000
159036  -14.558  -43.568  45.189 0.0000000000
159037  -14.364  -43.248  44.812 0.0000000000
159038  -14.149  -42.907  44.498 0.0000000000
159041  -13.903  -42.551  44.192 0.0000000000
