#!ascii label  , from subject fsaverage vox2ras=TkReg
624
104  -31.102  -40.623  44.390 0.0000000000
231  -35.903  -36.512  53.686 0.0000000000
478  -28.645  -36.881  52.469 0.0000000000
1048  -32.279  -37.471  48.363 0.0000000000
1049  -32.081  -39.661  51.173 0.0000000000
1566  -40.244  -34.409  55.880 0.0000000000
1567  -37.502  -35.427  50.307 0.0000000000
1568  -32.388  -35.818  44.508 0.0000000000
1569  -31.046  -38.339  40.796 0.0000000000
2083  -32.580  -36.783  54.122 0.0000000000
2968  -30.989  -38.964  46.026 0.0000000000
2969  -31.392  -40.363  47.761 0.0000000000
2970  -31.856  -41.748  46.273 0.0000000000
3569  -40.124  -34.716  51.617 0.0000000000
3570  -37.640  -34.743  48.186 0.0000000000
3571  -34.832  -35.231  47.364 0.0000000000
3572  -34.918  -34.646  45.272 0.0000000000
3573  -32.866  -34.896  42.876 0.0000000000
4578  -36.331  -35.753  55.863 0.0000000000
4579  -34.469  -35.825  56.185 0.0000000000
4580  -34.315  -36.879  54.287 0.0000000000
6491  -30.536  -35.546  55.636 0.0000000000
6492  -34.402  -37.013  51.189 0.0000000000
6493  -33.624  -37.731  52.366 0.0000000000
6494  -32.179  -38.734  49.826 0.0000000000
7490  -38.123  -35.539  54.929 0.0000000000
7491  -41.682  -34.244  54.633 0.0000000000
7492  -39.508  -35.142  53.488 0.0000000000
7493  -36.979  -36.125  52.300 0.0000000000
7494  -34.781  -36.051  49.416 0.0000000000
7495  -32.334  -36.530  46.561 0.0000000000
7496  -30.862  -38.021  44.104 0.0000000000
7497  -30.878  -39.417  42.577 0.0000000000
7498  -31.132  -36.908  42.385 0.0000000000
7499  -31.675  -35.871  40.712 0.0000000000
8816  -32.612  -35.686  56.140 0.0000000000
8817  -30.738  -36.470  53.299 0.0000000000
8818  -32.351  -38.108  52.601 0.0000000000
8819  -30.755  -38.393  51.937 0.0000000000
8820  -29.193  -38.878  51.235 0.0000000000
10648  -30.908  -39.889  45.125 0.0000000000
10649  -31.160  -40.496  46.056 0.0000000000
10650  -31.436  -41.226  45.352 0.0000000000
10652  -31.790  -41.733  44.646 0.0000000000
10654  -31.499  -41.181  43.807 0.0000000000
11250  -37.650  -34.302  47.281 0.0000000000
11251  -36.304  -34.720  46.649 0.0000000000
11252  -36.311  -34.238  45.730 0.0000000000
11253  -35.162  -34.190  44.503 0.0000000000
12253  -28.548  -36.184  53.591 0.0000000000
12255  -27.670  -37.171  52.166 0.0000000000
12257  -27.879  -38.124  51.490 0.0000000000
12258  -36.197  -36.170  54.788 0.0000000000
12259  -35.216  -36.344  55.076 0.0000000000
12260  -35.118  -36.683  54.067 0.0000000000
14658  -33.327  -37.092  49.759 0.0000000000
14659  -33.142  -37.669  50.489 0.0000000000
14660  -32.242  -38.051  49.192 0.0000000000
14661  -31.968  -41.673  47.834 0.0000000000
14662  -31.663  -40.951  48.603 0.0000000000
16456  -38.290  -35.037  56.043 0.0000000000
16457  -39.252  -34.976  55.466 0.0000000000
16459  -42.689  -33.711  55.117 0.0000000000
16460  -42.219  -34.167  53.837 0.0000000000
16461  -38.796  -35.092  50.889 0.0000000000
16462  -39.890  -34.989  52.565 0.0000000000
16463  -38.570  -35.393  51.914 0.0000000000
16464  -38.274  -35.651  52.861 0.0000000000
16465  -37.311  -35.780  51.394 0.0000000000
16466  -35.974  -36.158  50.864 0.0000000000
16467  -36.086  -35.714  49.830 0.0000000000
16468  -33.530  -35.446  45.909 0.0000000000
16469  -33.556  -35.749  47.025 0.0000000000
16470  -32.360  -36.142  45.549 0.0000000000
16471  -31.403  -37.222  45.201 0.0000000000
16472  -31.486  -36.788  44.214 0.0000000000
16473  -30.956  -37.472  43.231 0.0000000000
16474  -31.652  -36.308  43.373 0.0000000000
16475  -33.198  -34.412  42.173 0.0000000000
16476  -32.146  -35.303  41.757 0.0000000000
16477  -32.491  -34.806  40.982 0.0000000000
19491  -33.538  -36.291  55.128 0.0000000000
19492  -33.521  -35.739  56.178 0.0000000000
19493  -32.626  -36.134  54.941 0.0000000000
19494  -31.743  -35.939  54.710 0.0000000000
19495  -31.700  -36.604  53.704 0.0000000000
19496  -32.654  -38.559  51.638 0.0000000000
19497  -33.043  -37.950  52.564 0.0000000000
19498  -32.252  -38.852  51.937 0.0000000000
19502  -30.019  -38.602  51.494 0.0000000000
19555  -30.926  -38.911  41.701 0.0000000000
23772  -31.468  -38.186  47.090 0.0000000000
23773  -31.478  -38.862  47.895 0.0000000000
23774  -31.145  -39.734  46.884 0.0000000000
23775  -31.516  -41.110  46.952 0.0000000000
23776  -32.353  -42.222  47.286 0.0000000000
24855  -38.941  -34.752  49.906 0.0000000000
24856  -37.591  -35.060  49.245 0.0000000000
24857  -36.255  -35.304  48.854 0.0000000000
24858  -36.263  -35.031  47.716 0.0000000000
24859  -34.877  -34.993  46.274 0.0000000000
24860  -33.597  -35.121  44.885 0.0000000000
24861  -32.663  -35.374  43.675 0.0000000000
24862  -33.822  -34.711  44.056 0.0000000000
24863  -34.102  -34.226  43.338 0.0000000000
26672  -35.385  -35.871  56.073 0.0000000000
26673  -34.367  -36.370  55.168 0.0000000000
26674  -33.451  -36.911  54.248 0.0000000000
30503  -29.609  -35.980  54.005 0.0000000000
30504  -35.339  -36.864  52.514 0.0000000000
30505  -34.746  -37.060  52.986 0.0000000000
30506  -34.083  -37.471  51.892 0.0000000000
30507  -32.974  -38.175  51.193 0.0000000000
30508  -32.199  -39.253  50.589 0.0000000000
30509  -31.559  -39.440  48.719 0.0000000000
30510  -31.753  -40.091  49.547 0.0000000000
30511  -31.949  -40.496  50.359 0.0000000000
32940  -37.308  -35.137  56.442 0.0000000000
32941  -37.271  -35.722  55.562 0.0000000000
32942  -37.045  -36.070  54.356 0.0000000000
32944  -42.035  -33.858  55.794 0.0000000000
32945  -41.068  -34.315  55.284 0.0000000000
32946  -41.091  -34.613  53.206 0.0000000000
32947  -40.664  -34.695  54.084 0.0000000000
32948  -40.053  -34.803  54.777 0.0000000000
32949  -38.964  -35.396  54.232 0.0000000000
32950  -37.724  -35.871  53.667 0.0000000000
32951  -36.512  -36.400  53.057 0.0000000000
32952  -35.706  -36.573  51.797 0.0000000000
32953  -34.593  -36.550  50.326 0.0000000000
32954  -33.491  -36.589  48.946 0.0000000000
32955  -34.815  -35.610  48.471 0.0000000000
32956  -33.510  -36.102  47.995 0.0000000000
32957  -32.320  -36.974  47.500 0.0000000000
32958  -31.430  -37.693  46.153 0.0000000000
32959  -30.911  -38.517  45.077 0.0000000000
32960  -30.763  -39.395  44.086 0.0000000000
32961  -30.949  -40.062  43.455 0.0000000000
32962  -30.690  -38.761  43.219 0.0000000000
32963  -30.765  -38.176  42.408 0.0000000000
32964  -30.944  -37.625  41.536 0.0000000000
32965  -31.884  -35.816  42.516 0.0000000000
32966  -31.400  -36.406  41.555 0.0000000000
32967  -31.179  -37.068  40.646 0.0000000000
36697  -31.607  -35.561  55.943 0.0000000000
36698  -30.622  -35.851  54.328 0.0000000000
36699  -29.668  -36.646  52.861 0.0000000000
36700  -34.072  -37.330  53.304 0.0000000000
36701  -33.350  -37.460  53.477 0.0000000000
36702  -32.461  -37.476  53.275 0.0000000000
36703  -31.700  -39.152  52.032 0.0000000000
36704  -31.559  -38.272  52.363 0.0000000000
36705  -31.620  -37.412  52.917 0.0000000000
36706  -30.745  -37.394  52.479 0.0000000000
36707  -29.873  -37.463  52.028 0.0000000000
36708  -28.859  -37.734  51.683 0.0000000000
36772  -31.305  -40.665  42.967 0.0000000000
41368  -30.988  -40.246  44.728 0.0000000000
41369  -31.116  -40.598  45.188 0.0000000000
41370  -31.266  -40.867  44.836 0.0000000000
41371  -31.622  -41.489  44.993 0.0000000000
41372  -31.411  -41.167  44.464 0.0000000000
41373  -31.619  -41.447  44.214 0.0000000000
41374  -31.281  -40.907  44.073 0.0000000000
41971  -36.972  -34.259  46.476 0.0000000000
42973  -28.615  -36.492  53.025 0.0000000000
42974  -28.106  -36.604  52.859 0.0000000000
42975  -28.150  -37.006  52.347 0.0000000000
42976  -27.753  -37.644  51.791 0.0000000000
42977  -28.237  -37.453  51.929 0.0000000000
42978  -36.051  -36.327  54.245 0.0000000000
42979  -35.645  -36.421  54.426 0.0000000000
42980  -35.505  -36.609  53.890 0.0000000000
45378  -32.722  -37.236  49.030 0.0000000000
45379  -32.710  -37.502  49.478 0.0000000000
45380  -32.196  -37.808  48.783 0.0000000000
45382  -32.159  -41.934  48.313 0.0000000000
47176  -39.284  -34.718  55.994 0.0000000000
47177  -39.776  -34.676  55.656 0.0000000000
47181  -38.183  -35.240  50.622 0.0000000000
47182  -38.750  -35.231  51.458 0.0000000000
47183  -38.025  -35.444  51.099 0.0000000000
47184  -37.929  -35.565  51.603 0.0000000000
47185  -37.339  -35.601  50.792 0.0000000000
47186  -36.733  -35.752  50.623 0.0000000000
47187  -36.784  -35.569  50.053 0.0000000000
47188  -32.941  -35.612  45.222 0.0000000000
47189  -32.919  -35.754  45.718 0.0000000000
47190  -32.379  -35.962  45.060 0.0000000000
47191  -31.891  -36.444  44.875 0.0000000000
47192  -31.900  -36.277  44.319 0.0000000000
47193  -31.559  -36.588  43.755 0.0000000000
47194  -32.002  -36.024  43.887 0.0000000000
47196  -32.806  -34.585  41.552 0.0000000000
50211  -33.075  -36.531  54.659 0.0000000000
50212  -33.126  -36.219  55.107 0.0000000000
50213  -32.621  -36.458  54.534 0.0000000000
50214  -32.165  -36.364  54.326 0.0000000000
50215  -32.137  -36.702  53.918 0.0000000000
50216  -32.332  -39.057  51.383 0.0000000000
50217  -32.443  -38.695  51.803 0.0000000000
50218  -32.188  -39.264  51.589 0.0000000000
50275  -30.985  -38.625  41.257 0.0000000000
50276  -31.079  -39.281  41.389 0.0000000000
54978  -31.202  -38.513  46.531 0.0000000000
54979  -31.183  -38.955  46.952 0.0000000000
54980  -31.128  -39.422  46.440 0.0000000000
54981  -31.414  -41.169  46.112 0.0000000000
54982  -31.303  -40.803  46.518 0.0000000000
54983  -31.652  -41.440  46.609 0.0000000000
54984  -31.882  -41.720  47.104 0.0000000000
54985  -32.088  -42.021  46.785 0.0000000000
54987  -32.306  -42.253  46.457 0.0000000000
56781  -38.321  -34.531  48.530 0.0000000000
56782  -38.968  -34.527  49.368 0.0000000000
56783  -38.347  -34.747  49.038 0.0000000000
56784  -38.288  -34.932  49.565 0.0000000000
56785  -37.650  -34.929  48.733 0.0000000000
56786  -36.923  -35.035  48.467 0.0000000000
56787  -36.960  -34.917  47.899 0.0000000000
56788  -35.600  -34.668  45.921 0.0000000000
56789  -35.573  -34.859  46.419 0.0000000000
56790  -34.882  -34.842  45.723 0.0000000000
56791  -34.237  -35.042  45.578 0.0000000000
56792  -34.231  -34.851  45.034 0.0000000000
56793  -33.728  -34.897  44.445 0.0000000000
56794  -34.369  -34.653  44.665 0.0000000000
56795  -35.265  -33.925  44.213 0.0000000000
56796  -34.586  -34.185  43.905 0.0000000000
56797  -34.727  -33.926  43.607 0.0000000000
56798  -34.240  -33.935  43.000 0.0000000000
59808  -36.407  -35.494  56.335 0.0000000000
59809  -35.916  -35.565  56.464 0.0000000000
59810  -35.859  -35.819  55.966 0.0000000000
59811  -34.803  -36.593  54.688 0.0000000000
59812  -34.827  -36.375  55.134 0.0000000000
59813  -34.364  -36.645  54.748 0.0000000000
59814  -33.910  -36.634  54.725 0.0000000000
59815  -33.894  -36.891  54.323 0.0000000000
67005  -30.040  -35.563  55.380 0.0000000000
67006  -29.574  -35.795  54.619 0.0000000000
67007  -30.060  -35.730  54.792 0.0000000000
67008  -34.895  -36.984  51.876 0.0000000000
67009  -34.716  -37.138  52.229 0.0000000000
67010  -34.273  -37.254  51.533 0.0000000000
67011  -32.631  -38.116  50.166 0.0000000000
67012  -33.076  -37.896  50.859 0.0000000000
67013  -32.558  -38.449  50.498 0.0000000000
67014  -32.529  -38.681  50.874 0.0000000000
67015  -32.192  -38.983  50.261 0.0000000000
67016  -31.365  -39.633  47.846 0.0000000000
67017  -31.500  -39.115  48.361 0.0000000000
67018  -31.413  -39.940  48.233 0.0000000000
67019  -31.823  -41.262  49.024 0.0000000000
67020  -31.657  -40.563  49.069 0.0000000000
67021  -31.796  -40.780  49.448 0.0000000000
67022  -31.837  -40.313  49.897 0.0000000000
67023  -31.968  -41.019  49.909 0.0000000000
72403  -38.227  -35.276  55.507 0.0000000000
72404  -37.801  -35.379  55.854 0.0000000000
72405  -37.665  -35.611  55.246 0.0000000000
72406  -37.162  -35.886  54.949 0.0000000000
72407  -37.583  -35.808  54.639 0.0000000000
72411  -42.217  -33.987  54.880 0.0000000000
72412  -42.344  -33.768  55.477 0.0000000000
72413  -41.866  -34.050  55.176 0.0000000000
72414  -41.566  -34.081  55.534 0.0000000000
72415  -41.450  -34.296  54.915 0.0000000000
72416  -40.775  -34.541  51.963 0.0000000000
72417  -41.305  -34.498  52.775 0.0000000000
72418  -40.609  -34.699  52.394 0.0000000000
72419  -39.742  -35.073  53.087 0.0000000000
72420  -40.339  -34.854  53.404 0.0000000000
72421  -40.114  -34.908  53.845 0.0000000000
72422  -40.332  -34.747  54.459 0.0000000000
72423  -39.815  -35.025  54.100 0.0000000000
72424  -39.513  -35.107  54.515 0.0000000000
72425  -39.248  -35.282  53.858 0.0000000000
72426  -37.615  -35.889  52.566 0.0000000000
72427  -38.034  -35.779  53.262 0.0000000000
72428  -37.381  -36.016  52.983 0.0000000000
72429  -37.190  -36.122  53.382 0.0000000000
72430  -36.768  -36.252  52.715 0.0000000000
72431  -36.147  -36.497  52.450 0.0000000000
72432  -36.311  -36.346  52.046 0.0000000000
72433  -35.392  -36.102  50.156 0.0000000000
72434  -35.262  -36.341  50.603 0.0000000000
72435  -34.702  -36.290  49.907 0.0000000000
72436  -34.085  -36.543  49.641 0.0000000000
72437  -34.111  -36.256  49.212 0.0000000000
72438  -35.549  -35.256  48.113 0.0000000000
72439  -35.535  -35.445  48.637 0.0000000000
72440  -34.865  -35.424  47.953 0.0000000000
72441  -32.931  -36.068  46.773 0.0000000000
72442  -33.536  -35.929  47.551 0.0000000000
72443  -32.911  -36.284  47.328 0.0000000000
72444  -32.838  -36.487  47.706 0.0000000000
72445  -32.317  -36.732  47.019 0.0000000000
72446  -31.840  -37.320  46.769 0.0000000000
72447  -31.817  -37.050  46.309 0.0000000000
72448  -31.113  -37.601  44.651 0.0000000000
72449  -31.106  -37.849  45.105 0.0000000000
72450  -30.881  -38.287  44.570 0.0000000000
72451  -30.756  -38.965  44.577 0.0000000000
72452  -30.750  -38.713  44.069 0.0000000000
72453  -30.718  -39.090  43.651 0.0000000000
72454  -30.741  -38.401  43.634 0.0000000000
72455  -31.014  -37.211  42.751 0.0000000000
72456  -30.827  -37.830  42.797 0.0000000000
72457  -30.896  -37.547  42.370 0.0000000000
72458  -30.847  -37.914  41.978 0.0000000000
72459  -30.992  -37.264  41.936 0.0000000000
72460  -32.793  -35.150  43.271 0.0000000000
72461  -32.244  -35.578  43.094 0.0000000000
72462  -32.413  -35.318  42.695 0.0000000000
72463  -31.862  -35.548  41.227 0.0000000000
72464  -31.743  -35.822  41.621 0.0000000000
72465  -31.522  -36.137  41.118 0.0000000000
72466  -31.231  -36.748  41.095 0.0000000000
72467  -31.371  -36.485  40.626 0.0000000000
72468  -31.308  -36.899  40.235 0.0000000000
72469  -31.549  -36.190  40.256 0.0000000000
81506  -34.968  -35.596  56.660 0.0000000000
81508  -34.531  -35.556  56.795 0.0000000000
81509  -33.099  -35.695  56.233 0.0000000000
81510  -33.492  -35.501  56.863 0.0000000000
81511  -33.071  -35.540  56.854 0.0000000000
81513  -32.530  -35.515  56.799 0.0000000000
81514  -32.058  -35.495  56.744 0.0000000000
81515  -32.083  -35.621  56.026 0.0000000000
81516  -31.223  -36.166  53.998 0.0000000000
81517  -31.179  -35.873  54.569 0.0000000000
81518  -30.653  -36.145  53.812 0.0000000000
81519  -30.140  -36.224  53.582 0.0000000000
81520  -30.223  -36.537  53.085 0.0000000000
81521  -34.148  -37.392  52.673 0.0000000000
81522  -34.425  -37.170  53.177 0.0000000000
81523  -33.863  -37.529  52.816 0.0000000000
81524  -32.715  -38.035  52.624 0.0000000000
81525  -33.216  -37.685  53.033 0.0000000000
81526  -32.816  -37.762  52.972 0.0000000000
81527  -32.904  -37.496  53.373 0.0000000000
81528  -32.411  -37.809  52.958 0.0000000000
81530  -31.819  -39.574  51.866 0.0000000000
81532  -30.842  -38.936  51.859 0.0000000000
81533  -31.219  -38.865  52.052 0.0000000000
81534  -31.206  -38.336  52.169 0.0000000000
81535  -31.596  -37.810  52.622 0.0000000000
81536  -31.173  -37.837  52.383 0.0000000000
81537  -31.182  -37.352  52.683 0.0000000000
81538  -30.746  -37.892  52.145 0.0000000000
81539  -29.600  -38.766  51.322 0.0000000000
81540  -29.932  -38.012  51.725 0.0000000000
81541  -29.490  -38.146  51.536 0.0000000000
81542  -29.331  -37.549  51.836 0.0000000000
81543  -28.998  -38.307  51.409 0.0000000000
81544  -28.526  -38.475  51.319 0.0000000000
81700  -30.878  -39.752  43.011 0.0000000000
81701  -31.116  -40.387  43.182 0.0000000000
81702  -31.055  -40.100  42.744 0.0000000000
92892  -30.908  -39.468  45.555 0.0000000000
92893  -31.030  -39.781  45.994 0.0000000000
92894  -31.023  -40.183  45.567 0.0000000000
92895  -31.226  -40.811  45.713 0.0000000000
92896  -31.617  -41.491  45.828 0.0000000000
92897  -32.046  -42.028  45.968 0.0000000000
92898  -31.823  -41.771  45.539 0.0000000000
92899  -32.037  -41.995  45.208 0.0000000000
93976  -37.659  -34.566  47.704 0.0000000000
93977  -36.991  -34.742  47.408 0.0000000000
93978  -36.966  -34.518  46.964 0.0000000000
93979  -36.308  -34.479  46.194 0.0000000000
93980  -35.639  -34.446  45.478 0.0000000000
93981  -35.059  -34.424  44.890 0.0000000000
93982  -35.737  -34.213  45.102 0.0000000000
93983  -35.805  -33.933  44.797 0.0000000000
95790  -36.281  -35.982  55.341 0.0000000000
95791  -35.728  -36.074  55.411 0.0000000000
95792  -35.712  -36.252  54.926 0.0000000000
95793  -35.241  -36.502  54.575 0.0000000000
95794  -34.773  -36.792  54.225 0.0000000000
100110  -33.850  -37.026  50.458 0.0000000000
100111  -33.788  -37.317  50.852 0.0000000000
100112  -33.275  -37.370  50.185 0.0000000000
100113  -32.716  -37.822  49.826 0.0000000000
100114  -32.221  -38.402  49.524 0.0000000000
100115  -31.612  -41.076  47.759 0.0000000000
100116  -31.539  -40.692  48.222 0.0000000000
100117  -31.782  -41.343  48.202 0.0000000000
100118  -31.935  -41.655  48.612 0.0000000000
103348  -38.763  -35.030  55.826 0.0000000000
103349  -38.699  -35.258  55.243 0.0000000000
103353  -42.455  -33.950  54.497 0.0000000000
103354  -42.013  -34.190  54.282 0.0000000000
103355  -39.453  -34.891  51.252 0.0000000000
103356  -39.953  -34.890  52.032 0.0000000000
103357  -39.350  -35.070  51.732 0.0000000000
103358  -39.266  -35.178  52.271 0.0000000000
103359  -39.078  -35.295  52.733 0.0000000000
103360  -38.908  -35.411  53.175 0.0000000000
103361  -38.456  -35.528  52.423 0.0000000000
103362  -37.778  -35.795  52.085 0.0000000000
103363  -37.118  -35.967  51.825 0.0000000000
103364  -36.478  -36.185  51.570 0.0000000000
103365  -36.621  -35.987  51.137 0.0000000000
103366  -36.055  -35.936  50.390 0.0000000000
103367  -35.444  -35.864  49.646 0.0000000000
103368  -34.180  -35.314  46.658 0.0000000000
103369  -34.253  -35.441  47.254 0.0000000000
103370  -33.566  -35.579  46.480 0.0000000000
103371  -32.930  -35.911  46.281 0.0000000000
103372  -32.351  -36.323  46.080 0.0000000000
103373  -31.850  -36.842  45.880 0.0000000000
103374  -31.825  -36.639  45.370 0.0000000000
103375  -31.439  -36.987  44.737 0.0000000000
103376  -31.104  -37.391  44.146 0.0000000000
103377  -30.910  -37.738  43.624 0.0000000000
103378  -31.187  -37.096  43.683 0.0000000000
103379  -31.265  -36.915  43.238 0.0000000000
103380  -31.364  -36.589  42.878 0.0000000000
103381  -33.002  -34.658  42.483 0.0000000000
103382  -32.482  -35.084  42.311 0.0000000000
103383  -32.626  -34.826  41.932 0.0000000000
103384  -32.302  -35.047  41.359 0.0000000000
103385  -32.024  -35.305  40.804 0.0000000000
108809  -33.972  -36.077  55.633 0.0000000000
108810  -34.000  -35.794  56.196 0.0000000000
108811  -33.530  -35.999  55.597 0.0000000000
108812  -33.099  -35.911  55.591 0.0000000000
108813  -32.670  -35.879  55.552 0.0000000000
108814  -32.155  -35.812  55.375 0.0000000000
108815  -32.165  -36.057  54.820 0.0000000000
108816  -31.703  -36.251  54.177 0.0000000000
108817  -31.200  -36.542  53.518 0.0000000000
108818  -33.113  -38.103  52.035 0.0000000000
108819  -33.321  -37.872  52.446 0.0000000000
108820  -32.803  -38.250  52.082 0.0000000000
108821  -32.566  -38.338  52.206 0.0000000000
108822  -32.302  -38.443  52.278 0.0000000000
108827  -30.476  -39.016  51.623 0.0000000000
108828  -30.390  -38.489  51.686 0.0000000000
108925  -30.891  -39.123  42.137 0.0000000000
108926  -31.047  -39.771  42.295 0.0000000000
108927  -31.057  -39.529  41.853 0.0000000000
116904  -31.843  -37.818  47.693 0.0000000000
116905  -31.815  -38.101  48.148 0.0000000000
116906  -31.457  -38.499  47.524 0.0000000000
116907  -31.258  -39.312  47.347 0.0000000000
116908  -31.275  -40.051  47.346 0.0000000000
116909  -31.133  -40.113  46.452 0.0000000000
116910  -31.267  -40.482  46.916 0.0000000000
116911  -31.406  -40.719  47.348 0.0000000000
116912  -31.705  -41.432  47.400 0.0000000000
116913  -32.135  -41.949  47.555 0.0000000000
119428  -40.179  -34.513  51.111 0.0000000000
119430  -39.590  -34.523  50.237 0.0000000000
119431  -39.540  -34.729  50.760 0.0000000000
119432  -38.858  -34.929  50.373 0.0000000000
119433  -38.231  -35.091  50.074 0.0000000000
119434  -37.593  -35.241  49.812 0.0000000000
119435  -36.881  -35.373  49.568 0.0000000000
119436  -36.946  -35.189  49.079 0.0000000000
119437  -36.207  -35.142  48.281 0.0000000000
119438  -35.504  -35.127  47.515 0.0000000000
119439  -36.254  -34.873  47.134 0.0000000000
119440  -35.539  -35.001  46.985 0.0000000000
119441  -34.814  -35.145  46.779 0.0000000000
119442  -34.155  -35.175  46.089 0.0000000000
119443  -33.512  -35.302  45.379 0.0000000000
119444  -32.937  -35.439  44.698 0.0000000000
119445  -32.516  -35.598  44.090 0.0000000000
119446  -33.105  -35.220  44.259 0.0000000000
119447  -33.233  -34.987  43.859 0.0000000000
119448  -33.294  -34.800  43.444 0.0000000000
119449  -34.456  -34.438  44.272 0.0000000000
119450  -33.926  -34.486  43.660 0.0000000000
119451  -33.457  -34.557  43.079 0.0000000000
119452  -33.626  -34.302  42.750 0.0000000000
123669  -35.433  -35.590  56.563 0.0000000000
123670  -34.950  -35.876  56.128 0.0000000000
123671  -35.342  -36.114  55.590 0.0000000000
123672  -34.844  -36.114  55.611 0.0000000000
123673  -34.448  -36.106  55.664 0.0000000000
123674  -33.959  -36.342  55.174 0.0000000000
123675  -33.506  -36.580  54.689 0.0000000000
123676  -33.012  -36.852  54.219 0.0000000000
123678  -32.079  -39.867  51.494 0.0000000000
133257  -29.021  -35.858  54.428 0.0000000000
133258  -29.076  -36.090  53.812 0.0000000000
133259  -29.124  -36.366  53.212 0.0000000000
133260  -35.686  -36.699  53.085 0.0000000000
133261  -35.332  -36.788  53.352 0.0000000000
133262  -35.106  -36.978  52.838 0.0000000000
133263  -34.479  -37.302  52.468 0.0000000000
133264  -33.872  -37.614  52.135 0.0000000000
133265  -33.633  -37.578  51.201 0.0000000000
133266  -33.519  -37.802  51.549 0.0000000000
133267  -33.322  -37.950  51.811 0.0000000000
133268  -32.821  -38.391  51.493 0.0000000000
133269  -32.415  -38.894  51.142 0.0000000000
133270  -32.160  -39.428  50.926 0.0000000000
133271  -31.800  -38.440  48.529 0.0000000000
133272  -31.798  -38.733  48.917 0.0000000000
133273  -31.868  -39.038  49.302 0.0000000000
133274  -31.546  -40.231  48.659 0.0000000000
133275  -31.666  -39.768  49.176 0.0000000000
133276  -31.895  -39.363  49.625 0.0000000000
133277  -31.940  -39.606  50.070 0.0000000000
133278  -31.962  -39.895  50.335 0.0000000000
133279  -32.005  -40.047  50.765 0.0000000000
140011  -36.868  -35.212  56.673 0.0000000000
140012  -36.827  -35.463  56.140 0.0000000000
140013  -37.812  -35.113  56.330 0.0000000000
140014  -37.336  -35.487  56.050 0.0000000000
140015  -36.799  -35.733  55.706 0.0000000000
140016  -36.703  -35.947  55.189 0.0000000000
140017  -36.608  -36.114  54.604 0.0000000000
140018  -36.506  -36.301  54.035 0.0000000000
140022  -42.839  -33.474  55.762 0.0000000000
140026  -41.198  -34.181  55.905 0.0000000000
140027  -40.675  -34.345  55.610 0.0000000000
140029  -41.691  -34.383  53.557 0.0000000000
140030  -41.492  -34.477  54.062 0.0000000000
140031  -40.442  -34.803  52.852 0.0000000000
140032  -40.859  -34.659  53.661 0.0000000000
140033  -41.170  -34.455  54.340 0.0000000000
140034  -40.912  -34.528  54.706 0.0000000000
140035  -40.554  -34.541  55.041 0.0000000000
140036  -40.168  -34.608  55.362 0.0000000000
140037  -39.710  -34.910  55.183 0.0000000000
140038  -39.159  -35.188  54.897 0.0000000000
140039  -38.577  -35.470  54.617 0.0000000000
140040  -38.690  -35.569  53.542 0.0000000000
140041  -38.373  -35.638  53.955 0.0000000000
140042  -37.990  -35.725  54.340 0.0000000000
140043  -37.419  -35.995  54.003 0.0000000000
140044  -36.802  -36.265  53.658 0.0000000000
140045  -36.253  -36.490  53.376 0.0000000000
140046  -35.911  -36.642  52.775 0.0000000000
140047  -35.523  -36.728  52.166 0.0000000000
140048  -35.098  -36.787  51.540 0.0000000000
140049  -35.819  -36.365  51.327 0.0000000000
140050  -35.173  -36.572  51.065 0.0000000000
140051  -34.502  -36.790  50.757 0.0000000000
140052  -33.952  -36.794  50.053 0.0000000000
140053  -33.357  -36.867  49.316 0.0000000000
140054  -32.799  -37.000  48.613 0.0000000000
140055  -36.154  -35.496  49.315 0.0000000000
140056  -35.396  -35.626  49.157 0.0000000000
140057  -34.771  -35.817  48.942 0.0000000000
140058  -34.187  -35.660  47.755 0.0000000000
140059  -34.148  -35.833  48.256 0.0000000000
140060  -34.122  -36.026  48.700 0.0000000000
140061  -33.478  -36.342  48.454 0.0000000000
140062  -32.866  -36.750  48.198 0.0000000000
140063  -32.251  -37.244  47.879 0.0000000000
140064  -31.824  -37.582  47.237 0.0000000000
140065  -31.461  -37.928  46.634 0.0000000000
140066  -31.156  -38.322  46.093 0.0000000000
140067  -31.427  -37.378  45.676 0.0000000000
140068  -31.136  -38.076  45.588 0.0000000000
140069  -30.959  -38.743  45.563 0.0000000000
140070  -30.848  -39.193  45.083 0.0000000000
140071  -30.839  -39.606  44.631 0.0000000000
140072  -30.898  -40.014  44.211 0.0000000000
140073  -30.993  -40.329  43.895 0.0000000000
140074  -30.834  -39.743  43.749 0.0000000000
140075  -30.774  -39.424  43.315 0.0000000000
140076  -30.758  -39.098  42.888 0.0000000000
140077  -30.782  -38.095  43.207 0.0000000000
140078  -30.719  -38.444  42.828 0.0000000000
140079  -30.753  -38.756  42.455 0.0000000000
140080  -30.788  -38.533  42.035 0.0000000000
140081  -30.868  -38.305  41.611 0.0000000000
140082  -30.957  -37.988  41.151 0.0000000000
140083  -32.121  -35.793  43.498 0.0000000000
140084  -31.776  -36.034  42.940 0.0000000000
140085  -31.491  -36.344  42.427 0.0000000000
140086  -32.054  -35.523  42.148 0.0000000000
140087  -31.621  -36.090  42.036 0.0000000000
140088  -31.259  -36.672  41.958 0.0000000000
140089  -31.109  -36.993  41.525 0.0000000000
140090  -31.063  -37.342  41.099 0.0000000000
140091  -31.070  -37.687  40.708 0.0000000000
151051  -34.000  -35.543  56.772 0.0000000000
151058  -31.568  -35.463  56.648 0.0000000000
151059  -31.110  -35.541  55.849 0.0000000000
151060  -31.686  -35.714  55.306 0.0000000000
151061  -31.114  -35.664  55.168 0.0000000000
151062  -30.566  -35.714  54.982 0.0000000000
151063  -30.062  -35.964  54.157 0.0000000000
151064  -29.611  -36.272  53.413 0.0000000000
151065  -29.194  -36.707  52.718 0.0000000000
151066  -34.940  -36.885  53.530 0.0000000000
151067  -34.607  -36.969  53.707 0.0000000000
151068  -34.250  -37.087  53.809 0.0000000000
151069  -33.526  -37.652  52.918 0.0000000000
151070  -33.701  -37.406  53.409 0.0000000000
151071  -33.797  -37.191  53.861 0.0000000000
151072  -33.397  -37.229  53.786 0.0000000000
151073  -33.012  -37.171  53.835 0.0000000000
151074  -32.516  -37.123  53.682 0.0000000000
151075  -32.064  -39.419  51.778 0.0000000000
151076  -31.996  -38.954  52.007 0.0000000000
151077  -31.954  -38.546  52.232 0.0000000000
151078  -31.393  -39.285  52.013 0.0000000000
151079  -31.622  -38.624  52.215 0.0000000000
151080  -31.962  -38.209  52.517 0.0000000000
151081  -31.975  -37.845  52.813 0.0000000000
151082  -32.041  -37.425  53.172 0.0000000000
151083  -32.126  -37.028  53.568 0.0000000000
151084  -31.676  -36.975  53.312 0.0000000000
151085  -31.195  -36.930  53.007 0.0000000000
151086  -30.733  -36.894  52.862 0.0000000000
151087  -30.342  -37.952  51.922 0.0000000000
151088  -30.318  -37.419  52.211 0.0000000000
151089  -30.312  -36.876  52.642 0.0000000000
151090  -29.761  -37.034  52.404 0.0000000000
151091  -29.237  -37.128  52.205 0.0000000000
151092  -28.762  -37.274  52.069 0.0000000000
151093  -28.399  -37.858  51.596 0.0000000000
151282  -31.175  -40.633  43.589 0.0000000000
151283  -31.396  -40.933  43.378 0.0000000000
151285  -31.251  -40.382  42.523 0.0000000000
