#!ascii label  , from subject fsaverage vox2ras=TkReg
2054
127  -50.939  -40.810  29.976 0.0000000000
279  -60.866  -32.868  27.169 0.0000000000
291  -63.330  -41.320  9.953 0.0000000000
543  -54.760  -47.514  22.698 0.0000000000
545  -46.197  -42.804  22.073 0.0000000000
546  -57.537  -40.925  14.801 0.0000000000
547  -61.187  -34.075  9.617 0.0000000000
758  -62.406  -31.372  30.883 0.0000000000
771  -62.484  -44.677  12.732 0.0000000000
1195  -54.313  -39.012  31.981 0.0000000000
1196  -56.479  -42.079  33.832 0.0000000000
1197  -53.350  -43.926  31.009 0.0000000000
1198  -55.879  -47.508  26.625 0.0000000000
1199  -51.138  -45.737  27.202 0.0000000000
1205  -46.459  -41.260  17.150 0.0000000000
1206  -50.713  -42.853  17.709 0.0000000000
1207  -52.701  -39.436  13.749 0.0000000000
1208  -59.375  -37.557  12.183 0.0000000000
1232  -56.758  -37.683  5.310 0.0000000000
1654  -57.892  -34.592  31.444 0.0000000000
1655  -54.557  -36.134  28.870 0.0000000000
1677  -63.000  -38.566  7.006 0.0000000000
2270  -59.523  -49.260  22.635 0.0000000000
2271  -59.318  -47.381  19.353 0.0000000000
2273  -56.122  -33.037  24.638 0.0000000000
2274  -49.930  -36.951  27.339 0.0000000000
2277  -47.721  -42.546  26.695 0.0000000000
2278  -50.053  -45.235  22.305 0.0000000000
2279  -55.179  -44.761  18.264 0.0000000000
2280  -60.922  -43.651  15.580 0.0000000000
2281  -62.713  -40.169  13.274 0.0000000000
2282  -64.044  -36.930  10.532 0.0000000000
2283  -65.150  -33.885  8.236 0.0000000000
2285  -62.716  -30.682  7.639 0.0000000000
3115  -52.809  -39.874  30.900 0.0000000000
3116  -53.481  -41.413  32.113 0.0000000000
3117  -51.832  -42.358  30.796 0.0000000000
3118  -52.130  -44.870  29.230 0.0000000000
3119  -50.528  -43.424  29.225 0.0000000000
3126  -49.264  -40.638  15.247 0.0000000000
3127  -50.246  -39.348  12.691 0.0000000000
3128  -53.509  -38.147  11.743 0.0000000000
3152  -59.510  -36.185  5.172 0.0000000000
3715  -62.156  -32.287  29.037 0.0000000000
3716  -60.820  -33.109  31.262 0.0000000000
3717  -59.259  -33.497  29.626 0.0000000000
3718  -56.144  -34.973  30.083 0.0000000000
3719  -57.511  -33.833  28.178 0.0000000000
3755  -60.418  -39.967  6.922 0.0000000000
3756  -63.472  -39.928  8.363 0.0000000000
5028  -56.618  -44.304  32.234 0.0000000000
5029  -57.866  -43.372  34.150 0.0000000000
5035  -55.179  -47.864  24.703 0.0000000000
5036  -57.980  -48.448  24.668 0.0000000000
5037  -57.417  -48.294  22.630 0.0000000000
5038  -59.268  -48.548  20.884 0.0000000000
5039  -57.185  -47.525  20.755 0.0000000000
5046  -52.776  -34.634  26.212 0.0000000000
5047  -49.942  -34.634  25.989 0.0000000000
5056  -48.413  -44.421  24.681 0.0000000000
5057  -48.120  -44.149  22.047 0.0000000000
5058  -53.948  -41.982  15.934 0.0000000000
5059  -52.984  -43.813  17.898 0.0000000000
5060  -56.240  -42.956  16.303 0.0000000000
5061  -57.855  -44.024  16.384 0.0000000000
5062  -59.339  -42.008  14.864 0.0000000000
5063  -61.939  -41.866  14.329 0.0000000000
5064  -60.467  -40.249  13.968 0.0000000000
5065  -60.231  -35.810  10.690 0.0000000000
5066  -62.145  -36.841  11.610 0.0000000000
5067  -63.095  -35.141  10.342 0.0000000000
5068  -64.765  -35.456  9.321 0.0000000000
5069  -64.051  -33.520  9.432 0.0000000000
5076  -64.844  -30.345  6.884 0.0000000000
5997  -63.022  -42.813  11.359 0.0000000000
6759  -55.416  -38.158  33.205 0.0000000000
6761  -55.197  -40.556  33.276 0.0000000000
6762  -54.744  -43.013  32.476 0.0000000000
6763  -55.317  -45.162  30.603 0.0000000000
6764  -56.717  -46.935  28.498 0.0000000000
6765  -54.242  -46.067  28.784 0.0000000000
6766  -53.349  -46.788  26.885 0.0000000000
6767  -52.737  -47.022  24.808 0.0000000000
6777  -46.104  -42.074  19.722 0.0000000000
6778  -48.106  -43.309  19.768 0.0000000000
6779  -48.569  -41.945  17.653 0.0000000000
6780  -51.584  -41.002  15.924 0.0000000000
6781  -55.129  -39.907  14.407 0.0000000000
6782  -58.427  -39.221  13.742 0.0000000000
6783  -56.025  -38.584  12.716 0.0000000000
6784  -56.916  -36.991  11.005 0.0000000000
6785  -57.728  -35.174  9.597 0.0000000000
6826  -54.164  -39.299  5.245 0.0000000000
7699  -59.475  -34.111  32.922 0.0000000000
7700  -57.174  -35.881  32.782 0.0000000000
7701  -55.590  -36.486  31.500 0.0000000000
7702  -54.245  -37.417  30.383 0.0000000000
7703  -52.620  -38.334  29.438 0.0000000000
7752  -55.059  -41.207  5.988 0.0000000000
7753  -57.331  -39.619  6.063 0.0000000000
7754  -60.044  -38.111  6.155 0.0000000000
7755  -62.720  -36.639  6.118 0.0000000000
9381  -58.905  -32.990  25.292 0.0000000000
9382  -55.330  -34.749  26.819 0.0000000000
9383  -52.412  -36.728  27.856 0.0000000000
9384  -50.274  -38.916  28.673 0.0000000000
9391  -47.712  -37.610  26.699 0.0000000000
9392  -48.280  -39.888  27.518 0.0000000000
9393  -49.247  -41.802  28.433 0.0000000000
9394  -49.250  -44.228  27.125 0.0000000000
9395  -50.383  -45.816  24.781 0.0000000000
9396  -52.284  -46.350  22.582 0.0000000000
9397  -50.194  -44.314  19.909 0.0000000000
9398  -52.360  -45.220  20.261 0.0000000000
9399  -54.736  -46.371  20.547 0.0000000000
9400  -57.225  -45.962  18.680 0.0000000000
9401  -59.608  -45.593  17.316 0.0000000000
9402  -61.836  -45.732  16.003 0.0000000000
9403  -62.640  -44.072  14.567 0.0000000000
9404  -63.346  -42.319  13.103 0.0000000000
9405  -63.916  -40.667  11.832 0.0000000000
9406  -61.284  -38.549  12.951 0.0000000000
9407  -63.359  -38.553  12.018 0.0000000000
9408  -64.287  -39.214  10.195 0.0000000000
9409  -64.632  -37.784  8.813 0.0000000000
9410  -64.775  -36.316  7.519 0.0000000000
9411  -64.555  -34.507  6.239 0.0000000000
9414  -58.364  -33.565  8.498 0.0000000000
9417  -62.118  -32.346  8.659 0.0000000000
9418  -64.509  -31.902  8.334 0.0000000000
9419  -65.136  -32.292  6.597 0.0000000000
10795  -51.787  -40.319  30.518 0.0000000000
10796  -52.092  -41.076  31.091 0.0000000000
10797  -51.329  -41.612  30.455 0.0000000000
10798  -51.192  -42.840  30.007 0.0000000000
10799  -50.669  -42.146  29.714 0.0000000000
10806  -48.580  -39.976  13.441 0.0000000000
10832  -60.889  -35.424  5.132 0.0000000000
11395  -61.585  -32.657  28.018 0.0000000000
11396  -60.856  -32.904  29.255 0.0000000000
11397  -60.057  -33.119  28.429 0.0000000000
11398  -58.449  -33.585  28.845 0.0000000000
11399  -59.235  -33.279  27.689 0.0000000000
11436  -63.495  -40.610  9.101 0.0000000000
12715  -54.942  -47.785  23.687 0.0000000000
12716  -56.296  -48.125  23.728 0.0000000000
12717  -56.132  -47.905  22.617 0.0000000000
12718  -57.274  -47.951  21.698 0.0000000000
12719  -55.976  -47.535  21.615 0.0000000000
12726  -51.572  -33.559  25.273 0.0000000000
12736  -47.261  -43.715  23.311 0.0000000000
12737  -47.155  -43.502  22.026 0.0000000000
12738  -55.732  -41.403  15.321 0.0000000000
12739  -55.168  -42.451  16.071 0.0000000000
12740  -56.906  -41.924  15.412 0.0000000000
12741  -57.779  -42.435  15.457 0.0000000000
12742  -58.531  -41.372  14.767 0.0000000000
12743  -59.993  -41.087  14.361 0.0000000000
12744  -59.094  -40.532  14.299 0.0000000000
12745  -60.710  -34.921  10.132 0.0000000000
12746  -61.728  -35.342  10.536 0.0000000000
12747  -62.238  -34.500  10.046 0.0000000000
12748  -63.596  -34.321  9.853 0.0000000000
12749  -62.740  -33.688  9.616 0.0000000000
13836  -62.839  -43.756  12.031 0.0000000000
15105  -54.777  -38.567  32.602 0.0000000000
15106  -55.180  -39.322  33.329 0.0000000000
15107  -54.646  -39.720  32.718 0.0000000000
15108  -53.226  -42.655  31.769 0.0000000000
15109  -54.072  -42.186  32.434 0.0000000000
15110  -53.985  -43.456  31.801 0.0000000000
15111  -54.858  -44.216  31.706 0.0000000000
15112  -54.270  -44.621  30.848 0.0000000000
15113  -54.750  -45.598  29.703 0.0000000000
15114  -53.713  -45.017  29.942 0.0000000000
15115  -51.604  -45.365  28.308 0.0000000000
15116  -52.625  -45.957  28.063 0.0000000000
15117  -52.155  -46.354  27.082 0.0000000000
15118  -52.968  -46.946  25.902 0.0000000000
15119  -51.816  -46.527  26.012 0.0000000000
15131  -45.321  -41.079  16.882 0.0000000000
15133  -45.196  -41.295  18.286 0.0000000000
15134  -45.181  -41.499  19.604 0.0000000000
15135  -46.218  -41.641  18.507 0.0000000000
15136  -47.235  -42.105  18.665 0.0000000000
15137  -47.529  -41.519  17.427 0.0000000000
15138  -50.980  -40.063  14.437 0.0000000000
15139  -50.467  -40.730  15.644 0.0000000000
15140  -52.131  -40.156  14.903 0.0000000000
15141  -53.358  -40.450  15.108 0.0000000000
15142  -53.914  -39.610  14.121 0.0000000000
15143  -55.551  -39.198  13.635 0.0000000000
15144  -54.329  -39.023  13.253 0.0000000000
15145  -53.842  -37.411  10.891 0.0000000000
15146  -55.169  -37.632  11.337 0.0000000000
15147  -55.581  -36.749  10.523 0.0000000000
15148  -57.423  -36.048  10.278 0.0000000000
15149  -55.943  -35.861  9.755 0.0000000000
15217  -55.370  -38.483  5.298 0.0000000000
15218  -53.725  -38.527  4.718 0.0000000000
15219  -55.038  -37.681  4.683 0.0000000000
16907  -62.141  -31.837  32.004 0.0000000000
16908  -59.357  -33.732  31.306 0.0000000000
16909  -60.105  -33.555  32.143 0.0000000000
16910  -58.692  -34.365  32.186 0.0000000000
16911  -58.198  -35.033  32.893 0.0000000000
16912  -57.398  -35.281  32.167 0.0000000000
16913  -56.398  -36.188  32.128 0.0000000000
16914  -56.586  -35.469  31.502 0.0000000000
16915  -55.324  -35.496  29.357 0.0000000000
16916  -55.067  -36.147  30.139 0.0000000000
16917  -54.352  -36.706  29.603 0.0000000000
16918  -53.636  -37.940  29.851 0.0000000000
16919  -53.617  -37.190  29.137 0.0000000000
17024  -56.592  -41.504  6.415 0.0000000000
17025  -56.171  -40.435  5.985 0.0000000000
17026  -57.756  -40.667  6.499 0.0000000000
17027  -61.771  -39.287  6.945 0.0000000000
17028  -60.234  -39.049  6.481 0.0000000000
17029  -61.530  -38.352  6.503 0.0000000000
17030  -61.330  -37.373  6.047 0.0000000000
17031  -62.867  -37.683  6.521 0.0000000000
20843  -56.416  -40.926  34.296 0.0000000000
20845  -57.066  -41.624  34.625 0.0000000000
20847  -57.889  -43.027  35.210 0.0000000000
20865  -56.314  -47.186  27.574 0.0000000000
20867  -57.304  -47.809  26.580 0.0000000000
20868  -58.793  -48.909  23.639 0.0000000000
20869  -59.072  -48.879  24.590 0.0000000000
20875  -59.306  -47.933  20.173 0.0000000000
20877  -60.069  -48.051  19.368 0.0000000000
20879  -60.216  -47.400  18.539 0.0000000000
20895  -57.581  -33.126  24.857 0.0000000000
20896  -57.041  -33.717  26.121 0.0000000000
20897  -55.751  -33.909  25.712 0.0000000000
20898  -51.203  -35.708  26.885 0.0000000000
20899  -52.486  -35.797  27.071 0.0000000000
20900  -51.164  -36.791  27.617 0.0000000000
20901  -51.233  -37.707  28.267 0.0000000000
20902  -50.057  -38.011  27.945 0.0000000000
20921  -47.058  -41.721  26.490 0.0000000000
20922  -47.336  -40.337  26.902 0.0000000000
20923  -47.812  -41.323  27.336 0.0000000000
20924  -48.733  -40.910  28.006 0.0000000000
20925  -48.407  -42.195  27.645 0.0000000000
20926  -49.124  -43.080  27.939 0.0000000000
20927  -48.467  -43.408  26.959 0.0000000000
20928  -49.140  -44.982  23.420 0.0000000000
20929  -49.398  -45.124  24.706 0.0000000000
20930  -50.192  -45.594  23.471 0.0000000000
20931  -51.267  -46.205  23.615 0.0000000000
20932  -51.166  -45.804  22.475 0.0000000000
20933  -49.364  -43.212  18.743 0.0000000000
20934  -49.105  -43.865  19.790 0.0000000000
20935  -50.437  -43.672  18.762 0.0000000000
20936  -54.050  -44.281  18.127 0.0000000000
20937  -52.609  -44.523  19.067 0.0000000000
20938  -53.699  -45.049  19.311 0.0000000000
20939  -53.506  -45.758  20.500 0.0000000000
20940  -54.896  -45.602  19.462 0.0000000000
20941  -56.014  -46.164  19.551 0.0000000000
20942  -56.096  -45.299  18.395 0.0000000000
20943  -59.371  -43.812  15.856 0.0000000000
20944  -58.747  -44.862  16.809 0.0000000000
20945  -60.198  -44.631  16.271 0.0000000000
20946  -60.846  -45.592  16.719 0.0000000000
20947  -61.553  -44.542  15.918 0.0000000000
20948  -62.284  -44.883  15.285 0.0000000000
20949  -62.000  -43.732  15.270 0.0000000000
20950  -62.400  -40.988  13.829 0.0000000000
20951  -62.832  -41.970  13.886 0.0000000000
20952  -63.212  -41.161  13.258 0.0000000000
20953  -63.659  -41.510  12.479 0.0000000000
20954  -63.474  -40.368  12.725 0.0000000000
20955  -58.886  -38.394  12.958 0.0000000000
20956  -59.913  -38.863  13.356 0.0000000000
20957  -60.348  -37.969  12.673 0.0000000000
20958  -63.251  -36.768  11.152 0.0000000000
20959  -62.886  -37.621  11.805 0.0000000000
20960  -63.647  -37.740  11.221 0.0000000000
20961  -63.978  -38.800  11.187 0.0000000000
20962  -64.269  -38.047  10.353 0.0000000000
20963  -64.449  -38.462  9.412 0.0000000000
20964  -64.583  -37.345  9.706 0.0000000000
20965  -65.043  -34.653  8.815 0.0000000000
20966  -64.978  -35.917  8.483 0.0000000000
20967  -65.121  -35.068  7.910 0.0000000000
20968  -64.774  -35.423  6.921 0.0000000000
20969  -65.065  -34.248  7.218 0.0000000000
20984  -60.677  -32.105  8.049 0.0000000000
20985  -62.419  -31.529  8.140 0.0000000000
20986  -63.541  -31.986  8.663 0.0000000000
20987  -63.783  -31.202  8.078 0.0000000000
20989  -65.159  -31.345  6.754 0.0000000000
24039  -53.720  -39.479  31.377 0.0000000000
24040  -53.961  -40.202  32.074 0.0000000000
24041  -53.042  -40.645  31.543 0.0000000000
24042  -52.586  -41.822  31.483 0.0000000000
24043  -52.516  -43.134  30.987 0.0000000000
24044  -52.735  -44.371  30.141 0.0000000000
24045  -51.907  -43.662  30.121 0.0000000000
24046  -51.276  -44.189  29.276 0.0000000000
24047  -50.705  -44.665  28.400 0.0000000000
24057  -46.773  -40.867  15.707 0.0000000000
24058  -47.866  -41.022  16.102 0.0000000000
24059  -48.155  -40.532  14.711 0.0000000000
24060  -49.790  -40.016  13.896 0.0000000000
24061  -51.465  -39.387  13.198 0.0000000000
24062  -53.145  -38.829  12.736 0.0000000000
24063  -51.817  -38.762  12.227 0.0000000000
24106  -58.070  -36.934  5.233 0.0000000000
24107  -56.424  -36.855  4.570 0.0000000000
24108  -57.757  -36.087  4.507 0.0000000000
25119  -62.456  -31.885  30.044 0.0000000000
25120  -62.022  -32.339  31.194 0.0000000000
25121  -61.552  -32.702  30.230 0.0000000000
25122  -60.055  -33.308  30.392 0.0000000000
25123  -58.466  -33.970  30.601 0.0000000000
25124  -57.079  -34.750  30.798 0.0000000000
25125  -57.650  -34.119  29.923 0.0000000000
25126  -56.742  -34.366  29.242 0.0000000000
25127  -55.824  -34.932  28.540 0.0000000000
25191  -59.236  -40.796  7.071 0.0000000000
25193  -62.019  -40.001  7.484 0.0000000000
25194  -63.208  -39.229  7.633 0.0000000000
27482  -56.488  -43.181  33.147 0.0000000000
27483  -57.216  -42.707  34.001 0.0000000000
27484  -57.357  -43.797  33.074 0.0000000000
27485  -58.092  -44.520  33.238 0.0000000000
27495  -55.506  -47.826  25.692 0.0000000000
27496  -56.918  -48.091  25.651 0.0000000000
27497  -56.599  -48.155  24.705 0.0000000000
27498  -57.653  -48.436  23.651 0.0000000000
27499  -58.585  -48.714  22.608 0.0000000000
27500  -59.425  -48.953  21.725 0.0000000000
27501  -58.443  -48.437  21.667 0.0000000000
27502  -58.405  -48.025  20.882 0.0000000000
27503  -58.416  -47.463  20.079 0.0000000000
27513  -54.729  -32.792  24.520 0.0000000000
27514  -54.382  -33.791  25.407 0.0000000000
27515  -52.980  -33.641  25.324 0.0000000000
27516  -51.317  -34.626  26.120 0.0000000000
27517  -49.891  -35.803  26.718 0.0000000000
27531  -47.164  -42.879  25.664 0.0000000000
27532  -47.956  -43.670  25.828 0.0000000000
27533  -47.559  -43.773  24.655 0.0000000000
27534  -48.194  -44.356  23.401 0.0000000000
27535  -49.025  -44.718  22.150 0.0000000000
27536  -52.265  -42.431  16.759 0.0000000000
27537  -51.871  -43.320  17.750 0.0000000000
27538  -53.442  -42.935  16.835 0.0000000000
27539  -54.549  -43.377  17.042 0.0000000000
27540  -55.673  -43.923  17.208 0.0000000000
27541  -56.508  -44.411  17.255 0.0000000000
27542  -57.041  -43.416  16.257 0.0000000000
27543  -58.538  -42.996  15.531 0.0000000000
27544  -60.176  -42.780  15.179 0.0000000000
27545  -61.491  -42.742  14.985 0.0000000000
27546  -60.783  -41.911  14.671 0.0000000000
27547  -61.279  -40.982  14.159 0.0000000000
27548  -61.716  -40.103  13.708 0.0000000000
27549  -59.841  -36.714  11.362 0.0000000000
27550  -60.840  -37.132  11.927 0.0000000000
27551  -61.245  -36.266  11.197 0.0000000000
27552  -62.609  -35.966  10.970 0.0000000000
27553  -63.690  -35.944  10.542 0.0000000000
27554  -64.446  -36.188  9.926 0.0000000000
27555  -64.164  -35.185  9.965 0.0000000000
27556  -64.544  -34.396  9.445 0.0000000000
27557  -64.842  -33.575  8.999 0.0000000000
27568  -63.978  -30.399  7.439 0.0000000000
29355  -63.161  -42.010  10.712 0.0000000000
31134  -55.789  -40.178  33.919 0.0000000000
31135  -55.793  -41.336  33.661 0.0000000000
31136  -54.358  -40.958  32.714 0.0000000000
31137  -54.908  -41.754  33.040 0.0000000000
31138  -55.597  -42.508  33.137 0.0000000000
31139  -55.659  -43.712  32.462 0.0000000000
31140  -55.913  -44.768  31.523 0.0000000000
31143  -55.931  -46.108  29.413 0.0000000000
31144  -55.405  -46.573  28.565 0.0000000000
31145  -54.992  -46.894  27.748 0.0000000000
31146  -53.146  -45.502  29.057 0.0000000000
31147  -53.824  -46.503  27.836 0.0000000000
31148  -54.597  -47.191  26.715 0.0000000000
31149  -54.243  -47.416  25.718 0.0000000000
31150  -53.882  -47.510  24.727 0.0000000000
31151  -53.650  -47.353  23.714 0.0000000000
31172  -45.162  -41.777  20.880 0.0000000000
31173  -46.096  -42.460  20.895 0.0000000000
31174  -47.107  -43.111  20.783 0.0000000000
31175  -47.124  -42.675  19.730 0.0000000000
31176  -48.277  -42.680  18.725 0.0000000000
31177  -49.650  -42.368  17.713 0.0000000000
31178  -48.914  -41.242  16.519 0.0000000000
31179  -50.001  -41.536  16.741 0.0000000000
31180  -51.105  -41.962  16.762 0.0000000000
31181  -52.719  -41.473  15.895 0.0000000000
31182  -54.500  -40.921  15.197 0.0000000000
31183  -56.356  -40.384  14.665 0.0000000000
31184  -58.131  -40.014  14.332 0.0000000000
31185  -56.815  -39.572  14.029 0.0000000000
31186  -57.259  -38.837  13.267 0.0000000000
31187  -57.723  -38.104  12.386 0.0000000000
31188  -54.779  -38.406  12.243 0.0000000000
31189  -56.532  -37.821  11.814 0.0000000000
31190  -58.262  -37.228  11.527 0.0000000000
31191  -58.674  -36.331  10.788 0.0000000000
31192  -59.095  -35.402  10.173 0.0000000000
31193  -59.468  -34.585  9.596 0.0000000000
31288  -53.105  -40.079  5.198 0.0000000000
33513  -61.484  -32.789  32.132 0.0000000000
33519  -56.186  -36.984  32.891 0.0000000000
33520  -55.365  -37.361  32.299 0.0000000000
33521  -54.649  -37.813  31.716 0.0000000000
33522  -55.855  -35.701  30.783 0.0000000000
33523  -54.825  -36.962  30.948 0.0000000000
33524  -54.158  -38.242  31.189 0.0000000000
33525  -53.611  -38.787  30.643 0.0000000000
33526  -52.648  -39.173  30.178 0.0000000000
33527  -51.554  -39.478  29.845 0.0000000000
33659  -53.986  -41.826  6.057 0.0000000000
33660  -53.573  -40.948  5.626 0.0000000000
33661  -54.551  -40.221  5.592 0.0000000000
33662  -55.738  -39.417  5.673 0.0000000000
33663  -57.035  -38.618  5.852 0.0000000000
33664  -58.931  -39.833  6.538 0.0000000000
33665  -58.677  -38.803  6.164 0.0000000000
33666  -58.454  -37.834  5.780 0.0000000000
33667  -59.789  -37.121  5.699 0.0000000000
33668  -61.133  -36.388  5.687 0.0000000000
33669  -62.450  -35.634  5.699 0.0000000000
38326  -57.596  -42.278  34.931 0.0000000000
38353  -58.373  -48.308  25.637 0.0000000000
38385  -60.090  -32.877  26.142 0.0000000000
38386  -58.288  -33.395  26.737 0.0000000000
38387  -56.500  -34.287  27.414 0.0000000000
38388  -54.955  -35.532  27.936 0.0000000000
38389  -54.113  -34.800  26.368 0.0000000000
38390  -53.801  -35.819  27.323 0.0000000000
38391  -53.669  -36.522  28.257 0.0000000000
38392  -52.499  -37.513  28.595 0.0000000000
38393  -51.389  -38.606  29.076 0.0000000000
38394  -50.582  -39.873  29.335 0.0000000000
38414  -48.634  -36.073  26.470 0.0000000000
38415  -48.721  -37.280  27.043 0.0000000000
38416  -47.009  -39.189  26.571 0.0000000000
38417  -47.952  -38.815  26.977 0.0000000000
38418  -48.955  -38.381  27.488 0.0000000000
38419  -49.255  -39.451  28.082 0.0000000000
38420  -49.626  -40.392  28.646 0.0000000000
38421  -50.090  -41.318  29.221 0.0000000000
38422  -49.869  -42.634  28.822 0.0000000000
38423  -49.862  -43.924  28.241 0.0000000000
38424  -50.136  -45.045  27.232 0.0000000000
38425  -48.820  -44.415  25.984 0.0000000000
38426  -49.699  -45.162  25.982 0.0000000000
38427  -50.722  -45.909  25.975 0.0000000000
38428  -51.494  -46.453  24.774 0.0000000000
38429  -52.412  -46.805  23.638 0.0000000000
38430  -53.468  -46.954  22.640 0.0000000000
38431  -48.002  -43.762  20.793 0.0000000000
38432  -49.012  -44.408  20.953 0.0000000000
38433  -50.072  -44.857  21.108 0.0000000000
38434  -51.528  -44.131  18.895 0.0000000000
38435  -51.259  -44.743  20.058 0.0000000000
38436  -51.141  -45.316  21.285 0.0000000000
38437  -52.264  -45.828  21.488 0.0000000000
38438  -53.487  -46.452  21.548 0.0000000000
38439  -54.637  -47.000  21.612 0.0000000000
38440  -55.946  -46.941  20.593 0.0000000000
38441  -57.170  -46.814  19.727 0.0000000000
38442  -58.242  -46.730  19.069 0.0000000000
38443  -57.379  -44.993  17.522 0.0000000000
38444  -58.400  -45.768  17.925 0.0000000000
38445  -59.383  -46.561  18.375 0.0000000000
38446  -60.491  -46.523  17.585 0.0000000000
38450  -62.470  -45.255  14.341 0.0000000000
38451  -62.836  -44.403  13.609 0.0000000000
38452  -62.443  -42.908  14.560 0.0000000000
38453  -63.008  -43.167  13.828 0.0000000000
38454  -63.178  -43.512  12.861 0.0000000000
38455  -63.484  -42.628  12.149 0.0000000000
38456  -63.629  -41.755  11.520 0.0000000000
38457  -63.803  -41.058  10.802 0.0000000000
38458  -59.505  -39.665  13.877 0.0000000000
38459  -60.896  -39.387  13.500 0.0000000000
38460  -62.110  -39.269  13.155 0.0000000000
38461  -61.716  -37.728  12.294 0.0000000000
38462  -62.455  -38.472  12.498 0.0000000000
38463  -63.040  -39.371  12.680 0.0000000000
38464  -63.766  -39.581  12.015 0.0000000000
38465  -64.116  -39.930  11.093 0.0000000000
38466  -64.015  -40.327  10.016 0.0000000000
38467  -64.114  -39.598  9.247 0.0000000000
38468  -64.132  -38.956  8.492 0.0000000000
38469  -64.085  -38.303  7.819 0.0000000000
38470  -64.801  -36.646  9.140 0.0000000000
38471  -64.704  -37.153  8.181 0.0000000000
38472  -64.117  -37.584  7.201 0.0000000000
38473  -64.009  -36.592  6.640 0.0000000000
38474  -63.826  -35.572  6.138 0.0000000000
38475  -63.473  -34.646  5.448 0.0000000000
38482  -56.254  -34.990  9.085 0.0000000000
38483  -58.015  -34.342  9.032 0.0000000000
38484  -59.872  -33.749  9.060 0.0000000000
38492  -60.258  -32.887  8.528 0.0000000000
38493  -61.631  -33.218  9.135 0.0000000000
38494  -63.255  -32.831  9.172 0.0000000000
38495  -64.346  -32.685  8.954 0.0000000000
38496  -64.973  -32.814  8.356 0.0000000000
38497  -64.669  -31.176  7.599 0.0000000000
38498  -65.028  -32.041  7.557 0.0000000000
38499  -65.129  -33.059  7.394 0.0000000000
38500  -64.924  -33.332  6.385 0.0000000000
41515  -51.352  -40.573  30.266 0.0000000000
41516  -51.505  -40.965  30.524 0.0000000000
41517  -51.113  -41.235  30.224 0.0000000000
41518  -50.971  -41.882  30.156 0.0000000000
41519  -50.745  -41.486  29.887 0.0000000000
42115  -61.211  -32.775  27.609 0.0000000000
42116  -60.855  -32.892  28.199 0.0000000000
42117  -60.497  -32.990  27.793 0.0000000000
42118  -59.687  -33.197  28.040 0.0000000000
42119  -60.083  -33.074  27.412 0.0000000000
42152  -62.859  -41.685  9.940 0.0000000000
42154  -62.908  -41.351  9.519 0.0000000000
42155  -62.979  -41.001  9.084 0.0000000000
42156  -63.423  -40.971  9.513 0.0000000000
43435  -54.826  -47.686  23.199 0.0000000000
43436  -55.557  -47.884  23.156 0.0000000000
43437  -55.445  -47.719  22.644 0.0000000000
43438  -56.044  -47.735  22.098 0.0000000000
43439  -55.369  -47.537  22.148 0.0000000000
43451  -45.762  -42.388  22.085 0.0000000000
43455  -46.286  -42.933  22.699 0.0000000000
43456  -46.753  -43.293  22.710 0.0000000000
43457  -46.666  -43.158  22.059 0.0000000000
43458  -56.647  -41.141  15.062 0.0000000000
43459  -56.396  -41.649  15.377 0.0000000000
43460  -57.251  -41.393  15.084 0.0000000000
43461  -57.725  -41.647  15.066 0.0000000000
43462  -58.071  -41.133  14.790 0.0000000000
43463  -58.839  -40.957  14.519 0.0000000000
43464  -58.366  -40.708  14.555 0.0000000000
43465  -60.985  -34.475  9.873 0.0000000000
43466  -61.497  -34.678  10.102 0.0000000000
43467  -61.738  -34.265  9.851 0.0000000000
43468  -62.476  -34.079  9.834 0.0000000000
43469  -61.988  -33.854  9.613 0.0000000000
44556  -62.645  -44.227  12.389 0.0000000000
45825  -54.532  -38.789  32.284 0.0000000000
45826  -54.658  -39.149  32.686 0.0000000000
45827  -54.452  -39.361  32.364 0.0000000000
45828  -53.227  -43.296  31.422 0.0000000000
45829  -53.615  -43.064  31.803 0.0000000000
45830  -53.663  -43.683  31.421 0.0000000000
45831  -54.080  -44.058  31.372 0.0000000000
45832  -53.787  -44.275  30.940 0.0000000000
45833  -53.979  -44.783  30.380 0.0000000000
45834  -53.498  -44.483  30.502 0.0000000000
45835  -51.362  -45.588  27.768 0.0000000000
45836  -51.858  -45.881  27.744 0.0000000000
45837  -51.615  -46.061  27.163 0.0000000000
45838  -51.962  -46.471  26.575 0.0000000000
45839  -51.433  -46.162  26.597 0.0000000000
45851  -45.884  -41.165  17.030 0.0000000000
45852  -45.231  -41.190  17.618 0.0000000000
45853  -45.800  -41.306  17.716 0.0000000000
45854  -45.712  -41.456  18.386 0.0000000000
45855  -46.334  -41.439  17.842 0.0000000000
45856  -46.852  -41.618  17.947 0.0000000000
45857  -46.978  -41.378  17.289 0.0000000000
45858  -51.828  -39.750  14.080 0.0000000000
45859  -51.542  -40.096  14.685 0.0000000000
45860  -52.403  -39.789  14.339 0.0000000000
45861  -53.052  -39.865  14.536 0.0000000000
45862  -53.275  -39.514  13.989 0.0000000000
45863  -54.105  -39.308  13.701 0.0000000000
45864  -53.508  -39.220  13.513 0.0000000000
45865  -54.016  -37.010  10.490 0.0000000000
45866  -54.717  -37.095  10.685 0.0000000000
45867  -54.899  -36.684  10.295 0.0000000000
45868  -55.770  -36.326  10.146 0.0000000000
45869  -55.066  -36.223  9.909 0.0000000000
45937  -56.066  -38.066  5.315 0.0000000000
45938  -55.197  -38.050  5.011 0.0000000000
45939  -55.892  -37.643  5.006 0.0000000000
47627  -62.286  -31.598  31.446 0.0000000000
47628  -58.606  -34.159  31.397 0.0000000000
47629  -59.021  -34.029  31.748 0.0000000000
47630  -58.293  -34.478  31.787 0.0000000000
47631  -58.037  -34.830  32.161 0.0000000000
47632  -57.620  -34.929  31.803 0.0000000000
47633  -56.970  -35.373  31.838 0.0000000000
47634  -57.188  -35.022  31.475 0.0000000000
47635  -54.903  -35.840  29.062 0.0000000000
47636  -54.766  -36.137  29.431 0.0000000000
47637  -54.425  -36.413  29.248 0.0000000000
47638  -54.016  -36.966  29.394 0.0000000000
47639  -54.035  -36.659  29.055 0.0000000000
47744  -57.424  -41.573  6.771 0.0000000000
47745  -57.176  -41.088  6.444 0.0000000000
47746  -58.027  -41.213  6.822 0.0000000000
47747  -62.395  -38.917  6.956 0.0000000000
47748  -61.665  -38.839  6.721 0.0000000000
47749  -62.299  -38.489  6.702 0.0000000000
47750  -62.195  -38.032  6.499 0.0000000000
47751  -62.954  -38.156  6.730 0.0000000000
51563  -56.485  -41.515  34.103 0.0000000000
51564  -56.744  -41.257  34.495 0.0000000000
51565  -56.840  -41.854  34.245 0.0000000000
51585  -56.085  -47.322  27.073 0.0000000000
51586  -56.795  -47.474  27.087 0.0000000000
51587  -56.594  -47.656  26.605 0.0000000000
51588  -59.172  -49.089  23.143 0.0000000000
51589  -59.240  -49.200  23.625 0.0000000000
51595  -59.316  -47.665  19.760 0.0000000000
51596  -59.688  -47.925  19.764 0.0000000000
51597  -59.722  -47.689  19.365 0.0000000000
51598  -60.149  -47.783  18.972 0.0000000000
51599  -59.770  -47.405  18.960 0.0000000000
51615  -56.829  -33.118  24.741 0.0000000000
51616  -56.685  -33.519  25.315 0.0000000000
51617  -55.936  -33.490  25.154 0.0000000000
51618  -50.516  -36.307  27.147 0.0000000000
51619  -51.136  -36.291  27.264 0.0000000000
51620  -50.537  -36.869  27.490 0.0000000000
51621  -50.559  -37.363  27.794 0.0000000000
51622  -49.960  -37.524  27.631 0.0000000000
51641  -47.365  -42.137  26.585 0.0000000000
51642  -47.417  -41.556  26.909 0.0000000000
51643  -47.720  -41.962  27.068 0.0000000000
51644  -48.098  -41.723  27.516 0.0000000000
51645  -48.025  -42.388  27.162 0.0000000000
51646  -48.393  -42.827  27.321 0.0000000000
51647  -48.103  -42.990  26.834 0.0000000000
51648  -49.573  -45.120  22.847 0.0000000000
51649  -49.650  -45.305  23.470 0.0000000000
51650  -50.091  -45.414  22.881 0.0000000000
51651  -50.652  -45.719  22.973 0.0000000000
51652  -50.584  -45.504  22.384 0.0000000000
51653  -50.018  -43.050  18.230 0.0000000000
51654  -49.897  -43.442  18.715 0.0000000000
51655  -50.570  -43.273  18.219 0.0000000000
51656  -54.628  -44.530  18.216 0.0000000000
51657  -53.847  -44.694  18.712 0.0000000000
51658  -54.444  -44.904  18.794 0.0000000000
51659  -54.302  -45.306  19.404 0.0000000000
51660  -55.014  -45.169  18.836 0.0000000000
51661  -55.509  -45.449  18.907 0.0000000000
51662  -55.652  -45.008  18.299 0.0000000000
51663  -60.155  -43.713  15.689 0.0000000000
51664  -59.779  -44.226  16.064 0.0000000000
51665  -60.535  -44.136  15.901 0.0000000000
51666  -60.875  -44.602  16.133 0.0000000000
51667  -61.257  -44.058  15.756 0.0000000000
51668  -61.763  -44.160  15.569 0.0000000000
51669  -61.496  -43.649  15.450 0.0000000000
51670  -62.579  -40.576  13.546 0.0000000000
51671  -62.831  -41.047  13.588 0.0000000000
51672  -63.007  -40.659  13.256 0.0000000000
51673  -63.343  -40.777  12.958 0.0000000000
51674  -63.129  -40.259  12.992 0.0000000000
51675  -59.123  -37.970  12.566 0.0000000000
51676  -59.640  -38.187  12.832 0.0000000000
51677  -59.863  -37.745  12.457 0.0000000000
51678  -63.669  -36.817  10.896 0.0000000000
51679  -63.443  -37.246  11.196 0.0000000000
51680  -63.846  -37.353  10.845 0.0000000000
51681  -64.000  -37.874  10.792 0.0000000000
51682  -64.192  -37.534  10.396 0.0000000000
51683  -64.432  -37.712  9.975 0.0000000000
51684  -64.362  -37.129  10.105 0.0000000000
51685  -65.115  -34.262  8.542 0.0000000000
51686  -65.141  -34.850  8.372 0.0000000000
51687  -65.175  -34.453  8.052 0.0000000000
51688  -65.125  -34.667  7.558 0.0000000000
51689  -65.170  -34.081  7.722 0.0000000000
51703  -61.931  -30.955  7.615 0.0000000000
51704  -61.779  -31.373  7.847 0.0000000000
51705  -62.606  -31.097  7.907 0.0000000000
51706  -63.171  -31.315  8.143 0.0000000000
51707  -63.310  -30.900  7.881 0.0000000000
55425  -53.319  -39.690  31.098 0.0000000000
55426  -53.425  -40.082  31.420 0.0000000000
55427  -52.911  -40.275  31.213 0.0000000000
55428  -51.920  -41.710  30.980 0.0000000000
55429  -52.306  -41.444  31.276 0.0000000000
55430  -52.164  -42.083  31.156 0.0000000000
55431  -52.462  -42.440  31.337 0.0000000000
55432  -52.152  -42.731  30.914 0.0000000000
55433  -52.208  -43.384  30.561 0.0000000000
55434  -51.840  -42.994  30.525 0.0000000000
55435  -50.878  -43.145  29.610 0.0000000000
55436  -51.212  -43.530  29.677 0.0000000000
55437  -50.883  -43.814  29.302 0.0000000000
55438  -50.971  -44.439  28.879 0.0000000000
55439  -50.582  -44.064  28.877 0.0000000000
55454  -46.145  -40.817  15.535 0.0000000000
55455  -46.890  -40.665  14.981 0.0000000000
55456  -47.486  -40.703  15.159 0.0000000000
55457  -47.595  -40.491  14.472 0.0000000000
55458  -49.388  -39.684  13.043 0.0000000000
55459  -49.186  -40.001  13.660 0.0000000000
55460  -50.019  -39.699  13.282 0.0000000000
55461  -50.645  -39.711  13.535 0.0000000000
55462  -50.905  -39.363  12.924 0.0000000000
55463  -51.670  -39.070  12.725 0.0000000000
55464  -51.031  -39.048  12.454 0.0000000000
55537  -58.804  -36.561  5.209 0.0000000000
55538  -57.926  -36.481  4.892 0.0000000000
55539  -58.632  -36.114  4.857 0.0000000000
57225  -62.336  -32.078  29.539 0.0000000000
57226  -62.102  -32.309  30.170 0.0000000000
57227  -61.876  -32.483  29.647 0.0000000000
57228  -60.084  -33.172  29.460 0.0000000000
57229  -60.459  -33.095  29.862 0.0000000000
57230  -59.630  -33.408  30.003 0.0000000000
57231  -59.247  -33.632  30.503 0.0000000000
57232  -58.821  -33.736  30.140 0.0000000000
57233  -58.097  -34.055  30.255 0.0000000000
57234  -58.474  -33.782  29.797 0.0000000000
57235  -57.976  -33.677  28.502 0.0000000000
57236  -57.565  -33.915  29.049 0.0000000000
57237  -57.128  -34.091  28.709 0.0000000000
57238  -56.302  -34.624  28.866 0.0000000000
57239  -56.639  -34.335  28.379 0.0000000000
57347  -62.948  -40.296  8.249 0.0000000000
57348  -62.184  -40.324  7.820 0.0000000000
57349  -62.776  -39.952  7.863 0.0000000000
57350  -62.645  -39.612  7.505 0.0000000000
57351  -63.320  -39.573  7.970 0.0000000000
61163  -56.552  -43.749  32.742 0.0000000000
61164  -56.932  -43.487  33.111 0.0000000000
61165  -57.003  -44.058  32.625 0.0000000000
61167  -57.932  -44.694  32.655 0.0000000000
61185  -55.341  -47.844  25.220 0.0000000000
61186  -56.043  -48.003  25.220 0.0000000000
61187  -55.857  -48.001  24.772 0.0000000000
61188  -56.877  -48.210  23.163 0.0000000000
61189  -56.986  -48.264  23.665 0.0000000000
61190  -57.521  -48.379  23.139 0.0000000000
61191  -58.143  -48.568  23.120 0.0000000000
61192  -58.019  -48.494  22.607 0.0000000000
61193  -58.501  -48.613  22.093 0.0000000000
61194  -57.924  -48.365  22.126 0.0000000000
61195  -57.225  -47.777  21.218 0.0000000000
61196  -57.860  -48.023  21.259 0.0000000000
61197  -57.824  -47.779  20.828 0.0000000000
61198  -58.378  -47.751  20.466 0.0000000000
61199  -57.794  -47.501  20.386 0.0000000000
61215  -54.060  -32.697  24.519 0.0000000000
61216  -53.863  -33.198  24.888 0.0000000000
61217  -53.180  -33.129  24.895 0.0000000000
61218  -50.733  -34.082  25.650 0.0000000000
61219  -51.439  -34.079  25.694 0.0000000000
61220  -50.625  -34.634  26.076 0.0000000000
61221  -50.537  -35.198  26.421 0.0000000000
61222  -49.902  -35.218  26.362 0.0000000000
61245  -46.915  -42.989  25.093 0.0000000000
61246  -47.307  -43.359  25.190 0.0000000000
61247  -47.148  -43.416  24.548 0.0000000000
61248  -47.700  -43.962  22.678 0.0000000000
61249  -47.715  -44.058  23.361 0.0000000000
61250  -48.139  -44.265  22.733 0.0000000000
61251  -48.594  -44.568  22.750 0.0000000000
61252  -48.544  -44.449  22.127 0.0000000000
61253  -53.076  -42.216  16.331 0.0000000000
61254  -52.869  -42.686  16.778 0.0000000000
61255  -53.718  -42.467  16.345 0.0000000000
61256  -55.682  -42.714  16.188 0.0000000000
61257  -54.819  -42.934  16.548 0.0000000000
61258  -55.390  -43.178  16.667 0.0000000000
61259  -55.136  -43.667  17.146 0.0000000000
61260  -55.991  -43.462  16.763 0.0000000000
61261  -56.382  -43.662  16.734 0.0000000000
61262  -56.703  -43.181  16.327 0.0000000000
61263  -58.542  -42.191  15.121 0.0000000000
61264  -58.153  -42.697  15.473 0.0000000000
61265  -58.956  -42.502  15.196 0.0000000000
61266  -59.368  -42.859  15.319 0.0000000000
61267  -59.778  -42.375  14.996 0.0000000000
61268  -60.495  -42.348  14.925 0.0000000000
61269  -60.096  -41.931  14.752 0.0000000000
61270  -60.250  -40.668  14.157 0.0000000000
61271  -60.673  -41.020  14.261 0.0000000000
61272  -60.898  -40.597  14.068 0.0000000000
61273  -61.485  -40.551  13.963 0.0000000000
61274  -61.139  -40.164  13.902 0.0000000000
61275  -60.029  -36.282  11.028 0.0000000000
61276  -60.539  -36.506  11.306 0.0000000000
61277  -60.746  -36.075  10.978 0.0000000000
61278  -62.448  -35.192  10.464 0.0000000000
61279  -62.177  -35.612  10.760 0.0000000000
61280  -62.826  -35.507  10.641 0.0000000000
61281  -63.198  -35.898  10.826 0.0000000000
61282  -63.416  -35.511  10.483 0.0000000000
61283  -63.922  -35.545  10.247 0.0000000000
61284  -63.663  -35.142  10.181 0.0000000000
61285  -63.819  -33.918  9.644 0.0000000000
61286  -64.115  -34.332  9.672 0.0000000000
61287  -64.341  -33.916  9.461 0.0000000000
61288  -64.694  -33.987  9.239 0.0000000000
61289  -64.491  -33.519  9.241 0.0000000000
64547  -62.557  -43.249  11.233 0.0000000000
64549  -62.660  -42.816  10.928 0.0000000000
64550  -62.712  -42.407  10.638 0.0000000000
64551  -63.100  -42.391  11.046 0.0000000000
68358  -55.223  -39.944  33.317 0.0000000000
68359  -55.450  -39.762  33.648 0.0000000000
68360  -55.503  -40.348  33.581 0.0000000000
68361  -55.808  -40.748  33.833 0.0000000000
68362  -55.484  -40.946  33.500 0.0000000000
68363  -53.672  -40.807  32.127 0.0000000000
68364  -54.132  -40.562  32.418 0.0000000000
68365  -53.914  -41.180  32.406 0.0000000000
68366  -54.384  -42.601  32.463 0.0000000000
68367  -54.487  -41.980  32.739 0.0000000000
68368  -54.785  -42.369  32.778 0.0000000000
68369  -55.214  -42.117  33.103 0.0000000000
68370  -55.173  -42.782  32.816 0.0000000000
68371  -55.610  -43.149  32.839 0.0000000000
68372  -55.175  -43.403  32.488 0.0000000000
68373  -55.078  -44.721  31.190 0.0000000000
68374  -55.391  -44.517  31.627 0.0000000000
68375  -55.612  -44.977  31.054 0.0000000000
68376  -56.157  -45.218  30.924 0.0000000000
68377  -55.873  -45.401  30.447 0.0000000000
68379  -55.586  -45.564  30.010 0.0000000000
68380  -54.496  -45.812  29.268 0.0000000000
68381  -55.055  -46.083  29.096 0.0000000000
68382  -54.821  -46.339  28.668 0.0000000000
68383  -55.201  -46.719  28.182 0.0000000000
68384  -54.605  -46.519  28.244 0.0000000000
68385  -52.418  -44.604  29.706 0.0000000000
68386  -52.905  -44.917  29.609 0.0000000000
68387  -52.641  -45.177  29.189 0.0000000000
68388  -52.969  -46.413  27.469 0.0000000000
68389  -53.234  -46.233  27.987 0.0000000000
68390  -53.572  -46.635  27.384 0.0000000000
68391  -54.195  -46.848  27.253 0.0000000000
68392  -53.970  -46.982  26.787 0.0000000000
68393  -54.389  -47.317  26.212 0.0000000000
68394  -53.798  -47.119  26.277 0.0000000000
68395  -52.840  -47.008  25.342 0.0000000000
68396  -53.450  -47.240  25.265 0.0000000000
68397  -53.303  -47.250  24.737 0.0000000000
68398  -53.763  -47.443  24.218 0.0000000000
68399  -53.182  -47.206  24.240 0.0000000000
68441  -45.646  -41.778  19.702 0.0000000000
68442  -45.172  -41.636  20.272 0.0000000000
68443  -45.625  -41.955  20.298 0.0000000000
68444  -45.629  -42.125  20.897 0.0000000000
68445  -46.110  -42.266  20.277 0.0000000000
68446  -46.599  -42.573  20.257 0.0000000000
68447  -46.613  -42.341  19.703 0.0000000000
68448  -47.876  -42.054  18.163 0.0000000000
68449  -47.773  -42.394  18.718 0.0000000000
68450  -48.437  -42.310  18.213 0.0000000000
68451  -48.949  -42.542  18.206 0.0000000000
68452  -49.124  -42.149  17.693 0.0000000000
68453  -48.566  -40.861  15.666 0.0000000000
68454  -48.390  -41.124  16.330 0.0000000000
68455  -49.099  -40.934  15.900 0.0000000000
68456  -51.019  -40.843  15.819 0.0000000000
68457  -50.208  -41.116  16.239 0.0000000000
68458  -50.780  -41.288  16.335 0.0000000000
68459  -50.568  -41.735  16.781 0.0000000000
68460  -51.340  -41.494  16.342 0.0000000000
68461  -51.903  -41.724  16.325 0.0000000000
68462  -52.156  -41.248  15.923 0.0000000000
68463  -54.240  -40.186  14.748 0.0000000000
68464  -53.919  -40.676  15.125 0.0000000000
68465  -54.821  -40.392  14.788 0.0000000000
68466  -55.430  -40.649  14.927 0.0000000000
68467  -55.759  -40.110  14.525 0.0000000000
68468  -56.588  -39.964  14.346 0.0000000000
68469  -56.000  -39.715  14.200 0.0000000000
68470  -55.789  -38.905  13.189 0.0000000000
68471  -56.429  -39.026  13.444 0.0000000000
68472  -56.644  -38.694  13.004 0.0000000000
68473  -57.451  -38.495  12.831 0.0000000000
68474  -56.875  -38.362  12.537 0.0000000000
68475  -53.310  -38.513  12.236 0.0000000000
68476  -53.941  -38.647  12.446 0.0000000000
68477  -54.130  -38.291  11.991 0.0000000000
68478  -56.023  -37.338  11.152 0.0000000000
68479  -55.842  -37.733  11.577 0.0000000000
68480  -56.746  -37.407  11.389 0.0000000000
68481  -57.403  -37.535  11.659 0.0000000000
68482  -57.593  -37.096  11.250 0.0000000000
68483  -58.477  -36.786  11.142 0.0000000000
68484  -57.781  -36.652  10.884 0.0000000000
68485  -57.555  -35.613  9.937 0.0000000000
68486  -58.240  -35.710  10.214 0.0000000000
68487  -58.404  -35.279  9.890 0.0000000000
68488  -59.275  -34.989  9.868 0.0000000000
68489  -58.584  -34.885  9.574 0.0000000000
68692  -53.606  -39.720  5.237 0.0000000000
68693  -52.866  -39.691  4.972 0.0000000000
68694  -53.400  -39.282  4.987 0.0000000000
73763  -61.505  -32.752  31.235 0.0000000000
73764  -61.767  -32.548  31.672 0.0000000000
73765  -61.186  -32.958  31.699 0.0000000000
73766  -59.760  -33.840  32.548 0.0000000000
73767  -60.458  -33.466  32.553 0.0000000000
73768  -60.147  -33.732  32.923 0.0000000000
73773  -57.652  -35.464  32.827 0.0000000000
73779  -56.671  -36.387  32.767 0.0000000000
73780  -55.995  -36.343  31.820 0.0000000000
73781  -55.892  -36.755  32.175 0.0000000000
73782  -55.507  -36.927  31.882 0.0000000000
73783  -54.974  -37.553  32.034 0.0000000000
73784  -55.070  -37.154  31.600 0.0000000000
73785  -56.637  -34.831  30.433 0.0000000000
73786  -56.425  -35.185  30.825 0.0000000000
73787  -56.010  -35.270  30.462 0.0000000000
73788  -54.564  -36.803  30.270 0.0000000000
73789  -54.941  -36.536  30.550 0.0000000000
73790  -54.474  -37.227  30.719 0.0000000000
73791  -54.392  -37.624  31.083 0.0000000000
73792  -54.194  -37.831  30.784 0.0000000000
73793  -53.924  -38.525  30.890 0.0000000000
73794  -53.933  -38.092  30.525 0.0000000000
73795  -53.170  -38.162  29.625 0.0000000000
73796  -53.170  -38.581  30.002 0.0000000000
73797  -52.648  -38.734  29.822 0.0000000000
73798  -52.092  -39.308  30.022 0.0000000000
73799  -52.044  -38.888  29.676 0.0000000000
74110  -55.293  -41.696  6.238 0.0000000000
74112  -54.512  -41.532  6.039 0.0000000000
74113  -53.750  -41.393  5.827 0.0000000000
74114  -54.274  -41.066  5.828 0.0000000000
74115  -54.049  -40.602  5.621 0.0000000000
74116  -54.795  -40.700  5.794 0.0000000000
74117  -56.742  -40.034  6.016 0.0000000000
74118  -55.941  -39.924  5.824 0.0000000000
74119  -56.551  -39.514  5.858 0.0000000000
74120  -56.377  -39.002  5.710 0.0000000000
74121  -57.184  -39.111  5.933 0.0000000000
74122  -59.786  -40.367  6.979 0.0000000000
74123  -59.074  -40.329  6.781 0.0000000000
74124  -59.664  -39.919  6.729 0.0000000000
74125  -60.136  -38.575  6.342 0.0000000000
74126  -59.465  -38.922  6.345 0.0000000000
74127  -59.365  -38.440  6.168 0.0000000000
74128  -58.574  -38.316  5.989 0.0000000000
74129  -59.280  -37.949  5.949 0.0000000000
74130  -59.166  -37.496  5.742 0.0000000000
74131  -59.915  -37.595  5.912 0.0000000000
74132  -61.991  -37.025  6.044 0.0000000000
74133  -61.231  -36.888  5.870 0.0000000000
74134  -61.922  -36.516  5.886 0.0000000000
74135  -61.790  -36.030  5.696 0.0000000000
74136  -62.613  -36.126  5.918 0.0000000000
85576  -57.554  -42.952  34.016 0.0000000000
85577  -57.441  -42.471  34.442 0.0000000000
85578  -57.714  -42.789  34.546 0.0000000000
85643  -57.487  -48.297  25.179 0.0000000000
85644  -57.647  -48.193  25.644 0.0000000000
85645  -58.212  -48.399  25.192 0.0000000000
85665  -59.351  -48.771  21.273 0.0000000000
85666  -59.697  -49.093  21.298 0.0000000000
85667  -59.639  -48.893  20.924 0.0000000000
85725  -59.560  -32.860  25.615 0.0000000000
85726  -59.249  -33.061  26.351 0.0000000000
85727  -58.597  -33.215  26.009 0.0000000000
85728  -56.161  -34.220  26.491 0.0000000000
85729  -56.762  -34.013  26.799 0.0000000000
85730  -55.935  -34.576  27.110 0.0000000000
85731  -55.668  -34.917  27.710 0.0000000000
85732  -55.129  -35.187  27.413 0.0000000000
85733  -53.564  -34.188  25.843 0.0000000000
85734  -54.235  -34.278  25.933 0.0000000000
85735  -53.464  -34.718  26.273 0.0000000000
85736  -52.432  -36.277  27.476 0.0000000000
85737  -53.159  -35.818  27.161 0.0000000000
85738  -53.096  -36.268  27.608 0.0000000000
85739  -53.757  -36.223  27.834 0.0000000000
85740  -53.075  -36.659  28.037 0.0000000000
85741  -53.065  -36.991  28.429 0.0000000000
85742  -52.455  -37.120  28.223 0.0000000000
85743  -50.733  -38.287  28.467 0.0000000000
85744  -51.314  -38.164  28.650 0.0000000000
85745  -50.820  -38.755  28.897 0.0000000000
85746  -50.943  -39.229  29.263 0.0000000000
85747  -50.418  -39.377  29.027 0.0000000000
85798  -48.118  -36.840  26.628 0.0000000000
85799  -48.675  -36.695  26.770 0.0000000000
85800  -48.219  -37.434  26.859 0.0000000000
85804  -47.800  -40.125  27.212 0.0000000000
85805  -47.626  -39.574  26.962 0.0000000000
85806  -48.121  -39.363  27.227 0.0000000000
85807  -48.465  -38.613  27.245 0.0000000000
85808  -48.615  -39.126  27.495 0.0000000000
85809  -49.087  -38.921  27.773 0.0000000000
85810  -48.781  -39.678  27.776 0.0000000000
85811  -48.997  -41.319  28.219 0.0000000000
85812  -49.176  -40.646  28.312 0.0000000000
85813  -49.438  -41.064  28.552 0.0000000000
85814  -49.903  -40.808  28.934 0.0000000000
85815  -49.696  -41.538  28.794 0.0000000000
85816  -49.969  -41.999  29.030 0.0000000000
85817  -49.560  -42.229  28.603 0.0000000000
85818  -49.149  -43.670  27.594 0.0000000000
85819  -49.486  -43.518  28.101 0.0000000000
85820  -49.565  -44.100  27.753 0.0000000000
85821  -49.970  -44.518  27.814 0.0000000000
85822  -49.674  -44.627  27.195 0.0000000000
85823  -48.162  -44.080  25.346 0.0000000000
85824  -48.397  -44.007  25.941 0.0000000000
85825  -48.618  -44.466  25.388 0.0000000000
85826  -49.891  -45.478  24.740 0.0000000000
85827  -49.567  -45.179  25.347 0.0000000000
85828  -50.017  -45.550  25.376 0.0000000000
85829  -50.180  -45.534  26.000 0.0000000000
85830  -50.569  -45.920  25.375 0.0000000000
85831  -51.124  -46.244  25.370 0.0000000000
85832  -50.938  -46.152  24.783 0.0000000000
85833  -51.781  -46.302  23.079 0.0000000000
85834  -51.837  -46.506  23.600 0.0000000000
85835  -52.356  -46.603  23.101 0.0000000000
85836  -52.879  -46.901  23.162 0.0000000000
85837  -52.866  -46.644  22.606 0.0000000000
85838  -47.567  -43.249  20.311 0.0000000000
85839  -47.575  -43.433  20.786 0.0000000000
85840  -48.069  -43.542  20.266 0.0000000000
85841  -49.670  -44.094  19.842 0.0000000000
85842  -49.048  -44.140  20.367 0.0000000000
85843  -49.596  -44.372  20.428 0.0000000000
85844  -49.550  -44.631  21.029 0.0000000000
85845  -50.112  -44.596  20.510 0.0000000000
85846  -52.432  -43.579  17.824 0.0000000000
85847  -51.702  -43.742  18.299 0.0000000000
85848  -52.245  -43.990  18.399 0.0000000000
85849  -52.462  -44.875  19.676 0.0000000000
85850  -51.915  -44.650  19.568 0.0000000000
85851  -51.805  -44.968  20.188 0.0000000000
85852  -51.176  -45.043  20.683 0.0000000000
85853  -51.739  -45.284  20.772 0.0000000000
85854  -51.743  -45.559  21.351 0.0000000000
85855  -52.308  -45.536  20.852 0.0000000000
85856  -54.132  -46.047  20.552 0.0000000000
85857  -53.490  -46.096  21.059 0.0000000000
85858  -54.102  -46.423  21.066 0.0000000000
85859  -54.057  -46.759  21.563 0.0000000000
85860  -54.699  -46.728  21.080 0.0000000000
85861  -55.309  -47.000  21.098 0.0000000000
85862  -55.326  -46.678  20.572 0.0000000000
85863  -56.621  -46.052  19.084 0.0000000000
85864  -56.581  -46.472  19.616 0.0000000000
85865  -57.185  -46.400  19.228 0.0000000000
85866  -57.725  -46.787  19.386 0.0000000000
85867  -57.760  -46.355  18.880 0.0000000000
85868  -57.157  -44.208  16.797 0.0000000000
85869  -56.883  -44.697  17.363 0.0000000000
85870  -57.569  -44.529  16.936 0.0000000000
85871  -59.175  -45.228  17.047 0.0000000000
85872  -58.524  -45.293  17.350 0.0000000000
85873  -59.003  -45.673  17.604 0.0000000000
85874  -58.904  -46.166  18.193 0.0000000000
85875  -59.479  -46.078  17.834 0.0000000000
85876  -59.939  -46.512  17.989 0.0000000000
85877  -60.071  -46.037  17.507 0.0000000000
85878  -61.393  -45.650  16.415 0.0000000000
85879  -61.143  -46.104  16.788 0.0000000000
85880  -61.586  -46.213  16.392 0.0000000000
85884  -62.058  -45.964  15.563 0.0000000000
85885  -62.447  -44.492  14.913 0.0000000000
85886  -62.454  -45.080  14.840 0.0000000000
85887  -62.619  -44.663  14.473 0.0000000000
85888  -62.689  -44.825  13.983 0.0000000000
85889  -62.815  -44.244  14.118 0.0000000000
85890  -61.720  -42.294  14.608 0.0000000000
85891  -62.022  -42.825  14.786 0.0000000000
85892  -62.217  -42.367  14.440 0.0000000000
85893  -63.171  -42.094  13.517 0.0000000000
85894  -62.968  -42.548  13.866 0.0000000000
85895  -63.200  -42.726  13.464 0.0000000000
85896  -63.134  -43.337  13.377 0.0000000000
85897  -63.316  -42.946  13.000 0.0000000000
85898  -63.321  -43.076  12.506 0.0000000000
85899  -63.472  -42.517  12.642 0.0000000000
85900  -63.776  -41.064  12.154 0.0000000000
85901  -63.709  -41.620  11.981 0.0000000000
85902  -63.807  -41.202  11.641 0.0000000000
85903  -63.697  -41.403  11.160 0.0000000000
85904  -63.904  -40.849  11.315 0.0000000000
85905  -58.245  -39.630  14.064 0.0000000000
85906  -58.817  -39.842  14.100 0.0000000000
85907  -59.007  -39.456  13.884 0.0000000000
85908  -60.598  -38.709  13.141 0.0000000000
85909  -60.389  -39.135  13.441 0.0000000000
85910  -61.079  -38.998  13.243 0.0000000000
85911  -61.548  -39.290  13.340 0.0000000000
85912  -61.768  -38.906  13.058 0.0000000000
85913  -61.534  -36.950  11.792 0.0000000000
85914  -61.295  -37.401  12.141 0.0000000000
85915  -61.905  -37.286  11.960 0.0000000000
85916  -63.116  -38.050  11.964 0.0000000000
85917  -62.668  -38.046  12.175 0.0000000000
85918  -62.936  -38.483  12.290 0.0000000000
85919  -62.754  -38.911  12.597 0.0000000000
85920  -63.204  -38.975  12.345 0.0000000000
85921  -63.443  -39.444  12.402 0.0000000000
85922  -63.580  -39.052  12.031 0.0000000000
85923  -64.197  -39.001  10.712 0.0000000000
85924  -64.078  -39.378  11.119 0.0000000000
85925  -64.207  -39.584  10.638 0.0000000000
85926  -64.108  -40.165  10.527 0.0000000000
85927  -64.192  -39.785  10.121 0.0000000000
85928  -64.077  -39.957  9.625 0.0000000000
85929  -64.264  -39.418  9.709 0.0000000000
85930  -64.538  -38.123  9.096 0.0000000000
85931  -64.339  -38.678  8.961 0.0000000000
85932  -64.407  -38.355  8.650 0.0000000000
85933  -64.101  -38.601  8.161 0.0000000000
85934  -64.409  -38.070  8.316 0.0000000000
85935  -64.602  -35.810  9.622 0.0000000000
85936  -64.675  -36.403  9.554 0.0000000000
85937  -64.793  -36.036  9.244 0.0000000000
85938  -64.947  -36.136  8.022 0.0000000000
85939  -64.866  -36.554  8.337 0.0000000000
85940  -64.745  -36.740  7.820 0.0000000000
85941  -64.473  -37.372  7.646 0.0000000000
85942  -64.489  -36.924  7.317 0.0000000000
85943  -64.079  -37.133  6.898 0.0000000000
85944  -64.505  -36.487  7.021 0.0000000000
85945  -64.704  -34.996  6.573 0.0000000000
85946  -64.435  -35.510  6.483 0.0000000000
85947  -64.236  -35.036  6.174 0.0000000000
85948  -63.669  -35.104  5.831 0.0000000000
85949  -64.062  -34.567  5.798 0.0000000000
85968  -57.517  -33.846  8.475 0.0000000000
85969  -57.312  -34.251  8.780 0.0000000000
85970  -58.209  -33.962  8.756 0.0000000000
85971  -58.931  -34.062  9.036 0.0000000000
85972  -59.132  -33.653  8.771 0.0000000000
85991  -61.456  -32.193  8.329 0.0000000000
85992  -60.483  -32.474  8.272 0.0000000000
85993  -61.209  -32.615  8.580 0.0000000000
85994  -60.997  -33.048  8.816 0.0000000000
85995  -61.860  -32.799  8.877 0.0000000000
85996  -62.453  -33.015  9.155 0.0000000000
85997  -62.705  -32.596  8.901 0.0000000000
85998  -64.073  -31.889  8.549 0.0000000000
85999  -63.989  -32.309  8.850 0.0000000000
86000  -64.458  -32.278  8.671 0.0000000000
86001  -64.721  -32.727  8.749 0.0000000000
86002  -64.778  -32.348  8.372 0.0000000000
86003  -64.453  -30.359  7.191 0.0000000000
86004  -64.367  -30.771  7.531 0.0000000000
86005  -64.743  -30.780  7.214 0.0000000000
86006  -65.187  -31.828  6.666 0.0000000000
86007  -65.105  -31.689  7.140 0.0000000000
86008  -65.116  -32.136  7.102 0.0000000000
86009  -65.094  -32.521  7.479 0.0000000000
86010  -65.101  -32.638  6.968 0.0000000000
86011  -65.071  -33.195  6.897 0.0000000000
86012  -65.038  -32.787  6.518 0.0000000000
93159  -52.289  -40.074  30.706 0.0000000000
93160  -52.418  -40.475  31.016 0.0000000000
93161  -51.918  -40.700  30.815 0.0000000000
93162  -51.707  -41.340  30.780 0.0000000000
93163  -51.565  -41.963  30.641 0.0000000000
93164  -51.509  -42.590  30.420 0.0000000000
93165  -51.218  -42.207  30.289 0.0000000000
93166  -50.926  -42.506  29.887 0.0000000000
93167  -50.596  -42.797  29.491 0.0000000000
93226  -60.208  -35.804  5.147 0.0000000000
93227  -59.354  -35.718  4.803 0.0000000000
93228  -60.094  -35.337  4.771 0.0000000000
94239  -61.928  -32.486  28.471 0.0000000000
94240  -61.621  -32.654  29.104 0.0000000000
94241  -61.239  -32.752  28.611 0.0000000000
94242  -60.464  -33.000  28.810 0.0000000000
94243  -59.688  -33.284  29.051 0.0000000000
94244  -58.893  -33.517  29.223 0.0000000000
94245  -59.301  -33.330  28.644 0.0000000000
94246  -58.871  -33.395  28.283 0.0000000000
94247  -58.376  -33.482  27.946 0.0000000000
94313  -62.994  -40.646  8.656 0.0000000000
94314  -63.481  -40.259  8.734 0.0000000000
96602  -56.824  -44.774  31.777 0.0000000000
96603  -57.118  -44.587  32.171 0.0000000000
96615  -55.056  -47.851  24.169 0.0000000000
96616  -55.720  -48.003  24.240 0.0000000000
96617  -55.638  -47.964  23.682 0.0000000000
96618  -56.220  -48.053  23.172 0.0000000000
96619  -56.789  -48.076  22.641 0.0000000000
96620  -57.327  -48.129  22.154 0.0000000000
96621  -56.696  -47.916  22.141 0.0000000000
96622  -56.625  -47.740  21.626 0.0000000000
96623  -56.585  -47.537  21.153 0.0000000000
96652  -46.973  -43.403  23.907 0.0000000000
96653  -46.833  -43.358  23.340 0.0000000000
96654  -47.229  -43.660  22.639 0.0000000000
96655  -47.635  -43.839  22.012 0.0000000000
96656  -54.838  -41.692  15.607 0.0000000000
96657  -54.595  -42.240  15.971 0.0000000000
96658  -55.483  -41.936  15.658 0.0000000000
96659  -56.055  -42.190  15.744 0.0000000000
96660  -56.565  -42.460  15.828 0.0000000000
96661  -57.044  -42.701  15.845 0.0000000000
96662  -57.363  -42.186  15.438 0.0000000000
96663  -58.147  -41.910  15.090 0.0000000000
96664  -58.931  -41.672  14.776 0.0000000000
96665  -59.687  -41.542  14.611 0.0000000000
96666  -59.261  -41.211  14.523 0.0000000000
96667  -59.546  -40.800  14.302 0.0000000000
96668  -59.772  -40.371  14.096 0.0000000000
96669  -60.468  -35.360  10.393 0.0000000000
96670  -60.971  -35.568  10.614 0.0000000000
96671  -61.237  -35.126  10.345 0.0000000000
96672  -62.020  -34.922  10.292 0.0000000000
96673  -62.737  -34.781  10.188 0.0000000000
96674  -63.355  -34.738  10.070 0.0000000000
96675  -62.968  -34.365  9.951 0.0000000000
96676  -63.214  -33.952  9.769 0.0000000000
96677  -63.467  -33.550  9.567 0.0000000000
98634  -62.914  -43.264  11.680 0.0000000000
100917  -55.098  -38.339  32.929 0.0000000000
100918  -55.255  -38.782  33.290 0.0000000000
100919  -54.918  -38.955  32.989 0.0000000000
100920  -54.929  -39.535  33.018 0.0000000000
100921  -54.929  -40.146  33.019 0.0000000000
100922  -53.328  -42.014  31.998 0.0000000000
100923  -53.745  -41.800  32.313 0.0000000000
100924  -53.655  -42.426  32.112 0.0000000000
100925  -53.991  -42.838  32.152 0.0000000000
100926  -54.296  -43.239  32.142 0.0000000000
100927  -54.759  -43.625  32.132 0.0000000000
100928  -54.399  -43.842  31.773 0.0000000000
100929  -54.561  -44.419  31.299 0.0000000000
100930  -54.785  -44.944  30.760 0.0000000000
100931  -55.036  -45.367  30.160 0.0000000000
100932  -54.503  -45.137  30.277 0.0000000000
100933  -54.239  -45.325  29.838 0.0000000000
100934  -54.002  -45.594  29.413 0.0000000000
100935  -51.828  -45.145  28.789 0.0000000000
100936  -52.383  -45.445  28.695 0.0000000000
100937  -52.104  -45.665  28.218 0.0000000000
100938  -52.387  -46.162  27.572 0.0000000000
100939  -52.746  -46.593  26.968 0.0000000000
100940  -53.152  -46.886  26.414 0.0000000000
100941  -52.532  -46.669  26.519 0.0000000000
100942  -52.383  -46.757  25.977 0.0000000000
100943  -52.262  -46.818  25.443 0.0000000000
100965  -44.762  -41.054  17.430 0.0000000000
100966  -44.705  -41.127  18.182 0.0000000000
100967  -44.679  -41.185  18.907 0.0000000000
100968  -44.698  -41.250  19.546 0.0000000000
100969  -45.184  -41.397  18.908 0.0000000000
100970  -45.673  -41.608  19.043 0.0000000000
100971  -46.134  -41.865  19.142 0.0000000000
100972  -46.629  -42.122  19.183 0.0000000000
100973  -46.700  -41.881  18.570 0.0000000000
100974  -47.356  -41.825  18.061 0.0000000000
100975  -48.019  -41.735  17.569 0.0000000000
100976  -50.113  -40.357  14.832 0.0000000000
100977  -49.889  -40.662  15.445 0.0000000000
100978  -50.727  -40.385  15.061 0.0000000000
100979  -51.244  -40.450  15.277 0.0000000000
100980  -51.880  -40.575  15.432 0.0000000000
100981  -52.469  -40.745  15.493 0.0000000000
100982  -52.810  -40.266  15.074 0.0000000000
100983  -53.670  -40.000  14.671 0.0000000000
100984  -54.495  -39.770  14.302 0.0000000000
100985  -55.340  -39.548  14.046 0.0000000000
100986  -54.718  -39.413  13.871 0.0000000000
100987  -54.923  -39.102  13.432 0.0000000000
100988  -55.180  -38.820  12.957 0.0000000000
100989  -53.675  -37.788  11.293 0.0000000000
100990  -54.344  -37.898  11.513 0.0000000000
100991  -54.559  -37.480  11.071 0.0000000000
100992  -55.393  -37.196  10.904 0.0000000000
100993  -56.250  -36.883  10.767 0.0000000000
100994  -57.164  -36.531  10.645 0.0000000000
100995  -56.470  -36.424  10.395 0.0000000000
100996  -56.669  -35.990  10.010 0.0000000000
100997  -56.863  -35.510  9.672 0.0000000000
101119  -54.750  -38.885  5.268 0.0000000000
101120  -53.968  -38.874  4.997 0.0000000000
101121  -54.548  -38.469  5.001 0.0000000000
101122  -54.323  -38.140  4.705 0.0000000000
104162  -60.075  -33.426  31.286 0.0000000000
104163  -60.479  -33.300  31.708 0.0000000000
104164  -59.742  -33.614  31.742 0.0000000000
104165  -59.378  -33.948  32.162 0.0000000000
104166  -59.078  -34.241  32.561 0.0000000000
104167  -58.846  -34.572  32.927 0.0000000000
104168  -58.401  -34.701  32.579 0.0000000000
104169  -57.813  -35.164  32.503 0.0000000000
104170  -57.261  -35.580  32.500 0.0000000000
104171  -56.778  -36.026  32.475 0.0000000000
104172  -56.858  -35.698  32.173 0.0000000000
104173  -56.459  -35.842  31.823 0.0000000000
104174  -56.078  -35.957  31.485 0.0000000000
104175  -55.734  -35.224  29.725 0.0000000000
104176  -55.589  -35.545  30.102 0.0000000000
104177  -55.165  -35.833  29.769 0.0000000000
104178  -54.655  -36.449  29.836 0.0000000000
104179  -54.290  -37.013  29.964 0.0000000000
104180  -53.954  -37.670  30.106 0.0000000000
104181  -53.985  -37.294  29.732 0.0000000000
104182  -53.644  -37.572  29.506 0.0000000000
104183  -53.154  -37.772  29.259 0.0000000000
104371  -56.052  -41.872  6.493 0.0000000000
104372  -55.836  -41.353  6.199 0.0000000000
104373  -55.606  -40.823  5.969 0.0000000000
104374  -56.375  -40.978  6.167 0.0000000000
104375  -56.958  -40.553  6.201 0.0000000000
104376  -57.521  -40.129  6.246 0.0000000000
104377  -61.102  -39.620  6.908 0.0000000000
104378  -60.326  -39.531  6.676 0.0000000000
104379  -61.005  -39.175  6.700 0.0000000000
104380  -60.910  -38.657  6.507 0.0000000000
104381  -60.791  -38.221  6.321 0.0000000000
104382  -60.679  -37.735  6.096 0.0000000000
104383  -61.429  -37.880  6.286 0.0000000000
104384  -62.102  -37.546  6.268 0.0000000000
104385  -62.771  -37.164  6.311 0.0000000000
111250  -57.989  -43.772  34.282 0.0000000000
111251  -57.905  -43.175  34.679 0.0000000000
111252  -57.976  -43.576  34.821 0.0000000000
111285  -56.546  -47.065  28.015 0.0000000000
111287  -57.000  -47.337  27.533 0.0000000000
111288  -57.442  -47.638  27.053 0.0000000000
111289  -57.984  -47.957  26.514 0.0000000000
111290  -58.395  -48.629  24.135 0.0000000000
111291  -58.603  -48.569  24.644 0.0000000000
111292  -58.914  -48.886  24.112 0.0000000000
111303  -59.283  -48.238  20.528 0.0000000000
111304  -59.629  -48.563  20.541 0.0000000000
111305  -59.675  -48.229  20.167 0.0000000000
111306  -59.985  -48.347  19.771 0.0000000000
111311  -60.643  -47.489  18.100 0.0000000000
111339  -58.266  -33.083  25.031 0.0000000000
111340  -57.954  -33.359  25.710 0.0000000000
111341  -57.329  -33.443  25.482 0.0000000000
111342  -56.400  -33.851  25.891 0.0000000000
111343  -55.535  -34.319  26.253 0.0000000000
111344  -51.972  -35.161  26.599 0.0000000000
111345  -52.663  -35.201  26.638 0.0000000000
111346  -51.854  -35.720  26.975 0.0000000000
111347  -51.787  -36.256  27.361 0.0000000000
111348  -51.810  -36.735  27.741 0.0000000000
111349  -51.806  -37.206  28.074 0.0000000000
111350  -51.165  -37.241  27.940 0.0000000000
111351  -50.603  -37.813  28.117 0.0000000000
111352  -50.162  -38.467  28.302 0.0000000000
111385  -46.780  -41.234  26.365 0.0000000000
111386  -46.889  -40.537  26.602 0.0000000000
111387  -47.126  -41.085  26.736 0.0000000000
111388  -47.558  -40.882  27.121 0.0000000000
111389  -47.992  -40.669  27.491 0.0000000000
111390  -48.477  -40.429  27.781 0.0000000000
111391  -48.244  -41.078  27.714 0.0000000000
111392  -48.536  -41.528  27.911 0.0000000000
111393  -48.836  -42.008  28.060 0.0000000000
111394  -49.157  -42.455  28.212 0.0000000000
111395  -48.772  -42.650  27.794 0.0000000000
111396  -48.774  -43.261  27.472 0.0000000000
111397  -48.859  -43.848  27.040 0.0000000000
111398  -48.756  -44.716  24.003 0.0000000000
111399  -48.898  -44.767  24.687 0.0000000000
111400  -49.243  -45.056  24.065 0.0000000000
111401  -49.766  -45.395  24.085 0.0000000000
111402  -50.276  -45.703  24.135 0.0000000000
111403  -50.803  -46.023  24.182 0.0000000000
111404  -50.700  -45.857  23.552 0.0000000000
111405  -51.218  -46.015  23.053 0.0000000000
111406  -51.716  -46.076  22.544 0.0000000000
111407  -48.717  -43.289  19.214 0.0000000000
111408  -48.645  -43.578  19.737 0.0000000000
111409  -49.239  -43.551  19.242 0.0000000000
111410  -49.757  -43.799  19.283 0.0000000000
111411  -50.305  -44.020  19.318 0.0000000000
111412  -53.521  -44.007  17.991 0.0000000000
111413  -52.783  -44.191  18.486 0.0000000000
111414  -53.313  -44.409  18.584 0.0000000000
111415  -53.132  -44.808  19.194 0.0000000000
111416  -52.994  -45.135  19.794 0.0000000000
111417  -52.909  -45.486  20.392 0.0000000000
111418  -53.543  -45.402  19.892 0.0000000000
111419  -54.198  -45.687  19.993 0.0000000000
111420  -54.785  -45.982  20.010 0.0000000000
111421  -55.364  -46.285  20.032 0.0000000000
111422  -55.420  -45.878  19.498 0.0000000000
111423  -56.036  -45.741  18.986 0.0000000000
111424  -56.654  -45.605  18.509 0.0000000000
111425  -58.632  -43.920  16.073 0.0000000000
111426  -58.306  -44.446  16.582 0.0000000000
111427  -59.005  -44.347  16.293 0.0000000000
111428  -59.474  -44.718  16.469 0.0000000000
111429  -59.869  -45.128  16.723 0.0000000000
111430  -60.240  -45.567  16.971 0.0000000000
111431  -60.525  -45.119  16.563 0.0000000000
111432  -61.164  -45.117  16.334 0.0000000000
111433  -61.727  -45.129  15.992 0.0000000000
111434  -62.082  -45.294  15.650 0.0000000000
111435  -61.969  -44.713  15.638 0.0000000000
111436  -62.179  -44.314  15.296 0.0000000000
111437  -62.375  -43.898  14.958 0.0000000000
111438  -62.185  -41.420  14.089 0.0000000000
111439  -62.441  -41.914  14.140 0.0000000000
111440  -62.623  -41.458  13.881 0.0000000000
111441  -63.012  -41.536  13.602 0.0000000000
111442  -63.309  -41.708  13.192 0.0000000000
111443  -63.501  -41.895  12.776 0.0000000000
111444  -63.479  -41.320  12.893 0.0000000000
111445  -63.626  -40.925  12.626 0.0000000000
111446  -63.744  -40.533  12.291 0.0000000000
111447  -58.679  -38.800  13.356 0.0000000000
111448  -59.219  -39.038  13.554 0.0000000000
111449  -59.424  -38.615  13.188 0.0000000000
111450  -60.125  -38.429  13.013 0.0000000000
111451  -60.855  -38.235  12.819 0.0000000000
111452  -62.754  -36.776  11.407 0.0000000000
111453  -62.503  -37.212  11.735 0.0000000000
111454  -63.022  -37.208  11.466 0.0000000000
111455  -63.255  -37.654  11.561 0.0000000000
111456  -63.481  -38.118  11.653 0.0000000000
111457  -63.711  -38.630  11.670 0.0000000000
111458  -63.832  -38.231  11.256 0.0000000000
111459  -64.112  -38.386  10.787 0.0000000000
111460  -64.308  -38.623  10.270 0.0000000000
111461  -64.392  -38.837  9.766 0.0000000000
111462  -64.439  -38.259  9.880 0.0000000000
111463  -64.559  -37.913  9.544 0.0000000000
111464  -64.644  -37.563  9.274 0.0000000000
111465  -64.914  -35.067  9.049 0.0000000000
111466  -64.915  -35.659  8.919 0.0000000000
111467  -65.041  -35.267  8.642 0.0000000000
111468  -65.077  -35.479  8.224 0.0000000000
111469  -64.988  -35.697  7.733 0.0000000000
111470  -64.820  -35.877  7.238 0.0000000000
111471  -65.037  -35.286  7.425 0.0000000000
111472  -64.966  -34.856  7.064 0.0000000000
111473  -64.878  -34.429  6.725 0.0000000000
111499  -60.890  -31.682  7.794 0.0000000000
111500  -61.590  -31.788  8.089 0.0000000000
111501  -62.286  -31.951  8.384 0.0000000000
111502  -62.890  -32.161  8.664 0.0000000000
111503  -63.069  -31.740  8.394 0.0000000000
111504  -63.648  -31.580  8.363 0.0000000000
111505  -64.160  -31.523  8.225 0.0000000000
111507  -65.039  -30.824  6.838 0.0000000000
111508  -65.185  -30.958  6.402 0.0000000000
111509  -65.222  -31.504  6.270 0.0000000000
111510  -65.176  -31.953  6.154 0.0000000000
111511  -65.032  -32.423  6.106 0.0000000000
117531  -54.040  -39.239  31.680 0.0000000000
117532  -54.160  -39.590  32.034 0.0000000000
117533  -53.818  -39.845  31.717 0.0000000000
117534  -53.546  -40.462  31.758 0.0000000000
117535  -53.237  -41.026  31.854 0.0000000000
117536  -52.568  -40.849  31.302 0.0000000000
117537  -52.762  -41.217  31.562 0.0000000000
117538  -53.029  -41.606  31.804 0.0000000000
117539  -52.896  -42.220  31.659 0.0000000000
117540  -52.818  -42.881  31.394 0.0000000000
117541  -52.914  -43.568  31.013 0.0000000000
117542  -53.044  -44.151  30.564 0.0000000000
117543  -52.613  -43.789  30.579 0.0000000000
117544  -52.316  -44.037  30.132 0.0000000000
117545  -51.970  -44.295  29.671 0.0000000000
117546  -51.516  -43.248  30.105 0.0000000000
117547  -51.581  -43.919  29.690 0.0000000000
117548  -51.674  -44.545  29.246 0.0000000000
117549  -51.384  -44.794  28.842 0.0000000000
117550  -51.131  -45.043  28.342 0.0000000000
117551  -50.893  -45.239  27.821 0.0000000000
117571  -45.443  -40.944  16.091 0.0000000000
117572  -45.998  -41.019  16.308 0.0000000000
117573  -46.589  -41.069  16.404 0.0000000000
117574  -47.099  -41.159  16.579 0.0000000000
117575  -47.346  -40.931  15.876 0.0000000000
117576  -48.041  -40.780  15.408 0.0000000000
117577  -48.715  -40.596  14.973 0.0000000000
117578  -48.390  -40.262  14.073 0.0000000000
117579  -48.966  -40.292  14.292 0.0000000000
117580  -49.529  -40.325  14.556 0.0000000000
117581  -50.394  -40.036  14.169 0.0000000000
117582  -51.248  -39.728  13.798 0.0000000000
117583  -52.095  -39.397  13.472 0.0000000000
117584  -52.962  -39.124  13.216 0.0000000000
117585  -52.309  -39.085  13.003 0.0000000000
117586  -52.490  -38.767  12.531 0.0000000000
117587  -52.666  -38.448  12.006 0.0000000000
117589  -51.996  -38.413  11.789 0.0000000000
117590  -52.840  -38.090  11.545 0.0000000000
117591  -52.983  -37.719  11.124 0.0000000000
117688  -57.422  -37.313  5.291 0.0000000000
117689  -56.613  -37.248  4.957 0.0000000000
117690  -57.251  -36.847  4.925 0.0000000000
117691  -57.091  -36.440  4.544 0.0000000000
120051  -62.468  -31.639  30.498 0.0000000000
120052  -62.309  -31.866  31.053 0.0000000000
120053  -62.276  -32.103  30.675 0.0000000000
120054  -61.811  -32.544  30.731 0.0000000000
120055  -61.200  -32.915  30.776 0.0000000000
120056  -61.234  -32.842  29.733 0.0000000000
120057  -60.861  -33.029  30.290 0.0000000000
120058  -60.454  -33.234  30.806 0.0000000000
120059  -59.669  -33.526  30.889 0.0000000000
120060  -58.907  -33.876  30.958 0.0000000000
120061  -58.180  -34.281  31.063 0.0000000000
120062  -57.503  -34.680  31.142 0.0000000000
120063  -57.778  -34.357  30.709 0.0000000000
120064  -57.332  -34.414  30.355 0.0000000000
120065  -56.866  -34.511  30.019 0.0000000000
120066  -58.034  -33.836  29.411 0.0000000000
120067  -57.150  -34.209  29.587 0.0000000000
120068  -56.399  -34.663  29.707 0.0000000000
120069  -55.956  -34.895  29.322 0.0000000000
120070  -55.551  -35.195  28.943 0.0000000000
120071  -55.141  -35.551  28.681 0.0000000000
120222  -60.569  -40.297  7.252 0.0000000000
120225  -61.237  -39.994  7.195 0.0000000000
120226  -61.879  -39.676  7.179 0.0000000000
120227  -62.499  -39.315  7.204 0.0000000000
120228  -63.094  -38.924  7.295 0.0000000000
125564  -56.456  -42.613  33.510 0.0000000000
125565  -56.851  -42.433  33.945 0.0000000000
125566  -56.891  -42.967  33.551 0.0000000000
125567  -57.278  -43.201  33.547 0.0000000000
125568  -57.654  -43.588  33.619 0.0000000000
125569  -57.484  -44.375  32.613 0.0000000000
125570  -57.790  -44.173  33.148 0.0000000000
125571  -57.947  -44.016  33.728 0.0000000000
125572  -58.118  -44.371  33.845 0.0000000000
125595  -55.686  -47.683  26.161 0.0000000000
125596  -56.386  -47.823  26.134 0.0000000000
125597  -56.194  -47.993  25.657 0.0000000000
125598  -56.775  -48.155  25.184 0.0000000000
125599  -57.309  -48.309  24.677 0.0000000000
125600  -56.412  -48.148  24.226 0.0000000000
125601  -57.134  -48.291  24.147 0.0000000000
125602  -57.806  -48.455  24.157 0.0000000000
125603  -58.270  -48.646  23.652 0.0000000000
125604  -58.690  -48.818  23.144 0.0000000000
125605  -59.102  -48.967  22.690 0.0000000000
125606  -59.448  -49.120  22.193 0.0000000000
125607  -59.003  -48.852  22.169 0.0000000000
125608  -58.960  -48.682  21.665 0.0000000000
125609  -58.919  -48.476  21.239 0.0000000000
125610  -57.872  -48.194  21.689 0.0000000000
125611  -58.445  -48.256  21.275 0.0000000000
125612  -58.871  -48.270  20.886 0.0000000000
125613  -58.877  -47.993  20.536 0.0000000000
125614  -58.879  -47.687  20.154 0.0000000000
125615  -58.866  -47.396  19.731 0.0000000000
125637  -55.417  -32.915  24.571 0.0000000000
125638  -55.216  -33.419  24.941 0.0000000000
125639  -54.553  -33.300  24.918 0.0000000000
125640  -53.688  -33.721  25.336 0.0000000000
125641  -52.852  -34.135  25.778 0.0000000000
125642  -52.286  -33.566  25.278 0.0000000000
125643  -52.124  -34.096  25.749 0.0000000000
125644  -52.029  -34.634  26.190 0.0000000000
125645  -51.228  -35.179  26.504 0.0000000000
125646  -50.510  -35.738  26.776 0.0000000000
125647  -49.883  -36.326  27.034 0.0000000000
125677  -46.733  -41.866  26.034 0.0000000000
125678  -47.062  -42.326  26.096 0.0000000000
125679  -47.431  -42.716  26.205 0.0000000000
125680  -47.817  -43.143  26.297 0.0000000000
125681  -47.552  -43.260  25.777 0.0000000000
125682  -47.723  -43.712  25.270 0.0000000000
125683  -47.955  -44.072  24.680 0.0000000000
125684  -47.408  -43.776  23.983 0.0000000000
125685  -47.833  -44.087  24.034 0.0000000000
125686  -48.282  -44.391  24.024 0.0000000000
125687  -48.676  -44.657  23.349 0.0000000000
125688  -49.085  -44.833  22.750 0.0000000000
125689  -49.533  -44.977  22.214 0.0000000000
125690  -51.457  -42.641  17.180 0.0000000000
125691  -51.289  -43.073  17.708 0.0000000000
125692  -52.132  -42.860  17.168 0.0000000000
125693  -52.638  -43.179  17.329 0.0000000000
125694  -53.183  -43.379  17.364 0.0000000000
125695  -54.278  -42.703  16.428 0.0000000000
125696  -53.963  -43.157  16.918 0.0000000000
125697  -53.737  -43.587  17.422 0.0000000000
125698  -54.289  -43.844  17.549 0.0000000000
125699  -54.847  -44.122  17.699 0.0000000000
125700  -55.455  -44.370  17.754 0.0000000000
125701  -55.848  -44.605  17.778 0.0000000000
125702  -56.125  -44.142  17.235 0.0000000000
125703  -56.772  -43.919  16.733 0.0000000000
125704  -57.417  -43.687  16.261 0.0000000000
125705  -57.405  -42.945  15.848 0.0000000000
125706  -57.750  -43.211  15.849 0.0000000000
125707  -58.157  -43.530  15.909 0.0000000000
125708  -58.962  -43.393  15.668 0.0000000000
125709  -59.747  -43.286  15.483 0.0000000000
125710  -60.558  -43.216  15.383 0.0000000000
125711  -61.203  -43.188  15.293 0.0000000000
125712  -60.891  -42.747  15.108 0.0000000000
125713  -61.167  -42.314  14.824 0.0000000000
125714  -61.402  -41.873  14.526 0.0000000000
125715  -60.413  -41.450  14.486 0.0000000000
125716  -61.054  -41.436  14.399 0.0000000000
125717  -61.646  -41.422  14.278 0.0000000000
125718  -61.851  -40.963  14.029 0.0000000000
125719  -62.058  -40.540  13.765 0.0000000000
125720  -62.259  -40.103  13.501 0.0000000000
125721  -59.596  -37.144  11.784 0.0000000000
125722  -60.119  -37.333  12.066 0.0000000000
125723  -60.349  -36.917  11.658 0.0000000000
125724  -61.046  -36.704  11.549 0.0000000000
125725  -61.733  -36.525  11.425 0.0000000000
125726  -61.459  -35.797  10.851 0.0000000000
125727  -61.955  -36.065  11.087 0.0000000000
125728  -62.410  -36.405  11.289 0.0000000000
125729  -62.978  -36.347  11.090 0.0000000000
125730  -63.489  -36.323  10.845 0.0000000000
125731  -63.898  -36.414  10.551 0.0000000000
125732  -64.248  -36.538  10.227 0.0000000000
125733  -64.122  -36.034  10.251 0.0000000000
125734  -64.328  -35.666  9.961 0.0000000000
125735  -64.526  -35.303  9.671 0.0000000000
125736  -63.920  -34.725  9.908 0.0000000000
125737  -64.353  -34.799  9.680 0.0000000000
125738  -64.708  -34.923  9.379 0.0000000000
125739  -64.833  -34.507  9.174 0.0000000000
125740  -64.974  -34.084  8.978 0.0000000000
125741  -65.044  -33.703  8.663 0.0000000000
125764  -63.426  -30.475  7.605 0.0000000000
125765  -63.490  -30.085  7.316 0.0000000000
125766  -64.094  -29.986  7.154 0.0000000000
129998  -62.505  -31.172  30.325 0.0000000000
129999  -62.607  -31.438  29.874 0.0000000000
130000  -62.597  -31.661  29.395 0.0000000000
130001  -62.493  -31.903  28.928 0.0000000000
130004  -62.347  -32.157  28.428 0.0000000000
130148  -62.775  -42.043  10.306 0.0000000000
130149  -63.303  -41.655  10.337 0.0000000000
134975  -56.117  -40.563  34.136 0.0000000000
134976  -56.134  -41.158  33.949 0.0000000000
134977  -56.128  -41.751  33.765 0.0000000000
134978  -54.369  -39.934  32.396 0.0000000000
134979  -54.583  -40.338  32.709 0.0000000000
134980  -54.831  -40.759  32.989 0.0000000000
134981  -54.192  -41.583  32.611 0.0000000000
134982  -54.635  -41.392  32.918 0.0000000000
134983  -55.112  -41.177  33.212 0.0000000000
134984  -55.388  -41.523  33.351 0.0000000000
134985  -55.707  -41.934  33.434 0.0000000000
134986  -56.066  -42.287  33.478 0.0000000000
134987  -56.033  -42.841  33.157 0.0000000000
134988  -56.081  -43.481  32.822 0.0000000000
134989  -56.145  -44.009  32.350 0.0000000000
134990  -55.249  -43.956  32.086 0.0000000000
134991  -55.757  -44.252  32.001 0.0000000000
134992  -56.255  -44.534  31.876 0.0000000000
134993  -56.489  -44.993  31.387 0.0000000000
134999  -56.298  -46.575  28.962 0.0000000000
135000  -55.317  -45.856  29.511 0.0000000000
135001  -55.659  -46.352  28.970 0.0000000000
135002  -56.046  -46.778  28.531 0.0000000000
135003  -55.839  -46.902  28.101 0.0000000000
135004  -55.626  -47.043  27.646 0.0000000000
135005  -55.431  -47.219  27.144 0.0000000000
135006  -53.207  -44.705  30.055 0.0000000000
135007  -53.435  -45.241  29.465 0.0000000000
135008  -53.690  -45.799  28.924 0.0000000000
135009  -52.903  -45.745  28.602 0.0000000000
135010  -53.444  -46.030  28.485 0.0000000000
135011  -54.015  -46.287  28.298 0.0000000000
135012  -54.408  -46.717  27.758 0.0000000000
135013  -54.801  -47.066  27.223 0.0000000000
135014  -55.218  -47.398  26.684 0.0000000000
135015  -55.024  -47.520  26.189 0.0000000000
135016  -54.857  -47.620  25.699 0.0000000000
135017  -54.693  -47.675  25.191 0.0000000000
135018  -53.626  -47.197  25.778 0.0000000000
135019  -54.071  -47.480  25.215 0.0000000000
135020  -54.514  -47.709  24.699 0.0000000000
135021  -54.369  -47.664  24.211 0.0000000000
135022  -54.254  -47.583  23.718 0.0000000000
135023  -54.201  -47.455  23.221 0.0000000000
135076  -44.729  -41.333  20.165 0.0000000000
135079  -45.225  -41.882  21.453 0.0000000000
135080  -45.686  -42.256  21.481 0.0000000000
135081  -46.154  -42.636  21.465 0.0000000000
135082  -46.609  -42.995  21.421 0.0000000000
135083  -46.596  -42.787  20.804 0.0000000000
135084  -47.102  -42.910  20.250 0.0000000000
135085  -47.607  -43.008  19.769 0.0000000000
135086  -47.162  -42.403  19.203 0.0000000000
135087  -47.677  -42.742  19.255 0.0000000000
135088  -48.171  -43.035  19.235 0.0000000000
135089  -48.789  -42.950  18.720 0.0000000000
135090  -49.475  -42.807  18.233 0.0000000000
135091  -50.152  -42.642  17.749 0.0000000000
135092  -47.653  -41.249  16.748 0.0000000000
135093  -48.202  -41.396  16.926 0.0000000000
135094  -48.721  -41.601  17.093 0.0000000000
135095  -49.666  -40.997  16.077 0.0000000000
135096  -49.448  -41.374  16.655 0.0000000000
135097  -49.268  -41.759  17.160 0.0000000000
135098  -49.815  -41.940  17.180 0.0000000000
135099  -50.346  -42.176  17.219 0.0000000000
135100  -50.884  -42.419  17.220 0.0000000000
135101  -51.674  -42.191  16.763 0.0000000000
135102  -52.483  -41.957  16.324 0.0000000000
135103  -53.319  -41.722  15.904 0.0000000000
135104  -53.026  -40.954  15.494 0.0000000000
135105  -53.604  -41.191  15.500 0.0000000000
135106  -54.171  -41.445  15.587 0.0000000000
135107  -55.098  -41.166  15.287 0.0000000000
135108  -56.025  -40.896  15.009 0.0000000000
135109  -56.964  -40.661  14.766 0.0000000000
135110  -57.847  -40.452  14.554 0.0000000000
135111  -57.247  -40.204  14.482 0.0000000000
135112  -57.427  -39.793  14.187 0.0000000000
135113  -57.616  -39.406  13.908 0.0000000000
135114  -56.205  -39.367  13.846 0.0000000000
135115  -57.044  -39.200  13.678 0.0000000000
135116  -57.852  -39.010  13.519 0.0000000000
135117  -58.063  -38.619  13.103 0.0000000000
135118  -58.308  -38.222  12.683 0.0000000000
135119  -58.557  -37.831  12.265 0.0000000000
135120  -53.755  -38.925  12.985 0.0000000000
135121  -54.592  -38.745  12.744 0.0000000000
135122  -55.431  -38.489  12.482 0.0000000000
135123  -54.948  -38.060  11.822 0.0000000000
135124  -55.630  -38.121  12.004 0.0000000000
135125  -56.286  -38.231  12.251 0.0000000000
135126  -57.162  -37.953  12.087 0.0000000000
135127  -57.995  -37.686  11.958 0.0000000000
135128  -58.803  -37.398  11.890 0.0000000000
135129  -59.060  -36.958  11.463 0.0000000000
135130  -59.327  -36.499  11.060 0.0000000000
135131  -59.489  -36.039  10.732 0.0000000000
135132  -58.047  -36.175  10.532 0.0000000000
135133  -58.899  -35.845  10.478 0.0000000000
135134  -59.707  -35.577  10.434 0.0000000000
135135  -59.918  -35.150  10.165 0.0000000000
135136  -60.125  -34.734  9.882 0.0000000000
135137  -60.318  -34.319  9.627 0.0000000000
135394  -52.577  -40.450  5.235 0.0000000000
135405  -55.726  -37.273  4.613 0.0000000000
141675  -62.116  -32.096  31.590 0.0000000000
141676  -61.896  -32.327  32.112 0.0000000000
141677  -61.646  -32.586  32.604 0.0000000000
141678  -60.851  -33.202  32.118 0.0000000000
141679  -61.149  -33.064  32.569 0.0000000000
141695  -55.706  -37.565  33.050 0.0000000000
141696  -56.268  -36.595  32.488 0.0000000000
141697  -55.719  -37.189  32.571 0.0000000000
141698  -55.337  -37.760  32.755 0.0000000000
141699  -54.980  -37.953  32.499 0.0000000000
141700  -54.688  -38.194  32.169 0.0000000000
141701  -54.417  -38.432  31.859 0.0000000000
141702  -56.803  -35.104  31.166 0.0000000000
141703  -56.205  -35.585  31.152 0.0000000000
141704  -55.708  -36.110  31.129 0.0000000000
141705  -55.464  -35.890  30.453 0.0000000000
141706  -55.318  -36.289  30.816 0.0000000000
141707  -55.201  -36.735  31.198 0.0000000000
141708  -54.718  -37.400  31.330 0.0000000000
141709  -54.369  -38.044  31.454 0.0000000000
141710  -54.165  -38.644  31.608 0.0000000000
141711  -53.959  -38.892  31.293 0.0000000000
141712  -53.656  -39.152  30.993 0.0000000000
141713  -53.231  -39.338  30.768 0.0000000000
141714  -53.606  -38.372  30.283 0.0000000000
141715  -53.172  -39.013  30.388 0.0000000000
141716  -52.712  -39.529  30.548 0.0000000000
141717  -52.154  -39.727  30.357 0.0000000000
141718  -51.659  -39.935  30.203 0.0000000000
141719  -51.212  -40.127  29.951 0.0000000000
142077  -52.346  -41.251  5.452 0.0000000000
142102  -53.269  -41.704  5.828 0.0000000000
142103  -53.090  -41.305  5.632 0.0000000000
142104  -52.840  -40.869  5.443 0.0000000000
142105  -53.334  -40.509  5.420 0.0000000000
142106  -53.821  -40.140  5.417 0.0000000000
142107  -54.331  -39.755  5.431 0.0000000000
142108  -55.340  -40.311  5.778 0.0000000000
142109  -55.120  -39.821  5.629 0.0000000000
142110  -54.894  -39.335  5.494 0.0000000000
142111  -55.535  -38.929  5.524 0.0000000000
142112  -56.218  -38.517  5.559 0.0000000000
142113  -56.908  -38.128  5.602 0.0000000000
142114  -58.529  -40.763  6.811 0.0000000000
142115  -58.294  -40.227  6.526 0.0000000000
142116  -58.139  -39.703  6.294 0.0000000000
142117  -59.572  -39.440  6.511 0.0000000000
142118  -58.804  -39.292  6.334 0.0000000000
142119  -57.994  -39.197  6.135 0.0000000000
142120  -57.854  -38.706  6.000 0.0000000000
142121  -57.741  -38.214  5.832 0.0000000000
142122  -57.597  -37.747  5.573 0.0000000000
142123  -58.295  -37.395  5.534 0.0000000000
142124  -58.997  -37.028  5.500 0.0000000000
142125  -59.686  -36.645  5.474 0.0000000000
142126  -60.527  -37.234  5.877 0.0000000000
142127  -60.443  -36.755  5.685 0.0000000000
142128  -60.326  -36.267  5.468 0.0000000000
142129  -60.988  -35.896  5.449 0.0000000000
142130  -61.662  -35.529  5.410 0.0000000000
142131  -62.316  -35.154  5.360 0.0000000000
155938  -57.179  -42.220  34.338 0.0000000000
155939  -57.360  -41.965  34.769 0.0000000000
155941  -57.818  -42.605  35.039 0.0000000000
156019  -57.117  -47.948  26.122 0.0000000000
156020  -57.818  -48.076  26.094 0.0000000000
156021  -58.472  -48.242  26.063 0.0000000000
156022  -58.793  -48.601  25.149 0.0000000000
156117  -60.539  -32.890  26.658 0.0000000000
156118  -59.725  -33.081  26.897 0.0000000000
156119  -58.818  -33.282  27.211 0.0000000000
156120  -57.924  -33.611  27.468 0.0000000000
156121  -57.668  -33.570  26.416 0.0000000000
156122  -57.381  -33.793  27.079 0.0000000000
156123  -57.017  -34.044  27.749 0.0000000000
156124  -56.117  -34.589  28.013 0.0000000000
156125  -55.397  -35.239  28.230 0.0000000000
156126  -54.766  -35.837  28.398 0.0000000000
156127  -55.006  -33.871  25.553 0.0000000000
156128  -54.900  -34.344  26.055 0.0000000000
156129  -54.717  -34.814  26.576 0.0000000000
156130  -53.303  -35.292  26.712 0.0000000000
156131  -53.932  -35.342  26.834 0.0000000000
156132  -54.521  -35.321  27.120 0.0000000000
156133  -54.405  -35.760  27.633 0.0000000000
156134  -54.312  -36.091  28.106 0.0000000000
156135  -54.184  -36.369  28.573 0.0000000000
156136  -53.605  -36.818  28.691 0.0000000000
156137  -53.070  -37.356  28.826 0.0000000000
156138  -52.556  -37.910  28.996 0.0000000000
156139  -51.861  -37.637  28.386 0.0000000000
156140  -51.938  -38.014  28.776 0.0000000000
156141  -51.958  -38.442  29.235 0.0000000000
156142  -51.476  -39.048  29.477 0.0000000000
156143  -51.068  -39.658  29.595 0.0000000000
156144  -50.759  -40.290  29.636 0.0000000000
156204  -49.244  -35.318  26.259 0.0000000000
156205  -49.250  -35.944  26.597 0.0000000000
156206  -49.248  -36.528  26.915 0.0000000000
156207  -49.299  -37.088  27.203 0.0000000000
156210  -47.320  -38.408  26.643 0.0000000000
156211  -47.153  -39.779  26.716 0.0000000000
156212  -47.463  -39.009  26.778 0.0000000000
156213  -47.793  -38.235  26.828 0.0000000000
156214  -48.336  -38.043  27.047 0.0000000000
156215  -48.842  -37.841  27.266 0.0000000000
156216  -49.388  -37.649  27.460 0.0000000000
156217  -49.466  -38.208  27.721 0.0000000000
156218  -49.584  -38.720  28.053 0.0000000000
156219  -49.759  -39.243  28.376 0.0000000000
156220  -48.961  -40.161  28.069 0.0000000000
156221  -49.432  -39.938  28.372 0.0000000000
156222  -49.899  -39.674  28.695 0.0000000000
156223  -50.120  -40.139  29.022 0.0000000000
156224  -50.314  -40.592  29.338 0.0000000000
156225  -50.499  -41.052  29.619 0.0000000000
156226  -50.368  -41.747  29.448 0.0000000000
156227  -50.282  -42.404  29.252 0.0000000000
156228  -50.174  -43.038  29.033 0.0000000000
156229  -49.487  -42.892  28.382 0.0000000000
156230  -49.812  -43.315  28.561 0.0000000000
156231  -50.167  -43.680  28.735 0.0000000000
156232  -50.264  -44.302  28.339 0.0000000000
156233  -50.414  -44.873  27.821 0.0000000000
156234  -50.596  -45.380  27.223 0.0000000000
156235  -48.219  -43.537  26.410 0.0000000000
156236  -48.619  -43.927  26.505 0.0000000000
156237  -49.024  -44.363  26.551 0.0000000000
156238  -49.081  -44.825  25.373 0.0000000000
156239  -49.249  -44.798  25.986 0.0000000000
156240  -49.425  -44.710  26.582 0.0000000000
156241  -49.897  -45.116  26.615 0.0000000000
156242  -50.383  -45.489  26.607 0.0000000000
156243  -50.892  -45.836  26.585 0.0000000000
156244  -51.233  -46.227  25.964 0.0000000000
156245  -51.644  -46.527  25.380 0.0000000000
156246  -52.111  -46.753  24.791 0.0000000000
156247  -51.358  -46.344  24.191 0.0000000000
156248  -51.944  -46.645  24.177 0.0000000000
156249  -52.569  -46.950  24.228 0.0000000000
156250  -53.011  -47.094  23.697 0.0000000000
156251  -53.544  -47.181  23.178 0.0000000000
156252  -54.112  -47.239  22.680 0.0000000000
156253  -47.108  -43.314  21.398 0.0000000000
156254  -47.570  -43.643  21.388 0.0000000000
156255  -48.054  -43.990  21.410 0.0000000000
156256  -48.543  -43.856  20.304 0.0000000000
156257  -48.485  -44.139  20.945 0.0000000000
156258  -48.535  -44.304  21.469 0.0000000000
156259  -49.002  -44.573  21.553 0.0000000000
156260  -49.507  -44.830  21.600 0.0000000000
156261  -50.041  -45.067  21.693 0.0000000000
156262  -51.121  -43.495  18.251 0.0000000000
156263  -50.986  -43.901  18.818 0.0000000000
156264  -50.827  -44.235  19.400 0.0000000000
156265  -52.059  -44.352  18.999 0.0000000000
156266  -51.364  -44.445  19.472 0.0000000000
156267  -50.713  -44.529  19.979 0.0000000000
156268  -50.639  -44.814  20.568 0.0000000000
156269  -50.593  -45.092  21.179 0.0000000000
156270  -50.575  -45.301  21.801 0.0000000000
156271  -51.138  -45.560  21.880 0.0000000000
156272  -51.697  -45.829  21.957 0.0000000000
156273  -52.235  -46.102  22.063 0.0000000000
156274  -52.861  -45.812  21.016 0.0000000000
156275  -52.860  -46.129  21.545 0.0000000000
156276  -52.841  -46.374  22.069 0.0000000000
156277  -53.464  -46.698  22.080 0.0000000000
156278  -54.063  -46.995  22.134 0.0000000000
156279  -54.694  -47.271  22.150 0.0000000000
156280  -55.305  -47.281  21.599 0.0000000000
156281  -55.947  -47.259  21.117 0.0000000000
156282  -56.564  -47.222  20.645 0.0000000000
156283  -55.963  -46.583  20.066 0.0000000000
156284  -56.561  -46.858  20.089 0.0000000000
156285  -57.158  -47.182  20.233 0.0000000000
156286  -57.795  -47.167  19.889 0.0000000000
156287  -58.318  -47.095  19.569 0.0000000000
156288  -58.834  -47.020  19.259 0.0000000000
156289  -56.246  -44.875  17.846 0.0000000000
156290  -56.720  -45.163  17.953 0.0000000000
156291  -57.263  -45.459  18.089 0.0000000000
156292  -58.070  -44.902  17.143 0.0000000000
156293  -57.897  -45.358  17.707 0.0000000000
156294  -57.828  -45.899  18.313 0.0000000000
156295  -58.320  -46.303  18.576 0.0000000000
156296  -58.834  -46.662  18.772 0.0000000000
156297  -59.333  -47.016  18.895 0.0000000000
156298  -59.846  -46.951  18.461 0.0000000000
156299  -60.385  -46.955  18.036 0.0000000000
156300  -60.822  -47.062  17.610 0.0000000000
156301  -60.632  -46.019  17.129 0.0000000000
156302  -60.974  -46.527  17.214 0.0000000000
156310  -62.262  -45.523  15.203 0.0000000000
156311  -62.321  -45.705  14.718 0.0000000000
156314  -62.550  -45.005  13.486 0.0000000000
156315  -62.732  -44.574  13.123 0.0000000000
156316  -61.758  -43.218  15.145 0.0000000000
156317  -62.237  -43.336  14.925 0.0000000000
156318  -62.579  -43.463  14.617 0.0000000000
156319  -62.655  -42.406  14.241 0.0000000000
156320  -62.764  -43.022  14.238 0.0000000000
156321  -62.826  -43.642  14.200 0.0000000000
156322  -62.972  -43.784  13.763 0.0000000000
156323  -62.981  -43.953  13.251 0.0000000000
156324  -62.875  -44.138  12.793 0.0000000000
156325  -63.040  -43.656  12.426 0.0000000000
156326  -63.237  -43.171  12.050 0.0000000000
156327  -63.297  -42.725  11.747 0.0000000000
156328  -63.616  -42.079  12.307 0.0000000000
156329  -63.562  -42.191  11.849 0.0000000000
156330  -63.374  -42.294  11.436 0.0000000000
156331  -63.457  -41.892  11.105 0.0000000000
156332  -63.528  -41.543  10.739 0.0000000000
156333  -63.651  -41.225  10.349 0.0000000000
156334  -58.638  -40.253  14.324 0.0000000000
156335  -59.313  -40.074  14.077 0.0000000000
156336  -59.990  -39.932  13.891 0.0000000000
156337  -59.709  -39.283  13.663 0.0000000000
156338  -60.198  -39.527  13.702 0.0000000000
156339  -60.701  -39.787  13.729 0.0000000000
156340  -61.337  -39.706  13.607 0.0000000000
156341  -61.920  -39.637  13.442 0.0000000000
156342  -62.413  -39.691  13.232 0.0000000000
156343  -60.578  -37.534  12.328 0.0000000000
156344  -61.070  -37.813  12.484 0.0000000000
156345  -61.509  -38.131  12.618 0.0000000000
156346  -62.329  -37.654  12.061 0.0000000000
156347  -62.138  -38.078  12.401 0.0000000000
156348  -61.926  -38.491  12.733 0.0000000000
156349  -62.302  -38.880  12.834 0.0000000000
156350  -62.580  -39.294  12.933 0.0000000000
156351  -62.869  -39.762  12.997 0.0000000000
156352  -63.290  -39.852  12.728 0.0000000000
156353  -63.629  -39.996  12.373 0.0000000000
156354  -63.900  -40.162  11.959 0.0000000000
156355  -63.867  -39.195  11.568 0.0000000000
156356  -63.997  -39.744  11.578 0.0000000000
156357  -64.011  -40.289  11.484 0.0000000000
156358  -64.027  -40.499  10.944 0.0000000000
156359  -63.921  -40.715  10.421 0.0000000000
156360  -63.739  -40.858  9.924 0.0000000000
156361  -63.809  -40.474  9.536 0.0000000000
156362  -63.888  -40.117  9.159 0.0000000000
156363  -63.861  -39.782  8.789 0.0000000000
156364  -64.296  -39.032  9.325 0.0000000000
156365  -64.115  -39.278  8.860 0.0000000000
156366  -63.825  -39.501  8.388 0.0000000000
156367  -63.750  -39.126  8.048 0.0000000000
156368  -63.677  -38.773  7.712 0.0000000000
156369  -63.602  -38.495  7.346 0.0000000000
156370  -64.536  -36.756  9.858 0.0000000000
156371  -64.684  -36.990  9.436 0.0000000000
156372  -64.734  -37.223  9.029 0.0000000000
156373  -64.881  -36.309  8.801 0.0000000000
156374  -64.792  -36.904  8.681 0.0000000000
156375  -64.637  -37.501  8.504 0.0000000000
156376  -64.439  -37.788  7.983 0.0000000000
156377  -64.093  -37.974  7.489 0.0000000000
156378  -63.568  -38.114  7.055 0.0000000000
156379  -63.553  -37.694  6.802 0.0000000000
156380  -63.473  -37.185  6.579 0.0000000000
156381  -63.388  -36.635  6.341 0.0000000000
156382  -64.456  -35.993  6.775 0.0000000000
156383  -63.964  -36.080  6.395 0.0000000000
156384  -63.328  -36.100  6.119 0.0000000000
156385  -63.193  -35.605  5.883 0.0000000000
156386  -63.012  -35.141  5.589 0.0000000000
156406  -55.210  -35.763  9.539 0.0000000000
156407  -56.119  -35.408  9.416 0.0000000000
156408  -57.032  -35.052  9.343 0.0000000000
156409  -56.414  -34.578  8.823 0.0000000000
156410  -57.134  -34.633  9.057 0.0000000000
156411  -57.861  -34.761  9.300 0.0000000000
156412  -58.753  -34.479  9.288 0.0000000000
156413  -59.645  -34.175  9.332 0.0000000000
156414  -60.547  -33.916  9.360 0.0000000000
156435  -58.507  -33.156  8.231 0.0000000000
156436  -59.705  -32.409  7.980 0.0000000000
156437  -59.504  -32.794  8.218 0.0000000000
156438  -59.313  -33.235  8.508 0.0000000000
156439  -60.072  -33.334  8.793 0.0000000000
156440  -60.776  -33.485  9.091 0.0000000000
156441  -61.419  -33.667  9.373 0.0000000000
156442  -62.201  -33.453  9.393 0.0000000000
156443  -62.996  -33.274  9.404 0.0000000000
156444  -63.702  -33.147  9.347 0.0000000000
156445  -63.402  -32.418  8.918 0.0000000000
156446  -63.867  -32.714  9.118 0.0000000000
156447  -64.221  -33.095  9.201 0.0000000000
156448  -64.629  -33.110  8.995 0.0000000000
156449  -64.933  -33.172  8.711 0.0000000000
156450  -65.102  -33.310  8.312 0.0000000000
156451  -63.897  -30.803  7.788 0.0000000000
156452  -64.274  -31.170  7.912 0.0000000000
156453  -64.583  -31.548  7.989 0.0000000000
156454  -64.966  -31.230  7.208 0.0000000000
156455  -64.901  -31.596  7.593 0.0000000000
156456  -64.845  -31.956  8.031 0.0000000000
156457  -65.038  -32.444  7.939 0.0000000000
156458  -65.135  -32.943  7.919 0.0000000000
156459  -65.178  -33.499  7.854 0.0000000000
156460  -65.128  -33.640  7.338 0.0000000000
156461  -64.996  -33.810  6.831 0.0000000000
156462  -64.762  -33.983  6.335 0.0000000000
156463  -64.849  -32.918  5.973 0.0000000000
156464  -64.634  -33.494  5.893 0.0000000000
156465  -64.375  -34.059  5.840 0.0000000000
