#!ascii label  , from subject fsaverage vox2ras=TkReg
1300
25  -15.048  27.356  -20.765 0.0000000000
117  -30.078  23.344  -20.138 0.0000000000
513  -31.893  23.307  -14.535 0.0000000000
597  -24.942  16.877  -14.805 0.0000000000
802  -17.291  25.931  -21.831 0.0000000000
803  -18.281  20.150  -20.375 0.0000000000
804  -15.421  21.063  -21.439 0.0000000000
1327  -33.738  21.534  -18.985 0.0000000000
1328  -27.438  20.930  -15.244 0.0000000000
1329  -29.562  18.776  -20.718 0.0000000000
1732  -25.031  23.983  -15.719 0.0000000000
1733  -26.852  19.088  -22.376 0.0000000000
1734  -22.592  19.993  -18.046 0.0000000000
1735  -19.827  14.433  -20.242 0.0000000000
1958  -14.931  22.303  -16.478 0.0000000000
2182  -35.851  25.837  -12.065 0.0000000000
2183  -37.466  24.227  -16.100 0.0000000000
2184  -34.187  26.593  -17.728 0.0000000000
2190  -16.294  31.489  -22.560 0.0000000000
2199  -13.667  33.348  -19.706 0.0000000000
2427  -25.871  20.860  -10.716 0.0000000000
2430  -25.659  15.603  -19.854 0.0000000000
2722  -15.691  26.447  -22.232 0.0000000000
2723  -16.117  23.679  -22.126 0.0000000000
2724  -15.182  24.273  -21.189 0.0000000000
3247  -32.511  22.174  -20.230 0.0000000000
3248  -31.605  20.179  -19.899 0.0000000000
3249  -30.717  20.438  -21.596 0.0000000000
3850  -17.259  17.130  -21.735 0.0000000000
3851  -18.660  17.064  -20.298 0.0000000000
4821  -36.438  25.393  -17.521 0.0000000000
4837  -17.538  33.609  -21.093 0.0000000000
5422  -30.210  24.349  -12.455 0.0000000000
5424  -28.068  22.953  -12.826 0.0000000000
5425  -25.861  19.233  -15.186 0.0000000000
5426  -25.394  19.039  -12.877 0.0000000000
5431  -26.730  16.382  -22.635 0.0000000000
6054  -17.990  23.241  -21.093 0.0000000000
6055  -16.689  20.356  -22.008 0.0000000000
6056  -15.780  17.729  -21.412 0.0000000000
6997  -33.182  22.205  -16.677 0.0000000000
6998  -29.495  22.222  -15.025 0.0000000000
6999  -30.951  21.091  -17.388 0.0000000000
7000  -28.648  19.990  -17.745 0.0000000000
7001  -26.787  18.677  -17.809 0.0000000000
7882  -27.441  24.303  -18.590 0.0000000000
7883  -28.623  21.367  -21.488 0.0000000000
7884  -26.160  22.273  -19.518 0.0000000000
7885  -24.841  20.075  -20.325 0.0000000000
7886  -23.344  17.804  -20.335 0.0000000000
7887  -19.798  19.786  -17.928 0.0000000000
7888  -20.990  17.419  -19.041 0.0000000000
7889  -21.664  14.858  -20.310 0.0000000000
8467  -14.409  28.105  -18.647 0.0000000000
8468  -15.123  25.099  -18.465 0.0000000000
8469  -14.011  25.322  -16.991 0.0000000000
8470  -13.568  22.179  -15.517 0.0000000000
9107  -31.867  25.761  -11.402 0.0000000000
9108  -33.783  24.651  -13.174 0.0000000000
9110  -37.217  24.632  -13.988 0.0000000000
9111  -35.015  23.532  -15.201 0.0000000000
9112  -35.633  23.150  -17.341 0.0000000000
9113  -34.659  23.618  -18.828 0.0000000000
9114  -32.268  25.039  -18.906 0.0000000000
9122  -30.873  28.347  -16.859 0.0000000000
9123  -29.161  26.383  -17.865 0.0000000000
9124  -26.436  26.381  -15.200 0.0000000000
9131  -16.943  28.469  -22.256 0.0000000000
9132  -15.251  29.253  -22.373 0.0000000000
9157  -15.287  34.467  -22.405 0.0000000000
9158  -14.882  32.416  -21.692 0.0000000000
9159  -14.674  30.496  -20.020 0.0000000000
9840  -26.300  21.161  -12.960 0.0000000000
9846  -28.712  18.507  -22.617 0.0000000000
9847  -27.507  17.249  -20.834 0.0000000000
9848  -25.197  16.710  -17.337 0.0000000000
9850  -25.074  13.775  -16.412 0.0000000000
9851  -25.871  14.008  -14.758 0.0000000000
9864  -15.586  21.952  -18.713 0.0000000000
10402  -15.179  26.816  -21.791 0.0000000000
10403  -15.273  25.355  -21.893 0.0000000000
10404  -15.124  25.783  -21.005 0.0000000000
10927  -31.378  22.782  -20.291 0.0000000000
10928  -31.626  21.315  -20.863 0.0000000000
10929  -30.637  21.830  -21.073 0.0000000000
11531  -17.633  15.517  -21.535 0.0000000000
13102  -31.064  23.831  -13.477 0.0000000000
13103  -29.062  23.689  -12.662 0.0000000000
13104  -29.882  23.273  -13.750 0.0000000000
13105  -25.244  18.194  -15.022 0.0000000000
13106  -25.167  17.963  -13.876 0.0000000000
13107  -25.110  16.734  -13.734 0.0000000000
13927  -18.328  25.755  -20.848 0.0000000000
13929  -17.669  24.612  -21.485 0.0000000000
13930  -15.666  22.400  -21.930 0.0000000000
13931  -16.341  22.074  -22.064 0.0000000000
13932  -15.869  20.713  -21.973 0.0000000000
13933  -16.105  18.980  -21.910 0.0000000000
13934  -15.514  19.380  -21.491 0.0000000000
15502  -33.594  21.722  -17.836 0.0000000000
15503  -32.019  21.626  -17.101 0.0000000000
15504  -32.586  21.124  -18.274 0.0000000000
15505  -30.607  19.470  -20.403 0.0000000000
15506  -30.370  19.916  -19.010 0.0000000000
15507  -29.299  19.353  -19.200 0.0000000000
15508  -27.675  19.386  -17.798 0.0000000000
15509  -28.207  18.737  -19.294 0.0000000000
17302  -26.322  24.208  -16.995 0.0000000000
17303  -26.891  23.322  -19.154 0.0000000000
17304  -25.742  23.157  -17.601 0.0000000000
17306  -24.394  21.253  -18.706 0.0000000000
17307  -23.751  20.192  -19.085 0.0000000000
17308  -24.085  18.947  -20.369 0.0000000000
17309  -23.048  19.014  -19.332 0.0000000000
17312  -18.880  20.052  -18.994 0.0000000000
17313  -19.205  15.752  -20.289 0.0000000000
17314  -19.724  17.180  -19.384 0.0000000000
17315  -20.182  15.867  -19.795 0.0000000000
17316  -21.355  16.155  -19.806 0.0000000000
17317  -20.694  14.574  -20.105 0.0000000000
17318  -21.347  13.345  -19.888 0.0000000000
17319  -20.528  13.204  -19.836 0.0000000000
18652  -13.707  28.262  -18.155 0.0000000000
18653  -14.189  26.788  -17.788 0.0000000000
18654  -13.421  26.824  -17.400 0.0000000000
20208  -34.792  26.480  -11.137 0.0000000000
20210  -33.707  25.886  -11.699 0.0000000000
20211  -32.896  25.214  -12.321 0.0000000000
20212  -34.783  25.248  -12.586 0.0000000000
20216  -38.468  24.706  -15.594 0.0000000000
20217  -38.546  24.708  -14.610 0.0000000000
20218  -37.472  24.316  -15.096 0.0000000000
20219  -36.056  24.104  -14.506 0.0000000000
20220  -36.415  23.809  -15.660 0.0000000000
20221  -35.504  23.224  -16.251 0.0000000000
20222  -36.520  23.856  -16.716 0.0000000000
20223  -35.360  25.976  -17.807 0.0000000000
20224  -35.527  24.537  -18.084 0.0000000000
20225  -34.579  25.092  -18.356 0.0000000000
20226  -33.588  24.315  -18.961 0.0000000000
20227  -33.303  25.809  -18.311 0.0000000000
20248  -29.110  28.756  -15.728 0.0000000000
20249  -30.077  27.419  -17.311 0.0000000000
20250  -28.425  27.620  -16.165 0.0000000000
20251  -27.826  26.479  -16.589 0.0000000000
20252  -26.898  27.589  -14.888 0.0000000000
20268  -17.392  31.154  -21.917 0.0000000000
20269  -17.733  29.665  -21.673 0.0000000000
20270  -16.600  29.992  -22.442 0.0000000000
20271  -15.984  28.854  -22.569 0.0000000000
20272  -15.641  30.392  -22.694 0.0000000000
20334  -15.607  35.574  -22.173 0.0000000000
20335  -14.634  35.967  -22.380 0.0000000000
20336  -13.940  34.472  -20.204 0.0000000000
20337  -14.517  33.975  -21.263 0.0000000000
20338  -14.470  33.016  -20.445 0.0000000000
20339  -14.841  31.449  -20.867 0.0000000000
20340  -14.262  31.932  -19.751 0.0000000000
20341  -14.083  30.721  -19.237 0.0000000000
22030  -26.201  21.981  -10.716 0.0000000000
22035  -28.388  21.621  -15.138 0.0000000000
22036  -27.710  21.929  -14.023 0.0000000000
22037  -26.795  21.146  -14.066 0.0000000000
22039  -25.497  18.806  -11.862 0.0000000000
22050  -27.677  20.278  -21.955 0.0000000000
22051  -28.750  19.830  -22.387 0.0000000000
22052  -27.845  18.724  -22.847 0.0000000000
22053  -26.345  15.798  -21.442 0.0000000000
22054  -27.295  16.622  -21.956 0.0000000000
22055  -26.521  16.441  -20.458 0.0000000000
22056  -26.340  17.201  -19.165 0.0000000000
22057  -25.479  16.242  -18.645 0.0000000000
22062  -25.804  12.127  -16.275 0.0000000000
22063  -26.259  12.341  -15.680 0.0000000000
22064  -25.451  13.848  -15.541 0.0000000000
22065  -26.790  12.487  -15.102 0.0000000000
22066  -27.381  12.618  -14.522 0.0000000000
22095  -15.098  23.700  -17.364 0.0000000000
22096  -15.431  23.547  -18.583 0.0000000000
22097  -15.425  22.189  -17.420 0.0000000000
23332  -16.368  26.175  -22.224 0.0000000000
23333  -16.653  24.820  -22.032 0.0000000000
23334  -15.837  25.091  -22.188 0.0000000000
23335  -15.499  23.900  -21.840 0.0000000000
23336  -15.356  22.708  -21.263 0.0000000000
24277  -33.220  21.765  -19.789 0.0000000000
24278  -32.662  20.837  -19.445 0.0000000000
24279  -32.372  21.014  -20.319 0.0000000000
24280  -31.390  20.225  -20.981 0.0000000000
24281  -30.407  19.372  -21.493 0.0000000000
25362  -17.771  18.634  -21.261 0.0000000000
25363  -18.391  18.582  -20.233 0.0000000000
25364  -17.957  17.067  -21.098 0.0000000000
25365  -18.380  15.554  -21.050 0.0000000000
25366  -19.025  14.198  -20.625 0.0000000000
27109  -37.157  24.702  -16.961 0.0000000000
27138  -18.112  32.266  -20.998 0.0000000000
27139  -16.974  32.565  -21.995 0.0000000000
28192  -29.363  24.725  -11.483 0.0000000000
28194  -28.296  23.915  -11.605 0.0000000000
28195  -27.394  23.070  -11.752 0.0000000000
28196  -26.627  22.142  -11.894 0.0000000000
28197  -26.562  20.124  -15.227 0.0000000000
28198  -26.074  20.215  -14.064 0.0000000000
28199  -25.472  19.189  -14.019 0.0000000000
28200  -25.319  17.796  -12.819 0.0000000000
28206  -25.981  17.981  -22.558 0.0000000000
28207  -26.877  17.558  -23.049 0.0000000000
28210  -25.525  15.078  -20.668 0.0000000000
28233  -14.683  20.782  -15.571 0.0000000000
28234  -15.308  20.725  -16.401 0.0000000000
29486  -18.173  21.787  -20.716 0.0000000000
29487  -16.986  23.416  -21.868 0.0000000000
29488  -17.344  21.925  -21.656 0.0000000000
29489  -17.617  20.218  -21.439 0.0000000000
29490  -16.998  18.669  -21.846 0.0000000000
29491  -16.481  17.231  -21.822 0.0000000000
31687  -32.553  22.725  -15.571 0.0000000000
31688  -30.719  22.764  -14.844 0.0000000000
31689  -31.420  22.225  -15.956 0.0000000000
31690  -30.217  21.733  -16.169 0.0000000000
31691  -29.063  21.168  -16.309 0.0000000000
31692  -31.492  20.507  -18.667 0.0000000000
31693  -29.778  20.567  -17.645 0.0000000000
31694  -28.005  20.540  -16.411 0.0000000000
31695  -27.129  19.860  -16.472 0.0000000000
31696  -26.288  19.033  -16.453 0.0000000000
31697  -25.481  18.096  -16.245 0.0000000000
34012  -28.715  24.068  -19.643 0.0000000000
34013  -29.346  22.368  -20.855 0.0000000000
34014  -28.078  22.924  -20.235 0.0000000000
34015  -27.350  21.884  -20.733 0.0000000000
34016  -26.595  20.761  -21.134 0.0000000000
34017  -25.067  22.267  -18.094 0.0000000000
34018  -25.509  21.213  -19.978 0.0000000000
34019  -25.879  19.637  -21.435 0.0000000000
34020  -25.096  18.477  -21.559 0.0000000000
34021  -24.299  17.380  -21.399 0.0000000000
34022  -23.409  16.308  -20.970 0.0000000000
34025  -21.204  19.801  -17.605 0.0000000000
34026  -19.179  18.534  -19.114 0.0000000000
34027  -20.413  18.526  -18.391 0.0000000000
34028  -21.854  18.770  -18.454 0.0000000000
34029  -22.225  17.644  -19.473 0.0000000000
34030  -22.506  16.384  -20.248 0.0000000000
34031  -22.631  14.901  -20.628 0.0000000000
34032  -22.182  13.452  -20.091 0.0000000000
35677  -14.880  27.755  -19.601 0.0000000000
35678  -15.073  26.313  -19.593 0.0000000000
35679  -14.807  26.523  -18.501 0.0000000000
35680  -14.667  25.202  -17.541 0.0000000000
35681  -14.522  23.797  -16.685 0.0000000000
35682  -13.177  25.307  -16.700 0.0000000000
35683  -13.804  23.813  -16.252 0.0000000000
35684  -14.320  22.320  -15.908 0.0000000000
35685  -13.980  20.583  -15.018 0.0000000000
37564  -31.058  25.057  -11.929 0.0000000000
37565  -32.033  24.524  -12.882 0.0000000000
37566  -32.869  23.957  -13.840 0.0000000000
37569  -37.730  25.719  -12.534 0.0000000000
37571  -38.325  25.095  -13.568 0.0000000000
37572  -36.705  25.158  -13.006 0.0000000000
37573  -35.567  24.640  -13.507 0.0000000000
37574  -34.561  24.055  -14.162 0.0000000000
37575  -33.550  23.413  -14.879 0.0000000000
37576  -34.095  22.960  -15.893 0.0000000000
37577  -34.558  22.547  -17.017 0.0000000000
37578  -34.667  22.264  -18.104 0.0000000000
37579  -36.212  24.159  -17.565 0.0000000000
37580  -35.382  23.235  -18.186 0.0000000000
37581  -34.326  22.466  -19.060 0.0000000000
37582  -33.546  22.903  -19.527 0.0000000000
37583  -32.523  23.615  -19.642 0.0000000000
37584  -31.206  24.148  -19.461 0.0000000000
37608  -32.643  27.483  -17.449 0.0000000000
37609  -31.765  26.695  -17.903 0.0000000000
37610  -30.761  25.764  -18.451 0.0000000000
37611  -29.707  24.999  -19.048 0.0000000000
37612  -28.312  25.370  -18.283 0.0000000000
37613  -27.107  25.298  -16.866 0.0000000000
37614  -25.823  25.082  -15.411 0.0000000000
37632  -18.136  26.968  -21.203 0.0000000000
37634  -18.007  28.214  -21.427 0.0000000000
37635  -17.132  27.153  -22.042 0.0000000000
37636  -16.272  27.449  -22.377 0.0000000000
37637  -15.536  27.787  -22.314 0.0000000000
37638  -15.087  28.293  -21.758 0.0000000000
37711  -16.711  35.208  -21.345 0.0000000000
37712  -16.330  34.067  -22.039 0.0000000000
37713  -15.862  32.967  -22.493 0.0000000000
37714  -14.529  34.918  -21.951 0.0000000000
37715  -15.000  33.411  -22.286 0.0000000000
37716  -15.372  31.807  -22.596 0.0000000000
37717  -15.025  30.790  -22.216 0.0000000000
37718  -14.972  29.904  -21.415 0.0000000000
37719  -14.896  28.925  -20.425 0.0000000000
37720  -14.556  29.286  -19.349 0.0000000000
37721  -13.890  29.514  -18.706 0.0000000000
39756  -28.768  22.640  -13.913 0.0000000000
39757  -27.110  22.083  -12.930 0.0000000000
39758  -26.054  21.108  -11.878 0.0000000000
39759  -25.783  20.198  -12.983 0.0000000000
39760  -25.658  20.032  -11.898 0.0000000000
39761  -25.718  19.726  -10.746 0.0000000000
39774  -29.729  20.867  -21.810 0.0000000000
39775  -29.746  19.505  -22.178 0.0000000000
39776  -29.336  18.505  -21.890 0.0000000000
39777  -27.688  17.443  -22.821 0.0000000000
39778  -28.266  17.542  -22.079 0.0000000000
39779  -28.527  18.047  -20.856 0.0000000000
39780  -27.243  18.019  -19.340 0.0000000000
39781  -25.913  17.805  -17.675 0.0000000000
39782  -24.984  16.915  -16.028 0.0000000000
39785  -24.956  14.619  -18.900 0.0000000000
39786  -25.391  11.927  -16.867 0.0000000000
39787  -24.905  13.548  -17.331 0.0000000000
39788  -24.933  15.049  -17.995 0.0000000000
39789  -24.896  15.386  -16.894 0.0000000000
39790  -24.939  15.364  -15.690 0.0000000000
39791  -25.211  15.444  -14.681 0.0000000000
39828  -15.263  24.736  -19.849 0.0000000000
39829  -15.405  23.135  -19.993 0.0000000000
39830  -15.449  21.515  -20.225 0.0000000000
39831  -15.637  20.685  -17.458 0.0000000000
39832  -15.641  20.330  -18.939 0.0000000000
39833  -15.428  19.860  -20.443 0.0000000000
39834  -15.519  18.232  -20.456 0.0000000000
41122  -15.091  27.104  -21.336 0.0000000000
41123  -15.117  26.302  -21.430 0.0000000000
41124  -15.118  26.552  -20.852 0.0000000000
41647  -30.738  23.047  -20.243 0.0000000000
41648  -31.010  22.302  -20.681 0.0000000000
41649  -30.387  22.532  -20.648 0.0000000000
43822  -31.518  23.553  -13.996 0.0000000000
43823  -30.462  23.561  -13.632 0.0000000000
43824  -30.893  23.286  -14.140 0.0000000000
43825  -25.051  17.556  -14.914 0.0000000000
43826  -25.032  17.460  -14.305 0.0000000000
43827  -25.011  16.794  -14.219 0.0000000000
43828  -25.314  16.072  -13.729 0.0000000000
43829  -25.147  16.101  -14.167 0.0000000000
44647  -17.819  25.858  -21.413 0.0000000000
44648  -18.016  25.207  -21.187 0.0000000000
44649  -17.468  25.271  -21.640 0.0000000000
44650  -15.486  21.696  -21.761 0.0000000000
44651  -15.759  21.565  -21.951 0.0000000000
44652  -15.580  20.869  -21.773 0.0000000000
44653  -15.660  20.028  -21.812 0.0000000000
44654  -15.450  20.216  -21.498 0.0000000000
46222  -33.690  21.548  -18.471 0.0000000000
46223  -33.093  21.422  -18.061 0.0000000000
46224  -33.222  21.260  -18.666 0.0000000000
46225  -30.091  19.121  -20.554 0.0000000000
46226  -30.036  19.317  -19.885 0.0000000000
46227  -29.469  19.025  -19.980 0.0000000000
46228  -28.743  19.051  -19.263 0.0000000000
46229  -28.939  18.729  -20.032 0.0000000000
48022  -25.720  24.085  -16.333 0.0000000000
48023  -26.044  23.678  -17.306 0.0000000000
48024  -25.423  23.558  -16.639 0.0000000000
48025  -22.879  20.547  -17.827 0.0000000000
48026  -23.492  20.656  -18.327 0.0000000000
48027  -23.181  20.092  -18.511 0.0000000000
48028  -23.404  19.629  -19.213 0.0000000000
48029  -22.867  19.515  -18.681 0.0000000000
48030  -18.515  20.915  -19.822 0.0000000000
48032  -18.570  20.129  -19.672 0.0000000000
48033  -19.513  15.113  -20.295 0.0000000000
48034  -19.712  15.788  -19.951 0.0000000000
48035  -19.967  15.151  -20.099 0.0000000000
48036  -20.451  15.214  -19.990 0.0000000000
48037  -20.249  14.472  -20.128 0.0000000000
48038  -20.513  13.864  -20.082 0.0000000000
48039  -20.135  13.750  -20.086 0.0000000000
49373  -13.564  27.527  -17.742 0.0000000000
50928  -35.352  26.171  -11.599 0.0000000000
50929  -34.296  26.195  -11.374 0.0000000000
50930  -34.822  25.878  -11.844 0.0000000000
50931  -34.311  25.582  -12.110 0.0000000000
50932  -35.314  25.538  -12.303 0.0000000000
50936  -37.965  24.489  -15.831 0.0000000000
50937  -38.026  24.509  -15.398 0.0000000000
50938  -37.513  24.259  -15.638 0.0000000000
50939  -36.949  24.073  -15.378 0.0000000000
50940  -36.993  24.005  -15.898 0.0000000000
50941  -36.537  23.736  -16.212 0.0000000000
50942  -36.978  24.086  -16.402 0.0000000000
50943  -34.787  26.271  -17.792 0.0000000000
50944  -35.015  25.510  -18.059 0.0000000000
50945  -34.441  25.850  -18.054 0.0000000000
50946  -33.980  25.433  -18.365 0.0000000000
50947  -33.806  26.196  -18.008 0.0000000000
50969  -28.744  28.164  -15.959 0.0000000000
50970  -27.984  28.140  -15.267 0.0000000000
50971  -27.677  27.615  -15.491 0.0000000000
50972  -27.204  28.141  -14.637 0.0000000000
50988  -16.806  31.344  -22.309 0.0000000000
50989  -16.986  30.578  -22.219 0.0000000000
50990  -16.444  30.768  -22.514 0.0000000000
50991  -16.088  30.207  -22.647 0.0000000000
50992  -15.969  30.928  -22.676 0.0000000000
51056  -13.867  33.914  -19.922 0.0000000000
51057  -14.252  33.795  -20.326 0.0000000000
51058  -14.124  33.211  -20.005 0.0000000000
51059  -14.390  32.489  -20.063 0.0000000000
51060  -13.986  32.644  -19.697 0.0000000000
51061  -13.876  32.039  -19.451 0.0000000000
51062  -13.548  32.767  -19.501 0.0000000000
52750  -26.012  21.431  -10.713 0.0000000000
52755  -27.890  21.296  -15.177 0.0000000000
52756  -27.559  21.438  -14.602 0.0000000000
52757  -27.100  21.052  -14.631 0.0000000000
52770  -27.255  19.675  -22.172 0.0000000000
52771  -27.783  19.485  -22.476 0.0000000000
52772  -27.334  18.888  -22.679 0.0000000000
52773  -26.060  15.668  -20.698 0.0000000000
52774  -26.471  16.079  -21.008 0.0000000000
52775  -26.065  16.003  -20.199 0.0000000000
52776  -25.988  16.373  -19.540 0.0000000000
52777  -25.598  15.921  -19.229 0.0000000000
52784  -26.499  12.420  -15.398 0.0000000000
52815  -15.033  23.008  -16.920 0.0000000000
52816  -15.281  22.935  -17.387 0.0000000000
52817  -15.218  22.252  -16.910 0.0000000000
54247  -16.014  26.323  -22.265 0.0000000000
54248  -16.051  25.639  -22.254 0.0000000000
54249  -15.768  25.763  -22.198 0.0000000000
54250  -15.199  24.827  -21.598 0.0000000000
54251  -15.394  24.627  -21.884 0.0000000000
54252  -15.281  24.092  -21.591 0.0000000000
54253  -15.381  23.315  -21.590 0.0000000000
54254  -15.270  23.483  -21.216 0.0000000000
55822  -32.883  21.962  -20.057 0.0000000000
55823  -32.814  21.404  -20.058 0.0000000000
55824  -32.489  21.555  -20.351 0.0000000000
55825  -31.157  20.907  -21.241 0.0000000000
55826  -31.550  20.732  -20.995 0.0000000000
55827  -31.077  20.295  -21.343 0.0000000000
55828  -30.916  19.794  -21.261 0.0000000000
55829  -30.599  19.812  -21.676 0.0000000000
57630  -17.520  17.875  -21.531 0.0000000000
57631  -17.837  17.840  -21.167 0.0000000000
57632  -17.609  17.072  -21.483 0.0000000000
57634  -18.023  15.537  -21.350 0.0000000000
57635  -18.334  14.750  -21.209 0.0000000000
57636  -18.705  14.850  -20.917 0.0000000000
60590  -17.828  32.937  -21.075 0.0000000000
60591  -17.542  32.405  -21.605 0.0000000000
60592  -17.276  33.093  -21.581 0.0000000000
62347  -29.805  24.546  -11.958 0.0000000000
62348  -28.826  24.324  -11.541 0.0000000000
62349  -29.202  24.199  -12.027 0.0000000000
62350  -28.557  23.328  -12.760 0.0000000000
62351  -28.186  23.467  -12.247 0.0000000000
62352  -27.731  23.044  -12.289 0.0000000000
62353  -26.991  22.607  -11.815 0.0000000000
62354  -27.317  22.610  -12.342 0.0000000000
62355  -26.205  19.696  -15.224 0.0000000000
62356  -25.969  19.723  -14.640 0.0000000000
62357  -25.653  19.227  -14.608 0.0000000000
62358  -25.234  17.218  -13.268 0.0000000000
62359  -25.224  17.877  -13.365 0.0000000000
62360  -25.392  17.153  -12.805 0.0000000000
62371  -25.983  17.203  -22.866 0.0000000000
64825  -18.356  23.869  -20.734 0.0000000000
64827  -18.447  23.195  -20.488 0.0000000000
64828  -18.481  22.459  -20.213 0.0000000000
64829  -18.109  22.531  -20.874 0.0000000000
64830  -16.378  24.252  -22.104 0.0000000000
64831  -16.820  24.174  -21.948 0.0000000000
64832  -16.528  23.546  -22.040 0.0000000000
64833  -16.525  21.239  -22.041 0.0000000000
64834  -16.835  21.998  -21.928 0.0000000000
64835  -17.014  21.121  -21.872 0.0000000000
64836  -17.486  21.060  -21.558 0.0000000000
64837  -17.163  20.273  -21.765 0.0000000000
64838  -17.301  19.424  -21.667 0.0000000000
64839  -16.841  19.522  -21.876 0.0000000000
64840  -15.895  18.353  -21.725 0.0000000000
64841  -16.270  18.089  -21.832 0.0000000000
64842  -16.093  17.449  -21.651 0.0000000000
69547  -32.899  22.483  -16.136 0.0000000000
69548  -32.034  22.471  -15.804 0.0000000000
69549  -32.383  22.170  -16.360 0.0000000000
69550  -31.502  21.363  -17.237 0.0000000000
69551  -31.182  21.699  -16.643 0.0000000000
69552  -30.610  21.426  -16.756 0.0000000000
69553  -29.656  21.460  -16.256 0.0000000000
69554  -30.010  21.147  -16.864 0.0000000000
69555  -32.143  20.521  -19.657 0.0000000000
69556  -32.163  20.613  -19.086 0.0000000000
69557  -31.597  20.303  -19.299 0.0000000000
69558  -29.530  19.965  -18.419 0.0000000000
69559  -30.102  20.222  -18.384 0.0000000000
69560  -29.196  20.278  -17.705 0.0000000000
69561  -28.846  20.586  -17.003 0.0000000000
69562  -28.322  20.272  -17.055 0.0000000000
69563  -27.552  20.210  -16.440 0.0000000000
69564  -27.823  19.960  -17.097 0.0000000000
69565  -27.233  19.051  -17.808 0.0000000000
69566  -26.943  19.254  -17.100 0.0000000000
69567  -26.518  18.869  -17.092 0.0000000000
69568  -25.863  18.576  -16.352 0.0000000000
69569  -26.084  18.445  -17.054 0.0000000000
74947  -28.059  24.249  -19.188 0.0000000000
74948  -28.356  23.543  -19.905 0.0000000000
74949  -27.722  23.720  -19.492 0.0000000000
74950  -26.516  22.796  -19.317 0.0000000000
74951  -27.107  22.645  -19.996 0.0000000000
74952  -26.742  22.115  -20.181 0.0000000000
74953  -26.959  21.345  -20.937 0.0000000000
74954  -26.369  21.584  -20.378 0.0000000000
74956  -24.807  22.617  -17.212 0.0000000000
74957  -24.464  22.186  -17.478 0.0000000000
74958  -24.639  20.727  -19.586 0.0000000000
74959  -24.966  21.272  -19.352 0.0000000000
74960  -25.195  20.646  -20.189 0.0000000000
74961  -25.718  20.434  -20.774 0.0000000000
74962  -25.374  19.861  -20.897 0.0000000000
74963  -25.482  19.035  -21.533 0.0000000000
74964  -24.987  19.316  -20.955 0.0000000000
74965  -23.732  18.381  -20.371 0.0000000000
74966  -24.179  18.152  -20.909 0.0000000000
74967  -23.796  17.552  -20.868 0.0000000000
74968  -23.836  16.866  -21.182 0.0000000000
74969  -23.374  17.040  -20.692 0.0000000000
74977  -20.473  19.770  -17.667 0.0000000000
74978  -18.505  17.832  -20.220 0.0000000000
74979  -18.744  18.562  -19.661 0.0000000000
74980  -18.907  17.852  -19.697 0.0000000000
74981  -20.342  17.270  -19.132 0.0000000000
74982  -20.059  17.863  -18.825 0.0000000000
74983  -20.762  17.979  -18.697 0.0000000000
74984  -21.144  18.659  -18.278 0.0000000000
74985  -21.424  18.165  -18.725 0.0000000000
74986  -22.050  18.257  -18.986 0.0000000000
74987  -21.631  17.579  -19.147 0.0000000000
74988  -21.534  15.536  -20.092 0.0000000000
74989  -21.972  16.314  -19.981 0.0000000000
74990  -22.097  15.641  -20.263 0.0000000000
74991  -22.590  15.664  -20.508 0.0000000000
74992  -22.214  14.851  -20.449 0.0000000000
74993  -22.358  14.156  -20.401 0.0000000000
74994  -21.945  14.075  -20.266 0.0000000000
78997  -14.705  27.946  -19.062 0.0000000000
78998  -14.853  27.150  -19.025 0.0000000000
78999  -14.620  27.299  -18.585 0.0000000000
79000  -14.091  26.080  -17.391 0.0000000000
79001  -14.422  26.015  -17.668 0.0000000000
79002  -14.362  25.291  -17.252 0.0000000000
79003  -14.610  24.516  -17.115 0.0000000000
79004  -14.272  24.551  -16.829 0.0000000000
79008  -13.296  22.978  -15.791 0.0000000000
79009  -13.407  23.814  -16.131 0.0000000000
79010  -13.707  23.021  -15.901 0.0000000000
79011  -14.083  23.062  -16.071 0.0000000000
79012  -13.953  22.223  -15.668 0.0000000000
79013  -14.183  21.465  -15.460 0.0000000000
79014  -13.788  21.347  -15.248 0.0000000000
83666  -32.331  26.091  -11.090 0.0000000000
83670  -30.908  25.654  -11.198 0.0000000000
83671  -30.518  25.308  -11.448 0.0000000000
83672  -31.447  25.421  -11.657 0.0000000000
83673  -33.347  24.933  -12.763 0.0000000000
83674  -32.441  24.891  -12.618 0.0000000000
83675  -32.898  24.589  -13.039 0.0000000000
83676  -32.443  24.223  -13.352 0.0000000000
83677  -33.313  24.291  -13.501 0.0000000000
83689  -37.954  24.638  -14.356 0.0000000000
83690  -38.493  24.863  -14.091 0.0000000000
83691  -37.801  24.870  -13.800 0.0000000000
83692  -37.572  25.130  -13.271 0.0000000000
83693  -37.020  24.898  -13.498 0.0000000000
83694  -36.124  24.899  -13.246 0.0000000000
83695  -36.381  24.642  -13.692 0.0000000000
83696  -35.531  23.799  -14.857 0.0000000000
83697  -35.318  24.073  -14.329 0.0000000000
83698  -34.789  23.770  -14.680 0.0000000000
83699  -34.044  23.748  -14.511 0.0000000000
83700  -34.271  23.463  -15.023 0.0000000000
83701  -33.810  23.151  -15.379 0.0000000000
83702  -34.540  23.236  -15.532 0.0000000000
83703  -35.595  23.191  -16.812 0.0000000000
83704  -35.042  22.931  -16.628 0.0000000000
83705  -35.159  22.769  -17.192 0.0000000000
83706  -34.662  22.375  -17.565 0.0000000000
83707  -35.195  22.691  -17.690 0.0000000000
83708  -36.855  25.002  -17.286 0.0000000000
83709  -36.708  24.449  -17.313 0.0000000000
83710  -36.367  24.791  -17.585 0.0000000000
83711  -35.159  24.109  -18.422 0.0000000000
83712  -35.528  23.888  -18.142 0.0000000000
83713  -35.085  23.428  -18.550 0.0000000000
83714  -34.866  22.803  -18.609 0.0000000000
83715  -34.563  23.006  -18.977 0.0000000000
83716  -33.973  22.650  -19.356 0.0000000000
83717  -34.122  23.200  -19.226 0.0000000000
83718  -32.978  24.676  -18.968 0.0000000000
83719  -33.057  23.963  -19.294 0.0000000000
83720  -32.439  24.292  -19.274 0.0000000000
83721  -31.884  23.849  -19.585 0.0000000000
83722  -31.770  24.566  -19.168 0.0000000000
83783  -31.775  27.943  -17.197 0.0000000000
83784  -32.233  27.064  -17.652 0.0000000000
83785  -31.379  27.525  -17.391 0.0000000000
83786  -29.637  26.861  -17.607 0.0000000000
83787  -30.474  26.611  -17.919 0.0000000000
83788  -29.966  26.142  -18.195 0.0000000000
83789  -30.239  25.368  -18.751 0.0000000000
83790  -29.455  25.690  -18.472 0.0000000000
83791  -28.972  25.263  -18.782 0.0000000000
83792  -28.740  25.868  -18.071 0.0000000000
83793  -27.151  26.453  -15.844 0.0000000000
83794  -27.477  25.907  -16.740 0.0000000000
83795  -26.822  25.820  -15.956 0.0000000000
83796  -26.481  25.201  -16.071 0.0000000000
83797  -26.150  25.713  -15.302 0.0000000000
83842  -18.534  27.482  -20.669 0.0000000000
83846  -17.312  29.060  -22.041 0.0000000000
83847  -17.910  28.909  -21.557 0.0000000000
83848  -17.479  28.323  -21.904 0.0000000000
83849  -17.569  27.659  -21.794 0.0000000000
83850  -17.084  27.736  -22.148 0.0000000000
83851  -16.680  27.271  -22.265 0.0000000000
83852  -16.588  27.919  -22.400 0.0000000000
83853  -15.557  29.054  -22.552 0.0000000000
83854  -15.764  28.330  -22.481 0.0000000000
83855  -15.391  28.490  -22.352 0.0000000000
83856  -15.253  28.015  -22.119 0.0000000000
83857  -15.124  28.762  -22.116 0.0000000000
84040  -16.346  35.938  -21.476 0.0000000000
84041  -15.441  35.053  -22.333 0.0000000000
84042  -15.925  34.829  -22.122 0.0000000000
84043  -15.765  34.262  -22.308 0.0000000000
84044  -16.102  33.527  -22.307 0.0000000000
84045  -15.587  33.715  -22.438 0.0000000000
84047  -14.268  35.627  -21.809 0.0000000000
84048  -14.299  35.179  -21.414 0.0000000000
84049  -14.739  33.208  -21.459 0.0000000000
84050  -14.712  33.688  -21.850 0.0000000000
84051  -14.894  32.896  -22.043 0.0000000000
84052  -15.231  32.626  -22.438 0.0000000000
84053  -15.072  32.048  -22.256 0.0000000000
84054  -15.161  31.238  -22.484 0.0000000000
84055  -14.975  31.560  -21.975 0.0000000000
84056  -14.783  30.986  -20.429 0.0000000000
84057  -14.927  30.726  -21.188 0.0000000000
84058  -14.879  30.234  -20.701 0.0000000000
84059  -14.945  29.402  -20.938 0.0000000000
84060  -14.844  29.775  -20.201 0.0000000000
84061  -14.772  29.138  -19.850 0.0000000000
84062  -14.630  29.914  -19.673 0.0000000000
84063  -13.694  30.811  -18.987 0.0000000000
84064  -13.978  30.126  -18.952 0.0000000000
84065  -13.578  30.222  -18.782 0.0000000000
89145  -30.102  22.494  -14.933 0.0000000000
89146  -29.725  22.774  -14.383 0.0000000000
89147  -29.141  22.463  -14.461 0.0000000000
89148  -26.926  21.604  -13.492 0.0000000000
89149  -27.383  22.013  -13.462 0.0000000000
89150  -26.696  21.634  -12.940 0.0000000000
89151  -26.502  21.696  -12.425 0.0000000000
89152  -26.167  21.152  -12.421 0.0000000000
89153  -25.611  19.701  -13.477 0.0000000000
89154  -25.886  20.218  -13.508 0.0000000000
89155  -25.551  19.689  -12.959 0.0000000000
89156  -25.628  18.653  -11.326 0.0000000000
89157  -25.549  19.420  -11.885 0.0000000000
89158  -25.624  19.278  -11.325 0.0000000000
89159  -25.669  19.900  -11.320 0.0000000000
89190  -28.966  21.872  -21.181 0.0000000000
89191  -29.620  21.622  -21.379 0.0000000000
89192  -29.146  21.078  -21.709 0.0000000000
89193  -28.782  19.140  -22.626 0.0000000000
89194  -29.298  19.655  -22.350 0.0000000000
89195  -29.218  19.001  -22.429 0.0000000000
89196  -29.600  18.949  -22.108 0.0000000000
89197  -29.058  18.478  -22.303 0.0000000000
89198  -26.845  16.935  -22.987 0.0000000000
89199  -27.305  17.474  -23.019 0.0000000000
89200  -27.189  16.901  -22.766 0.0000000000
89201  -27.456  16.908  -21.449 0.0000000000
89202  -27.781  17.074  -22.070 0.0000000000
89203  -27.938  17.322  -21.521 0.0000000000
89204  -28.456  17.759  -21.499 0.0000000000
89205  -28.031  17.637  -20.911 0.0000000000
89206  -27.932  18.020  -20.158 0.0000000000
89207  -27.432  17.628  -20.122 0.0000000000
89208  -25.712  17.037  -18.251 0.0000000000
89209  -26.122  17.523  -18.422 0.0000000000
89210  -25.532  17.284  -17.540 0.0000000000
89211  -25.338  17.491  -16.836 0.0000000000
89212  -25.078  16.844  -16.665 0.0000000000
89220  -24.785  13.940  -18.490 0.0000000000
89223  -25.953  11.240  -16.492 0.0000000000
89224  -25.411  12.943  -16.311 0.0000000000
89225  -25.290  12.792  -16.704 0.0000000000
89226  -25.017  13.623  -16.871 0.0000000000
89227  -24.871  14.328  -17.660 0.0000000000
89228  -24.870  14.462  -17.166 0.0000000000
89229  -24.894  15.227  -17.457 0.0000000000
89230  -24.907  14.582  -16.619 0.0000000000
89231  -25.652  13.942  -15.144 0.0000000000
89232  -25.143  14.616  -15.587 0.0000000000
89233  -25.320  14.703  -15.105 0.0000000000
89234  -25.049  15.420  -15.123 0.0000000000
89235  -25.510  14.717  -14.692 0.0000000000
89236  -25.705  14.727  -14.290 0.0000000000
89237  -26.103  14.011  -14.373 0.0000000000
89325  -15.100  25.773  -19.011 0.0000000000
89326  -15.179  25.507  -19.736 0.0000000000
89327  -15.234  24.963  -19.143 0.0000000000
89328  -15.533  22.769  -18.632 0.0000000000
89329  -15.453  23.378  -19.298 0.0000000000
89330  -15.508  22.545  -19.371 0.0000000000
89331  -15.451  22.304  -20.065 0.0000000000
89332  -15.537  21.731  -19.469 0.0000000000
89333  -15.459  19.965  -16.366 0.0000000000
89334  -15.512  20.726  -16.894 0.0000000000
89335  -15.631  19.972  -16.915 0.0000000000
89337  -15.753  19.725  -18.275 0.0000000000
89338  -15.667  19.503  -19.028 0.0000000000
89339  -15.530  20.101  -19.718 0.0000000000
89340  -15.567  19.284  -19.785 0.0000000000
89341  -15.463  19.045  -20.453 0.0000000000
92452  -15.338  26.611  -22.108 0.0000000000
92453  -15.443  25.902  -22.080 0.0000000000
92454  -15.208  26.085  -21.840 0.0000000000
92455  -15.131  25.547  -21.543 0.0000000000
92456  -15.108  25.007  -21.164 0.0000000000
93397  -31.991  22.484  -20.302 0.0000000000
93398  -32.085  21.739  -20.540 0.0000000000
93399  -31.586  22.013  -20.645 0.0000000000
93400  -31.154  21.566  -21.009 0.0000000000
93401  -30.703  21.126  -21.398 0.0000000000
94482  -17.065  16.383  -21.744 0.0000000000
94483  -17.407  16.303  -21.637 0.0000000000
97312  -30.616  24.110  -12.958 0.0000000000
97313  -29.580  24.028  -12.541 0.0000000000
97314  -30.005  23.809  -13.084 0.0000000000
97315  -29.467  23.493  -13.204 0.0000000000
97316  -28.933  23.157  -13.292 0.0000000000
97317  -25.520  18.729  -15.106 0.0000000000
97318  -25.371  18.682  -14.528 0.0000000000
97319  -25.159  18.094  -14.415 0.0000000000
97320  -25.090  17.335  -13.779 0.0000000000
97321  -25.351  16.589  -13.258 0.0000000000
98799  -18.513  25.123  -20.593 0.0000000000
98800  -18.228  24.557  -20.992 0.0000000000
98801  -17.877  23.914  -21.288 0.0000000000
98802  -15.874  23.042  -22.053 0.0000000000
98803  -16.245  22.908  -22.079 0.0000000000
98804  -15.973  22.255  -22.050 0.0000000000
98805  -16.099  21.406  -22.056 0.0000000000
98806  -16.222  20.506  -22.066 0.0000000000
98807  -16.373  19.641  -22.005 0.0000000000
98808  -15.968  19.807  -21.985 0.0000000000
98809  -15.751  19.188  -21.764 0.0000000000
98810  -15.608  18.543  -21.460 0.0000000000
101632  -33.419  21.949  -17.237 0.0000000000
101633  -32.621  21.891  -16.884 0.0000000000
101634  -32.885  21.645  -17.450 0.0000000000
101635  -32.348  21.362  -17.675 0.0000000000
101636  -31.768  21.058  -17.841 0.0000000000
101637  -31.113  19.827  -20.188 0.0000000000
101638  -31.072  19.996  -19.524 0.0000000000
101639  -30.568  19.675  -19.731 0.0000000000
101640  -29.857  19.642  -19.127 0.0000000000
101641  -28.989  19.687  -18.465 0.0000000000
101642  -28.134  19.693  -17.796 0.0000000000
101643  -28.462  19.388  -18.512 0.0000000000
101644  -27.959  19.081  -18.539 0.0000000000
101645  -27.468  18.741  -18.535 0.0000000000
104872  -26.866  24.281  -17.836 0.0000000000
104873  -27.138  23.797  -18.875 0.0000000000
104874  -26.609  23.778  -18.080 0.0000000000
104875  -26.332  23.266  -18.335 0.0000000000
104876  -25.975  22.794  -18.559 0.0000000000
104878  -24.122  21.708  -17.768 0.0000000000
104879  -23.799  21.203  -18.067 0.0000000000
104880  -24.091  20.730  -18.936 0.0000000000
104881  -24.265  20.216  -19.688 0.0000000000
104882  -24.435  19.544  -20.342 0.0000000000
104883  -23.894  19.656  -19.743 0.0000000000
104884  -23.577  19.035  -19.829 0.0000000000
104885  -23.215  18.437  -19.862 0.0000000000
104890  -19.276  19.891  -18.381 0.0000000000
104891  -18.921  16.386  -20.277 0.0000000000
104892  -19.142  17.129  -19.780 0.0000000000
104893  -19.436  16.471  -19.869 0.0000000000
104894  -19.990  16.536  -19.576 0.0000000000
104895  -20.555  16.653  -19.394 0.0000000000
104896  -21.200  16.798  -19.370 0.0000000000
104897  -20.741  15.989  -19.734 0.0000000000
104898  -20.971  15.365  -19.992 0.0000000000
104899  -21.157  14.773  -20.167 0.0000000000
104900  -21.466  13.999  -20.154 0.0000000000
104901  -20.963  13.980  -20.073 0.0000000000
104902  -20.923  13.296  -19.834 0.0000000000
107302  -14.076  28.211  -18.380 0.0000000000
107303  -14.305  27.439  -18.236 0.0000000000
107304  -13.944  27.524  -17.954 0.0000000000
107305  -13.825  26.811  -17.549 0.0000000000
107306  -13.713  26.096  -17.176 0.0000000000
107311  -13.144  22.168  -15.426 0.0000000000
107312  -13.401  21.373  -15.142 0.0000000000
110105  -33.284  26.156  -11.245 0.0000000000
110106  -32.796  25.837  -11.559 0.0000000000
110107  -32.390  25.507  -11.855 0.0000000000
110108  -33.327  25.549  -12.015 0.0000000000
110109  -33.857  25.240  -12.473 0.0000000000
110110  -34.271  24.959  -12.925 0.0000000000
110118  -38.533  24.664  -15.140 0.0000000000
110119  -38.050  24.480  -14.927 0.0000000000
110120  -37.379  24.412  -14.547 0.0000000000
110121  -36.605  24.399  -14.197 0.0000000000
110122  -36.813  24.172  -14.764 0.0000000000
110123  -36.252  23.922  -15.078 0.0000000000
110124  -35.744  23.646  -15.405 0.0000000000
110125  -35.269  23.348  -15.724 0.0000000000
110126  -35.930  23.536  -15.975 0.0000000000
110127  -36.049  23.502  -16.515 0.0000000000
110128  -36.063  23.538  -17.023 0.0000000000
110129  -35.933  25.650  -17.726 0.0000000000
110130  -35.948  25.019  -17.811 0.0000000000
110131  -35.490  25.231  -17.964 0.0000000000
110132  -35.100  24.788  -18.256 0.0000000000
110133  -34.663  24.343  -18.662 0.0000000000
110134  -34.147  23.906  -18.962 0.0000000000
110135  -34.099  24.675  -18.679 0.0000000000
110136  -33.466  25.055  -18.654 0.0000000000
110137  -32.795  25.441  -18.588 0.0000000000
110174  -29.964  28.635  -16.397 0.0000000000
110175  -30.485  27.919  -17.084 0.0000000000
110176  -29.577  28.118  -16.596 0.0000000000
110177  -29.159  27.589  -16.882 0.0000000000
110178  -28.837  27.012  -17.065 0.0000000000
110179  -28.477  26.473  -17.331 0.0000000000
110180  -28.106  27.073  -16.385 0.0000000000
110181  -27.407  27.050  -15.682 0.0000000000
110182  -26.655  27.015  -15.069 0.0000000000
110210  -17.997  30.978  -21.379 0.0000000000
110211  -18.203  30.236  -21.260 0.0000000000
110212  -17.577  30.385  -21.812 0.0000000000
110213  -17.148  29.809  -22.105 0.0000000000
110214  -16.776  29.199  -22.348 0.0000000000
110215  -16.441  28.627  -22.470 0.0000000000
110216  -16.270  29.381  -22.536 0.0000000000
110217  -15.802  29.595  -22.624 0.0000000000
110218  -15.407  29.816  -22.596 0.0000000000
110328  -15.795  36.105  -21.935 0.0000000000
110329  -15.254  36.261  -22.243 0.0000000000
110330  -15.085  35.767  -22.382 0.0000000000
110331  -14.957  35.248  -22.398 0.0000000000
110332  -14.025  34.980  -20.473 0.0000000000
110333  -14.310  34.716  -21.045 0.0000000000
110334  -14.274  34.248  -20.676 0.0000000000
110335  -14.540  33.506  -20.806 0.0000000000
110336  -14.717  32.751  -21.036 0.0000000000
110337  -14.865  31.970  -21.298 0.0000000000
110338  -14.698  32.254  -20.604 0.0000000000
110339  -14.622  31.739  -20.243 0.0000000000
110340  -14.495  31.250  -19.851 0.0000000000
110341  -14.407  30.637  -19.573 0.0000000000
110342  -14.175  31.317  -19.504 0.0000000000
110343  -13.780  31.424  -19.245 0.0000000000
113382  -26.446  22.513  -10.717 0.0000000000
113391  -28.923  21.933  -15.086 0.0000000000
113392  -28.585  22.137  -14.535 0.0000000000
113393  -28.084  21.813  -14.601 0.0000000000
113394  -27.236  21.549  -14.052 0.0000000000
113395  -26.516  21.197  -13.520 0.0000000000
113396  -25.393  18.281  -12.317 0.0000000000
113397  -25.426  18.920  -12.372 0.0000000000
113398  -25.507  18.183  -11.833 0.0000000000
113418  -28.124  20.866  -21.715 0.0000000000
113419  -28.672  20.586  -21.985 0.0000000000
113420  -28.219  20.072  -22.229 0.0000000000
113421  -28.293  19.319  -22.634 0.0000000000
113422  -28.306  18.602  -22.813 0.0000000000
113423  -26.580  16.005  -22.099 0.0000000000
113424  -27.057  16.449  -22.378 0.0000000000
113425  -26.791  16.205  -21.733 0.0000000000
113426  -26.950  16.494  -21.255 0.0000000000
113427  -27.003  16.849  -20.683 0.0000000000
113428  -26.931  17.230  -20.016 0.0000000000
113429  -26.441  16.830  -19.847 0.0000000000
113430  -25.897  16.754  -18.937 0.0000000000
113431  -25.331  16.526  -18.020 0.0000000000
113438  -26.220  11.338  -16.289 0.0000000000
113439  -26.501  11.395  -16.047 0.0000000000
113440  -26.045  12.200  -15.980 0.0000000000
113441  -25.603  13.051  -15.961 0.0000000000
113442  -25.243  13.859  -15.996 0.0000000000
113443  -25.826  13.081  -15.566 0.0000000000
113444  -26.041  13.126  -15.218 0.0000000000
113445  -26.341  13.206  -14.891 0.0000000000
113446  -26.594  13.286  -14.575 0.0000000000
113447  -27.094  12.558  -14.804 0.0000000000
113499  -15.128  24.373  -17.872 0.0000000000
113500  -15.301  24.326  -18.533 0.0000000000
113501  -15.311  23.587  -17.900 0.0000000000
113502  -15.453  22.890  -17.941 0.0000000000
113503  -15.557  22.105  -17.994 0.0000000000
115882  -16.814  26.000  -22.095 0.0000000000
115883  -16.950  25.356  -21.953 0.0000000000
115884  -16.505  25.478  -22.134 0.0000000000
115885  -16.220  24.952  -22.156 0.0000000000
115886  -15.974  24.419  -22.141 0.0000000000
115887  -15.560  25.188  -22.079 0.0000000000
115888  -15.653  24.505  -22.064 0.0000000000
115889  -15.734  23.788  -22.081 0.0000000000
115890  -15.579  23.174  -21.889 0.0000000000
115891  -15.442  22.554  -21.674 0.0000000000
115892  -15.391  21.932  -21.400 0.0000000000
118087  -33.522  21.616  -19.436 0.0000000000
118088  -33.191  21.161  -19.244 0.0000000000
118089  -33.073  21.249  -19.664 0.0000000000
118090  -32.604  20.918  -19.918 0.0000000000
118091  -32.089  20.534  -20.189 0.0000000000
118092  -32.038  21.128  -20.629 0.0000000000
118093  -31.869  20.618  -20.654 0.0000000000
118094  -31.546  20.124  -20.480 0.0000000000
118095  -31.048  19.739  -20.788 0.0000000000
118096  -30.553  19.381  -20.987 0.0000000000
118097  -30.049  19.007  -21.172 0.0000000000
120608  -24.736  23.495  -15.992 0.0000000000
120617  -22.262  20.438  -17.464 0.0000000000
120618  -18.027  19.404  -20.875 0.0000000000
120619  -18.336  19.364  -20.293 0.0000000000
120620  -18.075  18.604  -20.771 0.0000000000
120621  -18.152  17.824  -20.710 0.0000000000
120622  -18.275  17.082  -20.701 0.0000000000
120623  -17.788  16.301  -21.406 0.0000000000
120624  -18.131  16.306  -21.104 0.0000000000
120625  -18.494  16.322  -20.708 0.0000000000
120626  -18.756  15.631  -20.640 0.0000000000
120627  -19.082  14.980  -20.546 0.0000000000
120628  -19.421  14.333  -20.401 0.0000000000
120629  -19.774  13.688  -20.199 0.0000000000
124681  -36.358  26.119  -11.847 0.0000000000
124691  -38.355  24.781  -15.984 0.0000000000
124692  -37.830  24.623  -16.245 0.0000000000
124693  -37.335  24.467  -16.554 0.0000000000
124694  -37.619  24.881  -16.634 0.0000000000
124695  -37.360  25.161  -16.981 0.0000000000
124696  -36.916  25.553  -17.204 0.0000000000
124762  -18.358  31.556  -20.894 0.0000000000
124763  -17.779  31.746  -21.505 0.0000000000
124764  -17.201  31.904  -21.973 0.0000000000
124765  -16.657  32.045  -22.316 0.0000000000
127225  -27.922  23.977  -11.136 0.0000000000
127226  -27.477  23.522  -11.197 0.0000000000
127227  -28.670  23.842  -12.136 0.0000000000
127228  -27.836  23.530  -11.714 0.0000000000
127229  -27.078  23.058  -11.250 0.0000000000
127230  -26.704  22.573  -11.280 0.0000000000
127231  -26.395  22.083  -11.306 0.0000000000
127232  -26.153  21.537  -11.314 0.0000000000
127233  -26.995  20.536  -15.270 0.0000000000
127234  -26.683  20.638  -14.670 0.0000000000
127235  -26.311  20.189  -14.647 0.0000000000
127236  -25.764  19.709  -14.044 0.0000000000
127237  -25.399  19.173  -13.421 0.0000000000
127238  -25.297  18.591  -13.976 0.0000000000
127239  -25.279  18.542  -13.407 0.0000000000
127240  -25.320  18.413  -12.828 0.0000000000
127241  -25.445  17.667  -12.313 0.0000000000
127254  -26.421  18.529  -22.524 0.0000000000
127255  -26.867  18.290  -22.815 0.0000000000
127256  -26.411  17.723  -22.885 0.0000000000
127257  -26.415  17.023  -23.031 0.0000000000
127258  -26.404  16.413  -22.830 0.0000000000
127261  -26.307  15.909  -22.412 0.0000000000
127262  -26.149  15.628  -21.781 0.0000000000
127263  -25.933  15.422  -21.109 0.0000000000
127264  -25.641  15.305  -20.274 0.0000000000
127317  -14.821  21.572  -16.032 0.0000000000
127318  -15.131  21.531  -16.418 0.0000000000
127319  -15.018  20.814  -15.946 0.0000000000
130502  -18.241  20.949  -20.566 0.0000000000
130503  -17.122  24.707  -21.824 0.0000000000
130504  -17.320  24.027  -21.699 0.0000000000
130505  -17.484  23.311  -21.566 0.0000000000
130506  -16.657  22.767  -21.991 0.0000000000
130507  -17.149  22.672  -21.803 0.0000000000
130508  -17.643  22.602  -21.411 0.0000000000
130509  -17.792  21.848  -21.253 0.0000000000
130510  -17.917  21.016  -21.124 0.0000000000
130511  -17.976  20.168  -20.988 0.0000000000
130512  -17.702  19.380  -21.358 0.0000000000
130513  -17.444  18.629  -21.613 0.0000000000
130514  -17.150  17.899  -21.775 0.0000000000
130515  -16.525  18.816  -21.915 0.0000000000
130516  -16.721  17.941  -21.910 0.0000000000
130517  -16.892  17.162  -21.864 0.0000000000
136477  -32.233  23.021  -15.053 0.0000000000
136478  -31.298  23.036  -14.702 0.0000000000
136479  -31.669  22.758  -15.251 0.0000000000
136480  -31.073  22.497  -15.392 0.0000000000
136481  -30.458  22.237  -15.509 0.0000000000
136482  -31.762  21.952  -16.520 0.0000000000
136483  -30.809  21.984  -16.072 0.0000000000
136484  -29.825  21.997  -15.594 0.0000000000
136485  -29.286  21.719  -15.694 0.0000000000
136486  -28.769  21.431  -15.767 0.0000000000
136487  -28.249  21.135  -15.800 0.0000000000
136488  -32.707  20.942  -18.877 0.0000000000
136489  -32.045  20.806  -18.469 0.0000000000
136490  -31.208  20.782  -18.021 0.0000000000
136491  -30.929  20.207  -18.851 0.0000000000
136492  -30.661  20.511  -18.205 0.0000000000
136493  -30.368  20.818  -17.541 0.0000000000
136494  -29.402  20.873  -16.939 0.0000000000
136495  -28.489  20.862  -16.355 0.0000000000
136496  -27.728  20.755  -15.827 0.0000000000
136497  -27.268  20.385  -15.825 0.0000000000
136498  -26.841  20.009  -15.816 0.0000000000
136499  -26.468  19.622  -15.835 0.0000000000
136500  -27.373  19.621  -17.107 0.0000000000
136501  -26.738  19.481  -16.501 0.0000000000
136502  -26.077  19.168  -15.799 0.0000000000
136503  -25.691  18.687  -15.720 0.0000000000
136504  -25.333  18.188  -15.604 0.0000000000
136505  -25.091  17.552  -15.501 0.0000000000
143122  -29.413  23.704  -19.955 0.0000000000
143123  -29.720  22.835  -20.516 0.0000000000
143124  -29.056  23.196  -20.263 0.0000000000
143125  -28.705  22.661  -20.579 0.0000000000
143126  -28.356  22.134  -20.871 0.0000000000
143127  -27.424  23.188  -19.783 0.0000000000
143128  -27.723  22.411  -20.492 0.0000000000
143129  -27.961  21.629  -21.129 0.0000000000
143130  -27.538  21.049  -21.408 0.0000000000
143131  -27.138  20.487  -21.595 0.0000000000
143132  -26.753  19.918  -21.780 0.0000000000
143133  -25.112  23.077  -16.913 0.0000000000
143134  -25.395  22.708  -17.792 0.0000000000
143135  -25.632  22.338  -18.813 0.0000000000
143136  -24.725  21.773  -18.411 0.0000000000
143137  -25.298  21.834  -19.076 0.0000000000
143138  -25.828  21.771  -19.744 0.0000000000
143139  -26.043  21.011  -20.618 0.0000000000
143140  -26.237  20.194  -21.305 0.0000000000
143141  -26.381  19.373  -21.951 0.0000000000
143142  -25.929  18.787  -22.050 0.0000000000
143143  -25.529  18.201  -22.099 0.0000000000
143145  -24.581  18.752  -20.945 0.0000000000
143146  -24.696  17.933  -21.510 0.0000000000
143159  -21.929  19.893  -17.734 0.0000000000
143160  -18.627  19.343  -19.662 0.0000000000
143161  -18.990  19.248  -19.043 0.0000000000
143162  -19.471  19.187  -18.524 0.0000000000
143163  -19.405  17.843  -19.193 0.0000000000
143164  -19.730  18.523  -18.672 0.0000000000
143165  -20.094  19.150  -18.164 0.0000000000
143166  -20.801  19.180  -17.981 0.0000000000
143167  -21.543  19.285  -17.998 0.0000000000
143168  -22.254  19.405  -18.248 0.0000000000
143169  -22.496  18.919  -18.871 0.0000000000
143170  -22.645  18.342  -19.400 0.0000000000
143171  -22.825  17.787  -19.869 0.0000000000
143172  -21.814  16.969  -19.584 0.0000000000
143173  -22.420  17.065  -19.894 0.0000000000
143174  -22.907  17.092  -20.265 0.0000000000
143175  -22.969  16.380  -20.583 0.0000000000
143176  -23.016  15.644  -20.805 0.0000000000
143177  -23.062  14.921  -20.852 0.0000000000
143178  -22.771  14.240  -20.540 0.0000000000
143179  -22.559  13.551  -20.207 0.0000000000
143181  -21.782  13.365  -19.979 0.0000000000
148027  -14.990  27.566  -20.173 0.0000000000
148028  -15.065  26.883  -20.186 0.0000000000
148029  -14.983  27.001  -19.569 0.0000000000
148030  -14.977  26.425  -19.002 0.0000000000
148031  -14.988  25.779  -18.435 0.0000000000
148032  -14.528  26.679  -18.120 0.0000000000
148033  -14.721  25.913  -18.016 0.0000000000
148034  -14.934  25.148  -17.952 0.0000000000
148035  -14.905  24.452  -17.423 0.0000000000
148036  -14.838  23.762  -16.999 0.0000000000
148037  -14.744  23.066  -16.587 0.0000000000
148039  -13.293  26.064  -17.028 0.0000000000
148040  -13.617  25.324  -16.799 0.0000000000
148042  -13.502  24.570  -16.463 0.0000000000
148043  -13.904  24.571  -16.611 0.0000000000
148044  -14.173  23.836  -16.427 0.0000000000
148045  -14.462  23.132  -16.327 0.0000000000
148046  -14.647  22.344  -16.180 0.0000000000
148047  -14.511  21.548  -15.732 0.0000000000
148048  -14.336  20.655  -15.246 0.0000000000
153652  -29.632  25.083  -11.199 0.0000000000
153653  -30.166  24.920  -11.702 0.0000000000
153654  -30.653  24.700  -12.197 0.0000000000
153655  -31.960  25.151  -12.126 0.0000000000
153656  -31.567  24.810  -12.413 0.0000000000
153657  -31.113  24.486  -12.681 0.0000000000
153658  -31.523  24.187  -13.146 0.0000000000
153659  -31.969  23.918  -13.634 0.0000000000
153660  -32.407  23.645  -14.174 0.0000000000
153668  -37.340  26.047  -12.050 0.0000000000
153669  -36.805  25.779  -12.301 0.0000000000
153673  -39.070  24.958  -14.371 0.0000000000
153674  -39.040  25.124  -13.857 0.0000000000
153675  -38.904  25.381  -13.350 0.0000000000
153676  -38.058  25.393  -13.046 0.0000000000
153677  -37.189  25.431  -12.761 0.0000000000
153678  -36.291  25.455  -12.528 0.0000000000
153679  -35.754  25.187  -12.774 0.0000000000
153680  -35.195  24.934  -13.059 0.0000000000
153681  -34.686  24.655  -13.339 0.0000000000
153682  -35.835  24.368  -13.982 0.0000000000
153683  -35.034  24.361  -13.809 0.0000000000
153684  -34.216  24.359  -13.613 0.0000000000
153685  -33.707  24.009  -14.007 0.0000000000
153686  -33.255  23.697  -14.365 0.0000000000
153687  -32.777  23.373  -14.730 0.0000000000
153688  -33.040  23.060  -15.216 0.0000000000
153689  -33.321  22.841  -15.729 0.0000000000
153690  -33.616  22.625  -16.275 0.0000000000
153691  -34.816  23.071  -16.067 0.0000000000
153692  -34.389  22.775  -16.452 0.0000000000
153693  -33.878  22.381  -16.836 0.0000000000
153694  -34.082  22.141  -17.420 0.0000000000
153695  -34.166  21.945  -17.997 0.0000000000
153696  -34.161  21.890  -18.559 0.0000000000
153697  -36.905  24.288  -16.904 0.0000000000
153698  -36.416  23.979  -17.173 0.0000000000
153699  -36.008  23.582  -17.486 0.0000000000
153700  -35.898  24.382  -17.895 0.0000000000
153701  -35.807  23.721  -17.843 0.0000000000
153702  -35.574  23.142  -17.795 0.0000000000
153703  -35.071  22.686  -18.167 0.0000000000
153704  -34.554  22.269  -18.654 0.0000000000
153705  -34.054  21.961  -19.041 0.0000000000
153706  -33.780  22.094  -19.444 0.0000000000
153707  -33.384  22.268  -19.708 0.0000000000
153708  -33.005  22.527  -19.856 0.0000000000
153709  -33.609  23.591  -19.269 0.0000000000
153710  -33.074  23.236  -19.605 0.0000000000
153711  -32.524  22.871  -19.950 0.0000000000
153712  -31.954  23.186  -19.962 0.0000000000
153713  -31.317  23.442  -19.901 0.0000000000
153714  -30.655  23.728  -19.808 0.0000000000
153786  -33.512  27.014  -17.654 0.0000000000
153787  -33.043  26.604  -17.872 0.0000000000
153788  -32.564  26.257  -18.136 0.0000000000
153789  -32.047  25.851  -18.448 0.0000000000
153790  -30.932  27.095  -17.633 0.0000000000
153791  -31.268  26.185  -18.203 0.0000000000
153792  -31.526  25.382  -18.703 0.0000000000
153793  -31.000  24.975  -18.919 0.0000000000
153794  -30.477  24.546  -19.292 0.0000000000
153795  -29.914  24.159  -19.626 0.0000000000
153796  -29.220  24.491  -19.387 0.0000000000
153797  -28.553  24.730  -19.018 0.0000000000
153798  -27.916  24.851  -18.479 0.0000000000
153799  -28.090  25.934  -17.498 0.0000000000
153800  -27.709  25.370  -17.631 0.0000000000
153801  -27.330  24.801  -17.795 0.0000000000
153802  -26.734  24.720  -16.941 0.0000000000
153803  -26.109  24.607  -16.201 0.0000000000
153804  -25.417  24.531  -15.573 0.0000000000
153806  -26.106  27.537  -14.332 0.0000000000
153807  -25.893  26.912  -14.492 0.0000000000
153810  -25.694  26.259  -14.636 0.0000000000
153811  -25.430  25.635  -14.745 0.0000000000
153812  -25.053  25.061  -14.872 0.0000000000
153857  -18.224  26.351  -21.004 0.0000000000
153858  -17.716  26.445  -21.540 0.0000000000
153862  -18.298  29.518  -21.131 0.0000000000
153863  -18.395  28.800  -20.973 0.0000000000
153864  -18.457  28.162  -20.853 0.0000000000
153865  -18.054  27.597  -21.323 0.0000000000
153866  -17.632  27.063  -21.678 0.0000000000
153867  -17.206  26.541  -21.929 0.0000000000
153868  -16.731  26.639  -22.195 0.0000000000
153869  -16.323  26.793  -22.296 0.0000000000
153870  -15.981  26.958  -22.324 0.0000000000
153871  -16.175  28.179  -22.505 0.0000000000
153872  -15.896  27.654  -22.400 0.0000000000
153873  -15.626  27.118  -22.264 0.0000000000
153874  -15.340  27.308  -22.090 0.0000000000
153875  -15.149  27.547  -21.779 0.0000000000
153876  -15.034  27.840  -21.325 0.0000000000
154095  -17.112  34.389  -21.185 0.0000000000
154096  -16.112  35.384  -21.861 0.0000000000
154097  -16.486  34.642  -21.737 0.0000000000
154098  -16.870  33.881  -21.668 0.0000000000
154099  -16.647  33.325  -22.023 0.0000000000
154100  -16.379  32.788  -22.347 0.0000000000
154101  -16.082  32.209  -22.568 0.0000000000
154103  -14.545  35.410  -22.221 0.0000000000
154104  -14.843  34.674  -22.313 0.0000000000
154105  -14.497  34.450  -21.656 0.0000000000
154106  -14.741  34.171  -22.150 0.0000000000
154107  -15.145  33.932  -22.423 0.0000000000
154108  -15.414  33.175  -22.509 0.0000000000
154109  -15.607  32.390  -22.623 0.0000000000
154110  -15.783  31.647  -22.669 0.0000000000
154111  -15.502  31.082  -22.671 0.0000000000
154112  -15.252  30.539  -22.593 0.0000000000
154113  -15.114  30.006  -22.325 0.0000000000
154114  -14.941  31.126  -21.591 0.0000000000
154115  -14.982  30.349  -21.843 0.0000000000
154116  -15.055  29.548  -21.981 0.0000000000
154117  -15.013  29.083  -21.609 0.0000000000
154118  -14.977  28.614  -21.142 0.0000000000
154119  -14.970  28.124  -20.609 0.0000000000
154120  -14.895  28.348  -20.016 0.0000000000
154121  -14.736  28.542  -19.467 0.0000000000
154122  -14.480  28.677  -19.013 0.0000000000
154123  -14.322  30.028  -19.246 0.0000000000
154124  -14.249  29.390  -18.952 0.0000000000
154125  -14.158  28.798  -18.679 0.0000000000
154126  -13.791  28.901  -18.449 0.0000000000
160224  -30.284  23.023  -14.269 0.0000000000
160225  -29.311  22.959  -13.835 0.0000000000
160226  -28.404  22.799  -13.373 0.0000000000
160227  -28.231  22.305  -13.971 0.0000000000
160228  -27.877  22.423  -13.432 0.0000000000
160229  -27.559  22.516  -12.892 0.0000000000
160230  -26.912  22.160  -12.394 0.0000000000
160231  -26.322  21.628  -11.887 0.0000000000
160232  -25.947  20.995  -11.311 0.0000000000
160233  -26.403  20.702  -14.072 0.0000000000
160234  -26.190  20.716  -13.519 0.0000000000
160235  -26.019  20.684  -12.981 0.0000000000
160236  -25.523  19.554  -12.440 0.0000000000
160237  -25.699  20.135  -12.459 0.0000000000
160238  -25.900  20.634  -12.435 0.0000000000
160239  -25.824  20.572  -11.873 0.0000000000
160240  -25.768  20.469  -11.306 0.0000000000
160241  -25.761  20.298  -10.723 0.0000000000
160278  -30.015  22.081  -21.021 0.0000000000
160279  -30.211  21.376  -21.437 0.0000000000
160280  -30.277  20.646  -21.759 0.0000000000
160281  -29.231  20.342  -22.113 0.0000000000
160282  -29.792  20.151  -22.081 0.0000000000
160283  -30.268  19.968  -21.914 0.0000000000
160284  -30.122  19.362  -21.905 0.0000000000
160285  -29.874  18.935  -21.707 0.0000000000
160286  -29.504  18.577  -21.389 0.0000000000
160287  -27.369  18.140  -22.973 0.0000000000
160288  -27.825  18.043  -22.947 0.0000000000
160289  -28.223  17.992  -22.759 0.0000000000
160290  -27.540  16.949  -22.495 0.0000000000
160291  -28.029  17.463  -22.506 0.0000000000
160292  -28.534  17.969  -22.448 0.0000000000
160293  -28.782  18.026  -22.010 0.0000000000
160294  -28.975  18.189  -21.448 0.0000000000
160295  -29.045  18.416  -20.811 0.0000000000
160296  -28.439  18.395  -20.082 0.0000000000
160297  -27.722  18.395  -19.333 0.0000000000
160298  -27.009  18.375  -18.539 0.0000000000
160299  -26.774  17.618  -19.282 0.0000000000
160300  -26.553  17.977  -18.528 0.0000000000
160301  -26.333  18.278  -17.761 0.0000000000
160302  -25.685  17.986  -16.969 0.0000000000
160303  -25.187  17.546  -16.158 0.0000000000
160304  -24.950  16.911  -15.418 0.0000000000
160312  -25.240  14.877  -19.789 0.0000000000
160313  -25.285  15.154  -19.409 0.0000000000
160317  -25.614  12.014  -16.598 0.0000000000
160318  -25.066  12.756  -17.063 0.0000000000
160319  -24.818  13.370  -17.736 0.0000000000
160320  -24.832  14.131  -18.096 0.0000000000
160321  -24.980  14.862  -18.497 0.0000000000
160322  -25.256  15.453  -18.885 0.0000000000
160323  -25.132  15.688  -18.331 0.0000000000
160324  -25.053  15.933  -17.756 0.0000000000
160325  -24.986  16.092  -17.133 0.0000000000
160326  -24.997  14.594  -16.102 0.0000000000
160327  -24.883  15.402  -16.304 0.0000000000
160328  -24.929  16.140  -16.481 0.0000000000
160329  -24.889  16.184  -15.858 0.0000000000
160330  -24.914  16.226  -15.312 0.0000000000
160331  -24.970  16.194  -14.699 0.0000000000
160332  -25.385  15.419  -14.208 0.0000000000
160440  -15.132  26.065  -20.311 0.0000000000
160441  -15.169  25.299  -20.463 0.0000000000
160442  -15.213  24.503  -20.567 0.0000000000
160443  -15.357  24.177  -19.221 0.0000000000
160444  -15.356  23.945  -19.943 0.0000000000
160445  -15.251  23.709  -20.627 0.0000000000
160446  -15.342  22.899  -20.667 0.0000000000
160447  -15.377  22.155  -20.819 0.0000000000
160448  -15.390  21.315  -20.902 0.0000000000
160449  -15.375  21.497  -16.925 0.0000000000
160450  -15.556  21.411  -17.401 0.0000000000
160451  -15.638  21.341  -18.071 0.0000000000
160452  -15.737  19.918  -17.564 0.0000000000
160453  -15.689  20.581  -18.175 0.0000000000
160454  -15.634  21.140  -18.800 0.0000000000
160455  -15.537  20.916  -19.618 0.0000000000
160456  -15.425  20.692  -20.369 0.0000000000
160457  -15.378  20.455  -20.980 0.0000000000
160458  -15.408  19.582  -21.042 0.0000000000
160459  -15.448  18.759  -21.044 0.0000000000
160460  -15.560  17.938  -21.008 0.0000000000
