#!ascii label  , from subject fsaverage vox2ras=TkReg
683
572  44.823  -56.604  12.906 0.0000000000
625  60.750  -50.292  3.229 0.0000000000
1396  56.271  -54.745  8.503 0.0000000000
1397  57.309  -50.585  5.280 0.0000000000
2349  53.421  -56.458  10.887 0.0000000000
2351  50.418  -56.978  13.764 0.0000000000
2352  48.593  -56.403  9.127 0.0000000000
2353  44.178  -57.421  8.571 0.0000000000
2354  40.710  -60.274  9.109 0.0000000000
2355  40.227  -64.878  9.252 0.0000000000
3316  55.195  -56.445  7.928 0.0000000000
5225  52.909  -54.620  10.480 0.0000000000
5226  52.070  -55.330  12.257 0.0000000000
5230  46.617  -57.117  15.344 0.0000000000
5231  49.631  -57.316  15.461 0.0000000000
5232  47.545  -56.760  13.190 0.0000000000
5233  49.160  -56.662  11.434 0.0000000000
5234  46.453  -56.273  10.801 0.0000000000
5235  46.351  -56.655  8.439 0.0000000000
5236  44.133  -56.526  10.412 0.0000000000
5240  39.926  -62.394  8.966 0.0000000000
5629  59.011  -50.669  4.409 0.0000000000
5631  59.072  -48.306  2.187 0.0000000000
7122  57.398  -52.820  7.031 0.0000000000
7123  58.680  -52.774  5.824 0.0000000000
7124  59.869  -52.829  4.598 0.0000000000
9601  54.060  -53.680  8.986 0.0000000000
9602  54.525  -55.700  9.471 0.0000000000
9603  53.228  -56.689  9.135 0.0000000000
9608  49.910  -55.837  15.800 0.0000000000
9609  50.971  -55.779  14.072 0.0000000000
9610  52.064  -56.921  12.341 0.0000000000
9611  51.227  -56.781  10.216 0.0000000000
9612  50.884  -56.825  7.769 0.0000000000
9616  41.976  -57.335  10.537 0.0000000000
9617  42.180  -58.628  8.996 0.0000000000
9619  41.694  -61.640  7.654 0.0000000000
9620  41.477  -63.979  7.774 0.0000000000
10092  60.909  -52.751  3.007 0.0000000000
10095  62.135  -49.822  1.602 0.0000000000
12905  51.423  -54.347  11.917 0.0000000000
12906  50.963  -54.617  12.832 0.0000000000
12910  45.589  -56.833  14.141 0.0000000000
12911  46.969  -56.905  14.229 0.0000000000
12912  46.174  -56.624  12.981 0.0000000000
12913  46.882  -56.468  12.001 0.0000000000
12914  45.545  -56.396  11.815 0.0000000000
12915  45.249  -56.324  10.575 0.0000000000
12916  44.376  -56.484  11.675 0.0000000000
13309  59.855  -50.567  3.819 0.0000000000
13310  59.077  -49.639  3.273 0.0000000000
13311  60.031  -49.357  2.696 0.0000000000
13313  60.929  -49.034  2.196 0.0000000000
15706  56.042  -53.747  8.308 0.0000000000
15707  56.489  -52.778  7.577 0.0000000000
15708  56.952  -53.882  7.857 0.0000000000
15710  58.288  -54.087  6.373 0.0000000000
15712  59.325  -52.836  5.284 0.0000000000
21437  53.348  -55.614  10.758 0.0000000000
21438  53.845  -55.198  10.013 0.0000000000
21439  53.881  -56.134  10.190 0.0000000000
21440  54.074  -56.457  9.487 0.0000000000
21441  53.340  -56.742  10.087 0.0000000000
21453  49.877  -57.145  14.563 0.0000000000
21454  50.154  -56.697  15.705 0.0000000000
21455  50.620  -56.597  14.878 0.0000000000
21456  50.368  -55.800  14.927 0.0000000000
21457  51.139  -56.547  14.035 0.0000000000
21458  51.844  -56.435  13.221 0.0000000000
21459  51.213  -56.941  13.022 0.0000000000
21460  48.759  -56.402  10.288 0.0000000000
21461  50.204  -56.702  10.806 0.0000000000
21462  49.820  -56.484  9.617 0.0000000000
21463  50.969  -56.688  9.033 0.0000000000
21464  49.722  -56.605  8.401 0.0000000000
21466  48.595  -56.715  7.902 0.0000000000
21467  45.299  -56.958  8.451 0.0000000000
21473  42.114  -57.013  11.596 0.0000000000
21475  40.338  -59.448  9.965 0.0000000000
21476  41.093  -58.626  9.880 0.0000000000
21477  41.404  -59.394  9.137 0.0000000000
21478  42.518  -59.378  8.408 0.0000000000
21479  41.767  -60.138  8.444 0.0000000000
21480  42.202  -60.783  7.775 0.0000000000
21481  41.132  -60.972  8.310 0.0000000000
21482  40.022  -63.666  9.020 0.0000000000
21483  40.706  -63.209  8.288 0.0000000000
21484  40.719  -64.471  8.424 0.0000000000
21485  41.649  -65.237  7.949 0.0000000000
21486  41.109  -65.678  8.640 0.0000000000
22644  56.604  -50.666  5.832 0.0000000000
22673  61.712  -51.018  1.257 0.0000000000
22674  62.411  -49.440  0.505 0.0000000000
22675  62.439  -48.352  0.697 0.0000000000
24400  55.882  -55.721  8.274 0.0000000000
24401  56.932  -54.986  7.820 0.0000000000
27837  52.248  -53.625  9.991 0.0000000000
27838  51.779  -54.010  10.920 0.0000000000
27839  52.476  -55.000  11.318 0.0000000000
27840  52.900  -55.947  11.615 0.0000000000
27848  48.115  -57.263  15.329 0.0000000000
27849  48.440  -57.035  14.348 0.0000000000
27850  48.952  -56.930  13.395 0.0000000000
27851  49.794  -56.971  12.633 0.0000000000
27852  48.251  -56.695  12.271 0.0000000000
27853  47.758  -56.418  11.108 0.0000000000
27854  47.421  -56.298  9.914 0.0000000000
27855  47.411  -56.434  8.740 0.0000000000
27856  46.338  -56.308  9.580 0.0000000000
27857  45.243  -56.509  9.376 0.0000000000
27858  44.154  -56.829  9.394 0.0000000000
27863  39.767  -60.439  9.983 0.0000000000
27864  40.189  -61.242  8.977 0.0000000000
27865  39.409  -61.540  9.865 0.0000000000
27866  39.285  -62.763  9.918 0.0000000000
27867  39.484  -64.047  10.015 0.0000000000
28563  58.187  -50.566  4.902 0.0000000000
28564  57.223  -49.747  4.380 0.0000000000
28565  58.120  -49.735  3.859 0.0000000000
28566  58.056  -48.503  2.779 0.0000000000
31424  44.225  -56.853  14.055 0.0000000000
31425  43.582  -56.697  12.819 0.0000000000
31975  56.676  -51.714  6.716 0.0000000000
31976  57.453  -51.636  6.112 0.0000000000
31977  57.707  -54.016  7.145 0.0000000000
31978  58.025  -52.798  6.386 0.0000000000
31979  58.138  -51.581  5.611 0.0000000000
31980  58.861  -51.515  5.186 0.0000000000
31981  59.636  -51.597  4.749 0.0000000000
31982  60.406  -51.562  4.045 0.0000000000
39038  54.712  -53.167  8.391 0.0000000000
39039  55.355  -54.200  8.832 0.0000000000
39040  53.358  -54.134  9.701 0.0000000000
39041  54.509  -54.734  9.369 0.0000000000
39042  55.382  -55.210  8.931 0.0000000000
39043  54.894  -56.068  8.820 0.0000000000
39044  54.165  -56.578  8.555 0.0000000000
39045  53.141  -56.784  7.935 0.0000000000
39062  49.748  -54.978  14.732 0.0000000000
39063  50.377  -54.871  13.758 0.0000000000
39064  51.558  -55.614  13.174 0.0000000000
39065  52.415  -56.284  12.419 0.0000000000
39066  52.823  -56.747  11.663 0.0000000000
39067  50.775  -56.995  11.957 0.0000000000
39068  51.705  -57.007  11.340 0.0000000000
39069  52.555  -56.928  10.707 0.0000000000
39070  52.242  -56.785  9.650 0.0000000000
39071  52.051  -56.715  8.418 0.0000000000
39076  47.542  -56.969  7.681 0.0000000000
39082  43.244  -56.689  11.602 0.0000000000
39083  43.043  -56.870  10.391 0.0000000000
39084  43.064  -57.340  9.489 0.0000000000
39085  40.936  -57.945  10.777 0.0000000000
39086  42.016  -57.964  9.658 0.0000000000
39087  43.116  -58.001  8.777 0.0000000000
39094  40.744  -62.031  8.241 0.0000000000
39095  41.480  -62.751  7.667 0.0000000000
39174  39.994  -65.298  10.300 0.0000000000
39177  40.874  -66.204  9.585 0.0000000000
40511  60.506  -52.826  3.757 0.0000000000
40512  61.132  -51.482  3.271 0.0000000000
40519  61.097  -52.547  1.971 0.0000000000
40520  61.489  -51.298  2.372 0.0000000000
40521  61.496  -50.107  2.404 0.0000000000
40522  61.746  -48.689  1.552 0.0000000000
43625  50.574  -54.111  12.633 0.0000000000
43626  50.282  -54.268  13.104 0.0000000000
43630  45.156  -56.707  13.539 0.0000000000
43631  45.840  -56.722  13.580 0.0000000000
43632  45.466  -56.566  12.974 0.0000000000
43633  45.816  -56.487  12.406 0.0000000000
43634  45.150  -56.480  12.358 0.0000000000
43635  44.942  -56.414  11.770 0.0000000000
43636  44.542  -56.513  12.340 0.0000000000
44029  60.303  -50.431  3.530 0.0000000000
44030  59.942  -49.970  3.274 0.0000000000
44031  60.407  -49.815  2.985 0.0000000000
44032  60.496  -49.200  2.449 0.0000000000
44033  60.845  -49.680  2.674 0.0000000000
46426  56.284  -54.243  8.465 0.0000000000
46427  56.509  -53.827  8.106 0.0000000000
46428  56.665  -54.316  8.214 0.0000000000
52157  53.454  -56.036  10.842 0.0000000000
52158  53.669  -55.887  10.484 0.0000000000
52159  53.620  -56.313  10.525 0.0000000000
52160  53.682  -56.488  10.185 0.0000000000
52161  53.409  -56.670  10.500 0.0000000000
52173  50.122  -57.040  14.157 0.0000000000
52174  50.406  -56.935  14.768 0.0000000000
52175  50.678  -56.884  14.370 0.0000000000
52176  50.850  -56.563  14.441 0.0000000000
52177  50.896  -56.830  13.926 0.0000000000
52178  51.247  -56.794  13.537 0.0000000000
52179  50.824  -56.949  13.390 0.0000000000
52180  48.658  -56.349  9.696 0.0000000000
52181  49.311  -56.441  9.923 0.0000000000
52182  49.218  -56.420  9.356 0.0000000000
52183  49.765  -56.518  9.043 0.0000000000
52184  49.141  -56.484  8.743 0.0000000000
52185  49.165  -56.648  8.116 0.0000000000
52186  48.582  -56.507  8.481 0.0000000000
52187  44.775  -57.188  8.477 0.0000000000
52188  45.358  -57.290  8.103 0.0000000000
52189  44.814  -57.528  8.180 0.0000000000
52191  44.243  -57.806  8.283 0.0000000000
52195  40.528  -59.878  9.538 0.0000000000
52196  40.845  -59.405  9.546 0.0000000000
52197  41.045  -59.812  9.152 0.0000000000
52198  41.579  -59.715  8.844 0.0000000000
52199  41.238  -60.195  8.745 0.0000000000
52200  41.457  -60.576  8.374 0.0000000000
52201  40.906  -60.641  8.689 0.0000000000
52202  40.062  -64.294  9.116 0.0000000000
52203  40.374  -64.092  8.693 0.0000000000
52204  40.442  -64.689  8.812 0.0000000000
52205  40.878  -65.052  8.511 0.0000000000
52206  40.642  -65.267  8.928 0.0000000000
53364  56.961  -50.622  5.535 0.0000000000
53365  56.520  -50.146  5.362 0.0000000000
53366  56.899  -50.158  5.103 0.0000000000
53393  62.157  -49.961  0.310 0.0000000000
53394  62.486  -49.211  -0.079 0.0000000000
53395  62.645  -48.723  0.110 0.0000000000
56026  55.589  -56.115  8.058 0.0000000000
56027  56.172  -55.847  7.855 0.0000000000
61755  51.463  -53.533  10.707 0.0000000000
61756  51.242  -53.706  11.173 0.0000000000
61757  51.756  -54.867  12.122 0.0000000000
61758  51.945  -54.681  11.620 0.0000000000
61759  52.269  -55.160  11.820 0.0000000000
61760  52.737  -55.497  11.480 0.0000000000
61761  52.565  -55.664  11.912 0.0000000000
61770  47.325  -57.355  15.835 0.0000000000
61771  48.086  -57.425  15.797 0.0000000000
61772  47.337  -57.166  15.325 0.0000000000
61773  47.204  -56.852  13.670 0.0000000000
61774  47.706  -56.968  14.289 0.0000000000
61775  47.930  -56.895  13.766 0.0000000000
61776  48.660  -56.968  13.849 0.0000000000
61777  48.217  -56.840  13.296 0.0000000000
61778  48.556  -56.816  12.846 0.0000000000
61779  47.854  -56.711  12.730 0.0000000000
61780  46.599  -56.361  11.418 0.0000000000
61781  47.290  -56.424  11.515 0.0000000000
61782  47.068  -56.331  10.929 0.0000000000
61783  47.542  -56.330  10.500 0.0000000000
61784  46.937  -56.268  10.331 0.0000000000
61785  46.849  -56.285  9.758 0.0000000000
61786  46.366  -56.263  10.189 0.0000000000
61787  44.678  -56.407  10.483 0.0000000000
61788  45.236  -56.385  9.945 0.0000000000
61789  44.690  -56.500  9.888 0.0000000000
61790  44.688  -56.652  9.366 0.0000000000
61791  44.142  -56.649  9.882 0.0000000000
61798  39.612  -60.049  10.446 0.0000000000
61799  39.372  -60.581  10.440 0.0000000000
61800  39.565  -60.975  9.922 0.0000000000
61801  39.207  -61.128  10.423 0.0000000000
61803  39.036  -62.304  10.404 0.0000000000
61804  39.082  -62.935  10.443 0.0000000000
61805  39.373  -63.409  9.970 0.0000000000
61806  39.199  -63.578  10.478 0.0000000000
62964  58.576  -50.644  4.659 0.0000000000
62965  58.146  -50.228  4.411 0.0000000000
62966  58.588  -50.239  4.151 0.0000000000
62967  59.128  -48.969  2.696 0.0000000000
62968  58.620  -49.077  2.971 0.0000000000
62969  58.578  -48.427  2.480 0.0000000000
68983  44.691  -56.963  14.720 0.0000000000
68985  43.625  -56.875  14.024 0.0000000000
70159  56.986  -52.820  7.322 0.0000000000
70160  56.602  -52.255  7.162 0.0000000000
70161  57.071  -52.250  6.879 0.0000000000
70162  57.095  -51.695  6.418 0.0000000000
70163  57.447  -52.216  6.555 0.0000000000
70164  57.210  -55.089  7.400 0.0000000000
70165  57.381  -54.517  7.492 0.0000000000
70166  57.656  -54.610  7.062 0.0000000000
70167  58.563  -53.461  6.139 0.0000000000
70168  58.259  -53.487  6.465 0.0000000000
70169  58.350  -52.775  6.092 0.0000000000
70170  58.103  -52.166  5.988 0.0000000000
70171  58.446  -52.156  5.759 0.0000000000
70172  58.508  -51.541  5.409 0.0000000000
70173  58.808  -52.152  5.513 0.0000000000
70174  59.604  -52.821  4.952 0.0000000000
70175  59.456  -52.172  5.002 0.0000000000
70176  59.807  -52.182  4.716 0.0000000000
70177  60.029  -51.599  4.429 0.0000000000
70178  60.188  -52.184  4.329 0.0000000000
87347  53.723  -53.170  8.729 0.0000000000
87349  54.380  -53.406  8.686 0.0000000000
87350  55.064  -53.658  8.631 0.0000000000
87351  54.725  -53.917  8.930 0.0000000000
87352  52.555  -54.089  10.261 0.0000000000
87353  52.808  -53.872  9.817 0.0000000000
87354  53.124  -54.387  10.077 0.0000000000
87355  54.242  -55.490  9.801 0.0000000000
87356  54.157  -54.971  9.694 0.0000000000
87357  54.578  -55.228  9.441 0.0000000000
87358  54.969  -54.993  9.151 0.0000000000
87359  54.958  -55.442  9.162 0.0000000000
87360  55.195  -55.658  8.897 0.0000000000
87361  54.732  -55.903  9.162 0.0000000000
87362  53.702  -56.624  9.366 0.0000000000
87363  54.108  -56.524  9.057 0.0000000000
87364  53.652  -56.613  8.867 0.0000000000
87365  53.680  -56.694  8.270 0.0000000000
87366  53.144  -56.682  8.525 0.0000000000
87398  49.542  -57.392  15.881 0.0000000000
87400  49.982  -57.188  16.016 0.0000000000
87401  50.092  -56.256  15.767 0.0000000000
87402  49.884  -56.300  16.182 0.0000000000
87407  49.546  -55.443  15.819 0.0000000000
87408  50.616  -55.775  14.498 0.0000000000
87409  50.080  -55.392  14.877 0.0000000000
87410  50.368  -55.332  14.430 0.0000000000
87411  50.072  -54.948  14.252 0.0000000000
87412  50.715  -55.335  13.938 0.0000000000
87413  51.033  -55.252  13.472 0.0000000000
87414  51.279  -55.724  13.610 0.0000000000
87415  52.019  -56.660  12.769 0.0000000000
87416  52.094  -56.344  12.788 0.0000000000
87417  52.384  -56.637  12.400 0.0000000000
87418  52.683  -56.538  12.041 0.0000000000
87419  52.454  -56.855  11.989 0.0000000000
87420  49.462  -56.835  12.054 0.0000000000
87421  50.264  -56.990  12.284 0.0000000000
87422  49.941  -56.853  11.706 0.0000000000
87423  50.705  -56.728  10.519 0.0000000000
87424  50.930  -56.894  11.108 0.0000000000
87425  51.425  -56.899  10.790 0.0000000000
87426  52.152  -56.987  11.021 0.0000000000
87427  51.904  -56.894  10.492 0.0000000000
87428  52.374  -56.889  10.232 0.0000000000
87429  51.738  -56.799  9.911 0.0000000000
87430  50.859  -56.673  8.408 0.0000000000
87431  51.488  -56.687  8.724 0.0000000000
87432  51.412  -56.738  8.125 0.0000000000
87433  51.998  -56.814  7.812 0.0000000000
87434  51.437  -56.929  7.457 0.0000000000
87442  46.872  -56.550  8.561 0.0000000000
87443  47.454  -56.667  8.162 0.0000000000
87444  46.920  -56.805  8.034 0.0000000000
87457  43.043  -56.777  12.789 0.0000000000
87458  43.380  -56.683  12.204 0.0000000000
87459  42.801  -56.798  12.187 0.0000000000
87460  42.011  -57.137  11.038 0.0000000000
87461  42.568  -56.936  10.982 0.0000000000
87462  42.503  -57.094  10.452 0.0000000000
87463  43.063  -57.068  9.880 0.0000000000
87464  42.495  -57.334  9.999 0.0000000000
87468  41.648  -58.633  9.419 0.0000000000
87469  41.540  -58.280  9.804 0.0000000000
87470  42.089  -58.293  9.318 0.0000000000
87471  42.562  -57.970  9.194 0.0000000000
87472  42.641  -58.313  8.876 0.0000000000
87473  43.209  -58.400  8.488 0.0000000000
87474  42.743  -58.702  8.608 0.0000000000
87482  41.925  -61.148  7.719 0.0000000000
87486  42.047  -61.988  7.369 0.0000000000
87487  40.019  -61.808  8.953 0.0000000000
87488  40.455  -61.658  8.569 0.0000000000
87489  40.317  -62.213  8.552 0.0000000000
87490  41.089  -63.595  8.012 0.0000000000
87491  41.081  -62.942  7.958 0.0000000000
87492  41.461  -63.336  7.704 0.0000000000
87493  41.830  -63.148  7.434 0.0000000000
87494  41.847  -63.718  7.479 0.0000000000
87496  41.875  -64.396  7.556 0.0000000000
87497  41.854  -65.859  8.068 0.0000000000
87498  42.110  -65.574  7.769 0.0000000000
87688  39.612  -64.895  10.694 0.0000000000
87696  40.894  -66.385  10.076 0.0000000000
87698  41.369  -66.702  9.272 0.0000000000
90977  57.146  -49.197  3.843 0.0000000000
90978  56.705  -49.203  4.094 0.0000000000
91034  60.774  -52.791  3.382 0.0000000000
91035  60.870  -52.134  3.523 0.0000000000
91036  61.077  -52.091  3.138 0.0000000000
91055  61.973  -50.459  1.520 0.0000000000
91056  61.647  -51.194  1.843 0.0000000000
91057  61.794  -50.601  2.022 0.0000000000
91058  61.568  -50.716  2.439 0.0000000000
91059  61.850  -49.973  1.994 0.0000000000
91060  61.633  -49.407  1.990 0.0000000000
91061  62.000  -49.228  1.586 0.0000000000
96957  51.048  -53.865  11.678 0.0000000000
96958  50.814  -53.992  12.170 0.0000000000
96959  51.202  -54.476  12.368 0.0000000000
96960  51.550  -54.991  12.573 0.0000000000
96966  46.065  -56.962  14.741 0.0000000000
96967  46.762  -56.982  14.791 0.0000000000
96968  46.263  -56.845  14.193 0.0000000000
96969  46.526  -56.775  13.617 0.0000000000
96970  46.888  -56.685  13.075 0.0000000000
96971  47.233  -56.609  12.597 0.0000000000
96972  46.521  -56.535  12.479 0.0000000000
96973  46.190  -56.407  11.901 0.0000000000
96974  45.960  -56.337  11.328 0.0000000000
96975  45.854  -56.279  10.679 0.0000000000
96976  45.375  -56.342  11.217 0.0000000000
96977  44.780  -56.375  11.118 0.0000000000
96978  44.252  -56.484  11.021 0.0000000000
97683  59.475  -50.665  4.148 0.0000000000
97684  59.090  -50.189  3.886 0.0000000000
97685  59.503  -50.102  3.577 0.0000000000
97686  59.541  -49.550  2.967 0.0000000000
97687  59.587  -48.874  2.441 0.0000000000
97689  60.024  -48.729  2.199 0.0000000000
97690  60.455  -48.551  1.963 0.0000000000
97691  60.901  -48.380  1.754 0.0000000000
101998  55.750  -53.205  8.095 0.0000000000
101999  55.966  -52.743  7.732 0.0000000000
102000  56.273  -53.286  7.933 0.0000000000
102001  56.762  -53.335  7.740 0.0000000000
102002  57.237  -53.390  7.495 0.0000000000
102006  58.562  -54.111  6.087 0.0000000000
102007  58.857  -53.481  5.856 0.0000000000
102008  59.029  -52.863  5.592 0.0000000000
102009  59.157  -53.561  5.601 0.0000000000
102010  59.402  -53.521  5.224 0.0000000000
112314  53.435  -53.404  9.042 0.0000000000
112315  53.159  -55.147  10.638 0.0000000000
112316  53.401  -54.916  10.259 0.0000000000
112317  53.583  -55.426  10.379 0.0000000000
112318  53.922  -55.690  10.121 0.0000000000
112319  54.191  -55.950  9.850 0.0000000000
112320  54.344  -56.143  9.482 0.0000000000
112321  53.974  -56.307  9.845 0.0000000000
112322  53.674  -56.577  9.784 0.0000000000
112323  53.291  -56.745  9.648 0.0000000000
112343  49.682  -57.178  15.013 0.0000000000
112344  50.031  -57.085  15.600 0.0000000000
112345  50.171  -56.997  15.160 0.0000000000
112346  50.413  -56.666  15.307 0.0000000000
112347  50.374  -56.230  15.323 0.0000000000
112348  50.147  -55.811  15.346 0.0000000000
112349  50.578  -56.200  14.896 0.0000000000
112350  50.797  -56.184  14.485 0.0000000000
112351  51.107  -56.147  14.092 0.0000000000
112352  51.436  -56.119  13.647 0.0000000000
112353  51.454  -56.485  13.623 0.0000000000
112354  51.638  -56.742  13.161 0.0000000000
112355  51.700  -56.937  12.697 0.0000000000
112356  48.928  -56.522  10.897 0.0000000000
112357  49.686  -56.681  11.118 0.0000000000
112358  49.475  -56.536  10.517 0.0000000000
112359  50.004  -56.572  10.211 0.0000000000
112360  50.551  -56.633  9.919 0.0000000000
112361  51.093  -56.706  9.621 0.0000000000
112362  50.420  -56.604  9.330 0.0000000000
112363  50.332  -56.609  8.733 0.0000000000
112364  50.297  -56.694  8.065 0.0000000000
112365  50.311  -56.925  7.460 0.0000000000
112366  49.761  -56.786  7.756 0.0000000000
112367  49.199  -56.877  7.539 0.0000000000
112368  48.633  -57.008  7.407 0.0000000000
112369  45.825  -56.787  8.409 0.0000000000
112370  46.398  -56.925  7.975 0.0000000000
112371  45.881  -57.089  8.050 0.0000000000
112379  42.251  -56.958  12.171 0.0000000000
112382  41.484  -57.359  11.095 0.0000000000
112383  40.182  -59.031  10.448 0.0000000000
112384  40.561  -58.635  10.370 0.0000000000
112385  40.676  -59.004  9.939 0.0000000000
112386  41.227  -59.009  9.485 0.0000000000
112387  41.782  -59.014  9.065 0.0000000000
112388  42.323  -59.034  8.708 0.0000000000
112389  41.945  -59.382  8.791 0.0000000000
112390  42.116  -59.716  8.469 0.0000000000
112391  42.270  -60.077  8.162 0.0000000000
112393  41.988  -60.502  8.096 0.0000000000
112394  41.675  -60.868  8.029 0.0000000000
112395  41.404  -61.314  7.982 0.0000000000
112396  39.927  -63.005  8.989 0.0000000000
112397  40.279  -62.787  8.597 0.0000000000
112398  40.335  -63.451  8.618 0.0000000000
112399  40.712  -63.857  8.343 0.0000000000
112400  41.104  -64.228  8.096 0.0000000000
112401  41.506  -64.623  7.870 0.0000000000
112402  41.185  -64.845  8.180 0.0000000000
112403  41.371  -65.475  8.263 0.0000000000
112404  41.608  -66.100  8.409 0.0000000000
114537  61.372  -51.651  1.048 0.0000000000
114538  61.731  -50.785  0.638 0.0000000000
114539  62.077  -50.261  0.887 0.0000000000
114540  62.309  -49.681  1.060 0.0000000000
114541  62.314  -49.067  1.128 0.0000000000
114542  62.516  -48.908  0.641 0.0000000000
118372  56.118  -55.250  8.440 0.0000000000
118373  56.619  -54.842  8.196 0.0000000000
118374  56.434  -55.379  8.067 0.0000000000
118375  56.716  -55.499  7.633 0.0000000000
126394  51.700  -53.355  10.219 0.0000000000
126395  51.993  -53.814  10.466 0.0000000000
126396  52.333  -54.303  10.675 0.0000000000
126397  51.603  -54.191  11.401 0.0000000000
126398  52.140  -54.502  11.123 0.0000000000
126399  52.679  -54.814  10.846 0.0000000000
126400  52.973  -55.343  11.012 0.0000000000
126401  53.120  -55.788  11.199 0.0000000000
126402  53.210  -56.191  11.245 0.0000000000
126417  48.826  -57.456  15.799 0.0000000000
126418  48.894  -57.336  15.376 0.0000000000
126419  47.505  -57.052  14.808 0.0000000000
126420  48.277  -57.149  14.848 0.0000000000
126421  49.024  -57.213  14.906 0.0000000000
126422  49.150  -57.105  14.396 0.0000000000
126423  49.414  -57.037  13.977 0.0000000000
126424  49.754  -57.005  13.565 0.0000000000
126425  50.122  -56.977  13.182 0.0000000000
126426  49.333  -56.920  12.997 0.0000000000
126427  48.983  -56.816  12.438 0.0000000000
126428  48.704  -56.667  11.845 0.0000000000
126429  47.573  -56.572  12.129 0.0000000000
126430  48.024  -56.532  11.708 0.0000000000
126431  48.474  -56.525  11.293 0.0000000000
126432  48.203  -56.424  10.703 0.0000000000
126433  48.068  -56.326  10.090 0.0000000000
126434  47.994  -56.342  9.524 0.0000000000
126435  47.999  -56.410  8.924 0.0000000000
126436  47.405  -56.328  9.337 0.0000000000
126437  46.858  -56.364  9.148 0.0000000000
126438  46.321  -56.443  8.987 0.0000000000
126439  45.794  -56.303  10.056 0.0000000000
126440  45.797  -56.394  9.451 0.0000000000
126441  45.765  -56.536  8.876 0.0000000000
126442  45.213  -56.686  8.853 0.0000000000
126443  44.725  -56.872  8.886 0.0000000000
126444  44.188  -57.121  8.933 0.0000000000
126453  39.890  -59.536  10.449 0.0000000000
126454  40.079  -59.954  9.964 0.0000000000
126455  40.234  -60.359  9.514 0.0000000000
126456  40.421  -60.741  9.057 0.0000000000
126457  39.978  -60.852  9.454 0.0000000000
126458  39.758  -61.369  9.389 0.0000000000
126459  39.609  -61.958  9.384 0.0000000000
126460  39.094  -61.704  10.371 0.0000000000
126461  39.312  -62.132  9.859 0.0000000000
126462  39.577  -62.596  9.399 0.0000000000
126463  39.630  -63.216  9.450 0.0000000000
126464  39.720  -63.851  9.503 0.0000000000
126465  39.828  -64.485  9.567 0.0000000000
128085  57.709  -50.562  5.063 0.0000000000
128086  57.290  -50.157  4.836 0.0000000000
128087  57.727  -50.205  4.656 0.0000000000
128088  57.667  -49.757  4.134 0.0000000000
128089  57.636  -49.160  3.580 0.0000000000
128090  58.606  -49.695  3.573 0.0000000000
128091  58.115  -49.130  3.276 0.0000000000
128092  57.567  -48.582  3.056 0.0000000000
135761  45.913  -57.134  15.293 0.0000000000
135762  45.381  -56.963  14.697 0.0000000000
135763  44.880  -56.844  14.102 0.0000000000
135764  44.492  -56.739  13.461 0.0000000000
135765  44.196  -56.643  12.862 0.0000000000
135766  43.866  -56.751  13.438 0.0000000000
135767  43.300  -56.814  13.389 0.0000000000
137256  56.671  -51.186  6.269 0.0000000000
137257  57.062  -51.146  5.978 0.0000000000
137258  57.397  -51.064  5.671 0.0000000000
137259  57.032  -54.413  7.882 0.0000000000
137260  57.386  -53.949  7.562 0.0000000000
137261  57.613  -53.403  7.148 0.0000000000
137262  58.006  -54.067  6.748 0.0000000000
137263  57.946  -53.424  6.783 0.0000000000
137264  57.733  -52.781  6.706 0.0000000000
137265  57.775  -52.179  6.249 0.0000000000
137266  57.785  -51.581  5.829 0.0000000000
137267  57.740  -51.012  5.410 0.0000000000
137268  58.106  -51.003  5.236 0.0000000000
137269  58.492  -51.024  5.092 0.0000000000
137270  58.909  -51.057  4.850 0.0000000000
137271  59.132  -52.166  5.266 0.0000000000
137272  59.184  -51.556  4.964 0.0000000000
137273  59.344  -51.117  4.600 0.0000000000
137274  59.766  -51.131  4.320 0.0000000000
137275  60.151  -51.067  3.981 0.0000000000
137276  60.616  -50.927  3.664 0.0000000000
158071  55.427  -53.415  8.363 0.0000000000
158072  55.695  -53.951  8.546 0.0000000000
158073  55.842  -54.477  8.680 0.0000000000
158074  52.507  -53.420  9.508 0.0000000000
158075  53.105  -53.636  9.400 0.0000000000
158076  53.707  -53.912  9.307 0.0000000000
158077  53.654  -54.670  9.886 0.0000000000
158078  53.962  -54.439  9.521 0.0000000000
158079  54.351  -54.181  9.189 0.0000000000
158080  54.928  -54.464  9.089 0.0000000000
158081  55.413  -54.728  8.916 0.0000000000
158082  55.829  -54.982  8.736 0.0000000000
158083  55.669  -55.471  8.688 0.0000000000
158084  55.402  -55.868  8.531 0.0000000000
158085  55.081  -56.223  8.365 0.0000000000
158086  54.458  -56.279  9.141 0.0000000000
158087  54.591  -56.431  8.723 0.0000000000
158088  54.693  -56.511  8.202 0.0000000000
158089  54.242  -56.724  7.992 0.0000000000
158131  50.057  -56.811  16.135 0.0000000000
158140  49.816  -55.420  15.328 0.0000000000
158141  49.451  -55.042  15.219 0.0000000000
158143  49.384  -54.549  14.552 0.0000000000
158144  49.696  -54.483  14.060 0.0000000000
158145  49.992  -54.393  13.577 0.0000000000
158146  50.661  -54.774  13.285 0.0000000000
158147  51.305  -55.129  13.040 0.0000000000
158148  51.864  -55.481  12.725 0.0000000000
158149  51.730  -56.053  13.203 0.0000000000
158150  52.019  -55.958  12.770 0.0000000000
158151  52.312  -55.815  12.351 0.0000000000
158152  52.704  -56.138  12.022 0.0000000000
158153  53.002  -56.350  11.650 0.0000000000
158154  53.094  -56.593  11.254 0.0000000000
158155  50.565  -57.022  12.831 0.0000000000
158156  51.051  -57.062  12.494 0.0000000000
158157  51.505  -57.038  12.183 0.0000000000
158158  50.454  -56.869  11.395 0.0000000000
158159  51.226  -57.018  11.674 0.0000000000
158160  51.976  -57.052  11.861 0.0000000000
158161  52.385  -56.973  11.520 0.0000000000
158162  52.734  -56.898  11.189 0.0000000000
158163  53.094  -56.811  10.843 0.0000000000
158164  52.989  -56.894  10.402 0.0000000000
158165  52.818  -56.817  9.927 0.0000000000
158166  52.744  -56.753  9.423 0.0000000000
158167  51.635  -56.729  9.301 0.0000000000
158168  52.143  -56.699  9.025 0.0000000000
158169  52.654  -56.705  8.790 0.0000000000
158170  52.586  -56.756  8.159 0.0000000000
158182  48.014  -56.555  8.316 0.0000000000
158183  48.019  -56.808  7.761 0.0000000000
158185  46.964  -57.108  7.650 0.0000000000
158200  43.978  -56.607  12.224 0.0000000000
158201  43.830  -56.587  11.594 0.0000000000
158202  43.700  -56.611  10.994 0.0000000000
158203  42.690  -56.848  11.580 0.0000000000
158204  43.137  -56.762  10.983 0.0000000000
158205  43.618  -56.684  10.397 0.0000000000
158206  43.594  -56.838  9.878 0.0000000000
158207  43.612  -57.094  9.401 0.0000000000
158208  43.614  -57.387  9.014 0.0000000000
158211  41.471  -57.602  10.618 0.0000000000
158212  40.974  -58.268  10.299 0.0000000000
158213  41.465  -57.935  10.193 0.0000000000
158214  41.994  -57.628  10.085 0.0000000000
158215  42.532  -57.626  9.577 0.0000000000
158216  43.083  -57.620  9.125 0.0000000000
158217  43.623  -57.697  8.680 0.0000000000
158218  43.668  -58.073  8.379 0.0000000000
158221  42.883  -59.061  8.324 0.0000000000
158236  40.648  -61.124  8.624 0.0000000000
158237  40.888  -61.487  8.269 0.0000000000
158238  41.208  -61.841  7.948 0.0000000000
158239  40.697  -62.604  8.252 0.0000000000
158240  41.105  -62.408  7.932 0.0000000000
158241  41.563  -62.209  7.648 0.0000000000
158242  41.915  -62.538  7.415 0.0000000000
158248  41.960  -64.995  7.657 0.0000000000
158476  39.357  -64.292  10.561 0.0000000000
158477  39.695  -64.703  10.134 0.0000000000
158478  40.083  -65.123  9.774 0.0000000000
158485  40.410  -65.920  10.446 0.0000000000
158486  40.383  -65.758  9.915 0.0000000000
158487  40.494  -65.532  9.423 0.0000000000
158488  40.934  -65.951  9.109 0.0000000000
158489  41.469  -66.446  8.827 0.0000000000
162421  56.799  -49.712  4.608 0.0000000000
162489  60.185  -52.851  4.159 0.0000000000
162490  60.554  -52.179  3.918 0.0000000000
162491  60.825  -51.510  3.627 0.0000000000
162492  61.013  -50.867  3.316 0.0000000000
162513  61.032  -52.647  2.520 0.0000000000
162514  61.391  -51.842  1.656 0.0000000000
162515  61.330  -51.913  2.214 0.0000000000
162516  61.220  -52.008  2.706 0.0000000000
162517  61.351  -51.409  2.855 0.0000000000
162518  61.338  -50.831  2.940 0.0000000000
162519  61.131  -50.221  2.854 0.0000000000
162520  61.255  -49.549  2.351 0.0000000000
162521  61.351  -48.867  1.927 0.0000000000
162522  61.353  -48.208  1.481 0.0000000000
162523  62.115  -48.515  1.138 0.0000000000
