#!ascii label  , from subject fsaverage vox2ras=TkReg
1140
104  -31.102  -40.623  44.390 0.0000000000
220  -40.408  -29.458  41.775 0.0000000000
231  -35.903  -36.512  53.686 0.0000000000
233  -32.786  -36.408  37.726 0.0000000000
478  -28.645  -36.881  52.469 0.0000000000
700  -44.246  -29.482  47.434 0.0000000000
712  -42.908  -31.400  49.809 0.0000000000
713  -38.599  -31.248  44.343 0.0000000000
1048  -32.279  -37.471  48.363 0.0000000000
1049  -32.081  -39.661  51.173 0.0000000000
1568  -32.388  -35.818  44.508 0.0000000000
1569  -31.046  -38.339  40.796 0.0000000000
1570  -33.544  -33.909  41.479 0.0000000000
1571  -35.299  -31.872  38.953 0.0000000000
2083  -32.580  -36.783  54.122 0.0000000000
2084  -30.378  -41.122  51.633 0.0000000000
2631  -45.189  -31.162  53.082 0.0000000000
2633  -43.636  -30.345  48.608 0.0000000000
2968  -30.989  -38.964  46.026 0.0000000000
2969  -31.392  -40.363  47.761 0.0000000000
3571  -34.832  -35.231  47.364 0.0000000000
3572  -34.918  -34.646  45.272 0.0000000000
3573  -32.866  -34.896  42.876 0.0000000000
3574  -35.375  -33.632  43.904 0.0000000000
3575  -39.414  -30.339  43.060 0.0000000000
3576  -36.626  -31.259  41.704 0.0000000000
3577  -37.585  -30.409  40.459 0.0000000000
3578  -36.491  -31.101  37.768 0.0000000000
4573  -28.454  -35.748  54.965 0.0000000000
4575  -26.638  -37.502  52.066 0.0000000000
4577  -27.458  -39.649  51.141 0.0000000000
4578  -36.331  -35.753  55.863 0.0000000000
4579  -34.469  -35.825  56.185 0.0000000000
4580  -34.315  -36.879  54.287 0.0000000000
4581  -32.705  -42.159  51.391 0.0000000000
4582  -31.574  -40.386  51.925 0.0000000000
4583  -32.753  -42.725  52.866 0.0000000000
4584  -31.748  -43.370  53.224 0.0000000000
4600  -31.636  -37.277  39.116 0.0000000000
4602  -32.905  -38.865  38.287 0.0000000000
5866  -42.274  -29.627  44.405 0.0000000000
5886  -44.612  -32.279  54.450 0.0000000000
5887  -42.739  -32.684  51.401 0.0000000000
5888  -40.214  -32.549  48.109 0.0000000000
5889  -37.994  -32.399  45.456 0.0000000000
5890  -40.788  -31.331  46.989 0.0000000000
5891  -41.540  -30.410  45.656 0.0000000000
6491  -30.536  -35.546  55.636 0.0000000000
6492  -34.402  -37.013  51.189 0.0000000000
6493  -33.624  -37.731  52.366 0.0000000000
6494  -32.179  -38.734  49.826 0.0000000000
6495  -32.054  -41.502  49.498 0.0000000000
7493  -36.979  -36.125  52.300 0.0000000000
7494  -34.781  -36.051  49.416 0.0000000000
7495  -32.334  -36.530  46.561 0.0000000000
7496  -30.862  -38.021  44.104 0.0000000000
7497  -30.878  -39.417  42.577 0.0000000000
7498  -31.132  -36.908  42.385 0.0000000000
7499  -31.675  -35.871  40.712 0.0000000000
7500  -32.557  -34.887  39.217 0.0000000000
7501  -35.855  -32.419  42.749 0.0000000000
7502  -34.345  -32.825  40.204 0.0000000000
7503  -33.770  -34.009  38.016 0.0000000000
8816  -32.612  -35.686  56.140 0.0000000000
8817  -30.738  -36.470  53.299 0.0000000000
8818  -32.351  -38.108  52.601 0.0000000000
8819  -30.755  -38.393  51.937 0.0000000000
8820  -29.193  -38.878  51.235 0.0000000000
8821  -29.203  -41.918  51.748 0.0000000000
10648  -30.908  -39.889  45.125 0.0000000000
10649  -31.160  -40.496  46.056 0.0000000000
11215  -39.513  -29.419  40.574 0.0000000000
11253  -35.162  -34.190  44.503 0.0000000000
11254  -36.445  -33.675  45.097 0.0000000000
11255  -39.909  -29.933  42.380 0.0000000000
11256  -38.434  -30.344  41.767 0.0000000000
11257  -38.966  -29.902  41.121 0.0000000000
11258  -38.162  -29.979  39.875 0.0000000000
12253  -28.548  -36.184  53.591 0.0000000000
12254  -27.477  -36.467  53.243 0.0000000000
12255  -27.670  -37.171  52.166 0.0000000000
12256  -26.983  -38.499  51.412 0.0000000000
12257  -27.879  -38.124  51.490 0.0000000000
12258  -36.197  -36.170  54.788 0.0000000000
12259  -35.216  -36.344  55.076 0.0000000000
12260  -35.118  -36.683  54.067 0.0000000000
12261  -33.431  -43.121  51.854 0.0000000000
12262  -32.873  -42.417  52.196 0.0000000000
12263  -33.660  -43.361  52.800 0.0000000000
12264  -33.552  -43.572  53.536 0.0000000000
12280  -32.139  -36.783  38.371 0.0000000000
12281  -32.078  -38.065  38.559 0.0000000000
12282  -32.687  -37.652  37.898 0.0000000000
13615  -43.251  -29.578  45.885 0.0000000000
13646  -44.846  -31.596  55.733 0.0000000000
13648  -44.162  -31.389  51.427 0.0000000000
13649  -44.020  -32.030  52.183 0.0000000000
13650  -42.790  -32.023  50.560 0.0000000000
13651  -41.463  -32.636  49.739 0.0000000000
13652  -41.552  -31.966  49.017 0.0000000000
13653  -40.484  -31.893  47.635 0.0000000000
13654  -41.860  -31.391  48.419 0.0000000000
13655  -43.916  -29.906  47.985 0.0000000000
13656  -42.583  -30.417  47.116 0.0000000000
13657  -42.944  -30.000  46.478 0.0000000000
13658  -41.925  -30.034  45.045 0.0000000000
14656  -30.503  -35.365  56.945 0.0000000000
14657  -31.498  -35.389  57.285 0.0000000000
14658  -33.327  -37.092  49.759 0.0000000000
14659  -33.142  -37.669  50.489 0.0000000000
14660  -32.242  -38.051  49.192 0.0000000000
14661  -31.968  -41.673  47.834 0.0000000000
14662  -31.663  -40.951  48.603 0.0000000000
14663  -32.401  -42.145  48.794 0.0000000000
14664  -32.846  -42.580  49.755 0.0000000000
16466  -35.974  -36.158  50.864 0.0000000000
16467  -36.086  -35.714  49.830 0.0000000000
16468  -33.530  -35.446  45.909 0.0000000000
16469  -33.556  -35.749  47.025 0.0000000000
16470  -32.360  -36.142  45.549 0.0000000000
16471  -31.403  -37.222  45.201 0.0000000000
16472  -31.486  -36.788  44.214 0.0000000000
16473  -30.956  -37.472  43.231 0.0000000000
16474  -31.652  -36.308  43.373 0.0000000000
16475  -33.198  -34.412  42.173 0.0000000000
16476  -32.146  -35.303  41.757 0.0000000000
16477  -32.491  -34.806  40.982 0.0000000000
16478  -32.029  -35.378  40.018 0.0000000000
16479  -32.907  -34.298  40.283 0.0000000000
16480  -38.283  -31.772  44.932 0.0000000000
16481  -36.893  -32.342  44.158 0.0000000000
16482  -37.209  -31.762  43.649 0.0000000000
16483  -35.864  -31.477  40.306 0.0000000000
16484  -35.434  -31.966  40.892 0.0000000000
16485  -34.816  -32.353  39.611 0.0000000000
16486  -33.913  -33.334  39.028 0.0000000000
16487  -34.443  -32.898  38.426 0.0000000000
16488  -34.399  -33.603  37.487 0.0000000000
16489  -35.055  -32.428  37.854 0.0000000000
19491  -33.538  -36.291  55.128 0.0000000000
19492  -33.521  -35.739  56.178 0.0000000000
19493  -32.626  -36.134  54.941 0.0000000000
19494  -31.743  -35.939  54.710 0.0000000000
19495  -31.700  -36.604  53.704 0.0000000000
19496  -32.654  -38.559  51.638 0.0000000000
19497  -33.043  -37.950  52.564 0.0000000000
19498  -32.252  -38.852  51.937 0.0000000000
19499  -31.037  -40.862  51.773 0.0000000000
19500  -30.999  -39.440  51.869 0.0000000000
19501  -30.352  -39.775  51.484 0.0000000000
19502  -30.019  -38.602  51.494 0.0000000000
19503  -29.677  -40.096  51.244 0.0000000000
19504  -29.002  -40.482  51.128 0.0000000000
19505  -29.860  -41.564  51.593 0.0000000000
19507  -31.216  -43.793  53.554 0.0000000000
19555  -30.926  -38.911  41.701 0.0000000000
23168  -44.279  -30.810  50.595 0.0000000000
23169  -43.269  -30.826  49.206 0.0000000000
23170  -44.648  -30.257  50.065 0.0000000000
23171  -44.918  -29.785  49.495 0.0000000000
23772  -31.468  -38.186  47.090 0.0000000000
23773  -31.478  -38.862  47.895 0.0000000000
23774  -31.145  -39.734  46.884 0.0000000000
23775  -31.516  -41.110  46.952 0.0000000000
24859  -34.877  -34.993  46.274 0.0000000000
24860  -33.597  -35.121  44.885 0.0000000000
24861  -32.663  -35.374  43.675 0.0000000000
24862  -33.822  -34.711  44.056 0.0000000000
24863  -34.102  -34.226  43.338 0.0000000000
24864  -34.403  -33.703  42.723 0.0000000000
24865  -38.984  -30.737  43.722 0.0000000000
24866  -37.532  -31.205  43.031 0.0000000000
24867  -37.934  -30.763  42.415 0.0000000000
24868  -37.043  -30.815  41.065 0.0000000000
24869  -36.341  -31.037  39.665 0.0000000000
24870  -35.890  -31.415  38.377 0.0000000000
24871  -36.922  -30.619  39.109 0.0000000000
24872  -37.538  -30.210  38.549 0.0000000000
26661  -28.438  -35.475  56.408 0.0000000000
26663  -27.372  -35.953  54.629 0.0000000000
26664  -26.390  -36.732  53.148 0.0000000000
26667  -26.066  -38.917  51.439 0.0000000000
26668  -26.596  -40.083  51.275 0.0000000000
26669  -27.411  -41.239  51.549 0.0000000000
26670  -36.432  -35.221  56.822 0.0000000000
26671  -35.443  -35.315  57.103 0.0000000000
26672  -35.385  -35.871  56.073 0.0000000000
26673  -34.367  -36.370  55.168 0.0000000000
26674  -33.451  -36.911  54.248 0.0000000000
26675  -32.177  -40.906  51.140 0.0000000000
26676  -31.960  -40.025  51.703 0.0000000000
26677  -32.250  -41.256  51.815 0.0000000000
26678  -32.031  -41.641  52.202 0.0000000000
26679  -31.519  -42.029  52.308 0.0000000000
26680  -30.908  -42.332  52.318 0.0000000000
26681  -32.294  -42.987  53.089 0.0000000000
26710  -31.265  -37.791  39.948 0.0000000000
26711  -31.393  -39.039  40.268 0.0000000000
26712  -31.689  -38.548  39.386 0.0000000000
29044  -41.305  -29.598  42.976 0.0000000000
29089  -44.152  -32.743  55.071 0.0000000000
29090  -43.664  -33.252  53.680 0.0000000000
29091  -44.900  -31.706  53.801 0.0000000000
29092  -43.881  -32.664  52.955 0.0000000000
29097  -37.754  -33.058  45.912 0.0000000000
29098  -39.107  -32.456  46.726 0.0000000000
29099  -39.407  -31.859  46.257 0.0000000000
29100  -39.731  -31.269  45.678 0.0000000000
29101  -42.208  -30.856  47.807 0.0000000000
29102  -41.232  -30.858  46.400 0.0000000000
29103  -40.077  -30.782  45.041 0.0000000000
29104  -40.410  -30.381  44.274 0.0000000000
29105  -40.902  -29.993  43.647 0.0000000000
30501  -29.510  -35.396  56.670 0.0000000000
30502  -29.548  -35.615  55.279 0.0000000000
30503  -29.609  -35.980  54.005 0.0000000000
30504  -35.339  -36.864  52.514 0.0000000000
30505  -34.746  -37.060  52.986 0.0000000000
30506  -34.083  -37.471  51.892 0.0000000000
30507  -32.974  -38.175  51.193 0.0000000000
30508  -32.199  -39.253  50.589 0.0000000000
30509  -31.559  -39.440  48.719 0.0000000000
30510  -31.753  -40.091  49.547 0.0000000000
30511  -31.949  -40.496  50.359 0.0000000000
30512  -32.302  -41.863  50.424 0.0000000000
30513  -33.267  -42.947  50.805 0.0000000000
30535  -33.510  -36.056  37.153 0.0000000000
30536  -33.411  -37.272  37.287 0.0000000000
32941  -37.271  -35.722  55.562 0.0000000000
32942  -37.045  -36.070  54.356 0.0000000000
32951  -36.512  -36.400  53.057 0.0000000000
32952  -35.706  -36.573  51.797 0.0000000000
32953  -34.593  -36.550  50.326 0.0000000000
32954  -33.491  -36.589  48.946 0.0000000000
32955  -34.815  -35.610  48.471 0.0000000000
32956  -33.510  -36.102  47.995 0.0000000000
32957  -32.320  -36.974  47.500 0.0000000000
32958  -31.430  -37.693  46.153 0.0000000000
32959  -30.911  -38.517  45.077 0.0000000000
32960  -30.763  -39.395  44.086 0.0000000000
32961  -30.949  -40.062  43.455 0.0000000000
32962  -30.690  -38.761  43.219 0.0000000000
32963  -30.765  -38.176  42.408 0.0000000000
32964  -30.944  -37.625  41.536 0.0000000000
32965  -31.884  -35.816  42.516 0.0000000000
32966  -31.400  -36.406  41.555 0.0000000000
32967  -31.179  -37.068  40.646 0.0000000000
32968  -31.471  -36.496  39.804 0.0000000000
32969  -31.946  -36.036  39.133 0.0000000000
32970  -32.534  -35.616  38.393 0.0000000000
32971  -36.680  -33.008  44.654 0.0000000000
32972  -35.630  -33.016  43.349 0.0000000000
32973  -34.683  -33.121  42.094 0.0000000000
32974  -36.228  -31.776  42.222 0.0000000000
32975  -35.039  -32.505  41.495 0.0000000000
32976  -33.963  -33.338  40.848 0.0000000000
32977  -33.409  -33.799  39.693 0.0000000000
32978  -33.152  -34.448  38.641 0.0000000000
32979  -33.180  -35.214  37.799 0.0000000000
32980  -33.905  -34.850  37.255 0.0000000000
36694  -34.499  -35.303  57.380 0.0000000000
36695  -33.565  -35.319  57.520 0.0000000000
36696  -32.496  -35.454  57.495 0.0000000000
36697  -31.607  -35.561  55.943 0.0000000000
36698  -30.622  -35.851  54.328 0.0000000000
36699  -29.668  -36.646  52.861 0.0000000000
36700  -34.072  -37.330  53.304 0.0000000000
36701  -33.350  -37.460  53.477 0.0000000000
36702  -32.461  -37.476  53.275 0.0000000000
36703  -31.700  -39.152  52.032 0.0000000000
36704  -31.559  -38.272  52.363 0.0000000000
36705  -31.620  -37.412  52.917 0.0000000000
36706  -30.745  -37.394  52.479 0.0000000000
36707  -29.873  -37.463  52.028 0.0000000000
36708  -28.859  -37.734  51.683 0.0000000000
36709  -28.304  -39.247  51.117 0.0000000000
36710  -28.199  -40.815  51.262 0.0000000000
36711  -28.508  -42.319  52.076 0.0000000000
36712  -30.345  -42.756  52.452 0.0000000000
36713  -29.760  -43.179  52.767 0.0000000000
41368  -30.988  -40.246  44.728 0.0000000000
41369  -31.116  -40.598  45.188 0.0000000000
41370  -31.266  -40.867  44.836 0.0000000000
41935  -39.951  -29.440  41.171 0.0000000000
41973  -36.399  -33.966  45.398 0.0000000000
41975  -40.152  -29.711  42.055 0.0000000000
41976  -39.428  -29.906  41.745 0.0000000000
41977  -39.697  -29.672  41.444 0.0000000000
41978  -39.264  -29.672  40.849 0.0000000000
42973  -28.615  -36.492  53.025 0.0000000000
42974  -28.106  -36.604  52.859 0.0000000000
42975  -28.150  -37.006  52.347 0.0000000000
42976  -27.753  -37.644  51.791 0.0000000000
42977  -28.237  -37.453  51.929 0.0000000000
42978  -36.051  -36.327  54.245 0.0000000000
42979  -35.645  -36.421  54.426 0.0000000000
42980  -35.505  -36.609  53.890 0.0000000000
42982  -33.586  -43.265  52.333 0.0000000000
43000  -32.453  -36.584  38.014 0.0000000000
43001  -32.382  -37.212  38.105 0.0000000000
43002  -32.717  -37.036  37.771 0.0000000000
44335  -43.743  -29.533  46.647 0.0000000000
44368  -43.542  -31.386  50.601 0.0000000000
44369  -43.489  -31.712  51.029 0.0000000000
44370  -42.838  -31.700  50.229 0.0000000000
44371  -42.186  -31.989  49.844 0.0000000000
44372  -42.162  -31.676  49.385 0.0000000000
44373  -41.656  -31.667  48.705 0.0000000000
44374  -42.392  -31.396  49.129 0.0000000000
44375  -44.070  -29.705  47.679 0.0000000000
44376  -43.420  -29.971  47.198 0.0000000000
44377  -43.589  -29.750  46.911 0.0000000000
44378  -43.094  -29.789  46.126 0.0000000000
45376  -31.515  -35.320  57.989 0.0000000000
45377  -31.983  -35.366  58.057 0.0000000000
45378  -32.722  -37.236  49.030 0.0000000000
45379  -32.710  -37.502  49.478 0.0000000000
45380  -32.196  -37.808  48.783 0.0000000000
45381  -32.412  -42.212  48.020 0.0000000000
45382  -32.159  -41.934  48.313 0.0000000000
45383  -32.656  -42.450  48.520 0.0000000000
45384  -32.911  -42.613  49.006 0.0000000000
47188  -32.941  -35.612  45.222 0.0000000000
47189  -32.919  -35.754  45.718 0.0000000000
47190  -32.379  -35.962  45.060 0.0000000000
47191  -31.891  -36.444  44.875 0.0000000000
47192  -31.900  -36.277  44.319 0.0000000000
47193  -31.559  -36.588  43.755 0.0000000000
47194  -32.002  -36.024  43.887 0.0000000000
47195  -33.367  -34.165  41.805 0.0000000000
47196  -32.806  -34.585  41.552 0.0000000000
47197  -33.007  -34.324  41.214 0.0000000000
47198  -32.700  -34.570  40.641 0.0000000000
47199  -33.203  -34.076  40.878 0.0000000000
47200  -38.445  -31.497  44.648 0.0000000000
47201  -37.746  -31.764  44.317 0.0000000000
47202  -37.891  -31.493  43.975 0.0000000000
47203  -35.559  -31.662  39.630 0.0000000000
47204  -35.313  -31.878  39.948 0.0000000000
47205  -35.081  -32.080  39.327 0.0000000000
47206  -34.599  -32.611  38.996 0.0000000000
47207  -34.897  -32.359  38.698 0.0000000000
47208  -34.762  -32.683  38.105 0.0000000000
47209  -35.160  -32.108  38.368 0.0000000000
50211  -33.075  -36.531  54.659 0.0000000000
50212  -33.126  -36.219  55.107 0.0000000000
50213  -32.621  -36.458  54.534 0.0000000000
50214  -32.165  -36.364  54.326 0.0000000000
50215  -32.137  -36.702  53.918 0.0000000000
50216  -32.332  -39.057  51.383 0.0000000000
50217  -32.443  -38.695  51.803 0.0000000000
50218  -32.188  -39.264  51.589 0.0000000000
50219  -30.697  -40.988  51.688 0.0000000000
50220  -30.643  -40.340  51.630 0.0000000000
50221  -30.321  -40.470  51.474 0.0000000000
50222  -30.071  -39.949  51.304 0.0000000000
50223  -30.044  -40.667  51.416 0.0000000000
50224  -29.719  -40.853  51.348 0.0000000000
50225  -30.167  -41.412  51.621 0.0000000000
50275  -30.985  -38.625  41.257 0.0000000000
50276  -31.079  -39.281  41.389 0.0000000000
50277  -31.127  -38.973  40.935 0.0000000000
53971  -44.892  -30.756  51.429 0.0000000000
53972  -44.974  -30.453  51.075 0.0000000000
53973  -44.520  -30.540  50.401 0.0000000000
54978  -31.202  -38.513  46.531 0.0000000000
54979  -31.183  -38.955  46.952 0.0000000000
54980  -31.128  -39.422  46.440 0.0000000000
54981  -31.414  -41.169  46.112 0.0000000000
54982  -31.303  -40.803  46.518 0.0000000000
54983  -31.652  -41.440  46.609 0.0000000000
54984  -31.882  -41.720  47.104 0.0000000000
56788  -35.600  -34.668  45.921 0.0000000000
56789  -35.573  -34.859  46.419 0.0000000000
56790  -34.882  -34.842  45.723 0.0000000000
56791  -34.237  -35.042  45.578 0.0000000000
56792  -34.231  -34.851  45.034 0.0000000000
56793  -33.728  -34.897  44.445 0.0000000000
56794  -34.369  -34.653  44.665 0.0000000000
56795  -35.265  -33.925  44.213 0.0000000000
56796  -34.586  -34.185  43.905 0.0000000000
56797  -34.727  -33.926  43.607 0.0000000000
56798  -34.240  -33.935  43.000 0.0000000000
56799  -34.876  -33.644  43.304 0.0000000000
56800  -39.187  -30.541  43.388 0.0000000000
56801  -38.447  -30.748  43.065 0.0000000000
56802  -38.677  -30.527  42.740 0.0000000000
56803  -37.993  -30.370  41.108 0.0000000000
56804  -37.718  -30.573  41.446 0.0000000000
56805  -37.313  -30.595  40.759 0.0000000000
56806  -36.670  -30.905  40.358 0.0000000000
56807  -36.940  -30.683  40.086 0.0000000000
56808  -36.623  -30.811  39.398 0.0000000000
56809  -37.217  -30.461  39.795 0.0000000000
56810  -38.490  -29.719  39.613 0.0000000000
56811  -37.823  -30.072  39.219 0.0000000000
56812  -38.167  -29.836  38.938 0.0000000000
59793  -28.442  -35.607  55.644 0.0000000000
59794  -27.893  -35.671  55.489 0.0000000000
59795  -27.928  -35.818  54.771 0.0000000000
59796  -27.031  -36.949  52.569 0.0000000000
59797  -26.944  -36.588  53.196 0.0000000000
59798  -26.527  -37.090  52.595 0.0000000000
59799  -25.987  -37.275  52.557 0.0000000000
59800  -26.167  -37.705  52.093 0.0000000000
59801  -25.853  -38.418  51.721 0.0000000000
59802  -26.296  -38.185  51.655 0.0000000000
59803  -27.162  -39.040  51.231 0.0000000000
59804  -26.758  -39.324  51.247 0.0000000000
59805  -27.043  -39.862  51.216 0.0000000000
59806  -27.004  -40.674  51.411 0.0000000000
59807  -27.389  -40.457  51.263 0.0000000000
59808  -36.407  -35.494  56.335 0.0000000000
59809  -35.916  -35.565  56.464 0.0000000000
59810  -35.859  -35.819  55.966 0.0000000000
59811  -34.803  -36.593  54.688 0.0000000000
59812  -34.827  -36.375  55.134 0.0000000000
59813  -34.364  -36.645  54.748 0.0000000000
59814  -33.910  -36.634  54.725 0.0000000000
59815  -33.894  -36.891  54.323 0.0000000000
59816  -32.359  -41.524  51.207 0.0000000000
59817  -32.210  -41.066  51.482 0.0000000000
59818  -32.478  -41.694  51.600 0.0000000000
59819  -32.929  -42.579  52.622 0.0000000000
59820  -32.525  -41.997  52.275 0.0000000000
59821  -32.398  -42.219  52.499 0.0000000000
59822  -31.781  -41.849  52.269 0.0000000000
59823  -32.124  -42.391  52.605 0.0000000000
59824  -31.889  -42.522  52.703 0.0000000000
59825  -32.506  -42.848  53.001 0.0000000000
59875  -31.443  -37.536  39.523 0.0000000000
59876  -31.430  -38.176  39.618 0.0000000000
59877  -31.588  -37.928  39.182 0.0000000000
59878  -32.470  -38.479  38.409 0.0000000000
59879  -32.194  -38.655  38.754 0.0000000000
59880  -32.580  -38.997  38.599 0.0000000000
63880  -41.787  -29.621  43.691 0.0000000000
63973  -44.783  -31.969  55.108 0.0000000000
63974  -44.562  -32.207  55.428 0.0000000000
63975  -44.409  -32.551  54.772 0.0000000000
63976  -43.971  -33.061  54.407 0.0000000000
63977  -44.175  -32.795  54.093 0.0000000000
63979  -45.373  -31.146  54.192 0.0000000000
63980  -45.123  -31.465  53.495 0.0000000000
63981  -43.317  -32.399  51.692 0.0000000000
63982  -43.904  -32.375  52.522 0.0000000000
63983  -43.343  -32.695  52.179 0.0000000000
63984  -43.293  -33.023  52.561 0.0000000000
63985  -42.702  -33.039  51.758 0.0000000000
63987  -42.045  -32.994  50.930 0.0000000000
63988  -40.839  -32.614  48.920 0.0000000000
63989  -40.797  -32.947  49.277 0.0000000000
63990  -40.187  -32.895  48.468 0.0000000000
63992  -39.549  -32.819  47.646 0.0000000000
63993  -38.993  -32.761  46.994 0.0000000000
63994  -39.670  -32.499  47.424 0.0000000000
63995  -40.630  -31.618  47.332 0.0000000000
63996  -39.981  -31.873  46.957 0.0000000000
63997  -40.109  -31.570  46.637 0.0000000000
63998  -39.515  -31.541  45.917 0.0000000000
63999  -40.266  -31.290  46.333 0.0000000000
64000  -43.447  -30.593  48.914 0.0000000000
64001  -42.761  -30.829  48.537 0.0000000000
64002  -42.941  -30.623  48.199 0.0000000000
64003  -42.074  -30.417  46.380 0.0000000000
64004  -41.882  -30.638  46.732 0.0000000000
64005  -41.357  -30.625  46.004 0.0000000000
64006  -40.663  -30.810  45.715 0.0000000000
64007  -40.819  -30.608  45.323 0.0000000000
64008  -40.274  -30.601  44.691 0.0000000000
64009  -40.987  -30.400  44.953 0.0000000000
64010  -42.080  -29.843  44.690 0.0000000000
64011  -41.415  -30.014  44.320 0.0000000000
64012  -41.596  -29.838  43.995 0.0000000000
64013  -41.090  -29.821  43.324 0.0000000000
67002  -30.027  -35.266  57.517 0.0000000000
67003  -30.493  -35.425  56.237 0.0000000000
67004  -30.074  -35.444  56.166 0.0000000000
67005  -30.040  -35.563  55.380 0.0000000000
67006  -29.574  -35.795  54.619 0.0000000000
67007  -30.060  -35.730  54.792 0.0000000000
67008  -34.895  -36.984  51.876 0.0000000000
67009  -34.716  -37.138  52.229 0.0000000000
67010  -34.273  -37.254  51.533 0.0000000000
67011  -32.631  -38.116  50.166 0.0000000000
67012  -33.076  -37.896  50.859 0.0000000000
67013  -32.558  -38.449  50.498 0.0000000000
67014  -32.529  -38.681  50.874 0.0000000000
67015  -32.192  -38.983  50.261 0.0000000000
67016  -31.365  -39.633  47.846 0.0000000000
67017  -31.500  -39.115  48.361 0.0000000000
67018  -31.413  -39.940  48.233 0.0000000000
67019  -31.823  -41.262  49.024 0.0000000000
67020  -31.657  -40.563  49.069 0.0000000000
67021  -31.796  -40.780  49.448 0.0000000000
67022  -31.837  -40.313  49.897 0.0000000000
67023  -31.968  -41.019  49.909 0.0000000000
67024  -32.081  -41.170  50.362 0.0000000000
67025  -32.247  -41.701  50.000 0.0000000000
67026  -33.336  -43.051  49.984 0.0000000000
67027  -33.052  -42.823  50.284 0.0000000000
67028  -33.587  -43.228  50.484 0.0000000000
67029  -33.730  -43.343  50.980 0.0000000000
67075  -33.932  -35.895  36.930 0.0000000000
67076  -33.813  -36.531  36.907 0.0000000000
72405  -37.665  -35.611  55.246 0.0000000000
72406  -37.162  -35.886  54.949 0.0000000000
72407  -37.583  -35.808  54.639 0.0000000000
72428  -37.381  -36.016  52.983 0.0000000000
72429  -37.190  -36.122  53.382 0.0000000000
72430  -36.768  -36.252  52.715 0.0000000000
72431  -36.147  -36.497  52.450 0.0000000000
72432  -36.311  -36.346  52.046 0.0000000000
72433  -35.392  -36.102  50.156 0.0000000000
72434  -35.262  -36.341  50.603 0.0000000000
72435  -34.702  -36.290  49.907 0.0000000000
72436  -34.085  -36.543  49.641 0.0000000000
72437  -34.111  -36.256  49.212 0.0000000000
72438  -35.549  -35.256  48.113 0.0000000000
72439  -35.535  -35.445  48.637 0.0000000000
72440  -34.865  -35.424  47.953 0.0000000000
72441  -32.931  -36.068  46.773 0.0000000000
72442  -33.536  -35.929  47.551 0.0000000000
72443  -32.911  -36.284  47.328 0.0000000000
72444  -32.838  -36.487  47.706 0.0000000000
72445  -32.317  -36.732  47.019 0.0000000000
72446  -31.840  -37.320  46.769 0.0000000000
72447  -31.817  -37.050  46.309 0.0000000000
72448  -31.113  -37.601  44.651 0.0000000000
72449  -31.106  -37.849  45.105 0.0000000000
72450  -30.881  -38.287  44.570 0.0000000000
72451  -30.756  -38.965  44.577 0.0000000000
72452  -30.750  -38.713  44.069 0.0000000000
72453  -30.718  -39.090  43.651 0.0000000000
72454  -30.741  -38.401  43.634 0.0000000000
72455  -31.014  -37.211  42.751 0.0000000000
72456  -30.827  -37.830  42.797 0.0000000000
72457  -30.896  -37.547  42.370 0.0000000000
72458  -30.847  -37.914  41.978 0.0000000000
72459  -30.992  -37.264  41.936 0.0000000000
72460  -32.793  -35.150  43.271 0.0000000000
72461  -32.244  -35.578  43.094 0.0000000000
72462  -32.413  -35.318  42.695 0.0000000000
72463  -31.862  -35.548  41.227 0.0000000000
72464  -31.743  -35.822  41.621 0.0000000000
72465  -31.522  -36.137  41.118 0.0000000000
72466  -31.231  -36.748  41.095 0.0000000000
72467  -31.371  -36.485  40.626 0.0000000000
72468  -31.308  -36.899  40.235 0.0000000000
72469  -31.549  -36.190  40.256 0.0000000000
72470  -32.300  -35.129  39.584 0.0000000000
72471  -31.968  -35.681  39.578 0.0000000000
72472  -32.222  -35.449  39.144 0.0000000000
72473  -32.224  -35.828  38.725 0.0000000000
72474  -32.468  -35.241  38.767 0.0000000000
72475  -37.898  -32.704  45.727 0.0000000000
72476  -37.216  -33.020  45.317 0.0000000000
72477  -37.300  -32.694  45.045 0.0000000000
72478  -36.358  -32.383  43.443 0.0000000000
72479  -36.213  -32.692  43.727 0.0000000000
72480  -35.739  -32.706  43.083 0.0000000000
72481  -35.139  -33.063  42.733 0.0000000000
72482  -35.283  -32.739  42.414 0.0000000000
72483  -37.072  -31.217  42.384 0.0000000000
72484  -36.866  -31.485  42.632 0.0000000000
72485  -36.408  -31.509  41.962 0.0000000000
72486  -34.869  -32.379  40.536 0.0000000000
72487  -35.251  -32.202  41.204 0.0000000000
72488  -34.680  -32.638  40.852 0.0000000000
72489  -34.483  -32.897  41.148 0.0000000000
72490  -34.154  -33.048  40.534 0.0000000000
72491  -33.661  -33.544  40.258 0.0000000000
72492  -33.867  -33.296  39.928 0.0000000000
72493  -33.806  -33.644  38.515 0.0000000000
72494  -33.508  -33.896  38.790 0.0000000000
72495  -33.430  -34.233  38.370 0.0000000000
72496  -33.128  -34.835  38.194 0.0000000000
72497  -33.460  -34.602  37.910 0.0000000000
72498  -33.543  -35.008  37.492 0.0000000000
72499  -33.787  -34.416  37.610 0.0000000000
72500  -34.735  -33.454  37.187 0.0000000000
72501  -34.455  -34.035  37.069 0.0000000000
72505  -36.172  -31.256  38.045 0.0000000000
72506  -35.745  -31.700  37.770 0.0000000000
81461  -26.840  -35.814  55.407 0.0000000000
81506  -34.968  -35.596  56.660 0.0000000000
81507  -34.990  -35.288  57.271 0.0000000000
81508  -34.531  -35.556  56.795 0.0000000000
81509  -33.099  -35.695  56.233 0.0000000000
81510  -33.492  -35.501  56.863 0.0000000000
81511  -33.071  -35.540  56.854 0.0000000000
81512  -33.004  -35.368  57.552 0.0000000000
81513  -32.530  -35.515  56.799 0.0000000000
81514  -32.058  -35.495  56.744 0.0000000000
81515  -32.083  -35.621  56.026 0.0000000000
81516  -31.223  -36.166  53.998 0.0000000000
81517  -31.179  -35.873  54.569 0.0000000000
81518  -30.653  -36.145  53.812 0.0000000000
81519  -30.140  -36.224  53.582 0.0000000000
81520  -30.223  -36.537  53.085 0.0000000000
81521  -34.148  -37.392  52.673 0.0000000000
81522  -34.425  -37.170  53.177 0.0000000000
81523  -33.863  -37.529  52.816 0.0000000000
81524  -32.715  -38.035  52.624 0.0000000000
81525  -33.216  -37.685  53.033 0.0000000000
81526  -32.816  -37.762  52.972 0.0000000000
81527  -32.904  -37.496  53.373 0.0000000000
81528  -32.411  -37.809  52.958 0.0000000000
81529  -31.801  -40.223  51.814 0.0000000000
81530  -31.819  -39.574  51.866 0.0000000000
81531  -31.580  -39.760  51.940 0.0000000000
81532  -30.842  -38.936  51.859 0.0000000000
81533  -31.219  -38.865  52.052 0.0000000000
81534  -31.206  -38.336  52.169 0.0000000000
81535  -31.596  -37.810  52.622 0.0000000000
81536  -31.173  -37.837  52.383 0.0000000000
81537  -31.182  -37.352  52.683 0.0000000000
81538  -30.746  -37.892  52.145 0.0000000000
81539  -29.600  -38.766  51.322 0.0000000000
81540  -29.932  -38.012  51.725 0.0000000000
81541  -29.490  -38.146  51.536 0.0000000000
81542  -29.331  -37.549  51.836 0.0000000000
81543  -28.998  -38.307  51.409 0.0000000000
81544  -28.526  -38.475  51.319 0.0000000000
81545  -28.768  -39.089  51.162 0.0000000000
81546  -29.034  -41.173  51.375 0.0000000000
81547  -28.611  -40.645  51.161 0.0000000000
81548  -28.732  -41.438  51.483 0.0000000000
81549  -28.274  -41.555  51.585 0.0000000000
81550  -28.858  -42.133  51.896 0.0000000000
81551  -31.316  -42.865  52.758 0.0000000000
81552  -30.640  -42.585  52.355 0.0000000000
81553  -31.015  -43.061  52.837 0.0000000000
81555  -30.484  -43.508  53.178 0.0000000000
81556  -30.163  -43.727  53.416 0.0000000000
81557  -29.461  -43.413  53.013 0.0000000000
81700  -30.878  -39.752  43.011 0.0000000000
81724  -33.411  -37.871  37.423 0.0000000000
92892  -30.908  -39.468  45.555 0.0000000000
92893  -31.030  -39.781  45.994 0.0000000000
92894  -31.023  -40.183  45.567 0.0000000000
92895  -31.226  -40.811  45.713 0.0000000000
93913  -39.113  -29.447  39.973 0.0000000000
93980  -35.639  -34.446  45.478 0.0000000000
93981  -35.059  -34.424  44.890 0.0000000000
93982  -35.737  -34.213  45.102 0.0000000000
93983  -35.805  -33.933  44.797 0.0000000000
93984  -35.907  -33.658  44.511 0.0000000000
93985  -39.652  -30.138  42.711 0.0000000000
93986  -38.913  -30.322  42.425 0.0000000000
93987  -39.166  -30.132  42.082 0.0000000000
93988  -38.689  -30.122  41.444 0.0000000000
93989  -38.261  -30.141  40.808 0.0000000000
93990  -37.872  -30.188  40.156 0.0000000000
93991  -38.543  -29.918  40.494 0.0000000000
93992  -38.857  -29.690  40.240 0.0000000000
95781  -28.480  -35.960  54.202 0.0000000000
95782  -27.932  -36.033  54.088 0.0000000000
95783  -28.009  -36.321  53.417 0.0000000000
95784  -27.576  -36.772  52.708 0.0000000000
95785  -27.148  -37.309  52.100 0.0000000000
95786  -26.774  -38.024  51.673 0.0000000000
95787  -27.302  -37.768  51.730 0.0000000000
95788  -27.451  -38.308  51.424 0.0000000000
95789  -27.641  -38.852  51.176 0.0000000000
95790  -36.281  -35.982  55.341 0.0000000000
95791  -35.728  -36.074  55.411 0.0000000000
95792  -35.712  -36.252  54.926 0.0000000000
95793  -35.241  -36.502  54.575 0.0000000000
95794  -34.773  -36.792  54.225 0.0000000000
95795  -33.043  -42.657  51.614 0.0000000000
95796  -32.782  -42.306  51.769 0.0000000000
95797  -33.162  -42.786  52.046 0.0000000000
95798  -33.268  -42.895  52.512 0.0000000000
95799  -33.287  -43.036  52.913 0.0000000000
95800  -33.150  -43.155  53.233 0.0000000000
95801  -33.667  -43.468  53.250 0.0000000000
95830  -31.864  -37.021  38.734 0.0000000000
95831  -31.818  -37.673  38.792 0.0000000000
95832  -32.076  -37.432  38.449 0.0000000000
95833  -32.352  -37.863  38.235 0.0000000000
95834  -32.744  -38.257  38.045 0.0000000000
98233  -42.777  -29.612  45.137 0.0000000000
98290  -45.108  -31.331  55.428 0.0000000000
98291  -45.004  -31.700  54.795 0.0000000000
98292  -44.735  -31.341  52.251 0.0000000000
98293  -44.661  -31.659  52.666 0.0000000000
98294  -44.091  -31.709  51.819 0.0000000000
98295  -43.416  -32.038  51.346 0.0000000000
98296  -42.713  -32.363  50.932 0.0000000000
98297  -42.094  -32.673  50.547 0.0000000000
98298  -42.110  -32.316  50.173 0.0000000000
98299  -41.493  -32.289  49.375 0.0000000000
98300  -40.864  -32.273  48.532 0.0000000000
98301  -40.326  -32.230  47.814 0.0000000000
98302  -41.009  -31.927  48.313 0.0000000000
98303  -41.141  -31.649  48.021 0.0000000000
98304  -41.317  -31.378  47.674 0.0000000000
98305  -43.782  -30.109  48.282 0.0000000000
98306  -43.104  -30.387  47.850 0.0000000000
98307  -43.228  -30.166  47.504 0.0000000000
98308  -42.746  -30.204  46.799 0.0000000000
98309  -42.297  -30.221  46.135 0.0000000000
98310  -41.743  -30.226  45.374 0.0000000000
98311  -42.452  -30.018  45.764 0.0000000000
98312  -42.581  -29.824  45.393 0.0000000000
100106  -30.493  -35.257  57.681 0.0000000000
100107  -30.979  -35.301  57.807 0.0000000000
100108  -31.008  -35.372  57.078 0.0000000000
100109  -31.064  -35.449  56.419 0.0000000000
100110  -33.850  -37.026  50.458 0.0000000000
100111  -33.788  -37.317  50.852 0.0000000000
100112  -33.275  -37.370  50.185 0.0000000000
100113  -32.716  -37.822  49.826 0.0000000000
100114  -32.221  -38.402  49.524 0.0000000000
100115  -31.612  -41.076  47.759 0.0000000000
100116  -31.539  -40.692  48.222 0.0000000000
100117  -31.782  -41.343  48.202 0.0000000000
100118  -31.935  -41.655  48.612 0.0000000000
100119  -32.155  -41.873  49.087 0.0000000000
100120  -32.410  -42.116  49.598 0.0000000000
100121  -32.621  -42.395  49.289 0.0000000000
100122  -33.124  -42.815  49.454 0.0000000000
103364  -36.478  -36.185  51.570 0.0000000000
103365  -36.621  -35.987  51.137 0.0000000000
103366  -36.055  -35.936  50.390 0.0000000000
103367  -35.444  -35.864  49.646 0.0000000000
103368  -34.180  -35.314  46.658 0.0000000000
103369  -34.253  -35.441  47.254 0.0000000000
103370  -33.566  -35.579  46.480 0.0000000000
103371  -32.930  -35.911  46.281 0.0000000000
103372  -32.351  -36.323  46.080 0.0000000000
103373  -31.850  -36.842  45.880 0.0000000000
103374  -31.825  -36.639  45.370 0.0000000000
103375  -31.439  -36.987  44.737 0.0000000000
103376  -31.104  -37.391  44.146 0.0000000000
103377  -30.910  -37.738  43.624 0.0000000000
103378  -31.187  -37.096  43.683 0.0000000000
103379  -31.265  -36.915  43.238 0.0000000000
103380  -31.364  -36.589  42.878 0.0000000000
103381  -33.002  -34.658  42.483 0.0000000000
103382  -32.482  -35.084  42.311 0.0000000000
103383  -32.626  -34.826  41.932 0.0000000000
103384  -32.302  -35.047  41.359 0.0000000000
103385  -32.024  -35.305  40.804 0.0000000000
103386  -31.833  -35.637  40.327 0.0000000000
103387  -32.234  -35.074  40.471 0.0000000000
103388  -32.459  -34.836  40.097 0.0000000000
103389  -32.705  -34.580  39.727 0.0000000000
103390  -38.128  -32.077  45.196 0.0000000000
103391  -37.436  -32.376  44.816 0.0000000000
103392  -37.567  -32.044  44.552 0.0000000000
103393  -37.032  -32.040  43.925 0.0000000000
103394  -36.564  -32.072  43.297 0.0000000000
103395  -36.208  -31.331  40.983 0.0000000000
103396  -36.004  -31.595  41.279 0.0000000000
103397  -35.641  -31.714  40.607 0.0000000000
103398  -35.097  -32.123  40.268 0.0000000000
103399  -34.565  -32.589  39.900 0.0000000000
103400  -34.088  -33.057  39.581 0.0000000000
103401  -34.326  -32.827  39.285 0.0000000000
103402  -34.167  -33.108  38.719 0.0000000000
103403  -34.098  -33.450  38.212 0.0000000000
103404  -34.090  -33.819  37.753 0.0000000000
103405  -34.402  -33.215  37.945 0.0000000000
103406  -34.707  -33.024  37.622 0.0000000000
103407  -34.996  -32.815  37.383 0.0000000000
108809  -33.972  -36.077  55.633 0.0000000000
108810  -34.000  -35.794  56.196 0.0000000000
108811  -33.530  -35.999  55.597 0.0000000000
108812  -33.099  -35.911  55.591 0.0000000000
108813  -32.670  -35.879  55.552 0.0000000000
108814  -32.155  -35.812  55.375 0.0000000000
108815  -32.165  -36.057  54.820 0.0000000000
108816  -31.703  -36.251  54.177 0.0000000000
108817  -31.200  -36.542  53.518 0.0000000000
108818  -33.113  -38.103  52.035 0.0000000000
108819  -33.321  -37.872  52.446 0.0000000000
108820  -32.803  -38.250  52.082 0.0000000000
108821  -32.566  -38.338  52.206 0.0000000000
108822  -32.302  -38.443  52.278 0.0000000000
108823  -31.271  -40.630  51.918 0.0000000000
108824  -31.273  -39.938  51.909 0.0000000000
108825  -30.935  -40.147  51.772 0.0000000000
108826  -30.679  -39.627  51.672 0.0000000000
108827  -30.476  -39.016  51.623 0.0000000000
108828  -30.390  -38.489  51.686 0.0000000000
108829  -30.157  -39.194  51.356 0.0000000000
108830  -29.774  -39.381  51.201 0.0000000000
108831  -29.358  -39.495  51.156 0.0000000000
108832  -29.041  -39.697  51.106 0.0000000000
108833  -29.338  -40.326  51.177 0.0000000000
108834  -29.416  -41.061  51.337 0.0000000000
108835  -29.514  -41.684  51.630 0.0000000000
108836  -32.243  -43.816  53.713 0.0000000000
108837  -31.482  -43.534  53.360 0.0000000000
108925  -30.891  -39.123  42.137 0.0000000000
108926  -31.047  -39.771  42.295 0.0000000000
108927  -31.057  -39.529  41.853 0.0000000000
115444  -44.742  -29.431  48.233 0.0000000000
115493  -45.277  -30.867  52.637 0.0000000000
115494  -44.795  -31.022  51.849 0.0000000000
115495  -44.266  -31.098  51.057 0.0000000000
115496  -43.655  -31.110  50.240 0.0000000000
115497  -43.093  -31.095  49.522 0.0000000000
115498  -43.783  -30.822  49.912 0.0000000000
115499  -43.964  -30.566  49.638 0.0000000000
115500  -44.186  -30.291  49.398 0.0000000000
115502  -44.862  -29.995  49.833 0.0000000000
115503  -44.330  -30.072  49.057 0.0000000000
115504  -44.412  -29.855  48.741 0.0000000000
115505  -44.547  -29.651  48.430 0.0000000000
116904  -31.843  -37.818  47.693 0.0000000000
116905  -31.815  -38.101  48.148 0.0000000000
116906  -31.457  -38.499  47.524 0.0000000000
116907  -31.258  -39.312  47.347 0.0000000000
116908  -31.275  -40.051  47.346 0.0000000000
116909  -31.133  -40.113  46.452 0.0000000000
116910  -31.267  -40.482  46.916 0.0000000000
116911  -31.406  -40.719  47.348 0.0000000000
116912  -31.705  -41.432  47.400 0.0000000000
116913  -32.135  -41.949  47.555 0.0000000000
119438  -35.504  -35.127  47.515 0.0000000000
119440  -35.539  -35.001  46.985 0.0000000000
119441  -34.814  -35.145  46.779 0.0000000000
119442  -34.155  -35.175  46.089 0.0000000000
119443  -33.512  -35.302  45.379 0.0000000000
119444  -32.937  -35.439  44.698 0.0000000000
119445  -32.516  -35.598  44.090 0.0000000000
119446  -33.105  -35.220  44.259 0.0000000000
119447  -33.233  -34.987  43.859 0.0000000000
119448  -33.294  -34.800  43.444 0.0000000000
119449  -34.456  -34.438  44.272 0.0000000000
119450  -33.926  -34.486  43.660 0.0000000000
119451  -33.457  -34.557  43.079 0.0000000000
119452  -33.626  -34.302  42.750 0.0000000000
119453  -33.778  -34.033  42.399 0.0000000000
119454  -33.942  -33.779  42.094 0.0000000000
119455  -38.804  -30.985  44.042 0.0000000000
119456  -38.019  -31.247  43.644 0.0000000000
119457  -38.274  -30.978  43.400 0.0000000000
119458  -37.740  -30.994  42.743 0.0000000000
119459  -37.262  -30.999  42.074 0.0000000000
119460  -38.176  -30.545  42.100 0.0000000000
119461  -37.439  -30.781  41.768 0.0000000000
119462  -36.813  -31.038  41.368 0.0000000000
119463  -36.422  -31.111  40.672 0.0000000000
119464  -36.072  -31.263  39.947 0.0000000000
119465  -35.808  -31.438  39.284 0.0000000000
119466  -35.598  -31.642  38.670 0.0000000000
119467  -36.084  -31.190  39.002 0.0000000000
119468  -36.360  -30.992  38.682 0.0000000000
119469  -36.677  -30.834  38.430 0.0000000000
119470  -37.529  -30.272  39.494 0.0000000000
119471  -37.215  -30.443  38.779 0.0000000000
119472  -37.021  -30.673  38.129 0.0000000000
123647  -27.908  -35.550  56.210 0.0000000000
123648  -27.342  -35.779  55.388 0.0000000000
123649  -26.858  -36.065  54.618 0.0000000000
123650  -27.423  -36.159  53.935 0.0000000000
123651  -26.863  -36.301  53.816 0.0000000000
123652  -26.371  -36.450  53.854 0.0000000000
123653  -25.855  -36.901  53.135 0.0000000000
123660  -26.509  -38.757  51.403 0.0000000000
123661  -26.343  -39.525  51.309 0.0000000000
123662  -26.290  -40.358  51.456 0.0000000000
123663  -26.639  -40.874  51.551 0.0000000000
123664  -27.070  -41.463  51.733 0.0000000000
123665  -27.541  -42.032  51.971 0.0000000000
123668  -35.910  -35.284  56.974 0.0000000000
123669  -35.433  -35.590  56.563 0.0000000000
123670  -34.950  -35.876  56.128 0.0000000000
123671  -35.342  -36.114  55.590 0.0000000000
123672  -34.844  -36.114  55.611 0.0000000000
123673  -34.448  -36.106  55.664 0.0000000000
123674  -33.959  -36.342  55.174 0.0000000000
123675  -33.506  -36.580  54.689 0.0000000000
123676  -33.012  -36.852  54.219 0.0000000000
123677  -32.097  -40.281  51.119 0.0000000000
123678  -32.079  -39.867  51.494 0.0000000000
123679  -32.082  -40.439  51.473 0.0000000000
123680  -32.031  -40.653  51.722 0.0000000000
123681  -31.953  -40.783  51.888 0.0000000000
123682  -32.525  -41.830  51.935 0.0000000000
123683  -32.183  -41.389  52.003 0.0000000000
123684  -31.731  -41.031  51.967 0.0000000000
123685  -31.474  -41.263  52.033 0.0000000000
123686  -31.231  -41.458  52.012 0.0000000000
123687  -30.859  -41.629  51.898 0.0000000000
123688  -30.587  -41.772  51.912 0.0000000000
123689  -31.206  -42.175  52.288 0.0000000000
123690  -31.598  -42.688  52.704 0.0000000000
123691  -32.062  -43.119  53.164 0.0000000000
123692  -32.931  -43.214  53.380 0.0000000000
123693  -32.776  -43.403  53.518 0.0000000000
123694  -32.493  -43.608  53.597 0.0000000000
123760  -31.125  -38.041  40.375 0.0000000000
123761  -31.199  -38.683  40.517 0.0000000000
123762  -31.293  -38.432  40.084 0.0000000000
123763  -31.529  -38.800  39.824 0.0000000000
123764  -31.819  -39.160  39.606 0.0000000000
123765  -31.865  -38.302  38.953 0.0000000000
123766  -32.008  -38.914  39.181 0.0000000000
129298  -40.862  -29.509  42.375 0.0000000000
129424  -45.142  -31.383  54.459 0.0000000000
129425  -44.788  -32.003  54.156 0.0000000000
129426  -44.521  -31.922  53.021 0.0000000000
129427  -44.430  -32.255  53.394 0.0000000000
129428  -44.351  -32.564  53.796 0.0000000000
129429  -43.808  -32.950  53.361 0.0000000000
129435  -41.426  -32.973  50.104 0.0000000000
129442  -38.320  -33.084  46.569 0.0000000000
129443  -38.468  -32.726  46.390 0.0000000000
129444  -38.555  -32.423  46.082 0.0000000000
129445  -39.766  -32.187  47.117 0.0000000000
129446  -39.233  -32.151  46.472 0.0000000000
129447  -38.693  -32.119  45.842 0.0000000000
129448  -38.829  -31.830  45.572 0.0000000000
129449  -38.970  -31.515  45.271 0.0000000000
129450  -39.180  -31.251  45.027 0.0000000000
129451  -42.568  -31.109  48.850 0.0000000000
129452  -42.026  -31.111  48.133 0.0000000000
129453  -41.498  -31.096  47.418 0.0000000000
129454  -42.400  -30.642  47.474 0.0000000000
129455  -41.685  -30.873  47.083 0.0000000000
129456  -40.997  -31.069  46.736 0.0000000000
129457  -40.433  -31.036  46.016 0.0000000000
129458  -39.851  -31.009  45.301 0.0000000000
129459  -39.313  -31.009  44.652 0.0000000000
129460  -39.493  -30.768  44.377 0.0000000000
129461  -39.715  -30.574  44.028 0.0000000000
129462  -39.909  -30.361  43.670 0.0000000000
129463  -41.206  -30.209  44.667 0.0000000000
129464  -40.666  -30.179  43.986 0.0000000000
129465  -40.136  -30.147  43.324 0.0000000000
129466  -40.387  -29.967  43.002 0.0000000000
129467  -40.609  -29.774  42.677 0.0000000000
133252  -28.953  -35.436  56.478 0.0000000000
133253  -28.960  -35.562  55.780 0.0000000000
133254  -30.036  -35.331  56.838 0.0000000000
133255  -29.506  -35.482  55.986 0.0000000000
133256  -28.979  -35.659  55.120 0.0000000000
133257  -29.021  -35.858  54.428 0.0000000000
133258  -29.076  -36.090  53.812 0.0000000000
133259  -29.124  -36.366  53.212 0.0000000000
133260  -35.686  -36.699  53.085 0.0000000000
133261  -35.332  -36.788  53.352 0.0000000000
133262  -35.106  -36.978  52.838 0.0000000000
133263  -34.479  -37.302  52.468 0.0000000000
133264  -33.872  -37.614  52.135 0.0000000000
133265  -33.633  -37.578  51.201 0.0000000000
133266  -33.519  -37.802  51.549 0.0000000000
133267  -33.322  -37.950  51.811 0.0000000000
133268  -32.821  -38.391  51.493 0.0000000000
133269  -32.415  -38.894  51.142 0.0000000000
133270  -32.160  -39.428  50.926 0.0000000000
133271  -31.800  -38.440  48.529 0.0000000000
133272  -31.798  -38.733  48.917 0.0000000000
133273  -31.868  -39.038  49.302 0.0000000000
133274  -31.546  -40.231  48.659 0.0000000000
133275  -31.666  -39.768  49.176 0.0000000000
133276  -31.895  -39.363  49.625 0.0000000000
133277  -31.940  -39.606  50.070 0.0000000000
133278  -31.962  -39.895  50.335 0.0000000000
133279  -32.005  -40.047  50.765 0.0000000000
133280  -32.062  -40.685  50.731 0.0000000000
133281  -32.275  -41.393  50.804 0.0000000000
133282  -32.569  -42.042  50.924 0.0000000000
133283  -32.556  -42.321  50.068 0.0000000000
133284  -32.814  -42.506  50.649 0.0000000000
133285  -32.961  -42.597  51.133 0.0000000000
133286  -33.356  -43.042  51.336 0.0000000000
133345  -33.135  -36.208  37.449 0.0000000000
133346  -33.049  -36.825  37.478 0.0000000000
133347  -33.393  -36.667  37.154 0.0000000000
133348  -33.786  -37.142  37.027 0.0000000000
140011  -36.868  -35.212  56.673 0.0000000000
140012  -36.827  -35.463  56.140 0.0000000000
140014  -37.336  -35.487  56.050 0.0000000000
140015  -36.799  -35.733  55.706 0.0000000000
140016  -36.703  -35.947  55.189 0.0000000000
140017  -36.608  -36.114  54.604 0.0000000000
140018  -36.506  -36.301  54.035 0.0000000000
140043  -37.419  -35.995  54.003 0.0000000000
140044  -36.802  -36.265  53.658 0.0000000000
140045  -36.253  -36.490  53.376 0.0000000000
140046  -35.911  -36.642  52.775 0.0000000000
140047  -35.523  -36.728  52.166 0.0000000000
140048  -35.098  -36.787  51.540 0.0000000000
140049  -35.819  -36.365  51.327 0.0000000000
140050  -35.173  -36.572  51.065 0.0000000000
140051  -34.502  -36.790  50.757 0.0000000000
140052  -33.952  -36.794  50.053 0.0000000000
140053  -33.357  -36.867  49.316 0.0000000000
140054  -32.799  -37.000  48.613 0.0000000000
140056  -35.396  -35.626  49.157 0.0000000000
140057  -34.771  -35.817  48.942 0.0000000000
140058  -34.187  -35.660  47.755 0.0000000000
140059  -34.148  -35.833  48.256 0.0000000000
140060  -34.122  -36.026  48.700 0.0000000000
140061  -33.478  -36.342  48.454 0.0000000000
140062  -32.866  -36.750  48.198 0.0000000000
140063  -32.251  -37.244  47.879 0.0000000000
140064  -31.824  -37.582  47.237 0.0000000000
140065  -31.461  -37.928  46.634 0.0000000000
140066  -31.156  -38.322  46.093 0.0000000000
140067  -31.427  -37.378  45.676 0.0000000000
140068  -31.136  -38.076  45.588 0.0000000000
140069  -30.959  -38.743  45.563 0.0000000000
140070  -30.848  -39.193  45.083 0.0000000000
140071  -30.839  -39.606  44.631 0.0000000000
140072  -30.898  -40.014  44.211 0.0000000000
140073  -30.993  -40.329  43.895 0.0000000000
140074  -30.834  -39.743  43.749 0.0000000000
140075  -30.774  -39.424  43.315 0.0000000000
140076  -30.758  -39.098  42.888 0.0000000000
140077  -30.782  -38.095  43.207 0.0000000000
140078  -30.719  -38.444  42.828 0.0000000000
140079  -30.753  -38.756  42.455 0.0000000000
140080  -30.788  -38.533  42.035 0.0000000000
140081  -30.868  -38.305  41.611 0.0000000000
140082  -30.957  -37.988  41.151 0.0000000000
140083  -32.121  -35.793  43.498 0.0000000000
140084  -31.776  -36.034  42.940 0.0000000000
140085  -31.491  -36.344  42.427 0.0000000000
140086  -32.054  -35.523  42.148 0.0000000000
140087  -31.621  -36.090  42.036 0.0000000000
140088  -31.259  -36.672  41.958 0.0000000000
140089  -31.109  -36.993  41.525 0.0000000000
140090  -31.063  -37.342  41.099 0.0000000000
140091  -31.070  -37.687  40.708 0.0000000000
140092  -31.189  -37.425  40.280 0.0000000000
140093  -31.350  -37.202  39.873 0.0000000000
140094  -31.525  -36.889  39.461 0.0000000000
140095  -31.730  -35.954  39.859 0.0000000000
140096  -31.700  -36.266  39.434 0.0000000000
140097  -31.718  -36.642  39.070 0.0000000000
140098  -31.971  -36.427  38.703 0.0000000000
140099  -32.303  -36.211  38.344 0.0000000000
140100  -32.632  -36.008  38.042 0.0000000000
140101  -37.130  -33.361  45.535 0.0000000000
140102  -36.564  -33.346  44.882 0.0000000000
140103  -36.014  -33.329  44.242 0.0000000000
140104  -36.733  -32.691  44.380 0.0000000000
140105  -36.150  -33.012  44.000 0.0000000000
140106  -35.496  -33.334  43.637 0.0000000000
140107  -34.999  -33.365  43.035 0.0000000000
140108  -34.519  -33.408  42.399 0.0000000000
140109  -34.059  -33.492  41.721 0.0000000000
140110  -37.359  -31.484  43.295 0.0000000000
140111  -36.660  -31.759  42.909 0.0000000000
140112  -36.088  -32.095  42.577 0.0000000000
140113  -35.819  -31.850  41.553 0.0000000000
140114  -35.647  -32.131  41.868 0.0000000000
140115  -35.422  -32.440  42.116 0.0000000000
140116  -34.855  -32.797  41.765 0.0000000000
140117  -34.283  -33.192  41.457 0.0000000000
140118  -33.744  -33.613  41.147 0.0000000000
140119  -33.439  -33.802  40.560 0.0000000000
140120  -33.155  -34.035  39.982 0.0000000000
140121  -32.978  -34.350  39.448 0.0000000000
140122  -33.653  -33.576  39.340 0.0000000000
140123  -33.236  -34.091  39.147 0.0000000000
140124  -32.877  -34.678  38.959 0.0000000000
140125  -32.833  -35.012  38.496 0.0000000000
140126  -32.848  -35.376  38.094 0.0000000000
140127  -32.964  -35.784  37.753 0.0000000000
140128  -33.297  -35.615  37.465 0.0000000000
140129  -33.693  -35.455  37.158 0.0000000000
140130  -34.087  -35.299  36.959 0.0000000000
140131  -34.141  -34.222  37.335 0.0000000000
140132  -34.262  -34.653  37.012 0.0000000000
140137  -35.427  -31.884  38.078 0.0000000000
140138  -35.331  -32.212  37.495 0.0000000000
151048  -35.404  -35.047  57.748 0.0000000000
151049  -34.979  -35.039  57.928 0.0000000000
151050  -34.428  -35.100  58.047 0.0000000000
151051  -34.000  -35.543  56.772 0.0000000000
151052  -33.952  -35.313  57.403 0.0000000000
151053  -33.922  -35.142  58.135 0.0000000000
151054  -33.484  -35.189  58.228 0.0000000000
151055  -32.984  -35.314  58.304 0.0000000000
151056  -32.440  -35.347  58.204 0.0000000000
151057  -31.988  -35.399  57.395 0.0000000000
151058  -31.568  -35.463  56.648 0.0000000000
151059  -31.110  -35.541  55.849 0.0000000000
151060  -31.686  -35.714  55.306 0.0000000000
151061  -31.114  -35.664  55.168 0.0000000000
151062  -30.566  -35.714  54.982 0.0000000000
151063  -30.062  -35.964  54.157 0.0000000000
151064  -29.611  -36.272  53.413 0.0000000000
151065  -29.194  -36.707  52.718 0.0000000000
151066  -34.940  -36.885  53.530 0.0000000000
151067  -34.607  -36.969  53.707 0.0000000000
151068  -34.250  -37.087  53.809 0.0000000000
151069  -33.526  -37.652  52.918 0.0000000000
151070  -33.701  -37.406  53.409 0.0000000000
151071  -33.797  -37.191  53.861 0.0000000000
151072  -33.397  -37.229  53.786 0.0000000000
151073  -33.012  -37.171  53.835 0.0000000000
151074  -32.516  -37.123  53.682 0.0000000000
151075  -32.064  -39.419  51.778 0.0000000000
151076  -31.996  -38.954  52.007 0.0000000000
151077  -31.954  -38.546  52.232 0.0000000000
151078  -31.393  -39.285  52.013 0.0000000000
151079  -31.622  -38.624  52.215 0.0000000000
151080  -31.962  -38.209  52.517 0.0000000000
151081  -31.975  -37.845  52.813 0.0000000000
151082  -32.041  -37.425  53.172 0.0000000000
151083  -32.126  -37.028  53.568 0.0000000000
151084  -31.676  -36.975  53.312 0.0000000000
151085  -31.195  -36.930  53.007 0.0000000000
151086  -30.733  -36.894  52.862 0.0000000000
151087  -30.342  -37.952  51.922 0.0000000000
151088  -30.318  -37.419  52.211 0.0000000000
151089  -30.312  -36.876  52.642 0.0000000000
151090  -29.761  -37.034  52.404 0.0000000000
151091  -29.237  -37.128  52.205 0.0000000000
151092  -28.762  -37.274  52.069 0.0000000000
151093  -28.399  -37.858  51.596 0.0000000000
151094  -28.067  -38.661  51.256 0.0000000000
151095  -27.914  -39.464  51.130 0.0000000000
151096  -28.624  -39.832  51.042 0.0000000000
151097  -28.218  -40.045  51.122 0.0000000000
151098  -27.808  -40.255  51.166 0.0000000000
151099  -27.837  -41.041  51.398 0.0000000000
151100  -27.928  -41.787  51.788 0.0000000000
151101  -28.140  -42.535  52.311 0.0000000000
151102  -30.321  -42.025  51.919 0.0000000000
151103  -30.080  -42.161  51.974 0.0000000000
151104  -29.741  -42.369  52.066 0.0000000000
151105  -30.753  -43.287  53.005 0.0000000000
151106  -30.113  -42.990  52.622 0.0000000000
151107  -29.439  -42.596  52.209 0.0000000000
151108  -29.106  -42.826  52.436 0.0000000000
151109  -28.805  -43.010  52.644 0.0000000000
151291  -31.307  -39.304  40.671 0.0000000000
151309  -33.045  -37.465  37.568 0.0000000000
151310  -33.086  -38.042  37.728 0.0000000000
151311  -33.173  -38.636  37.915 0.0000000000
