#!ascii label  , from subject fsaverage vox2ras=TkReg
377
34  -13.421  -91.224  3.756 0.0000000000
576  -5.624  -97.846  9.751 0.0000000000
1275  -8.119  -101.514  6.972 0.0000000000
1990  -14.952  -93.955  1.198 0.0000000000
2364  -8.680  -94.938  7.513 0.0000000000
2365  -9.030  -98.986  4.799 0.0000000000
2746  -13.037  -89.851  4.799 0.0000000000
2747  -13.461  -88.378  2.437 0.0000000000
2748  -13.507  -89.792  0.980 0.0000000000
5264  -6.470  -96.409  8.294 0.0000000000
5265  -8.719  -97.119  6.427 0.0000000000
5266  -6.688  -98.652  7.332 0.0000000000
5268  -8.739  -101.654  3.723 0.0000000000
6902  -7.100  -97.598  10.438 0.0000000000
6903  -6.767  -99.609  8.502 0.0000000000
6904  -8.738  -99.617  8.864 0.0000000000
8554  -13.932  -92.671  2.382 0.0000000000
8555  -14.141  -91.364  -0.930 0.0000000000
9648  -11.547  -93.227  6.204 0.0000000000
9649  -11.772  -95.176  4.988 0.0000000000
9650  -12.200  -96.948  3.817 0.0000000000
9651  -12.267  -98.143  1.841 0.0000000000
9652  -7.422  -100.386  5.835 0.0000000000
9653  -9.417  -100.089  2.571 0.0000000000
10426  -13.256  -90.593  4.229 0.0000000000
10427  -13.522  -89.831  3.034 0.0000000000
10428  -13.703  -90.500  2.370 0.0000000000
12940  -5.305  -96.678  11.260 0.0000000000
12944  -5.702  -97.272  8.846 0.0000000000
12945  -6.492  -97.683  7.775 0.0000000000
12946  -6.005  -98.386  8.410 0.0000000000
13999  -12.822  -88.695  0.522 0.0000000000
15344  -8.382  -97.111  9.941 0.0000000000
15345  -7.842  -98.463  9.382 0.0000000000
15346  -9.174  -98.307  9.159 0.0000000000
18856  -14.389  -93.409  1.756 0.0000000000
21554  -10.139  -94.151  7.001 0.0000000000
21555  -11.673  -94.237  5.614 0.0000000000
21556  -10.244  -95.344  6.400 0.0000000000
21557  -8.844  -98.167  5.744 0.0000000000
21558  -10.422  -97.298  5.113 0.0000000000
21559  -10.528  -98.188  4.419 0.0000000000
21560  -12.293  -97.627  2.880 0.0000000000
21561  -10.579  -98.771  3.385 0.0000000000
21562  -7.508  -100.548  7.755 0.0000000000
21563  -6.925  -100.134  7.326 0.0000000000
21564  -7.582  -101.124  6.421 0.0000000000
21565  -9.511  -101.433  1.989 0.0000000000
21566  -8.687  -100.922  3.007 0.0000000000
21567  -9.903  -100.745  1.238 0.0000000000
21568  -10.888  -99.769  0.810 0.0000000000
22705  -13.090  -91.193  -1.994 0.0000000000
23374  -12.906  -89.075  5.354 0.0000000000
23376  -13.473  -89.132  3.649 0.0000000000
23377  -13.472  -89.130  1.663 0.0000000000
23378  -12.783  -89.381  -0.287 0.0000000000
27908  -7.497  -95.625  7.913 0.0000000000
27909  -8.830  -96.026  7.039 0.0000000000
27910  -7.521  -96.870  7.439 0.0000000000
27911  -7.450  -97.899  6.881 0.0000000000
27912  -7.604  -98.833  6.234 0.0000000000
27913  -9.070  -101.997  6.188 0.0000000000
27914  -8.321  -101.811  5.465 0.0000000000
27915  -9.258  -102.131  4.526 0.0000000000
31465  -6.217  -96.514  11.615 0.0000000000
31466  -6.136  -97.948  10.492 0.0000000000
31467  -6.154  -98.838  9.361 0.0000000000
31468  -6.813  -98.765  9.665 0.0000000000
31469  -7.643  -99.688  8.734 0.0000000000
31470  -8.370  -100.767  8.182 0.0000000000
31472  -9.387  -100.696  8.753 0.0000000000
31473  -9.089  -101.491  7.730 0.0000000000
35926  -13.612  -91.936  3.155 0.0000000000
35927  -13.993  -91.264  1.460 0.0000000000
35928  -14.432  -91.844  0.628 0.0000000000
39098  -12.114  -90.376  5.892 0.0000000000
39099  -12.377  -91.238  5.494 0.0000000000
39180  -12.696  -92.177  5.091 0.0000000000
39181  -12.816  -93.064  4.596 0.0000000000
39182  -12.990  -93.884  3.817 0.0000000000
39183  -13.311  -94.624  3.285 0.0000000000
39184  -10.312  -96.242  5.819 0.0000000000
39185  -11.954  -96.000  4.360 0.0000000000
39186  -13.696  -95.443  2.692 0.0000000000
39187  -13.871  -96.224  2.049 0.0000000000
39188  -13.929  -96.914  1.149 0.0000000000
39190  -6.417  -99.279  8.077 0.0000000000
39191  -6.986  -99.510  6.739 0.0000000000
39192  -7.875  -99.648  5.254 0.0000000000
39193  -8.032  -101.219  4.714 0.0000000000
39194  -8.219  -100.445  4.168 0.0000000000
39195  -9.167  -99.585  3.827 0.0000000000
39196  -10.650  -99.240  2.208 0.0000000000
39197  -12.312  -98.742  0.628 0.0000000000
40558  -13.759  -90.587  0.118 0.0000000000
40559  -12.786  -90.321  -1.188 0.0000000000
40560  -11.385  -90.253  -2.029 0.0000000000
41146  -13.340  -90.894  3.998 0.0000000000
41147  -13.544  -90.535  3.317 0.0000000000
41148  -13.636  -90.836  3.046 0.0000000000
43660  -5.436  -97.267  10.534 0.0000000000
43662  -5.314  -97.065  10.053 0.0000000000
43663  -5.336  -96.766  9.524 0.0000000000
43664  -5.594  -97.607  9.255 0.0000000000
43665  -5.851  -97.891  8.591 0.0000000000
43666  -5.818  -98.198  9.064 0.0000000000
44719  -12.267  -88.989  -0.354 0.0000000000
46065  -8.813  -97.670  9.422 0.0000000000
49576  -14.701  -93.665  1.476 0.0000000000
52274  -9.395  -94.578  7.246 0.0000000000
52275  -10.213  -94.781  6.738 0.0000000000
52276  -9.487  -95.169  7.003 0.0000000000
52277  -8.928  -98.609  5.303 0.0000000000
52278  -9.685  -98.235  5.046 0.0000000000
52279  -9.773  -98.635  4.623 0.0000000000
52280  -10.571  -98.507  3.932 0.0000000000
52281  -9.788  -98.982  4.185 0.0000000000
52282  -7.841  -101.045  7.355 0.0000000000
52283  -7.519  -100.869  7.126 0.0000000000
52284  -7.827  -101.319  6.670 0.0000000000
52286  -9.594  -101.087  1.616 0.0000000000
54316  -12.975  -89.426  5.102 0.0000000000
54317  -13.239  -89.108  4.534 0.0000000000
54318  -13.316  -89.483  4.221 0.0000000000
54319  -13.579  -89.802  2.103 0.0000000000
54320  -13.555  -89.483  2.294 0.0000000000
54321  -13.487  -89.464  1.320 0.0000000000
54322  -13.207  -89.218  0.687 0.0000000000
54323  -13.182  -89.546  0.280 0.0000000000
61874  -6.997  -96.023  8.079 0.0000000000
61875  -7.619  -96.278  7.712 0.0000000000
61876  -7.018  -96.675  7.864 0.0000000000
61877  -6.569  -98.183  7.540 0.0000000000
61878  -6.949  -97.790  7.341 0.0000000000
61879  -7.039  -98.292  7.087 0.0000000000
61880  -7.545  -98.406  6.591 0.0000000000
61881  -7.134  -98.762  6.769 0.0000000000
61882  -9.565  -102.077  5.750 0.0000000000
61883  -9.142  -102.125  5.358 0.0000000000
61884  -9.619  -102.132  4.880 0.0000000000
69070  -7.268  -96.856  10.925 0.0000000000
69071  -6.774  -96.248  11.567 0.0000000000
69072  -6.677  -97.071  11.073 0.0000000000
69073  -6.206  -97.258  11.135 0.0000000000
69074  -6.571  -97.773  10.604 0.0000000000
69075  -6.463  -98.374  10.115 0.0000000000
69076  -6.936  -98.236  10.081 0.0000000000
69077  -8.319  -99.045  9.021 0.0000000000
69078  -7.701  -99.086  9.116 0.0000000000
69079  -8.163  -99.681  8.703 0.0000000000
69080  -8.024  -100.243  8.396 0.0000000000
69081  -8.542  -100.270  8.574 0.0000000000
69088  -9.222  -101.112  8.302 0.0000000000
69089  -9.582  -101.357  8.064 0.0000000000
69090  -9.558  -101.658  7.351 0.0000000000
79606  -13.747  -92.334  2.744 0.0000000000
79607  -14.031  -91.903  1.895 0.0000000000
79608  -14.237  -92.247  1.504 0.0000000000
87500  -12.255  -90.835  5.681 0.0000000000
87501  -11.632  -91.158  6.242 0.0000000000
87702  -11.383  -92.650  6.349 0.0000000000
87703  -12.038  -92.139  5.904 0.0000000000
87704  -12.216  -92.690  5.737 0.0000000000
87705  -12.789  -92.608  4.897 0.0000000000
87706  -12.265  -93.167  5.523 0.0000000000
87707  -11.716  -94.767  5.278 0.0000000000
87708  -12.330  -94.176  4.796 0.0000000000
87709  -12.422  -94.603  4.471 0.0000000000
87710  -13.134  -94.245  3.547 0.0000000000
87711  -12.536  -94.908  4.234 0.0000000000
87712  -8.779  -96.562  6.738 0.0000000000
87713  -9.549  -96.135  6.447 0.0000000000
87714  -9.499  -96.681  6.160 0.0000000000
87715  -11.299  -97.168  4.481 0.0000000000
87716  -11.225  -96.664  4.784 0.0000000000
87717  -12.115  -96.482  4.092 0.0000000000
87718  -12.811  -95.753  3.579 0.0000000000
87719  -12.972  -96.181  3.333 0.0000000000
87720  -13.838  -95.834  2.424 0.0000000000
87721  -13.079  -96.608  3.068 0.0000000000
87722  -12.267  -97.897  2.385 0.0000000000
87723  -13.085  -97.297  2.113 0.0000000000
87724  -13.116  -97.551  1.561 0.0000000000
87725  -13.992  -97.190  0.576 0.0000000000
87726  -13.141  -97.833  0.996 0.0000000000
87727  -6.445  -99.197  8.975 0.0000000000
87728  -6.257  -99.068  8.672 0.0000000000
87729  -6.524  -99.478  8.332 0.0000000000
87730  -7.129  -100.305  6.657 0.0000000000
87731  -6.846  -99.853  7.186 0.0000000000
87732  -7.184  -99.942  6.354 0.0000000000
87733  -7.398  -99.577  5.986 0.0000000000
87734  -7.560  -100.009  5.572 0.0000000000
87735  -8.511  -101.793  4.579 0.0000000000
87736  -8.139  -101.530  5.079 0.0000000000
87737  -8.353  -101.469  4.198 0.0000000000
87738  -8.990  -100.530  2.746 0.0000000000
87739  -8.440  -100.697  3.569 0.0000000000
87740  -8.783  -100.267  3.406 0.0000000000
87741  -8.618  -99.981  4.035 0.0000000000
87742  -9.234  -99.820  3.300 0.0000000000
87743  -9.876  -99.434  2.996 0.0000000000
87744  -9.977  -99.673  2.363 0.0000000000
87746  -11.528  -99.276  0.727 0.0000000000
91149  -14.167  -91.301  0.247 0.0000000000
91150  -13.939  -90.896  0.756 0.0000000000
91151  -13.929  -90.984  -0.372 0.0000000000
91152  -12.339  -91.236  -2.540 0.0000000000
91153  -12.919  -90.776  -1.578 0.0000000000
91154  -12.217  -90.731  -2.081 0.0000000000
91155  -12.086  -90.258  -1.730 0.0000000000
92494  -13.126  -90.242  4.510 0.0000000000
92495  -13.365  -89.852  3.935 0.0000000000
92496  -13.427  -90.203  3.654 0.0000000000
92497  -13.592  -90.166  2.701 0.0000000000
92498  -13.639  -90.149  1.680 0.0000000000
97027  -5.554  -96.357  9.145 0.0000000000
97028  -5.990  -96.824  8.535 0.0000000000
97029  -6.459  -97.116  8.041 0.0000000000
97030  -6.044  -97.528  8.260 0.0000000000
97031  -6.101  -98.088  7.925 0.0000000000
97032  -6.260  -98.519  7.842 0.0000000000
98925  -13.227  -88.499  1.445 0.0000000000
101347  -7.919  -96.556  10.676 0.0000000000
101348  -7.699  -97.328  10.202 0.0000000000
101349  -7.472  -97.995  9.887 0.0000000000
101350  -8.104  -97.815  9.654 0.0000000000
101351  -8.527  -98.377  9.236 0.0000000000
101352  -8.949  -98.988  8.988 0.0000000000
107668  -14.133  -93.062  2.053 0.0000000000
107669  -14.477  -92.618  1.165 0.0000000000
112526  -10.856  -93.708  6.625 0.0000000000
112527  -11.618  -93.720  5.974 0.0000000000
112528  -10.953  -94.238  6.348 0.0000000000
112529  -10.994  -94.801  6.034 0.0000000000
112530  -11.022  -95.322  5.715 0.0000000000
112531  -8.733  -97.667  6.099 0.0000000000
112532  -9.530  -97.259  5.823 0.0000000000
112533  -9.590  -97.781  5.452 0.0000000000
112534  -10.440  -97.792  4.817 0.0000000000
112535  -11.353  -97.606  4.134 0.0000000000
112536  -12.280  -97.315  3.363 0.0000000000
112537  -11.438  -97.957  3.676 0.0000000000
112538  -11.409  -98.242  3.159 0.0000000000
112539  -11.395  -98.493  2.600 0.0000000000
112540  -7.142  -100.064  8.135 0.0000000000
112541  -6.812  -99.893  7.927 0.0000000000
112542  -7.170  -100.352  7.543 0.0000000000
112543  -7.247  -100.616  6.879 0.0000000000
112544  -7.457  -100.770  6.043 0.0000000000
112545  -9.057  -101.515  2.813 0.0000000000
112546  -8.576  -101.319  3.334 0.0000000000
112547  -9.047  -101.163  2.484 0.0000000000
112548  -9.223  -100.798  2.147 0.0000000000
112549  -9.646  -100.416  1.890 0.0000000000
112550  -10.138  -99.931  1.654 0.0000000000
112551  -10.360  -100.267  0.972 0.0000000000
114595  -13.689  -91.232  -1.423 0.0000000000
115981  -13.369  -88.766  4.013 0.0000000000
115982  -13.529  -88.768  3.092 0.0000000000
115983  -13.499  -89.497  3.269 0.0000000000
115984  -13.554  -89.134  2.685 0.0000000000
115985  -13.460  -88.763  2.030 0.0000000000
115986  -13.182  -88.869  1.063 0.0000000000
115987  -12.787  -89.042  0.125 0.0000000000
115988  -12.241  -89.342  -0.732 0.0000000000
126560  -7.986  -95.264  7.778 0.0000000000
126561  -8.784  -95.530  7.303 0.0000000000
126562  -8.105  -95.859  7.576 0.0000000000
126563  -8.137  -96.451  7.297 0.0000000000
126564  -8.022  -96.968  6.962 0.0000000000
126565  -6.949  -97.297  7.602 0.0000000000
126566  -7.445  -97.400  7.159 0.0000000000
126567  -7.977  -97.511  6.662 0.0000000000
126568  -8.069  -98.030  6.362 0.0000000000
126569  -8.165  -98.514  5.986 0.0000000000
126570  -8.257  -98.947  5.518 0.0000000000
126571  -8.573  -101.809  6.587 0.0000000000
126572  -8.181  -101.704  6.219 0.0000000000
126573  -8.638  -101.991  5.790 0.0000000000
126574  -8.769  -102.025  4.991 0.0000000000
126575  -8.944  -101.924  4.138 0.0000000000
126577  -9.467  -102.058  3.697 0.0000000000
126578  -9.204  -101.814  3.285 0.0000000000
126579  -9.608  -101.753  2.408 0.0000000000
135876  -5.752  -96.663  11.498 0.0000000000
135877  -5.744  -97.349  10.874 0.0000000000
135878  -5.813  -97.977  10.178 0.0000000000
135879  -5.878  -98.389  9.584 0.0000000000
135880  -6.110  -98.479  9.967 0.0000000000
135881  -6.410  -98.832  9.597 0.0000000000
135882  -6.779  -99.234  9.163 0.0000000000
135883  -7.294  -98.624  9.587 0.0000000000
135884  -7.216  -99.164  9.193 0.0000000000
135885  -7.194  -99.695  8.719 0.0000000000
135886  -7.589  -100.192  8.307 0.0000000000
135887  -7.894  -100.689  7.963 0.0000000000
135888  -8.206  -101.178  7.669 0.0000000000
135891  -9.353  -99.590  8.965 0.0000000000
135894  -9.098  -100.171  8.816 0.0000000000
135895  -8.891  -100.744  8.460 0.0000000000
135896  -8.726  -101.216  8.003 0.0000000000
135897  -8.583  -101.553  7.369 0.0000000000
135898  -9.035  -101.790  7.016 0.0000000000
135899  -9.539  -101.945  6.590 0.0000000000
148762  -13.520  -91.598  3.469 0.0000000000
148763  -13.773  -91.250  2.653 0.0000000000
148764  -13.873  -91.592  2.280 0.0000000000
148765  -14.176  -91.581  1.039 0.0000000000
148766  -14.457  -91.551  -0.205 0.0000000000
148767  -14.626  -92.219  0.250 0.0000000000
158247  -12.530  -89.661  5.629 0.0000000000
158249  -11.991  -89.896  6.107 0.0000000000
158250  -12.643  -90.099  5.347 0.0000000000
158251  -12.751  -90.525  5.106 0.0000000000
158252  -12.878  -90.917  4.861 0.0000000000
158253  -12.960  -91.224  4.673 0.0000000000
158494  -11.781  -91.674  6.062 0.0000000000
158495  -12.529  -91.686  5.290 0.0000000000
158496  -13.097  -91.690  4.413 0.0000000000
158497  -13.196  -92.072  4.191 0.0000000000
158498  -13.271  -92.488  3.883 0.0000000000
158499  -13.368  -92.896  3.501 0.0000000000
158500  -12.290  -93.676  5.178 0.0000000000
158501  -12.880  -93.515  4.173 0.0000000000
158502  -13.502  -93.270  3.118 0.0000000000
158503  -13.662  -93.624  2.789 0.0000000000
158504  -13.893  -93.961  2.558 0.0000000000
158505  -14.150  -94.313  2.247 0.0000000000
158506  -9.542  -95.693  6.719 0.0000000000
158507  -10.313  -95.804  6.097 0.0000000000
158508  -11.081  -95.723  5.412 0.0000000000
158509  -10.326  -96.735  5.499 0.0000000000
158510  -11.103  -96.151  5.105 0.0000000000
158511  -11.860  -95.561  4.668 0.0000000000
158512  -12.670  -95.325  3.882 0.0000000000
158513  -13.529  -95.030  2.937 0.0000000000
158514  -14.362  -94.691  1.957 0.0000000000
158515  -14.513  -95.078  1.682 0.0000000000
158516  -14.629  -95.442  1.336 0.0000000000
158517  -14.643  -95.803  0.959 0.0000000000
158518  -13.066  -97.002  2.599 0.0000000000
158519  -13.880  -96.594  1.623 0.0000000000
158520  -14.706  -96.197  0.551 0.0000000000
158524  -5.996  -98.639  8.899 0.0000000000
158525  -6.180  -98.823  8.261 0.0000000000
158526  -6.426  -98.963  7.684 0.0000000000
158527  -6.637  -99.694  7.742 0.0000000000
158528  -6.619  -99.408  7.478 0.0000000000
158529  -6.815  -99.111  7.035 0.0000000000
158530  -7.245  -99.190  6.393 0.0000000000
158531  -7.728  -99.243  5.739 0.0000000000
158532  -8.426  -99.314  4.961 0.0000000000
158533  -7.917  -101.489  5.927 0.0000000000
158534  -7.793  -101.186  5.545 0.0000000000
158535  -7.711  -100.823  5.204 0.0000000000
158536  -8.286  -101.132  3.840 0.0000000000
158537  -8.005  -100.814  4.407 0.0000000000
158538  -7.760  -100.424  5.000 0.0000000000
158539  -8.036  -100.049  4.760 0.0000000000
158540  -8.511  -99.668  4.551 0.0000000000
158541  -9.119  -99.304  4.294 0.0000000000
158542  -9.824  -99.194  3.580 0.0000000000
158543  -10.598  -99.000  2.783 0.0000000000
158544  -11.424  -98.741  2.014 0.0000000000
158545  -10.750  -99.475  1.521 0.0000000000
158546  -11.470  -99.001  1.398 0.0000000000
158547  -12.279  -98.432  1.254 0.0000000000
158548  -13.171  -98.155  0.409 0.0000000000
162628  -13.849  -90.880  1.955 0.0000000000
162629  -13.822  -90.557  1.334 0.0000000000
162630  -13.596  -90.201  0.575 0.0000000000
162631  -13.484  -90.848  -0.979 0.0000000000
162632  -13.329  -90.426  -0.538 0.0000000000
162633  -13.209  -90.005  -0.127 0.0000000000
162634  -12.739  -89.826  -0.765 0.0000000000
162635  -12.202  -89.748  -1.184 0.0000000000
