#!ascii label  , from subject fsaverage vox2ras=TkReg
498
487  -8.702  -37.725  56.086 0.0000000000
489  -4.708  -41.220  63.973 0.0000000000
787  -17.437  -41.036  52.527 0.0000000000
788  -18.367  -41.040  47.674 0.0000000000
1073  -10.669  -40.896  63.904 0.0000000000
2107  -15.419  -39.786  56.193 0.0000000000
2113  -4.588  -34.646  62.139 0.0000000000
2114  -5.823  -39.589  59.454 0.0000000000
2115  -13.239  -39.877  60.141 0.0000000000
4635  -13.978  -38.352  54.626 0.0000000000
4636  -12.324  -38.551  56.167 0.0000000000
4648  -4.113  -41.665  66.645 0.0000000000
4650  -3.471  -38.431  65.038 0.0000000000
4652  -4.297  -38.147  62.787 0.0000000000
4653  -5.029  -37.712  60.619 0.0000000000
4654  -5.187  -40.427  61.588 0.0000000000
4656  -11.942  -40.301  62.015 0.0000000000
6025  -16.756  -38.829  51.141 0.0000000000
6026  -17.676  -38.744  48.882 0.0000000000
6027  -17.960  -41.137  50.169 0.0000000000
6536  -6.476  -42.397  66.294 0.0000000000
6537  -7.025  -41.632  63.756 0.0000000000
6538  -9.562  -41.638  65.985 0.0000000000
6539  -13.343  -40.770  65.855 0.0000000000
8885  -15.501  -38.474  52.950 0.0000000000
8886  -16.573  -40.355  54.447 0.0000000000
8907  -5.366  -37.078  58.357 0.0000000000
8908  -6.937  -38.749  57.552 0.0000000000
8909  -7.982  -40.799  61.588 0.0000000000
8910  -9.204  -39.935  59.708 0.0000000000
8911  -10.625  -39.153  57.935 0.0000000000
8912  -14.350  -39.679  58.174 0.0000000000
12315  -11.498  -37.843  55.496 0.0000000000
12316  -10.492  -38.077  56.168 0.0000000000
12328  -4.367  -41.484  65.301 0.0000000000
12329  -3.625  -40.223  65.742 0.0000000000
12330  -3.937  -40.030  64.468 0.0000000000
12331  -3.884  -38.305  63.906 0.0000000000
12332  -4.310  -39.828  63.225 0.0000000000
12333  -4.625  -39.536  62.116 0.0000000000
12334  -4.917  -40.830  62.775 0.0000000000
13882  -17.139  -39.937  51.843 0.0000000000
13883  -17.497  -39.982  50.714 0.0000000000
13884  -17.722  -41.111  51.362 0.0000000000
14731  -6.228  -42.676  67.669 0.0000000000
14732  -7.550  -42.519  67.365 0.0000000000
14733  -7.929  -42.108  66.198 0.0000000000
14734  -9.114  -41.970  67.145 0.0000000000
14736  -12.770  -40.740  66.867 0.0000000000
17175  -18.182  -39.929  48.283 0.0000000000
19660  -14.954  -37.514  52.322 0.0000000000
19661  -14.174  -37.463  53.183 0.0000000000
19662  -14.648  -39.076  55.365 0.0000000000
19663  -15.408  -39.200  54.543 0.0000000000
19664  -16.000  -40.050  55.329 0.0000000000
19715  -5.118  -38.811  59.901 0.0000000000
19716  -5.270  -37.383  59.480 0.0000000000
19717  -5.288  -38.434  58.768 0.0000000000
19718  -5.582  -38.113  57.708 0.0000000000
19719  -6.264  -39.155  58.424 0.0000000000
19720  -8.728  -41.319  63.874 0.0000000000
19721  -7.451  -41.212  62.589 0.0000000000
19722  -9.286  -40.925  62.800 0.0000000000
19723  -12.608  -40.063  61.059 0.0000000000
19724  -10.556  -40.221  60.818 0.0000000000
19725  -11.206  -39.889  59.904 0.0000000000
19726  -9.894  -39.540  58.804 0.0000000000
19727  -11.913  -39.606  58.969 0.0000000000
19728  -12.559  -39.360  58.060 0.0000000000
23305  -17.615  -42.128  53.131 0.0000000000
23306  -17.829  -42.263  51.945 0.0000000000
26773  -13.343  -37.490  53.995 0.0000000000
26774  -12.412  -37.591  54.761 0.0000000000
26775  -13.106  -38.387  55.404 0.0000000000
26776  -14.000  -39.091  56.211 0.0000000000
26803  -3.858  -36.389  63.451 0.0000000000
26804  -4.387  -36.370  62.397 0.0000000000
26805  -4.927  -36.209  61.420 0.0000000000
26806  -4.699  -37.917  61.706 0.0000000000
26807  -4.864  -39.198  60.979 0.0000000000
26808  -5.443  -40.016  60.510 0.0000000000
26809  -12.542  -40.561  63.907 0.0000000000
26810  -11.339  -40.554  62.943 0.0000000000
29419  -16.400  -37.759  50.528 0.0000000000
29421  -17.230  -38.801  50.057 0.0000000000
29422  -17.861  -39.984  49.490 0.0000000000
29423  -18.203  -41.184  48.896 0.0000000000
29424  -17.974  -42.356  50.737 0.0000000000
29425  -18.097  -42.402  49.524 0.0000000000
30586  -6.887  -37.319  55.928 0.0000000000
30607  -5.104  -42.353  66.410 0.0000000000
30608  -5.394  -42.029  65.025 0.0000000000
30609  -5.690  -41.644  63.773 0.0000000000
30610  -6.685  -42.072  64.964 0.0000000000
30611  -8.241  -41.741  65.015 0.0000000000
30612  -10.064  -41.232  64.932 0.0000000000
30613  -10.851  -41.209  66.976 0.0000000000
30614  -11.371  -41.001  65.936 0.0000000000
30615  -11.952  -40.756  64.906 0.0000000000
36899  -15.694  -37.657  51.466 0.0000000000
36900  -16.157  -38.685  52.111 0.0000000000
36901  -16.629  -39.678  52.768 0.0000000000
36902  -14.783  -38.375  53.766 0.0000000000
36903  -16.022  -39.395  53.702 0.0000000000
36904  -17.045  -40.693  53.489 0.0000000000
36905  -17.306  -41.766  54.153 0.0000000000
36965  -5.434  -36.087  60.402 0.0000000000
36966  -5.702  -35.919  59.238 0.0000000000
36967  -5.724  -35.665  58.023 0.0000000000
36968  -5.413  -36.766  57.257 0.0000000000
36969  -6.131  -37.721  56.771 0.0000000000
36970  -7.754  -38.285  56.817 0.0000000000
36971  -5.979  -41.226  62.556 0.0000000000
36972  -6.306  -40.858  61.472 0.0000000000
36973  -6.754  -40.390  60.418 0.0000000000
36974  -9.965  -40.548  61.804 0.0000000000
36975  -8.510  -40.389  60.649 0.0000000000
36976  -7.254  -39.934  59.452 0.0000000000
36977  -7.965  -39.491  58.567 0.0000000000
36978  -8.727  -39.040  57.731 0.0000000000
36979  -9.569  -38.562  56.970 0.0000000000
36980  -11.446  -38.831  57.049 0.0000000000
36981  -13.250  -39.160  57.132 0.0000000000
36982  -14.908  -39.690  57.216 0.0000000000
43034  -9.263  -37.532  55.834 0.0000000000
43035  -10.110  -37.726  55.871 0.0000000000
43036  -9.602  -37.895  56.216 0.0000000000
43048  -4.515  -41.344  64.655 0.0000000000
43049  -4.148  -40.855  64.813 0.0000000000
43050  -4.294  -40.709  64.213 0.0000000000
43051  -4.125  -39.941  63.859 0.0000000000
43052  -4.434  -40.605  63.573 0.0000000000
43053  -4.589  -40.420  62.968 0.0000000000
43054  -4.823  -41.003  63.359 0.0000000000
44602  -17.303  -40.504  52.177 0.0000000000
44603  -17.459  -40.496  51.606 0.0000000000
44604  -17.599  -41.074  51.934 0.0000000000
45451  -7.480  -42.573  68.087 0.0000000000
45452  -8.147  -42.381  67.915 0.0000000000
45453  -8.310  -42.295  67.309 0.0000000000
45454  -8.898  -42.102  67.730 0.0000000000
47895  -18.322  -40.491  47.992 0.0000000000
47896  -18.327  -39.862  47.629 0.0000000000
47897  -18.410  -40.424  47.322 0.0000000000
50380  -13.902  -36.942  52.918 0.0000000000
50381  -13.483  -36.963  53.326 0.0000000000
50382  -15.038  -39.419  55.743 0.0000000000
50383  -15.352  -39.485  55.332 0.0000000000
50384  -15.718  -39.908  55.753 0.0000000000
50385  -16.281  -40.487  55.718 0.0000000000
50386  -16.037  -40.325  56.177 0.0000000000
50434  -4.887  -34.640  61.643 0.0000000000
50435  -5.348  -39.244  59.617 0.0000000000
50436  -5.168  -38.626  59.335 0.0000000000
50437  -5.498  -39.040  59.084 0.0000000000
50438  -5.647  -38.853  58.538 0.0000000000
50439  -6.032  -39.372  58.921 0.0000000000
50440  -9.699  -41.100  63.902 0.0000000000
50441  -8.981  -41.127  63.327 0.0000000000
50442  -10.005  -40.905  63.391 0.0000000000
50443  -12.928  -39.963  60.583 0.0000000000
50444  -11.967  -40.000  60.468 0.0000000000
50445  -12.249  -39.871  60.009 0.0000000000
50446  -11.534  -39.742  59.447 0.0000000000
50447  -12.477  -39.764  59.558 0.0000000000
50448  -12.846  -39.661  59.079 0.0000000000
50449  -13.483  -39.801  59.642 0.0000000000
59980  -12.112  -37.129  54.475 0.0000000000
59981  -11.627  -37.243  54.824 0.0000000000
59982  -11.881  -38.200  55.803 0.0000000000
59983  -12.308  -38.100  55.445 0.0000000000
59984  -12.707  -38.456  55.788 0.0000000000
59985  -13.492  -38.733  55.776 0.0000000000
59986  -13.123  -38.786  56.178 0.0000000000
60021  -3.541  -39.357  65.339 0.0000000000
60027  -3.441  -37.476  64.785 0.0000000000
60028  -4.108  -38.262  63.336 0.0000000000
60029  -3.867  -37.377  63.644 0.0000000000
60030  -4.090  -37.292  63.115 0.0000000000
60031  -4.121  -36.360  62.917 0.0000000000
60032  -4.331  -37.202  62.607 0.0000000000
60033  -4.571  -37.146  62.078 0.0000000000
60034  -4.506  -38.000  62.254 0.0000000000
60035  -4.842  -40.087  61.792 0.0000000000
60036  -4.763  -39.428  61.510 0.0000000000
60037  -4.952  -39.874  61.256 0.0000000000
60038  -5.047  -39.661  60.726 0.0000000000
60039  -5.312  -40.229  61.048 0.0000000000
64687  -16.573  -38.297  50.837 0.0000000000
64688  -16.839  -38.254  50.312 0.0000000000
64689  -16.995  -38.824  50.614 0.0000000000
64690  -17.767  -40.544  50.462 0.0000000000
64691  -17.688  -39.979  50.096 0.0000000000
64692  -17.933  -40.580  49.826 0.0000000000
64693  -18.063  -40.577  49.223 0.0000000000
64694  -18.085  -41.180  49.527 0.0000000000
64696  -17.929  -42.339  51.356 0.0000000000
64701  -18.145  -42.369  48.872 0.0000000000
67186  -6.119  -36.955  55.956 0.0000000000
67228  -6.322  -42.568  66.964 0.0000000000
67229  -5.654  -42.545  67.006 0.0000000000
67230  -5.758  -42.420  66.289 0.0000000000
67231  -5.266  -42.209  65.714 0.0000000000
67232  -5.913  -42.277  65.593 0.0000000000
67233  -6.040  -42.092  64.979 0.0000000000
67234  -6.577  -42.238  65.608 0.0000000000
67235  -8.703  -41.906  66.031 0.0000000000
67236  -8.081  -41.903  65.582 0.0000000000
67237  -8.953  -41.694  65.495 0.0000000000
67238  -9.161  -41.497  64.974 0.0000000000
67239  -9.804  -41.441  65.459 0.0000000000
67241  -10.585  -41.319  67.513 0.0000000000
67242  -11.491  -40.957  67.437 0.0000000000
67243  -13.131  -40.731  66.387 0.0000000000
67244  -12.123  -40.823  66.401 0.0000000000
67245  -12.328  -40.729  65.894 0.0000000000
67246  -11.592  -40.861  65.427 0.0000000000
67247  -12.656  -40.731  65.394 0.0000000000
67248  -12.967  -40.689  64.905 0.0000000000
74565  -17.343  -38.216  49.150 0.0000000000
82015  -15.530  -37.098  51.143 0.0000000000
82016  -15.127  -37.059  51.604 0.0000000000
82017  -15.213  -37.985  52.629 0.0000000000
82018  -15.574  -38.069  52.204 0.0000000000
82019  -15.816  -38.545  52.517 0.0000000000
82020  -16.392  -39.189  52.427 0.0000000000
82021  -16.110  -39.066  52.834 0.0000000000
82022  -13.673  -37.955  54.277 0.0000000000
82023  -14.085  -37.933  53.880 0.0000000000
82024  -14.398  -38.359  54.206 0.0000000000
82025  -16.033  -39.749  54.506 0.0000000000
82026  -15.717  -39.288  54.128 0.0000000000
82027  -16.327  -39.882  54.072 0.0000000000
82028  -16.600  -40.037  53.628 0.0000000000
82029  -16.830  -40.543  53.971 0.0000000000
82030  -17.211  -41.245  53.832 0.0000000000
82031  -17.015  -41.051  54.308 0.0000000000
82180  -5.026  -36.982  61.027 0.0000000000
82181  -5.190  -36.121  60.930 0.0000000000
82182  -5.268  -36.853  60.481 0.0000000000
82183  -5.313  -37.207  58.915 0.0000000000
82184  -5.474  -36.649  59.347 0.0000000000
82185  -5.530  -36.518  58.759 0.0000000000
82186  -5.789  -35.789  58.640 0.0000000000
82187  -5.525  -36.361  58.147 0.0000000000
82188  -5.489  -36.245  57.607 0.0000000000
82189  -5.398  -36.923  57.799 0.0000000000
82190  -6.169  -38.486  57.549 0.0000000000
82191  -5.821  -37.913  57.214 0.0000000000
82192  -6.481  -38.282  57.130 0.0000000000
82193  -6.859  -38.091  56.734 0.0000000000
82194  -7.318  -38.575  57.183 0.0000000000
82195  -6.304  -41.684  63.703 0.0000000000
82196  -5.784  -41.431  63.162 0.0000000000
82197  -6.486  -41.474  63.135 0.0000000000
82198  -7.690  -41.023  62.083 0.0000000000
82199  -6.885  -41.100  62.028 0.0000000000
82200  -7.096  -40.861  61.509 0.0000000000
82201  -6.553  -40.613  60.942 0.0000000000
82202  -7.326  -40.637  61.001 0.0000000000
82203  -11.652  -40.438  62.508 0.0000000000
82204  -10.665  -40.574  62.395 0.0000000000
82205  -10.977  -40.418  61.911 0.0000000000
82206  -9.859  -40.118  60.246 0.0000000000
82207  -9.532  -40.313  60.733 0.0000000000
82208  -8.845  -40.156  60.157 0.0000000000
82209  -7.856  -40.180  60.036 0.0000000000
82210  -8.202  -39.951  59.586 0.0000000000
82211  -7.619  -39.705  58.997 0.0000000000
82212  -8.554  -39.735  59.138 0.0000000000
82213  -10.265  -39.363  58.359 0.0000000000
82214  -9.261  -39.321  58.253 0.0000000000
82215  -9.653  -39.102  57.837 0.0000000000
82216  -9.148  -38.800  57.342 0.0000000000
82217  -10.039  -38.865  57.419 0.0000000000
82218  -10.505  -38.689  57.000 0.0000000000
82219  -11.025  -38.993  57.500 0.0000000000
82220  -13.465  -39.462  58.117 0.0000000000
82221  -12.913  -39.213  57.610 0.0000000000
82222  -13.832  -39.405  57.635 0.0000000000
82223  -14.127  -39.391  57.176 0.0000000000
82224  -14.647  -39.690  57.682 0.0000000000
95893  -11.166  -37.409  55.165 0.0000000000
95894  -10.618  -37.550  55.515 0.0000000000
95895  -11.001  -37.943  55.822 0.0000000000
95896  -11.396  -38.279  56.146 0.0000000000
95916  -4.215  -41.599  65.953 0.0000000000
95917  -3.822  -41.043  66.135 0.0000000000
95918  -3.961  -40.947  65.479 0.0000000000
95919  -3.800  -40.156  65.070 0.0000000000
95920  -3.712  -39.292  64.737 0.0000000000
95921  -3.667  -38.396  64.472 0.0000000000
95922  -3.900  -39.219  64.160 0.0000000000
95923  -4.104  -39.114  63.596 0.0000000000
95924  -4.296  -39.042  63.021 0.0000000000
95925  -4.453  -38.891  62.451 0.0000000000
95926  -4.480  -39.690  62.694 0.0000000000
95927  -4.737  -40.264  62.386 0.0000000000
95928  -5.062  -40.632  62.174 0.0000000000
98716  -16.939  -39.366  51.482 0.0000000000
98717  -17.155  -39.396  50.955 0.0000000000
98718  -17.310  -39.947  51.285 0.0000000000
98719  -17.608  -40.512  51.059 0.0000000000
98720  -17.842  -41.116  50.817 0.0000000000
100243  -6.910  -42.659  67.574 0.0000000000
100244  -6.997  -42.512  66.888 0.0000000000
100245  -7.170  -42.289  66.278 0.0000000000
100246  -7.720  -42.345  66.765 0.0000000000
100247  -8.495  -42.111  66.656 0.0000000000
100248  -9.319  -41.818  66.540 0.0000000000
104643  -17.967  -39.342  48.572 0.0000000000
104645  -18.131  -39.291  47.965 0.0000000000
109114  -14.737  -37.029  52.041 0.0000000000
109115  -14.321  -36.977  52.477 0.0000000000
109116  -14.559  -37.476  52.746 0.0000000000
109117  -14.857  -37.936  53.053 0.0000000000
109118  -14.284  -38.719  55.005 0.0000000000
109119  -14.678  -38.734  54.606 0.0000000000
109120  -15.006  -39.120  54.950 0.0000000000
109121  -15.714  -39.624  54.926 0.0000000000
109122  -16.289  -40.192  54.898 0.0000000000
109123  -16.783  -40.846  54.801 0.0000000000
109124  -16.539  -40.664  55.259 0.0000000000
109213  -5.033  -38.278  60.220 0.0000000000
109214  -5.177  -37.545  60.047 0.0000000000
109215  -5.116  -38.126  59.638 0.0000000000
109216  -5.169  -37.931  59.088 0.0000000000
109217  -5.240  -37.770  58.541 0.0000000000
109218  -5.340  -37.616  58.013 0.0000000000
109219  -5.434  -38.279  58.221 0.0000000000
109220  -5.888  -38.699  58.028 0.0000000000
109221  -6.579  -38.961  57.957 0.0000000000
109222  -7.822  -41.506  63.803 0.0000000000
109223  -7.234  -41.427  63.157 0.0000000000
109224  -8.048  -41.302  63.233 0.0000000000
109225  -8.314  -41.098  62.683 0.0000000000
109226  -8.621  -40.898  62.185 0.0000000000
109227  -12.258  -40.166  61.537 0.0000000000
109228  -11.275  -40.268  61.408 0.0000000000
109229  -11.648  -40.125  60.944 0.0000000000
109230  -10.906  -40.053  60.360 0.0000000000
109231  -10.206  -39.917  59.818 0.0000000000
109232  -9.562  -39.732  59.244 0.0000000000
109233  -10.565  -39.750  59.368 0.0000000000
109234  -10.900  -39.576  58.908 0.0000000000
109235  -11.252  -39.437  58.444 0.0000000000
109236  -11.605  -39.257  58.003 0.0000000000
109237  -12.250  -39.483  58.525 0.0000000000
109238  -13.188  -39.561  58.597 0.0000000000
109239  -14.035  -39.689  58.664 0.0000000000
115819  -17.546  -41.569  52.847 0.0000000000
115820  -17.691  -41.635  52.235 0.0000000000
115821  -17.719  -42.177  52.570 0.0000000000
123907  -13.060  -36.987  53.703 0.0000000000
123908  -12.592  -37.039  54.102 0.0000000000
123909  -12.881  -37.527  54.384 0.0000000000
123910  -13.234  -37.996  54.680 0.0000000000
123911  -11.958  -37.710  55.128 0.0000000000
123912  -12.763  -38.027  55.067 0.0000000000
123913  -13.552  -38.366  55.008 0.0000000000
123914  -13.904  -38.728  55.407 0.0000000000
123915  -14.319  -39.060  55.767 0.0000000000
123916  -14.723  -39.361  56.179 0.0000000000
123975  -3.642  -37.402  64.214 0.0000000000
123976  -3.624  -36.457  63.981 0.0000000000
123977  -3.648  -35.549  63.764 0.0000000000
123978  -3.906  -35.512  63.241 0.0000000000
123979  -4.168  -35.507  62.747 0.0000000000
123980  -4.468  -35.480  62.259 0.0000000000
123981  -4.777  -35.427  61.791 0.0000000000
123982  -4.663  -36.284  61.928 0.0000000000
123983  -4.799  -37.065  61.579 0.0000000000
123984  -4.886  -37.830  61.181 0.0000000000
123985  -4.639  -38.741  61.887 0.0000000000
123986  -4.798  -38.631  61.316 0.0000000000
123987  -4.912  -38.447  60.753 0.0000000000
123988  -4.993  -39.012  60.418 0.0000000000
123989  -5.208  -39.460  60.162 0.0000000000
123990  -5.607  -39.840  59.959 0.0000000000
123991  -11.593  -40.697  63.906 0.0000000000
123992  -11.019  -40.700  63.431 0.0000000000
123993  -11.862  -40.566  63.462 0.0000000000
123994  -12.252  -40.437  62.990 0.0000000000
123995  -12.565  -40.339  62.542 0.0000000000
130323  -16.697  -37.716  49.963 0.0000000000
130324  -17.093  -38.237  49.740 0.0000000000
130325  -17.450  -38.767  49.494 0.0000000000
130326  -17.375  -39.395  50.359 0.0000000000
130327  -17.585  -39.378  49.770 0.0000000000
130328  -17.768  -39.336  49.186 0.0000000000
130329  -18.017  -39.945  48.914 0.0000000000
130330  -18.196  -40.527  48.646 0.0000000000
130331  -18.291  -41.106  48.296 0.0000000000
130332  -17.804  -41.699  51.645 0.0000000000
130333  -17.906  -41.761  51.062 0.0000000000
130334  -17.981  -41.734  50.463 0.0000000000
130336  -18.038  -42.379  50.133 0.0000000000
130337  -18.072  -41.764  49.858 0.0000000000
130338  -18.167  -41.788  49.225 0.0000000000
130339  -18.235  -41.741  48.566 0.0000000000
130340  -18.283  -41.680  47.949 0.0000000000
133486  -7.791  -37.558  55.999 0.0000000000
133540  -5.025  -42.432  67.133 0.0000000000
133541  -4.584  -42.081  66.499 0.0000000000
133542  -4.713  -41.976  65.809 0.0000000000
133543  -4.843  -41.860  65.122 0.0000000000
133544  -4.977  -41.649  64.455 0.0000000000
133545  -5.150  -41.480  63.828 0.0000000000
133546  -5.529  -41.838  64.403 0.0000000000
133547  -6.170  -41.892  64.368 0.0000000000
133548  -6.814  -41.872  64.375 0.0000000000
133549  -7.282  -42.102  65.619 0.0000000000
133550  -7.400  -41.929  64.988 0.0000000000
133551  -7.596  -41.732  64.372 0.0000000000
133552  -8.476  -41.537  64.429 0.0000000000
133553  -9.424  -41.298  64.468 0.0000000000
133554  -10.362  -41.056  64.424 0.0000000000
133555  -9.719  -41.721  67.614 0.0000000000
133556  -9.984  -41.590  67.046 0.0000000000
133557  -10.183  -41.461  66.467 0.0000000000
133558  -11.841  -40.861  66.903 0.0000000000
133559  -11.128  -41.129  66.454 0.0000000000
133560  -10.434  -41.314  65.945 0.0000000000
133561  -10.693  -41.141  65.425 0.0000000000
133562  -10.991  -40.956  64.906 0.0000000000
133563  -11.290  -40.824  64.420 0.0000000000
133564  -12.252  -40.661  64.416 0.0000000000
151662  -16.048  -37.700  51.005 0.0000000000
151663  -16.254  -38.242  51.310 0.0000000000
151664  -15.349  -37.586  51.891 0.0000000000
151665  -15.934  -38.204  51.783 0.0000000000
151666  -16.462  -38.765  51.637 0.0000000000
151667  -16.675  -39.293  51.974 0.0000000000
151668  -16.887  -39.825  52.313 0.0000000000
151669  -17.085  -40.319  52.645 0.0000000000
151670  -13.777  -37.460  53.589 0.0000000000
151671  -14.457  -37.909  53.463 0.0000000000
151672  -15.150  -38.416  53.374 0.0000000000
151673  -15.068  -38.767  54.172 0.0000000000
151674  -15.420  -38.853  53.748 0.0000000000
151675  -15.774  -38.956  53.303 0.0000000000
151676  -16.358  -39.542  53.241 0.0000000000
151677  -16.849  -40.165  53.126 0.0000000000
151678  -17.247  -40.841  53.003 0.0000000000
151679  -17.377  -41.403  53.345 0.0000000000
151680  -17.461  -41.961  53.649 0.0000000000
151859  -5.069  -35.359  61.305 0.0000000000
151860  -5.365  -35.309  60.787 0.0000000000
151861  -5.614  -35.315  60.281 0.0000000000
151862  -5.385  -36.767  59.927 0.0000000000
151863  -5.585  -36.038  59.813 0.0000000000
151864  -5.799  -35.222  59.741 0.0000000000
151865  -5.931  -35.121  59.147 0.0000000000
151869  -5.434  -36.132  57.055 0.0000000000
151870  -5.470  -36.618  56.700 0.0000000000
151871  -5.425  -37.446  57.491 0.0000000000
151872  -5.612  -37.256  56.940 0.0000000000
151873  -5.844  -37.112  56.443 0.0000000000
151874  -6.466  -37.549  56.351 0.0000000000
151875  -7.288  -37.826  56.374 0.0000000000
151876  -8.197  -38.002  56.444 0.0000000000
151877  -5.287  -41.262  63.187 0.0000000000
151878  -5.413  -41.079  62.616 0.0000000000
151879  -5.518  -40.884  62.049 0.0000000000
151880  -6.688  -41.272  62.554 0.0000000000
151881  -6.139  -41.033  62.005 0.0000000000
151882  -5.678  -40.679  61.491 0.0000000000
151883  -5.829  -40.495  60.970 0.0000000000
151884  -6.023  -40.274  60.442 0.0000000000
151885  -6.232  -40.061  59.915 0.0000000000
151886  -10.298  -40.736  62.894 0.0000000000
151887  -9.637  -40.736  62.310 0.0000000000
151888  -8.943  -40.685  61.689 0.0000000000
151889  -10.259  -40.383  61.304 0.0000000000
151890  -9.239  -40.509  61.231 0.0000000000
151891  -8.252  -40.584  61.106 0.0000000000
151892  -7.554  -40.406  60.502 0.0000000000
151893  -6.972  -40.171  59.922 0.0000000000
151894  -6.478  -39.825  59.408 0.0000000000
151895  -6.729  -39.585  58.893 0.0000000000
151896  -7.061  -39.380  58.443 0.0000000000
151897  -7.425  -39.164  58.008 0.0000000000
151898  -8.862  -39.509  58.700 0.0000000000
151899  -8.306  -39.271  58.114 0.0000000000
151900  -7.844  -38.936  57.642 0.0000000000
151901  -8.249  -38.693  57.255 0.0000000000
151902  -8.674  -38.455  56.894 0.0000000000
151903  -9.115  -38.183  56.525 0.0000000000
151904  -10.019  -38.323  56.570 0.0000000000
151905  -10.934  -38.488  56.569 0.0000000000
151906  -11.850  -38.666  56.600 0.0000000000
151907  -11.983  -39.096  57.557 0.0000000000
151908  -12.381  -38.953  57.089 0.0000000000
151909  -12.715  -38.866  56.621 0.0000000000
151910  -13.612  -39.120  56.676 0.0000000000
151911  -14.468  -39.394  56.709 0.0000000000
151912  -15.176  -39.750  56.696 0.0000000000
151921  -15.831  -40.261  56.690 0.0000000000
