#!ascii label  , from subject fsaverage vox2ras=TkReg
1705
338  -49.684  -61.520  -1.430 0.0000000000
339  -46.842  -64.832  -5.069 0.0000000000
340  -53.512  -58.043  -7.626 0.0000000000
439  -62.155  -38.201  -9.614 0.0000000000
557  -56.412  -53.527  3.183 0.0000000000
819  -52.989  -61.336  -4.117 0.0000000000
820  -54.020  -55.732  -4.037 0.0000000000
969  -61.709  -41.873  -5.967 0.0000000000
970  -57.464  -39.120  -8.465 0.0000000000
1228  -52.523  -56.624  5.550 0.0000000000
1377  -43.038  -65.490  -5.434 0.0000000000
1760  -43.723  -63.014  -0.705 0.0000000000
1761  -44.078  -65.947  -3.000 0.0000000000
1762  -48.872  -64.347  -3.621 0.0000000000
1763  -50.808  -62.385  -6.106 0.0000000000
1979  -61.763  -50.973  -1.306 0.0000000000
1980  -57.701  -50.322  -4.152 0.0000000000
1981  -61.348  -45.711  -5.265 0.0000000000
1982  -61.095  -42.679  -9.404 0.0000000000
2308  -57.126  -59.905  5.789 0.0000000000
2309  -60.569  -55.357  2.453 0.0000000000
2485  -44.814  -68.644  -5.061 0.0000000000
2491  -53.814  -51.373  -7.902 0.0000000000
2492  -55.776  -55.202  -10.884 0.0000000000
2739  -54.483  -58.263  -3.076 0.0000000000
2889  -57.334  -41.258  -6.570 0.0000000000
2890  -55.064  -39.453  -7.606 0.0000000000
3148  -50.056  -52.553  4.942 0.0000000000
3893  -46.747  -62.103  -1.183 0.0000000000
3894  -46.567  -63.537  -2.382 0.0000000000
3895  -49.267  -63.047  -2.516 0.0000000000
3896  -53.061  -59.577  -5.837 0.0000000000
3897  -52.000  -61.839  -5.199 0.0000000000
3898  -52.638  -60.664  -7.049 0.0000000000
3899  -51.126  -61.323  -7.644 0.0000000000
3900  -53.254  -59.685  -8.730 0.0000000000
4343  -62.505  -48.286  -1.607 0.0000000000
4344  -61.674  -48.277  -3.408 0.0000000000
4345  -62.663  -45.598  -3.483 0.0000000000
4346  -61.694  -40.095  -7.907 0.0000000000
4347  -62.473  -42.024  -7.599 0.0000000000
4348  -62.268  -40.347  -9.567 0.0000000000
5125  -54.412  -55.294  4.248 0.0000000000
5126  -54.828  -58.375  5.690 0.0000000000
5127  -56.821  -56.494  4.329 0.0000000000
5128  -58.973  -57.524  4.325 0.0000000000
5129  -58.957  -54.411  3.116 0.0000000000
5130  -60.803  -52.760  2.128 0.0000000000
5131  -58.366  -52.077  2.285 0.0000000000
5566  -46.011  -65.674  -4.194 0.0000000000
5567  -44.215  -67.270  -4.103 0.0000000000
5568  -45.702  -66.619  -5.182 0.0000000000
5569  -40.924  -66.896  -5.926 0.0000000000
5570  -42.718  -68.565  -5.866 0.0000000000
5581  -57.392  -48.109  -6.396 0.0000000000
5582  -55.060  -50.303  -5.682 0.0000000000
5583  -55.649  -48.919  -7.969 0.0000000000
6080  -52.106  -61.224  -1.489 0.0000000000
6081  -51.674  -62.244  -2.625 0.0000000000
6082  -53.240  -60.488  -3.121 0.0000000000
6083  -53.338  -58.525  -4.571 0.0000000000
6084  -53.127  -56.606  -5.822 0.0000000000
6351  -62.095  -43.509  -3.768 0.0000000000
6352  -59.831  -42.550  -5.237 0.0000000000
6353  -59.452  -40.507  -7.280 0.0000000000
6354  -59.956  -38.645  -9.030 0.0000000000
6818  -51.018  -57.623  6.966 0.0000000000
6819  -50.456  -54.911  5.579 0.0000000000
6820  -52.184  -54.007  4.362 0.0000000000
6821  -54.166  -52.658  3.412 0.0000000000
7084  -46.825  -63.573  -5.542 0.0000000000
7085  -45.272  -65.121  -5.587 0.0000000000
7086  -44.618  -63.390  -5.575 0.0000000000
7380  -52.920  -37.725  -8.210 0.0000000000
7948  -43.727  -64.484  -1.958 0.0000000000
7949  -46.275  -64.946  -3.390 0.0000000000
7950  -48.268  -64.984  -4.683 0.0000000000
7951  -51.204  -63.172  -3.578 0.0000000000
7952  -50.189  -63.585  -4.602 0.0000000000
7953  -48.753  -63.632  -5.313 0.0000000000
7954  -48.844  -62.313  -6.256 0.0000000000
8525  -60.359  -53.840  -1.243 0.0000000000
8527  -60.343  -51.071  -3.076 0.0000000000
8528  -59.492  -48.081  -4.784 0.0000000000
8529  -59.604  -46.289  -7.008 0.0000000000
8530  -62.542  -43.689  -5.445 0.0000000000
8531  -61.412  -44.366  -7.509 0.0000000000
8536  -55.522  -37.171  -9.262 0.0000000000
8537  -58.046  -36.671  -10.016 0.0000000000
8538  -60.685  -36.287  -10.424 0.0000000000
8541  -62.824  -35.845  -11.307 0.0000000000
9480  -53.179  -59.712  7.319 0.0000000000
9481  -55.221  -61.634  7.127 0.0000000000
9483  -57.551  -60.369  4.100 0.0000000000
9484  -59.160  -58.217  2.281 0.0000000000
9485  -60.267  -56.158  0.321 0.0000000000
9486  -61.488  -53.386  0.679 0.0000000000
9487  -61.960  -50.628  0.436 0.0000000000
10012  -44.367  -67.142  -5.704 0.0000000000
10013  -44.391  -69.818  -5.904 0.0000000000
10028  -53.535  -53.228  -5.617 0.0000000000
10029  -53.493  -54.781  -7.642 0.0000000000
10030  -55.135  -50.369  -9.942 0.0000000000
10031  -54.675  -53.338  -9.565 0.0000000000
10032  -54.658  -56.653  -9.383 0.0000000000
10033  -53.975  -58.357  -10.586 0.0000000000
11573  -48.251  -61.733  -1.326 0.0000000000
11574  -47.978  -62.546  -1.892 0.0000000000
11575  -49.417  -62.338  -1.965 0.0000000000
11576  -53.200  -58.749  -6.675 0.0000000000
11577  -52.937  -60.039  -6.491 0.0000000000
11578  -53.287  -59.457  -7.405 0.0000000000
11579  -53.036  -60.230  -7.884 0.0000000000
11580  -53.623  -58.889  -8.272 0.0000000000
12024  -62.583  -46.910  -2.619 0.0000000000
12025  -62.507  -45.682  -2.674 0.0000000000
12026  -61.878  -39.194  -8.828 0.0000000000
12027  -62.344  -40.148  -8.636 0.0000000000
12028  -62.412  -39.197  -9.511 0.0000000000
12030  -62.645  -38.185  -10.293 0.0000000000
12805  -55.453  -54.408  3.642 0.0000000000
12806  -55.569  -55.949  4.220 0.0000000000
12807  -56.632  -54.953  3.539 0.0000000000
12808  -57.914  -55.422  3.618 0.0000000000
12809  -57.685  -53.884  3.091 0.0000000000
12810  -58.720  -53.166  2.755 0.0000000000
12811  -57.463  -52.798  2.757 0.0000000000
13246  -46.631  -65.343  -4.709 0.0000000000
13247  -45.818  -66.202  -4.665 0.0000000000
13248  -46.165  -65.678  -5.088 0.0000000000
13250  -40.989  -68.751  -6.493 0.0000000000
13261  -57.960  -47.530  -7.624 0.0000000000
13262  -56.581  -48.494  -7.204 0.0000000000
13974  -52.724  -61.114  -2.327 0.0000000000
13975  -53.678  -60.288  -2.353 0.0000000000
13976  -54.301  -56.929  -3.422 0.0000000000
13977  -53.851  -58.254  -3.818 0.0000000000
13978  -53.639  -57.097  -4.212 0.0000000000
13979  -53.166  -57.488  -5.162 0.0000000000
13980  -53.415  -55.991  -4.808 0.0000000000
14426  -57.298  -40.133  -7.530 0.0000000000
14427  -58.355  -40.882  -6.941 0.0000000000
14428  -58.439  -39.781  -7.937 0.0000000000
14429  -59.682  -39.613  -8.228 0.0000000000
14430  -58.683  -38.885  -8.799 0.0000000000
15203  -49.645  -55.294  6.117 0.0000000000
15204  -49.369  -54.137  5.615 0.0000000000
15205  -51.037  -52.086  4.404 0.0000000000
15206  -51.090  -53.300  4.598 0.0000000000
15207  -52.075  -52.769  4.061 0.0000000000
15208  -53.142  -53.416  3.772 0.0000000000
15209  -53.099  -52.136  3.552 0.0000000000
15646  -46.706  -62.877  -5.866 0.0000000000
15647  -45.845  -63.512  -5.673 0.0000000000
15648  -45.669  -62.747  -5.891 0.0000000000
17439  -42.450  -64.598  -1.200 0.0000000000
17440  -43.686  -63.709  -1.320 0.0000000000
17441  -47.800  -64.028  -3.024 0.0000000000
17442  -46.434  -64.280  -2.850 0.0000000000
17443  -47.600  -64.683  -3.505 0.0000000000
17444  -47.423  -65.232  -4.112 0.0000000000
17445  -48.725  -64.804  -4.149 0.0000000000
17446  -52.596  -61.942  -3.330 0.0000000000
17447  -51.536  -62.781  -3.077 0.0000000000
17448  -52.281  -62.346  -3.869 0.0000000000
17449  -51.405  -62.171  -5.623 0.0000000000
17450  -51.184  -62.683  -4.751 0.0000000000
17451  -50.641  -62.966  -5.203 0.0000000000
17452  -49.571  -63.758  -5.029 0.0000000000
17453  -49.853  -63.155  -5.552 0.0000000000
17454  -48.798  -62.953  -5.726 0.0000000000
17455  -49.894  -62.518  -6.260 0.0000000000
17456  -51.219  -60.757  -8.457 0.0000000000
17457  -50.050  -61.133  -7.543 0.0000000000
18788  -61.116  -52.483  -1.216 0.0000000000
18789  -60.451  -52.420  -2.140 0.0000000000
18790  -61.204  -51.068  -2.265 0.0000000000
18791  -61.522  -46.844  -4.334 0.0000000000
18792  -60.704  -48.235  -4.191 0.0000000000
18793  -60.446  -46.879  -5.063 0.0000000000
18794  -59.277  -46.943  -5.845 0.0000000000
18795  -60.367  -45.939  -6.167 0.0000000000
18796  -61.917  -42.830  -4.905 0.0000000000
18797  -62.667  -43.476  -4.452 0.0000000000
18798  -62.494  -42.715  -5.533 0.0000000000
18799  -61.958  -42.467  -8.541 0.0000000000
18800  -62.091  -43.250  -7.537 0.0000000000
18801  -61.335  -43.630  -8.483 0.0000000000
18802  -60.637  -44.685  -8.203 0.0000000000
18803  -60.431  -43.755  -9.132 0.0000000000
18811  -53.165  -36.449  -9.056 0.0000000000
18812  -54.194  -37.385  -8.741 0.0000000000
18813  -54.485  -36.212  -9.509 0.0000000000
18815  -57.134  -35.666  -10.389 0.0000000000
18816  -58.446  -35.370  -10.774 0.0000000000
18817  -59.316  -36.481  -10.275 0.0000000000
18818  -59.743  -35.109  -11.036 0.0000000000
21135  -51.762  -57.113  6.211 0.0000000000
21136  -52.015  -58.611  7.060 0.0000000000
21137  -52.808  -58.133  6.298 0.0000000000
21138  -56.091  -59.211  5.876 0.0000000000
21139  -55.155  -60.064  6.608 0.0000000000
21140  -56.110  -60.864  6.404 0.0000000000
21142  -56.548  -61.275  5.690 0.0000000000
21143  -56.406  -61.293  4.790 0.0000000000
21144  -57.666  -60.250  5.134 0.0000000000
21145  -59.827  -56.433  3.400 0.0000000000
21146  -59.293  -57.970  3.531 0.0000000000
21147  -60.124  -56.907  2.450 0.0000000000
21148  -59.944  -57.247  1.275 0.0000000000
21149  -60.688  -55.906  1.407 0.0000000000
21150  -60.916  -54.766  0.544 0.0000000000
21151  -61.140  -54.417  1.463 0.0000000000
21152  -60.596  -51.452  1.713 0.0000000000
21153  -61.541  -51.730  1.299 0.0000000000
21154  -61.369  -50.354  0.943 0.0000000000
22456  -42.872  -66.244  -2.378 0.0000000000
22458  -43.118  -66.916  -2.976 0.0000000000
22459  -44.573  -68.011  -4.559 0.0000000000
22460  -43.659  -68.491  -4.146 0.0000000000
22461  -44.014  -69.201  -4.555 0.0000000000
22463  -44.307  -69.908  -5.033 0.0000000000
22464  -44.130  -65.206  -5.511 0.0000000000
22465  -44.672  -66.078  -5.620 0.0000000000
22466  -43.673  -66.348  -5.567 0.0000000000
22467  -42.964  -70.070  -6.242 0.0000000000
22468  -43.582  -69.222  -5.919 0.0000000000
22469  -43.965  -70.597  -6.203 0.0000000000
22504  -54.218  -50.702  -6.707 0.0000000000
22505  -54.152  -51.700  -5.600 0.0000000000
22506  -53.509  -52.220  -6.699 0.0000000000
22507  -53.218  -53.842  -6.684 0.0000000000
22508  -53.451  -53.052  -7.821 0.0000000000
22512  -55.831  -53.682  -11.129 0.0000000000
22513  -55.370  -52.716  -10.459 0.0000000000
22514  -55.327  -54.271  -10.155 0.0000000000
22515  -54.745  -55.034  -9.329 0.0000000000
22516  -55.361  -55.927  -10.167 0.0000000000
22517  -54.536  -57.606  -10.113 0.0000000000
22518  -55.145  -56.907  -10.783 0.0000000000
23361  -54.528  -59.352  -2.460 0.0000000000
23364  -54.947  -55.720  -3.392 0.0000000000
23633  -56.179  -40.390  -7.072 0.0000000000
23634  -56.297  -39.293  -8.019 0.0000000000
24098  -49.163  -52.931  5.492 0.0000000000
25439  -45.256  -62.515  -0.967 0.0000000000
25440  -45.144  -63.152  -1.596 0.0000000000
25441  -46.532  -62.864  -1.750 0.0000000000
25442  -47.843  -63.273  -2.510 0.0000000000
25443  -49.066  -63.659  -3.076 0.0000000000
25444  -53.062  -60.565  -4.961 0.0000000000
25445  -52.588  -61.617  -4.603 0.0000000000
25446  -52.778  -60.742  -5.572 0.0000000000
25447  -52.243  -61.209  -6.181 0.0000000000
25448  -51.728  -61.624  -6.649 0.0000000000
25449  -50.985  -61.846  -6.918 0.0000000000
25450  -52.057  -61.094  -7.478 0.0000000000
25451  -52.249  -60.786  -8.372 0.0000000000
25452  -52.374  -60.133  -9.158 0.0000000000
26249  -62.297  -49.574  -1.482 0.0000000000
26250  -61.826  -49.655  -2.477 0.0000000000
26251  -62.273  -48.287  -2.533 0.0000000000
26252  -62.228  -46.874  -3.538 0.0000000000
26253  -62.217  -45.565  -4.386 0.0000000000
26254  -61.612  -40.925  -6.975 0.0000000000
26255  -62.394  -41.776  -6.574 0.0000000000
26256  -62.254  -40.967  -7.605 0.0000000000
26257  -62.349  -41.267  -8.544 0.0000000000
26258  -61.783  -41.547  -9.450 0.0000000000
27657  -53.400  -56.045  4.975 0.0000000000
27658  -53.673  -57.567  5.556 0.0000000000
27659  -54.550  -56.792  4.922 0.0000000000
27660  -55.802  -57.575  5.082 0.0000000000
27661  -57.066  -58.204  5.155 0.0000000000
27662  -58.106  -58.739  5.092 0.0000000000
27663  -58.005  -57.068  4.414 0.0000000000
27664  -59.049  -55.903  3.647 0.0000000000
27665  -60.029  -54.907  3.044 0.0000000000
27666  -60.765  -54.080  2.333 0.0000000000
27667  -59.940  -53.606  2.747 0.0000000000
27668  -59.669  -52.428  2.301 0.0000000000
27669  -59.334  -51.198  1.699 0.0000000000
28450  -45.053  -65.849  -3.551 0.0000000000
28451  -44.109  -66.651  -3.556 0.0000000000
28452  -44.987  -66.369  -4.022 0.0000000000
28453  -45.126  -66.999  -4.625 0.0000000000
28454  -45.380  -67.566  -5.148 0.0000000000
28455  -41.977  -65.969  -5.479 0.0000000000
28456  -42.709  -66.898  -5.601 0.0000000000
28457  -41.683  -67.747  -5.856 0.0000000000
28458  -41.973  -69.458  -6.363 0.0000000000
28477  -57.340  -49.013  -5.158 0.0000000000
28478  -56.198  -50.202  -4.818 0.0000000000
28479  -56.060  -49.136  -5.919 0.0000000000
28480  -55.180  -49.474  -6.819 0.0000000000
28481  -54.521  -49.949  -7.894 0.0000000000
28486  -55.914  -54.529  -11.877 0.0000000000
28487  -55.564  -56.180  -11.571 0.0000000000
29546  -50.929  -61.383  -1.448 0.0000000000
29547  -50.720  -62.223  -2.045 0.0000000000
29548  -51.729  -61.664  -2.104 0.0000000000
29549  -52.582  -61.438  -2.902 0.0000000000
29550  -53.125  -60.849  -3.733 0.0000000000
29551  -53.875  -59.416  -3.214 0.0000000000
29552  -53.455  -59.558  -3.920 0.0000000000
29553  -53.244  -60.035  -4.467 0.0000000000
29554  -53.144  -59.081  -5.224 0.0000000000
29555  -53.114  -58.122  -5.939 0.0000000000
29556  -53.227  -57.354  -6.765 0.0000000000
30179  -61.132  -43.091  -4.362 0.0000000000
30180  -60.799  -42.220  -5.567 0.0000000000
30181  -58.539  -41.997  -5.948 0.0000000000
30182  -59.495  -41.541  -6.269 0.0000000000
30183  -60.564  -41.200  -6.576 0.0000000000
30184  -60.627  -40.257  -7.545 0.0000000000
30185  -60.969  -39.375  -8.457 0.0000000000
30186  -61.191  -38.392  -9.188 0.0000000000
31269  -49.855  -56.643  6.918 0.0000000000
31270  -50.723  -56.182  6.201 0.0000000000
31271  -51.505  -55.730  5.614 0.0000000000
31272  -50.186  -53.715  5.107 0.0000000000
31273  -51.330  -54.460  5.006 0.0000000000
31274  -52.344  -55.204  4.973 0.0000000000
31275  -53.282  -54.615  4.279 0.0000000000
31276  -54.275  -53.978  3.708 0.0000000000
31277  -55.315  -53.130  3.295 0.0000000000
31278  -56.278  -52.396  2.871 0.0000000000
31279  -55.131  -51.921  2.924 0.0000000000
31888  -46.914  -64.242  -5.271 0.0000000000
31889  -46.151  -65.014  -5.358 0.0000000000
31890  -45.991  -64.380  -5.523 0.0000000000
31891  -44.931  -64.268  -5.600 0.0000000000
31892  -43.710  -64.306  -5.408 0.0000000000
31894  -43.363  -63.251  -5.274 0.0000000000
31895  -42.526  -64.446  -5.301 0.0000000000
31896  -41.330  -65.109  -5.475 0.0000000000
34187  -42.570  -65.461  -1.771 0.0000000000
34188  -43.858  -65.267  -2.503 0.0000000000
34189  -45.094  -63.917  -2.121 0.0000000000
34190  -45.100  -64.663  -2.556 0.0000000000
34191  -45.048  -65.278  -3.172 0.0000000000
34192  -46.086  -65.373  -3.842 0.0000000000
34193  -47.120  -65.356  -4.445 0.0000000000
34194  -47.616  -64.900  -4.869 0.0000000000
34195  -50.621  -62.813  -2.508 0.0000000000
34196  -50.400  -63.375  -3.013 0.0000000000
34197  -50.034  -63.769  -3.605 0.0000000000
34198  -51.710  -62.497  -4.272 0.0000000000
34199  -50.689  -63.311  -4.060 0.0000000000
34200  -49.596  -64.153  -4.171 0.0000000000
34201  -49.134  -64.430  -4.613 0.0000000000
34202  -48.572  -64.441  -4.937 0.0000000000
34203  -47.719  -64.205  -5.083 0.0000000000
34204  -47.751  -63.518  -5.335 0.0000000000
34205  -47.743  -62.899  -5.770 0.0000000000
34206  -47.795  -62.255  -6.229 0.0000000000
34207  -49.984  -61.848  -6.909 0.0000000000
34208  -48.899  -61.601  -6.771 0.0000000000
35843  -59.429  -55.186  -1.336 0.0000000000
35845  -59.513  -53.662  -2.012 0.0000000000
35847  -59.102  -50.750  -3.672 0.0000000000
35848  -61.080  -49.716  -3.354 0.0000000000
35849  -59.925  -49.612  -3.959 0.0000000000
35850  -58.605  -49.249  -4.504 0.0000000000
35851  -58.251  -48.003  -5.509 0.0000000000
35852  -58.511  -47.178  -6.743 0.0000000000
35853  -59.167  -46.756  -7.816 0.0000000000
35854  -62.608  -44.427  -3.540 0.0000000000
35855  -62.776  -44.455  -4.417 0.0000000000
35856  -62.093  -44.656  -5.427 0.0000000000
35857  -62.602  -42.859  -6.498 0.0000000000
35858  -62.010  -44.055  -6.526 0.0000000000
35859  -61.354  -45.008  -6.387 0.0000000000
35860  -60.631  -45.368  -7.342 0.0000000000
35861  -60.055  -45.826  -8.054 0.0000000000
35872  -53.973  -38.556  -7.972 0.0000000000
35873  -55.223  -38.289  -8.466 0.0000000000
35874  -56.463  -38.153  -8.932 0.0000000000
35875  -55.831  -35.967  -9.997 0.0000000000
35876  -56.765  -36.907  -9.713 0.0000000000
35877  -57.784  -37.960  -9.254 0.0000000000
35878  -59.002  -37.741  -9.514 0.0000000000
35879  -60.326  -37.507  -9.714 0.0000000000
35880  -61.465  -37.207  -9.939 0.0000000000
35887  -61.022  -34.917  -11.216 0.0000000000
35888  -61.878  -35.990  -10.738 0.0000000000
35889  -62.481  -37.077  -10.473 0.0000000000
38679  -53.992  -59.163  6.474 0.0000000000
38680  -54.344  -60.835  7.515 0.0000000000
38688  -58.633  -59.094  4.440 0.0000000000
38689  -58.467  -59.274  3.289 0.0000000000
38690  -57.893  -59.253  2.125 0.0000000000
38691  -58.656  -58.446  1.179 0.0000000000
38692  -59.244  -57.596  0.122 0.0000000000
38693  -59.496  -56.383  -0.720 0.0000000000
38694  -60.298  -55.055  -0.486 0.0000000000
38695  -61.147  -53.650  -0.328 0.0000000000
38696  -61.687  -52.165  -0.231 0.0000000000
38697  -61.470  -53.086  1.545 0.0000000000
38698  -61.799  -51.949  0.612 0.0000000000
38699  -62.073  -50.746  -0.373 0.0000000000
38700  -62.321  -49.473  -0.589 0.0000000000
38703  -57.155  -51.624  2.280 0.0000000000
40264  -43.329  -67.722  -3.647 0.0000000000
40270  -45.578  -65.917  -5.442 0.0000000000
40271  -45.217  -66.837  -5.584 0.0000000000
40272  -44.947  -67.962  -5.594 0.0000000000
40273  -43.486  -67.682  -5.732 0.0000000000
40274  -44.158  -68.408  -5.801 0.0000000000
40275  -44.762  -69.161  -5.550 0.0000000000
40317  -54.779  -54.272  -3.996 0.0000000000
40318  -55.341  -51.520  -4.730 0.0000000000
40319  -54.416  -52.953  -4.686 0.0000000000
40320  -53.837  -54.449  -4.752 0.0000000000
40321  -53.256  -54.840  -5.641 0.0000000000
40322  -53.196  -55.620  -6.667 0.0000000000
40323  -53.572  -56.486  -7.636 0.0000000000
40325  -55.131  -49.418  -8.894 0.0000000000
40326  -54.440  -50.813  -8.973 0.0000000000
40327  -55.466  -51.338  -10.761 0.0000000000
40328  -54.802  -51.868  -9.789 0.0000000000
40329  -54.095  -52.341  -8.897 0.0000000000
40330  -54.036  -54.057  -8.632 0.0000000000
40331  -54.061  -55.764  -8.474 0.0000000000
40332  -54.093  -57.293  -8.564 0.0000000000
40333  -54.084  -58.183  -9.124 0.0000000000
40334  -53.566  -58.944  -9.597 0.0000000000
40335  -52.841  -59.249  -9.941 0.0000000000
42293  -48.979  -61.627  -1.381 0.0000000000
42294  -48.812  -62.038  -1.680 0.0000000000
42295  -49.510  -61.958  -1.687 0.0000000000
42296  -53.342  -58.409  -7.126 0.0000000000
42297  -53.260  -58.998  -7.066 0.0000000000
42298  -53.435  -58.694  -7.550 0.0000000000
42299  -53.452  -59.143  -7.849 0.0000000000
42300  -53.602  -58.425  -7.998 0.0000000000
42746  -62.021  -38.722  -9.204 0.0000000000
42747  -62.214  -39.219  -9.123 0.0000000000
42748  -62.344  -38.698  -9.508 0.0000000000
42749  -62.511  -38.712  -9.881 0.0000000000
42750  -62.460  -38.164  -9.931 0.0000000000
43525  -55.950  -53.982  3.373 0.0000000000
43526  -56.040  -54.666  3.555 0.0000000000
43527  -56.540  -54.211  3.278 0.0000000000
43528  -57.178  -54.356  3.304 0.0000000000
43529  -57.056  -53.694  3.084 0.0000000000
43530  -57.581  -53.349  2.916 0.0000000000
43531  -56.957  -53.165  2.951 0.0000000000
43966  -46.795  -65.089  -4.937 0.0000000000
43967  -46.381  -65.484  -4.921 0.0000000000
43968  -46.474  -65.210  -5.090 0.0000000000
43981  -58.226  -47.300  -8.138 0.0000000000
43982  -57.618  -47.792  -8.028 0.0000000000
44694  -53.488  -60.539  -1.881 0.0000000000
44695  -54.008  -60.154  -1.967 0.0000000000
44696  -54.139  -56.336  -3.715 0.0000000000
44697  -53.930  -57.018  -3.813 0.0000000000
44698  -53.808  -56.421  -4.076 0.0000000000
44699  -53.531  -56.518  -4.498 0.0000000000
44700  -53.710  -55.845  -4.381 0.0000000000
45146  -57.361  -39.681  -8.000 0.0000000000
45147  -57.872  -39.939  -7.759 0.0000000000
45148  -57.932  -39.480  -8.205 0.0000000000
45149  -58.546  -39.365  -8.409 0.0000000000
45150  -58.075  -38.996  -8.648 0.0000000000
45923  -48.905  -54.310  5.826 0.0000000000
45924  -48.812  -53.718  5.732 0.0000000000
45926  -51.554  -52.399  4.184 0.0000000000
45927  -52.072  -52.145  3.931 0.0000000000
45928  -52.575  -52.503  3.846 0.0000000000
46366  -46.708  -62.473  -6.049 0.0000000000
46367  -46.242  -62.823  -5.895 0.0000000000
46368  -46.197  -62.403  -6.033 0.0000000000
48159  -43.006  -63.743  -0.920 0.0000000000
48160  -43.696  -63.348  -1.017 0.0000000000
48161  -48.363  -64.204  -3.302 0.0000000000
48162  -47.724  -64.377  -3.261 0.0000000000
48163  -48.266  -64.544  -3.557 0.0000000000
48164  -48.155  -64.782  -3.812 0.0000000000
48165  -48.763  -64.616  -3.863 0.0000000000
48166  -52.845  -61.663  -3.725 0.0000000000
48167  -52.446  -62.153  -3.578 0.0000000000
48168  -52.705  -61.856  -3.940 0.0000000000
48169  -51.177  -62.276  -5.889 0.0000000000
48170  -51.073  -62.533  -5.391 0.0000000000
48171  -50.747  -62.670  -5.629 0.0000000000
48172  -50.264  -63.096  -5.404 0.0000000000
48173  -50.346  -62.815  -5.781 0.0000000000
48174  -49.846  -62.832  -5.941 0.0000000000
48175  -50.373  -62.540  -6.218 0.0000000000
48176  -51.381  -60.396  -8.900 0.0000000000
48177  -50.707  -60.590  -8.361 0.0000000000
49508  -61.435  -51.727  -1.263 0.0000000000
49509  -61.156  -51.758  -1.715 0.0000000000
49510  -61.491  -51.020  -1.807 0.0000000000
49511  -61.423  -46.225  -4.795 0.0000000000
49512  -61.003  -46.861  -4.692 0.0000000000
49513  -60.915  -46.272  -5.181 0.0000000000
49514  -60.355  -46.359  -5.550 0.0000000000
49515  -60.833  -45.823  -5.704 0.0000000000
49516  -61.803  -42.340  -5.476 0.0000000000
49517  -62.215  -42.732  -5.218 0.0000000000
49518  -62.189  -42.231  -5.701 0.0000000000
49519  -61.538  -42.587  -9.011 0.0000000000
49520  -61.653  -43.048  -8.542 0.0000000000
49521  -61.198  -43.154  -8.968 0.0000000000
49522  -60.900  -43.753  -8.811 0.0000000000
49523  -60.759  -43.205  -9.291 0.0000000000
49532  -53.839  -36.333  -9.275 0.0000000000
49533  -54.007  -35.713  -9.621 0.0000000000
49537  -59.101  -35.230  -10.937 0.0000000000
51855  -52.094  -56.907  5.836 0.0000000000
51856  -52.272  -57.607  6.210 0.0000000000
51857  -52.661  -57.350  5.893 0.0000000000
51858  -56.666  -59.587  5.878 0.0000000000
51859  -56.183  -60.084  6.198 0.0000000000
51860  -56.618  -60.408  6.054 0.0000000000
51861  -56.399  -61.102  6.088 0.0000000000
51862  -56.959  -60.661  5.801 0.0000000000
51863  -57.093  -60.808  5.435 0.0000000000
51864  -57.467  -60.137  5.545 0.0000000000
51865  -60.283  -55.883  2.906 0.0000000000
51866  -60.089  -56.679  2.991 0.0000000000
51867  -60.377  -56.150  2.480 0.0000000000
51868  -60.431  -56.422  1.926 0.0000000000
51869  -60.649  -55.631  1.989 0.0000000000
51870  -60.919  -55.170  1.424 0.0000000000
51871  -60.857  -54.929  1.963 0.0000000000
51872  -60.459  -50.782  1.438 0.0000000000
51873  -61.054  -50.906  1.351 0.0000000000
51874  -60.900  -50.200  1.085 0.0000000000
53176  -43.493  -66.092  -2.679 0.0000000000
53177  -42.990  -66.558  -2.667 0.0000000000
53178  -43.535  -66.464  -2.970 0.0000000000
53179  -44.738  -68.358  -4.764 0.0000000000
53180  -44.262  -68.610  -4.574 0.0000000000
53181  -44.461  -68.987  -4.777 0.0000000000
53182  -44.162  -69.577  -4.787 0.0000000000
53183  -44.567  -69.281  -5.021 0.0000000000
53184  -43.601  -65.344  -5.469 0.0000000000
53185  -43.888  -65.810  -5.526 0.0000000000
53186  -43.356  -65.949  -5.508 0.0000000000
53187  -43.309  -70.710  -6.531 0.0000000000
53188  -43.434  -70.323  -6.206 0.0000000000
53224  -53.959  -51.031  -7.276 0.0000000000
53225  -53.810  -51.436  -6.680 0.0000000000
53226  -53.624  -51.780  -7.274 0.0000000000
53227  -53.405  -52.567  -7.312 0.0000000000
53228  -53.557  -52.175  -7.894 0.0000000000
53232  -55.809  -54.414  -10.977 0.0000000000
53233  -55.609  -53.976  -10.631 0.0000000000
53234  -55.613  -54.744  -10.496 0.0000000000
53235  -55.402  -55.103  -10.138 0.0000000000
53236  -55.583  -55.551  -10.499 0.0000000000
53237  -55.324  -56.402  -10.479 0.0000000000
53238  -55.604  -56.053  -10.822 0.0000000000
54299  -55.073  -56.313  -3.112 0.0000000000
54748  -55.636  -39.921  -7.365 0.0000000000
54749  -56.230  -39.841  -7.552 0.0000000000
54750  -55.736  -39.368  -7.809 0.0000000000
57758  -46.025  -62.313  -1.095 0.0000000000
57759  -45.882  -62.706  -1.402 0.0000000000
57760  -46.610  -62.527  -1.466 0.0000000000
57761  -48.659  -62.795  -2.229 0.0000000000
57762  -47.863  -62.932  -2.207 0.0000000000
57763  -48.551  -63.162  -2.531 0.0000000000
57764  -48.465  -63.483  -2.811 0.0000000000
57765  -49.122  -63.373  -2.802 0.0000000000
57766  -53.056  -60.102  -5.410 0.0000000000
57767  -52.944  -60.698  -5.245 0.0000000000
57768  -52.947  -60.226  -5.738 0.0000000000
57769  -52.864  -60.327  -6.798 0.0000000000
57770  -52.634  -60.657  -6.354 0.0000000000
57771  -52.451  -60.934  -6.633 0.0000000000
57772  -52.002  -61.411  -6.434 0.0000000000
57773  -52.188  -61.167  -6.874 0.0000000000
57774  -51.890  -61.377  -7.083 0.0000000000
57775  -52.384  -60.913  -7.304 0.0000000000
57776  -53.147  -59.981  -8.336 0.0000000000
57777  -52.685  -60.540  -8.170 0.0000000000
57778  -52.733  -60.298  -8.598 0.0000000000
57779  -52.276  -60.521  -8.830 0.0000000000
57780  -52.715  -59.983  -8.997 0.0000000000
59108  -62.466  -48.938  -1.546 0.0000000000
59109  -62.296  -48.950  -2.023 0.0000000000
59110  -62.444  -48.281  -2.061 0.0000000000
59111  -62.615  -46.217  -3.096 0.0000000000
59112  -62.452  -46.883  -3.110 0.0000000000
59113  -62.493  -46.205  -3.543 0.0000000000
59114  -62.249  -46.209  -3.962 0.0000000000
59115  -62.513  -45.599  -3.914 0.0000000000
59116  -61.598  -40.525  -7.436 0.0000000000
59117  -61.974  -40.918  -7.262 0.0000000000
59118  -61.991  -40.532  -7.738 0.0000000000
59119  -62.394  -40.223  -9.122 0.0000000000
59120  -62.373  -40.676  -8.636 0.0000000000
59121  -62.277  -40.809  -9.105 0.0000000000
59122  -62.116  -41.424  -9.019 0.0000000000
59123  -62.044  -40.942  -9.517 0.0000000000
59125  -62.035  -40.473  -9.907 0.0000000000
61455  -53.920  -55.672  4.587 0.0000000000
61456  -53.956  -56.424  4.936 0.0000000000
61457  -54.454  -56.030  4.579 0.0000000000
61458  -56.185  -56.233  4.260 0.0000000000
61459  -55.652  -56.752  4.662 0.0000000000
61460  -56.269  -57.059  4.757 0.0000000000
61461  -56.444  -57.908  5.130 0.0000000000
61462  -56.907  -57.355  4.782 0.0000000000
61463  -57.503  -57.688  4.794 0.0000000000
61464  -57.452  -56.764  4.393 0.0000000000
61465  -58.414  -54.921  3.329 0.0000000000
61466  -58.524  -55.692  3.646 0.0000000000
61467  -59.013  -55.147  3.348 0.0000000000
61468  -59.557  -55.393  3.313 0.0000000000
61469  -59.546  -54.671  3.131 0.0000000000
61470  -60.007  -54.279  2.919 0.0000000000
61471  -59.474  -54.028  2.949 0.0000000000
61472  -58.550  -52.620  2.553 0.0000000000
61473  -59.216  -52.799  2.543 0.0000000000
61474  -58.997  -52.259  2.309 0.0000000000
61475  -59.483  -51.816  2.012 0.0000000000
61476  -58.813  -51.664  1.985 0.0000000000
62776  -45.537  -65.776  -3.873 0.0000000000
62777  -45.076  -66.109  -3.775 0.0000000000
62778  -45.479  -65.987  -4.096 0.0000000000
62779  -45.766  -66.420  -4.922 0.0000000000
62780  -45.465  -66.601  -4.661 0.0000000000
62781  -45.473  -66.835  -4.927 0.0000000000
62782  -45.230  -67.294  -4.868 0.0000000000
62783  -45.523  -67.122  -5.193 0.0000000000
62784  -41.348  -66.397  -5.665 0.0000000000
62785  -41.760  -66.854  -5.627 0.0000000000
62786  -41.298  -67.330  -5.879 0.0000000000
62787  -41.198  -69.696  -6.802 0.0000000000
62788  -41.444  -69.140  -6.427 0.0000000000
62789  -41.672  -70.017  -6.734 0.0000000000
62790  -42.183  -70.283  -6.671 0.0000000000
62821  -57.282  -48.509  -5.756 0.0000000000
62822  -56.675  -49.050  -5.543 0.0000000000
62823  -56.735  -48.606  -6.187 0.0000000000
62824  -56.136  -48.680  -7.579 0.0000000000
62825  -55.794  -48.956  -6.971 0.0000000000
62826  -55.385  -49.168  -7.406 0.0000000000
62827  -54.802  -49.706  -7.323 0.0000000000
62828  -54.986  -49.394  -7.862 0.0000000000
64958  -51.520  -61.351  -1.454 0.0000000000
64959  -51.337  -61.598  -1.779 0.0000000000
64960  -51.875  -61.444  -1.826 0.0000000000
64961  -53.015  -60.832  -2.756 0.0000000000
64962  -52.564  -61.271  -2.636 0.0000000000
64963  -52.907  -60.995  -3.004 0.0000000000
64964  -52.914  -61.191  -3.281 0.0000000000
64965  -53.146  -60.643  -3.393 0.0000000000
64966  -54.531  -58.849  -2.859 0.0000000000
64967  -54.160  -59.375  -2.867 0.0000000000
64968  -54.170  -58.866  -3.179 0.0000000000
64969  -53.566  -58.351  -4.172 0.0000000000
64970  -53.644  -58.907  -3.945 0.0000000000
64971  -53.399  -59.040  -4.286 0.0000000000
64972  -53.356  -59.762  -4.243 0.0000000000
64973  -53.302  -59.318  -4.595 0.0000000000
64974  -53.160  -59.685  -4.839 0.0000000000
64975  -53.220  -58.844  -4.916 0.0000000000
64976  -53.154  -57.025  -5.491 0.0000000000
64977  -53.113  -57.806  -5.599 0.0000000000
64978  -53.126  -57.360  -5.925 0.0000000000
64979  -53.132  -57.703  -6.344 0.0000000000
64980  -53.095  -56.988  -6.314 0.0000000000
66313  -60.513  -42.822  -4.798 0.0000000000
66314  -60.948  -42.698  -4.991 0.0000000000
66315  -60.340  -42.380  -5.407 0.0000000000
66318  -57.929  -41.669  -6.285 0.0000000000
66319  -58.896  -40.685  -7.105 0.0000000000
66320  -58.941  -41.260  -6.630 0.0000000000
66321  -59.467  -41.026  -6.759 0.0000000000
66322  -60.079  -41.378  -6.393 0.0000000000
66323  -60.004  -40.866  -6.904 0.0000000000
66324  -60.503  -40.706  -7.060 0.0000000000
66325  -60.074  -40.400  -7.454 0.0000000000
66326  -59.841  -39.144  -8.640 0.0000000000
66327  -60.328  -39.483  -8.326 0.0000000000
66328  -60.477  -39.015  -8.740 0.0000000000
66329  -61.060  -38.897  -8.838 0.0000000000
66330  -60.585  -38.509  -9.107 0.0000000000
68650  -50.079  -55.138  5.856 0.0000000000
68651  -50.215  -55.751  6.170 0.0000000000
68652  -50.587  -55.530  5.881 0.0000000000
68653  -51.108  -55.963  5.909 0.0000000000
68654  -50.975  -55.299  5.608 0.0000000000
68655  -49.597  -52.738  5.231 0.0000000000
68656  -49.679  -53.313  5.312 0.0000000000
68657  -50.104  -53.142  5.011 0.0000000000
68658  -51.629  -53.661  4.465 0.0000000000
68659  -51.171  -53.954  4.749 0.0000000000
68660  -51.749  -54.249  4.697 0.0000000000
68661  -51.832  -54.828  4.993 0.0000000000
68662  -52.289  -54.558  4.644 0.0000000000
68663  -52.815  -54.927  4.625 0.0000000000
68664  -52.737  -54.305  4.311 0.0000000000
68665  -53.671  -53.061  3.577 0.0000000000
68666  -53.726  -53.685  3.726 0.0000000000
68667  -54.244  -53.316  3.495 0.0000000000
68668  -54.790  -53.590  3.494 0.0000000000
68669  -54.714  -52.892  3.351 0.0000000000
68670  -55.211  -52.532  3.153 0.0000000000
68671  -54.616  -52.309  3.231 0.0000000000
69976  -46.846  -63.900  -5.380 0.0000000000
69977  -46.439  -64.306  -5.408 0.0000000000
69978  -46.378  -63.955  -5.512 0.0000000000
69979  -45.253  -63.453  -5.668 0.0000000000
69980  -45.371  -63.911  -5.626 0.0000000000
69981  -44.777  -63.849  -5.572 0.0000000000
69982  -44.349  -64.271  -5.507 0.0000000000
69983  -44.127  -63.828  -5.463 0.0000000000
69989  -42.724  -63.337  -5.200 0.0000000000
69990  -42.849  -63.806  -5.241 0.0000000000
69991  -42.301  -63.942  -5.248 0.0000000000
69992  -41.918  -64.764  -5.323 0.0000000000
75356  -43.085  -64.502  -1.600 0.0000000000
75357  -42.502  -65.034  -1.496 0.0000000000
75358  -43.164  -64.934  -1.870 0.0000000000
75359  -43.268  -65.375  -2.165 0.0000000000
75360  -43.809  -64.905  -2.221 0.0000000000
75361  -45.840  -63.324  -1.992 0.0000000000
75362  -45.072  -63.509  -1.850 0.0000000000
75363  -45.811  -63.679  -2.238 0.0000000000
75364  -46.336  -64.667  -3.144 0.0000000000
75365  -45.753  -64.451  -2.722 0.0000000000
75366  -45.709  -64.792  -2.989 0.0000000000
75367  -45.044  -64.997  -2.909 0.0000000000
75368  -45.634  -65.068  -3.277 0.0000000000
75369  -45.541  -65.317  -3.478 0.0000000000
75370  -46.124  -65.175  -3.622 0.0000000000
75371  -47.906  -65.176  -4.438 0.0000000000
75372  -47.253  -65.319  -4.333 0.0000000000
75373  -47.693  -65.193  -4.599 0.0000000000
75374  -47.422  -65.161  -4.672 0.0000000000
75375  -47.945  -64.962  -4.767 0.0000000000
75376  -51.221  -62.283  -2.351 0.0000000000
75377  -50.659  -62.514  -2.294 0.0000000000
75378  -51.169  -62.595  -2.564 0.0000000000
75379  -51.401  -62.999  -3.323 0.0000000000
75380  -51.013  -63.114  -3.018 0.0000000000
75381  -50.857  -63.383  -3.262 0.0000000000
75382  -50.237  -63.577  -3.281 0.0000000000
75383  -50.611  -63.482  -3.557 0.0000000000
75384  -52.336  -61.748  -4.913 0.0000000000
75385  -52.174  -62.062  -4.469 0.0000000000
75386  -51.889  -62.133  -4.710 0.0000000000
75387  -50.718  -63.134  -4.648 0.0000000000
75388  -50.976  -62.977  -4.357 0.0000000000
75389  -50.468  -63.449  -4.345 0.0000000000
75390  -50.138  -63.756  -4.145 0.0000000000
75391  -49.907  -63.906  -4.381 0.0000000000
75392  -49.375  -64.323  -4.387 0.0000000000
75393  -49.661  -64.057  -4.622 0.0000000000
75394  -49.165  -63.729  -5.154 0.0000000000
75395  -49.050  -64.098  -4.970 0.0000000000
75396  -48.678  -64.052  -5.102 0.0000000000
75397  -48.154  -64.353  -5.050 0.0000000000
75398  -48.223  -63.927  -5.170 0.0000000000
75399  -47.746  -63.852  -5.200 0.0000000000
75400  -48.257  -63.572  -5.309 0.0000000000
75401  -48.806  -62.597  -5.988 0.0000000000
75402  -48.239  -62.854  -5.740 0.0000000000
75403  -48.283  -62.600  -5.992 0.0000000000
75404  -47.768  -62.599  -6.013 0.0000000000
75405  -48.330  -62.288  -6.221 0.0000000000
75406  -51.053  -61.553  -7.285 0.0000000000
75407  -50.521  -61.900  -6.929 0.0000000000
75408  -50.530  -61.554  -7.286 0.0000000000
75409  -49.557  -60.929  -7.439 0.0000000000
75410  -49.441  -61.330  -7.142 0.0000000000
75411  -48.937  -61.159  -7.024 0.0000000000
75412  -48.357  -61.456  -6.720 0.0000000000
79403  -59.893  -54.519  -1.274 0.0000000000
79404  -59.476  -54.405  -1.610 0.0000000000
79405  -59.962  -53.803  -1.686 0.0000000000
79406  -60.461  -51.686  -2.647 0.0000000000
79407  -60.047  -52.318  -2.546 0.0000000000
79408  -59.934  -51.615  -2.935 0.0000000000
79409  -59.332  -51.439  -3.234 0.0000000000
79410  -59.757  -50.962  -3.372 0.0000000000
79411  -61.801  -48.932  -2.926 0.0000000000
79412  -61.520  -49.704  -2.988 0.0000000000
79413  -61.393  -49.002  -3.369 0.0000000000
79414  -60.127  -48.168  -4.480 0.0000000000
79415  -60.321  -48.937  -4.130 0.0000000000
79416  -59.693  -48.835  -4.378 0.0000000000
79417  -59.293  -49.458  -4.178 0.0000000000
79418  -59.041  -48.684  -4.655 0.0000000000
79419  -58.378  -48.535  -4.980 0.0000000000
79420  -58.849  -47.986  -5.122 0.0000000000
79421  -59.379  -46.598  -6.463 0.0000000000
79422  -58.866  -47.048  -6.273 0.0000000000
79423  -59.084  -46.789  -6.878 0.0000000000
79424  -58.843  -46.956  -7.346 0.0000000000
79425  -59.456  -46.565  -7.416 0.0000000000
79426  -61.991  -44.004  -3.342 0.0000000000
79427  -62.291  -44.505  -3.240 0.0000000000
79428  -62.389  -43.905  -3.608 0.0000000000
79429  -62.700  -43.562  -4.919 0.0000000000
79430  -62.815  -43.895  -4.378 0.0000000000
79431  -62.681  -44.009  -4.910 0.0000000000
79432  -62.511  -44.532  -4.921 0.0000000000
79433  -62.378  -44.155  -5.429 0.0000000000
79434  -62.551  -41.800  -7.062 0.0000000000
79435  -62.620  -42.280  -6.522 0.0000000000
79436  -62.568  -42.397  -7.077 0.0000000000
79437  -61.747  -43.877  -7.533 0.0000000000
79438  -62.116  -43.638  -7.031 0.0000000000
79439  -61.735  -44.207  -7.047 0.0000000000
79440  -61.655  -44.523  -6.505 0.0000000000
79441  -61.352  -44.712  -6.999 0.0000000000
79442  -60.941  -45.190  -6.881 0.0000000000
79443  -61.031  -44.870  -7.441 0.0000000000
79444  -60.230  -44.801  -8.548 0.0000000000
79445  -60.311  -45.228  -8.143 0.0000000000
79446  -59.956  -45.347  -8.479 0.0000000000
79447  -59.701  -45.933  -8.363 0.0000000000
79471  -52.838  -38.392  -7.743 0.0000000000
79472  -53.382  -38.751  -7.649 0.0000000000
79473  -53.467  -38.190  -8.063 0.0000000000
79474  -54.876  -37.276  -9.012 0.0000000000
79475  -54.712  -37.826  -8.611 0.0000000000
79476  -55.342  -37.733  -8.876 0.0000000000
79477  -55.812  -38.222  -8.724 0.0000000000
79478  -55.971  -37.658  -9.099 0.0000000000
79480  -55.302  -35.441  -10.098 0.0000000000
79481  -55.985  -35.322  -10.299 0.0000000000
79482  -57.600  -36.132  -10.244 0.0000000000
79483  -56.942  -36.274  -10.068 0.0000000000
79484  -57.404  -36.784  -9.877 0.0000000000
79485  -57.194  -37.433  -9.489 0.0000000000
79486  -57.862  -37.340  -9.634 0.0000000000
79487  -58.374  -37.862  -9.409 0.0000000000
79488  -58.501  -37.222  -9.760 0.0000000000
79489  -59.998  -36.403  -10.357 0.0000000000
79490  -59.805  -37.010  -10.003 0.0000000000
79491  -60.460  -36.889  -10.096 0.0000000000
79492  -60.902  -37.336  -9.791 0.0000000000
79493  -61.079  -36.741  -10.197 0.0000000000
79512  -62.517  -35.312  -11.339 0.0000000000
79513  -62.039  -35.388  -11.101 0.0000000000
79514  -62.393  -35.904  -10.968 0.0000000000
79515  -62.194  -36.526  -10.596 0.0000000000
79516  -62.604  -36.473  -10.904 0.0000000000
79517  -62.763  -37.097  -10.845 0.0000000000
79518  -62.887  -36.467  -11.255 0.0000000000
86447  -51.106  -58.268  7.437 0.0000000000
86448  -52.573  -59.129  7.191 0.0000000000
86449  -52.167  -59.334  7.639 0.0000000000
86450  -52.722  -59.871  7.771 0.0000000000
86452  -53.331  -60.470  7.914 0.0000000000
86453  -54.216  -57.956  5.602 0.0000000000
86454  -53.808  -58.379  5.994 0.0000000000
86455  -54.401  -58.754  6.017 0.0000000000
86456  -55.251  -60.885  6.987 0.0000000000
86457  -54.734  -60.452  7.036 0.0000000000
86458  -54.809  -61.248  7.363 0.0000000000
86470  -56.968  -60.839  4.515 0.0000000000
86474  -57.313  -60.237  3.552 0.0000000000
86475  -58.518  -58.147  4.751 0.0000000000
86476  -58.483  -58.917  4.858 0.0000000000
86477  -58.859  -58.343  4.472 0.0000000000
86478  -59.288  -58.098  2.861 0.0000000000
86479  -58.911  -58.665  3.447 0.0000000000
86480  -58.769  -58.740  2.785 0.0000000000
86481  -58.178  -59.260  2.685 0.0000000000
86482  -58.567  -58.754  2.209 0.0000000000
86483  -58.279  -58.812  1.658 0.0000000000
86484  -58.944  -58.309  1.711 0.0000000000
86485  -60.142  -56.748  0.751 0.0000000000
86486  -59.631  -57.431  0.664 0.0000000000
86487  -59.793  -56.909  0.172 0.0000000000
86488  -59.384  -57.107  -0.336 0.0000000000
86489  -59.888  -56.286  -0.245 0.0000000000
86490  -59.895  -55.742  -0.621 0.0000000000
86491  -60.291  -55.595  -0.108 0.0000000000
86492  -61.202  -54.052  0.602 0.0000000000
86493  -61.037  -54.225  0.100 0.0000000000
86494  -61.361  -53.547  0.155 0.0000000000
86495  -61.431  -52.920  -0.279 0.0000000000
86496  -61.625  -52.808  0.197 0.0000000000
86497  -60.872  -53.378  2.277 0.0000000000
86498  -61.150  -53.586  1.927 0.0000000000
86499  -61.227  -52.915  1.854 0.0000000000
86500  -61.756  -51.194  0.882 0.0000000000
86501  -61.709  -51.865  0.994 0.0000000000
86502  -61.880  -51.284  0.536 0.0000000000
86503  -61.960  -51.303  0.096 0.0000000000
86504  -62.075  -50.654  0.027 0.0000000000
86505  -62.238  -50.102  -0.465 0.0000000000
86506  -62.151  -50.030  -0.065 0.0000000000
86512  -56.141  -51.806  2.609 0.0000000000
86513  -56.724  -52.010  2.599 0.0000000000
90414  -44.158  -66.954  -3.809 0.0000000000
90415  -43.703  -67.146  -3.607 0.0000000000
90416  -43.753  -67.463  -3.886 0.0000000000
90429  -45.761  -65.101  -5.481 0.0000000000
90430  -45.863  -65.473  -5.378 0.0000000000
90431  -45.448  -65.532  -5.538 0.0000000000
90432  -44.508  -66.580  -5.654 0.0000000000
90433  -44.979  -66.458  -5.686 0.0000000000
90434  -44.844  -66.980  -5.674 0.0000000000
90435  -45.078  -67.394  -5.588 0.0000000000
90436  -44.688  -67.558  -5.681 0.0000000000
90437  -42.650  -67.698  -5.715 0.0000000000
90438  -43.092  -67.283  -5.659 0.0000000000
90439  -43.098  -68.091  -5.774 0.0000000000
90440  -43.996  -69.528  -5.931 0.0000000000
90441  -43.889  -68.834  -5.867 0.0000000000
90442  -44.288  -69.173  -5.876 0.0000000000
90443  -44.543  -68.763  -5.742 0.0000000000
90444  -44.575  -69.500  -5.687 0.0000000000
90445  -44.657  -69.869  -5.474 0.0000000000
90446  -44.615  -70.206  -5.741 0.0000000000
90547  -55.377  -54.276  -3.640 0.0000000000
90548  -55.245  -53.632  -3.988 0.0000000000
90549  -55.624  -50.207  -5.232 0.0000000000
90550  -55.790  -50.803  -4.717 0.0000000000
90551  -55.166  -50.864  -5.155 0.0000000000
90552  -53.808  -52.476  -5.605 0.0000000000
90553  -54.264  -52.313  -5.124 0.0000000000
90554  -53.922  -53.071  -5.138 0.0000000000
90555  -54.090  -53.696  -4.729 0.0000000000
90556  -53.676  -53.825  -5.178 0.0000000000
90557  -53.478  -54.602  -5.197 0.0000000000
90558  -53.349  -54.017  -5.651 0.0000000000
90559  -53.329  -54.298  -7.140 0.0000000000
90560  -53.191  -54.736  -6.625 0.0000000000
90561  -53.302  -55.217  -7.124 0.0000000000
90562  -53.344  -56.056  -7.190 0.0000000000
90563  -53.495  -55.635  -7.608 0.0000000000
90569  -55.040  -49.858  -9.448 0.0000000000
90570  -54.718  -50.040  -8.974 0.0000000000
90571  -54.783  -50.563  -9.483 0.0000000000
90575  -55.035  -53.019  -10.010 0.0000000000
90576  -55.087  -52.284  -10.114 0.0000000000
90577  -54.737  -52.570  -9.672 0.0000000000
90578  -54.471  -52.105  -9.381 0.0000000000
90579  -54.332  -52.804  -9.223 0.0000000000
90580  -54.009  -53.148  -8.766 0.0000000000
90581  -54.308  -53.694  -9.112 0.0000000000
90582  -54.715  -55.848  -9.320 0.0000000000
90583  -54.344  -55.440  -8.937 0.0000000000
90584  -54.395  -56.179  -8.953 0.0000000000
90585  -54.138  -56.544  -8.512 0.0000000000
90586  -54.389  -56.953  -8.981 0.0000000000
90587  -54.171  -57.698  -8.914 0.0000000000
90588  -54.468  -57.381  -9.457 0.0000000000
90589  -54.296  -58.038  -10.337 0.0000000000
90590  -54.072  -58.310  -9.894 0.0000000000
90591  -53.759  -58.643  -10.137 0.0000000000
90592  -53.202  -59.174  -9.758 0.0000000000
90593  -53.419  -58.847  -10.301 0.0000000000
90595  -55.096  -57.015  -11.540 0.0000000000
94559  -47.463  -61.887  -1.233 0.0000000000
94560  -47.331  -62.320  -1.532 0.0000000000
94561  -48.071  -62.149  -1.609 0.0000000000
94562  -48.716  -62.412  -1.933 0.0000000000
94563  -49.341  -62.679  -2.202 0.0000000000
94564  -53.108  -59.160  -6.205 0.0000000000
94565  -53.016  -59.782  -6.147 0.0000000000
94566  -53.116  -59.393  -6.572 0.0000000000
94567  -53.092  -59.754  -6.939 0.0000000000
94568  -53.013  -60.112  -7.219 0.0000000000
94569  -52.824  -60.449  -7.461 0.0000000000
94570  -53.201  -59.862  -7.659 0.0000000000
94571  -53.371  -59.578  -8.085 0.0000000000
94572  -53.541  -59.314  -8.482 0.0000000000
95370  -62.530  -47.617  -2.111 0.0000000000
95371  -62.557  -46.953  -2.167 0.0000000000
95372  -62.611  -46.246  -2.623 0.0000000000
95373  -62.657  -45.622  -3.076 0.0000000000
95374  -61.813  -39.632  -8.371 0.0000000000
95375  -62.090  -40.135  -8.199 0.0000000000
95376  -62.142  -39.671  -8.698 0.0000000000
95377  -62.363  -39.704  -9.103 0.0000000000
95378  -62.401  -39.758  -9.566 0.0000000000
95379  -62.275  -39.856  -9.960 0.0000000000
95380  -62.453  -39.222  -9.954 0.0000000000
95381  -62.529  -38.744  -10.319 0.0000000000
96777  -54.951  -54.899  3.953 0.0000000000
96778  -54.971  -55.635  4.229 0.0000000000
96779  -55.534  -55.151  3.855 0.0000000000
96780  -56.122  -55.446  3.833 0.0000000000
96781  -56.746  -55.702  3.884 0.0000000000
96782  -57.415  -55.938  3.903 0.0000000000
96783  -57.268  -55.143  3.599 0.0000000000
96784  -57.791  -54.627  3.331 0.0000000000
96785  -58.321  -54.149  3.102 0.0000000000
96786  -58.881  -53.796  2.945 0.0000000000
96787  -58.206  -53.560  2.941 0.0000000000
96788  -58.091  -52.975  2.754 0.0000000000
96789  -57.961  -52.393  2.532 0.0000000000
97570  -46.377  -65.525  -4.463 0.0000000000
97571  -45.851  -65.860  -4.401 0.0000000000
97572  -46.177  -65.724  -4.670 0.0000000000
97573  -46.047  -65.958  -4.902 0.0000000000
97574  -45.918  -66.159  -5.110 0.0000000000
97575  -40.561  -67.381  -6.247 0.0000000000
97576  -40.908  -67.824  -6.201 0.0000000000
97577  -40.612  -68.324  -6.568 0.0000000000
97597  -57.640  -47.781  -7.018 0.0000000000
97598  -56.984  -48.293  -6.820 0.0000000000
97599  -57.311  -48.014  -7.434 0.0000000000
97600  -56.922  -48.238  -7.820 0.0000000000
97601  -56.500  -48.462  -8.202 0.0000000000
98879  -52.694  -60.987  -1.449 0.0000000000
98880  -52.417  -61.248  -1.912 0.0000000000
98881  -52.991  -60.901  -1.890 0.0000000000
98882  -53.233  -60.702  -2.343 0.0000000000
98883  -53.420  -60.384  -2.813 0.0000000000
98884  -54.417  -57.615  -3.261 0.0000000000
98885  -54.138  -58.259  -3.421 0.0000000000
98886  -54.091  -57.615  -3.608 0.0000000000
98887  -53.757  -57.687  -3.987 0.0000000000
98888  -53.446  -57.787  -4.401 0.0000000000
98889  -53.249  -57.992  -4.835 0.0000000000
98890  -53.338  -57.219  -4.654 0.0000000000
98891  -53.278  -56.733  -4.983 0.0000000000
98892  -53.206  -56.280  -5.315 0.0000000000
99694  -57.256  -40.676  -7.010 0.0000000000
99695  -57.831  -41.070  -6.763 0.0000000000
99696  -57.808  -40.483  -7.252 0.0000000000
99697  -58.367  -40.325  -7.424 0.0000000000
99698  -58.942  -40.208  -7.584 0.0000000000
99699  -59.524  -40.106  -7.767 0.0000000000
99700  -59.045  -39.721  -8.129 0.0000000000
99701  -59.189  -39.257  -8.547 0.0000000000
99702  -59.301  -38.801  -8.891 0.0000000000
101093  -49.163  -55.485  6.421 0.0000000000
101094  -49.023  -54.878  6.068 0.0000000000
101095  -49.482  -54.722  5.807 0.0000000000
101096  -49.926  -54.528  5.605 0.0000000000
101097  -50.532  -52.332  4.694 0.0000000000
101098  -50.569  -52.928  4.758 0.0000000000
101099  -51.045  -52.694  4.517 0.0000000000
101100  -51.567  -53.020  4.305 0.0000000000
101101  -52.113  -53.391  4.177 0.0000000000
101102  -52.665  -53.725  4.069 0.0000000000
101103  -52.606  -53.118  3.929 0.0000000000
101104  -53.120  -52.809  3.719 0.0000000000
101105  -53.636  -52.403  3.478 0.0000000000
101106  -54.116  -52.040  3.223 0.0000000000
101890  -46.772  -63.221  -5.737 0.0000000000
101891  -46.354  -63.584  -5.676 0.0000000000
101892  -46.301  -63.187  -5.780 0.0000000000
101893  -45.753  -63.105  -5.777 0.0000000000
101894  -45.131  -63.034  -5.746 0.0000000000
105118  -42.381  -64.218  -0.877 0.0000000000
105119  -43.025  -64.121  -1.252 0.0000000000
105120  -43.652  -64.073  -1.683 0.0000000000
105121  -47.204  -63.793  -2.722 0.0000000000
105122  -46.494  -63.906  -2.607 0.0000000000
105123  -47.129  -64.152  -2.949 0.0000000000
105124  -47.033  -64.532  -3.203 0.0000000000
105125  -46.940  -64.847  -3.474 0.0000000000
105126  -46.842  -65.106  -3.728 0.0000000000
105127  -47.523  -64.967  -3.779 0.0000000000
105128  -48.116  -65.020  -4.143 0.0000000000
105129  -48.517  -64.907  -4.445 0.0000000000
105130  -52.148  -62.122  -2.933 0.0000000000
105131  -51.580  -62.564  -2.797 0.0000000000
105132  -52.064  -62.392  -3.195 0.0000000000
105133  -51.931  -62.604  -3.458 0.0000000000
105134  -51.750  -62.771  -3.698 0.0000000000
105135  -51.718  -61.979  -5.435 0.0000000000
105136  -51.598  -62.254  -4.941 0.0000000000
105137  -51.316  -62.412  -5.148 0.0000000000
105138  -50.944  -62.830  -5.019 0.0000000000
105139  -50.416  -63.252  -4.851 0.0000000000
105140  -49.943  -63.747  -4.860 0.0000000000
105141  -50.111  -63.403  -5.094 0.0000000000
105142  -49.723  -63.453  -5.258 0.0000000000
105143  -49.265  -63.397  -5.369 0.0000000000
105144  -48.788  -63.305  -5.477 0.0000000000
105145  -49.310  -63.065  -5.697 0.0000000000
105146  -49.333  -62.715  -5.988 0.0000000000
105147  -49.363  -62.382  -6.258 0.0000000000
105148  -51.129  -61.091  -8.016 0.0000000000
105149  -50.586  -61.296  -7.595 0.0000000000
105150  -50.631  -60.955  -7.968 0.0000000000
105151  -50.131  -60.744  -7.905 0.0000000000
107546  -60.754  -53.194  -1.180 0.0000000000
107547  -60.397  -53.154  -1.680 0.0000000000
107548  -60.792  -52.475  -1.671 0.0000000000
107549  -60.835  -51.745  -2.172 0.0000000000
107550  -60.860  -51.064  -2.733 0.0000000000
107551  -61.563  -47.561  -3.848 0.0000000000
107552  -61.236  -48.289  -3.804 0.0000000000
107553  -61.101  -47.545  -4.212 0.0000000000
107554  -60.560  -47.515  -4.579 0.0000000000
107555  -59.955  -47.462  -4.899 0.0000000000
107556  -59.284  -47.398  -5.204 0.0000000000
107557  -59.831  -46.891  -5.415 0.0000000000
107558  -59.813  -46.450  -6.027 0.0000000000
107559  -59.947  -46.068  -6.618 0.0000000000
107560  -62.098  -43.220  -4.288 0.0000000000
107561  -62.465  -43.429  -4.065 0.0000000000
107562  -62.346  -43.152  -4.633 0.0000000000
107563  -62.533  -43.148  -5.016 0.0000000000
107564  -62.593  -43.216  -5.468 0.0000000000
107565  -62.270  -42.281  -8.108 0.0000000000
107566  -62.362  -42.657  -7.615 0.0000000000
107567  -62.034  -42.878  -8.090 0.0000000000
107568  -61.709  -43.460  -8.037 0.0000000000
107569  -61.391  -44.054  -7.974 0.0000000000
107570  -61.048  -44.519  -7.865 0.0000000000
107571  -61.003  -44.182  -8.334 0.0000000000
107572  -60.551  -44.286  -8.650 0.0000000000
107587  -53.029  -37.075  -8.653 0.0000000000
107588  -53.562  -37.550  -8.484 0.0000000000
107589  -53.696  -36.929  -8.887 0.0000000000
107590  -54.346  -36.822  -9.132 0.0000000000
107591  -55.013  -36.730  -9.394 0.0000000000
107595  -57.791  -35.531  -10.580 0.0000000000
107596  -58.252  -35.998  -10.416 0.0000000000
107597  -58.687  -36.532  -10.147 0.0000000000
107598  -58.920  -35.904  -10.564 0.0000000000
107599  -59.576  -35.825  -10.668 0.0000000000
107600  -60.241  -35.726  -10.724 0.0000000000
111771  -51.434  -57.364  6.556 0.0000000000
111772  -51.513  -58.085  6.970 0.0000000000
111773  -51.909  -57.838  6.579 0.0000000000
111774  -52.397  -58.414  6.656 0.0000000000
111775  -52.974  -58.955  6.763 0.0000000000
111776  -55.469  -58.832  5.798 0.0000000000
111777  -55.015  -59.214  6.119 0.0000000000
111778  -55.624  -59.686  6.221 0.0000000000
111779  -55.683  -60.507  6.594 0.0000000000
111780  -55.645  -61.224  6.752 0.0000000000
111781  -55.424  -61.856  6.763 0.0000000000
111782  -55.940  -61.526  6.451 0.0000000000
111783  -55.983  -61.698  6.012 0.0000000000
111784  -55.934  -61.807  5.525 0.0000000000
111786  -56.535  -61.330  5.242 0.0000000000
111787  -57.126  -60.887  5.006 0.0000000000
111788  -57.672  -60.324  4.663 0.0000000000
111789  -59.389  -56.966  3.863 0.0000000000
111790  -59.209  -57.767  4.007 0.0000000000
111791  -59.612  -57.219  3.510 0.0000000000
111792  -59.710  -57.427  3.006 0.0000000000
111793  -59.705  -57.581  2.379 0.0000000000
111794  -59.563  -57.741  1.779 0.0000000000
111795  -60.097  -57.075  1.855 0.0000000000
111796  -60.373  -56.636  1.349 0.0000000000
111797  -60.543  -56.041  0.888 0.0000000000
111798  -60.608  -55.478  0.447 0.0000000000
111799  -60.826  -55.335  0.987 0.0000000000
111800  -61.054  -54.586  1.012 0.0000000000
111801  -61.312  -53.888  1.091 0.0000000000
111802  -60.711  -52.108  1.941 0.0000000000
111803  -61.214  -52.258  1.746 0.0000000000
111804  -61.152  -51.550  1.566 0.0000000000
111805  -61.482  -51.044  1.138 0.0000000000
111806  -61.733  -50.506  0.717 0.0000000000
111807  -61.992  -49.992  0.283 0.0000000000
114153  -44.362  -67.660  -4.332 0.0000000000
114154  -43.883  -67.868  -4.128 0.0000000000
114155  -44.074  -68.246  -4.345 0.0000000000
114156  -43.831  -68.851  -4.368 0.0000000000
114162  -44.692  -65.113  -5.569 0.0000000000
114163  -44.931  -65.592  -5.631 0.0000000000
114164  -44.383  -65.658  -5.559 0.0000000000
114165  -44.177  -66.199  -5.593 0.0000000000
114166  -44.015  -66.737  -5.666 0.0000000000
114167  -42.800  -69.321  -6.064 0.0000000000
114168  -43.177  -68.866  -5.890 0.0000000000
114169  -43.250  -69.614  -6.029 0.0000000000
114170  -43.724  -69.922  -6.033 0.0000000000
114171  -44.151  -70.189  -6.029 0.0000000000
114172  -44.482  -70.502  -5.935 0.0000000000
114234  -54.560  -50.454  -6.176 0.0000000000
114235  -54.587  -50.957  -5.595 0.0000000000
114236  -54.096  -51.101  -6.149 0.0000000000
114237  -53.735  -51.922  -6.143 0.0000000000
114238  -53.445  -52.671  -6.105 0.0000000000
114239  -53.230  -53.449  -6.169 0.0000000000
114240  -53.304  -52.990  -6.723 0.0000000000
114241  -53.304  -53.421  -7.250 0.0000000000
114242  -53.444  -53.920  -7.693 0.0000000000
114248  -55.822  -52.936  -11.305 0.0000000000
114249  -55.652  -52.478  -10.978 0.0000000000
114250  -55.618  -53.203  -10.780 0.0000000000
114251  -55.330  -53.491  -10.314 0.0000000000
114252  -54.991  -53.820  -9.868 0.0000000000
114253  -54.691  -54.186  -9.420 0.0000000000
114254  -55.044  -54.647  -9.722 0.0000000000
114255  -55.098  -55.482  -9.734 0.0000000000
114256  -54.972  -56.309  -9.761 0.0000000000
114257  -54.706  -57.111  -9.812 0.0000000000
114258  -55.075  -56.842  -10.183 0.0000000000
114259  -54.843  -57.295  -10.458 0.0000000000
114260  -54.579  -57.741  -10.712 0.0000000000
115953  -54.828  -57.617  -2.952 0.0000000000
115954  -54.728  -56.945  -3.161 0.0000000000
115955  -54.605  -56.285  -3.425 0.0000000000
115956  -54.436  -55.673  -3.707 0.0000000000
116583  -56.709  -40.828  -6.787 0.0000000000
116584  -56.723  -40.283  -7.271 0.0000000000
116585  -56.787  -39.792  -7.771 0.0000000000
116586  -56.838  -39.225  -8.244 0.0000000000
117668  -48.718  -53.101  5.737 0.0000000000
120797  -44.470  -62.740  -0.839 0.0000000000
120798  -44.446  -63.038  -1.172 0.0000000000
120799  -45.200  -62.811  -1.314 0.0000000000
120800  -45.868  -62.983  -1.703 0.0000000000
120801  -46.540  -63.175  -2.069 0.0000000000
120802  -47.200  -62.718  -1.850 0.0000000000
120803  -47.175  -63.049  -2.129 0.0000000000
120804  -47.191  -63.394  -2.466 0.0000000000
120805  -47.819  -63.662  -2.778 0.0000000000
120806  -48.428  -63.865  -3.062 0.0000000000
120807  -49.000  -64.010  -3.323 0.0000000000
120808  -53.042  -60.972  -4.487 0.0000000000
120809  -52.825  -61.536  -4.283 0.0000000000
120810  -52.892  -61.128  -4.749 0.0000000000
120811  -52.703  -61.212  -5.059 0.0000000000
120812  -52.404  -61.348  -5.398 0.0000000000
120813  -52.816  -60.389  -6.047 0.0000000000
120814  -52.498  -60.977  -5.890 0.0000000000
120815  -52.111  -61.516  -5.690 0.0000000000
120816  -51.860  -61.672  -5.955 0.0000000000
120817  -51.584  -61.877  -6.166 0.0000000000
120818  -51.274  -62.041  -6.383 0.0000000000
120819  -50.848  -62.129  -6.581 0.0000000000
120820  -51.382  -61.807  -6.837 0.0000000000
120821  -51.491  -61.461  -7.222 0.0000000000
120822  -51.603  -61.256  -7.592 0.0000000000
120823  -52.566  -60.701  -7.741 0.0000000000
120824  -52.163  -60.950  -7.904 0.0000000000
120825  -51.658  -61.097  -8.002 0.0000000000
120826  -51.678  -60.853  -8.505 0.0000000000
120827  -51.827  -60.501  -8.894 0.0000000000
120828  -51.964  -60.149  -9.248 0.0000000000
122687  -62.075  -50.252  -1.368 0.0000000000
122688  -61.836  -50.281  -1.901 0.0000000000
122689  -62.090  -49.626  -1.987 0.0000000000
122690  -62.073  -48.968  -2.507 0.0000000000
122691  -62.043  -48.254  -3.016 0.0000000000
122692  -62.452  -47.639  -2.576 0.0000000000
122693  -62.231  -47.594  -3.079 0.0000000000
122694  -61.949  -47.564  -3.480 0.0000000000
122695  -61.935  -46.850  -3.946 0.0000000000
122696  -61.879  -46.191  -4.391 0.0000000000
122697  -61.800  -45.632  -4.841 0.0000000000
122698  -61.609  -41.415  -6.484 0.0000000000
122699  -62.090  -41.793  -6.228 0.0000000000
122700  -62.030  -41.324  -6.713 0.0000000000
122701  -62.330  -41.340  -7.068 0.0000000000
122702  -62.440  -41.449  -7.536 0.0000000000
122703  -62.297  -40.587  -8.081 0.0000000000
122704  -62.401  -41.075  -8.017 0.0000000000
122705  -62.390  -41.659  -8.058 0.0000000000
122706  -62.199  -41.871  -8.548 0.0000000000
122707  -61.890  -42.022  -8.976 0.0000000000
122708  -61.471  -42.126  -9.410 0.0000000000
125973  -52.923  -56.325  5.268 0.0000000000
125974  -53.100  -57.065  5.535 0.0000000000
125975  -53.533  -56.771  5.231 0.0000000000
125976  -54.109  -57.182  5.225 0.0000000000
125977  -54.676  -57.569  5.292 0.0000000000
125978  -55.031  -56.377  4.583 0.0000000000
125979  -55.141  -57.139  4.955 0.0000000000
125980  -55.282  -57.994  5.410 0.0000000000
125981  -55.959  -58.395  5.482 0.0000000000
125982  -56.589  -58.711  5.530 0.0000000000
125983  -57.165  -59.055  5.524 0.0000000000
125984  -57.647  -59.341  5.449 0.0000000000
125985  -57.642  -58.522  5.146 0.0000000000
125986  -58.049  -57.932  4.797 0.0000000000
125987  -58.515  -57.328  4.427 0.0000000000
125988  -57.987  -56.226  3.995 0.0000000000
125989  -58.520  -56.488  4.031 0.0000000000
125990  -59.037  -56.709  4.011 0.0000000000
125991  -59.502  -56.171  3.614 0.0000000000
125992  -59.969  -55.644  3.212 0.0000000000
125993  -60.388  -55.087  2.830 0.0000000000
125994  -60.684  -54.715  2.399 0.0000000000
125995  -60.385  -54.515  2.722 0.0000000000
125996  -60.426  -53.846  2.658 0.0000000000
125997  -60.390  -53.203  2.498 0.0000000000
125998  -59.379  -53.389  2.752 0.0000000000
125999  -59.892  -52.984  2.535 0.0000000000
126000  -60.277  -52.600  2.270 0.0000000000
126001  -60.115  -51.997  2.056 0.0000000000
126002  -59.984  -51.323  1.753 0.0000000000
126003  -59.798  -50.674  1.443 0.0000000000
127822  -44.567  -65.893  -3.271 0.0000000000
127823  -44.068  -66.328  -3.260 0.0000000000
127824  -44.571  -66.210  -3.523 0.0000000000
127825  -44.572  -66.498  -3.756 0.0000000000
127826  -44.618  -66.797  -4.039 0.0000000000
127827  -45.404  -66.278  -4.340 0.0000000000
127828  -45.059  -66.671  -4.324 0.0000000000
127829  -44.708  -67.135  -4.333 0.0000000000
127830  -44.842  -67.476  -4.582 0.0000000000
127831  -45.077  -67.802  -4.819 0.0000000000
127832  -45.102  -68.074  -5.089 0.0000000000
127833  -42.518  -65.686  -5.385 0.0000000000
127834  -42.849  -66.168  -5.501 0.0000000000
127835  -42.362  -66.442  -5.504 0.0000000000
127836  -42.198  -67.287  -5.650 0.0000000000
127837  -42.191  -68.183  -5.855 0.0000000000
127838  -41.308  -68.242  -6.143 0.0000000000
127839  -41.804  -68.687  -6.109 0.0000000000
127840  -42.305  -69.026  -6.092 0.0000000000
127841  -42.549  -69.802  -6.305 0.0000000000
127842  -42.768  -70.464  -6.604 0.0000000000
127885  -57.497  -49.646  -4.623 0.0000000000
127886  -56.942  -50.255  -4.428 0.0000000000
127887  -56.749  -49.601  -4.957 0.0000000000
127888  -56.112  -49.616  -5.352 0.0000000000
127889  -55.584  -49.675  -5.754 0.0000000000
127890  -56.263  -48.804  -6.596 0.0000000000
127891  -55.598  -49.281  -6.369 0.0000000000
127892  -55.069  -49.857  -6.244 0.0000000000
127893  -54.647  -50.064  -6.739 0.0000000000
127894  -54.351  -50.316  -7.301 0.0000000000
127895  -54.118  -50.615  -7.918 0.0000000000
127904  -55.953  -53.410  -11.628 0.0000000000
127905  -55.948  -54.095  -11.515 0.0000000000
127906  -55.895  -54.857  -11.346 0.0000000000
127907  -55.752  -55.702  -11.228 0.0000000000
127908  -55.796  -55.342  -11.752 0.0000000000
130664  -50.337  -61.435  -1.455 0.0000000000
130665  -50.204  -61.870  -1.755 0.0000000000
130666  -50.787  -61.740  -1.768 0.0000000000
130667  -51.233  -61.943  -2.089 0.0000000000
130668  -51.696  -61.944  -2.396 0.0000000000
130669  -52.213  -61.435  -2.233 0.0000000000
130670  -52.169  -61.608  -2.504 0.0000000000
130671  -52.163  -61.845  -2.753 0.0000000000
130672  -52.610  -61.679  -3.139 0.0000000000
130673  -52.954  -61.473  -3.501 0.0000000000
130674  -53.084  -61.098  -3.903 0.0000000000
130675  -54.139  -59.804  -2.457 0.0000000000
130676  -53.790  -59.906  -2.839 0.0000000000
130677  -53.541  -59.931  -3.177 0.0000000000
130678  -53.898  -58.878  -3.566 0.0000000000
130679  -53.621  -59.437  -3.576 0.0000000000
130680  -53.373  -60.050  -3.489 0.0000000000
130681  -53.271  -60.198  -3.804 0.0000000000
130682  -53.216  -60.419  -4.067 0.0000000000
130683  -53.140  -60.698  -4.286 0.0000000000
130684  -53.144  -60.374  -4.745 0.0000000000
130685  -53.121  -59.901  -5.143 0.0000000000
130686  -53.104  -59.353  -5.520 0.0000000000
130687  -53.133  -58.291  -5.287 0.0000000000
130688  -53.113  -58.567  -5.582 0.0000000000
130689  -53.095  -58.864  -5.882 0.0000000000
130690  -53.133  -58.463  -6.344 0.0000000000
130691  -53.230  -58.079  -6.755 0.0000000000
130692  -53.379  -57.735  -7.182 0.0000000000
132378  -61.637  -43.638  -3.594 0.0000000000
132380  -61.161  -43.400  -3.883 0.0000000000
132381  -61.704  -43.249  -4.062 0.0000000000
132382  -61.544  -42.948  -4.630 0.0000000000
132383  -61.383  -42.521  -5.222 0.0000000000
132384  -61.274  -41.990  -5.742 0.0000000000
132387  -59.175  -42.285  -5.601 0.0000000000
132388  -58.414  -41.505  -6.445 0.0000000000
132389  -59.019  -41.787  -6.106 0.0000000000
132390  -59.691  -42.062  -5.793 0.0000000000
132391  -60.213  -41.848  -5.966 0.0000000000
132392  -60.680  -41.685  -6.071 0.0000000000
132393  -61.143  -41.535  -6.272 0.0000000000
132394  -61.061  -41.054  -6.774 0.0000000000
132395  -61.105  -40.576  -7.200 0.0000000000
132396  -61.189  -40.145  -7.696 0.0000000000
132397  -60.154  -39.947  -7.882 0.0000000000
132398  -60.770  -39.807  -8.008 0.0000000000
132399  -61.360  -39.684  -8.165 0.0000000000
132400  -61.456  -39.246  -8.612 0.0000000000
132401  -61.573  -38.793  -8.987 0.0000000000
132402  -61.741  -38.290  -9.343 0.0000000000
135341  -50.424  -57.120  6.961 0.0000000000
135342  -49.763  -55.961  6.479 0.0000000000
135343  -50.323  -56.426  6.546 0.0000000000
135344  -50.879  -56.913  6.564 0.0000000000
135345  -51.230  -56.645  6.217 0.0000000000
135346  -51.601  -56.424  5.901 0.0000000000
135347  -52.014  -56.190  5.559 0.0000000000
135348  -49.244  -53.509  5.556 0.0000000000
135349  -49.788  -53.911  5.422 0.0000000000
135350  -50.349  -54.274  5.338 0.0000000000
135351  -50.619  -53.551  4.846 0.0000000000
135352  -50.760  -54.104  5.045 0.0000000000
135353  -50.881  -54.671  5.315 0.0000000000
135354  -51.380  -55.045  5.321 0.0000000000
135355  -51.893  -55.470  5.292 0.0000000000
135356  -52.413  -55.901  5.267 0.0000000000
135357  -52.878  -55.624  4.961 0.0000000000
135358  -53.381  -55.331  4.618 0.0000000000
135359  -53.838  -54.964  4.274 0.0000000000
135360  -53.232  -54.005  3.971 0.0000000000
135361  -53.775  -54.314  3.982 0.0000000000
135362  -54.342  -54.605  3.976 0.0000000000
135363  -54.860  -54.255  3.703 0.0000000000
135364  -55.387  -53.793  3.422 0.0000000000
135365  -55.888  -53.326  3.231 0.0000000000
135366  -56.401  -52.934  3.046 0.0000000000
135367  -55.807  -52.753  3.093 0.0000000000
135368  -55.704  -52.164  2.899 0.0000000000
137020  -46.866  -64.555  -5.180 0.0000000000
137021  -46.509  -64.913  -5.221 0.0000000000
137022  -46.530  -64.618  -5.349 0.0000000000
137023  -46.082  -64.709  -5.455 0.0000000000
137024  -45.637  -64.743  -5.559 0.0000000000
137025  -45.928  -63.997  -5.608 0.0000000000
137026  -45.501  -64.340  -5.603 0.0000000000
137027  -45.090  -64.676  -5.604 0.0000000000
137028  -44.505  -64.671  -5.521 0.0000000000
137029  -43.953  -64.764  -5.470 0.0000000000
137030  -43.342  -64.857  -5.401 0.0000000000
137032  -45.057  -62.581  -5.827 0.0000000000
137033  -44.525  -62.881  -5.624 0.0000000000
137035  -43.872  -62.736  -5.432 0.0000000000
137036  -43.983  -63.291  -5.438 0.0000000000
137037  -43.489  -63.802  -5.342 0.0000000000
137038  -43.093  -64.352  -5.323 0.0000000000
137039  -42.749  -64.992  -5.363 0.0000000000
137040  -42.203  -65.260  -5.348 0.0000000000
137041  -41.622  -65.542  -5.481 0.0000000000
137042  -41.069  -65.979  -5.695 0.0000000000
139170  -52.420  -37.285  -8.380 0.0000000000
139171  -52.520  -36.622  -8.821 0.0000000000
143626  -42.751  -65.878  -2.085 0.0000000000
143627  -43.364  -65.732  -2.420 0.0000000000
143628  -43.965  -65.611  -2.758 0.0000000000
143629  -44.388  -63.390  -1.445 0.0000000000
143630  -44.406  -63.737  -1.722 0.0000000000
143631  -44.356  -64.151  -2.030 0.0000000000
143632  -45.777  -64.089  -2.494 0.0000000000
143633  -45.066  -64.295  -2.372 0.0000000000
143634  -44.388  -64.531  -2.273 0.0000000000
143635  -44.408  -64.948  -2.558 0.0000000000
143636  -44.466  -65.255  -2.842 0.0000000000
143637  -44.560  -65.578  -3.086 0.0000000000
143638  -45.016  -65.599  -3.326 0.0000000000
143639  -45.518  -65.576  -3.660 0.0000000000
143640  -46.041  -65.546  -4.016 0.0000000000
143641  -46.719  -65.300  -4.011 0.0000000000
143642  -46.638  -65.417  -4.180 0.0000000000
143643  -46.567  -65.491  -4.303 0.0000000000
143644  -46.894  -65.335  -4.547 0.0000000000
143645  -47.116  -65.103  -4.764 0.0000000000
143646  -47.242  -64.803  -4.958 0.0000000000
143647  -50.096  -62.307  -1.999 0.0000000000
143648  -50.026  -62.621  -2.234 0.0000000000
143649  -49.956  -62.920  -2.457 0.0000000000
143650  -51.132  -62.858  -2.762 0.0000000000
143651  -50.545  -63.082  -2.759 0.0000000000
143652  -49.833  -63.252  -2.772 0.0000000000
143653  -49.713  -63.525  -3.038 0.0000000000
143654  -49.646  -63.792  -3.318 0.0000000000
143655  -49.470  -64.068  -3.641 0.0000000000
143656  -52.441  -61.955  -4.210 0.0000000000
143657  -51.988  -62.420  -4.054 0.0000000000
143658  -51.472  -62.841  -3.895 0.0000000000
143659  -51.442  -62.528  -4.515 0.0000000000
143660  -51.202  -62.870  -4.125 0.0000000000
143661  -50.926  -63.210  -3.819 0.0000000000
143662  -50.370  -63.584  -3.838 0.0000000000
143663  -49.815  -63.968  -3.921 0.0000000000
143664  -49.276  -64.326  -3.919 0.0000000000
143665  -49.181  -64.526  -4.160 0.0000000000
143666  -48.947  -64.673  -4.400 0.0000000000
143667  -48.757  -64.728  -4.666 0.0000000000
143668  -49.405  -64.086  -4.839 0.0000000000
143669  -48.922  -64.474  -4.811 0.0000000000
143670  -48.450  -64.753  -4.801 0.0000000000
143671  -48.074  -64.680  -4.923 0.0000000000
143672  -47.701  -64.581  -5.026 0.0000000000
143673  -47.253  -64.507  -5.064 0.0000000000
143674  -47.279  -64.176  -5.164 0.0000000000
143675  -47.306  -63.847  -5.282 0.0000000000
143676  -47.323  -63.579  -5.396 0.0000000000
143677  -48.267  -63.224  -5.487 0.0000000000
143678  -47.737  -63.207  -5.507 0.0000000000
143679  -47.269  -63.235  -5.618 0.0000000000
143680  -47.238  -62.908  -5.844 0.0000000000
143681  -47.253  -62.624  -6.064 0.0000000000
143682  -47.236  -62.179  -6.244 0.0000000000
143683  -50.459  -62.241  -6.579 0.0000000000
143684  -49.955  -62.216  -6.581 0.0000000000
143685  -49.420  -62.086  -6.542 0.0000000000
143686  -49.977  -61.494  -7.215 0.0000000000
143687  -49.415  -61.718  -6.851 0.0000000000
143688  -48.887  -61.997  -6.498 0.0000000000
143689  -48.375  -61.940  -6.435 0.0000000000
143690  -47.768  -61.845  -6.443 0.0000000000
148517  -58.937  -55.790  -1.443 0.0000000000
148519  -58.928  -54.926  -1.644 0.0000000000
148522  -59.998  -53.064  -2.098 0.0000000000
148523  -59.534  -52.911  -2.416 0.0000000000
148527  -58.383  -50.492  -3.924 0.0000000000
148528  -61.537  -50.351  -2.400 0.0000000000
148529  -61.223  -50.420  -2.858 0.0000000000
148530  -60.738  -50.422  -3.242 0.0000000000
148531  -60.899  -48.995  -3.765 0.0000000000
148532  -60.542  -49.685  -3.683 0.0000000000
148533  -60.156  -50.361  -3.542 0.0000000000
148534  -59.528  -50.216  -3.804 0.0000000000
148535  -58.819  -49.958  -4.113 0.0000000000
148536  -58.146  -49.784  -4.371 0.0000000000
148537  -57.946  -49.109  -4.817 0.0000000000
148538  -57.774  -48.514  -5.305 0.0000000000
148539  -57.789  -48.047  -5.928 0.0000000000
148540  -58.772  -47.457  -5.652 0.0000000000
148541  -58.321  -47.547  -6.108 0.0000000000
148542  -57.940  -47.659  -6.546 0.0000000000
148543  -58.221  -47.359  -7.206 0.0000000000
148544  -58.530  -47.132  -7.760 0.0000000000
148545  -58.795  -46.934  -8.175 0.0000000000
148546  -62.254  -45.176  -2.800 0.0000000000
148547  -62.552  -45.083  -3.120 0.0000000000
148548  -62.728  -45.017  -3.495 0.0000000000
148549  -62.707  -43.872  -3.916 0.0000000000
148550  -62.832  -44.394  -3.882 0.0000000000
148551  -62.747  -44.984  -3.893 0.0000000000
148552  -62.540  -44.976  -4.387 0.0000000000
148553  -62.168  -45.053  -4.901 0.0000000000
148554  -61.732  -45.193  -5.392 0.0000000000
148555  -62.455  -42.231  -6.064 0.0000000000
148556  -62.636  -42.751  -5.992 0.0000000000
148557  -62.550  -43.330  -5.966 0.0000000000
148558  -62.434  -43.009  -7.025 0.0000000000
148559  -62.368  -43.474  -6.491 0.0000000000
148560  -62.297  -43.890  -5.989 0.0000000000
148561  -61.982  -44.338  -5.969 0.0000000000
148562  -61.721  -44.818  -5.890 0.0000000000
148563  -61.326  -45.304  -5.814 0.0000000000
148564  -60.883  -45.458  -6.280 0.0000000000
148565  -60.494  -45.628  -6.734 0.0000000000
148566  -60.152  -45.828  -7.177 0.0000000000
148567  -60.658  -45.055  -7.807 0.0000000000
148568  -60.350  -45.618  -7.714 0.0000000000
148569  -59.968  -46.130  -7.532 0.0000000000
148570  -59.751  -46.368  -7.874 0.0000000000
148571  -59.339  -46.483  -8.243 0.0000000000
148601  -53.912  -39.123  -7.520 0.0000000000
148602  -54.507  -38.987  -7.788 0.0000000000
148603  -54.095  -37.992  -8.359 0.0000000000
148604  -54.613  -38.398  -8.229 0.0000000000
148605  -55.104  -38.884  -8.038 0.0000000000
148606  -55.730  -38.804  -8.280 0.0000000000
148607  -56.336  -38.729  -8.514 0.0000000000
148608  -56.962  -38.647  -8.721 0.0000000000
148609  -54.640  -35.571  -9.872 0.0000000000
148610  -55.165  -36.104  -9.780 0.0000000000
148611  -55.680  -36.635  -9.642 0.0000000000
148612  -56.471  -35.802  -10.203 0.0000000000
148613  -56.296  -36.436  -9.869 0.0000000000
148614  -56.128  -37.062  -9.490 0.0000000000
148615  -56.600  -37.565  -9.302 0.0000000000
148616  -57.110  -38.064  -9.108 0.0000000000
148617  -57.614  -38.552  -8.887 0.0000000000
148618  -58.259  -38.440  -9.039 0.0000000000
148619  -58.878  -38.310  -9.180 0.0000000000
148620  -59.502  -38.215  -9.279 0.0000000000
148621  -59.141  -37.097  -9.864 0.0000000000
148622  -59.651  -37.631  -9.611 0.0000000000
148623  -60.128  -38.087  -9.375 0.0000000000
148624  -60.742  -37.942  -9.447 0.0000000000
148625  -61.338  -37.789  -9.549 0.0000000000
148626  -61.886  -37.678  -9.756 0.0000000000
148646  -60.400  -35.000  -11.128 0.0000000000
148647  -60.878  -35.570  -10.832 0.0000000000
148649  -61.474  -35.458  -10.956 0.0000000000
148650  -61.308  -36.093  -10.581 0.0000000000
148651  -61.686  -36.621  -10.351 0.0000000000
148652  -62.024  -37.122  -10.172 0.0000000000
148653  -62.326  -37.613  -10.042 0.0000000000
148654  -62.648  -37.626  -10.356 0.0000000000
148655  -62.750  -37.695  -10.798 0.0000000000
156768  -50.395  -61.064  -1.125 0.0000000000
156987  -51.617  -58.784  7.521 0.0000000000
156993  -53.218  -57.842  5.942 0.0000000000
156994  -53.386  -58.681  6.368 0.0000000000
156995  -53.584  -59.489  6.886 0.0000000000
156996  -54.567  -59.601  6.545 0.0000000000
156997  -54.170  -60.014  7.012 0.0000000000
156998  -53.771  -60.284  7.465 0.0000000000
156999  -53.894  -61.012  7.896 0.0000000000
157020  -58.021  -59.512  5.210 0.0000000000
157021  -58.198  -59.630  4.769 0.0000000000
157022  -58.229  -59.710  4.250 0.0000000000
157023  -58.939  -58.536  4.032 0.0000000000
157024  -58.602  -59.194  3.883 0.0000000000
157025  -58.059  -59.776  3.708 0.0000000000
157026  -57.829  -59.742  3.147 0.0000000000
157027  -57.465  -59.640  2.586 0.0000000000
157030  -57.959  -58.844  1.172 0.0000000000
157031  -58.252  -58.498  0.649 0.0000000000
157032  -59.345  -57.911  1.192 0.0000000000
157033  -58.997  -57.993  0.634 0.0000000000
157034  -58.547  -58.101  0.114 0.0000000000
157035  -58.751  -57.713  -0.386 0.0000000000
157036  -58.880  -57.090  -0.837 0.0000000000
157037  -58.971  -56.379  -1.179 0.0000000000
157038  -59.488  -55.813  -1.040 0.0000000000
157039  -59.873  -55.164  -0.956 0.0000000000
157040  -60.340  -54.450  -0.830 0.0000000000
157041  -60.644  -54.918  -0.005 0.0000000000
157042  -60.735  -54.346  -0.355 0.0000000000
157043  -60.776  -53.765  -0.776 0.0000000000
157044  -61.146  -53.051  -0.757 0.0000000000
157045  -61.446  -52.309  -0.741 0.0000000000
157046  -61.718  -51.569  -0.732 0.0000000000
157047  -61.010  -54.263  1.964 0.0000000000
157048  -61.343  -53.716  1.555 0.0000000000
157049  -61.526  -53.205  1.119 0.0000000000
157050  -61.534  -52.404  1.436 0.0000000000
157051  -61.658  -52.527  1.076 0.0000000000
157052  -61.702  -52.625  0.663 0.0000000000
157053  -61.841  -52.004  0.222 0.0000000000
157054  -61.893  -51.431  -0.276 0.0000000000
157055  -61.973  -50.839  -0.798 0.0000000000
157056  -62.208  -50.177  -0.892 0.0000000000
157057  -62.366  -49.535  -1.009 0.0000000000
157058  -62.434  -48.889  -1.128 0.0000000000
157065  -56.857  -52.613  2.807 0.0000000000
157066  -57.330  -52.232  2.559 0.0000000000
157067  -57.819  -51.907  2.319 0.0000000000
157069  -57.544  -51.287  1.967 0.0000000000
157070  -58.172  -51.523  1.977 0.0000000000
157071  -58.638  -51.117  1.675 0.0000000000
161746  -43.627  -66.782  -3.277 0.0000000000
161747  -43.254  -67.326  -3.310 0.0000000000
161749  -43.434  -68.111  -3.925 0.0000000000
161764  -46.197  -65.365  -5.227 0.0000000000
161765  -45.921  -65.830  -5.226 0.0000000000
161766  -45.659  -66.288  -5.321 0.0000000000
161767  -45.163  -65.983  -5.621 0.0000000000
161768  -45.350  -66.357  -5.542 0.0000000000
161769  -45.487  -66.720  -5.401 0.0000000000
161770  -45.360  -67.221  -5.408 0.0000000000
161771  -45.196  -67.759  -5.372 0.0000000000
161772  -45.001  -68.297  -5.347 0.0000000000
161773  -43.189  -66.565  -5.567 0.0000000000
161774  -43.555  -66.943  -5.627 0.0000000000
161775  -43.966  -67.372  -5.737 0.0000000000
161776  -43.496  -68.467  -5.827 0.0000000000
161777  -43.844  -68.076  -5.797 0.0000000000
161778  -44.298  -67.780  -5.751 0.0000000000
161779  -44.588  -68.154  -5.708 0.0000000000
161780  -44.838  -68.522  -5.592 0.0000000000
161781  -44.847  -68.924  -5.295 0.0000000000
161782  -44.724  -69.603  -5.241 0.0000000000
161783  -44.506  -70.252  -5.240 0.0000000000
161906  -54.886  -54.944  -3.689 0.0000000000
161907  -54.376  -54.982  -4.028 0.0000000000
161909  -55.978  -51.571  -4.321 0.0000000000
161910  -55.485  -52.251  -4.337 0.0000000000
161911  -54.690  -51.569  -5.130 0.0000000000
161912  -54.840  -52.201  -4.696 0.0000000000
161913  -55.035  -52.938  -4.339 0.0000000000
161914  -54.621  -53.625  -4.345 0.0000000000
161915  -54.262  -54.350  -4.366 0.0000000000
161916  -53.936  -55.043  -4.380 0.0000000000
161917  -53.610  -55.178  -4.744 0.0000000000
161918  -53.367  -55.367  -5.158 0.0000000000
161919  -53.192  -55.698  -5.678 0.0000000000
161920  -53.138  -54.322  -6.116 0.0000000000
161921  -53.126  -55.137  -6.148 0.0000000000
161922  -53.128  -56.101  -6.192 0.0000000000
161923  -53.218  -56.505  -6.745 0.0000000000
161924  -53.402  -56.919  -7.229 0.0000000000
161925  -53.600  -57.308  -7.641 0.0000000000
161931  -55.357  -49.140  -8.387 0.0000000000
161932  -54.819  -49.656  -8.405 0.0000000000
161933  -54.420  -50.329  -8.452 0.0000000000
161934  -54.115  -51.054  -8.432 0.0000000000
161937  -55.266  -50.892  -10.362 0.0000000000
161938  -55.427  -52.015  -10.627 0.0000000000
161939  -55.155  -51.606  -10.270 0.0000000000
161940  -54.929  -51.144  -9.926 0.0000000000
161941  -54.587  -51.345  -9.452 0.0000000000
161942  -54.229  -51.561  -8.937 0.0000000000
161943  -53.891  -51.832  -8.443 0.0000000000
161944  -53.740  -52.645  -8.381 0.0000000000
161945  -53.726  -53.554  -8.259 0.0000000000
161946  -53.741  -54.439  -8.104 0.0000000000
161947  -54.396  -54.540  -8.991 0.0000000000
161948  -54.041  -54.940  -8.511 0.0000000000
161949  -53.760  -55.287  -8.046 0.0000000000
161950  -53.791  -56.108  -8.031 0.0000000000
161951  -53.863  -56.910  -8.093 0.0000000000
161952  -53.772  -57.670  -8.092 0.0000000000
161953  -53.845  -58.064  -8.481 0.0000000000
161954  -53.864  -58.482  -8.698 0.0000000000
161955  -53.727  -58.920  -8.906 0.0000000000
161956  -54.315  -57.887  -9.636 0.0000000000
161957  -53.910  -58.604  -9.354 0.0000000000
161958  -53.437  -59.268  -9.140 0.0000000000
161959  -52.964  -59.558  -9.352 0.0000000000
161960  -52.592  -59.677  -9.526 0.0000000000
161961  -52.162  -59.722  -9.626 0.0000000000
161962  -55.416  -56.564  -11.143 0.0000000000
161963  -54.864  -57.355  -11.053 0.0000000000
161964  -54.245  -58.074  -10.997 0.0000000000
161967  -53.609  -58.558  -10.805 0.0000000000
