#!ascii label  , from subject fsaverage vox2ras=TkReg
597
99  -49.189  -23.872  37.277 0.0000000000
221  -43.036  -28.168  34.579 0.0000000000
466  -51.215  -30.288  34.082 0.0000000000
1018  -45.846  -25.966  35.586 0.0000000000
1019  -46.660  -29.882  32.903 0.0000000000
1020  -48.283  -26.283  32.487 0.0000000000
1548  -41.127  -27.993  38.287 0.0000000000
1549  -44.921  -26.177  39.949 0.0000000000
1550  -49.015  -25.503  41.370 0.0000000000
2047  -49.759  -33.341  36.348 0.0000000000
2938  -47.558  -24.918  36.513 0.0000000000
2939  -46.726  -25.826  33.729 0.0000000000
2940  -48.096  -24.395  34.397 0.0000000000
3541  -46.956  -25.735  40.541 0.0000000000
4488  -42.072  -29.705  34.752 0.0000000000
4490  -43.832  -30.585  34.085 0.0000000000
4491  -49.012  -30.233  33.356 0.0000000000
4492  -48.194  -31.822  34.388 0.0000000000
4493  -50.654  -31.887  35.278 0.0000000000
6438  -44.303  -26.998  34.949 0.0000000000
6439  -44.689  -28.995  33.396 0.0000000000
6440  -45.585  -27.421  33.298 0.0000000000
6441  -47.430  -28.056  32.591 0.0000000000
6442  -49.548  -28.564  32.581 0.0000000000
7447  -40.549  -29.110  35.946 0.0000000000
7448  -41.850  -27.775  36.276 0.0000000000
7450  -42.937  -27.012  39.156 0.0000000000
7451  -43.494  -26.788  36.952 0.0000000000
7452  -45.238  -26.121  37.706 0.0000000000
7453  -47.151  -25.716  38.388 0.0000000000
7454  -49.086  -24.965  39.324 0.0000000000
8709  -45.923  -31.373  33.844 0.0000000000
8710  -47.472  -33.418  35.452 0.0000000000
8731  -51.423  -24.748  42.675 0.0000000000
8732  -51.155  -23.803  40.537 0.0000000000
8740  -53.420  -22.213  41.144 0.0000000000
8741  -51.236  -22.733  38.201 0.0000000000
10618  -48.402  -24.394  36.954 0.0000000000
10619  -47.744  -24.568  35.429 0.0000000000
10620  -48.592  -24.045  35.878 0.0000000000
10621  -48.894  -23.852  34.790 0.0000000000
10622  -49.380  -23.583  36.180 0.0000000000
12168  -42.485  -28.945  34.626 0.0000000000
12169  -42.903  -30.139  34.306 0.0000000000
12170  -43.336  -29.334  34.069 0.0000000000
12171  -50.116  -30.265  33.727 0.0000000000
12172  -49.790  -31.090  34.276 0.0000000000
12173  -50.971  -31.082  34.680 0.0000000000
12174  -51.783  -31.780  35.610 0.0000000000
12175  -52.120  -31.002  35.042 0.0000000000
14568  -44.984  -26.458  35.273 0.0000000000
14569  -44.891  -27.195  34.099 0.0000000000
14570  -45.535  -26.482  34.231 0.0000000000
14571  -47.409  -25.970  32.983 0.0000000000
14572  -46.892  -26.798  32.892 0.0000000000
14573  -47.817  -27.076  32.452 0.0000000000
14574  -48.467  -28.317  32.490 0.0000000000
14575  -48.809  -27.447  32.300 0.0000000000
14576  -49.852  -27.850  32.231 0.0000000000
14577  -49.179  -26.666  32.149 0.0000000000
16363  -40.314  -28.515  37.966 0.0000000000
16364  -40.002  -28.996  36.793 0.0000000000
16365  -40.702  -28.398  37.013 0.0000000000
16366  -41.212  -28.435  36.111 0.0000000000
16367  -41.487  -27.792  37.311 0.0000000000
16373  -43.891  -26.538  39.543 0.0000000000
16374  -43.226  -26.792  38.120 0.0000000000
16375  -44.143  -26.433  38.400 0.0000000000
16376  -44.336  -26.417  37.250 0.0000000000
16377  -45.051  -26.111  38.745 0.0000000000
16378  -47.995  -25.622  40.991 0.0000000000
16379  -47.009  -25.795  39.488 0.0000000000
16380  -48.023  -25.652  39.898 0.0000000000
16381  -48.157  -25.421  38.849 0.0000000000
16382  -49.021  -25.459  40.303 0.0000000000
19226  -45.657  -29.465  33.012 0.0000000000
19227  -45.247  -30.239  33.382 0.0000000000
19228  -46.281  -30.582  33.289 0.0000000000
19229  -48.967  -32.591  35.326 0.0000000000
19230  -47.791  -32.546  34.894 0.0000000000
19231  -48.612  -33.489  35.899 0.0000000000
19233  -49.421  -34.284  36.896 0.0000000000
19235  -50.489  -34.044  37.295 0.0000000000
19283  -52.606  -24.033  43.230 0.0000000000
19284  -51.275  -24.345  41.612 0.0000000000
19285  -52.442  -23.626  42.103 0.0000000000
19307  -52.258  -22.506  39.762 0.0000000000
19308  -52.300  -22.040  38.574 0.0000000000
19309  -51.267  -22.380  37.068 0.0000000000
23718  -46.707  -25.482  36.033 0.0000000000
23719  -46.218  -25.806  34.586 0.0000000000
23720  -46.958  -25.138  35.079 0.0000000000
23721  -47.353  -25.045  34.005 0.0000000000
23722  -47.954  -25.184  33.190 0.0000000000
23723  -48.775  -25.519  32.632 0.0000000000
23724  -48.665  -24.514  33.518 0.0000000000
24803  -45.934  -25.897  40.293 0.0000000000
24805  -48.017  -25.524  42.150 0.0000000000
24806  -49.119  -25.401  42.534 0.0000000000
26508  -41.623  -30.502  34.930 0.0000000000
26510  -42.537  -30.887  34.642 0.0000000000
26511  -43.452  -31.356  34.503 0.0000000000
26512  -44.493  -31.806  34.425 0.0000000000
26513  -47.816  -30.090  33.050 0.0000000000
26514  -47.404  -30.931  33.461 0.0000000000
26515  -48.605  -31.037  33.841 0.0000000000
26516  -49.402  -31.853  34.849 0.0000000000
26517  -50.192  -32.563  35.854 0.0000000000
26518  -50.875  -33.173  36.807 0.0000000000
26519  -51.366  -32.430  36.210 0.0000000000
30378  -43.649  -27.574  34.771 0.0000000000
30379  -43.791  -28.619  33.992 0.0000000000
30380  -44.317  -27.859  33.927 0.0000000000
30381  -45.140  -28.245  33.235 0.0000000000
30382  -46.019  -28.637  32.841 0.0000000000
30383  -46.154  -26.605  33.452 0.0000000000
30384  -46.445  -27.693  32.796 0.0000000000
30385  -47.042  -28.934  32.702 0.0000000000
30386  -48.190  -29.218  32.776 0.0000000000
30387  -49.264  -29.375  32.991 0.0000000000
30388  -50.396  -29.562  33.228 0.0000000000
30389  -51.475  -29.653  33.457 0.0000000000
30390  -50.637  -28.795  32.653 0.0000000000
32826  -41.260  -29.359  35.285 0.0000000000
32827  -41.808  -28.659  35.298 0.0000000000
32828  -42.374  -27.922  35.381 0.0000000000
32834  -42.057  -27.473  38.719 0.0000000000
32835  -42.283  -27.277  37.661 0.0000000000
32836  -42.668  -27.204  36.682 0.0000000000
32837  -43.110  -27.342  35.646 0.0000000000
32838  -43.843  -26.874  35.937 0.0000000000
32839  -44.613  -26.424  36.204 0.0000000000
32840  -45.495  -26.094  36.637 0.0000000000
32841  -46.028  -25.916  39.099 0.0000000000
32842  -46.172  -25.926  38.086 0.0000000000
32843  -46.412  -25.791  36.960 0.0000000000
32844  -47.349  -25.372  37.385 0.0000000000
32845  -48.290  -24.881  37.896 0.0000000000
32846  -49.138  -24.349  38.374 0.0000000000
36375  -44.260  -29.831  33.719 0.0000000000
36376  -44.845  -30.939  33.874 0.0000000000
36377  -45.504  -32.082  34.417 0.0000000000
36378  -47.006  -31.611  34.003 0.0000000000
36379  -46.691  -32.409  34.615 0.0000000000
36380  -46.319  -33.212  35.119 0.0000000000
36440  -50.320  -25.202  43.088 0.0000000000
36443  -50.239  -25.288  42.048 0.0000000000
36444  -50.206  -25.002  40.990 0.0000000000
36445  -50.127  -24.408  40.015 0.0000000000
36446  -50.118  -23.855  38.947 0.0000000000
36470  -53.582  -22.692  42.423 0.0000000000
36471  -52.288  -23.103  40.881 0.0000000000
36472  -51.185  -23.258  39.365 0.0000000000
36473  -50.211  -23.394  37.752 0.0000000000
36474  -50.367  -23.024  36.659 0.0000000000
41338  -48.800  -24.135  37.125 0.0000000000
41339  -48.490  -24.191  36.434 0.0000000000
41340  -48.887  -23.939  36.567 0.0000000000
41341  -48.981  -23.804  36.019 0.0000000000
41342  -49.284  -23.718  36.736 0.0000000000
42888  -42.758  -28.526  34.620 0.0000000000
42889  -42.855  -29.066  34.334 0.0000000000
42890  -43.147  -28.752  34.254 0.0000000000
42891  -50.654  -30.266  33.899 0.0000000000
42892  -50.551  -30.690  34.181 0.0000000000
42893  -51.099  -30.658  34.371 0.0000000000
42894  -51.543  -31.046  34.850 0.0000000000
42895  -51.647  -30.664  34.592 0.0000000000
42897  -51.746  -30.327  34.279 0.0000000000
45288  -45.407  -26.181  35.434 0.0000000000
45289  -45.276  -26.454  34.727 0.0000000000
45290  -45.656  -26.164  34.891 0.0000000000
45291  -47.807  -26.141  32.688 0.0000000000
45292  -47.580  -26.513  32.651 0.0000000000
45293  -48.035  -26.679  32.460 0.0000000000
45294  -48.299  -27.259  32.376 0.0000000000
45295  -48.532  -26.866  32.337 0.0000000000
45296  -49.016  -27.066  32.200 0.0000000000
45297  -48.752  -26.476  32.316 0.0000000000
47083  -40.726  -28.268  38.146 0.0000000000
47084  -40.481  -28.433  37.508 0.0000000000
47085  -40.879  -28.168  37.633 0.0000000000
47086  -41.084  -28.072  37.161 0.0000000000
47087  -41.316  -27.873  37.830 0.0000000000
47093  -44.432  -26.358  39.808 0.0000000000
47094  -44.033  -26.476  39.021 0.0000000000
47095  -44.514  -26.300  39.175 0.0000000000
47096  -44.580  -26.263  38.578 0.0000000000
47097  -44.957  -26.152  39.309 0.0000000000
47098  -48.498  -25.583  41.125 0.0000000000
47099  -47.988  -25.668  40.380 0.0000000000
47100  -48.504  -25.593  40.677 0.0000000000
47101  -48.530  -25.575  40.124 0.0000000000
47102  -49.016  -25.544  40.856 0.0000000000
49946  -46.142  -29.624  32.900 0.0000000000
49947  -45.972  -30.069  33.112 0.0000000000
49948  -46.445  -30.253  33.081 0.0000000000
49949  -49.378  -32.977  35.851 0.0000000000
49950  -48.823  -33.033  35.622 0.0000000000
49951  -49.223  -33.424  36.128 0.0000000000
49952  -49.052  -33.905  36.382 0.0000000000
49953  -49.595  -33.807  36.622 0.0000000000
49954  -49.955  -34.172  37.114 0.0000000000
49955  -50.114  -33.696  36.818 0.0000000000
50003  -53.203  -23.627  43.483 0.0000000000
50004  -52.536  -23.840  42.702 0.0000000000
50005  -53.080  -23.441  42.848 0.0000000000
50027  -52.833  -21.921  39.264 0.0000000000
50029  -52.346  -21.825  37.982 0.0000000000
54888  -47.138  -25.186  36.296 0.0000000000
54889  -46.846  -25.285  35.556 0.0000000000
54890  -47.241  -24.984  35.771 0.0000000000
54891  -47.922  -24.447  34.902 0.0000000000
54892  -47.498  -24.773  34.680 0.0000000000
54893  -47.692  -24.679  34.180 0.0000000000
54894  -47.633  -25.096  33.591 0.0000000000
54895  -47.973  -24.756  33.747 0.0000000000
54896  -48.302  -24.849  33.389 0.0000000000
54897  -48.366  -24.456  33.956 0.0000000000
54898  -49.261  -23.628  34.945 0.0000000000
54899  -49.094  -23.864  34.271 0.0000000000
56701  -48.554  -25.458  42.310 0.0000000000
59538  -41.833  -30.071  34.858 0.0000000000
59539  -42.032  -30.681  34.818 0.0000000000
59540  -42.286  -30.276  34.670 0.0000000000
59541  -43.335  -30.338  34.204 0.0000000000
59542  -43.178  -30.743  34.388 0.0000000000
59543  -43.635  -30.975  34.316 0.0000000000
59544  -43.974  -31.611  34.470 0.0000000000
59545  -44.153  -31.192  34.231 0.0000000000
59546  -48.427  -30.186  33.223 0.0000000000
59547  -48.231  -30.587  33.402 0.0000000000
59548  -48.861  -30.671  33.625 0.0000000000
59549  -50.199  -31.484  34.752 0.0000000000
59550  -49.598  -31.482  34.581 0.0000000000
59551  -50.018  -31.855  35.080 0.0000000000
59552  -49.796  -32.204  35.331 0.0000000000
59553  -50.407  -32.172  35.581 0.0000000000
59554  -50.780  -32.484  36.027 0.0000000000
59555  -51.017  -32.152  35.746 0.0000000000
66738  -43.962  -27.290  34.866 0.0000000000
66739  -43.969  -27.733  34.340 0.0000000000
66740  -44.255  -27.394  34.386 0.0000000000
66741  -45.230  -27.275  33.664 0.0000000000
66742  -44.983  -27.700  33.611 0.0000000000
66743  -45.353  -27.847  33.256 0.0000000000
66744  -45.573  -28.449  33.028 0.0000000000
66745  -45.768  -28.010  33.022 0.0000000000
66746  -46.472  -25.789  34.158 0.0000000000
66747  -46.136  -26.160  33.957 0.0000000000
66748  -46.441  -26.185  33.590 0.0000000000
66749  -47.128  -27.412  32.680 0.0000000000
66750  -46.715  -27.271  32.812 0.0000000000
66751  -46.975  -27.900  32.686 0.0000000000
66752  -46.710  -28.318  32.698 0.0000000000
66753  -47.264  -28.508  32.651 0.0000000000
66754  -47.613  -29.072  32.696 0.0000000000
66755  -47.807  -28.650  32.617 0.0000000000
66756  -48.992  -28.432  32.531 0.0000000000
66757  -48.896  -28.887  32.677 0.0000000000
66758  -49.420  -28.968  32.781 0.0000000000
66759  -49.827  -29.458  33.105 0.0000000000
66760  -49.981  -29.086  32.850 0.0000000000
66761  -50.520  -29.155  32.899 0.0000000000
66762  -50.096  -28.708  32.605 0.0000000000
72126  -40.289  -29.036  36.381 0.0000000000
72128  -40.298  -29.459  35.891 0.0000000000
72130  -40.645  -29.603  35.560 0.0000000000
72131  -41.002  -29.734  35.284 0.0000000000
72132  -40.899  -29.228  35.593 0.0000000000
72133  -41.503  -28.112  36.172 0.0000000000
72134  -41.480  -28.509  35.666 0.0000000000
72135  -41.786  -28.198  35.743 0.0000000000
72136  -42.065  -28.282  35.350 0.0000000000
72137  -42.122  -27.851  35.863 0.0000000000
72153  -42.507  -27.223  38.961 0.0000000000
72154  -42.202  -27.363  38.232 0.0000000000
72155  -42.569  -27.094  38.411 0.0000000000
72156  -43.348  -26.777  37.536 0.0000000000
72157  -42.926  -26.967  37.379 0.0000000000
72158  -43.095  -26.983  36.850 0.0000000000
72159  -42.878  -27.236  36.181 0.0000000000
72160  -43.258  -27.008  36.299 0.0000000000
72161  -43.466  -27.103  35.805 0.0000000000
72162  -43.674  -26.820  36.457 0.0000000000
72163  -44.757  -26.264  37.468 0.0000000000
72164  -44.466  -26.441  36.700 0.0000000000
72165  -44.913  -26.254  36.977 0.0000000000
72166  -45.035  -26.242  36.460 0.0000000000
72167  -45.305  -26.126  37.129 0.0000000000
72168  -46.458  -25.791  40.406 0.0000000000
72169  -45.973  -25.896  39.656 0.0000000000
72170  -46.492  -25.818  39.822 0.0000000000
72171  -47.072  -25.780  38.963 0.0000000000
72172  -46.565  -25.855  38.782 0.0000000000
72173  -46.625  -25.827  38.207 0.0000000000
72174  -46.252  -25.872  37.432 0.0000000000
72175  -46.777  -25.744  37.677 0.0000000000
72176  -46.906  -25.605  37.173 0.0000000000
72177  -47.266  -25.585  37.883 0.0000000000
72178  -48.628  -25.217  39.099 0.0000000000
72179  -48.249  -25.172  38.438 0.0000000000
72180  -48.666  -24.921  38.614 0.0000000000
72181  -48.704  -24.619  38.180 0.0000000000
72182  -49.107  -24.650  38.868 0.0000000000
80711  -44.239  -28.810  33.676 0.0000000000
80712  -44.014  -29.245  33.756 0.0000000000
80713  -44.485  -29.421  33.532 0.0000000000
80714  -45.573  -30.817  33.570 0.0000000000
80715  -45.051  -30.594  33.614 0.0000000000
80716  -45.377  -31.181  33.829 0.0000000000
80717  -45.154  -31.530  34.089 0.0000000000
80718  -45.709  -31.712  34.111 0.0000000000
80719  -47.796  -31.417  33.945 0.0000000000
80720  -47.222  -31.288  33.736 0.0000000000
80721  -47.590  -31.747  34.205 0.0000000000
80722  -47.643  -32.984  35.178 0.0000000000
80723  -47.237  -32.504  34.756 0.0000000000
80724  -47.081  -32.915  35.024 0.0000000000
80725  -46.486  -32.763  34.838 0.0000000000
80726  -46.897  -33.307  35.272 0.0000000000
80728  -47.308  -33.819  35.714 0.0000000000
80881  -51.469  -24.825  43.191 0.0000000000
80882  -50.914  -25.098  42.910 0.0000000000
80883  -50.842  -25.064  42.342 0.0000000000
80884  -50.231  -25.207  41.510 0.0000000000
80885  -50.800  -24.913  41.850 0.0000000000
80886  -51.200  -24.078  41.076 0.0000000000
80887  -50.703  -24.406  40.823 0.0000000000
80888  -50.669  -24.112  40.296 0.0000000000
80889  -50.136  -24.107  39.514 0.0000000000
80890  -50.619  -23.837  39.765 0.0000000000
80951  -53.497  -22.465  41.770 0.0000000000
80952  -52.915  -22.957  41.616 0.0000000000
80953  -52.868  -22.664  41.080 0.0000000000
80954  -51.749  -22.625  38.992 0.0000000000
80955  -51.715  -22.897  39.559 0.0000000000
80956  -51.193  -22.976  38.812 0.0000000000
80957  -50.649  -23.305  38.546 0.0000000000
80958  -50.707  -23.061  37.971 0.0000000000
80959  -50.279  -23.185  37.209 0.0000000000
80960  -50.777  -22.876  37.382 0.0000000000
92838  -47.983  -24.644  36.726 0.0000000000
92839  -47.633  -24.697  35.973 0.0000000000
92840  -48.074  -24.437  36.246 0.0000000000
92841  -48.209  -24.291  35.690 0.0000000000
92842  -48.324  -24.198  35.149 0.0000000000
92843  -48.500  -24.128  34.618 0.0000000000
92844  -48.688  -23.929  35.312 0.0000000000
92845  -49.089  -23.667  35.475 0.0000000000
92846  -49.492  -23.472  35.634 0.0000000000
95628  -42.284  -29.341  34.678 0.0000000000
95629  -42.506  -29.941  34.542 0.0000000000
95630  -42.649  -29.538  34.383 0.0000000000
95631  -43.074  -29.696  34.192 0.0000000000
95632  -43.565  -29.942  34.011 0.0000000000
95633  -49.547  -30.251  33.560 0.0000000000
95634  -49.380  -30.678  33.800 0.0000000000
95635  -49.955  -30.685  33.992 0.0000000000
95636  -50.432  -31.092  34.476 0.0000000000
95637  -50.811  -31.459  34.951 0.0000000000
95638  -51.188  -31.795  35.435 0.0000000000
95639  -51.380  -31.443  35.149 0.0000000000
95640  -51.981  -31.413  35.314 0.0000000000
99948  -44.648  -26.729  35.095 0.0000000000
99949  -44.567  -27.063  34.493 0.0000000000
99950  -44.878  -26.786  34.629 0.0000000000
99951  -45.216  -26.820  34.145 0.0000000000
99952  -45.486  -26.933  33.646 0.0000000000
99953  -47.025  -25.889  33.293 0.0000000000
99954  -46.731  -26.232  33.219 0.0000000000
99955  -47.143  -26.423  32.908 0.0000000000
99956  -47.334  -26.974  32.641 0.0000000000
99957  -47.606  -27.541  32.489 0.0000000000
99958  -47.958  -28.198  32.520 0.0000000000
99959  -48.107  -27.700  32.419 0.0000000000
99960  -48.603  -27.842  32.400 0.0000000000
99961  -49.113  -27.973  32.394 0.0000000000
99962  -49.685  -28.173  32.399 0.0000000000
99963  -49.339  -27.649  32.266 0.0000000000
99964  -49.499  -27.282  32.137 0.0000000000
103181  -40.125  -28.696  37.373 0.0000000000
103182  -40.350  -28.690  36.924 0.0000000000
103183  -40.586  -28.694  36.441 0.0000000000
103184  -40.877  -28.768  36.006 0.0000000000
103185  -40.922  -28.373  36.524 0.0000000000
103186  -41.307  -28.088  36.677 0.0000000000
103187  -41.653  -27.783  36.797 0.0000000000
103197  -43.425  -26.754  39.349 0.0000000000
103198  -43.082  -26.861  38.614 0.0000000000
103199  -43.535  -26.652  38.822 0.0000000000
103200  -43.649  -26.590  38.256 0.0000000000
103201  -43.791  -26.601  37.646 0.0000000000
103202  -43.944  -26.591  37.109 0.0000000000
103203  -44.248  -26.407  37.832 0.0000000000
103204  -44.671  -26.245  38.023 0.0000000000
103205  -45.126  -26.114  38.197 0.0000000000
103206  -47.509  -25.668  40.803 0.0000000000
103207  -47.006  -25.758  40.037 0.0000000000
103208  -47.491  -25.706  40.234 0.0000000000
103209  -47.538  -25.723  39.697 0.0000000000
103210  -47.587  -25.683  39.154 0.0000000000
103211  -47.655  -25.581  38.615 0.0000000000
103212  -48.077  -25.587  39.370 0.0000000000
103213  -48.579  -25.451  39.614 0.0000000000
103214  -49.057  -25.269  39.802 0.0000000000
108332  -45.148  -29.229  33.136 0.0000000000
108333  -44.959  -29.619  33.276 0.0000000000
108334  -45.436  -29.827  33.186 0.0000000000
108335  -45.744  -30.393  33.320 0.0000000000
108336  -46.091  -30.944  33.524 0.0000000000
108337  -48.590  -32.209  34.836 0.0000000000
108338  -47.990  -32.162  34.664 0.0000000000
108339  -48.402  -32.594  35.142 0.0000000000
108340  -48.195  -33.030  35.390 0.0000000000
108341  -48.056  -33.426  35.663 0.0000000000
108342  -47.873  -33.889  35.919 0.0000000000
108343  -48.441  -33.869  36.118 0.0000000000
108344  -48.820  -34.323  36.588 0.0000000000
108435  -51.979  -24.395  42.914 0.0000000000
108436  -51.365  -24.566  42.159 0.0000000000
108437  -51.881  -24.244  42.390 0.0000000000
108438  -51.830  -23.989  41.883 0.0000000000
108439  -51.768  -23.749  41.316 0.0000000000
108476  -53.361  -21.996  40.517 0.0000000000
108477  -52.820  -22.383  40.467 0.0000000000
108478  -52.817  -22.125  39.856 0.0000000000
108479  -52.253  -22.273  39.180 0.0000000000
108480  -51.738  -22.397  38.409 0.0000000000
108481  -51.252  -22.531  37.657 0.0000000000
108482  -51.782  -22.183  37.857 0.0000000000
116778  -46.275  -25.742  35.773 0.0000000000
116779  -46.061  -25.902  35.057 0.0000000000
116780  -46.432  -25.622  35.297 0.0000000000
116781  -46.574  -25.486  34.804 0.0000000000
116782  -46.796  -25.456  34.363 0.0000000000
116783  -47.329  -24.875  35.210 0.0000000000
116784  -47.136  -25.105  34.522 0.0000000000
116785  -47.025  -25.443  33.869 0.0000000000
116786  -47.323  -25.467  33.442 0.0000000000
116787  -47.675  -25.584  33.100 0.0000000000
116788  -48.052  -25.693  32.744 0.0000000000
116789  -48.519  -25.885  32.546 0.0000000000
116790  -48.344  -25.318  32.905 0.0000000000
116791  -48.652  -24.969  33.021 0.0000000000
116793  -48.745  -24.135  34.148 0.0000000000
119308  -45.347  -26.055  40.704 0.0000000000
119309  -45.409  -26.030  40.107 0.0000000000
119310  -45.863  -25.928  40.880 0.0000000000
119311  -46.418  -25.798  41.051 0.0000000000
119312  -46.943  -25.707  41.182 0.0000000000
119315  -47.478  -25.642  41.336 0.0000000000
119316  -48.013  -25.567  41.559 0.0000000000
119317  -48.537  -25.536  41.746 0.0000000000
119318  -49.041  -25.469  41.900 0.0000000000
123293  -42.732  -30.518  34.510 0.0000000000
123294  -42.996  -31.151  34.542 0.0000000000
123298  -44.839  -32.411  34.654 0.0000000000
123299  -47.198  -29.989  32.936 0.0000000000
123300  -47.013  -30.437  33.133 0.0000000000
123301  -47.597  -30.525  33.217 0.0000000000
123302  -48.010  -31.022  33.642 0.0000000000
123303  -48.411  -31.457  34.113 0.0000000000
123304  -49.212  -31.073  34.098 0.0000000000
123305  -48.967  -31.486  34.377 0.0000000000
123306  -48.783  -31.821  34.583 0.0000000000
123307  -49.158  -32.191  35.037 0.0000000000
123308  -49.571  -32.581  35.580 0.0000000000
123309  -49.961  -32.947  36.109 0.0000000000
123310  -50.315  -33.288  36.609 0.0000000000
123311  -50.546  -32.861  36.325 0.0000000000
123312  -51.127  -32.795  36.526 0.0000000000
123314  -51.569  -32.090  35.916 0.0000000000
132918  -43.340  -27.877  34.612 0.0000000000
132919  -43.402  -28.419  34.257 0.0000000000
132920  -43.689  -28.070  34.319 0.0000000000
132921  -44.054  -28.242  33.901 0.0000000000
132922  -44.476  -28.410  33.608 0.0000000000
132923  -44.625  -27.577  33.931 0.0000000000
132924  -44.743  -28.075  33.547 0.0000000000
132925  -44.913  -28.614  33.291 0.0000000000
132926  -45.370  -28.856  33.050 0.0000000000
132927  -45.843  -29.051  32.911 0.0000000000
132928  -46.327  -29.283  32.776 0.0000000000
132929  -45.897  -26.161  34.391 0.0000000000
132930  -45.815  -26.549  33.796 0.0000000000
132931  -45.861  -27.009  33.356 0.0000000000
132932  -46.499  -26.683  33.123 0.0000000000
132933  -46.259  -27.111  33.052 0.0000000000
132934  -46.000  -27.552  33.039 0.0000000000
132935  -46.216  -28.191  32.818 0.0000000000
132936  -46.517  -28.791  32.737 0.0000000000
132937  -46.837  -29.393  32.777 0.0000000000
132938  -47.395  -29.515  32.805 0.0000000000
132939  -48.007  -29.659  32.918 0.0000000000
132940  -48.588  -29.764  33.030 0.0000000000
132941  -48.364  -28.767  32.645 0.0000000000
132942  -48.769  -29.274  32.851 0.0000000000
132943  -49.164  -29.800  33.174 0.0000000000
132944  -49.690  -29.837  33.332 0.0000000000
132945  -50.271  -29.907  33.467 0.0000000000
132946  -50.808  -29.923  33.608 0.0000000000
132947  -51.350  -29.974  33.765 0.0000000000
132948  -50.942  -29.590  33.316 0.0000000000
132949  -51.052  -29.241  33.019 0.0000000000
132951  -50.220  -28.346  32.399 0.0000000000
132957  -48.960  -26.093  32.324 0.0000000000
139681  -41.426  -29.915  35.074 0.0000000000
139682  -41.667  -29.524  35.020 0.0000000000
139683  -41.194  -28.840  35.630 0.0000000000
139684  -41.546  -29.003  35.290 0.0000000000
139685  -41.895  -29.166  34.948 0.0000000000
139686  -42.107  -28.773  34.922 0.0000000000
139687  -42.398  -28.413  34.959 0.0000000000
139688  -42.723  -28.041  35.000 0.0000000000
139706  -41.594  -27.742  38.504 0.0000000000
139707  -41.764  -27.599  37.993 0.0000000000
139708  -41.896  -27.520  37.506 0.0000000000
139709  -42.041  -27.503  36.952 0.0000000000
139710  -42.755  -27.019  37.909 0.0000000000
139711  -42.466  -27.226  37.199 0.0000000000
139712  -42.258  -27.485  36.472 0.0000000000
139713  -42.484  -27.526  35.999 0.0000000000
139714  -42.754  -27.606  35.493 0.0000000000
139715  -43.039  -27.729  35.056 0.0000000000
139716  -43.339  -27.453  35.178 0.0000000000
139717  -43.668  -27.163  35.342 0.0000000000
139718  -44.042  -26.924  35.422 0.0000000000
139719  -44.067  -26.623  36.568 0.0000000000
139720  -44.224  -26.649  36.000 0.0000000000
139721  -44.426  -26.678  35.542 0.0000000000
139722  -44.805  -26.453  35.761 0.0000000000
139723  -45.218  -26.239  35.953 0.0000000000
139724  -45.661  -26.040  36.102 0.0000000000
139725  -45.476  -25.996  39.502 0.0000000000
139726  -45.530  -26.001  38.928 0.0000000000
139727  -45.576  -26.021  38.405 0.0000000000
139728  -46.534  -25.834  39.308 0.0000000000
139729  -46.103  -25.926  38.610 0.0000000000
139730  -45.673  -26.024  37.852 0.0000000000
139731  -45.803  -26.008  37.365 0.0000000000
139732  -45.940  -25.938  36.773 0.0000000000
139733  -46.092  -25.858  36.264 0.0000000000
139734  -46.560  -25.650  36.475 0.0000000000
139735  -47.013  -25.388  36.735 0.0000000000
139736  -47.471  -25.146  37.035 0.0000000000
139737  -47.743  -25.386  38.100 0.0000000000
139738  -47.890  -25.134  37.804 0.0000000000
139739  -47.913  -24.877  37.216 0.0000000000
139740  -48.341  -24.622  37.451 0.0000000000
139741  -48.749  -24.359  37.641 0.0000000000
139742  -49.164  -24.115  37.840 0.0000000000
150093  -43.557  -29.011  34.003 0.0000000000
150094  -43.785  -29.613  33.856 0.0000000000
150095  -44.040  -30.202  33.910 0.0000000000
150096  -44.755  -30.023  33.507 0.0000000000
150097  -44.536  -30.390  33.769 0.0000000000
150098  -44.326  -30.758  33.993 0.0000000000
150099  -44.622  -31.325  34.153 0.0000000000
150100  -44.966  -31.936  34.411 0.0000000000
150101  -45.381  -32.592  34.708 0.0000000000
150102  -46.827  -30.789  33.362 0.0000000000
150103  -46.638  -31.109  33.602 0.0000000000
150104  -46.446  -31.482  33.888 0.0000000000
150105  -47.385  -32.086  34.451 0.0000000000
150106  -46.828  -31.997  34.309 0.0000000000
150107  -46.293  -31.899  34.195 0.0000000000
150108  -46.060  -32.208  34.463 0.0000000000
150109  -45.897  -32.647  34.769 0.0000000000
150129  -50.679  -33.593  37.056 0.0000000000
150289  -49.742  -25.321  42.846 0.0000000000
150290  -49.673  -25.387  42.234 0.0000000000
150298  -50.292  -25.249  42.556 0.0000000000
150299  -49.639  -25.430  41.694 0.0000000000
150300  -49.605  -25.400  41.145 0.0000000000
150301  -49.642  -25.271  40.672 0.0000000000
150302  -49.638  -25.016  40.154 0.0000000000
150303  -50.769  -24.680  41.360 0.0000000000
150304  -50.163  -24.689  40.502 0.0000000000
150305  -49.609  -24.691  39.678 0.0000000000
150306  -49.616  -24.382  39.214 0.0000000000
150307  -49.636  -24.105  38.680 0.0000000000
150308  -49.623  -23.861  38.095 0.0000000000
150380  -53.636  -22.945  42.965 0.0000000000
150381  -52.987  -23.204  42.230 0.0000000000
150382  -52.331  -23.349  41.462 0.0000000000
150383  -51.731  -23.480  40.692 0.0000000000
150384  -52.265  -22.801  40.337 0.0000000000
150385  -51.718  -23.202  40.124 0.0000000000
150386  -51.165  -23.535  39.903 0.0000000000
150387  -50.630  -23.570  39.125 0.0000000000
150388  -50.125  -23.607  38.337 0.0000000000
150389  -49.673  -23.637  37.539 0.0000000000
150390  -49.781  -23.479  36.979 0.0000000000
150391  -49.884  -23.317  36.421 0.0000000000
150392  -49.995  -23.176  35.897 0.0000000000
150393  -50.840  -22.731  36.881 0.0000000000
