#!ascii label  , from subject fsaverage vox2ras=TkReg
1310
107  -5.918  -28.532  61.566 0.0000000000
236  -6.163  -17.888  69.860 0.0000000000
487  -8.702  -37.725  56.086 0.0000000000
489  -4.708  -41.220  63.973 0.0000000000
490  -15.907  -43.670  63.396 0.0000000000
714  -10.530  -9.482  68.161 0.0000000000
715  -6.996  -13.807  67.198 0.0000000000
716  -8.933  -13.639  70.372 0.0000000000
1062  -8.522  -23.983  62.830 0.0000000000
1065  -5.965  -33.959  53.694 0.0000000000
1066  -6.155  -34.203  57.741 0.0000000000
1073  -10.669  -40.896  63.904 0.0000000000
1575  -6.694  -18.667  65.961 0.0000000000
1576  -6.656  -23.483  66.857 0.0000000000
2106  -12.738  -36.476  53.502 0.0000000000
2110  -4.612  -28.511  66.382 0.0000000000
2113  -4.588  -34.646  62.139 0.0000000000
2114  -5.823  -39.589  59.454 0.0000000000
2115  -13.239  -39.877  60.141 0.0000000000
2634  -11.818  -10.193  68.836 0.0000000000
2635  -9.631  -11.754  68.986 0.0000000000
2636  -11.131  -12.535  69.137 0.0000000000
2982  -6.999  -26.255  62.090 0.0000000000
2984  -6.516  -28.936  59.420 0.0000000000
2985  -6.490  -31.677  57.285 0.0000000000
2986  -6.318  -31.390  59.685 0.0000000000
3582  -6.270  -15.758  68.742 0.0000000000
3583  -6.016  -16.268  66.691 0.0000000000
3584  -6.301  -18.204  67.915 0.0000000000
3585  -7.235  -20.882  66.867 0.0000000000
3586  -6.480  -20.575  68.605 0.0000000000
4632  -7.166  -36.034  54.735 0.0000000000
4633  -9.266  -35.071  53.713 0.0000000000
4634  -10.846  -36.929  54.902 0.0000000000
4635  -13.978  -38.352  54.626 0.0000000000
4636  -12.324  -38.551  56.167 0.0000000000
4643  -5.425  -26.107  69.133 0.0000000000
4650  -3.471  -38.431  65.038 0.0000000000
4651  -3.539  -34.736  64.147 0.0000000000
4652  -4.297  -38.147  62.787 0.0000000000
4653  -5.029  -37.712  60.619 0.0000000000
4654  -5.187  -40.427  61.588 0.0000000000
4655  -14.350  -40.852  63.924 0.0000000000
4656  -11.942  -40.301  62.015 0.0000000000
4657  -15.146  -41.051  61.997 0.0000000000
5893  -8.302  -11.854  65.690 0.0000000000
5894  -8.689  -11.576  67.464 0.0000000000
5895  -7.667  -13.519  69.061 0.0000000000
5896  -6.983  -15.451  70.600 0.0000000000
6524  -5.648  -31.691  55.113 0.0000000000
6525  -5.448  -34.159  55.589 0.0000000000
6526  -5.607  -36.498  56.151 0.0000000000
6537  -7.025  -41.632  63.756 0.0000000000
6538  -9.562  -41.638  65.985 0.0000000000
6539  -13.343  -40.770  65.855 0.0000000000
6540  -15.815  -43.026  65.463 0.0000000000
6541  -14.989  -46.286  64.618 0.0000000000
7511  -6.698  -14.253  65.249 0.0000000000
7512  -5.963  -16.836  64.705 0.0000000000
7513  -7.155  -19.045  63.903 0.0000000000
7514  -8.153  -21.051  64.979 0.0000000000
7515  -7.578  -23.713  64.917 0.0000000000
7516  -6.241  -25.979  64.211 0.0000000000
8882  -7.804  -33.178  52.212 0.0000000000
8883  -11.491  -34.226  52.500 0.0000000000
8888  -10.627  -14.582  70.063 0.0000000000
8889  -8.624  -15.750  71.684 0.0000000000
8890  -6.912  -17.876  71.899 0.0000000000
8893  -6.316  -20.504  70.799 0.0000000000
8894  -6.187  -23.428  69.031 0.0000000000
8895  -5.609  -25.896  66.615 0.0000000000
8896  -5.225  -28.448  63.943 0.0000000000
8904  -4.282  -31.405  63.870 0.0000000000
8905  -5.334  -31.434  61.764 0.0000000000
8906  -5.801  -34.443  60.167 0.0000000000
8907  -5.366  -37.078  58.357 0.0000000000
8908  -6.937  -38.749  57.552 0.0000000000
8909  -7.982  -40.799  61.588 0.0000000000
8910  -9.204  -39.935  59.708 0.0000000000
8911  -10.625  -39.153  57.935 0.0000000000
8912  -14.350  -39.679  58.174 0.0000000000
10315  -11.418  -11.425  68.762 0.0000000000
10662  -6.329  -27.309  61.784 0.0000000000
10663  -6.629  -27.550  60.629 0.0000000000
10664  -6.260  -28.707  60.536 0.0000000000
10665  -6.421  -30.122  59.539 0.0000000000
10666  -6.056  -29.949  60.577 0.0000000000
11262  -6.184  -16.760  69.418 0.0000000000
11263  -6.119  -16.977  68.353 0.0000000000
11264  -6.145  -18.045  68.896 0.0000000000
11265  -6.379  -19.338  68.336 0.0000000000
11266  -6.189  -19.197  69.270 0.0000000000
12312  -7.961  -36.940  55.387 0.0000000000
12313  -9.070  -36.467  54.928 0.0000000000
12314  -9.756  -37.308  55.518 0.0000000000
12315  -11.498  -37.843  55.496 0.0000000000
12316  -10.492  -38.077  56.168 0.0000000000
12328  -4.367  -41.484  65.301 0.0000000000
12330  -3.937  -40.030  64.468 0.0000000000
12331  -3.884  -38.305  63.906 0.0000000000
12332  -4.310  -39.828  63.225 0.0000000000
12333  -4.625  -39.536  62.116 0.0000000000
12334  -4.917  -40.830  62.775 0.0000000000
12335  -15.592  -41.908  63.768 0.0000000000
12336  -14.772  -40.936  62.923 0.0000000000
12337  -15.782  -42.215  62.722 0.0000000000
13659  -10.175  -9.408  67.274 0.0000000000
13660  -9.285  -10.522  66.908 0.0000000000
13661  -9.596  -10.502  67.770 0.0000000000
13662  -9.346  -12.710  69.691 0.0000000000
13663  -8.640  -12.575  69.042 0.0000000000
13664  -8.243  -13.499  69.857 0.0000000000
13665  -7.307  -14.464  69.873 0.0000000000
13666  -7.902  -14.433  70.599 0.0000000000
13698  -11.464  -8.578  68.429 0.0000000000
14712  -6.393  -32.930  57.537 0.0000000000
14713  -6.012  -32.924  56.422 0.0000000000
14714  -5.769  -34.172  56.617 0.0000000000
14715  -5.450  -35.364  55.870 0.0000000000
14716  -5.554  -35.403  56.889 0.0000000000
14733  -7.929  -42.108  66.198 0.0000000000
14737  -14.614  -41.203  66.645 0.0000000000
14738  -15.005  -41.468  65.756 0.0000000000
14739  -15.664  -42.713  66.394 0.0000000000
14740  -15.703  -44.320  66.006 0.0000000000
16502  -7.580  -12.831  66.384 0.0000000000
16503  -7.440  -13.047  65.428 0.0000000000
16504  -6.796  -14.001  66.171 0.0000000000
16505  -6.156  -17.451  66.341 0.0000000000
16506  -6.018  -16.498  65.694 0.0000000000
16507  -6.229  -17.711  65.333 0.0000000000
16508  -6.319  -18.036  64.284 0.0000000000
16509  -6.955  -18.863  64.923 0.0000000000
16510  -7.823  -19.964  64.445 0.0000000000
16511  -7.444  -19.829  65.513 0.0000000000
16512  -7.084  -22.189  66.994 0.0000000000
16513  -7.544  -22.323  66.088 0.0000000000
16514  -7.082  -23.605  65.939 0.0000000000
16515  -6.904  -24.869  64.574 0.0000000000
16516  -6.450  -24.801  65.581 0.0000000000
19652  -5.602  -32.702  53.318 0.0000000000
19653  -6.255  -32.447  52.419 0.0000000000
19654  -6.747  -33.643  52.871 0.0000000000
19655  -11.144  -35.595  53.757 0.0000000000
19656  -10.395  -34.615  53.138 0.0000000000
19657  -12.143  -35.299  53.080 0.0000000000
19658  -13.157  -35.202  52.260 0.0000000000
19659  -13.636  -36.369  52.676 0.0000000000
19661  -14.174  -37.463  53.183 0.0000000000
19672  -8.574  -16.954  72.305 0.0000000000
19673  -7.671  -16.660  71.995 0.0000000000
19674  -7.729  -17.972  72.548 0.0000000000
19681  -6.669  -20.539  71.808 0.0000000000
19682  -6.446  -21.996  71.028 0.0000000000
19683  -6.357  -22.010  69.906 0.0000000000
19684  -6.224  -23.428  70.196 0.0000000000
19685  -4.955  -27.251  67.764 0.0000000000
19686  -5.480  -25.992  67.829 0.0000000000
19687  -5.092  -27.175  66.485 0.0000000000
19688  -5.377  -27.128  65.291 0.0000000000
19689  -4.872  -28.448  65.185 0.0000000000
19708  -4.007  -34.699  63.112 0.0000000000
19709  -3.897  -33.027  63.976 0.0000000000
19710  -4.410  -33.046  62.886 0.0000000000
19711  -4.733  -31.402  62.796 0.0000000000
19712  -4.972  -32.966  61.900 0.0000000000
19713  -5.549  -32.958  60.955 0.0000000000
19714  -5.229  -34.568  61.156 0.0000000000
19715  -5.118  -38.811  59.901 0.0000000000
19716  -5.270  -37.383  59.480 0.0000000000
19717  -5.288  -38.434  58.768 0.0000000000
19718  -5.582  -38.113  57.708 0.0000000000
19719  -6.264  -39.155  58.424 0.0000000000
19720  -8.728  -41.319  63.874 0.0000000000
19721  -7.451  -41.212  62.589 0.0000000000
19722  -9.286  -40.925  62.800 0.0000000000
19723  -12.608  -40.063  61.059 0.0000000000
19724  -10.556  -40.221  60.818 0.0000000000
19725  -11.206  -39.889  59.904 0.0000000000
19726  -9.894  -39.540  58.804 0.0000000000
19727  -11.913  -39.606  58.969 0.0000000000
19728  -12.559  -39.360  58.060 0.0000000000
19729  -13.745  -39.759  59.157 0.0000000000
23172  -11.121  -9.763  68.732 0.0000000000
23173  -10.069  -10.627  68.555 0.0000000000
23174  -10.744  -10.930  68.887 0.0000000000
23175  -10.358  -12.098  69.319 0.0000000000
23176  -10.125  -13.081  69.863 0.0000000000
23798  -7.779  -25.176  62.463 0.0000000000
23800  -7.378  -26.437  60.980 0.0000000000
23801  -6.901  -27.782  59.524 0.0000000000
23802  -6.694  -29.140  58.307 0.0000000000
23803  -6.498  -30.428  57.204 0.0000000000
23804  -6.606  -30.288  58.426 0.0000000000
23805  -6.593  -31.558  58.542 0.0000000000
23806  -6.450  -32.832  58.711 0.0000000000
24878  -6.540  -14.753  68.015 0.0000000000
24879  -6.347  -15.013  67.021 0.0000000000
24880  -6.092  -15.982  67.687 0.0000000000
24881  -6.098  -17.192  67.367 0.0000000000
24882  -6.425  -18.398  66.970 0.0000000000
24883  -7.062  -19.670  66.472 0.0000000000
24884  -6.678  -19.463  67.440 0.0000000000
24885  -6.784  -20.700  67.731 0.0000000000
24886  -6.719  -22.026  67.856 0.0000000000
26768  -6.535  -35.023  54.126 0.0000000000
26769  -7.458  -34.651  53.502 0.0000000000
26770  -8.240  -35.541  54.214 0.0000000000
26771  -10.137  -35.980  54.374 0.0000000000
26772  -11.822  -36.641  54.222 0.0000000000
26773  -13.343  -37.490  53.995 0.0000000000
26774  -12.412  -37.591  54.761 0.0000000000
26775  -13.106  -38.387  55.404 0.0000000000
26776  -14.000  -39.091  56.211 0.0000000000
26802  -3.413  -36.514  64.535 0.0000000000
26803  -3.858  -36.389  63.451 0.0000000000
26804  -4.387  -36.370  62.397 0.0000000000
26805  -4.927  -36.209  61.420 0.0000000000
26806  -4.699  -37.917  61.706 0.0000000000
26807  -4.864  -39.198  60.979 0.0000000000
26808  -5.443  -40.016  60.510 0.0000000000
26809  -12.542  -40.561  63.907 0.0000000000
26810  -11.339  -40.554  62.943 0.0000000000
26811  -13.098  -40.426  63.001 0.0000000000
26812  -13.720  -40.307  62.036 0.0000000000
26813  -14.373  -40.293  61.129 0.0000000000
26814  -14.838  -40.316  60.167 0.0000000000
26815  -15.590  -41.294  61.020 0.0000000000
29108  -9.103  -10.703  65.974 0.0000000000
29109  -8.428  -11.674  66.585 0.0000000000
29110  -7.806  -12.693  67.323 0.0000000000
29111  -9.090  -11.552  68.320 0.0000000000
29112  -8.141  -12.570  68.241 0.0000000000
29113  -7.272  -13.618  68.152 0.0000000000
29114  -6.861  -14.578  68.983 0.0000000000
29115  -6.553  -15.569  69.757 0.0000000000
29116  -6.376  -16.640  70.369 0.0000000000
30579  -5.419  -31.578  54.066 0.0000000000
30580  -5.414  -32.858  54.321 0.0000000000
30581  -6.098  -31.707  56.179 0.0000000000
30582  -5.510  -32.922  55.312 0.0000000000
30583  -5.510  -34.102  54.586 0.0000000000
30584  -5.757  -35.328  54.909 0.0000000000
30585  -6.165  -36.388  55.348 0.0000000000
30586  -6.887  -37.319  55.928 0.0000000000
30608  -5.394  -42.029  65.025 0.0000000000
30609  -5.690  -41.644  63.773 0.0000000000
30610  -6.685  -42.072  64.964 0.0000000000
30611  -8.241  -41.741  65.015 0.0000000000
30612  -10.064  -41.232  64.932 0.0000000000
30614  -11.371  -41.001  65.936 0.0000000000
30615  -11.952  -40.756  64.906 0.0000000000
30616  -13.924  -40.798  64.915 0.0000000000
30617  -15.320  -41.724  64.739 0.0000000000
30618  -15.882  -43.406  64.460 0.0000000000
30619  -15.611  -44.951  63.979 0.0000000000
30620  -15.696  -44.730  65.046 0.0000000000
30621  -15.088  -45.982  65.629 0.0000000000
32999  -8.219  -12.103  64.764 0.0000000000
33000  -7.368  -13.341  64.494 0.0000000000
33001  -6.650  -14.545  64.323 0.0000000000
33002  -6.231  -15.265  66.013 0.0000000000
33003  -6.172  -15.543  65.040 0.0000000000
33004  -6.082  -15.863  64.045 0.0000000000
33005  -5.902  -17.189  63.660 0.0000000000
33006  -6.349  -18.398  63.198 0.0000000000
33009  -8.586  -21.174  63.864 0.0000000000
33010  -8.560  -22.536  64.105 0.0000000000
33011  -7.675  -21.010  65.985 0.0000000000
33012  -8.068  -22.436  65.141 0.0000000000
33013  -8.045  -23.858  63.840 0.0000000000
33014  -7.342  -25.045  63.516 0.0000000000
33015  -6.607  -26.055  63.206 0.0000000000
33016  -6.015  -27.210  62.801 0.0000000000
36892  -8.960  -32.769  51.584 0.0000000000
36893  -8.515  -34.142  52.917 0.0000000000
36894  -9.651  -33.681  52.348 0.0000000000
36895  -10.920  -33.344  51.722 0.0000000000
36896  -12.583  -34.050  51.770 0.0000000000
36909  -10.916  -13.574  69.576 0.0000000000
36910  -9.849  -14.036  70.411 0.0000000000
36912  -9.676  -15.082  70.981 0.0000000000
36913  -8.803  -14.630  71.099 0.0000000000
36914  -7.739  -15.492  71.362 0.0000000000
36915  -6.878  -16.566  71.380 0.0000000000
36916  -6.389  -17.852  70.952 0.0000000000
36923  -7.039  -19.235  72.370 0.0000000000
36924  -6.525  -19.164  71.474 0.0000000000
36925  -6.198  -19.133  70.372 0.0000000000
36926  -6.274  -20.494  69.701 0.0000000000
36927  -6.442  -21.964  68.899 0.0000000000
36928  -6.336  -23.480  67.888 0.0000000000
36929  -5.857  -24.762  69.095 0.0000000000
36930  -5.910  -24.734  67.877 0.0000000000
36931  -6.098  -24.729  66.733 0.0000000000
36932  -5.881  -25.906  65.394 0.0000000000
36933  -5.673  -27.129  63.997 0.0000000000
36934  -5.598  -28.462  62.745 0.0000000000
36955  -4.042  -29.936  66.312 0.0000000000
36956  -3.548  -33.108  65.124 0.0000000000
36957  -3.947  -31.396  65.018 0.0000000000
36958  -4.330  -29.906  65.077 0.0000000000
36959  -4.752  -29.868  63.897 0.0000000000
36960  -5.180  -29.886  62.799 0.0000000000
36961  -5.649  -29.955  61.668 0.0000000000
36962  -5.869  -31.400  60.787 0.0000000000
36963  -6.106  -32.906  59.889 0.0000000000
36964  -6.133  -34.361  58.976 0.0000000000
36965  -5.434  -36.087  60.402 0.0000000000
36966  -5.702  -35.919  59.238 0.0000000000
36967  -5.724  -35.665  58.023 0.0000000000
36968  -5.413  -36.766  57.257 0.0000000000
36969  -6.131  -37.721  56.771 0.0000000000
36970  -7.754  -38.285  56.817 0.0000000000
36971  -5.979  -41.226  62.556 0.0000000000
36972  -6.306  -40.858  61.472 0.0000000000
36973  -6.754  -40.390  60.418 0.0000000000
36974  -9.965  -40.548  61.804 0.0000000000
36975  -8.510  -40.389  60.649 0.0000000000
36976  -7.254  -39.934  59.452 0.0000000000
36977  -7.965  -39.491  58.567 0.0000000000
36978  -8.727  -39.040  57.731 0.0000000000
36979  -9.569  -38.562  56.970 0.0000000000
36980  -11.446  -38.831  57.049 0.0000000000
36981  -13.250  -39.160  57.132 0.0000000000
41382  -6.113  -27.876  61.676 0.0000000000
41383  -6.270  -27.995  61.118 0.0000000000
41384  -6.088  -28.611  61.055 0.0000000000
41385  -6.131  -29.320  60.537 0.0000000000
41386  -5.960  -29.225  61.044 0.0000000000
41982  -6.128  -17.368  69.594 0.0000000000
41983  -6.135  -17.413  69.109 0.0000000000
41984  -6.133  -17.960  69.391 0.0000000000
41985  -6.156  -18.605  69.118 0.0000000000
41986  -6.134  -18.537  69.572 0.0000000000
43032  -8.353  -37.358  55.733 0.0000000000
43033  -8.906  -37.147  55.487 0.0000000000
43034  -9.263  -37.532  55.834 0.0000000000
43035  -10.110  -37.726  55.871 0.0000000000
43036  -9.602  -37.895  56.216 0.0000000000
43048  -4.515  -41.344  64.655 0.0000000000
43049  -4.148  -40.855  64.813 0.0000000000
43050  -4.294  -40.709  64.213 0.0000000000
43051  -4.125  -39.941  63.859 0.0000000000
43052  -4.434  -40.605  63.573 0.0000000000
43053  -4.589  -40.420  62.968 0.0000000000
43054  -4.823  -41.003  63.359 0.0000000000
43055  -15.859  -42.726  63.607 0.0000000000
43056  -15.673  -42.056  63.239 0.0000000000
43057  -15.929  -42.840  63.092 0.0000000000
43058  -15.975  -43.072  62.535 0.0000000000
43059  -15.958  -43.791  62.890 0.0000000000
43061  -15.826  -44.464  63.152 0.0000000000
44379  -10.340  -9.421  67.739 0.0000000000
44380  -9.909  -9.930  67.560 0.0000000000
44381  -10.061  -9.986  67.995 0.0000000000
44382  -9.145  -13.166  70.021 0.0000000000
44383  -8.795  -13.080  69.783 0.0000000000
44384  -8.574  -13.553  70.158 0.0000000000
44385  -8.022  -13.949  70.218 0.0000000000
44386  -8.375  -13.999  70.476 0.0000000000
44418  -10.994  -9.042  68.260 0.0000000000
44420  -10.748  -8.939  67.868 0.0000000000
44421  -10.554  -8.893  67.432 0.0000000000
45432  -6.288  -33.551  57.644 0.0000000000
45433  -6.113  -33.565  57.075 0.0000000000
45434  -5.966  -34.194  57.170 0.0000000000
45435  -5.676  -34.783  56.780 0.0000000000
45436  -5.852  -34.824  57.322 0.0000000000
45458  -15.282  -41.852  66.543 0.0000000000
47222  -7.259  -13.341  66.773 0.0000000000
47223  -7.167  -13.419  66.285 0.0000000000
47224  -6.874  -13.923  66.671 0.0000000000
47225  -6.375  -18.052  66.147 0.0000000000
47226  -6.180  -17.590  65.834 0.0000000000
47227  -6.463  -18.169  65.638 0.0000000000
47228  -6.552  -18.288  65.124 0.0000000000
47229  -6.821  -18.772  65.421 0.0000000000
47230  -7.230  -19.345  65.225 0.0000000000
47231  -7.070  -19.278  65.721 0.0000000000
47232  -6.899  -22.854  66.939 0.0000000000
47233  -7.115  -22.926  66.499 0.0000000000
47234  -6.858  -23.529  66.425 0.0000000000
47235  -6.779  -24.229  65.772 0.0000000000
47236  -6.546  -24.167  66.281 0.0000000000
50372  -5.765  -33.380  53.490 0.0000000000
50373  -6.095  -33.241  53.025 0.0000000000
50374  -6.322  -33.842  53.276 0.0000000000
50375  -11.972  -36.008  53.676 0.0000000000
50376  -11.656  -35.457  53.441 0.0000000000
50377  -12.437  -35.875  53.324 0.0000000000
50378  -12.904  -35.788  52.902 0.0000000000
50379  -13.181  -36.409  53.105 0.0000000000
50380  -13.902  -36.942  52.918 0.0000000000
50381  -13.483  -36.963  53.326 0.0000000000
50393  -8.127  -17.455  72.444 0.0000000000
50401  -6.576  -22.029  71.544 0.0000000000
50402  -6.424  -22.796  71.155 0.0000000000
50403  -6.341  -22.765  70.624 0.0000000000
50404  -6.284  -23.450  70.768 0.0000000000
50405  -4.766  -27.864  67.068 0.0000000000
50406  -5.026  -27.185  67.103 0.0000000000
50407  -4.891  -27.791  66.418 0.0000000000
50408  -4.977  -27.781  65.827 0.0000000000
50409  -4.730  -28.482  65.791 0.0000000000
50428  -4.286  -34.673  62.612 0.0000000000
50429  -4.175  -33.788  63.047 0.0000000000
50430  -4.466  -33.790  62.545 0.0000000000
50431  -4.689  -32.992  62.411 0.0000000000
50432  -4.781  -33.811  62.030 0.0000000000
50433  -5.093  -33.776  61.517 0.0000000000
50434  -4.887  -34.640  61.643 0.0000000000
50435  -5.348  -39.244  59.617 0.0000000000
50436  -5.168  -38.626  59.335 0.0000000000
50437  -5.498  -39.040  59.084 0.0000000000
50438  -5.647  -38.853  58.538 0.0000000000
50439  -6.032  -39.372  58.921 0.0000000000
50440  -9.699  -41.100  63.902 0.0000000000
50441  -8.981  -41.127  63.327 0.0000000000
50442  -10.005  -40.905  63.391 0.0000000000
50443  -12.928  -39.963  60.583 0.0000000000
50444  -11.967  -40.000  60.468 0.0000000000
50445  -12.249  -39.871  60.009 0.0000000000
50446  -11.534  -39.742  59.447 0.0000000000
50447  -12.477  -39.764  59.558 0.0000000000
50448  -12.846  -39.661  59.079 0.0000000000
50449  -13.483  -39.801  59.642 0.0000000000
53979  -11.480  -9.953  68.849 0.0000000000
53980  -10.888  -10.318  68.817 0.0000000000
53981  -11.244  -10.540  68.871 0.0000000000
53982  -11.221  -12.028  68.935 0.0000000000
53983  -10.899  -11.763  69.026 0.0000000000
53984  -10.753  -12.308  69.281 0.0000000000
53985  -10.286  -12.574  69.581 0.0000000000
53986  -10.630  -12.792  69.536 0.0000000000
54018  -12.319  -9.781  68.861 0.0000000000
54020  -11.968  -9.543  68.921 0.0000000000
54021  -11.614  -9.307  68.847 0.0000000000
55022  -7.395  -25.750  62.249 0.0000000000
55023  -7.599  -25.812  61.695 0.0000000000
55024  -7.193  -26.334  61.542 0.0000000000
55025  -6.540  -28.209  59.986 0.0000000000
55026  -6.764  -27.677  60.050 0.0000000000
55027  -6.667  -28.390  59.376 0.0000000000
55028  -6.789  -28.469  58.878 0.0000000000
55029  -6.616  -29.039  58.856 0.0000000000
55030  -6.602  -29.684  58.349 0.0000000000
55031  -6.548  -29.597  58.912 0.0000000000
55032  -6.381  -30.754  59.624 0.0000000000
55033  -6.521  -30.826  59.062 0.0000000000
55034  -6.490  -31.470  59.145 0.0000000000
55035  -6.566  -32.200  58.669 0.0000000000
55036  -6.425  -32.121  59.213 0.0000000000
56822  -6.362  -15.279  68.342 0.0000000000
56823  -6.260  -15.381  67.855 0.0000000000
56824  -6.175  -15.866  68.222 0.0000000000
56825  -6.188  -17.607  68.123 0.0000000000
56826  -6.117  -17.098  67.849 0.0000000000
56827  -6.190  -17.718  67.671 0.0000000000
56828  -6.238  -17.822  67.154 0.0000000000
56829  -6.368  -18.292  67.451 0.0000000000
56830  -6.611  -18.912  67.247 0.0000000000
56831  -6.469  -18.809  67.689 0.0000000000
56832  -6.390  -19.924  68.479 0.0000000000
56833  -6.563  -20.005  68.056 0.0000000000
56834  -6.608  -20.622  68.158 0.0000000000
56835  -6.781  -21.341  67.821 0.0000000000
56836  -6.625  -21.276  68.262 0.0000000000
59972  -6.843  -35.529  54.419 0.0000000000
59973  -7.321  -35.318  54.103 0.0000000000
59974  -7.713  -35.798  54.448 0.0000000000
59975  -9.968  -36.642  54.953 0.0000000000
59976  -9.610  -36.229  54.657 0.0000000000
59977  -10.516  -36.452  54.658 0.0000000000
59978  -11.017  -36.245  54.337 0.0000000000
59979  -11.345  -36.778  54.557 0.0000000000
59980  -12.112  -37.129  54.475 0.0000000000
59981  -11.627  -37.243  54.824 0.0000000000
59982  -11.881  -38.200  55.803 0.0000000000
59983  -12.308  -38.100  55.445 0.0000000000
59984  -12.707  -38.456  55.788 0.0000000000
59985  -13.492  -38.733  55.776 0.0000000000
59986  -13.123  -38.786  56.178 0.0000000000
60026  -3.277  -36.640  65.113 0.0000000000
60027  -3.441  -37.476  64.785 0.0000000000
60028  -4.108  -38.262  63.336 0.0000000000
60029  -3.867  -37.377  63.644 0.0000000000
60030  -4.090  -37.292  63.115 0.0000000000
60031  -4.121  -36.360  62.917 0.0000000000
60032  -4.331  -37.202  62.607 0.0000000000
60033  -4.571  -37.146  62.078 0.0000000000
60034  -4.506  -38.000  62.254 0.0000000000
60035  -4.842  -40.087  61.792 0.0000000000
60036  -4.763  -39.428  61.510 0.0000000000
60037  -4.952  -39.874  61.256 0.0000000000
60038  -5.047  -39.661  60.726 0.0000000000
60039  -5.312  -40.229  61.048 0.0000000000
60040  -13.493  -40.623  63.931 0.0000000000
60041  -12.798  -40.518  63.474 0.0000000000
60042  -13.760  -40.608  63.453 0.0000000000
60043  -14.944  -40.955  62.471 0.0000000000
60044  -14.215  -40.538  62.491 0.0000000000
60045  -14.462  -40.561  61.996 0.0000000000
60046  -14.086  -40.292  61.604 0.0000000000
60047  -14.828  -40.633  61.571 0.0000000000
60048  -15.099  -40.723  61.109 0.0000000000
60049  -15.365  -41.212  61.502 0.0000000000
64016  -9.491  -10.046  66.144 0.0000000000
64017  -8.975  -11.052  67.147 0.0000000000
64018  -8.843  -11.110  66.700 0.0000000000
64019  -8.541  -11.604  67.015 0.0000000000
64020  -8.119  -12.175  66.931 0.0000000000
64021  -8.232  -12.124  67.401 0.0000000000
64022  -9.885  -11.191  68.735 0.0000000000
64023  -9.610  -11.085  68.410 0.0000000000
64024  -9.342  -11.634  68.682 0.0000000000
64025  -8.102  -13.014  69.062 0.0000000000
64026  -8.366  -12.579  68.654 0.0000000000
64027  -7.873  -13.079  68.577 0.0000000000
64028  -7.685  -13.110  68.126 0.0000000000
64029  -7.447  -13.561  68.626 0.0000000000
64030  -7.043  -14.112  68.617 0.0000000000
64031  -7.254  -14.044  69.082 0.0000000000
64032  -7.128  -14.936  70.260 0.0000000000
64033  -6.900  -15.007  69.804 0.0000000000
64034  -6.748  -15.493  70.194 0.0000000000
64035  -6.447  -16.090  70.061 0.0000000000
64036  -6.630  -16.010  70.511 0.0000000000
67167  -5.733  -31.090  55.040 0.0000000000
67169  -5.492  -31.650  54.581 0.0000000000
67170  -5.434  -32.201  54.170 0.0000000000
67171  -5.480  -32.268  54.673 0.0000000000
67172  -6.502  -31.038  57.248 0.0000000000
67173  -6.328  -31.071  56.660 0.0000000000
67174  -6.364  -31.685  56.723 0.0000000000
67175  -5.688  -33.535  55.991 0.0000000000
67176  -5.749  -32.904  55.871 0.0000000000
67177  -5.483  -33.507  55.480 0.0000000000
67178  -5.405  -33.492  54.958 0.0000000000
67179  -5.441  -34.133  55.076 0.0000000000
67180  -5.605  -34.720  54.748 0.0000000000
67181  -5.464  -34.782  55.224 0.0000000000
67182  -5.484  -35.944  56.022 0.0000000000
67183  -5.672  -35.916  55.563 0.0000000000
67184  -5.829  -36.451  55.739 0.0000000000
67185  -6.486  -36.862  55.615 0.0000000000
67186  -6.119  -36.955  55.956 0.0000000000
67231  -5.266  -42.209  65.714 0.0000000000
67232  -5.913  -42.277  65.593 0.0000000000
67233  -6.040  -42.092  64.979 0.0000000000
67234  -6.577  -42.238  65.608 0.0000000000
67235  -8.703  -41.906  66.031 0.0000000000
67236  -8.081  -41.903  65.582 0.0000000000
67237  -8.953  -41.694  65.495 0.0000000000
67238  -9.161  -41.497  64.974 0.0000000000
67239  -9.804  -41.441  65.459 0.0000000000
67243  -13.131  -40.731  66.387 0.0000000000
67244  -12.123  -40.823  66.401 0.0000000000
67245  -12.328  -40.729  65.894 0.0000000000
67246  -11.592  -40.861  65.427 0.0000000000
67247  -12.656  -40.731  65.394 0.0000000000
67248  -12.967  -40.689  64.905 0.0000000000
67249  -13.624  -40.791  65.364 0.0000000000
67250  -15.565  -42.152  65.629 0.0000000000
67251  -15.166  -41.576  65.240 0.0000000000
67252  -15.634  -42.314  65.123 0.0000000000
67253  -15.738  -42.473  64.624 0.0000000000
67254  -15.839  -43.193  64.954 0.0000000000
67255  -15.827  -44.032  64.753 0.0000000000
67256  -15.844  -43.849  65.259 0.0000000000
67257  -15.437  -45.001  66.279 0.0000000000
67258  -15.424  -45.155  65.799 0.0000000000
67259  -15.097  -45.811  66.120 0.0000000000
67260  -14.705  -46.612  65.990 0.0000000000
72542  -8.646  -11.414  65.343 0.0000000000
72544  -8.251  -11.988  65.261 0.0000000000
72545  -7.045  -13.646  65.325 0.0000000000
72546  -7.397  -13.180  64.947 0.0000000000
72547  -7.016  -13.789  64.858 0.0000000000
72548  -7.004  -13.927  64.408 0.0000000000
72549  -6.695  -14.387  64.792 0.0000000000
72550  -6.128  -15.622  66.838 0.0000000000
72551  -6.287  -15.123  66.526 0.0000000000
72552  -6.116  -15.766  66.354 0.0000000000
72553  -5.990  -16.659  65.196 0.0000000000
72554  -6.074  -16.017  65.362 0.0000000000
72555  -6.022  -16.172  64.892 0.0000000000
72556  -6.150  -15.696  64.550 0.0000000000
72557  -5.983  -16.321  64.389 0.0000000000
72558  -5.947  -16.468  63.863 0.0000000000
72559  -5.949  -17.008  64.184 0.0000000000
72560  -6.686  -18.531  64.029 0.0000000000
72561  -6.284  -18.241  63.727 0.0000000000
72562  -6.736  -18.696  63.493 0.0000000000
72563  -6.782  -18.861  62.981 0.0000000000
72564  -7.199  -19.172  63.321 0.0000000000
72566  -7.606  -19.567  63.625 0.0000000000
72567  -8.022  -20.461  64.744 0.0000000000
72568  -8.210  -20.530  64.191 0.0000000000
72569  -8.383  -21.104  64.423 0.0000000000
72570  -8.668  -21.852  64.044 0.0000000000
72571  -8.436  -21.802  64.607 0.0000000000
72572  -7.159  -20.241  66.761 0.0000000000
72573  -7.380  -20.331  66.256 0.0000000000
72574  -7.447  -20.957  66.444 0.0000000000
72575  -7.607  -23.040  65.539 0.0000000000
72576  -7.813  -22.370  65.619 0.0000000000
72577  -7.876  -23.090  65.022 0.0000000000
72578  -8.123  -23.182  64.516 0.0000000000
72579  -7.820  -23.780  64.377 0.0000000000
72580  -7.694  -24.480  63.732 0.0000000000
72581  -7.468  -24.393  64.249 0.0000000000
72582  -6.555  -25.416  64.399 0.0000000000
72583  -6.767  -25.467  63.869 0.0000000000
72584  -6.416  -26.015  63.699 0.0000000000
72585  -6.271  -26.618  63.008 0.0000000000
72586  -6.122  -26.567  63.537 0.0000000000
81995  -6.972  -32.836  52.241 0.0000000000
81996  -6.753  -32.278  51.983 0.0000000000
81997  -7.527  -32.651  51.908 0.0000000000
81998  -8.091  -32.491  51.581 0.0000000000
81999  -8.375  -32.962  51.902 0.0000000000
82000  -8.370  -34.859  53.599 0.0000000000
82001  -7.988  -34.396  53.199 0.0000000000
82002  -8.909  -34.582  53.306 0.0000000000
82003  -10.946  -34.428  52.842 0.0000000000
82004  -10.022  -34.131  52.748 0.0000000000
82005  -10.603  -33.934  52.445 0.0000000000
82006  -10.266  -33.497  52.035 0.0000000000
82007  -11.197  -33.768  52.127 0.0000000000
82008  -11.778  -33.666  51.817 0.0000000000
82009  -12.046  -34.140  52.155 0.0000000000
82010  -13.878  -35.822  52.024 0.0000000000
82011  -13.638  -35.199  51.817 0.0000000000
82022  -13.673  -37.955  54.277 0.0000000000
82023  -14.085  -37.933  53.880 0.0000000000
82042  -10.724  -14.075  69.809 0.0000000000
82043  -10.380  -13.805  70.010 0.0000000000
82044  -10.252  -14.273  70.268 0.0000000000
82048  -9.082  -15.930  71.667 0.0000000000
82049  -9.596  -15.624  71.272 0.0000000000
82050  -9.169  -15.387  71.394 0.0000000000
82051  -9.241  -14.838  71.079 0.0000000000
82052  -8.703  -15.176  71.393 0.0000000000
82053  -8.265  -15.035  71.254 0.0000000000
82054  -8.181  -15.599  71.595 0.0000000000
82055  -7.226  -17.234  72.029 0.0000000000
82056  -7.247  -16.593  71.720 0.0000000000
82057  -6.860  -17.186  71.640 0.0000000000
82058  -6.575  -17.198  71.189 0.0000000000
82059  -6.615  -17.840  71.455 0.0000000000
82076  -7.389  -19.275  72.717 0.0000000000
82077  -7.151  -19.933  72.501 0.0000000000
82078  -6.447  -20.557  71.303 0.0000000000
82079  -6.567  -19.865  71.637 0.0000000000
82080  -6.360  -19.836  71.127 0.0000000000
82081  -6.341  -19.131  70.950 0.0000000000
82082  -6.245  -19.805  70.575 0.0000000000
82083  -6.187  -19.789  70.049 0.0000000000
82084  -6.272  -20.507  70.251 0.0000000000
82085  -6.275  -22.712  69.530 0.0000000000
82086  -6.384  -21.952  69.403 0.0000000000
82087  -6.331  -22.707  68.967 0.0000000000
82088  -6.412  -22.756  68.456 0.0000000000
82089  -6.225  -23.429  68.464 0.0000000000
82091  -5.836  -24.831  69.678 0.0000000000
82092  -5.652  -25.439  69.122 0.0000000000
82093  -5.535  -25.935  67.210 0.0000000000
82094  -5.689  -25.347  67.885 0.0000000000
82095  -5.745  -25.315  67.278 0.0000000000
82096  -5.971  -24.729  67.306 0.0000000000
82097  -5.844  -25.299  66.710 0.0000000000
82098  -5.992  -25.299  66.101 0.0000000000
82099  -5.721  -25.902  66.003 0.0000000000
82100  -5.305  -27.763  64.596 0.0000000000
82101  -5.523  -27.137  64.635 0.0000000000
82102  -5.459  -27.765  63.950 0.0000000000
82103  -5.614  -27.767  63.343 0.0000000000
82104  -5.422  -28.470  63.331 0.0000000000
82158  -3.362  -34.782  64.713 0.0000000000
82159  -3.362  -33.961  65.177 0.0000000000
82160  -3.508  -33.914  64.595 0.0000000000
82161  -4.094  -32.193  63.907 0.0000000000
82162  -3.906  -32.184  64.483 0.0000000000
82163  -4.089  -31.422  64.422 0.0000000000
82164  -4.122  -30.611  65.032 0.0000000000
82165  -4.301  -30.619  64.417 0.0000000000
82166  -4.538  -29.860  64.455 0.0000000000
82167  -4.499  -30.601  63.835 0.0000000000
82168  -5.050  -31.395  62.295 0.0000000000
82169  -4.963  -30.645  62.778 0.0000000000
82170  -5.229  -30.648  62.227 0.0000000000
82171  -5.412  -29.934  62.221 0.0000000000
82172  -5.491  -30.681  61.717 0.0000000000
82173  -5.742  -30.669  61.206 0.0000000000
82174  -5.606  -31.428  61.283 0.0000000000
82175  -5.695  -33.694  60.550 0.0000000000
82176  -5.849  -32.924  60.432 0.0000000000
82177  -5.968  -33.666  60.041 0.0000000000
82178  -6.197  -33.686  59.439 0.0000000000
82179  -6.004  -34.398  59.612 0.0000000000
82180  -5.026  -36.982  61.027 0.0000000000
82181  -5.190  -36.121  60.930 0.0000000000
82182  -5.268  -36.853  60.481 0.0000000000
82183  -5.313  -37.207  58.915 0.0000000000
82184  -5.474  -36.649  59.347 0.0000000000
82185  -5.530  -36.518  58.759 0.0000000000
82186  -5.789  -35.789  58.640 0.0000000000
82187  -5.525  -36.361  58.147 0.0000000000
82188  -5.489  -36.245  57.607 0.0000000000
82189  -5.398  -36.923  57.799 0.0000000000
82190  -6.169  -38.486  57.549 0.0000000000
82191  -5.821  -37.913  57.214 0.0000000000
82192  -6.481  -38.282  57.130 0.0000000000
82193  -6.859  -38.091  56.734 0.0000000000
82194  -7.318  -38.575  57.183 0.0000000000
82195  -6.304  -41.684  63.703 0.0000000000
82196  -5.784  -41.431  63.162 0.0000000000
82197  -6.486  -41.474  63.135 0.0000000000
82198  -7.690  -41.023  62.083 0.0000000000
82199  -6.885  -41.100  62.028 0.0000000000
82200  -7.096  -40.861  61.509 0.0000000000
82201  -6.553  -40.613  60.942 0.0000000000
82202  -7.326  -40.637  61.001 0.0000000000
82203  -11.652  -40.438  62.508 0.0000000000
82204  -10.665  -40.574  62.395 0.0000000000
82205  -10.977  -40.418  61.911 0.0000000000
82206  -9.859  -40.118  60.246 0.0000000000
82207  -9.532  -40.313  60.733 0.0000000000
82208  -8.845  -40.156  60.157 0.0000000000
82209  -7.856  -40.180  60.036 0.0000000000
82210  -8.202  -39.951  59.586 0.0000000000
82211  -7.619  -39.705  58.997 0.0000000000
82212  -8.554  -39.735  59.138 0.0000000000
82213  -10.265  -39.363  58.359 0.0000000000
82214  -9.261  -39.321  58.253 0.0000000000
82215  -9.653  -39.102  57.837 0.0000000000
82216  -9.148  -38.800  57.342 0.0000000000
82217  -10.039  -38.865  57.419 0.0000000000
82218  -10.505  -38.689  57.000 0.0000000000
82219  -11.025  -38.993  57.500 0.0000000000
82220  -13.465  -39.462  58.117 0.0000000000
82221  -12.913  -39.213  57.610 0.0000000000
82222  -13.832  -39.405  57.635 0.0000000000
82223  -14.127  -39.391  57.176 0.0000000000
82226  -15.073  -40.352  59.694 0.0000000000
82262  -15.319  -45.619  64.299 0.0000000000
82263  -15.300  -45.732  63.694 0.0000000000
92292  -12.123  -10.377  68.707 0.0000000000
92293  -11.601  -10.775  68.804 0.0000000000
92294  -11.925  -11.002  68.621 0.0000000000
92295  -11.718  -11.671  68.567 0.0000000000
92296  -11.542  -12.279  68.703 0.0000000000
92918  -6.604  -26.783  61.922 0.0000000000
92919  -6.778  -26.871  61.377 0.0000000000
92920  -6.475  -27.417  61.221 0.0000000000
92921  -6.415  -28.078  60.581 0.0000000000
92922  -6.413  -28.796  59.992 0.0000000000
92923  -6.457  -29.500  59.442 0.0000000000
92924  -6.304  -29.429  60.008 0.0000000000
92925  -6.255  -30.071  60.067 0.0000000000
92926  -6.176  -30.654  60.168 0.0000000000
93998  -6.212  -16.235  69.092 0.0000000000
93999  -6.140  -16.344  68.577 0.0000000000
94000  -6.121  -16.872  68.863 0.0000000000
94001  -6.157  -17.506  68.606 0.0000000000
94002  -6.211  -18.149  68.381 0.0000000000
94003  -6.335  -18.741  68.160 0.0000000000
94004  -6.239  -18.679  68.630 0.0000000000
94005  -6.267  -19.276  68.778 0.0000000000
94006  -6.286  -19.865  68.971 0.0000000000
95888  -7.551  -36.476  55.050 0.0000000000
95889  -8.106  -36.259  54.820 0.0000000000
95890  -8.523  -36.705  55.165 0.0000000000
95891  -9.431  -36.864  55.234 0.0000000000
95892  -10.294  -37.091  55.218 0.0000000000
95893  -11.166  -37.409  55.165 0.0000000000
95894  -10.618  -37.550  55.515 0.0000000000
95895  -11.001  -37.943  55.822 0.0000000000
95896  -11.396  -38.279  56.146 0.0000000000
95919  -3.800  -40.156  65.070 0.0000000000
95920  -3.712  -39.292  64.737 0.0000000000
95921  -3.667  -38.396  64.472 0.0000000000
95922  -3.900  -39.219  64.160 0.0000000000
95923  -4.104  -39.114  63.596 0.0000000000
95924  -4.296  -39.042  63.021 0.0000000000
95925  -4.453  -38.891  62.451 0.0000000000
95926  -4.480  -39.690  62.694 0.0000000000
95927  -4.737  -40.264  62.386 0.0000000000
95928  -5.062  -40.632  62.174 0.0000000000
95929  -15.096  -41.311  63.883 0.0000000000
95930  -14.586  -40.882  63.417 0.0000000000
95931  -15.228  -41.383  63.352 0.0000000000
95932  -15.372  -41.498  62.840 0.0000000000
95933  -15.492  -41.580  62.373 0.0000000000
95934  -15.598  -41.694  61.903 0.0000000000
95935  -15.875  -42.359  62.220 0.0000000000
98313  -10.025  -9.379  66.809 0.0000000000
98314  -9.568  -9.999  66.616 0.0000000000
98315  -9.717  -9.955  67.088 0.0000000000
98316  -9.414  -10.503  67.336 0.0000000000
98317  -9.117  -11.041  67.608 0.0000000000
98318  -9.485  -12.247  69.306 0.0000000000
98319  -9.124  -12.122  69.007 0.0000000000
98320  -8.958  -12.585  69.401 0.0000000000
98321  -8.437  -13.031  69.459 0.0000000000
98322  -7.930  -13.488  69.479 0.0000000000
98323  -7.488  -13.975  69.495 0.0000000000
98324  -7.738  -13.950  69.868 0.0000000000
98325  -7.586  -14.431  70.260 0.0000000000
98326  -7.446  -14.913  70.640 0.0000000000
100207  -5.922  -31.114  55.555 0.0000000000
100208  -6.464  -32.308  57.396 0.0000000000
100209  -6.321  -32.346  56.798 0.0000000000
100210  -6.248  -32.952  56.969 0.0000000000
100211  -5.916  -33.553  56.532 0.0000000000
100212  -5.593  -34.157  56.096 0.0000000000
100213  -5.434  -34.787  55.714 0.0000000000
100214  -5.486  -34.750  56.225 0.0000000000
100215  -5.415  -35.362  56.369 0.0000000000
100216  -5.409  -35.965  56.491 0.0000000000
100245  -7.170  -42.289  66.278 0.0000000000
100252  -13.751  -40.814  66.768 0.0000000000
100253  -14.014  -40.913  66.279 0.0000000000
100254  -14.250  -41.010  65.830 0.0000000000
100255  -14.811  -41.332  66.189 0.0000000000
100256  -15.435  -42.022  66.099 0.0000000000
100257  -15.818  -42.902  65.993 0.0000000000
100258  -15.850  -43.692  65.764 0.0000000000
100259  -15.827  -43.601  66.202 0.0000000000
100260  -15.693  -44.180  66.479 0.0000000000
103430  -7.930  -12.333  66.009 0.0000000000
103431  -7.863  -12.448  65.548 0.0000000000
103432  -7.498  -12.933  65.905 0.0000000000
103433  -7.094  -13.507  65.793 0.0000000000
103434  -6.736  -14.116  65.704 0.0000000000
103435  -6.023  -16.871  66.531 0.0000000000
103436  -6.036  -16.407  66.209 0.0000000000
103437  -6.034  -17.005  66.013 0.0000000000
103438  -6.037  -17.122  65.505 0.0000000000
103439  -6.032  -17.280  65.000 0.0000000000
103440  -6.046  -17.486  64.503 0.0000000000
103441  -6.282  -17.858  64.814 0.0000000000
103442  -6.625  -18.406  64.600 0.0000000000
103443  -7.072  -18.950  64.423 0.0000000000
103444  -7.513  -19.462  64.175 0.0000000000
103445  -7.385  -19.409  64.705 0.0000000000
103446  -7.628  -19.895  64.997 0.0000000000
103447  -7.826  -20.424  65.307 0.0000000000
103448  -7.178  -21.526  67.002 0.0000000000
103449  -7.424  -21.592  66.550 0.0000000000
103450  -7.304  -22.280  66.556 0.0000000000
103451  -7.355  -22.995  66.044 0.0000000000
103452  -7.320  -23.663  65.444 0.0000000000
103453  -7.246  -24.312  64.755 0.0000000000
103454  -7.016  -24.271  65.258 0.0000000000
103455  -6.654  -24.857  65.073 0.0000000000
103456  -6.340  -25.400  64.928 0.0000000000
109100  -5.533  -32.039  53.173 0.0000000000
109101  -5.797  -31.938  52.687 0.0000000000
109102  -5.884  -32.570  52.856 0.0000000000
109103  -6.513  -33.055  52.608 0.0000000000
109104  -7.268  -33.411  52.532 0.0000000000
109105  -10.210  -35.294  53.764 0.0000000000
109106  -9.818  -34.807  53.417 0.0000000000
109107  -10.761  -35.108  53.474 0.0000000000
109108  -11.323  -34.927  53.153 0.0000000000
109109  -11.818  -34.748  52.809 0.0000000000
109110  -12.350  -34.663  52.432 0.0000000000
109111  -12.654  -35.228  52.672 0.0000000000
109112  -13.385  -35.781  52.463 0.0000000000
109113  -14.115  -36.438  52.238 0.0000000000
109115  -14.321  -36.977  52.477 0.0000000000
109135  -9.049  -16.531  72.005 0.0000000000
109136  -8.581  -16.313  71.986 0.0000000000
109137  -8.139  -16.184  71.898 0.0000000000
109138  -8.124  -16.790  72.194 0.0000000000
109139  -7.674  -17.323  72.273 0.0000000000
109140  -7.287  -17.940  72.254 0.0000000000
109151  -6.929  -20.621  72.240 0.0000000000
109152  -6.706  -21.322  71.891 0.0000000000
109153  -6.548  -21.253  71.431 0.0000000000
109154  -6.428  -21.216  70.942 0.0000000000
109155  -6.360  -21.185  70.422 0.0000000000
109156  -6.377  -21.973  70.505 0.0000000000
109157  -6.281  -22.722  70.056 0.0000000000
109158  -6.180  -23.421  69.588 0.0000000000
109159  -5.185  -26.652  68.472 0.0000000000
109160  -5.425  -26.032  68.486 0.0000000000
109161  -5.207  -26.588  67.800 0.0000000000
109162  -5.267  -26.563  67.141 0.0000000000
109163  -5.371  -26.529  66.521 0.0000000000
109164  -5.473  -26.476  65.960 0.0000000000
109165  -5.232  -27.133  65.860 0.0000000000
109166  -5.138  -27.760  65.209 0.0000000000
109167  -5.032  -28.439  64.568 0.0000000000
109200  -3.766  -34.735  63.573 0.0000000000
109201  -3.707  -33.910  64.033 0.0000000000
109202  -3.914  -33.881  63.525 0.0000000000
109203  -4.126  -33.025  63.435 0.0000000000
109204  -4.323  -32.200  63.357 0.0000000000
109205  -4.486  -31.393  63.332 0.0000000000
109206  -4.592  -32.195  62.855 0.0000000000
109207  -4.848  -32.157  62.340 0.0000000000
109208  -5.154  -32.189  61.821 0.0000000000
109209  -5.447  -32.202  61.313 0.0000000000
109210  -5.260  -32.978  61.431 0.0000000000
109211  -5.396  -33.745  61.033 0.0000000000
109212  -5.517  -34.535  60.669 0.0000000000
109213  -5.033  -38.278  60.220 0.0000000000
109214  -5.177  -37.545  60.047 0.0000000000
109215  -5.116  -38.126  59.638 0.0000000000
109216  -5.169  -37.931  59.088 0.0000000000
109217  -5.240  -37.770  58.541 0.0000000000
109218  -5.340  -37.616  58.013 0.0000000000
109219  -5.434  -38.279  58.221 0.0000000000
109220  -5.888  -38.699  58.028 0.0000000000
109221  -6.579  -38.961  57.957 0.0000000000
109222  -7.822  -41.506  63.803 0.0000000000
109223  -7.234  -41.427  63.157 0.0000000000
109224  -8.048  -41.302  63.233 0.0000000000
109225  -8.314  -41.098  62.683 0.0000000000
109226  -8.621  -40.898  62.185 0.0000000000
109227  -12.258  -40.166  61.537 0.0000000000
109228  -11.275  -40.268  61.408 0.0000000000
109229  -11.648  -40.125  60.944 0.0000000000
109230  -10.906  -40.053  60.360 0.0000000000
109231  -10.206  -39.917  59.818 0.0000000000
109232  -9.562  -39.732  59.244 0.0000000000
109233  -10.565  -39.750  59.368 0.0000000000
109234  -10.900  -39.576  58.908 0.0000000000
109235  -11.252  -39.437  58.444 0.0000000000
109236  -11.605  -39.257  58.003 0.0000000000
109237  -12.250  -39.483  58.525 0.0000000000
109238  -13.188  -39.561  58.597 0.0000000000
109239  -14.035  -39.689  58.664 0.0000000000
109262  -14.618  -46.940  64.964 0.0000000000
115506  -10.750  -9.632  68.490 0.0000000000
115507  -10.299  -10.061  68.325 0.0000000000
115508  -10.572  -10.162  68.590 0.0000000000
115509  -10.390  -10.756  68.772 0.0000000000
115510  -10.201  -11.330  68.922 0.0000000000
115511  -11.103  -11.182  68.882 0.0000000000
115512  -10.545  -11.531  69.012 0.0000000000
115513  -9.971  -11.912  69.219 0.0000000000
115514  -9.875  -12.401  69.512 0.0000000000
115515  -9.744  -12.885  69.822 0.0000000000
115516  -9.531  -13.334  70.138 0.0000000000
115565  -11.772  -8.729  68.699 0.0000000000
115566  -11.274  -9.168  68.587 0.0000000000
116966  -8.167  -24.594  62.652 0.0000000000
116967  -8.385  -24.704  62.044 0.0000000000
116968  -7.990  -25.276  61.876 0.0000000000
116969  -7.780  -25.921  61.111 0.0000000000
116970  -7.513  -26.553  60.421 0.0000000000
116971  -6.960  -26.992  60.825 0.0000000000
116972  -7.108  -27.096  60.273 0.0000000000
116978  -6.640  -29.805  57.673 0.0000000000
116979  -6.616  -30.352  57.830 0.0000000000
116980  -6.580  -31.005  57.827 0.0000000000
116981  -6.533  -30.194  58.987 0.0000000000
116982  -6.591  -30.904  58.485 0.0000000000
116983  -6.565  -31.626  57.893 0.0000000000
116984  -6.559  -32.264  58.031 0.0000000000
116985  -6.457  -32.889  58.134 0.0000000000
116986  -6.363  -33.513  58.245 0.0000000000
119486  -6.774  -14.271  67.601 0.0000000000
119487  -6.649  -14.394  67.097 0.0000000000
119488  -6.426  -14.895  67.520 0.0000000000
119489  -6.190  -15.492  67.394 0.0000000000
119490  -6.029  -16.121  67.182 0.0000000000
119491  -6.100  -16.467  68.054 0.0000000000
119492  -6.050  -16.588  67.553 0.0000000000
119493  -6.011  -16.717  67.042 0.0000000000
119494  -6.134  -17.315  66.858 0.0000000000
119495  -6.310  -17.925  66.631 0.0000000000
119496  -6.558  -18.535  66.482 0.0000000000
119497  -6.913  -19.118  66.233 0.0000000000
119498  -6.765  -18.995  66.739 0.0000000000
119499  -6.869  -19.563  66.951 0.0000000000
119500  -6.946  -20.139  67.189 0.0000000000
119501  -6.507  -19.408  67.899 0.0000000000
119502  -6.749  -20.069  67.614 0.0000000000
119503  -6.994  -20.792  67.290 0.0000000000
119504  -6.966  -21.427  67.421 0.0000000000
119505  -6.886  -22.104  67.416 0.0000000000
119506  -6.713  -22.791  67.386 0.0000000000
123896  -6.185  -34.505  53.921 0.0000000000
123897  -6.585  -34.339  53.523 0.0000000000
123898  -6.964  -34.848  53.805 0.0000000000
123899  -7.840  -35.107  53.873 0.0000000000
123900  -8.739  -35.307  53.982 0.0000000000
123901  -8.691  -36.015  54.562 0.0000000000
123902  -9.224  -35.766  54.310 0.0000000000
123903  -9.720  -35.528  54.056 0.0000000000
123904  -10.643  -35.749  54.056 0.0000000000
123905  -11.500  -36.105  54.004 0.0000000000
123906  -12.292  -36.543  53.881 0.0000000000
123907  -13.060  -36.987  53.703 0.0000000000
123908  -12.592  -37.039  54.102 0.0000000000
123909  -12.881  -37.527  54.384 0.0000000000
123910  -13.234  -37.996  54.680 0.0000000000
123911  -11.958  -37.710  55.128 0.0000000000
123912  -12.763  -38.027  55.067 0.0000000000
123913  -13.552  -38.366  55.008 0.0000000000
123914  -13.904  -38.728  55.407 0.0000000000
123947  -4.678  -27.945  67.713 0.0000000000
123948  -4.450  -28.571  67.061 0.0000000000
123973  -3.287  -35.699  64.887 0.0000000000
123974  -3.442  -35.627  64.328 0.0000000000
123975  -3.642  -37.402  64.214 0.0000000000
123976  -3.624  -36.457  63.981 0.0000000000
123977  -3.648  -35.549  63.764 0.0000000000
123978  -3.906  -35.512  63.241 0.0000000000
123979  -4.168  -35.507  62.747 0.0000000000
123980  -4.468  -35.480  62.259 0.0000000000
123981  -4.777  -35.427  61.791 0.0000000000
123982  -4.663  -36.284  61.928 0.0000000000
123983  -4.799  -37.065  61.579 0.0000000000
123984  -4.886  -37.830  61.181 0.0000000000
123985  -4.639  -38.741  61.887 0.0000000000
123986  -4.798  -38.631  61.316 0.0000000000
123987  -4.912  -38.447  60.753 0.0000000000
123988  -4.993  -39.012  60.418 0.0000000000
123989  -5.208  -39.460  60.162 0.0000000000
123990  -5.607  -39.840  59.959 0.0000000000
123991  -11.593  -40.697  63.906 0.0000000000
123992  -11.019  -40.700  63.431 0.0000000000
123993  -11.862  -40.566  63.462 0.0000000000
123994  -12.252  -40.437  62.990 0.0000000000
123995  -12.565  -40.339  62.542 0.0000000000
123996  -13.941  -40.527  62.943 0.0000000000
123997  -13.435  -40.346  62.564 0.0000000000
123998  -12.869  -40.227  62.002 0.0000000000
123999  -13.171  -40.158  61.572 0.0000000000
124000  -13.483  -40.095  61.113 0.0000000000
124001  -13.807  -40.029  60.634 0.0000000000
124002  -14.078  -40.002  60.154 0.0000000000
124003  -14.597  -40.289  60.654 0.0000000000
124004  -15.261  -40.739  60.619 0.0000000000
129471  -9.042  -10.799  65.506 0.0000000000
129472  -8.697  -11.293  65.781 0.0000000000
129473  -9.184  -10.612  66.440 0.0000000000
129474  -8.734  -11.197  66.246 0.0000000000
129475  -8.360  -11.752  66.133 0.0000000000
129476  -8.014  -12.248  66.457 0.0000000000
129477  -7.669  -12.782  66.860 0.0000000000
129478  -7.376  -13.255  67.238 0.0000000000
129479  -9.827  -10.524  68.205 0.0000000000
129480  -9.357  -11.036  68.036 0.0000000000
129481  -8.871  -11.564  67.908 0.0000000000
129482  -8.829  -12.068  68.667 0.0000000000
129483  -8.605  -12.056  68.260 0.0000000000
129484  -8.407  -12.076  67.830 0.0000000000
129485  -7.967  -12.611  67.778 0.0000000000
129486  -7.524  -13.149  67.692 0.0000000000
129487  -7.129  -13.702  67.695 0.0000000000
129488  -6.891  -14.189  68.124 0.0000000000
129489  -6.677  -14.665  68.496 0.0000000000
129490  -6.501  -15.186  68.871 0.0000000000
129491  -7.073  -14.501  69.449 0.0000000000
129492  -6.693  -15.085  69.341 0.0000000000
129493  -6.386  -15.655  69.258 0.0000000000
129494  -6.316  -16.158  69.590 0.0000000000
129495  -6.263  -16.701  69.905 0.0000000000
129496  -6.209  -17.285  70.120 0.0000000000
133465  -5.440  -31.504  53.556 0.0000000000
133466  -5.430  -32.124  53.681 0.0000000000
133467  -5.452  -32.802  53.819 0.0000000000
133468  -5.532  -33.447  53.953 0.0000000000
133469  -6.351  -30.476  56.626 0.0000000000
133470  -6.107  -31.122  56.072 0.0000000000
133471  -5.847  -31.709  55.632 0.0000000000
133472  -6.044  -32.318  56.262 0.0000000000
133473  -5.787  -32.317  55.725 0.0000000000
133474  -5.565  -32.317  55.187 0.0000000000
133475  -5.430  -32.893  54.814 0.0000000000
133476  -5.426  -33.475  54.448 0.0000000000
133477  -5.672  -34.064  54.124 0.0000000000
133478  -5.872  -34.641  54.311 0.0000000000
133479  -6.126  -35.185  54.504 0.0000000000
133480  -6.385  -35.727  54.759 0.0000000000
133481  -5.571  -35.368  55.372 0.0000000000
133482  -5.955  -35.883  55.104 0.0000000000
133483  -6.658  -36.228  55.026 0.0000000000
133484  -6.995  -36.677  55.310 0.0000000000
133485  -7.436  -37.148  55.641 0.0000000000
133486  -7.791  -37.558  55.999 0.0000000000
133543  -4.843  -41.860  65.122 0.0000000000
133544  -4.977  -41.649  64.455 0.0000000000
133545  -5.150  -41.480  63.828 0.0000000000
133546  -5.529  -41.838  64.403 0.0000000000
133547  -6.170  -41.892  64.368 0.0000000000
133548  -6.814  -41.872  64.375 0.0000000000
133549  -7.282  -42.102  65.619 0.0000000000
133550  -7.400  -41.929  64.988 0.0000000000
133551  -7.596  -41.732  64.372 0.0000000000
133552  -8.476  -41.537  64.429 0.0000000000
133553  -9.424  -41.298  64.468 0.0000000000
133554  -10.362  -41.056  64.424 0.0000000000
133557  -10.183  -41.461  66.467 0.0000000000
133559  -11.128  -41.129  66.454 0.0000000000
133560  -10.434  -41.314  65.945 0.0000000000
133561  -10.693  -41.141  65.425 0.0000000000
133562  -10.991  -40.956  64.906 0.0000000000
133563  -11.290  -40.824  64.420 0.0000000000
133564  -12.252  -40.661  64.416 0.0000000000
133565  -13.220  -40.623  64.443 0.0000000000
133566  -14.127  -40.837  64.403 0.0000000000
133567  -14.499  -41.060  65.338 0.0000000000
133568  -14.698  -41.176  64.838 0.0000000000
133569  -14.904  -41.247  64.356 0.0000000000
133570  -15.487  -41.839  64.255 0.0000000000
133571  -15.855  -42.645  64.118 0.0000000000
133572  -15.888  -43.537  63.927 0.0000000000
133573  -15.816  -44.293  63.698 0.0000000000
133574  -15.801  -44.171  64.226 0.0000000000
133575  -15.622  -44.839  64.523 0.0000000000
133576  -15.346  -45.524  64.825 0.0000000000
133577  -15.693  -44.503  65.531 0.0000000000
133578  -15.369  -45.398  65.277 0.0000000000
133579  -15.021  -46.164  65.097 0.0000000000
133580  -14.685  -46.799  65.489 0.0000000000
140186  -7.806  -12.607  65.056 0.0000000000
140187  -7.772  -12.772  64.575 0.0000000000
140189  -7.356  -13.493  64.034 0.0000000000
140190  -6.981  -14.077  63.924 0.0000000000
140191  -6.627  -14.720  63.853 0.0000000000
140192  -6.546  -14.512  66.603 0.0000000000
140193  -6.471  -14.632  66.111 0.0000000000
140194  -6.423  -14.755  65.610 0.0000000000
140195  -6.097  -15.899  65.869 0.0000000000
140196  -6.200  -15.400  65.520 0.0000000000
140197  -6.419  -14.895  65.172 0.0000000000
140198  -6.389  -15.041  64.706 0.0000000000
140199  -6.326  -15.193  64.216 0.0000000000
140200  -6.295  -15.371  63.697 0.0000000000
140201  -6.024  -16.028  63.554 0.0000000000
140202  -5.867  -16.706  63.314 0.0000000000
140203  -5.853  -17.388  63.122 0.0000000000
140204  -6.050  -17.659  63.981 0.0000000000
140205  -6.061  -17.816  63.438 0.0000000000
140206  -6.013  -18.013  62.901 0.0000000000
140213  -7.992  -20.028  63.918 0.0000000000
140214  -8.391  -20.610  63.636 0.0000000000
140217  -8.786  -22.581  63.542 0.0000000000
140218  -8.585  -23.272  63.479 0.0000000000
140219  -7.250  -19.750  66.019 0.0000000000
140220  -7.602  -20.381  65.788 0.0000000000
140221  -7.918  -21.007  65.531 0.0000000000
140222  -7.675  -21.644  66.092 0.0000000000
140223  -7.918  -21.670  65.644 0.0000000000
140224  -8.177  -21.728  65.133 0.0000000000
140225  -8.329  -22.500  64.625 0.0000000000
140226  -8.366  -23.223  63.992 0.0000000000
140227  -8.278  -23.923  63.319 0.0000000000
140228  -7.920  -24.551  63.195 0.0000000000
140229  -7.549  -25.133  62.977 0.0000000000
140230  -7.180  -25.712  62.769 0.0000000000
140231  -7.128  -24.951  64.034 0.0000000000
140232  -6.972  -25.573  63.299 0.0000000000
140233  -6.809  -26.161  62.625 0.0000000000
140234  -6.419  -26.702  62.466 0.0000000000
140235  -6.174  -27.259  62.270 0.0000000000
140236  -5.946  -27.832  62.189 0.0000000000
151643  -7.079  -34.164  53.151 0.0000000000
151644  -7.603  -33.938  52.856 0.0000000000
151645  -8.143  -33.706  52.554 0.0000000000
151646  -9.441  -34.326  53.035 0.0000000000
151647  -9.053  -33.887  52.641 0.0000000000
151648  -8.703  -33.453  52.255 0.0000000000
151649  -9.301  -33.229  51.953 0.0000000000
151650  -9.934  -33.052  51.656 0.0000000000
151655  -12.884  -34.618  52.031 0.0000000000
151670  -13.777  -37.460  53.589 0.0000000000
151690  -11.484  -12.853  68.900 0.0000000000
151692  -11.351  -13.347  69.136 0.0000000000
151693  -11.008  -13.074  69.392 0.0000000000
151694  -10.546  -13.322  69.793 0.0000000000
151695  -9.984  -13.555  70.133 0.0000000000
151696  -9.398  -13.831  70.475 0.0000000000
151702  -10.146  -14.811  70.543 0.0000000000
151703  -9.744  -14.568  70.685 0.0000000000
151704  -9.313  -14.323  70.722 0.0000000000
151705  -8.838  -14.122  70.641 0.0000000000
151706  -8.323  -14.514  70.911 0.0000000000
151707  -7.851  -14.955  71.008 0.0000000000
151708  -7.329  -15.470  71.058 0.0000000000
151709  -7.679  -16.081  71.692 0.0000000000
151710  -7.261  -16.019  71.400 0.0000000000
151711  -6.917  -15.990  71.001 0.0000000000
151712  -6.581  -16.543  70.889 0.0000000000
151713  -6.361  -17.220  70.688 0.0000000000
151714  -6.235  -17.836  70.421 0.0000000000
151733  -7.775  -18.681  72.826 0.0000000000
151734  -7.365  -18.616  72.547 0.0000000000
151735  -6.980  -18.569  72.160 0.0000000000
151736  -6.828  -19.880  72.087 0.0000000000
151737  -6.753  -19.187  71.948 0.0000000000
151738  -6.667  -18.500  71.742 0.0000000000
151739  -6.450  -18.449  71.231 0.0000000000
151740  -6.279  -18.469  70.667 0.0000000000
151741  -6.165  -18.488  70.128 0.0000000000
151742  -6.133  -19.147  69.850 0.0000000000
151743  -6.214  -19.830  69.511 0.0000000000
151744  -6.334  -20.532  69.122 0.0000000000
151745  -6.342  -21.213  69.873 0.0000000000
151746  -6.374  -21.187  69.342 0.0000000000
151747  -6.481  -21.263  68.777 0.0000000000
151748  -6.567  -22.007  68.354 0.0000000000
151749  -6.550  -22.756  67.947 0.0000000000
151750  -6.475  -23.474  67.373 0.0000000000
151751  -6.068  -24.156  70.215 0.0000000000
151752  -6.034  -24.122  69.678 0.0000000000
151753  -6.034  -24.118  69.076 0.0000000000
151754  -5.664  -25.372  68.514 0.0000000000
151755  -5.889  -24.727  68.476 0.0000000000
151756  -6.053  -24.121  68.486 0.0000000000
151757  -6.108  -24.118  67.905 0.0000000000
151758  -6.225  -24.133  67.335 0.0000000000
151759  -6.364  -24.116  66.809 0.0000000000
151760  -6.258  -24.746  66.165 0.0000000000
151761  -6.156  -25.341  65.506 0.0000000000
151762  -6.061  -25.956  64.802 0.0000000000
151763  -5.607  -26.544  65.298 0.0000000000
151764  -5.763  -26.537  64.717 0.0000000000
151765  -5.938  -26.542  64.157 0.0000000000
151766  -5.844  -27.147  63.427 0.0000000000
151767  -5.777  -27.803  62.755 0.0000000000
151768  -5.760  -28.480  62.128 0.0000000000
151831  -4.292  -29.259  66.356 0.0000000000
151835  -3.709  -33.071  64.533 0.0000000000
151836  -3.737  -32.193  65.103 0.0000000000
151837  -3.776  -31.415  65.653 0.0000000000
151838  -3.968  -30.662  65.635 0.0000000000
151839  -4.182  -29.939  65.683 0.0000000000
151840  -4.447  -29.213  65.734 0.0000000000
151841  -4.613  -29.169  65.145 0.0000000000
151842  -4.825  -29.128  64.534 0.0000000000
151843  -4.998  -29.158  63.915 0.0000000000
151844  -4.722  -30.611  63.298 0.0000000000
151845  -4.964  -29.882  63.335 0.0000000000
151846  -5.186  -29.182  63.346 0.0000000000
151847  -5.390  -29.212  62.752 0.0000000000
151848  -5.600  -29.199  62.177 0.0000000000
151849  -5.788  -29.192  61.588 0.0000000000
151850  -5.861  -29.923  61.140 0.0000000000
151851  -5.977  -30.657  60.692 0.0000000000
151852  -6.110  -31.416  60.232 0.0000000000
151853  -5.724  -32.213  60.807 0.0000000000
151854  -5.998  -32.168  60.324 0.0000000000
151855  -6.239  -32.161  59.773 0.0000000000
151856  -6.316  -32.902  59.338 0.0000000000
151857  -6.317  -33.585  58.866 0.0000000000
151858  -6.185  -34.294  58.346 0.0000000000
151859  -5.069  -35.359  61.305 0.0000000000
151860  -5.365  -35.309  60.787 0.0000000000
151861  -5.614  -35.315  60.281 0.0000000000
151862  -5.385  -36.767  59.927 0.0000000000
151863  -5.585  -36.038  59.813 0.0000000000
151864  -5.799  -35.222  59.741 0.0000000000
151865  -5.931  -35.121  59.147 0.0000000000
151866  -5.980  -35.028  58.531 0.0000000000
151867  -5.957  -34.949  57.913 0.0000000000
151868  -5.650  -35.539  57.459 0.0000000000
151869  -5.434  -36.132  57.055 0.0000000000
151870  -5.470  -36.618  56.700 0.0000000000
151871  -5.425  -37.446  57.491 0.0000000000
151872  -5.612  -37.256  56.940 0.0000000000
151873  -5.844  -37.112  56.443 0.0000000000
151874  -6.466  -37.549  56.351 0.0000000000
151875  -7.288  -37.826  56.374 0.0000000000
151876  -8.197  -38.002  56.444 0.0000000000
151877  -5.287  -41.262  63.187 0.0000000000
151878  -5.413  -41.079  62.616 0.0000000000
151879  -5.518  -40.884  62.049 0.0000000000
151880  -6.688  -41.272  62.554 0.0000000000
151881  -6.139  -41.033  62.005 0.0000000000
151882  -5.678  -40.679  61.491 0.0000000000
151883  -5.829  -40.495  60.970 0.0000000000
151884  -6.023  -40.274  60.442 0.0000000000
151885  -6.232  -40.061  59.915 0.0000000000
151886  -10.298  -40.736  62.894 0.0000000000
151887  -9.637  -40.736  62.310 0.0000000000
151888  -8.943  -40.685  61.689 0.0000000000
151889  -10.259  -40.383  61.304 0.0000000000
151890  -9.239  -40.509  61.231 0.0000000000
151891  -8.252  -40.584  61.106 0.0000000000
151892  -7.554  -40.406  60.502 0.0000000000
151893  -6.972  -40.171  59.922 0.0000000000
151894  -6.478  -39.825  59.408 0.0000000000
151895  -6.729  -39.585  58.893 0.0000000000
151896  -7.061  -39.380  58.443 0.0000000000
151897  -7.425  -39.164  58.008 0.0000000000
151898  -8.862  -39.509  58.700 0.0000000000
151899  -8.306  -39.271  58.114 0.0000000000
151900  -7.844  -38.936  57.642 0.0000000000
151901  -8.249  -38.693  57.255 0.0000000000
151902  -8.674  -38.455  56.894 0.0000000000
151903  -9.115  -38.183  56.525 0.0000000000
151904  -10.019  -38.323  56.570 0.0000000000
151905  -10.934  -38.488  56.569 0.0000000000
151906  -11.850  -38.666  56.600 0.0000000000
151907  -11.983  -39.096  57.557 0.0000000000
151908  -12.381  -38.953  57.089 0.0000000000
151909  -12.715  -38.866  56.621 0.0000000000
151910  -13.612  -39.120  56.676 0.0000000000
151913  -14.325  -39.973  59.672 0.0000000000
151914  -14.561  -39.982  59.194 0.0000000000
151958  -15.651  -45.072  63.433 0.0000000000
