#!ascii label  , from subject fsaverage vox2ras=TkReg
773
258  51.835  32.833  -1.332 0.0000000000
259  49.264  32.803  -8.704 0.0000000000
260  40.896  30.136  2.521 0.0000000000
738  51.297  28.518  1.345 0.0000000000
739  47.387  30.278  -0.546 0.0000000000
740  44.302  27.447  4.030 0.0000000000
741  39.342  26.596  6.963 0.0000000000
1136  43.476  31.310  -6.276 0.0000000000
1618  50.516  32.896  -5.147 0.0000000000
1619  44.891  32.298  -3.268 0.0000000000
2658  50.094  27.030  3.323 0.0000000000
2659  47.833  28.145  2.680 0.0000000000
2660  46.387  26.841  4.425 0.0000000000
2661  43.854  26.261  5.850 0.0000000000
3653  50.561  35.519  -1.929 0.0000000000
3654  50.189  35.314  -4.189 0.0000000000
3655  51.325  33.203  -3.179 0.0000000000
3656  44.054  30.222  0.882 0.0000000000
3657  46.006  31.486  -1.665 0.0000000000
3658  42.821  31.551  -0.335 0.0000000000
3659  41.656  32.163  -1.752 0.0000000000
3660  39.559  31.407  1.596 0.0000000000
3662  38.224  29.801  4.130 0.0000000000
4846  48.456  34.373  -8.149 0.0000000000
4848  47.924  34.931  -10.794 0.0000000000
5936  51.914  30.285  -0.313 0.0000000000
5937  50.793  30.808  -1.701 0.0000000000
5938  49.062  29.080  0.431 0.0000000000
5939  45.452  28.822  1.876 0.0000000000
5940  42.332  28.492  3.228 0.0000000000
5941  39.811  28.319  4.678 0.0000000000
5942  41.669  27.032  5.354 0.0000000000
5943  41.510  25.595  7.347 0.0000000000
6652  47.082  31.864  -8.227 0.0000000000
6653  48.505  32.805  -11.035 0.0000000000
6654  46.655  31.379  -9.967 0.0000000000
7613  49.412  34.745  -6.274 0.0000000000
7614  50.007  32.801  -6.826 0.0000000000
7615  49.353  31.657  -2.870 0.0000000000
7616  48.072  32.072  -4.354 0.0000000000
7617  47.345  32.306  -6.120 0.0000000000
7618  44.163  32.276  -5.158 0.0000000000
7625  37.295  27.866  6.445 0.0000000000
8233  50.334  34.521  -0.213 0.0000000000
8234  47.225  35.102  2.995 0.0000000000
8235  50.119  33.888  1.795 0.0000000000
8236  52.109  32.130  0.534 0.0000000000
8237  52.570  29.860  1.446 0.0000000000
10338  49.184  26.488  4.168 0.0000000000
10339  48.234  27.022  3.811 0.0000000000
10340  47.387  26.336  4.731 0.0000000000
10341  46.100  26.086  5.374 0.0000000000
11333  51.369  34.146  -1.634 0.0000000000
11334  51.197  34.424  -2.688 0.0000000000
11335  51.607  33.116  -2.253 0.0000000000
11336  42.483  30.226  1.615 0.0000000000
11337  43.433  31.013  0.306 0.0000000000
11338  41.832  30.946  1.176 0.0000000000
11339  41.186  31.521  0.586 0.0000000000
11340  40.232  30.812  2.143 0.0000000000
11341  38.871  30.656  2.900 0.0000000000
11342  39.591  30.025  3.310 0.0000000000
12526  49.199  33.551  -8.516 0.0000000000
12527  48.103  34.615  -9.490 0.0000000000
12528  48.866  33.748  -9.820 0.0000000000
13733  51.769  29.323  0.494 0.0000000000
13734  50.848  29.455  -0.158 0.0000000000
13735  50.237  28.734  0.780 0.0000000000
13736  46.022  27.808  3.355 0.0000000000
13737  46.575  28.406  2.366 0.0000000000
13738  44.891  28.028  2.978 0.0000000000
13739  43.881  28.606  2.528 0.0000000000
13740  43.208  27.772  3.631 0.0000000000
13741  41.891  27.624  4.264 0.0000000000
13742  42.962  27.180  4.659 0.0000000000
13744  42.732  25.939  6.610 0.0000000000
14926  45.360  31.626  -7.404 0.0000000000
14927  46.950  31.612  -9.214 0.0000000000
14928  45.191  31.200  -8.188 0.0000000000
16721  50.662  34.049  -4.832 0.0000000000
16722  49.857  34.884  -5.362 0.0000000000
16723  50.412  33.845  -5.854 0.0000000000
16724  50.109  33.774  -6.752 0.0000000000
16725  50.209  32.828  -5.988 0.0000000000
16726  49.236  30.292  -1.162 0.0000000000
16727  50.084  31.281  -2.251 0.0000000000
16728  48.431  30.986  -1.639 0.0000000000
16729  45.386  31.929  -2.411 0.0000000000
16730  47.060  31.806  -3.028 0.0000000000
16731  46.518  32.183  -3.830 0.0000000000
16732  47.622  32.197  -5.112 0.0000000000
16733  46.086  32.325  -4.693 0.0000000000
16734  45.797  32.338  -5.721 0.0000000000
16735  44.467  32.384  -4.247 0.0000000000
16748  39.433  27.390  5.884 0.0000000000
16749  38.530  28.162  5.538 0.0000000000
16750  38.270  27.197  6.741 0.0000000000
18097  48.899  34.950  0.311 0.0000000000
18099  45.806  35.536  3.365 0.0000000000
18100  47.099  35.146  4.177 0.0000000000
18102  50.041  33.847  2.984 0.0000000000
18103  51.285  32.922  2.277 0.0000000000
18104  51.366  33.076  1.176 0.0000000000
18105  52.078  31.949  1.511 0.0000000000
18106  52.394  30.987  0.906 0.0000000000
18107  52.511  30.723  1.850 0.0000000000
20304  48.044  32.622  -11.812 0.0000000000
20305  48.040  33.815  -11.931 0.0000000000
23216  50.820  27.814  2.357 0.0000000000
23217  49.688  28.281  1.878 0.0000000000
23218  49.102  27.695  2.934 0.0000000000
23219  47.227  27.543  3.632 0.0000000000
23220  45.429  27.271  4.201 0.0000000000
23221  44.035  26.983  4.851 0.0000000000
23222  45.094  26.630  5.070 0.0000000000
23223  44.905  25.806  6.051 0.0000000000
25008  49.116  36.597  -3.387 0.0000000000
25009  50.465  35.630  -3.061 0.0000000000
25010  50.981  34.320  -3.743 0.0000000000
25011  50.889  33.119  -4.158 0.0000000000
25012  45.649  30.233  0.248 0.0000000000
25013  46.746  30.961  -1.008 0.0000000000
25014  45.017  30.930  -0.402 0.0000000000
25015  44.409  31.519  -1.050 0.0000000000
25016  43.848  31.964  -1.827 0.0000000000
25017  43.343  32.280  -2.645 0.0000000000
25018  42.202  31.941  -1.059 0.0000000000
25019  40.526  31.876  -0.036 0.0000000000
25026  38.120  26.240  7.785 0.0000000000
27154  47.178  35.129  -7.759 0.0000000000
27156  46.930  35.470  -9.161 0.0000000000
29210  52.106  31.403  -0.896 0.0000000000
29211  51.637  31.718  -1.726 0.0000000000
29212  51.348  30.392  -1.070 0.0000000000
29213  49.913  29.766  -0.769 0.0000000000
29214  48.076  29.605  -0.105 0.0000000000
29215  48.454  28.649  1.573 0.0000000000
29216  47.258  28.983  1.152 0.0000000000
29217  46.318  29.597  0.703 0.0000000000
29218  44.678  29.462  1.421 0.0000000000
29219  43.106  29.359  2.105 0.0000000000
29220  41.591  29.339  2.829 0.0000000000
29221  40.319  29.262  3.583 0.0000000000
29222  41.058  28.434  3.909 0.0000000000
29223  40.613  27.540  5.046 0.0000000000
29224  40.493  26.871  6.118 0.0000000000
29225  42.759  26.651  5.631 0.0000000000
29226  41.583  26.425  6.398 0.0000000000
29227  40.441  26.136  7.162 0.0000000000
30880  48.461  32.168  -8.676 0.0000000000
30881  48.931  32.905  -10.020 0.0000000000
30882  48.265  32.105  -9.798 0.0000000000
30883  47.959  32.019  -10.714 0.0000000000
30884  47.473  31.752  -11.329 0.0000000000
33277  48.798  36.042  -4.524 0.0000000000
33278  48.289  35.588  -5.586 0.0000000000
33279  47.683  35.348  -6.567 0.0000000000
33280  48.898  34.565  -7.130 0.0000000000
33281  49.708  33.607  -7.540 0.0000000000
33282  49.613  32.706  -7.600 0.0000000000
33283  51.230  31.994  -2.523 0.0000000000
33284  50.664  32.220  -3.265 0.0000000000
33285  50.084  32.227  -4.040 0.0000000000
33286  47.724  31.487  -2.244 0.0000000000
33287  48.698  31.857  -3.529 0.0000000000
33288  49.526  32.177  -4.811 0.0000000000
33289  49.196  32.213  -5.671 0.0000000000
33290  48.886  32.301  -6.495 0.0000000000
33291  48.635  32.238  -7.494 0.0000000000
33292  47.205  32.202  -7.214 0.0000000000
33293  45.556  32.028  -6.658 0.0000000000
33294  43.848  31.851  -5.844 0.0000000000
33295  42.923  32.305  -3.549 0.0000000000
33296  42.484  32.068  -4.199 0.0000000000
33297  42.041  31.605  -4.658 0.0000000000
33311  39.000  29.071  4.423 0.0000000000
33312  37.674  28.833  5.302 0.0000000000
33314  37.116  26.878  7.546 0.0000000000
34998  50.565  35.041  -1.068 0.0000000000
34999  51.366  33.764  -0.785 0.0000000000
35002  47.306  35.012  1.778 0.0000000000
35003  48.599  34.682  3.687 0.0000000000
35004  48.720  34.542  2.465 0.0000000000
35005  48.823  34.486  1.298 0.0000000000
35006  50.249  34.041  0.720 0.0000000000
35007  51.401  33.370  0.167 0.0000000000
35008  52.011  32.430  -0.428 0.0000000000
35009  52.297  31.158  -0.034 0.0000000000
35010  52.339  30.066  0.599 0.0000000000
35011  52.196  29.110  1.244 0.0000000000
35013  52.590  28.884  2.161 0.0000000000
35014  51.899  28.169  2.130 0.0000000000
35015  51.422  27.336  3.011 0.0000000000
37675  48.510  33.945  -11.082 0.0000000000
41059  48.254  26.448  4.412 0.0000000000
42053  51.655  33.487  -1.516 0.0000000000
42054  51.544  33.679  -1.949 0.0000000000
42055  51.749  32.985  -1.792 0.0000000000
42056  41.687  30.172  2.078 0.0000000000
42057  42.128  30.593  1.426 0.0000000000
42058  41.343  30.549  1.868 0.0000000000
42059  41.047  30.908  1.629 0.0000000000
42060  40.525  30.497  2.344 0.0000000000
42061  39.882  30.425  2.753 0.0000000000
42062  40.237  30.116  2.903 0.0000000000
43246  49.394  33.168  -8.631 0.0000000000
43247  49.046  33.648  -9.094 0.0000000000
43248  49.172  33.242  -9.262 0.0000000000
44453  51.567  28.853  0.865 0.0000000000
44454  51.097  28.934  0.537 0.0000000000
44455  50.796  28.591  1.026 0.0000000000
44456  45.182  27.618  3.637 0.0000000000
44457  45.426  27.859  3.183 0.0000000000
44458  44.611  27.705  3.520 0.0000000000
44459  44.085  27.887  3.294 0.0000000000
44460  43.731  27.550  3.881 0.0000000000
44461  43.058  27.443  4.160 0.0000000000
44462  43.617  27.325  4.334 0.0000000000
45646  44.447  31.477  -6.888 0.0000000000
45647  45.264  31.399  -7.781 0.0000000000
45648  44.359  31.212  -7.201 0.0000000000
47441  50.706  33.435  -5.107 0.0000000000
47442  50.562  33.921  -5.381 0.0000000000
47443  50.533  33.348  -5.553 0.0000000000
47444  50.407  33.310  -5.994 0.0000000000
47445  50.369  32.830  -5.591 0.0000000000
47446  48.315  30.204  -0.853 0.0000000000
47447  48.844  30.640  -1.403 0.0000000000
47448  47.999  30.600  -1.090 0.0000000000
47449  45.115  32.120  -2.823 0.0000000000
47450  45.952  32.116  -3.145 0.0000000000
47451  45.670  32.215  -3.519 0.0000000000
47452  46.266  32.253  -4.222 0.0000000000
47453  45.475  32.341  -3.967 0.0000000000
47454  45.302  32.402  -4.464 0.0000000000
47455  44.719  32.402  -3.743 0.0000000000
47468  39.376  26.985  6.438 0.0000000000
47469  38.847  27.302  6.317 0.0000000000
47470  38.784  26.842  6.872 0.0000000000
48817  48.192  35.103  0.542 0.0000000000
48819  46.416  35.290  4.337 0.0000000000
48824  51.737  32.422  1.869 0.0000000000
48825  52.038  31.840  2.014 0.0000000000
48826  52.296  31.356  1.675 0.0000000000
51024  47.722  32.532  -12.095 0.0000000000
51025  47.813  33.090  -12.278 0.0000000000
54053  50.544  27.429  2.843 0.0000000000
54054  49.989  27.742  2.620 0.0000000000
54055  49.630  27.376  3.099 0.0000000000
54056  47.333  26.987  4.136 0.0000000000
54057  47.770  27.306  3.697 0.0000000000
54058  46.832  27.208  3.998 0.0000000000
54059  46.302  27.405  3.904 0.0000000000
54060  45.939  27.070  4.320 0.0000000000
54061  45.264  26.959  4.610 0.0000000000
54062  45.711  26.731  4.729 0.0000000000
54064  45.507  25.942  5.709 0.0000000000
57038  50.034  36.236  -2.080 0.0000000000
57039  50.024  36.316  -2.657 0.0000000000
57040  50.532  35.634  -2.499 0.0000000000
57041  51.328  33.850  -2.961 0.0000000000
57042  51.104  34.424  -3.211 0.0000000000
57043  51.242  33.748  -3.459 0.0000000000
57044  51.034  33.690  -3.988 0.0000000000
57045  51.098  33.181  -3.657 0.0000000000
57046  44.855  30.243  0.572 0.0000000000
57047  45.384  30.588  -0.062 0.0000000000
57048  44.534  30.616  0.254 0.0000000000
57049  43.135  31.291  0.021 0.0000000000
57050  43.942  31.288  -0.373 0.0000000000
57051  43.622  31.555  -0.712 0.0000000000
57052  44.118  31.765  -1.422 0.0000000000
57053  43.324  31.768  -1.090 0.0000000000
57054  43.017  31.947  -1.472 0.0000000000
57055  42.521  31.758  -0.712 0.0000000000
57056  40.386  31.468  1.073 0.0000000000
57057  40.850  31.723  0.264 0.0000000000
57058  40.025  31.671  0.785 0.0000000000
57063  38.551  30.215  3.518 0.0000000000
57064  38.154  30.517  3.354 0.0000000000
57065  37.832  30.102  3.967 0.0000000000
57067  37.531  29.663  4.565 0.0000000000
60616  47.847  34.765  -7.932 0.0000000000
60617  47.055  35.242  -8.426 0.0000000000
60618  47.623  34.840  -8.577 0.0000000000
60619  48.035  34.772  -10.172 0.0000000000
60620  47.566  35.304  -9.992 0.0000000000
60621  47.589  35.548  -10.650 0.0000000000
64238  52.011  30.835  -0.611 0.0000000000
64239  51.757  30.891  -1.039 0.0000000000
64240  51.632  30.329  -0.691 0.0000000000
64241  50.017  29.208  0.081 0.0000000000
64242  50.364  29.569  -0.488 0.0000000000
64243  49.454  29.386  -0.187 0.0000000000
64244  49.037  29.672  -0.468 0.0000000000
64245  48.485  29.297  0.133 0.0000000000
64246  48.867  28.274  2.248 0.0000000000
64247  49.099  28.513  1.691 0.0000000000
64248  48.133  28.408  2.121 0.0000000000
64249  45.978  28.569  2.145 0.0000000000
64250  46.904  28.686  1.814 0.0000000000
64251  46.330  28.936  1.555 0.0000000000
64252  46.740  29.301  0.915 0.0000000000
64253  45.864  29.224  1.301 0.0000000000
64254  45.445  29.527  1.100 0.0000000000
64255  45.050  29.139  1.630 0.0000000000
64256  43.115  28.549  2.864 0.0000000000
64257  43.510  28.988  2.325 0.0000000000
64258  42.732  28.965  2.662 0.0000000000
64259  42.352  29.366  2.442 0.0000000000
64260  41.960  28.917  3.036 0.0000000000
64261  41.319  28.898  3.365 0.0000000000
64262  41.693  28.466  3.556 0.0000000000
64263  41.765  27.276  4.823 0.0000000000
64264  41.223  27.588  4.640 0.0000000000
64265  41.126  27.252  5.193 0.0000000000
64266  40.544  27.198  5.592 0.0000000000
64267  41.072  26.967  5.722 0.0000000000
64268  43.925  26.634  5.342 0.0000000000
64269  43.357  26.819  5.250 0.0000000000
64270  43.297  26.455  5.743 0.0000000000
64271  42.131  25.760  6.969 0.0000000000
64272  42.175  26.180  6.500 0.0000000000
64273  41.557  26.034  6.892 0.0000000000
64274  40.998  26.280  6.771 0.0000000000
64275  40.976  25.869  7.256 0.0000000000
64276  40.409  25.705  7.616 0.0000000000
67816  47.829  32.016  -8.499 0.0000000000
67817  48.377  32.129  -9.265 0.0000000000
67818  47.779  31.918  -9.064 0.0000000000
67819  46.837  31.500  -9.631 0.0000000000
67820  47.587  31.778  -10.038 0.0000000000
67821  47.428  31.646  -10.431 0.0000000000
67822  47.726  31.888  -11.040 0.0000000000
67823  47.168  31.520  -10.702 0.0000000000
73201  49.734  36.019  -3.790 0.0000000000
73202  48.945  36.317  -4.006 0.0000000000
73203  49.543  35.690  -4.394 0.0000000000
73204  49.659  34.804  -5.780 0.0000000000
73205  49.150  35.309  -5.459 0.0000000000
73206  48.888  35.196  -5.944 0.0000000000
73207  47.942  35.492  -6.046 0.0000000000
73208  48.595  35.081  -6.380 0.0000000000
73209  48.325  34.986  -6.831 0.0000000000
73210  49.172  34.663  -6.695 0.0000000000
73211  50.120  33.265  -6.820 0.0000000000
73212  49.889  33.669  -7.122 0.0000000000
73213  49.989  33.185  -7.219 0.0000000000
73214  49.772  33.137  -7.624 0.0000000000
73215  49.792  32.754  -7.197 0.0000000000
73216  51.337  31.193  -1.783 0.0000000000
73217  51.447  31.853  -2.143 0.0000000000
73218  51.065  31.393  -2.116 0.0000000000
73219  49.732  31.513  -2.588 0.0000000000
73220  50.405  31.775  -2.775 0.0000000000
73221  50.064  31.877  -3.089 0.0000000000
73222  50.417  32.251  -3.638 0.0000000000
73223  49.742  31.987  -3.463 0.0000000000
73224  46.355  31.228  -1.338 0.0000000000
73225  47.227  31.234  -1.616 0.0000000000
73226  46.866  31.464  -1.983 0.0000000000
73227  47.573  31.950  -3.739 0.0000000000
73228  47.896  31.794  -3.331 0.0000000000
73229  48.377  31.960  -3.949 0.0000000000
73230  49.100  32.054  -4.154 0.0000000000
73231  48.844  32.098  -4.586 0.0000000000
73232  49.346  32.190  -5.285 0.0000000000
73233  48.640  32.114  -5.017 0.0000000000
73234  47.439  32.299  -5.592 0.0000000000
73235  48.262  32.229  -5.804 0.0000000000
73236  48.119  32.253  -6.291 0.0000000000
73237  48.718  32.275  -6.944 0.0000000000
73238  48.020  32.229  -6.809 0.0000000000
73239  47.951  32.210  -7.382 0.0000000000
73240  47.287  32.257  -6.654 0.0000000000
73241  44.987  32.333  -5.468 0.0000000000
73242  45.657  32.224  -6.201 0.0000000000
73243  44.855  32.181  -5.920 0.0000000000
73244  44.763  31.973  -6.361 0.0000000000
73245  44.036  32.103  -5.576 0.0000000000
73246  42.506  32.242  -2.250 0.0000000000
73247  43.129  32.323  -3.111 0.0000000000
73248  42.264  32.272  -2.654 0.0000000000
73250  41.797  32.091  -3.341 0.0000000000
73252  42.273  31.871  -4.460 0.0000000000
73283  40.035  28.798  4.119 0.0000000000
73284  39.659  29.191  3.997 0.0000000000
73285  39.363  28.709  4.547 0.0000000000
73286  37.912  28.035  5.970 0.0000000000
73287  38.087  28.494  5.404 0.0000000000
73288  37.429  28.343  5.895 0.0000000000
73289  37.002  28.669  5.790 0.0000000000
73290  36.817  28.157  6.383 0.0000000000
73292  37.611  26.557  7.675 0.0000000000
77328  49.745  35.023  -0.369 0.0000000000
77329  49.865  35.303  -0.810 0.0000000000
77330  50.427  34.771  -0.626 0.0000000000
77331  50.957  34.454  -0.931 0.0000000000
77332  50.904  34.226  -0.477 0.0000000000
77336  46.533  35.357  3.182 0.0000000000
77337  45.844  35.507  2.794 0.0000000000
77338  46.568  35.240  2.607 0.0000000000
77339  46.603  35.225  2.024 0.0000000000
77340  47.278  35.017  2.384 0.0000000000
77344  50.078  33.907  2.386 0.0000000000
77345  49.374  34.251  2.734 0.0000000000
77346  49.414  34.223  2.136 0.0000000000
77347  48.764  34.480  1.862 0.0000000000
77348  49.470  34.206  1.554 0.0000000000
77349  49.522  34.271  0.986 0.0000000000
77350  50.180  33.938  1.262 0.0000000000
77351  51.857  32.605  0.866 0.0000000000
77352  51.413  33.212  0.733 0.0000000000
77353  51.799  32.762  0.393 0.0000000000
77354  51.786  32.936  -0.110 0.0000000000
77355  52.054  32.274  0.060 0.0000000000
77356  52.215  31.742  -0.271 0.0000000000
77357  52.259  31.646  0.231 0.0000000000
77358  52.490  30.410  1.151 0.0000000000
77359  52.401  30.525  0.683 0.0000000000
77360  52.455  29.980  0.990 0.0000000000
77361  52.294  29.572  0.921 0.0000000000
77362  52.445  29.504  1.345 0.0000000000
77368  52.475  28.336  2.516 0.0000000000
77369  52.319  28.512  2.110 0.0000000000
77370  52.135  28.004  2.506 0.0000000000
77371  51.680  27.756  2.584 0.0000000000
77372  51.933  27.540  2.919 0.0000000000
83949  48.730  32.826  -10.586 0.0000000000
83950  48.811  33.366  -10.600 0.0000000000
83951  48.559  33.352  -11.088 0.0000000000
83953  47.942  34.476  -11.884 0.0000000000
92336  49.608  26.737  3.718 0.0000000000
92337  49.176  27.028  3.532 0.0000000000
92338  48.685  26.719  3.957 0.0000000000
92339  47.782  26.693  4.255 0.0000000000
92340  46.903  26.588  4.591 0.0000000000
92341  46.214  26.463  4.889 0.0000000000
92342  46.696  26.215  5.037 0.0000000000
94127  51.009  34.788  -1.819 0.0000000000
94128  50.945  34.964  -2.346 0.0000000000
94129  51.280  34.319  -2.154 0.0000000000
94130  51.449  33.814  -2.448 0.0000000000
94131  51.487  33.217  -2.730 0.0000000000
94132  43.252  30.207  1.247 0.0000000000
94133  43.736  30.622  0.589 0.0000000000
94134  42.936  30.638  0.973 0.0000000000
94135  42.633  30.967  0.745 0.0000000000
94136  42.334  31.292  0.454 0.0000000000
94137  42.014  31.543  0.099 0.0000000000
94138  41.535  31.263  0.882 0.0000000000
94139  40.772  31.208  1.375 0.0000000000
94140  39.914  31.139  1.859 0.0000000000
94141  39.197  31.062  2.258 0.0000000000
94142  39.534  30.755  2.535 0.0000000000
94143  39.230  30.336  3.133 0.0000000000
94144  38.927  29.904  3.715 0.0000000000
96274  48.957  33.946  -8.350 0.0000000000
96275  48.202  34.434  -8.779 0.0000000000
96276  48.689  34.050  -8.961 0.0000000000
96277  48.542  34.160  -9.678 0.0000000000
96278  48.413  34.308  -10.350 0.0000000000
98447  51.847  29.785  0.063 0.0000000000
98448  51.458  29.803  -0.274 0.0000000000
98449  51.353  29.366  0.146 0.0000000000
98450  50.582  29.072  0.312 0.0000000000
98451  49.652  28.937  0.645 0.0000000000
98452  46.905  27.988  3.063 0.0000000000
98453  47.184  28.276  2.534 0.0000000000
98454  46.288  28.094  2.884 0.0000000000
98455  45.686  28.211  2.677 0.0000000000
98456  45.081  28.424  2.433 0.0000000000
98457  44.647  28.715  2.186 0.0000000000
98458  44.325  28.287  2.742 0.0000000000
98459  43.541  28.175  3.050 0.0000000000
98460  42.732  28.083  3.406 0.0000000000
98461  42.084  28.041  3.729 0.0000000000
98462  42.520  27.652  3.934 0.0000000000
98463  42.413  27.349  4.476 0.0000000000
98464  42.301  27.088  4.996 0.0000000000
98465  43.825  25.891  6.346 0.0000000000
98466  43.287  26.091  6.226 0.0000000000
98467  43.229  25.700  6.695 0.0000000000
100594  46.260  31.747  -7.935 0.0000000000
100595  47.029  31.738  -8.787 0.0000000000
100596  46.136  31.552  -8.301 0.0000000000
100597  46.068  31.393  -8.726 0.0000000000
100598  45.972  31.280  -9.122 0.0000000000
103825  50.507  34.697  -4.538 0.0000000000
103826  49.997  35.066  -4.806 0.0000000000
103827  50.340  34.506  -5.110 0.0000000000
103828  50.215  34.373  -5.590 0.0000000000
103829  50.084  34.315  -6.105 0.0000000000
103830  49.820  34.267  -6.543 0.0000000000
103831  50.237  33.804  -6.312 0.0000000000
103832  50.276  33.282  -6.442 0.0000000000
103833  50.099  32.876  -6.417 0.0000000000
103834  50.049  30.476  -1.472 0.0000000000
103835  50.468  31.021  -1.965 0.0000000000
103836  49.710  30.769  -1.715 0.0000000000
103837  49.273  31.147  -1.983 0.0000000000
103838  48.895  31.324  -2.243 0.0000000000
103839  45.655  31.703  -2.008 0.0000000000
103840  46.522  31.657  -2.336 0.0000000000
103841  46.239  31.874  -2.719 0.0000000000
103842  46.761  32.001  -3.430 0.0000000000
103843  47.276  32.088  -4.107 0.0000000000
103844  47.830  32.133  -4.743 0.0000000000
103845  47.032  32.185  -4.458 0.0000000000
103846  46.867  32.275  -4.927 0.0000000000
103847  46.696  32.334  -5.410 0.0000000000
103848  46.589  32.358  -5.943 0.0000000000
103849  45.915  32.341  -5.187 0.0000000000
103850  45.123  32.358  -4.985 0.0000000000
103851  44.288  32.350  -4.725 0.0000000000
103853  41.389  32.158  -2.089 0.0000000000
103874  39.614  27.830  5.279 0.0000000000
103875  39.172  28.243  5.108 0.0000000000
103876  38.992  27.771  5.715 0.0000000000
103877  38.387  27.693  6.161 0.0000000000
103878  37.789  27.557  6.551 0.0000000000
106302  48.938  35.264  -0.144 0.0000000000
106303  49.628  34.758  0.025 0.0000000000
106306  45.790  35.513  3.937 0.0000000000
106307  46.507  35.371  3.759 0.0000000000
106308  47.197  35.181  3.586 0.0000000000
106312  50.712  33.407  2.649 0.0000000000
106313  50.747  33.459  2.045 0.0000000000
106314  50.804  33.521  1.464 0.0000000000
106315  51.347  32.979  1.683 0.0000000000
106316  51.814  32.503  1.346 0.0000000000
106317  52.132  32.030  1.008 0.0000000000
106318  52.312  31.543  0.695 0.0000000000
106319  52.305  31.469  1.191 0.0000000000
106320  52.457  30.878  1.407 0.0000000000
106321  52.620  30.249  1.598 0.0000000000
110274  48.311  32.745  -11.436 0.0000000000
110275  48.351  33.290  -11.516 0.0000000000
110276  48.092  33.213  -11.911 0.0000000000
110277  47.779  33.729  -12.311 0.0000000000
115610  51.050  28.177  1.851 0.0000000000
115611  50.501  28.322  1.583 0.0000000000
115612  50.233  28.051  2.095 0.0000000000
115613  49.417  28.014  2.422 0.0000000000
115614  48.541  27.980  2.816 0.0000000000
115615  48.719  27.322  3.381 0.0000000000
115616  48.177  27.608  3.264 0.0000000000
115617  47.543  27.858  3.191 0.0000000000
115618  46.634  27.711  3.511 0.0000000000
115619  45.747  27.547  3.785 0.0000000000
115620  44.896  27.401  4.077 0.0000000000
115621  44.173  27.255  4.423 0.0000000000
115622  44.743  27.139  4.487 0.0000000000
115623  44.592  26.816  4.932 0.0000000000
115624  44.445  26.449  5.456 0.0000000000
115625  45.584  26.355  5.221 0.0000000000
115626  44.964  26.256  5.553 0.0000000000
115627  44.384  26.059  5.949 0.0000000000
117280  42.524  31.208  -5.632 0.0000000000
117281  43.332  31.098  -6.551 0.0000000000
119792  49.876  36.182  -3.212 0.0000000000
119793  50.366  35.500  -3.609 0.0000000000
119794  50.901  35.015  -2.892 0.0000000000
119795  50.839  34.958  -3.449 0.0000000000
119796  50.652  34.851  -3.978 0.0000000000
119797  50.825  34.199  -4.281 0.0000000000
119798  50.839  33.573  -4.521 0.0000000000
119799  50.662  32.981  -4.653 0.0000000000
119800  46.515  30.282  -0.152 0.0000000000
119801  47.085  30.633  -0.761 0.0000000000
119802  46.211  30.615  -0.389 0.0000000000
119803  45.876  30.916  -0.699 0.0000000000
119804  45.521  31.259  -1.026 0.0000000000
119805  44.210  30.965  -0.076 0.0000000000
119806  44.698  31.263  -0.724 0.0000000000
119807  45.205  31.529  -1.356 0.0000000000
119808  44.876  31.726  -1.717 0.0000000000
119809  44.615  31.940  -2.124 0.0000000000
119810  44.379  32.143  -2.550 0.0000000000
119811  44.161  32.315  -3.002 0.0000000000
119812  43.610  32.155  -2.238 0.0000000000
119813  42.753  32.115  -1.846 0.0000000000
119814  41.923  32.075  -1.402 0.0000000000
119815  41.684  31.758  -0.242 0.0000000000
119816  41.364  31.926  -0.557 0.0000000000
119817  41.077  32.033  -0.878 0.0000000000
119831  39.292  26.190  7.473 0.0000000000
119832  38.728  26.414  7.386 0.0000000000
119833  38.711  26.014  7.836 0.0000000000
124803  47.528  35.061  -9.307 0.0000000000
129752  51.948  32.167  -1.084 0.0000000000
129753  51.815  32.304  -1.548 0.0000000000
129754  51.819  31.560  -1.318 0.0000000000
129755  51.543  31.004  -1.434 0.0000000000
129756  51.084  30.542  -1.395 0.0000000000
129757  51.087  29.886  -0.623 0.0000000000
129758  50.734  29.986  -0.968 0.0000000000
129759  50.367  30.175  -1.268 0.0000000000
129760  49.558  30.032  -0.980 0.0000000000
129761  48.668  29.951  -0.675 0.0000000000
129762  47.704  29.877  -0.296 0.0000000000
129763  49.941  28.513  1.342 0.0000000000
129764  49.346  28.718  1.172 0.0000000000
129765  48.751  28.856  1.042 0.0000000000
129766  47.510  28.534  1.987 0.0000000000
129767  47.838  28.776  1.406 0.0000000000
129768  48.158  29.025  0.782 0.0000000000
129769  47.606  29.280  0.514 0.0000000000
129770  47.127  29.592  0.317 0.0000000000
129771  46.825  29.944  0.080 0.0000000000
129772  45.962  29.913  0.483 0.0000000000
129773  45.117  29.843  0.864 0.0000000000
129774  44.346  29.839  1.158 0.0000000000
129775  44.302  29.067  1.951 0.0000000000
129776  43.912  29.402  1.753 0.0000000000
129777  43.556  29.787  1.508 0.0000000000
129778  42.759  29.764  1.873 0.0000000000
129779  42.034  29.793  2.230 0.0000000000
129780  41.248  29.745  2.691 0.0000000000
129781  40.597  29.717  3.070 0.0000000000
129782  40.955  29.306  3.210 0.0000000000
129783  40.680  28.858  3.733 0.0000000000
129784  40.408  28.383  4.291 0.0000000000
129785  41.441  28.020  4.051 0.0000000000
129786  40.811  27.976  4.471 0.0000000000
129787  40.200  27.913  4.874 0.0000000000
129788  40.043  27.483  5.457 0.0000000000
129789  39.954  27.103  6.016 0.0000000000
129790  39.948  26.777  6.534 0.0000000000
129791  43.481  27.089  4.789 0.0000000000
129792  42.818  26.929  5.141 0.0000000000
129793  42.197  26.831  5.506 0.0000000000
129794  42.736  26.321  6.119 0.0000000000
129795  42.175  26.554  6.010 0.0000000000
129796  41.614  26.752  5.885 0.0000000000
129797  41.015  26.652  6.255 0.0000000000
129798  40.451  26.519  6.639 0.0000000000
129799  39.895  26.371  7.057 0.0000000000
129800  39.860  25.953  7.541 0.0000000000
134284  48.989  32.482  -8.752 0.0000000000
134285  49.123  32.833  -9.357 0.0000000000
134286  48.815  32.494  -9.362 0.0000000000
134287  48.722  32.460  -9.954 0.0000000000
134288  48.494  32.404  -10.454 0.0000000000
134289  47.718  31.827  -9.574 0.0000000000
134290  48.163  32.024  -10.281 0.0000000000
134291  48.325  32.394  -10.893 0.0000000000
134292  48.095  32.304  -11.285 0.0000000000
134293  47.821  32.198  -11.607 0.0000000000
134294  47.556  32.075  -11.878 0.0000000000
134295  44.184  31.055  -7.509 0.0000000000
134296  45.052  31.100  -8.518 0.0000000000
134297  45.875  31.188  -9.493 0.0000000000
134300  46.521  31.286  -10.275 0.0000000000
134301  46.976  31.356  -10.987 0.0000000000
140992  49.346  35.451  -4.961 0.0000000000
140993  48.568  35.788  -5.083 0.0000000000
140994  47.672  35.994  -5.288 0.0000000000
140995  47.339  35.820  -5.781 0.0000000000
140996  47.071  35.663  -6.258 0.0000000000
140997  46.779  35.610  -6.881 0.0000000000
140998  47.391  35.216  -7.141 0.0000000000
140999  48.044  34.848  -7.395 0.0000000000
141000  48.688  34.447  -7.590 0.0000000000
141001  49.625  34.205  -6.936 0.0000000000
141002  49.409  34.112  -7.368 0.0000000000
141003  49.179  33.991  -7.836 0.0000000000
141004  49.509  33.548  -8.014 0.0000000000
141005  49.521  33.104  -8.093 0.0000000000
141006  49.433  32.748  -8.124 0.0000000000
141007  51.666  32.414  -2.011 0.0000000000
141008  51.525  32.499  -2.499 0.0000000000
141009  51.312  32.613  -2.894 0.0000000000
141010  50.747  31.598  -2.436 0.0000000000
141011  50.957  32.140  -2.903 0.0000000000
141012  51.063  32.664  -3.295 0.0000000000
141013  50.843  32.670  -3.733 0.0000000000
141014  50.617  32.607  -4.165 0.0000000000
141015  50.372  32.511  -4.631 0.0000000000
141016  47.615  30.952  -1.335 0.0000000000
141017  48.051  31.251  -1.907 0.0000000000
141018  48.568  31.532  -2.546 0.0000000000
141019  47.345  31.630  -2.651 0.0000000000
141020  48.230  31.700  -2.882 0.0000000000
141021  49.018  31.792  -3.184 0.0000000000
141022  49.408  32.010  -3.802 0.0000000000
141023  49.786  32.210  -4.426 0.0000000000
141024  50.143  32.445  -5.044 0.0000000000
141025  49.935  32.442  -5.436 0.0000000000
141026  49.826  32.450  -5.875 0.0000000000
141027  49.677  32.440  -6.283 0.0000000000
141028  48.461  32.140  -5.395 0.0000000000
141029  49.052  32.217  -6.079 0.0000000000
141030  49.548  32.437  -6.693 0.0000000000
141031  49.366  32.443  -7.097 0.0000000000
141032  49.180  32.435  -7.560 0.0000000000
141033  49.098  32.464  -8.144 0.0000000000
141034  48.550  32.275  -8.096 0.0000000000
141035  47.927  32.119  -7.994 0.0000000000
141036  47.130  32.027  -7.703 0.0000000000
141037  46.485  32.297  -6.463 0.0000000000
141038  46.381  32.110  -6.920 0.0000000000
141039  46.298  31.902  -7.377 0.0000000000
141040  45.500  31.832  -7.128 0.0000000000
141041  44.588  31.728  -6.647 0.0000000000
141042  43.661  31.582  -6.083 0.0000000000
141043  43.929  32.361  -3.472 0.0000000000
141044  43.712  32.349  -3.941 0.0000000000
141045  43.500  32.295  -4.373 0.0000000000
141046  42.033  32.205  -3.023 0.0000000000
141047  42.690  32.218  -3.909 0.0000000000
141048  43.371  32.182  -4.752 0.0000000000
141049  43.159  31.978  -5.029 0.0000000000
141050  42.941  31.725  -5.278 0.0000000000
141051  42.729  31.454  -5.461 0.0000000000
141089  39.953  29.668  3.450 0.0000000000
141090  39.310  29.559  3.859 0.0000000000
141091  38.644  29.436  4.281 0.0000000000
141092  38.732  28.605  4.982 0.0000000000
141093  38.342  28.929  4.858 0.0000000000
141094  37.951  29.330  4.703 0.0000000000
141095  37.267  29.197  5.148 0.0000000000
141098  38.177  26.705  7.280 0.0000000000
141099  37.688  27.048  7.136 0.0000000000
141100  37.196  27.370  6.998 0.0000000000
146014  50.545  35.257  -1.510 0.0000000000
146015  50.997  34.632  -1.362 0.0000000000
146016  51.352  33.986  -1.216 0.0000000000
146017  51.689  33.276  -1.079 0.0000000000
146026  47.362  35.085  1.232 0.0000000000
146028  47.837  34.956  3.959 0.0000000000
146029  47.928  34.934  3.377 0.0000000000
146030  49.319  34.327  3.351 0.0000000000
146031  48.663  34.628  3.081 0.0000000000
146032  47.975  34.835  2.748 0.0000000000
146033  48.046  34.750  2.120 0.0000000000
146034  48.075  34.754  1.554 0.0000000000
146035  48.126  34.843  1.010 0.0000000000
146036  48.857  34.659  0.753 0.0000000000
146037  49.583  34.442  0.460 0.0000000000
146038  50.324  34.227  0.194 0.0000000000
146039  50.838  33.597  0.968 0.0000000000
146040  50.959  33.729  0.430 0.0000000000
146041  50.907  33.959  -0.062 0.0000000000
146042  51.383  33.578  -0.354 0.0000000000
146043  51.725  33.092  -0.611 0.0000000000
146044  51.902  32.636  -0.863 0.0000000000
146045  52.093  31.930  -0.688 0.0000000000
146046  52.176  31.278  -0.467 0.0000000000
146047  52.165  30.711  -0.182 0.0000000000
146048  52.383  31.058  0.436 0.0000000000
146049  52.337  30.600  0.273 0.0000000000
146050  52.147  30.160  0.152 0.0000000000
146051  52.106  29.678  0.528 0.0000000000
146052  51.977  29.210  0.869 0.0000000000
146053  51.806  28.760  1.260 0.0000000000
146056  52.701  29.699  1.912 0.0000000000
146059  52.596  29.371  1.801 0.0000000000
146060  52.410  29.020  1.720 0.0000000000
146061  52.087  28.607  1.655 0.0000000000
146062  51.609  28.341  1.725 0.0000000000
146063  51.383  27.966  2.242 0.0000000000
146064  51.156  27.587  2.694 0.0000000000
146065  50.806  27.161  3.151 0.0000000000
146067  51.089  26.886  3.440 0.0000000000
146068  50.378  26.803  3.570 0.0000000000
146069  49.922  26.528  3.975 0.0000000000
153985  49.015  33.302  -9.992 0.0000000000
153986  48.695  33.863  -10.493 0.0000000000
153987  48.259  34.458  -10.943 0.0000000000
153988  48.272  33.898  -11.516 0.0000000000
153989  48.127  34.554  -11.496 0.0000000000
153990  47.865  35.124  -11.371 0.0000000000
