#!ascii label  , from subject fsaverage vox2ras=TkReg
596
97  15.622  -42.157  57.546 0.0000000000
233  13.256  -44.918  65.101 0.0000000000
482  7.893  -49.636  58.563 0.0000000000
713  7.581  -39.797  64.448 0.0000000000
1055  14.629  -43.479  61.512 0.0000000000
1056  10.494  -48.377  61.937 0.0000000000
1057  12.843  -47.254  58.345 0.0000000000
1058  10.020  -49.041  55.164 0.0000000000
1546  12.652  -38.651  59.135 0.0000000000
1571  12.602  -39.369  63.318 0.0000000000
2975  15.168  -42.751  59.552 0.0000000000
2976  14.008  -45.708  60.043 0.0000000000
2977  14.892  -45.014  58.150 0.0000000000
2978  13.971  -46.798  56.546 0.0000000000
3575  7.570  -39.436  62.025 0.0000000000
3576  10.030  -39.223  63.881 0.0000000000
3577  10.167  -38.894  61.692 0.0000000000
3578  12.669  -39.090  61.236 0.0000000000
4603  9.118  -49.094  60.255 0.0000000000
4604  7.742  -49.715  61.899 0.0000000000
4605  6.889  -50.383  60.001 0.0000000000
4607  7.439  -51.465  57.796 0.0000000000
4609  7.184  -50.532  56.801 0.0000000000
6505  13.994  -44.213  63.380 0.0000000000
6506  11.943  -47.131  63.445 0.0000000000
6507  12.965  -46.358  61.760 0.0000000000
6508  11.741  -47.788  60.110 0.0000000000
6509  10.481  -48.779  58.367 0.0000000000
6510  9.022  -49.379  56.807 0.0000000000
6511  11.645  -48.368  56.695 0.0000000000
7444  14.656  -39.973  58.594 0.0000000000
7500  13.535  -42.280  66.327 0.0000000000
7501  10.050  -39.414  66.129 0.0000000000
7502  12.485  -39.690  65.435 0.0000000000
7503  13.955  -41.825  64.529 0.0000000000
7504  14.206  -41.145  62.648 0.0000000000
7505  14.452  -40.477  60.607 0.0000000000
8845  9.163  -49.117  63.555 0.0000000000
8854  7.506  -49.661  55.677 0.0000000000
10655  15.439  -42.415  58.553 0.0000000000
10656  15.146  -43.939  58.854 0.0000000000
10657  15.463  -43.644  57.908 0.0000000000
11256  8.803  -39.160  61.796 0.0000000000
11257  8.895  -38.893  60.706 0.0000000000
11258  10.170  -38.660  60.600 0.0000000000
12283  8.479  -49.341  59.391 0.0000000000
12284  7.781  -49.573  60.287 0.0000000000
12285  7.306  -49.912  59.350 0.0000000000
12286  6.997  -50.899  58.889 0.0000000000
12287  7.053  -50.416  58.284 0.0000000000
12288  7.267  -50.982  57.303 0.0000000000
12289  7.485  -50.025  57.682 0.0000000000
14680  14.335  -43.840  62.459 0.0000000000
14681  13.599  -45.351  62.615 0.0000000000
14682  14.075  -45.016  61.725 0.0000000000
14683  13.514  -46.537  59.210 0.0000000000
14684  12.943  -46.808  60.103 0.0000000000
14685  12.318  -47.523  59.225 0.0000000000
14686  11.119  -48.329  59.199 0.0000000000
14687  11.751  -48.107  58.368 0.0000000000
14688  11.080  -48.619  57.574 0.0000000000
14689  12.247  -47.868  57.498 0.0000000000
16360  13.733  -39.179  58.919 0.0000000000
16361  14.112  -39.105  57.845 0.0000000000
16362  13.059  -38.486  58.122 0.0000000000
16480  7.638  -39.972  65.676 0.0000000000
16481  8.804  -39.723  66.513 0.0000000000
16482  8.831  -39.627  65.310 0.0000000000
16483  11.368  -39.117  63.584 0.0000000000
16484  11.353  -39.230  64.679 0.0000000000
16485  12.577  -39.594  64.377 0.0000000000
16486  13.409  -40.639  64.981 0.0000000000
16487  13.538  -40.354  64.031 0.0000000000
16488  14.077  -41.464  63.584 0.0000000000
16489  13.565  -40.114  63.027 0.0000000000
16490  12.634  -38.870  60.168 0.0000000000
16491  13.709  -39.660  60.982 0.0000000000
16492  13.708  -39.398  59.916 0.0000000000
16493  14.575  -40.224  59.599 0.0000000000
19563  11.261  -47.830  62.661 0.0000000000
19564  10.632  -48.251  63.511 0.0000000000
19565  9.824  -48.750  62.740 0.0000000000
19566  6.981  -50.671  61.721 0.0000000000
19585  9.570  -49.225  55.972 0.0000000000
19586  8.254  -49.535  56.167 0.0000000000
19587  8.648  -49.314  55.327 0.0000000000
23785  14.925  -43.127  60.537 0.0000000000
23786  14.475  -44.622  60.800 0.0000000000
23787  14.779  -44.306  59.855 0.0000000000
23788  14.501  -45.332  59.092 0.0000000000
23789  14.056  -46.233  58.313 0.0000000000
23790  13.444  -47.000  57.477 0.0000000000
23791  14.540  -45.933  57.465 0.0000000000
24793  11.442  -38.373  59.368 0.0000000000
24865  7.576  -39.632  63.209 0.0000000000
24866  8.758  -39.478  64.169 0.0000000000
24867  8.804  -39.331  62.948 0.0000000000
24868  10.089  -39.049  62.768 0.0000000000
24869  11.370  -38.966  62.534 0.0000000000
24870  12.592  -39.251  62.269 0.0000000000
24871  11.422  -38.832  61.498 0.0000000000
24872  11.467  -38.619  60.457 0.0000000000
26715  9.770  -48.769  61.039 0.0000000000
26716  9.064  -49.087  61.940 0.0000000000
26717  8.388  -49.332  61.099 0.0000000000
26718  7.168  -49.954  61.017 0.0000000000
26719  6.812  -50.968  60.590 0.0000000000
26721  7.085  -51.435  59.500 0.0000000000
26726  7.667  -51.563  56.351 0.0000000000
26727  7.278  -51.098  55.955 0.0000000000
29103  6.539  -39.804  63.653 0.0000000000
30535  13.639  -44.544  64.243 0.0000000000
30536  12.631  -46.128  64.337 0.0000000000
30537  13.145  -45.754  63.477 0.0000000000
30538  12.436  -46.727  62.652 0.0000000000
30539  11.828  -47.464  61.838 0.0000000000
30540  13.516  -46.043  60.902 0.0000000000
30541  12.410  -47.115  60.994 0.0000000000
30542  11.123  -48.088  61.050 0.0000000000
30543  10.452  -48.522  60.143 0.0000000000
30544  9.807  -48.926  59.299 0.0000000000
30545  9.123  -49.177  58.487 0.0000000000
30546  8.504  -49.484  57.662 0.0000000000
30547  9.770  -49.111  57.574 0.0000000000
30548  10.354  -48.943  56.740 0.0000000000
30549  10.881  -48.773  55.887 0.0000000000
30550  12.777  -47.657  56.608 0.0000000000
30551  12.053  -48.193  55.788 0.0000000000
32818  15.282  -41.034  58.107 0.0000000000
32819  15.529  -41.056  56.973 0.0000000000
32820  14.935  -39.970  57.495 0.0000000000
32970  13.499  -43.655  65.737 0.0000000000
32973  11.398  -39.400  66.828 0.0000000000
32974  10.058  -39.341  64.958 0.0000000000
32975  11.301  -39.303  65.800 0.0000000000
32976  12.572  -39.906  66.412 0.0000000000
32977  13.346  -40.869  65.932 0.0000000000
32978  13.739  -42.069  65.421 0.0000000000
32979  13.830  -43.317  64.859 0.0000000000
32980  14.083  -43.025  63.971 0.0000000000
32981  14.334  -42.673  63.039 0.0000000000
32982  14.559  -42.256  62.118 0.0000000000
32983  13.712  -39.917  62.023 0.0000000000
32984  14.384  -40.832  61.620 0.0000000000
32985  14.769  -41.991  61.108 0.0000000000
32986  14.952  -41.555  60.142 0.0000000000
32987  15.134  -41.284  59.126 0.0000000000
36784  8.386  -49.430  62.768 0.0000000000
36808  7.862  -49.752  56.961 0.0000000000
36809  7.286  -50.055  56.290 0.0000000000
36810  7.058  -50.563  55.544 0.0000000000
41375  15.531  -42.297  58.059 0.0000000000
41376  15.478  -43.069  58.244 0.0000000000
41377  15.616  -42.898  57.748 0.0000000000
43003  8.145  -49.468  58.970 0.0000000000
43004  7.842  -49.570  59.426 0.0000000000
43005  7.597  -49.748  58.976 0.0000000000
43006  7.143  -50.141  58.862 0.0000000000
43007  7.405  -49.955  58.496 0.0000000000
43008  7.249  -50.177  57.990 0.0000000000
43009  7.682  -49.814  58.132 0.0000000000
45400  14.479  -43.645  61.978 0.0000000000
45401  14.241  -44.484  62.113 0.0000000000
45402  14.421  -44.255  61.641 0.0000000000
45403  13.187  -46.923  58.803 0.0000000000
45404  12.896  -47.012  59.232 0.0000000000
45405  12.581  -47.362  58.802 0.0000000000
45406  12.025  -47.837  58.774 0.0000000000
45407  12.325  -47.667  58.403 0.0000000000
45408  12.026  -47.960  57.964 0.0000000000
45409  12.528  -47.554  57.915 0.0000000000
47080  13.214  -38.887  59.046 0.0000000000
47081  13.410  -38.857  58.511 0.0000000000
47082  12.866  -38.591  58.624 0.0000000000
47200  7.586  -39.920  65.065 0.0000000000
47201  8.219  -39.800  65.482 0.0000000000
47202  8.149  -39.725  64.895 0.0000000000
47203  12.004  -39.205  63.462 0.0000000000
47204  12.011  -39.264  63.998 0.0000000000
47205  12.585  -39.474  63.845 0.0000000000
47206  13.089  -39.926  64.210 0.0000000000
47207  13.090  -39.813  63.690 0.0000000000
47208  13.526  -40.228  63.527 0.0000000000
47209  13.137  -39.701  63.216 0.0000000000
47210  12.662  -38.761  59.655 0.0000000000
47211  13.190  -39.106  60.029 0.0000000000
47212  13.213  -38.993  59.550 0.0000000000
47213  13.737  -39.282  59.436 0.0000000000
50283  10.854  -48.147  62.287 0.0000000000
50284  10.525  -48.349  62.702 0.0000000000
50285  10.138  -48.571  62.319 0.0000000000
50305  9.832  -49.150  55.573 0.0000000000
50306  9.122  -49.294  55.633 0.0000000000
50307  9.318  -49.208  55.226 0.0000000000
55000  15.039  -42.939  60.024 0.0000000000
55001  14.885  -43.719  60.217 0.0000000000
55002  15.034  -43.564  59.713 0.0000000000
55003  15.041  -44.501  58.510 0.0000000000
55004  14.847  -44.657  59.002 0.0000000000
55005  14.711  -45.147  58.640 0.0000000000
55006  14.315  -45.798  58.704 0.0000000000
55007  14.534  -45.629  58.243 0.0000000000
55008  14.326  -46.069  57.890 0.0000000000
55009  14.726  -45.482  57.809 0.0000000000
56680  10.839  -38.321  59.449 0.0000000000
56800  7.582  -39.545  62.593 0.0000000000
56801  8.187  -39.488  63.066 0.0000000000
56802  8.178  -39.408  62.450 0.0000000000
56803  9.482  -39.014  61.735 0.0000000000
56804  9.450  -39.095  62.297 0.0000000000
56805  10.127  -38.971  62.236 0.0000000000
56806  10.739  -38.979  62.669 0.0000000000
56807  10.741  -38.912  62.151 0.0000000000
56808  11.364  -38.912  62.026 0.0000000000
56809  10.825  -38.816  61.627 0.0000000000
56810  10.187  -38.518  60.069 0.0000000000
56811  10.812  -38.614  60.534 0.0000000000
56812  10.813  -38.484  59.997 0.0000000000
56813  11.446  -38.507  59.896 0.0000000000
59883  9.400  -48.947  60.634 0.0000000000
59884  9.043  -49.094  61.070 0.0000000000
59885  8.717  -49.241  60.664 0.0000000000
59886  7.237  -49.900  60.176 0.0000000000
59887  7.446  -49.715  60.648 0.0000000000
59888  7.005  -50.123  60.528 0.0000000000
59889  6.850  -50.425  60.878 0.0000000000
59890  6.789  -50.656  60.302 0.0000000000
59891  6.902  -51.195  60.048 0.0000000000
59892  6.868  -50.892  59.758 0.0000000000
59893  7.200  -51.187  58.384 0.0000000000
59894  7.266  -51.417  58.599 0.0000000000
59895  7.532  -51.681  58.125 0.0000000000
59899  7.743  -51.712  57.370 0.0000000000
59900  7.180  -50.755  57.044 0.0000000000
59901  7.435  -51.290  56.803 0.0000000000
59902  7.221  -51.018  56.606 0.0000000000
59903  7.430  -51.358  56.168 0.0000000000
59904  7.192  -50.797  56.396 0.0000000000
67075  13.822  -44.371  63.808 0.0000000000
67076  13.441  -45.169  63.862 0.0000000000
67077  13.625  -44.991  63.446 0.0000000000
67078  13.309  -45.919  62.180 0.0000000000
67079  13.031  -46.072  62.619 0.0000000000
67080  12.711  -46.509  62.190 0.0000000000
67081  12.123  -47.144  62.263 0.0000000000
67082  12.399  -46.918  61.787 0.0000000000
67083  14.254  -45.205  60.424 0.0000000000
67084  14.043  -45.374  60.869 0.0000000000
67085  13.784  -45.866  60.485 0.0000000000
67086  12.352  -47.355  60.092 0.0000000000
67087  12.640  -46.983  60.525 0.0000000000
67088  12.102  -47.471  60.589 0.0000000000
67089  11.762  -47.659  61.048 0.0000000000
67090  11.438  -47.945  60.606 0.0000000000
67091  10.784  -48.309  60.612 0.0000000000
67092  11.116  -48.194  60.135 0.0000000000
67093  10.806  -48.563  58.772 0.0000000000
67094  10.477  -48.666  59.238 0.0000000000
67095  10.160  -48.859  58.822 0.0000000000
67096  9.498  -49.057  58.885 0.0000000000
67097  9.842  -49.009  58.407 0.0000000000
67098  9.454  -49.142  58.034 0.0000000000
67099  10.139  -48.960  57.977 0.0000000000
67100  11.379  -48.484  57.123 0.0000000000
67101  10.731  -48.788  57.146 0.0000000000
67102  11.017  -48.662  56.724 0.0000000000
67103  10.623  -48.855  56.306 0.0000000000
67104  11.276  -48.595  56.290 0.0000000000
67105  13.728  -46.893  57.012 0.0000000000
67106  13.110  -47.344  57.031 0.0000000000
67107  13.391  -47.256  56.580 0.0000000000
67109  12.666  -47.844  55.764 0.0000000000
67110  12.268  -48.096  55.376 0.0000000000
67111  11.673  -48.382  55.410 0.0000000000
72115  15.002  -40.500  58.366 0.0000000000
72116  15.142  -40.477  57.807 0.0000000000
72117  14.787  -39.949  58.044 0.0000000000
72474  13.555  -42.991  66.017 0.0000000000
72478  9.424  -39.557  66.329 0.0000000000
72479  9.419  -39.589  66.886 0.0000000000
72480  10.045  -39.437  66.661 0.0000000000
72481  10.749  -39.381  67.048 0.0000000000
72482  10.708  -39.315  66.530 0.0000000000
72483  9.388  -39.344  64.027 0.0000000000
72484  9.425  -39.403  64.625 0.0000000000
72485  10.098  -39.244  64.443 0.0000000000
72486  11.948  -39.408  65.066 0.0000000000
72487  11.294  -39.242  65.260 0.0000000000
72488  11.908  -39.438  65.633 0.0000000000
72489  11.955  -39.502  66.128 0.0000000000
72490  12.517  -39.739  65.936 0.0000000000
72491  13.001  -40.346  66.181 0.0000000000
72492  12.989  -40.216  65.706 0.0000000000
72493  13.736  -41.233  64.740 0.0000000000
72494  13.663  -41.333  65.198 0.0000000000
72495  13.824  -41.941  64.922 0.0000000000
72496  13.824  -42.686  65.153 0.0000000000
72497  13.917  -42.533  64.674 0.0000000000
72498  13.957  -43.143  64.429 0.0000000000
72499  14.033  -42.451  64.254 0.0000000000
72500  14.110  -41.265  63.114 0.0000000000
72501  14.238  -42.055  63.337 0.0000000000
72502  14.307  -41.843  62.878 0.0000000000
72503  14.443  -42.419  62.630 0.0000000000
72504  14.417  -41.698  62.397 0.0000000000
72505  12.616  -39.163  61.775 0.0000000000
72506  13.148  -39.520  62.147 0.0000000000
72507  13.187  -39.456  61.652 0.0000000000
72508  14.125  -40.011  60.793 0.0000000000
72509  14.109  -40.186  61.342 0.0000000000
72510  14.416  -40.638  61.119 0.0000000000
72511  14.610  -41.384  61.375 0.0000000000
72512  14.669  -41.163  60.881 0.0000000000
72513  14.878  -41.786  60.636 0.0000000000
72514  14.726  -40.996  60.395 0.0000000000
72515  14.632  -40.123  59.091 0.0000000000
72516  14.919  -40.712  59.373 0.0000000000
72517  14.955  -40.624  58.857 0.0000000000
72518  15.235  -41.174  58.615 0.0000000000
81723  12.290  -46.650  63.909 0.0000000000
81724  12.026  -46.853  64.325 0.0000000000
81725  11.681  -47.334  63.901 0.0000000000
81726  9.897  -48.717  63.539 0.0000000000
81727  10.335  -48.429  63.926 0.0000000000
81731  8.350  -49.372  61.939 0.0000000000
81732  8.746  -49.229  62.346 0.0000000000
81733  8.066  -49.572  62.337 0.0000000000
81790  8.754  -49.411  57.239 0.0000000000
81791  8.166  -49.625  57.337 0.0000000000
81792  8.395  -49.570  56.837 0.0000000000
81793  7.884  -49.575  55.937 0.0000000000
81794  7.727  -49.724  56.285 0.0000000000
81795  7.390  -49.838  56.012 0.0000000000
81796  7.134  -50.300  55.912 0.0000000000
81797  7.117  -50.030  55.654 0.0000000000
92905  15.296  -42.551  59.072 0.0000000000
92906  15.182  -43.357  59.216 0.0000000000
92907  15.331  -43.154  58.756 0.0000000000
92908  15.308  -43.746  58.414 0.0000000000
92909  15.224  -44.324  58.052 0.0000000000
92910  15.115  -44.857  57.694 0.0000000000
93986  8.171  -39.319  61.874 0.0000000000
93987  8.198  -39.201  61.327 0.0000000000
93988  8.877  -39.034  61.222 0.0000000000
93989  9.516  -38.900  61.196 0.0000000000
93990  10.183  -38.782  61.148 0.0000000000
93991  9.566  -38.751  60.653 0.0000000000
93992  9.521  -38.622  60.115 0.0000000000
95835  8.805  -49.220  59.832 0.0000000000
95836  8.427  -49.357  60.267 0.0000000000
95837  8.144  -49.457  59.860 0.0000000000
95838  7.524  -49.713  59.821 0.0000000000
95839  7.058  -50.127  59.666 0.0000000000
95840  6.872  -50.624  59.393 0.0000000000
95841  6.925  -50.426  59.131 0.0000000000
95842  7.008  -50.682  58.615 0.0000000000
95843  7.157  -50.928  58.078 0.0000000000
95844  7.361  -51.188  57.570 0.0000000000
95845  7.128  -50.692  57.790 0.0000000000
95846  7.197  -50.480  57.506 0.0000000000
95847  7.264  -50.297  57.205 0.0000000000
100150  14.174  -44.025  62.921 0.0000000000
100151  13.826  -44.792  63.016 0.0000000000
100152  14.032  -44.625  62.565 0.0000000000
100153  13.831  -45.205  62.170 0.0000000000
100154  13.579  -45.719  61.762 0.0000000000
100155  13.766  -46.145  59.640 0.0000000000
100156  13.523  -46.289  60.105 0.0000000000
100157  13.247  -46.633  59.685 0.0000000000
100158  12.635  -47.170  59.678 0.0000000000
100159  12.056  -47.659  59.705 0.0000000000
100160  11.421  -48.071  59.648 0.0000000000
100161  11.732  -47.947  59.237 0.0000000000
100162  11.423  -48.208  58.780 0.0000000000
100163  11.123  -48.452  58.348 0.0000000000
100164  10.788  -48.703  57.977 0.0000000000
100165  11.443  -48.362  57.979 0.0000000000
100166  11.707  -48.243  57.537 0.0000000000
100167  11.971  -48.126  57.093 0.0000000000
100169  13.642  -47.169  56.140 0.0000000000
103174  14.221  -39.532  58.767 0.0000000000
103175  14.390  -39.517  58.222 0.0000000000
103176  13.949  -39.164  58.365 0.0000000000
103177  13.611  -38.771  57.985 0.0000000000
103389  13.458  -41.666  66.610 0.0000000000
103392  8.198  -39.874  66.145 0.0000000000
103393  8.794  -39.695  65.964 0.0000000000
103394  9.417  -39.508  65.781 0.0000000000
103395  10.707  -39.107  63.707 0.0000000000
103396  10.706  -39.181  64.294 0.0000000000
103397  11.352  -39.182  64.140 0.0000000000
103398  11.984  -39.338  64.530 0.0000000000
103399  12.551  -39.674  64.895 0.0000000000
103400  12.988  -40.072  65.231 0.0000000000
103401  13.098  -40.040  64.716 0.0000000000
103402  13.507  -40.513  64.477 0.0000000000
103403  13.797  -41.064  64.272 0.0000000000
103404  14.012  -41.653  64.054 0.0000000000
103405  13.847  -40.889  63.809 0.0000000000
103406  13.858  -40.703  63.347 0.0000000000
103407  13.919  -40.589  62.806 0.0000000000
103408  12.681  -39.009  60.689 0.0000000000
103409  13.221  -39.355  61.133 0.0000000000
103410  13.203  -39.230  60.581 0.0000000000
103411  13.714  -39.549  60.451 0.0000000000
103412  14.166  -39.934  60.295 0.0000000000
103413  14.544  -40.373  60.110 0.0000000000
103414  14.170  -39.783  59.776 0.0000000000
103415  14.253  -39.669  59.298 0.0000000000
108939  11.635  -47.482  63.050 0.0000000000
108940  11.309  -47.731  63.481 0.0000000000
108941  10.930  -48.061  63.085 0.0000000000
108942  10.198  -48.554  63.138 0.0000000000
108943  9.491  -48.928  63.155 0.0000000000
108944  7.254  -50.157  61.866 0.0000000000
108945  7.515  -49.983  62.324 0.0000000000
108946  7.157  -50.486  62.235 0.0000000000
108979  9.290  -49.298  56.393 0.0000000000
108980  8.609  -49.483  56.470 0.0000000000
108981  8.885  -49.387  56.054 0.0000000000
108982  8.495  -49.431  55.752 0.0000000000
108983  8.058  -49.442  55.473 0.0000000000
116935  14.804  -43.297  61.041 0.0000000000
116936  14.586  -44.064  61.167 0.0000000000
116937  14.746  -43.883  60.688 0.0000000000
116938  14.622  -44.468  60.332 0.0000000000
116939  14.453  -45.018  59.970 0.0000000000
116940  14.953  -44.134  59.351 0.0000000000
116941  14.647  -44.845  59.477 0.0000000000
116942  14.242  -45.540  59.547 0.0000000000
116943  14.032  -45.995  59.153 0.0000000000
116944  13.780  -46.405  58.761 0.0000000000
116945  13.462  -46.784  58.359 0.0000000000
116946  13.135  -47.120  57.913 0.0000000000
116947  13.768  -46.628  57.919 0.0000000000
116948  14.041  -46.497  57.459 0.0000000000
116949  14.274  -46.386  56.982 0.0000000000
119287  12.046  -38.484  59.266 0.0000000000
119288  12.277  -38.362  58.721 0.0000000000
119289  11.626  -38.197  58.827 0.0000000000
119455  7.577  -39.726  63.821 0.0000000000
119456  8.104  -39.663  64.293 0.0000000000
119457  8.167  -39.581  63.677 0.0000000000
119458  8.797  -39.428  63.535 0.0000000000
119459  9.404  -39.271  63.426 0.0000000000
119460  8.808  -39.249  62.363 0.0000000000
119461  9.432  -39.169  62.846 0.0000000000
119462  10.056  -39.138  63.296 0.0000000000
119463  10.707  -39.047  63.171 0.0000000000
119464  11.387  -39.035  63.059 0.0000000000
119465  12.036  -39.145  62.937 0.0000000000
119466  12.633  -39.333  62.810 0.0000000000
119467  12.020  -39.070  62.397 0.0000000000
119468  12.014  -38.974  61.868 0.0000000000
119469  12.028  -38.921  61.365 0.0000000000
119470  10.850  -38.700  61.071 0.0000000000
119471  11.489  -38.747  60.972 0.0000000000
119472  12.100  -38.850  60.826 0.0000000000
119473  12.062  -38.699  60.316 0.0000000000
119474  12.085  -38.589  59.765 0.0000000000
123771  10.142  -48.585  61.475 0.0000000000
123772  9.774  -48.769  61.906 0.0000000000
123773  9.423  -48.954  61.474 0.0000000000
123774  8.740  -49.220  61.519 0.0000000000
123775  7.994  -49.501  61.520 0.0000000000
123776  8.057  -49.447  60.697 0.0000000000
123777  7.669  -49.612  61.084 0.0000000000
123778  7.408  -49.844  61.460 0.0000000000
123779  7.026  -50.288  61.375 0.0000000000
123780  6.847  -50.794  61.121 0.0000000000
123786  7.032  -51.146  59.171 0.0000000000
123796  7.618  -51.476  57.093 0.0000000000
123797  7.888  -51.767  56.620 0.0000000000
123800  7.637  -51.582  55.757 0.0000000000
123801  7.453  -51.378  55.573 0.0000000000
129449  7.109  -40.030  65.255 0.0000000000
129450  7.086  -39.923  64.619 0.0000000000
129458  6.592  -39.945  64.223 0.0000000000
129459  7.052  -39.857  63.972 0.0000000000
129460  7.035  -39.740  63.440 0.0000000000
129461  7.048  -39.630  62.771 0.0000000000
133345  13.448  -44.713  64.684 0.0000000000
133346  12.958  -45.557  64.734 0.0000000000
133347  13.225  -45.379  64.333 0.0000000000
133348  12.904  -45.924  63.896 0.0000000000
133349  12.562  -46.433  63.469 0.0000000000
133350  13.369  -45.570  63.066 0.0000000000
133351  12.780  -46.263  63.060 0.0000000000
133352  12.208  -46.914  63.073 0.0000000000
133353  11.898  -47.342  62.663 0.0000000000
133354  11.503  -47.696  62.280 0.0000000000
133355  11.166  -47.978  61.902 0.0000000000
133356  14.301  -44.815  61.256 0.0000000000
133357  13.815  -45.556  61.307 0.0000000000
133358  13.234  -46.220  61.323 0.0000000000
133359  13.232  -46.439  60.494 0.0000000000
133360  12.937  -46.595  60.946 0.0000000000
133361  12.678  -46.754  61.373 0.0000000000
133362  12.086  -47.331  61.426 0.0000000000
133363  11.476  -47.803  61.449 0.0000000000
133364  10.847  -48.221  61.509 0.0000000000
133365  10.466  -48.420  61.050 0.0000000000
133366  10.103  -48.631  60.616 0.0000000000
133367  9.770  -48.823  60.188 0.0000000000
133368  10.803  -48.419  59.631 0.0000000000
133369  10.128  -48.732  59.710 0.0000000000
133370  9.470  -48.973  59.764 0.0000000000
133371  9.137  -49.101  59.358 0.0000000000
133372  8.787  -49.237  58.950 0.0000000000
133373  8.461  -49.378  58.543 0.0000000000
133374  8.201  -49.522  58.151 0.0000000000
133375  8.797  -49.322  58.079 0.0000000000
133376  9.101  -49.274  57.635 0.0000000000
133377  9.420  -49.248  57.180 0.0000000000
133378  10.429  -48.893  57.561 0.0000000000
133379  10.075  -49.045  57.152 0.0000000000
133380  9.697  -49.175  56.762 0.0000000000
133381  9.963  -49.091  56.348 0.0000000000
133382  10.230  -49.020  55.927 0.0000000000
133383  10.471  -48.925  55.524 0.0000000000
133384  12.810  -47.456  57.470 0.0000000000
133385  12.493  -47.771  57.032 0.0000000000
133386  12.197  -48.037  56.631 0.0000000000
133387  13.038  -47.566  56.165 0.0000000000
133388  12.426  -47.950  56.191 0.0000000000
133389  11.862  -48.282  56.238 0.0000000000
133390  11.487  -48.493  55.846 0.0000000000
133391  11.066  -48.659  55.452 0.0000000000
133392  10.619  -48.794  55.067 0.0000000000
139660  15.497  -41.560  57.828 0.0000000000
139661  15.592  -41.581  57.256 0.0000000000
139662  15.382  -41.024  57.541 0.0000000000
139663  15.252  -40.492  57.252 0.0000000000
139664  15.094  -39.972  56.936 0.0000000000
139665  14.558  -39.490  57.697 0.0000000000
139666  14.695  -39.458  57.140 0.0000000000
140100  13.403  -44.308  65.434 0.0000000000
140109  12.097  -39.594  67.185 0.0000000000
140110  8.773  -39.564  64.767 0.0000000000
140111  9.469  -39.458  65.165 0.0000000000
140112  10.050  -39.376  65.585 0.0000000000
140113  10.703  -39.248  64.812 0.0000000000
140114  10.668  -39.292  65.403 0.0000000000
140115  10.671  -39.303  65.905 0.0000000000
140116  11.358  -39.360  66.323 0.0000000000
140117  11.993  -39.533  66.613 0.0000000000
140118  12.574  -39.947  66.939 0.0000000000
140119  13.011  -40.425  66.680 0.0000000000
140120  13.354  -40.953  66.413 0.0000000000
140121  13.524  -41.567  66.137 0.0000000000
140122  13.367  -40.747  65.462 0.0000000000
140123  13.587  -41.475  65.675 0.0000000000
140124  13.616  -42.241  65.849 0.0000000000
140125  13.657  -42.919  65.573 0.0000000000
140126  13.673  -43.529  65.326 0.0000000000
140127  13.597  -44.105  65.011 0.0000000000
140128  13.761  -43.928  64.568 0.0000000000
140129  13.944  -43.779  64.147 0.0000000000
140130  14.089  -43.591  63.681 0.0000000000
140131  14.143  -42.265  63.792 0.0000000000
140132  14.204  -42.839  63.497 0.0000000000
140133  14.213  -43.431  63.204 0.0000000000
140134  14.363  -43.245  62.764 0.0000000000
140135  14.486  -43.037  62.290 0.0000000000
140136  14.631  -42.838  61.829 0.0000000000
140137  13.162  -39.587  62.652 0.0000000000
140138  13.620  -39.996  62.521 0.0000000000
140139  14.006  -40.475  62.338 0.0000000000
140140  13.704  -39.814  61.506 0.0000000000
140141  14.090  -40.352  61.838 0.0000000000
140142  14.309  -40.999  62.099 0.0000000000
140143  14.511  -41.511  61.865 0.0000000000
140144  14.653  -42.104  61.610 0.0000000000
140145  14.751  -42.700  61.340 0.0000000000
140146  14.875  -42.565  60.825 0.0000000000
140147  14.985  -42.348  60.325 0.0000000000
140148  15.104  -42.159  59.844 0.0000000000
140149  14.811  -40.845  59.878 0.0000000000
140150  15.046  -41.387  59.612 0.0000000000
140151  15.228  -41.974  59.341 0.0000000000
140152  15.307  -41.835  58.850 0.0000000000
140153  15.404  -41.728  58.335 0.0000000000
151312  11.058  -47.906  63.912 0.0000000000
151318  9.448  -48.929  62.338 0.0000000000
151319  9.123  -49.066  62.761 0.0000000000
151320  8.743  -49.285  63.177 0.0000000000
151321  7.811  -49.796  62.791 0.0000000000
151322  8.142  -49.618  63.226 0.0000000000
151390  7.949  -49.705  57.756 0.0000000000
151391  7.671  -49.896  57.337 0.0000000000
151392  7.399  -50.082  56.908 0.0000000000
151393  8.072  -49.635  56.561 0.0000000000
151394  7.573  -49.888  56.604 0.0000000000
151395  7.230  -50.298  56.551 0.0000000000
151396  7.160  -50.561  56.152 0.0000000000
151397  7.173  -50.853  55.756 0.0000000000
