#!ascii label  , from subject fsaverage vox2ras=TkReg
804
35  55.090  -38.408  27.538 0.0000000000
317  45.852  -34.667  27.292 0.0000000000
426  51.718  -31.869  32.196 0.0000000000
797  49.724  -37.477  28.042 0.0000000000
798  49.634  -37.862  23.008 0.0000000000
799  55.305  -38.122  22.313 0.0000000000
950  50.595  -29.401  28.512 0.0000000000
951  54.724  -29.113  30.259 0.0000000000
1955  48.314  -33.424  30.228 0.0000000000
1956  51.680  -36.403  31.733 0.0000000000
2379  56.587  -29.632  33.782 0.0000000000
2380  54.083  -33.701  34.790 0.0000000000
2717  52.273  -38.186  27.832 0.0000000000
2718  52.079  -38.329  25.351 0.0000000000
2719  55.074  -38.492  24.940 0.0000000000
2720  57.663  -38.047  22.617 0.0000000000
2721  57.745  -38.286  25.301 0.0000000000
3834  45.042  -35.955  25.298 0.0000000000
3835  52.960  -37.371  20.370 0.0000000000
3836  49.890  -37.496  20.472 0.0000000000
4292  51.181  -30.848  29.995 0.0000000000
4293  49.229  -31.260  29.392 0.0000000000
4294  49.939  -32.757  31.326 0.0000000000
4295  49.696  -35.036  31.355 0.0000000000
4296  51.058  -34.210  32.748 0.0000000000
5303  58.407  -28.797  32.957 0.0000000000
5304  58.976  -28.789  35.024 0.0000000000
5306  55.803  -32.190  35.991 0.0000000000
6043  47.546  -36.263  27.882 0.0000000000
6044  47.107  -37.072  25.485 0.0000000000
6045  49.528  -37.827  25.544 0.0000000000
6046  52.457  -37.990  22.694 0.0000000000
6047  55.651  -37.416  20.071 0.0000000000
6319  52.086  -27.816  27.960 0.0000000000
6320  52.603  -29.372  29.350 0.0000000000
6321  53.264  -30.362  31.050 0.0000000000
7866  46.996  -37.675  22.934 0.0000000000
7867  47.253  -37.615  20.357 0.0000000000
8461  48.742  -29.348  27.762 0.0000000000
8462  47.503  -31.632  28.470 0.0000000000
8463  47.021  -34.048  28.888 0.0000000000
8464  48.492  -35.718  29.637 0.0000000000
8465  50.627  -37.015  29.894 0.0000000000
8466  53.126  -37.812  29.720 0.0000000000
9694  55.799  -29.582  31.967 0.0000000000
9695  54.049  -30.501  32.781 0.0000000000
9696  56.894  -29.894  35.742 0.0000000000
9697  54.671  -31.169  34.548 0.0000000000
9698  52.742  -32.701  33.793 0.0000000000
9699  52.741  -35.266  33.594 0.0000000000
10397  53.635  -38.376  27.747 0.0000000000
10398  53.546  -38.440  26.408 0.0000000000
10399  55.046  -38.490  26.301 0.0000000000
10400  56.390  -38.396  25.110 0.0000000000
10401  56.415  -38.459  26.429 0.0000000000
11514  45.395  -35.289  26.328 0.0000000000
11972  51.485  -31.350  31.100 0.0000000000
11973  50.505  -31.699  30.731 0.0000000000
11974  50.812  -32.313  31.800 0.0000000000
11975  50.442  -33.485  32.133 0.0000000000
11976  51.272  -32.987  32.684 0.0000000000
13912  48.549  -36.900  28.049 0.0000000000
13913  48.388  -37.232  26.774 0.0000000000
13914  49.613  -37.710  26.784 0.0000000000
13915  53.661  -38.332  23.832 0.0000000000
13916  52.237  -38.235  23.998 0.0000000000
13917  53.884  -38.080  22.540 0.0000000000
13918  54.013  -37.769  21.280 0.0000000000
13919  55.331  -37.903  21.112 0.0000000000
13920  56.822  -37.401  20.149 0.0000000000
13921  56.516  -37.863  21.171 0.0000000000
14373  53.331  -28.642  28.950 0.0000000000
14374  53.662  -29.287  29.812 0.0000000000
14375  52.939  -29.969  30.135 0.0000000000
14376  54.022  -29.797  30.725 0.0000000000
17265  48.259  -37.673  24.271 0.0000000000
17266  46.996  -37.394  24.242 0.0000000000
17267  48.262  -37.763  23.002 0.0000000000
17268  50.176  -37.241  19.125 0.0000000000
17269  48.530  -37.604  20.365 0.0000000000
17270  48.801  -37.329  19.084 0.0000000000
18637  50.404  -28.497  27.812 0.0000000000
18638  49.457  -28.464  27.387 0.0000000000
18639  49.674  -29.327  28.128 0.0000000000
18640  48.678  -32.298  29.940 0.0000000000
18641  48.341  -31.401  28.890 0.0000000000
18642  47.839  -32.572  29.417 0.0000000000
18643  47.153  -32.856  28.865 0.0000000000
18644  47.641  -33.745  29.587 0.0000000000
18645  47.701  -34.914  29.339 0.0000000000
18646  48.244  -34.610  30.077 0.0000000000
18647  50.589  -35.739  31.667 0.0000000000
18648  50.014  -36.115  30.736 0.0000000000
18649  51.143  -36.731  30.851 0.0000000000
18650  51.810  -37.459  29.851 0.0000000000
18651  52.373  -37.188  30.791 0.0000000000
21670  57.603  -29.198  33.369 0.0000000000
21671  57.114  -29.184  32.445 0.0000000000
21672  56.234  -29.600  32.890 0.0000000000
21673  54.922  -29.991  32.405 0.0000000000
21674  55.271  -30.011  33.340 0.0000000000
21676  58.171  -29.560  36.338 0.0000000000
21677  57.297  -30.223  36.615 0.0000000000
21678  54.906  -32.911  35.271 0.0000000000
21679  55.188  -31.654  35.361 0.0000000000
21680  54.280  -32.332  34.771 0.0000000000
21681  53.755  -31.905  34.104 0.0000000000
21682  53.385  -33.209  34.353 0.0000000000
21683  52.593  -34.004  33.878 0.0000000000
21684  53.372  -34.510  34.277 0.0000000000
23323  50.940  -37.868  27.964 0.0000000000
23324  50.844  -38.076  26.725 0.0000000000
23325  52.181  -38.323  26.590 0.0000000000
23326  53.512  -38.407  25.140 0.0000000000
23327  55.198  -38.335  23.598 0.0000000000
23328  56.499  -38.147  22.418 0.0000000000
23329  56.411  -38.304  23.746 0.0000000000
23330  57.729  -38.182  23.936 0.0000000000
25335  51.251  -37.717  21.577 0.0000000000
25336  49.737  -37.704  21.711 0.0000000000
25337  51.427  -37.409  20.444 0.0000000000
25338  51.654  -37.105  19.236 0.0000000000
26158  50.886  -30.162  29.191 0.0000000000
26159  49.933  -30.211  28.799 0.0000000000
26160  50.172  -31.041  29.689 0.0000000000
26161  49.560  -31.996  30.375 0.0000000000
26162  49.098  -33.140  30.783 0.0000000000
26163  48.933  -34.260  30.836 0.0000000000
26164  49.639  -33.940  31.530 0.0000000000
26165  50.379  -34.674  32.125 0.0000000000
26166  51.182  -35.403  32.456 0.0000000000
27979  58.728  -28.774  33.990 0.0000000000
27980  57.802  -29.260  34.346 0.0000000000
27982  56.690  -31.425  36.691 0.0000000000
27984  55.722  -33.431  35.684 0.0000000000
27985  54.947  -34.266  35.136 0.0000000000
27986  54.344  -35.027  34.503 0.0000000000
29461  46.609  -35.500  27.681 0.0000000000
29462  46.315  -36.031  26.558 0.0000000000
29463  47.282  -36.671  26.699 0.0000000000
29464  48.287  -37.470  25.544 0.0000000000
29465  49.593  -37.864  24.274 0.0000000000
29466  50.816  -38.135  25.439 0.0000000000
29467  50.905  -38.071  24.124 0.0000000000
29468  51.022  -37.930  22.818 0.0000000000
29469  52.680  -37.669  21.465 0.0000000000
29470  54.324  -37.397  20.188 0.0000000000
29476  57.679  -37.805  21.332 0.0000000000
30104  51.172  -27.713  27.535 0.0000000000
30105  51.338  -28.553  28.177 0.0000000000
30106  53.057  -27.940  28.288 0.0000000000
30107  52.316  -28.587  28.535 0.0000000000
30108  51.547  -29.443  28.907 0.0000000000
30109  51.889  -30.128  29.629 0.0000000000
30110  52.249  -30.594  30.445 0.0000000000
30111  52.497  -30.948  31.483 0.0000000000
33966  46.014  -36.521  25.423 0.0000000000
33967  45.864  -37.056  24.227 0.0000000000
33968  45.830  -37.409  22.979 0.0000000000
33969  48.374  -37.788  21.679 0.0000000000
33970  47.106  -37.744  21.621 0.0000000000
35658  45.812  -33.447  27.523 0.0000000000
35662  48.983  -30.292  28.417 0.0000000000
35663  48.044  -30.443  28.060 0.0000000000
35664  47.176  -30.595  27.650 0.0000000000
35665  46.723  -31.867  28.007 0.0000000000
35666  46.485  -33.107  28.229 0.0000000000
35667  46.426  -34.343  28.106 0.0000000000
35668  47.160  -35.200  28.554 0.0000000000
35669  48.001  -36.037  28.773 0.0000000000
35670  48.972  -36.672  28.973 0.0000000000
35671  49.097  -35.390  30.517 0.0000000000
35672  49.476  -36.410  29.856 0.0000000000
35673  50.123  -37.262  28.974 0.0000000000
35674  51.368  -37.703  28.895 0.0000000000
35675  52.657  -38.038  28.823 0.0000000000
35676  54.018  -38.228  28.728 0.0000000000
39319  56.620  -29.023  31.513 0.0000000000
39320  55.293  -29.391  31.094 0.0000000000
39321  54.489  -29.985  31.530 0.0000000000
39322  53.698  -30.427  31.892 0.0000000000
39323  52.886  -31.139  32.409 0.0000000000
39324  59.056  -28.955  36.102 0.0000000000
39325  57.983  -29.360  35.343 0.0000000000
39326  56.716  -29.659  34.777 0.0000000000
39327  56.140  -30.925  35.962 0.0000000000
39328  55.789  -30.463  35.153 0.0000000000
39329  55.476  -30.195  34.308 0.0000000000
39330  54.343  -30.746  33.724 0.0000000000
39331  53.283  -31.459  33.335 0.0000000000
39332  52.195  -32.206  33.074 0.0000000000
39333  51.896  -33.454  33.346 0.0000000000
39334  51.870  -34.730  33.195 0.0000000000
39335  52.200  -35.847  32.693 0.0000000000
39336  53.809  -35.683  33.729 0.0000000000
39337  53.293  -36.271  32.860 0.0000000000
39338  52.767  -36.787  31.862 0.0000000000
39339  53.536  -37.422  30.875 0.0000000000
39340  54.381  -37.925  29.833 0.0000000000
39341  55.388  -38.232  28.729 0.0000000000
39422  56.824  -38.373  27.508 0.0000000000
41117  54.377  -38.397  27.583 0.0000000000
41118  54.333  -38.457  26.995 0.0000000000
41119  55.079  -38.456  26.937 0.0000000000
41120  55.710  -38.484  26.367 0.0000000000
41121  55.717  -38.458  26.988 0.0000000000
42232  45.506  -34.306  27.064 0.0000000000
42233  45.264  -34.624  26.622 0.0000000000
42234  45.623  -34.989  26.807 0.0000000000
42692  51.593  -31.590  31.679 0.0000000000
42693  51.101  -31.786  31.503 0.0000000000
42694  51.249  -32.085  32.039 0.0000000000
42695  51.020  -32.638  32.277 0.0000000000
42696  51.454  -32.386  32.516 0.0000000000
44632  49.117  -37.196  28.080 0.0000000000
44633  49.071  -37.378  27.419 0.0000000000
44634  49.672  -37.619  27.418 0.0000000000
44635  54.529  -38.235  23.061 0.0000000000
44636  53.807  -38.223  23.150 0.0000000000
44637  54.614  -38.105  22.417 0.0000000000
44638  54.620  -37.993  21.813 0.0000000000
44639  55.326  -38.004  21.702 0.0000000000
44640  55.908  -37.868  21.118 0.0000000000
44641  55.888  -38.009  21.726 0.0000000000
45093  53.994  -28.911  29.588 0.0000000000
45094  54.183  -29.196  30.030 0.0000000000
45095  53.866  -29.554  30.268 0.0000000000
45096  54.390  -29.454  30.486 0.0000000000
47985  48.924  -37.817  23.666 0.0000000000
47986  48.313  -37.761  23.607 0.0000000000
47987  48.939  -37.815  23.040 0.0000000000
47989  49.447  -37.299  19.098 0.0000000000
49357  50.495  -28.930  28.182 0.0000000000
49358  50.010  -28.876  27.988 0.0000000000
49359  50.131  -29.350  28.320 0.0000000000
49360  48.464  -32.852  30.125 0.0000000000
49361  48.234  -32.438  29.666 0.0000000000
49362  48.058  -32.994  29.836 0.0000000000
49363  47.699  -33.140  29.569 0.0000000000
49364  47.962  -33.578  29.920 0.0000000000
49365  47.936  -34.180  29.854 0.0000000000
49366  48.252  -34.026  30.213 0.0000000000
49367  51.140  -36.113  31.744 0.0000000000
49368  50.830  -36.276  31.284 0.0000000000
49369  51.421  -36.571  31.325 0.0000000000
49370  51.750  -36.967  30.842 0.0000000000
49371  52.034  -36.820  31.318 0.0000000000
52390  57.176  -29.414  33.587 0.0000000000
52391  56.922  -29.421  33.090 0.0000000000
52392  56.475  -29.612  33.305 0.0000000000
52393  55.770  -29.799  33.107 0.0000000000
52394  55.952  -29.828  33.532 0.0000000000
52398  54.462  -33.309  35.061 0.0000000000
52399  54.574  -32.603  35.046 0.0000000000
52400  54.113  -33.006  34.814 0.0000000000
52401  53.810  -32.761  34.557 0.0000000000
52402  53.728  -33.429  34.574 0.0000000000
52403  53.342  -33.853  34.342 0.0000000000
52404  53.726  -34.103  34.533 0.0000000000
54232  51.595  -38.046  27.892 0.0000000000
54233  51.561  -38.148  27.292 0.0000000000
54234  52.210  -38.282  27.235 0.0000000000
54235  54.245  -38.503  25.704 0.0000000000
54236  53.523  -38.435  25.773 0.0000000000
54237  54.270  -38.449  25.015 0.0000000000
54238  54.340  -38.385  24.338 0.0000000000
54239  55.115  -38.423  24.265 0.0000000000
54240  55.797  -38.345  23.665 0.0000000000
54241  55.756  -38.399  24.333 0.0000000000
54242  57.066  -38.350  25.204 0.0000000000
54243  57.067  -38.279  24.544 0.0000000000
54244  57.722  -38.236  24.628 0.0000000000
54245  58.325  -38.136  24.014 0.0000000000
54246  58.360  -38.157  24.742 0.0000000000
57585  52.077  -37.555  20.973 0.0000000000
57586  51.329  -37.576  20.994 0.0000000000
57587  52.192  -37.397  20.401 0.0000000000
57589  52.438  -37.046  19.266 0.0000000000
58957  51.023  -30.518  29.546 0.0000000000
58958  50.526  -30.562  29.346 0.0000000000
58959  50.657  -30.970  29.765 0.0000000000
58960  50.198  -32.191  31.069 0.0000000000
58961  50.023  -31.859  30.570 0.0000000000
58962  49.741  -32.389  30.860 0.0000000000
58963  49.310  -32.556  30.616 0.0000000000
58964  49.528  -32.961  31.052 0.0000000000
58965  49.378  -33.560  31.181 0.0000000000
58966  49.771  -33.350  31.467 0.0000000000
58967  50.734  -33.838  32.455 0.0000000000
58968  50.373  -34.081  32.153 0.0000000000
58969  50.708  -34.449  32.424 0.0000000000
58970  50.752  -35.048  32.324 0.0000000000
58971  51.098  -34.813  32.643 0.0000000000
61990  59.386  -28.547  34.853 0.0000000000
61991  59.276  -28.534  34.323 0.0000000000
61992  58.884  -28.778  34.506 0.0000000000
61993  58.302  -29.016  34.165 0.0000000000
61994  58.405  -29.029  34.680 0.0000000000
62001  55.338  -33.850  35.371 0.0000000000
64777  47.057  -35.886  27.813 0.0000000000
64778  46.905  -36.138  27.201 0.0000000000
64779  47.387  -36.460  27.305 0.0000000000
64780  48.939  -37.580  26.160 0.0000000000
64781  48.335  -37.362  26.187 0.0000000000
64782  48.887  -37.650  25.564 0.0000000000
64783  48.916  -37.714  24.933 0.0000000000
64784  49.551  -37.848  24.915 0.0000000000
64785  51.440  -38.226  26.051 0.0000000000
64786  50.791  -38.095  26.122 0.0000000000
64787  51.429  -38.226  25.411 0.0000000000
64788  52.363  -38.142  23.362 0.0000000000
64789  51.577  -38.162  24.051 0.0000000000
64790  51.621  -38.089  23.409 0.0000000000
64791  50.921  -38.015  23.479 0.0000000000
64792  51.732  -37.954  22.754 0.0000000000
64793  51.850  -37.820  22.116 0.0000000000
64794  52.560  -37.828  22.061 0.0000000000
64795  54.771  -37.622  20.671 0.0000000000
64796  54.154  -37.575  20.742 0.0000000000
64797  54.965  -37.421  20.134 0.0000000000
64798  55.152  -37.220  19.597 0.0000000000
64799  55.862  -37.218  19.537 0.0000000000
64801  56.440  -37.187  19.608 0.0000000000
64802  57.413  -37.405  20.180 0.0000000000
64807  57.074  -38.121  22.507 0.0000000000
64808  57.087  -37.988  21.858 0.0000000000
64809  57.653  -37.949  21.952 0.0000000000
66152  51.983  -27.400  27.671 0.0000000000
66153  51.530  -27.340  27.430 0.0000000000
66154  51.631  -27.759  27.763 0.0000000000
66155  51.260  -28.133  27.850 0.0000000000
66156  51.722  -28.180  28.031 0.0000000000
66160  52.956  -28.999  29.138 0.0000000000
66161  52.805  -28.627  28.737 0.0000000000
66162  52.405  -28.974  28.880 0.0000000000
66163  51.917  -29.003  28.721 0.0000000000
66164  52.063  -29.415  29.104 0.0000000000
66165  51.726  -29.818  29.270 0.0000000000
66166  52.245  -29.773  29.497 0.0000000000
66167  53.114  -30.170  30.591 0.0000000000
66168  52.601  -30.279  30.259 0.0000000000
66169  52.752  -30.450  30.746 0.0000000000
66170  52.382  -30.746  30.969 0.0000000000
66171  52.894  -30.611  31.237 0.0000000000
74835  46.684  -36.611  26.043 0.0000000000
74836  46.145  -36.264  26.021 0.0000000000
74837  46.535  -36.836  25.426 0.0000000000
74838  46.970  -37.555  23.588 0.0000000000
74839  46.392  -37.257  24.213 0.0000000000
74840  46.380  -37.438  23.591 0.0000000000
74841  45.831  -37.281  23.631 0.0000000000
74842  46.400  -37.552  22.933 0.0000000000
74843  49.780  -37.595  21.109 0.0000000000
74844  49.018  -37.733  21.715 0.0000000000
74845  49.113  -37.655  21.080 0.0000000000
74846  47.876  -37.621  20.362 0.0000000000
74847  47.806  -37.730  20.991 0.0000000000
74848  47.184  -37.728  20.977 0.0000000000
74849  46.469  -37.666  21.619 0.0000000000
74850  46.517  -37.666  20.971 0.0000000000
74852  46.635  -37.583  20.348 0.0000000000
78951  45.883  -32.864  27.542 0.0000000000
78955  49.093  -28.878  27.575 0.0000000000
78959  48.267  -29.415  27.567 0.0000000000
78960  49.570  -30.713  29.020 0.0000000000
78961  49.458  -30.264  28.597 0.0000000000
78962  49.115  -30.784  28.833 0.0000000000
78963  47.919  -31.523  28.694 0.0000000000
78964  48.199  -30.951  28.389 0.0000000000
78965  47.763  -31.022  28.231 0.0000000000
78966  47.605  -30.509  27.837 0.0000000000
78967  47.325  -31.110  28.006 0.0000000000
78968  46.919  -31.249  27.832 0.0000000000
78969  47.096  -31.762  28.251 0.0000000000
78970  47.043  -33.452  28.940 0.0000000000
78971  46.819  -32.972  28.559 0.0000000000
78972  46.732  -33.588  28.589 0.0000000000
78973  46.423  -33.722  28.235 0.0000000000
78974  46.707  -34.196  28.537 0.0000000000
78975  46.778  -34.774  28.350 0.0000000000
78976  47.059  -34.620  28.754 0.0000000000
78977  48.061  -35.340  29.475 0.0000000000
78978  47.817  -35.482  29.098 0.0000000000
78979  48.239  -35.881  29.215 0.0000000000
78980  48.474  -36.355  28.896 0.0000000000
78981  48.698  -36.219  29.347 0.0000000000
78982  49.311  -34.653  31.127 0.0000000000
78983  48.987  -34.842  30.725 0.0000000000
78984  49.413  -35.223  30.958 0.0000000000
78985  50.304  -36.591  30.366 0.0000000000
78986  49.739  -36.274  30.308 0.0000000000
78987  50.021  -36.734  29.873 0.0000000000
78988  49.767  -36.862  29.427 0.0000000000
78989  50.367  -37.143  29.417 0.0000000000
78990  50.755  -37.503  28.939 0.0000000000
78991  50.972  -37.386  29.396 0.0000000000
78992  52.450  -37.639  29.800 0.0000000000
78993  52.202  -37.767  29.353 0.0000000000
78994  52.867  -37.924  29.271 0.0000000000
78995  53.324  -38.135  28.810 0.0000000000
78996  53.564  -38.038  29.236 0.0000000000
88053  56.469  -29.372  32.222 0.0000000000
88054  56.890  -29.106  31.984 0.0000000000
88055  56.225  -29.319  31.734 0.0000000000
88056  55.941  -29.217  31.293 0.0000000000
88057  55.548  -29.513  31.508 0.0000000000
88058  54.885  -29.670  31.319 0.0000000000
88059  55.141  -29.734  31.737 0.0000000000
88060  54.481  -30.211  32.580 0.0000000000
88061  54.298  -30.226  32.146 0.0000000000
88062  53.879  -30.457  32.328 0.0000000000
88063  53.292  -30.715  32.104 0.0000000000
88064  53.467  -30.798  32.574 0.0000000000
88068  57.529  -29.750  36.001 0.0000000000
88069  58.067  -29.455  35.828 0.0000000000
88070  57.426  -29.591  35.547 0.0000000000
88071  57.329  -29.493  35.066 0.0000000000
88072  56.799  -29.746  35.272 0.0000000000
88073  56.232  -31.803  36.378 0.0000000000
88074  56.391  -31.155  36.353 0.0000000000
88075  55.917  -31.548  36.058 0.0000000000
88076  54.930  -31.390  34.992 0.0000000000
88077  55.439  -31.043  35.288 0.0000000000
88078  55.234  -30.805  34.882 0.0000000000
88079  55.626  -30.267  34.747 0.0000000000
88080  55.040  -30.630  34.462 0.0000000000
88081  54.884  -30.473  34.035 0.0000000000
88082  54.489  -30.947  34.177 0.0000000000
88083  53.242  -32.366  33.959 0.0000000000
88084  53.506  -31.693  33.728 0.0000000000
88085  52.978  -32.064  33.592 0.0000000000
88086  52.742  -31.832  33.203 0.0000000000
88087  52.459  -32.433  33.455 0.0000000000
88088  52.013  -32.847  33.262 0.0000000000
88089  52.323  -33.072  33.596 0.0000000000
88090  52.614  -34.647  33.778 0.0000000000
88091  52.197  -34.401  33.552 0.0000000000
88092  52.292  -35.009  33.389 0.0000000000
88093  51.980  -35.332  32.984 0.0000000000
88094  52.456  -35.584  33.163 0.0000000000
88096  54.061  -35.373  34.133 0.0000000000
88100  53.621  -36.677  32.407 0.0000000000
88101  53.043  -36.500  32.376 0.0000000000
88102  53.380  -36.897  31.886 0.0000000000
88103  53.151  -37.120  31.362 0.0000000000
88104  53.770  -37.222  31.406 0.0000000000
88108  54.869  -38.094  29.292 0.0000000000
88313  57.511  -38.351  26.945 0.0000000000
92443  52.968  -38.279  27.806 0.0000000000
92444  52.886  -38.340  27.134 0.0000000000
92445  53.597  -38.421  27.059 0.0000000000
92446  54.271  -38.507  26.342 0.0000000000
92447  55.020  -38.509  25.637 0.0000000000
92448  55.732  -38.440  25.011 0.0000000000
92449  55.687  -38.495  25.700 0.0000000000
92450  56.377  -38.475  25.776 0.0000000000
92451  57.098  -38.393  25.864 0.0000000000
94454  45.200  -35.590  25.845 0.0000000000
94455  53.846  -37.196  19.710 0.0000000000
94456  53.104  -37.196  19.789 0.0000000000
95278  51.357  -31.130  30.535 0.0000000000
95279  50.839  -31.247  30.328 0.0000000000
95280  50.979  -31.510  30.927 0.0000000000
95281  50.660  -31.986  31.282 0.0000000000
95282  50.385  -32.528  31.562 0.0000000000
95283  50.176  -33.128  31.763 0.0000000000
95284  50.585  -32.883  32.032 0.0000000000
95285  50.837  -33.219  32.448 0.0000000000
95286  51.142  -33.594  32.755 0.0000000000
97100  59.453  -28.590  35.386 0.0000000000
98770  48.037  -36.597  27.969 0.0000000000
98771  47.911  -36.778  27.366 0.0000000000
98772  48.469  -37.086  27.390 0.0000000000
98773  49.000  -37.487  26.769 0.0000000000
98774  49.545  -37.767  26.148 0.0000000000
98775  52.837  -38.349  24.610 0.0000000000
98776  52.139  -38.287  24.679 0.0000000000
98777  52.940  -38.281  23.931 0.0000000000
98778  53.106  -38.192  23.240 0.0000000000
98779  53.185  -38.036  22.626 0.0000000000
98780  53.285  -37.869  21.969 0.0000000000
98781  53.924  -37.940  21.908 0.0000000000
98782  54.625  -37.851  21.209 0.0000000000
98783  55.451  -37.647  20.574 0.0000000000
98784  56.222  -37.423  20.096 0.0000000000
98785  56.043  -37.654  20.602 0.0000000000
98786  56.658  -37.623  20.639 0.0000000000
98787  57.253  -37.655  20.686 0.0000000000
98788  58.236  -38.006  22.712 0.0000000000
98789  58.202  -37.919  22.089 0.0000000000
99597  52.459  -27.470  27.862 0.0000000000
99600  53.859  -28.598  29.169 0.0000000000
99601  53.481  -28.984  29.362 0.0000000000
99602  53.127  -29.347  29.563 0.0000000000
99603  52.762  -29.721  29.721 0.0000000000
99604  53.308  -29.652  29.990 0.0000000000
99605  53.503  -29.880  30.440 0.0000000000
99606  53.631  -30.100  30.893 0.0000000000
104805  47.627  -37.415  24.887 0.0000000000
104806  47.032  -37.241  24.853 0.0000000000
104807  47.612  -37.540  24.242 0.0000000000
104808  47.612  -37.656  23.612 0.0000000000
104809  47.614  -37.716  22.954 0.0000000000
104810  50.016  -37.391  19.790 0.0000000000
104811  49.205  -37.573  20.398 0.0000000000
104812  49.312  -37.442  19.736 0.0000000000
104813  48.633  -37.474  19.722 0.0000000000
104814  47.999  -37.491  19.730 0.0000000000
104815  47.375  -37.502  19.734 0.0000000000
104816  48.151  -37.360  19.101 0.0000000000
107275  50.312  -28.090  27.422 0.0000000000
107276  49.833  -28.046  27.224 0.0000000000
107277  49.937  -28.466  27.603 0.0000000000
107278  49.567  -28.881  27.776 0.0000000000
107279  49.211  -29.328  27.944 0.0000000000
107280  48.935  -31.787  29.709 0.0000000000
107281  48.792  -31.325  29.135 0.0000000000
107282  48.497  -31.860  29.429 0.0000000000
107283  48.069  -31.991  29.193 0.0000000000
107284  47.665  -32.132  28.982 0.0000000000
107285  47.289  -32.263  28.710 0.0000000000
107286  47.491  -32.719  29.169 0.0000000000
107287  47.380  -33.299  29.256 0.0000000000
107288  47.305  -33.911  29.279 0.0000000000
107289  47.346  -34.481  29.130 0.0000000000
107290  47.632  -34.343  29.501 0.0000000000
107291  47.951  -34.756  29.690 0.0000000000
107292  48.319  -35.163  29.880 0.0000000000
107293  50.102  -35.399  31.519 0.0000000000
107294  49.817  -35.601  31.071 0.0000000000
107295  50.289  -35.951  31.193 0.0000000000
107296  50.550  -36.444  30.827 0.0000000000
107297  50.890  -36.880  30.395 0.0000000000
107298  51.203  -37.258  29.875 0.0000000000
107299  51.469  -37.132  30.370 0.0000000000
107300  52.057  -37.317  30.314 0.0000000000
107301  52.721  -37.518  30.268 0.0000000000
112734  58.003  -29.010  33.149 0.0000000000
112735  57.776  -29.009  32.667 0.0000000000
112736  57.348  -29.233  32.855 0.0000000000
112737  56.680  -29.404  32.648 0.0000000000
112738  56.030  -29.608  32.439 0.0000000000
112739  55.363  -29.784  32.197 0.0000000000
112740  55.574  -29.787  32.666 0.0000000000
112741  55.115  -29.986  32.878 0.0000000000
112742  54.639  -30.236  33.037 0.0000000000
112746  57.713  -29.858  36.473 0.0000000000
112747  57.027  -30.071  36.189 0.0000000000
112748  55.360  -32.564  35.603 0.0000000000
112749  55.460  -31.929  35.689 0.0000000000
112750  55.012  -32.282  35.349 0.0000000000
112751  54.729  -31.970  35.061 0.0000000000
112752  54.482  -31.732  34.684 0.0000000000
112753  54.250  -31.492  34.301 0.0000000000
112754  54.025  -32.111  34.460 0.0000000000
112755  53.525  -32.556  34.272 0.0000000000
112756  53.057  -32.969  34.092 0.0000000000
112757  52.636  -33.365  33.882 0.0000000000
112758  52.979  -33.600  34.128 0.0000000000
112759  52.954  -34.205  34.120 0.0000000000
112760  53.077  -34.890  33.940 0.0000000000
115861  50.330  -37.728  27.939 0.0000000000
115862  50.284  -37.835  27.372 0.0000000000
115863  50.914  -38.006  27.330 0.0000000000
115864  51.511  -38.213  26.663 0.0000000000
115865  52.129  -38.333  25.961 0.0000000000
115866  52.858  -38.388  26.498 0.0000000000
115867  52.842  -38.410  25.849 0.0000000000
115868  52.802  -38.382  25.275 0.0000000000
115869  53.578  -38.390  24.499 0.0000000000
115870  54.439  -38.334  23.697 0.0000000000
115871  55.319  -38.242  22.945 0.0000000000
115872  55.899  -38.143  22.356 0.0000000000
115873  55.904  -38.262  22.994 0.0000000000
115874  56.466  -38.252  23.082 0.0000000000
115875  57.066  -38.196  23.177 0.0000000000
115876  56.416  -38.342  24.422 0.0000000000
115877  57.097  -38.236  23.854 0.0000000000
115878  57.715  -38.099  23.273 0.0000000000
115879  58.283  -38.084  23.358 0.0000000000
120555  50.417  -37.823  22.281 0.0000000000
120556  49.683  -37.795  22.381 0.0000000000
120557  50.501  -37.706  21.658 0.0000000000
120558  50.573  -37.585  21.086 0.0000000000
120559  50.654  -37.437  20.475 0.0000000000
120560  52.314  -37.224  19.850 0.0000000000
120561  51.543  -37.235  19.859 0.0000000000
120562  50.742  -37.320  19.856 0.0000000000
120563  50.864  -37.200  19.188 0.0000000000
122476  50.758  -29.782  28.874 0.0000000000
122477  50.270  -29.763  28.672 0.0000000000
122478  50.404  -30.153  29.013 0.0000000000
122479  50.028  -30.643  29.218 0.0000000000
122480  49.674  -31.152  29.548 0.0000000000
122481  50.340  -31.390  30.196 0.0000000000
122482  49.851  -31.503  30.062 0.0000000000
122483  49.382  -31.642  29.901 0.0000000000
122484  49.115  -32.153  30.169 0.0000000000
122485  48.882  -32.717  30.392 0.0000000000
122486  48.707  -33.281  30.502 0.0000000000
122487  48.588  -33.866  30.542 0.0000000000
122488  48.986  -33.699  30.849 0.0000000000
122489  49.301  -34.100  31.184 0.0000000000
122490  49.633  -34.485  31.500 0.0000000000
122491  50.035  -33.726  31.843 0.0000000000
122492  49.985  -34.307  31.852 0.0000000000
122493  50.019  -34.855  31.739 0.0000000000
122494  50.446  -35.211  31.927 0.0000000000
122495  50.915  -35.577  32.065 0.0000000000
122496  51.422  -35.927  32.134 0.0000000000
126724  59.126  -28.532  33.799 0.0000000000
126725  58.566  -28.777  33.473 0.0000000000
126726  58.191  -28.969  33.667 0.0000000000
126727  57.737  -29.210  33.861 0.0000000000
126728  57.217  -29.425  34.075 0.0000000000
126732  56.556  -32.054  36.683 0.0000000000
126733  56.163  -32.416  36.265 0.0000000000
126735  56.158  -33.004  36.057 0.0000000000
126736  55.747  -32.808  35.843 0.0000000000
126737  55.287  -33.193  35.459 0.0000000000
126738  54.883  -33.593  35.225 0.0000000000
126739  54.479  -33.988  34.989 0.0000000000
126740  54.127  -34.386  34.702 0.0000000000
126741  54.607  -34.644  34.859 0.0000000000
130435  46.211  -35.087  27.502 0.0000000000
130436  46.020  -35.361  26.991 0.0000000000
130437  46.460  -35.790  27.104 0.0000000000
130438  46.799  -36.378  26.617 0.0000000000
130439  47.199  -36.871  26.104 0.0000000000
130440  47.807  -36.948  26.801 0.0000000000
130441  47.750  -37.121  26.183 0.0000000000
130442  47.692  -37.269  25.536 0.0000000000
130443  48.270  -37.578  24.923 0.0000000000
130444  48.918  -37.779  24.309 0.0000000000
130445  49.588  -37.878  23.625 0.0000000000
130446  50.227  -37.905  26.781 0.0000000000
130447  50.175  -37.947  26.180 0.0000000000
130448  50.181  -38.000  25.488 0.0000000000
130449  51.489  -38.214  24.721 0.0000000000
130450  50.879  -38.124  24.754 0.0000000000
130451  50.197  -37.990  24.860 0.0000000000
130452  50.222  -37.971  24.217 0.0000000000
130453  50.254  -37.944  23.550 0.0000000000
130454  50.333  -37.897  22.898 0.0000000000
130455  51.139  -37.825  22.182 0.0000000000
130456  51.983  -37.678  21.512 0.0000000000
130457  52.817  -37.532  20.904 0.0000000000
130458  53.378  -37.700  21.367 0.0000000000
130459  53.523  -37.531  20.800 0.0000000000
130460  53.693  -37.369  20.248 0.0000000000
130461  54.518  -37.213  19.645 0.0000000000
130474  56.495  -38.025  21.792 0.0000000000
130475  57.123  -37.857  21.252 0.0000000000
130476  57.800  -37.634  20.749 0.0000000000
130477  58.255  -37.766  21.413 0.0000000000
132179  51.078  -27.291  27.170 0.0000000000
132180  50.689  -27.706  27.283 0.0000000000
132181  50.787  -28.114  27.633 0.0000000000
132182  50.881  -28.516  28.026 0.0000000000
132183  50.943  -28.988  28.358 0.0000000000
132186  52.556  -27.900  28.115 0.0000000000
132187  53.190  -28.290  28.594 0.0000000000
132188  52.692  -28.255  28.403 0.0000000000
132189  52.198  -28.211  28.238 0.0000000000
132190  51.817  -28.570  28.368 0.0000000000
132191  51.420  -28.986  28.543 0.0000000000
132192  51.080  -29.411  28.711 0.0000000000
132193  51.237  -29.796  29.058 0.0000000000
132194  51.376  -30.147  29.390 0.0000000000
132195  51.524  -30.452  29.735 0.0000000000
132196  52.406  -30.074  29.861 0.0000000000
132197  52.066  -30.390  30.006 0.0000000000
132198  51.719  -30.755  30.212 0.0000000000
132199  51.864  -30.965  30.739 0.0000000000
132200  51.980  -31.157  31.293 0.0000000000
132201  52.076  -31.374  31.848 0.0000000000
142986  45.824  -35.634  26.490 0.0000000000
142987  45.650  -35.922  25.954 0.0000000000
142988  45.542  -36.282  25.324 0.0000000000
142989  46.459  -37.031  24.837 0.0000000000
142990  45.932  -36.808  24.811 0.0000000000
142991  45.433  -36.556  24.784 0.0000000000
142992  45.357  -36.805  24.231 0.0000000000
142993  45.313  -37.057  23.644 0.0000000000
142995  48.953  -37.772  22.387 0.0000000000
142996  48.299  -37.779  22.334 0.0000000000
142997  47.671  -37.771  22.303 0.0000000000
142998  48.464  -37.706  21.027 0.0000000000
142999  47.747  -37.777  21.651 0.0000000000
143000  47.052  -37.723  22.282 0.0000000000
143001  46.433  -37.629  22.270 0.0000000000
143002  45.824  -37.510  22.326 0.0000000000
147971  45.510  -33.661  27.171 0.0000000000
147972  45.812  -34.068  27.442 0.0000000000
147982  49.800  -29.797  28.442 0.0000000000
147983  49.332  -29.801  28.256 0.0000000000
147984  48.860  -29.807  28.083 0.0000000000
147985  48.654  -30.845  28.635 0.0000000000
147986  48.519  -30.361  28.236 0.0000000000
147987  48.387  -29.873  27.903 0.0000000000
147988  47.911  -29.956  27.684 0.0000000000
147993  46.333  -32.019  27.765 0.0000000000
147994  46.935  -32.380  28.429 0.0000000000
147995  46.581  -32.481  28.163 0.0000000000
147996  46.224  -32.676  27.840 0.0000000000
147997  46.147  -33.291  27.886 0.0000000000
147998  46.112  -33.898  27.846 0.0000000000
147999  46.143  -34.498  27.703 0.0000000000
148000  46.489  -34.933  27.920 0.0000000000
148001  46.890  -35.335  28.129 0.0000000000
148002  47.320  -35.749  28.244 0.0000000000
148003  47.428  -35.052  28.955 0.0000000000
148004  47.551  -35.631  28.675 0.0000000000
148005  47.774  -36.140  28.333 0.0000000000
148006  48.256  -36.488  28.429 0.0000000000
148007  48.757  -36.778  28.533 0.0000000000
148008  49.314  -37.098  28.541 0.0000000000
148009  48.593  -34.449  30.476 0.0000000000
148010  48.654  -35.012  30.304 0.0000000000
148011  48.763  -35.563  30.078 0.0000000000
148012  49.550  -35.761  30.659 0.0000000000
148013  49.233  -35.930  30.256 0.0000000000
148014  48.966  -36.071  29.775 0.0000000000
148015  49.202  -36.543  29.419 0.0000000000
148016  49.518  -36.989  28.992 0.0000000000
148017  49.910  -37.367  28.501 0.0000000000
148018  50.534  -37.595  28.468 0.0000000000
148019  51.164  -37.789  28.436 0.0000000000
148020  51.798  -37.973  28.365 0.0000000000
148021  51.556  -37.594  29.366 0.0000000000
148022  52.002  -37.887  28.852 0.0000000000
148023  52.471  -38.117  28.330 0.0000000000
148024  53.136  -38.215  28.314 0.0000000000
148025  53.824  -38.290  28.239 0.0000000000
148026  54.547  -38.342  28.120 0.0000000000
158913  57.535  -28.948  32.221 0.0000000000
158917  55.654  -29.087  30.860 0.0000000000
158918  55.003  -29.262  30.664 0.0000000000
158919  54.625  -29.590  30.907 0.0000000000
158920  54.229  -29.927  31.124 0.0000000000
158921  53.857  -30.200  31.311 0.0000000000
158922  54.713  -29.993  31.956 0.0000000000
158923  54.082  -30.251  31.724 0.0000000000
158924  53.496  -30.410  31.475 0.0000000000
158925  53.099  -30.687  31.672 0.0000000000
158926  52.695  -31.037  31.929 0.0000000000
158927  52.261  -31.514  32.289 0.0000000000
158929  59.450  -28.652  35.939 0.0000000000
158930  59.011  -28.849  35.559 0.0000000000
158931  58.658  -29.252  36.261 0.0000000000
158932  58.558  -29.113  35.718 0.0000000000
158933  58.491  -29.057  35.199 0.0000000000
158934  57.895  -29.272  34.875 0.0000000000
158935  57.262  -29.444  34.565 0.0000000000
158936  56.633  -29.652  34.278 0.0000000000
158937  56.942  -30.809  36.684 0.0000000000
158938  56.691  -30.569  36.271 0.0000000000
158939  56.474  -30.356  35.847 0.0000000000
158940  55.628  -31.296  35.702 0.0000000000
158941  55.951  -30.686  35.568 0.0000000000
158942  56.333  -30.109  35.441 0.0000000000
158943  56.234  -29.951  34.973 0.0000000000
158944  56.105  -29.898  34.498 0.0000000000
158945  55.988  -29.884  34.015 0.0000000000
158946  55.372  -30.097  33.831 0.0000000000
158947  54.771  -30.310  33.514 0.0000000000
158948  54.206  -30.596  33.248 0.0000000000
158949  54.017  -31.241  33.896 0.0000000000
158950  53.832  -31.077  33.471 0.0000000000
158951  53.642  -30.929  33.032 0.0000000000
158952  53.074  -31.277  32.913 0.0000000000
158953  52.503  -31.646  32.770 0.0000000000
158954  51.943  -32.045  32.632 0.0000000000
158955  51.714  -32.641  32.893 0.0000000000
158956  51.570  -33.236  33.011 0.0000000000
158957  51.479  -33.834  33.041 0.0000000000
158958  52.241  -33.737  33.625 0.0000000000
158959  51.826  -34.097  33.314 0.0000000000
158960  51.455  -34.453  33.003 0.0000000000
158961  51.527  -35.061  32.844 0.0000000000
158962  51.682  -35.633  32.570 0.0000000000
158963  51.903  -36.132  32.203 0.0000000000
158964  53.848  -34.788  34.399 0.0000000000
158965  53.565  -35.137  34.058 0.0000000000
158966  53.296  -35.493  33.683 0.0000000000
158968  53.540  -36.013  33.319 0.0000000000
158969  52.979  -35.817  33.271 0.0000000000
158970  52.729  -36.060  32.821 0.0000000000
158971  52.469  -36.326  32.311 0.0000000000
158972  52.193  -36.595  31.791 0.0000000000
158973  52.565  -36.992  31.323 0.0000000000
158974  52.931  -37.334  30.817 0.0000000000
158975  53.331  -37.623  30.301 0.0000000000
158976  54.208  -37.521  30.909 0.0000000000
158977  53.947  -37.703  30.339 0.0000000000
158978  53.760  -37.874  29.801 0.0000000000
158979  54.213  -38.079  29.302 0.0000000000
158980  54.682  -38.239  28.714 0.0000000000
158981  55.194  -38.347  28.135 0.0000000000
159223  56.092  -38.341  28.118 0.0000000000
159224  55.903  -38.403  27.529 0.0000000000
159225  56.613  -38.420  26.964 0.0000000000
159226  57.295  -38.389  26.405 0.0000000000
159227  57.911  -38.286  25.843 0.0000000000
