#!ascii label  , from subject fsaverage vox2ras=TkReg
456
260  40.896  30.136  2.521 0.0000000000
739  47.387  30.278  -0.546 0.0000000000
740  44.302  27.447  4.030 0.0000000000
1136  43.476  31.310  -6.276 0.0000000000
1619  44.891  32.298  -3.268 0.0000000000
1620  38.223  31.828  0.509 0.0000000000
1622  35.560  29.092  5.922 0.0000000000
3057  43.040  30.735  -7.430 0.0000000000
3656  44.054  30.222  0.882 0.0000000000
3657  46.006  31.486  -1.665 0.0000000000
3658  42.821  31.551  -0.335 0.0000000000
3659  41.656  32.163  -1.752 0.0000000000
3660  39.559  31.407  1.596 0.0000000000
3661  36.654  30.848  3.407 0.0000000000
3662  38.224  29.801  4.130 0.0000000000
5936  51.914  30.285  -0.313 0.0000000000
5937  50.793  30.808  -1.701 0.0000000000
5938  49.062  29.080  0.431 0.0000000000
5939  45.452  28.822  1.876 0.0000000000
5940  42.332  28.492  3.228 0.0000000000
5941  39.811  28.319  4.678 0.0000000000
5942  41.669  27.032  5.354 0.0000000000
6652  47.082  31.864  -8.227 0.0000000000
6654  46.655  31.379  -9.967 0.0000000000
7615  49.353  31.657  -2.870 0.0000000000
7616  48.072  32.072  -4.354 0.0000000000
7617  47.345  32.306  -6.120 0.0000000000
7618  44.163  32.276  -5.158 0.0000000000
7619  40.705  31.808  -2.964 0.0000000000
7625  37.295  27.866  6.445 0.0000000000
11336  42.483  30.226  1.615 0.0000000000
11337  43.433  31.013  0.306 0.0000000000
11338  41.832  30.946  1.176 0.0000000000
11339  41.186  31.521  0.586 0.0000000000
11340  40.232  30.812  2.143 0.0000000000
11341  38.871  30.656  2.900 0.0000000000
11342  39.591  30.025  3.310 0.0000000000
13734  50.848  29.455  -0.158 0.0000000000
13735  50.237  28.734  0.780 0.0000000000
13736  46.022  27.808  3.355 0.0000000000
13737  46.575  28.406  2.366 0.0000000000
13738  44.891  28.028  2.978 0.0000000000
13739  43.881  28.606  2.528 0.0000000000
13740  43.208  27.772  3.631 0.0000000000
13741  41.891  27.624  4.264 0.0000000000
13742  42.962  27.180  4.659 0.0000000000
14926  45.360  31.626  -7.404 0.0000000000
14927  46.950  31.612  -9.214 0.0000000000
14928  45.191  31.200  -8.188 0.0000000000
16726  49.236  30.292  -1.162 0.0000000000
16727  50.084  31.281  -2.251 0.0000000000
16728  48.431  30.986  -1.639 0.0000000000
16729  45.386  31.929  -2.411 0.0000000000
16730  47.060  31.806  -3.028 0.0000000000
16731  46.518  32.183  -3.830 0.0000000000
16732  47.622  32.197  -5.112 0.0000000000
16733  46.086  32.325  -4.693 0.0000000000
16734  45.797  32.338  -5.721 0.0000000000
16735  44.467  32.384  -4.247 0.0000000000
16736  39.960  32.013  -0.647 0.0000000000
16737  41.169  32.097  -2.435 0.0000000000
16738  39.367  31.907  -1.182 0.0000000000
16739  38.882  31.632  -1.726 0.0000000000
16740  37.605  31.720  -0.033 0.0000000000
16742  36.674  31.560  1.481 0.0000000000
16743  36.051  30.009  4.708 0.0000000000
16744  35.234  30.371  4.346 0.0000000000
16745  34.695  29.477  5.623 0.0000000000
16748  39.433  27.390  5.884 0.0000000000
16749  38.530  28.162  5.538 0.0000000000
16750  38.270  27.197  6.741 0.0000000000
23932  41.592  31.073  -5.006 0.0000000000
23933  43.209  30.895  -6.864 0.0000000000
23934  41.336  30.652  -5.589 0.0000000000
25012  45.649  30.233  0.248 0.0000000000
25013  46.746  30.961  -1.008 0.0000000000
25014  45.017  30.930  -0.402 0.0000000000
25015  44.409  31.519  -1.050 0.0000000000
25016  43.848  31.964  -1.827 0.0000000000
25017  43.343  32.280  -2.645 0.0000000000
25018  42.202  31.941  -1.059 0.0000000000
25019  40.526  31.876  -0.036 0.0000000000
25020  38.890  31.711  1.018 0.0000000000
25021  37.370  31.482  2.072 0.0000000000
25022  38.122  31.150  2.467 0.0000000000
25023  37.439  30.391  3.809 0.0000000000
25024  36.849  29.499  5.021 0.0000000000
29210  52.106  31.403  -0.896 0.0000000000
29211  51.637  31.718  -1.726 0.0000000000
29212  51.348  30.392  -1.070 0.0000000000
29213  49.913  29.766  -0.769 0.0000000000
29214  48.076  29.605  -0.105 0.0000000000
29215  48.454  28.649  1.573 0.0000000000
29216  47.258  28.983  1.152 0.0000000000
29217  46.318  29.597  0.703 0.0000000000
29218  44.678  29.462  1.421 0.0000000000
29219  43.106  29.359  2.105 0.0000000000
29220  41.591  29.339  2.829 0.0000000000
29221  40.319  29.262  3.583 0.0000000000
29222  41.058  28.434  3.909 0.0000000000
29223  40.613  27.540  5.046 0.0000000000
30885  44.947  31.009  -8.808 0.0000000000
33283  51.230  31.994  -2.523 0.0000000000
33286  47.724  31.487  -2.244 0.0000000000
33287  48.698  31.857  -3.529 0.0000000000
33292  47.205  32.202  -7.214 0.0000000000
33293  45.556  32.028  -6.658 0.0000000000
33294  43.848  31.851  -5.844 0.0000000000
33295  42.923  32.305  -3.549 0.0000000000
33296  42.484  32.068  -4.199 0.0000000000
33297  42.041  31.605  -4.658 0.0000000000
33298  40.225  31.371  -3.322 0.0000000000
33305  35.934  31.107  2.959 0.0000000000
33311  39.000  29.071  4.423 0.0000000000
33312  37.674  28.833  5.302 0.0000000000
33313  36.354  28.493  6.249 0.0000000000
42056  41.687  30.172  2.078 0.0000000000
42057  42.128  30.593  1.426 0.0000000000
42058  41.343  30.549  1.868 0.0000000000
42059  41.047  30.908  1.629 0.0000000000
42060  40.525  30.497  2.344 0.0000000000
42061  39.882  30.425  2.753 0.0000000000
42062  40.237  30.116  2.903 0.0000000000
44456  45.182  27.618  3.637 0.0000000000
44457  45.426  27.859  3.183 0.0000000000
44458  44.611  27.705  3.520 0.0000000000
44459  44.085  27.887  3.294 0.0000000000
44460  43.731  27.550  3.881 0.0000000000
44461  43.058  27.443  4.160 0.0000000000
44462  43.617  27.325  4.334 0.0000000000
45646  44.447  31.477  -6.888 0.0000000000
45647  45.264  31.399  -7.781 0.0000000000
45648  44.359  31.212  -7.201 0.0000000000
47446  48.315  30.204  -0.853 0.0000000000
47447  48.844  30.640  -1.403 0.0000000000
47448  47.999  30.600  -1.090 0.0000000000
47449  45.115  32.120  -2.823 0.0000000000
47450  45.952  32.116  -3.145 0.0000000000
47451  45.670  32.215  -3.519 0.0000000000
47452  46.266  32.253  -4.222 0.0000000000
47453  45.475  32.341  -3.967 0.0000000000
47454  45.302  32.402  -4.464 0.0000000000
47455  44.719  32.402  -3.743 0.0000000000
47456  39.125  31.941  -0.082 0.0000000000
47457  39.652  31.990  -0.926 0.0000000000
47458  38.795  31.906  -0.342 0.0000000000
47459  38.522  31.844  -0.659 0.0000000000
47460  37.922  31.817  0.222 0.0000000000
47461  37.127  31.673  0.724 0.0000000000
47462  37.450  31.706  0.973 0.0000000000
47463  35.819  29.562  5.324 0.0000000000
47464  35.373  29.782  5.157 0.0000000000
47465  35.168  29.345  5.775 0.0000000000
47468  39.376  26.985  6.438 0.0000000000
47469  38.847  27.302  6.317 0.0000000000
55246  40.693  30.974  -4.372 0.0000000000
55247  41.434  30.834  -5.288 0.0000000000
55248  40.521  30.745  -4.585 0.0000000000
57046  44.855  30.243  0.572 0.0000000000
57047  45.384  30.588  -0.062 0.0000000000
57048  44.534  30.616  0.254 0.0000000000
57049  43.135  31.291  0.021 0.0000000000
57050  43.942  31.288  -0.373 0.0000000000
57051  43.622  31.555  -0.712 0.0000000000
57052  44.118  31.765  -1.422 0.0000000000
57053  43.324  31.768  -1.090 0.0000000000
57054  43.017  31.947  -1.472 0.0000000000
57055  42.521  31.758  -0.712 0.0000000000
57056  40.386  31.468  1.073 0.0000000000
57057  40.850  31.723  0.264 0.0000000000
57058  40.025  31.671  0.785 0.0000000000
57059  39.687  31.814  0.505 0.0000000000
57060  39.193  31.559  1.359 0.0000000000
57061  38.516  31.487  1.768 0.0000000000
57062  38.834  31.267  2.045 0.0000000000
57063  38.551  30.215  3.518 0.0000000000
57064  38.154  30.517  3.354 0.0000000000
57065  37.832  30.102  3.967 0.0000000000
57066  37.134  29.966  4.405 0.0000000000
57067  37.531  29.663  4.565 0.0000000000
64238  52.011  30.835  -0.611 0.0000000000
64239  51.757  30.891  -1.039 0.0000000000
64240  51.632  30.329  -0.691 0.0000000000
64241  50.017  29.208  0.081 0.0000000000
64242  50.364  29.569  -0.488 0.0000000000
64243  49.454  29.386  -0.187 0.0000000000
64244  49.037  29.672  -0.468 0.0000000000
64245  48.485  29.297  0.133 0.0000000000
64247  49.099  28.513  1.691 0.0000000000
64248  48.133  28.408  2.121 0.0000000000
64249  45.978  28.569  2.145 0.0000000000
64250  46.904  28.686  1.814 0.0000000000
64251  46.330  28.936  1.555 0.0000000000
64252  46.740  29.301  0.915 0.0000000000
64253  45.864  29.224  1.301 0.0000000000
64254  45.445  29.527  1.100 0.0000000000
64255  45.050  29.139  1.630 0.0000000000
64256  43.115  28.549  2.864 0.0000000000
64257  43.510  28.988  2.325 0.0000000000
64258  42.732  28.965  2.662 0.0000000000
64259  42.352  29.366  2.442 0.0000000000
64260  41.960  28.917  3.036 0.0000000000
64261  41.319  28.898  3.365 0.0000000000
64262  41.693  28.466  3.556 0.0000000000
64263  41.765  27.276  4.823 0.0000000000
64264  41.223  27.588  4.640 0.0000000000
64265  41.126  27.252  5.193 0.0000000000
64266  40.544  27.198  5.592 0.0000000000
64267  41.072  26.967  5.722 0.0000000000
67816  47.829  32.016  -8.499 0.0000000000
67818  47.779  31.918  -9.064 0.0000000000
67819  46.837  31.500  -9.631 0.0000000000
67820  47.587  31.778  -10.038 0.0000000000
67821  47.428  31.646  -10.431 0.0000000000
67824  43.113  30.797  -7.171 0.0000000000
67825  44.062  30.940  -7.809 0.0000000000
67826  43.976  30.862  -8.097 0.0000000000
73216  51.337  31.193  -1.783 0.0000000000
73217  51.447  31.853  -2.143 0.0000000000
73218  51.065  31.393  -2.116 0.0000000000
73219  49.732  31.513  -2.588 0.0000000000
73220  50.405  31.775  -2.775 0.0000000000
73221  50.064  31.877  -3.089 0.0000000000
73223  49.742  31.987  -3.463 0.0000000000
73224  46.355  31.228  -1.338 0.0000000000
73225  47.227  31.234  -1.616 0.0000000000
73226  46.866  31.464  -1.983 0.0000000000
73227  47.573  31.950  -3.739 0.0000000000
73228  47.896  31.794  -3.331 0.0000000000
73229  48.377  31.960  -3.949 0.0000000000
73234  47.439  32.299  -5.592 0.0000000000
73236  48.119  32.253  -6.291 0.0000000000
73238  48.020  32.229  -6.809 0.0000000000
73239  47.951  32.210  -7.382 0.0000000000
73240  47.287  32.257  -6.654 0.0000000000
73241  44.987  32.333  -5.468 0.0000000000
73242  45.657  32.224  -6.201 0.0000000000
73243  44.855  32.181  -5.920 0.0000000000
73244  44.763  31.973  -6.361 0.0000000000
73245  44.036  32.103  -5.576 0.0000000000
73246  42.506  32.242  -2.250 0.0000000000
73247  43.129  32.323  -3.111 0.0000000000
73248  42.264  32.272  -2.654 0.0000000000
73249  40.926  31.972  -2.709 0.0000000000
73250  41.797  32.091  -3.341 0.0000000000
73251  41.589  31.928  -3.601 0.0000000000
73252  42.273  31.871  -4.460 0.0000000000
73253  41.368  31.726  -3.825 0.0000000000
73254  41.117  31.462  -3.943 0.0000000000
73255  40.451  31.613  -3.155 0.0000000000
73268  37.005  31.196  2.724 0.0000000000
73269  36.662  31.303  2.490 0.0000000000
73270  36.291  31.011  3.179 0.0000000000
73271  34.554  30.092  4.779 0.0000000000
73272  34.844  30.505  4.126 0.0000000000
73283  40.035  28.798  4.119 0.0000000000
73284  39.659  29.191  3.997 0.0000000000
73285  39.363  28.709  4.547 0.0000000000
73286  37.912  28.035  5.970 0.0000000000
73287  38.087  28.494  5.404 0.0000000000
73288  37.429  28.343  5.895 0.0000000000
73289  37.002  28.669  5.790 0.0000000000
73290  36.817  28.157  6.383 0.0000000000
94132  43.252  30.207  1.247 0.0000000000
94133  43.736  30.622  0.589 0.0000000000
94134  42.936  30.638  0.973 0.0000000000
94135  42.633  30.967  0.745 0.0000000000
94136  42.334  31.292  0.454 0.0000000000
94137  42.014  31.543  0.099 0.0000000000
94138  41.535  31.263  0.882 0.0000000000
94139  40.772  31.208  1.375 0.0000000000
94140  39.914  31.139  1.859 0.0000000000
94141  39.197  31.062  2.258 0.0000000000
94142  39.534  30.755  2.535 0.0000000000
94143  39.230  30.336  3.133 0.0000000000
94144  38.927  29.904  3.715 0.0000000000
98448  51.458  29.803  -0.274 0.0000000000
98449  51.353  29.366  0.146 0.0000000000
98450  50.582  29.072  0.312 0.0000000000
98451  49.652  28.937  0.645 0.0000000000
98452  46.905  27.988  3.063 0.0000000000
98453  47.184  28.276  2.534 0.0000000000
98454  46.288  28.094  2.884 0.0000000000
98455  45.686  28.211  2.677 0.0000000000
98456  45.081  28.424  2.433 0.0000000000
98457  44.647  28.715  2.186 0.0000000000
98458  44.325  28.287  2.742 0.0000000000
98459  43.541  28.175  3.050 0.0000000000
98460  42.732  28.083  3.406 0.0000000000
98461  42.084  28.041  3.729 0.0000000000
98462  42.520  27.652  3.934 0.0000000000
98463  42.413  27.349  4.476 0.0000000000
98464  42.301  27.088  4.996 0.0000000000
100594  46.260  31.747  -7.935 0.0000000000
100595  47.029  31.738  -8.787 0.0000000000
100596  46.136  31.552  -8.301 0.0000000000
100597  46.068  31.393  -8.726 0.0000000000
100598  45.972  31.280  -9.122 0.0000000000
103834  50.049  30.476  -1.472 0.0000000000
103835  50.468  31.021  -1.965 0.0000000000
103836  49.710  30.769  -1.715 0.0000000000
103837  49.273  31.147  -1.983 0.0000000000
103838  48.895  31.324  -2.243 0.0000000000
103839  45.655  31.703  -2.008 0.0000000000
103840  46.522  31.657  -2.336 0.0000000000
103841  46.239  31.874  -2.719 0.0000000000
103842  46.761  32.001  -3.430 0.0000000000
103843  47.276  32.088  -4.107 0.0000000000
103844  47.830  32.133  -4.743 0.0000000000
103845  47.032  32.185  -4.458 0.0000000000
103846  46.867  32.275  -4.927 0.0000000000
103847  46.696  32.334  -5.410 0.0000000000
103848  46.589  32.358  -5.943 0.0000000000
103849  45.915  32.341  -5.187 0.0000000000
103850  45.123  32.358  -4.985 0.0000000000
103851  44.288  32.350  -4.725 0.0000000000
103852  40.767  32.090  -1.158 0.0000000000
103853  41.389  32.158  -2.089 0.0000000000
103854  40.521  32.080  -1.524 0.0000000000
103855  40.277  31.997  -1.817 0.0000000000
103856  40.024  31.882  -2.059 0.0000000000
103857  39.786  31.724  -2.313 0.0000000000
103858  39.138  31.803  -1.485 0.0000000000
103859  38.252  31.724  -0.926 0.0000000000
103865  36.330  30.458  4.076 0.0000000000
103866  35.936  30.630  3.880 0.0000000000
103867  35.637  30.217  4.530 0.0000000000
103868  34.956  29.967  4.991 0.0000000000
103874  39.614  27.830  5.279 0.0000000000
103875  39.172  28.243  5.108 0.0000000000
103876  38.992  27.771  5.715 0.0000000000
103877  38.387  27.693  6.161 0.0000000000
103878  37.789  27.557  6.551 0.0000000000
117280  42.524  31.208  -5.632 0.0000000000
117281  43.332  31.098  -6.551 0.0000000000
117282  42.360  30.956  -5.926 0.0000000000
117283  42.264  30.776  -6.242 0.0000000000
117284  42.178  30.666  -6.552 0.0000000000
119800  46.515  30.282  -0.152 0.0000000000
119801  47.085  30.633  -0.761 0.0000000000
119802  46.211  30.615  -0.389 0.0000000000
119803  45.876  30.916  -0.699 0.0000000000
119804  45.521  31.259  -1.026 0.0000000000
119805  44.210  30.965  -0.076 0.0000000000
119806  44.698  31.263  -0.724 0.0000000000
119807  45.205  31.529  -1.356 0.0000000000
119808  44.876  31.726  -1.717 0.0000000000
119809  44.615  31.940  -2.124 0.0000000000
119810  44.379  32.143  -2.550 0.0000000000
119811  44.161  32.315  -3.002 0.0000000000
119812  43.610  32.155  -2.238 0.0000000000
119813  42.753  32.115  -1.846 0.0000000000
119814  41.923  32.075  -1.402 0.0000000000
119815  41.684  31.758  -0.242 0.0000000000
119816  41.364  31.926  -0.557 0.0000000000
119817  41.077  32.033  -0.878 0.0000000000
119818  40.221  31.979  -0.337 0.0000000000
119819  39.419  31.891  0.194 0.0000000000
119820  38.551  31.798  0.762 0.0000000000
119821  37.788  31.695  1.277 0.0000000000
119822  38.163  31.612  1.497 0.0000000000
119823  37.780  31.356  2.223 0.0000000000
119824  37.393  31.024  2.944 0.0000000000
119825  38.470  30.927  2.674 0.0000000000
119826  37.761  30.787  3.146 0.0000000000
119827  37.045  30.660  3.611 0.0000000000
119828  36.750  30.227  4.252 0.0000000000
119829  36.482  29.770  4.871 0.0000000000
119830  36.220  29.305  5.481 0.0000000000
129752  51.948  32.167  -1.084 0.0000000000
129753  51.815  32.304  -1.548 0.0000000000
129754  51.819  31.560  -1.318 0.0000000000
129755  51.543  31.004  -1.434 0.0000000000
129756  51.084  30.542  -1.395 0.0000000000
129757  51.087  29.886  -0.623 0.0000000000
129758  50.734  29.986  -0.968 0.0000000000
129759  50.367  30.175  -1.268 0.0000000000
129760  49.558  30.032  -0.980 0.0000000000
129761  48.668  29.951  -0.675 0.0000000000
129762  47.704  29.877  -0.296 0.0000000000
129764  49.346  28.718  1.172 0.0000000000
129765  48.751  28.856  1.042 0.0000000000
129766  47.510  28.534  1.987 0.0000000000
129767  47.838  28.776  1.406 0.0000000000
129768  48.158  29.025  0.782 0.0000000000
129769  47.606  29.280  0.514 0.0000000000
129770  47.127  29.592  0.317 0.0000000000
129771  46.825  29.944  0.080 0.0000000000
129772  45.962  29.913  0.483 0.0000000000
129773  45.117  29.843  0.864 0.0000000000
129774  44.346  29.839  1.158 0.0000000000
129775  44.302  29.067  1.951 0.0000000000
129776  43.912  29.402  1.753 0.0000000000
129777  43.556  29.787  1.508 0.0000000000
129778  42.759  29.764  1.873 0.0000000000
129779  42.034  29.793  2.230 0.0000000000
129780  41.248  29.745  2.691 0.0000000000
129781  40.597  29.717  3.070 0.0000000000
129782  40.955  29.306  3.210 0.0000000000
129783  40.680  28.858  3.733 0.0000000000
129784  40.408  28.383  4.291 0.0000000000
129785  41.441  28.020  4.051 0.0000000000
129786  40.811  27.976  4.471 0.0000000000
129787  40.200  27.913  4.874 0.0000000000
129788  40.043  27.483  5.457 0.0000000000
129789  39.954  27.103  6.016 0.0000000000
134289  47.718  31.827  -9.574 0.0000000000
134295  44.184  31.055  -7.509 0.0000000000
134296  45.052  31.100  -8.518 0.0000000000
134297  45.875  31.188  -9.493 0.0000000000
134298  44.831  30.908  -9.097 0.0000000000
134299  45.704  31.066  -9.726 0.0000000000
134300  46.521  31.286  -10.275 0.0000000000
141010  50.747  31.598  -2.436 0.0000000000
141011  50.957  32.140  -2.903 0.0000000000
141016  47.615  30.952  -1.335 0.0000000000
141017  48.051  31.251  -1.907 0.0000000000
141018  48.568  31.532  -2.546 0.0000000000
141019  47.345  31.630  -2.651 0.0000000000
141020  48.230  31.700  -2.882 0.0000000000
141021  49.018  31.792  -3.184 0.0000000000
141022  49.408  32.010  -3.802 0.0000000000
141035  47.927  32.119  -7.994 0.0000000000
141036  47.130  32.027  -7.703 0.0000000000
141037  46.485  32.297  -6.463 0.0000000000
141038  46.381  32.110  -6.920 0.0000000000
141039  46.298  31.902  -7.377 0.0000000000
141040  45.500  31.832  -7.128 0.0000000000
141041  44.588  31.728  -6.647 0.0000000000
141042  43.661  31.582  -6.083 0.0000000000
141043  43.929  32.361  -3.472 0.0000000000
141044  43.712  32.349  -3.941 0.0000000000
141045  43.500  32.295  -4.373 0.0000000000
141046  42.033  32.205  -3.023 0.0000000000
141047  42.690  32.218  -3.909 0.0000000000
141048  43.371  32.182  -4.752 0.0000000000
141049  43.159  31.978  -5.029 0.0000000000
141050  42.941  31.725  -5.278 0.0000000000
141051  42.729  31.454  -5.461 0.0000000000
141052  41.773  31.314  -4.747 0.0000000000
141053  40.902  31.218  -4.143 0.0000000000
141054  40.036  31.135  -3.525 0.0000000000
141055  39.533  31.507  -2.525 0.0000000000
141056  39.308  31.262  -2.720 0.0000000000
141071  37.045  31.534  1.747 0.0000000000
141072  36.285  31.379  2.244 0.0000000000
141074  35.580  30.766  3.654 0.0000000000
141089  39.953  29.668  3.450 0.0000000000
141090  39.310  29.559  3.859 0.0000000000
141091  38.644  29.436  4.281 0.0000000000
141092  38.732  28.605  4.982 0.0000000000
141093  38.342  28.929  4.858 0.0000000000
141094  37.951  29.330  4.703 0.0000000000
141095  37.267  29.197  5.148 0.0000000000
141096  36.590  29.009  5.636 0.0000000000
141097  35.939  28.818  6.093 0.0000000000
