#!ascii label  , from subject fsaverage vox2ras=TkReg
402
12  11.028  14.638  62.225 0.0000000000
692  7.877  17.394  61.450 0.0000000000
694  10.849  19.808  58.796 0.0000000000
1802  13.824  11.088  59.938 0.0000000000
1803  15.136  15.670  58.978 0.0000000000
1822  13.497  5.128  62.364 0.0000000000
2612  9.444  16.269  62.505 0.0000000000
2613  9.273  18.954  60.889 0.0000000000
2614  11.061  17.229  60.838 0.0000000000
2623  10.613  11.836  63.117 0.0000000000
2625  8.854  13.750  63.530 0.0000000000
3962  15.580  9.303  59.630 0.0000000000
3963  16.130  12.007  59.863 0.0000000000
4005  15.444  6.120  60.738 0.0000000000
4006  13.569  8.053  60.703 0.0000000000
5854  7.598  20.059  59.821 0.0000000000
5855  9.071  21.621  58.835 0.0000000000
5856  10.540  22.614  56.926 0.0000000000
8042  12.381  12.865  61.219 0.0000000000
8043  13.014  15.161  60.411 0.0000000000
8044  14.469  13.527  60.040 0.0000000000
8097  12.023  7.023  62.927 0.0000000000
8098  12.041  10.028  61.727 0.0000000000
8641  12.982  17.662  58.637 0.0000000000
8642  12.555  20.229  56.619 0.0000000000
10292  10.229  15.513  62.488 0.0000000000
10293  10.252  16.789  61.787 0.0000000000
10294  11.108  15.951  61.614 0.0000000000
10303  10.847  13.191  62.644 0.0000000000
10304  9.731  12.844  63.544 0.0000000000
10305  9.996  14.237  63.056 0.0000000000
10306  9.258  14.995  63.002 0.0000000000
11642  16.524  8.445  59.978 0.0000000000
11643  16.724  9.863  59.872 0.0000000000
11685  16.525  6.761  60.550 0.0000000000
11686  15.527  7.722  60.110 0.0000000000
13594  7.760  18.772  60.674 0.0000000000
13595  10.080  19.451  59.919 0.0000000000
13596  9.133  20.228  59.881 0.0000000000
13597  9.916  20.758  58.887 0.0000000000
13598  9.852  22.123  57.885 0.0000000000
13599  10.663  21.154  57.770 0.0000000000
13633  7.987  16.089  61.854 0.0000000000
17642  13.034  11.986  60.531 0.0000000000
17643  13.362  13.159  60.473 0.0000000000
17644  14.114  12.360  60.014 0.0000000000
17772  12.728  6.126  62.651 0.0000000000
17773  13.684  9.627  60.246 0.0000000000
17774  12.792  8.977  61.098 0.0000000000
17775  12.933  10.527  60.705 0.0000000000
17776  12.174  11.482  61.372 0.0000000000
19060  14.030  15.370  59.533 0.0000000000
19061  13.079  16.319  59.641 0.0000000000
19062  14.086  16.596  58.729 0.0000000000
19064  13.782  19.152  56.742 0.0000000000
23132  8.570  16.922  62.226 0.0000000000
23133  8.541  18.287  61.453 0.0000000000
23134  9.416  17.586  61.770 0.0000000000
23135  10.203  18.111  60.953 0.0000000000
23136  10.979  18.551  59.821 0.0000000000
23151  10.537  10.439  63.510 0.0000000000
23153  9.595  11.431  64.075 0.0000000000
23157  8.287  14.286  62.971 0.0000000000
23158  8.530  15.624  62.606 0.0000000000
25562  14.679  10.175  59.614 0.0000000000
25563  14.954  11.533  59.667 0.0000000000
25564  15.896  10.717  59.603 0.0000000000
25565  16.977  11.242  60.039 0.0000000000
25639  14.407  5.592  61.368 0.0000000000
25640  13.597  6.529  61.385 0.0000000000
25641  14.483  7.055  60.629 0.0000000000
25642  14.579  8.645  60.006 0.0000000000
26414  15.124  16.920  58.061 0.0000000000
29016  7.572  21.485  58.828 0.0000000000
29017  8.377  19.618  60.497 0.0000000000
29018  8.282  20.972  59.554 0.0000000000
29019  8.318  22.383  58.563 0.0000000000
29020  9.055  23.084  57.985 0.0000000000
29021  9.823  23.637  57.254 0.0000000000
34442  11.730  13.767  61.778 0.0000000000
34443  12.042  14.872  61.322 0.0000000000
34444  12.686  14.053  60.988 0.0000000000
34445  13.718  14.347  60.205 0.0000000000
34446  14.745  14.683  59.647 0.0000000000
34447  15.284  12.739  59.920 0.0000000000
34448  15.512  14.038  59.835 0.0000000000
34601  11.237  7.977  63.347 0.0000000000
34602  12.738  7.530  61.648 0.0000000000
34603  11.996  8.453  62.080 0.0000000000
34604  11.258  9.485  62.830 0.0000000000
34605  11.340  10.935  62.422 0.0000000000
34606  11.555  12.307  62.037 0.0000000000
36175  12.074  16.209  60.632 0.0000000000
36176  12.051  17.406  59.778 0.0000000000
36177  11.910  18.697  58.644 0.0000000000
36178  13.976  17.880  57.813 0.0000000000
36179  12.782  18.983  57.643 0.0000000000
36180  11.704  20.074  57.649 0.0000000000
36181  11.473  21.368  56.679 0.0000000000
41012  10.639  15.091  62.397 0.0000000000
41013  10.715  15.743  62.073 0.0000000000
41014  11.107  15.329  61.952 0.0000000000
41023  10.966  13.900  62.459 0.0000000000
41024  10.415  13.703  62.880 0.0000000000
41025  10.514  14.425  62.667 0.0000000000
41026  10.127  14.851  62.777 0.0000000000
42362  16.997  8.002  60.264 0.0000000000
42363  17.107  8.753  60.145 0.0000000000
42405  16.990  7.153  60.541 0.0000000000
42406  16.509  7.648  60.259 0.0000000000
44312  7.663  17.595  60.976 0.0000000000
44313  7.551  18.340  60.632 0.0000000000
44314  7.821  18.107  61.108 0.0000000000
44315  10.471  19.656  59.367 0.0000000000
44316  10.015  20.097  59.398 0.0000000000
44317  10.376  20.278  58.853 0.0000000000
44318  10.312  20.948  58.309 0.0000000000
44319  10.762  20.438  58.321 0.0000000000
44353  7.954  16.777  61.690 0.0000000000
48362  13.398  11.558  60.228 0.0000000000
48363  13.584  12.153  60.240 0.0000000000
48364  13.979  11.714  59.976 0.0000000000
48492  13.103  5.641  62.490 0.0000000000
48493  13.747  10.413  60.037 0.0000000000
48494  13.301  10.082  60.456 0.0000000000
48495  13.349  10.834  60.290 0.0000000000
48496  12.985  11.272  60.600 0.0000000000
49780  14.567  15.551  59.240 0.0000000000
49781  14.077  15.973  59.129 0.0000000000
49782  14.635  16.122  58.828 0.0000000000
53912  8.996  16.624  62.414 0.0000000000
53913  8.946  17.302  62.097 0.0000000000
53914  9.380  16.969  62.181 0.0000000000
53915  10.650  17.034  61.301 0.0000000000
53916  10.230  17.449  61.404 0.0000000000
53917  10.644  17.664  60.900 0.0000000000
53918  10.607  18.345  60.379 0.0000000000
53919  11.054  17.835  60.350 0.0000000000
53943  10.529  11.143  63.340 0.0000000000
53944  10.092  10.918  63.834 0.0000000000
53945  10.082  11.676  63.661 0.0000000000
53946  9.252  13.333  63.622 0.0000000000
53947  9.138  12.660  63.925 0.0000000000
53948  8.721  13.069  63.793 0.0000000000
53950  8.382  13.405  63.495 0.0000000000
53952  8.550  14.031  63.296 0.0000000000
53953  9.342  15.628  62.784 0.0000000000
53954  8.868  15.326  62.854 0.0000000000
53955  8.941  15.969  62.652 0.0000000000
53956  8.563  16.293  62.463 0.0000000000
57962  15.132  9.735  59.587 0.0000000000
57963  15.270  10.446  59.562 0.0000000000
57964  15.720  10.063  59.582 0.0000000000
57965  17.248  10.180  60.053 0.0000000000
57966  16.872  10.567  59.851 0.0000000000
58086  15.896  5.713  60.840 0.0000000000
58088  15.333  5.395  61.099 0.0000000000
58089  14.828  5.133  61.357 0.0000000000
58090  14.883  5.844  61.015 0.0000000000
58091  14.418  6.328  60.953 0.0000000000
58092  14.983  6.571  60.668 0.0000000000
58093  15.598  8.524  59.819 0.0000000000
58094  15.054  8.176  60.017 0.0000000000
58095  15.100  8.952  59.708 0.0000000000
58096  14.618  9.443  59.764 0.0000000000
63815  7.344  19.576  59.809 0.0000000000
63817  7.290  20.230  59.353 0.0000000000
63819  7.585  20.752  59.366 0.0000000000
63820  8.938  18.644  61.181 0.0000000000
63821  8.493  18.932  60.962 0.0000000000
63822  8.816  19.298  60.721 0.0000000000
63823  9.114  20.927  59.353 0.0000000000
63824  8.680  20.592  59.770 0.0000000000
63825  8.690  21.305  59.249 0.0000000000
63826  8.272  21.642  59.032 0.0000000000
63827  8.678  22.013  58.739 0.0000000000
63828  8.669  22.775  58.300 0.0000000000
63829  9.056  22.376  58.363 0.0000000000
63830  10.164  22.422  57.475 0.0000000000
63831  9.789  22.960  57.545 0.0000000000
63832  10.178  23.130  57.077 0.0000000000
75962  12.066  13.336  61.559 0.0000000000
75963  12.254  13.881  61.365 0.0000000000
75964  12.566  13.449  61.117 0.0000000000
75965  13.904  13.335  60.230 0.0000000000
75966  13.543  13.754  60.442 0.0000000000
75967  14.095  13.932  60.115 0.0000000000
75968  14.216  14.503  59.881 0.0000000000
75969  14.600  14.099  59.897 0.0000000000
75970  15.581  11.722  59.700 0.0000000000
75971  15.134  12.159  59.787 0.0000000000
75972  15.712  12.356  59.874 0.0000000000
75974  15.893  13.641  59.976 0.0000000000
75976  15.665  14.575  59.623 0.0000000000
76352  11.629  7.471  63.101 0.0000000000
76353  13.578  7.268  61.005 0.0000000000
76354  13.152  7.038  61.512 0.0000000000
76355  13.177  7.756  61.094 0.0000000000
76356  12.419  9.480  61.372 0.0000000000
76357  12.415  8.691  61.553 0.0000000000
76358  12.054  9.185  61.875 0.0000000000
76359  11.629  8.977  62.459 0.0000000000
76360  11.681  9.709  62.226 0.0000000000
76361  11.292  10.240  62.654 0.0000000000
76362  11.685  10.512  62.077 0.0000000000
76363  12.250  12.147  61.202 0.0000000000
76364  11.826  11.910  61.726 0.0000000000
76365  11.957  12.556  61.552 0.0000000000
76366  11.659  12.978  61.901 0.0000000000
80215  12.513  15.058  60.845 0.0000000000
80216  12.047  15.619  60.956 0.0000000000
80217  12.574  15.669  60.520 0.0000000000
80218  13.067  16.984  59.187 0.0000000000
80219  12.569  16.860  59.680 0.0000000000
80220  12.520  17.548  59.177 0.0000000000
80221  11.989  18.072  59.207 0.0000000000
80222  12.425  18.195  58.645 0.0000000000
80223  15.053  17.561  57.559 0.0000000000
80224  14.585  17.386  57.966 0.0000000000
80225  14.488  18.033  57.429 0.0000000000
80226  13.157  19.667  56.652 0.0000000000
80227  13.278  19.021  57.176 0.0000000000
80228  12.698  19.576  57.107 0.0000000000
80229  12.209  19.541  57.627 0.0000000000
80230  12.129  20.157  57.101 0.0000000000
80231  11.579  20.726  57.145 0.0000000000
80232  11.986  20.822  56.632 0.0000000000
92252  9.828  15.908  62.520 0.0000000000
92253  9.839  16.576  62.200 0.0000000000
92254  10.286  16.148  62.163 0.0000000000
92255  10.684  16.370  61.716 0.0000000000
92256  11.085  16.587  61.211 0.0000000000
92271  10.716  12.520  62.912 0.0000000000
92272  10.175  12.332  63.397 0.0000000000
92273  10.288  13.026  63.133 0.0000000000
92274  9.864  13.524  63.274 0.0000000000
92275  9.446  14.010  63.315 0.0000000000
92276  9.092  14.371  63.264 0.0000000000
92277  9.632  14.632  63.074 0.0000000000
92278  9.736  15.285  62.850 0.0000000000
94682  16.030  8.884  59.754 0.0000000000
94683  16.194  9.664  59.727 0.0000000000
94684  16.654  9.218  59.915 0.0000000000
94685  17.135  9.483  60.095 0.0000000000
94759  16.004  6.446  60.550 0.0000000000
94760  15.499  6.900  60.390 0.0000000000
94761  16.047  7.228  60.322 0.0000000000
94762  16.056  8.093  60.013 0.0000000000
98195  7.445  18.961  60.194 0.0000000000
98196  7.651  19.422  60.253 0.0000000000
98197  9.680  19.174  60.418 0.0000000000
98198  9.208  19.595  60.363 0.0000000000
98199  9.613  19.869  59.914 0.0000000000
98200  9.559  20.525  59.392 0.0000000000
98201  9.500  21.192  58.875 0.0000000000
98202  9.462  21.917  58.363 0.0000000000
98203  9.869  21.448  58.346 0.0000000000
98204  10.245  21.631  57.829 0.0000000000
98205  10.612  21.857  57.334 0.0000000000
105482  12.704  12.415  60.871 0.0000000000
105483  12.865  13.024  60.838 0.0000000000
105484  13.220  12.595  60.525 0.0000000000
105485  13.717  12.744  60.226 0.0000000000
105486  14.284  12.940  60.059 0.0000000000
105487  16.640  12.291  60.086 0.0000000000
105488  16.218  12.651  60.019 0.0000000000
105715  12.343  5.882  63.310 0.0000000000
105716  12.392  6.578  62.776 0.0000000000
105717  13.627  8.810  60.432 0.0000000000
105718  13.180  8.509  60.871 0.0000000000
105719  13.236  9.255  60.607 0.0000000000
105720  12.861  9.754  60.867 0.0000000000
105721  12.480  10.256  61.170 0.0000000000
105722  12.091  10.746  61.510 0.0000000000
105723  12.546  11.022  61.025 0.0000000000
105724  12.639  11.710  60.917 0.0000000000
108034  13.523  15.274  60.014 0.0000000000
108035  13.068  15.765  60.060 0.0000000000
108036  13.579  15.810  59.588 0.0000000000
108037  13.572  16.444  59.133 0.0000000000
108038  13.521  17.128  58.654 0.0000000000
108040  14.381  18.678  56.899 0.0000000000
108041  14.180  19.282  56.404 0.0000000000
108042  13.587  19.757  56.235 0.0000000000
108043  12.993  20.298  56.137 0.0000000000
108044  12.441  20.883  56.092 0.0000000000
115412  8.180  17.168  61.934 0.0000000000
115413  8.174  17.862  61.528 0.0000000000
115414  8.548  17.608  61.861 0.0000000000
115415  8.983  17.951  61.656 0.0000000000
115416  9.365  18.279  61.325 0.0000000000
115417  9.812  17.211  61.822 0.0000000000
115418  9.797  17.873  61.399 0.0000000000
115419  9.747  18.593  60.979 0.0000000000
115420  10.151  18.753  60.421 0.0000000000
115421  10.531  19.015  59.879 0.0000000000
115422  10.909  19.185  59.296 0.0000000000
115455  10.492  9.706  63.720 0.0000000000
115457  10.033  10.218  64.068 0.0000000000
115460  9.611  12.197  63.868 0.0000000000
115461  9.104  11.951  64.185 0.0000000000
115469  8.088  14.491  62.570 0.0000000000
115470  8.718  14.668  63.059 0.0000000000
115471  8.436  14.940  62.773 0.0000000000
115472  8.205  15.200  62.413 0.0000000000
115473  8.236  15.873  62.267 0.0000000000
115474  8.200  16.550  62.134 0.0000000000
121082  14.260  10.621  59.718 0.0000000000
121083  14.395  11.290  59.766 0.0000000000
121084  14.829  10.852  59.625 0.0000000000
121085  15.448  11.069  59.561 0.0000000000
121086  16.028  11.342  59.699 0.0000000000
121087  16.321  10.293  59.712 0.0000000000
121088  16.456  10.980  59.754 0.0000000000
121089  16.539  11.658  59.920 0.0000000000
121261  13.959  5.333  61.797 0.0000000000
121262  13.508  5.860  61.887 0.0000000000
121263  13.999  6.057  61.370 0.0000000000
121264  13.989  6.793  60.955 0.0000000000
121265  13.976  7.567  60.631 0.0000000000
121266  15.005  7.370  60.259 0.0000000000
121267  14.547  7.847  60.246 0.0000000000
121268  14.082  8.330  60.309 0.0000000000
121269  14.095  9.153  60.081 0.0000000000
121270  14.165  9.931  59.878 0.0000000000
123068  15.155  16.322  58.551 0.0000000000
129222  7.599  22.187  58.429 0.0000000000
129223  8.118  18.540  61.110 0.0000000000
129224  8.064  19.185  60.655 0.0000000000
129225  7.973  19.862  60.219 0.0000000000
129226  8.762  19.959  60.247 0.0000000000
129227  8.329  20.242  60.047 0.0000000000
129228  7.929  20.499  59.761 0.0000000000
129229  7.900  21.270  59.206 0.0000000000
129230  7.891  21.937  58.747 0.0000000000
129231  7.943  22.686  58.291 0.0000000000
129232  8.311  23.123  58.138 0.0000000000
129233  8.664  23.501  57.954 0.0000000000
129234  9.047  23.830  57.726 0.0000000000
129235  9.455  22.635  57.946 0.0000000000
129236  9.423  23.422  57.630 0.0000000000
144362  11.388  14.199  62.001 0.0000000000
144363  11.547  14.803  61.768 0.0000000000
144364  11.909  14.309  61.578 0.0000000000
144365  12.377  14.458  61.172 0.0000000000
144366  12.868  14.601  60.737 0.0000000000
144367  13.025  13.601  60.738 0.0000000000
144368  13.209  14.166  60.604 0.0000000000
144369  13.372  14.743  60.310 0.0000000000
144370  13.859  14.893  59.932 0.0000000000
144371  14.371  15.054  59.575 0.0000000000
144372  14.961  15.210  59.353 0.0000000000
144373  14.509  11.969  59.824 0.0000000000
144374  14.695  12.551  59.912 0.0000000000
144375  14.817  13.148  59.981 0.0000000000
144376  15.823  12.985  59.958 0.0000000000
144377  15.412  13.369  59.942 0.0000000000
144378  15.002  13.743  59.927 0.0000000000
144379  15.120  14.350  59.727 0.0000000000
144380  15.301  14.918  59.437 0.0000000000
144381  15.457  15.401  59.132 0.0000000000
144834  13.156  6.316  61.968 0.0000000000
144835  12.809  6.754  62.064 0.0000000000
144836  12.376  7.247  62.218 0.0000000000
144837  12.781  8.231  61.265 0.0000000000
144838  12.363  7.995  61.815 0.0000000000
144839  11.968  7.683  62.405 0.0000000000
144840  11.587  8.160  62.672 0.0000000000
144841  11.236  8.682  63.006 0.0000000000
144842  10.867  9.217  63.376 0.0000000000
144843  10.888  9.974  63.168 0.0000000000
144844  10.903  10.716  63.023 0.0000000000
144845  10.987  11.393  62.792 0.0000000000
144846  11.750  11.189  61.844 0.0000000000
144847  11.427  11.633  62.235 0.0000000000
144848  11.089  12.085  62.625 0.0000000000
144849  11.212  12.743  62.359 0.0000000000
144850  11.329  13.424  62.207 0.0000000000
149497  11.599  15.380  61.465 0.0000000000
149498  11.583  16.098  61.083 0.0000000000
149499  11.559  16.738  60.705 0.0000000000
149500  12.577  16.257  60.128 0.0000000000
149501  12.092  16.789  60.194 0.0000000000
149502  11.582  17.303  60.276 0.0000000000
149503  11.534  17.945  59.769 0.0000000000
149504  11.448  18.612  59.251 0.0000000000
149505  11.438  19.241  58.728 0.0000000000
149506  14.652  16.753  58.410 0.0000000000
149507  14.058  17.235  58.257 0.0000000000
149508  13.436  17.750  58.134 0.0000000000
149509  13.870  18.528  57.290 0.0000000000
149510  13.372  18.419  57.697 0.0000000000
149511  12.862  18.337  58.150 0.0000000000
149512  12.320  18.865  58.133 0.0000000000
149513  11.820  19.352  58.173 0.0000000000
149514  11.305  19.877  58.242 0.0000000000
149515  11.191  20.608  57.701 0.0000000000
149516  11.091  21.273  57.224 0.0000000000
149517  11.007  21.968  56.806 0.0000000000
149518  11.942  21.474  56.145 0.0000000000
149519  11.426  22.079  56.273 0.0000000000
149520  10.942  22.696  56.439 0.0000000000
