#!ascii label  , from subject fsaverage vox2ras=TkReg
349
336  26.170  -14.510  -31.673 0.0000000000
1367  26.823  -23.048  -26.373 0.0000000000
1369  33.131  -17.237  -29.864 0.0000000000
1756  22.917  -16.898  -28.267 0.0000000000
1758  24.960  -9.490  -33.272 0.0000000000
2476  29.937  -20.328  -28.568 0.0000000000
5543  23.997  -15.521  -30.231 0.0000000000
5544  26.251  -18.804  -29.349 0.0000000000
5545  28.057  -17.400  -30.383 0.0000000000
5547  33.959  -19.279  -27.477 0.0000000000
7069  30.077  -24.086  -25.173 0.0000000000
7070  28.851  -13.244  -31.683 0.0000000000
7071  30.105  -15.927  -30.587 0.0000000000
7072  32.481  -14.501  -30.933 0.0000000000
7936  22.630  -18.663  -26.243 0.0000000000
7939  22.465  -12.425  -30.547 0.0000000000
7942  25.225  -11.877  -32.499 0.0000000000
7943  28.297  -10.854  -32.434 0.0000000000
9982  24.722  -20.130  -27.650 0.0000000000
9983  28.484  -21.762  -27.657 0.0000000000
9984  31.354  -22.551  -25.983 0.0000000000
9985  31.575  -18.827  -29.270 0.0000000000
9986  32.553  -20.913  -26.768 0.0000000000
13223  25.006  -15.087  -31.147 0.0000000000
13224  25.985  -16.614  -30.656 0.0000000000
13225  27.035  -15.945  -31.106 0.0000000000
15622  28.564  -23.820  -26.108 0.0000000000
15623  30.355  -12.552  -31.481 0.0000000000
15624  30.878  -13.890  -31.103 0.0000000000
15625  32.159  -13.276  -31.329 0.0000000000
17426  23.716  -8.711  -32.921 0.0000000000
17428  23.482  -9.727  -32.479 0.0000000000
17429  23.421  -10.883  -32.038 0.0000000000
17430  24.929  -10.636  -32.897 0.0000000000
17431  26.759  -11.445  -32.695 0.0000000000
17432  26.583  -10.237  -33.091 0.0000000000
22388  22.699  -17.801  -27.267 0.0000000000
22389  23.364  -19.301  -26.964 0.0000000000
22390  23.772  -18.588  -28.021 0.0000000000
22391  28.214  -19.619  -29.082 0.0000000000
22392  27.374  -20.300  -28.542 0.0000000000
22393  29.181  -21.060  -28.154 0.0000000000
22394  30.063  -22.353  -27.096 0.0000000000
22395  30.765  -21.675  -27.557 0.0000000000
22396  31.842  -16.651  -30.084 0.0000000000
22397  30.798  -17.386  -29.944 0.0000000000
22398  32.277  -18.029  -29.510 0.0000000000
22400  33.237  -20.075  -27.150 0.0000000000
25434  25.154  -8.400  -33.628 0.0000000000
25435  26.592  -9.089  -33.389 0.0000000000
28409  23.346  -16.091  -29.249 0.0000000000
28410  24.368  -17.814  -28.981 0.0000000000
28411  25.113  -17.167  -29.885 0.0000000000
28412  27.046  -18.121  -29.973 0.0000000000
28413  29.025  -18.862  -29.479 0.0000000000
28414  34.357  -17.688  -29.230 0.0000000000
28415  33.556  -18.424  -28.882 0.0000000000
31856  27.609  -13.933  -31.799 0.0000000000
31857  28.224  -15.241  -31.259 0.0000000000
31858  29.524  -14.584  -31.154 0.0000000000
31859  31.224  -15.203  -30.681 0.0000000000
31860  32.812  -15.908  -30.373 0.0000000000
31862  33.764  -15.439  -30.958 0.0000000000
31863  34.070  -16.505  -30.167 0.0000000000
34159  22.143  -16.303  -27.535 0.0000000000
34163  22.453  -14.521  -29.439 0.0000000000
34164  23.059  -13.950  -30.399 0.0000000000
34165  24.199  -13.542  -31.407 0.0000000000
34172  22.159  -11.105  -30.810 0.0000000000
34173  23.663  -12.156  -31.655 0.0000000000
34174  25.528  -13.147  -32.088 0.0000000000
34175  27.067  -12.664  -32.280 0.0000000000
34176  28.632  -12.034  -32.030 0.0000000000
34177  30.106  -11.314  -31.784 0.0000000000
40180  23.094  -20.009  -25.847 0.0000000000
40181  24.112  -20.751  -26.589 0.0000000000
40182  25.731  -21.621  -27.086 0.0000000000
40183  25.451  -19.477  -28.542 0.0000000000
40184  26.545  -20.975  -27.886 0.0000000000
40185  27.620  -22.448  -27.069 0.0000000000
40186  29.385  -23.104  -26.610 0.0000000000
40187  30.751  -23.348  -25.571 0.0000000000
40189  29.123  -16.682  -30.574 0.0000000000
40190  29.884  -18.170  -29.719 0.0000000000
40191  30.769  -19.562  -28.963 0.0000000000
40192  32.835  -19.233  -28.581 0.0000000000
40193  32.118  -20.083  -28.333 0.0000000000
40194  31.460  -20.924  -27.933 0.0000000000
40195  31.917  -21.686  -26.363 0.0000000000
43943  25.418  -14.747  -31.342 0.0000000000
43944  26.018  -15.555  -31.193 0.0000000000
43945  26.545  -15.263  -31.369 0.0000000000
46342  27.732  -23.425  -26.280 0.0000000000
46343  31.089  -12.220  -31.469 0.0000000000
46344  31.271  -12.908  -31.342 0.0000000000
48146  24.317  -9.114  -33.168 0.0000000000
48147  23.540  -9.178  -32.681 0.0000000000
48148  24.272  -9.637  -32.917 0.0000000000
48149  24.201  -10.226  -32.811 0.0000000000
48150  24.967  -10.068  -33.079 0.0000000000
48151  25.744  -10.501  -33.110 0.0000000000
48152  25.718  -9.864  -33.270 0.0000000000
53108  22.785  -17.331  -27.768 0.0000000000
53109  23.177  -18.157  -27.627 0.0000000000
53110  23.331  -17.715  -28.143 0.0000000000
53111  29.084  -19.994  -28.821 0.0000000000
53112  28.700  -20.344  -28.594 0.0000000000
53113  29.584  -20.697  -28.407 0.0000000000
53114  30.080  -21.421  -27.939 0.0000000000
53115  30.382  -21.039  -28.124 0.0000000000
53116  32.512  -16.964  -29.887 0.0000000000
53117  32.060  -17.348  -29.871 0.0000000000
53118  32.669  -17.696  -29.719 0.0000000000
57748  24.673  -7.549  -33.669 0.0000000000
57749  24.578  -8.080  -33.553 0.0000000000
57750  25.207  -7.864  -33.772 0.0000000000
57751  25.876  -8.177  -33.703 0.0000000000
62708  23.705  -15.808  -29.744 0.0000000000
62709  24.238  -16.671  -29.632 0.0000000000
62710  24.624  -16.376  -30.099 0.0000000000
62711  27.069  -17.088  -30.647 0.0000000000
62712  26.615  -17.375  -30.347 0.0000000000
62713  27.550  -17.799  -30.222 0.0000000000
62714  28.110  -18.492  -29.780 0.0000000000
62715  28.519  -18.166  -29.962 0.0000000000
62717  34.530  -18.121  -28.645 0.0000000000
69908  28.290  -13.647  -31.747 0.0000000000
69909  28.565  -14.256  -31.487 0.0000000000
69910  29.207  -13.924  -31.434 0.0000000000
69911  31.772  -14.199  -30.966 0.0000000000
69912  31.136  -14.519  -30.925 0.0000000000
69913  31.955  -14.908  -30.724 0.0000000000
69914  32.022  -15.551  -30.524 0.0000000000
69915  32.645  -15.252  -30.681 0.0000000000
69922  33.836  -15.942  -30.547 0.0000000000
69924  34.586  -16.809  -29.992 0.0000000000
75301  22.278  -14.875  -28.961 0.0000000000
75304  22.304  -13.417  -29.966 0.0000000000
75305  22.767  -13.210  -30.413 0.0000000000
75306  23.649  -13.790  -30.936 0.0000000000
75307  23.243  -12.961  -30.981 0.0000000000
75326  24.243  -11.368  -32.305 0.0000000000
75327  23.475  -11.480  -31.847 0.0000000000
75328  24.394  -12.035  -32.189 0.0000000000
75329  24.642  -12.711  -32.010 0.0000000000
75330  25.384  -12.528  -32.334 0.0000000000
75331  26.386  -12.961  -32.286 0.0000000000
75332  26.083  -12.307  -32.547 0.0000000000
75333  27.514  -11.156  -32.582 0.0000000000
75334  27.706  -11.745  -32.352 0.0000000000
75335  28.472  -11.441  -32.193 0.0000000000
75336  29.432  -11.710  -31.819 0.0000000000
75337  29.181  -11.066  -32.070 0.0000000000
75339  27.344  -9.350  -33.076 0.0000000000
90205  22.865  -19.314  -26.074 0.0000000000
90206  23.995  -19.692  -27.360 0.0000000000
90207  23.708  -20.016  -26.763 0.0000000000
90208  24.439  -20.450  -27.082 0.0000000000
90209  24.920  -21.218  -26.880 0.0000000000
90210  25.206  -20.902  -27.327 0.0000000000
90211  25.305  -18.330  -29.241 0.0000000000
90212  24.911  -18.692  -28.798 0.0000000000
90213  25.858  -19.159  -28.972 0.0000000000
90214  27.847  -21.035  -28.122 0.0000000000
90215  26.866  -20.660  -28.231 0.0000000000
90216  27.441  -21.387  -27.804 0.0000000000
90217  27.180  -21.706  -27.516 0.0000000000
90218  28.054  -22.105  -27.389 0.0000000000
90219  28.542  -22.781  -26.889 0.0000000000
90220  28.919  -22.454  -27.188 0.0000000000
90221  30.739  -22.524  -26.579 0.0000000000
90222  30.407  -22.929  -26.366 0.0000000000
90223  31.064  -22.961  -25.774 0.0000000000
90226  29.184  -15.604  -30.945 0.0000000000
90227  28.595  -15.949  -30.931 0.0000000000
90228  29.568  -16.299  -30.566 0.0000000000
90229  31.195  -18.108  -29.592 0.0000000000
90230  30.295  -17.757  -29.878 0.0000000000
90231  30.792  -18.461  -29.466 0.0000000000
90232  30.426  -18.874  -29.355 0.0000000000
90233  31.153  -19.197  -29.111 0.0000000000
90234  33.753  -18.915  -28.260 0.0000000000
90235  33.158  -18.912  -28.802 0.0000000000
90236  33.437  -19.330  -28.114 0.0000000000
90237  32.867  -20.482  -27.003 0.0000000000
90238  32.746  -20.093  -27.760 0.0000000000
90239  32.408  -20.526  -27.590 0.0000000000
90240  31.734  -20.514  -28.163 0.0000000000
90241  32.014  -20.918  -27.419 0.0000000000
90242  31.654  -21.378  -27.235 0.0000000000
90243  32.176  -21.289  -26.587 0.0000000000
97529  24.482  -15.291  -30.697 0.0000000000
97530  24.958  -16.091  -30.509 0.0000000000
97531  25.461  -15.821  -30.905 0.0000000000
97532  26.505  -16.319  -30.971 0.0000000000
97533  27.536  -16.683  -30.772 0.0000000000
101848  29.338  -24.020  -25.708 0.0000000000
101849  29.587  -12.926  -31.593 0.0000000000
101850  29.917  -13.585  -31.365 0.0000000000
101851  30.555  -13.200  -31.312 0.0000000000
101852  31.594  -13.537  -31.125 0.0000000000
101853  32.400  -13.931  -31.143 0.0000000000
105087  21.513  -12.225  -29.569 0.0000000000
105088  21.830  -11.944  -30.044 0.0000000000
105097  22.896  -9.269  -32.134 0.0000000000
105098  22.708  -9.741  -31.860 0.0000000000
105100  23.360  -10.232  -32.234 0.0000000000
105101  24.133  -10.741  -32.521 0.0000000000
105102  24.964  -11.239  -32.699 0.0000000000
105103  25.869  -11.660  -32.668 0.0000000000
105104  25.786  -11.054  -32.836 0.0000000000
105105  26.655  -10.860  -32.907 0.0000000000
105106  27.463  -10.582  -32.792 0.0000000000
114026  22.666  -18.226  -26.808 0.0000000000
114027  22.915  -18.954  -26.571 0.0000000000
114028  23.034  -18.562  -27.127 0.0000000000
114029  23.537  -18.957  -27.472 0.0000000000
114030  24.239  -19.380  -27.858 0.0000000000
114031  27.236  -19.258  -29.330 0.0000000000
114032  26.849  -19.583  -28.962 0.0000000000
114033  27.799  -19.947  -28.820 0.0000000000
114034  28.281  -20.712  -28.351 0.0000000000
114035  28.843  -21.428  -27.941 0.0000000000
114036  29.344  -22.103  -27.427 0.0000000000
114037  29.695  -21.759  -27.695 0.0000000000
114038  30.453  -22.043  -27.345 0.0000000000
114039  31.045  -22.108  -26.789 0.0000000000
114040  30.919  -16.274  -30.375 0.0000000000
114041  30.517  -16.674  -30.284 0.0000000000
114042  31.274  -17.014  -30.029 0.0000000000
114043  31.572  -17.720  -29.718 0.0000000000
114044  31.953  -18.410  -29.398 0.0000000000
114046  33.589  -19.689  -27.350 0.0000000000
118255  25.863  -22.625  -26.292 0.0000000000
120784  23.850  -8.229  -33.089 0.0000000000
120785  24.364  -8.556  -33.317 0.0000000000
120786  25.037  -8.942  -33.484 0.0000000000
120787  25.755  -9.294  -33.418 0.0000000000
120788  25.805  -8.735  -33.580 0.0000000000
120789  26.657  -8.500  -33.493 0.0000000000
127727  23.126  -16.488  -28.755 0.0000000000
127728  23.564  -17.324  -28.629 0.0000000000
127729  23.827  -16.957  -29.139 0.0000000000
127730  24.761  -17.471  -29.456 0.0000000000
127731  25.623  -18.004  -29.625 0.0000000000
127732  25.595  -16.926  -30.327 0.0000000000
127733  26.056  -17.684  -30.022 0.0000000000
127734  26.666  -18.510  -29.718 0.0000000000
127735  27.628  -18.863  -29.560 0.0000000000
127736  28.598  -19.247  -29.296 0.0000000000
127737  29.541  -19.592  -29.016 0.0000000000
127738  33.812  -17.437  -29.496 0.0000000000
127739  33.301  -17.901  -29.429 0.0000000000
127740  33.916  -18.031  -29.054 0.0000000000
127741  34.128  -18.492  -28.406 0.0000000000
127742  34.291  -18.893  -27.708 0.0000000000
136934  26.917  -14.248  -31.784 0.0000000000
136935  27.194  -14.905  -31.513 0.0000000000
136936  27.840  -14.594  -31.534 0.0000000000
136937  28.782  -14.915  -31.228 0.0000000000
136938  29.685  -15.213  -30.936 0.0000000000
136939  30.181  -14.178  -31.102 0.0000000000
136940  30.386  -14.894  -30.870 0.0000000000
136941  30.576  -15.564  -30.649 0.0000000000
136942  31.459  -15.922  -30.396 0.0000000000
136943  32.284  -16.254  -30.257 0.0000000000
136944  33.018  -16.535  -30.086 0.0000000000
136947  33.078  -14.290  -31.153 0.0000000000
136950  33.099  -14.984  -30.932 0.0000000000
136951  33.296  -15.600  -30.657 0.0000000000
136952  33.475  -16.234  -30.293 0.0000000000
136953  33.626  -16.847  -29.941 0.0000000000
136954  34.162  -17.180  -29.800 0.0000000000
136955  34.690  -17.340  -29.451 0.0000000000
143542  22.427  -18.025  -26.416 0.0000000000
143543  22.388  -17.540  -26.885 0.0000000000
143544  22.415  -17.043  -27.405 0.0000000000
143545  22.476  -16.581  -27.894 0.0000000000
143554  22.561  -16.079  -28.381 0.0000000000
143555  22.713  -15.675  -28.864 0.0000000000
143556  22.915  -15.315  -29.368 0.0000000000
143557  23.173  -14.991  -29.858 0.0000000000
143558  22.016  -13.750  -29.481 0.0000000000
143559  22.654  -14.200  -29.877 0.0000000000
143560  23.544  -14.732  -30.357 0.0000000000
143561  23.978  -14.529  -30.778 0.0000000000
143562  24.481  -14.259  -31.272 0.0000000000
143563  25.168  -14.059  -31.604 0.0000000000
143584  22.270  -11.701  -30.619 0.0000000000
143585  22.729  -10.939  -31.417 0.0000000000
143586  22.882  -11.652  -31.300 0.0000000000
143587  23.073  -12.304  -31.129 0.0000000000
143588  23.956  -12.869  -31.566 0.0000000000
143589  24.856  -13.338  -31.811 0.0000000000
143590  25.743  -13.783  -31.915 0.0000000000
143591  26.596  -13.581  -32.005 0.0000000000
143592  27.328  -13.312  -32.046 0.0000000000
143593  28.028  -12.989  -31.982 0.0000000000
143594  26.861  -12.025  -32.499 0.0000000000
143595  27.731  -12.320  -32.237 0.0000000000
143596  28.750  -12.673  -31.891 0.0000000000
143597  29.491  -12.283  -31.734 0.0000000000
143598  30.199  -11.954  -31.599 0.0000000000
143600  26.572  -9.659  -33.241 0.0000000000
143601  27.400  -9.981  -32.945 0.0000000000
143602  28.255  -10.210  -32.559 0.0000000000
143605  29.164  -10.468  -32.196 0.0000000000
161497  23.223  -19.635  -26.455 0.0000000000
161498  23.513  -20.369  -26.240 0.0000000000
161499  23.844  -21.070  -26.042 0.0000000000
161500  24.534  -21.468  -26.364 0.0000000000
161501  25.401  -21.909  -26.604 0.0000000000
161502  26.258  -22.352  -26.708 0.0000000000
161503  24.079  -18.184  -28.497 0.0000000000
161504  24.528  -19.023  -28.334 0.0000000000
161505  25.102  -19.817  -28.117 0.0000000000
161506  26.485  -19.933  -28.638 0.0000000000
161507  26.055  -20.261  -28.280 0.0000000000
161508  25.660  -20.596  -27.819 0.0000000000
161509  26.110  -21.320  -27.492 0.0000000000
161510  26.699  -22.033  -27.138 0.0000000000
161511  27.187  -22.732  -26.699 0.0000000000
161512  28.177  -23.119  -26.592 0.0000000000
161513  28.977  -23.448  -26.356 0.0000000000
161514  29.711  -23.718  -25.942 0.0000000000
161515  29.791  -22.708  -26.838 0.0000000000
161516  30.144  -23.299  -26.138 0.0000000000
161517  30.375  -23.728  -25.389 0.0000000000
161521  27.617  -15.631  -31.259 0.0000000000
161522  28.063  -16.314  -30.906 0.0000000000
161523  28.562  -17.068  -30.470 0.0000000000
161524  29.961  -17.037  -30.227 0.0000000000
161525  29.448  -17.385  -30.128 0.0000000000
161526  28.967  -17.790  -30.106 0.0000000000
161527  29.475  -18.486  -29.637 0.0000000000
161528  29.957  -19.235  -29.171 0.0000000000
161529  30.336  -19.957  -28.790 0.0000000000
161530  32.963  -18.291  -29.289 0.0000000000
161531  32.578  -18.674  -29.149 0.0000000000
161532  32.204  -19.113  -29.038 0.0000000000
161533  33.043  -19.743  -27.948 0.0000000000
161534  32.507  -19.678  -28.515 0.0000000000
161535  31.831  -19.474  -28.865 0.0000000000
161536  31.479  -19.889  -28.713 0.0000000000
161537  31.076  -20.270  -28.536 0.0000000000
161538  30.694  -20.666  -28.360 0.0000000000
161539  31.105  -21.254  -27.749 0.0000000000
161540  31.370  -21.703  -26.985 0.0000000000
161541  31.666  -22.124  -26.180 0.0000000000
