#!ascii label  , from subject fsaverage vox2ras=TkReg
589
8  37.092  -13.013  1.811 0.0000000000
77  36.892  6.164  -1.348 0.0000000000
197  37.767  -4.075  0.491 0.0000000000
677  37.796  -8.963  0.979 0.0000000000
678  35.695  -12.360  -3.739 0.0000000000
679  36.080  -16.373  -3.437 0.0000000000
1507  38.817  0.812  -0.149 0.0000000000
1509  35.551  -7.992  -3.875 0.0000000000
2152  36.398  -6.684  5.437 0.0000000000
2153  38.416  -13.254  5.628 0.0000000000
2400  35.983  -19.068  -0.512 0.0000000000
2597  37.406  -11.059  1.451 0.0000000000
2598  36.333  -12.906  -1.028 0.0000000000
2599  36.430  -14.936  -0.751 0.0000000000
3472  38.170  -1.707  0.233 0.0000000000
3473  37.085  -3.801  -1.775 0.0000000000
3474  37.118  -6.201  -1.633 0.0000000000
5355  35.943  -15.665  4.987 0.0000000000
5827  37.879  -6.569  0.675 0.0000000000
5828  37.005  -8.568  -1.390 0.0000000000
5829  36.567  -10.755  -1.140 0.0000000000
5830  35.853  -14.336  -3.554 0.0000000000
7357  37.934  3.332  -0.729 0.0000000000
7358  38.026  1.291  -2.376 0.0000000000
7359  37.234  -1.232  -1.952 0.0000000000
7362  35.460  -10.184  -3.761 0.0000000000
9022  38.109  -10.119  3.786 0.0000000000
9023  37.903  -13.050  3.781 0.0000000000
9024  37.556  -10.374  5.356 0.0000000000
9183  37.713  -2.927  2.762 0.0000000000
9184  37.242  -5.375  2.977 0.0000000000
9185  37.445  -7.942  3.169 0.0000000000
9756  36.312  -16.194  0.723 0.0000000000
9757  36.037  -15.879  2.891 0.0000000000
10162  36.077  -17.826  -2.088 0.0000000000
10277  37.235  -12.037  1.630 0.0000000000
10278  36.684  -12.951  0.355 0.0000000000
10279  36.590  -13.962  0.553 0.0000000000
10554  37.780  5.066  -2.117 0.0000000000
11152  37.843  -2.797  0.401 0.0000000000
11153  37.584  -3.908  -0.734 0.0000000000
11154  37.543  -5.204  -0.662 0.0000000000
13552  37.796  -7.803  0.820 0.0000000000
13553  37.478  -8.792  -0.206 0.0000000000
13554  37.235  -9.846  0.000 0.0000000000
13555  36.157  -14.670  -2.219 0.0000000000
13556  36.068  -13.675  -2.249 0.0000000000
13557  36.001  -15.385  -3.509 0.0000000000
13558  36.090  -15.992  -4.932 0.0000000000
13559  36.246  -16.906  -4.815 0.0000000000
16177  38.401  2.042  -0.469 0.0000000000
16178  38.392  1.016  -1.302 0.0000000000
16179  38.070  -0.221  -1.077 0.0000000000
16180  36.413  -5.977  -2.802 0.0000000000
16181  36.493  -4.801  -2.876 0.0000000000
16185  36.005  -10.523  -2.386 0.0000000000
16186  36.189  -9.348  -2.434 0.0000000000
16187  35.654  -11.282  -3.713 0.0000000000
20002  36.980  -8.625  4.488 0.0000000000
20003  37.957  -10.229  4.583 0.0000000000
20004  36.497  -8.761  5.243 0.0000000000
20401  37.481  -4.134  2.850 0.0000000000
20402  37.571  -3.583  4.050 0.0000000000
20403  36.870  -5.430  5.393 0.0000000000
20404  36.835  -6.087  4.134 0.0000000000
20405  36.827  -7.428  4.262 0.0000000000
20406  37.801  -9.062  3.482 0.0000000000
21824  38.226  -13.179  4.700 0.0000000000
21825  36.730  -14.428  3.397 0.0000000000
21826  37.033  -14.384  4.416 0.0000000000
21828  35.544  -17.373  3.264 0.0000000000
22839  36.189  -17.669  0.176 0.0000000000
22840  36.209  -17.070  -0.686 0.0000000000
22841  36.079  -18.443  -1.295 0.0000000000
23107  37.590  -10.053  1.227 0.0000000000
23108  36.939  -10.954  0.116 0.0000000000
23109  36.688  -11.933  0.279 0.0000000000
23110  36.416  -13.892  -0.970 0.0000000000
23111  36.161  -15.697  -2.097 0.0000000000
24682  38.606  -0.431  0.112 0.0000000000
24683  37.859  -1.485  -0.903 0.0000000000
24684  37.695  -2.666  -0.767 0.0000000000
24685  37.048  -4.948  -1.730 0.0000000000
24686  36.388  -7.071  -2.670 0.0000000000
24687  35.641  -13.958  -5.078 0.0000000000
24688  35.503  -12.999  -5.154 0.0000000000
28070  38.432  -13.368  6.535 0.0000000000
28071  37.357  -14.395  5.401 0.0000000000
28072  37.569  -14.545  6.325 0.0000000000
28957  37.747  -5.338  0.585 0.0000000000
28958  37.683  -6.465  -0.575 0.0000000000
28959  37.654  -7.665  -0.410 0.0000000000
28960  36.786  -9.682  -1.238 0.0000000000
28961  36.072  -11.599  -2.357 0.0000000000
28962  36.381  -11.872  -1.089 0.0000000000
28963  36.093  -12.539  -2.207 0.0000000000
28964  35.843  -13.306  -3.580 0.0000000000
28965  35.901  -15.001  -5.025 0.0000000000
32587  37.401  4.782  -1.040 0.0000000000
32588  38.144  3.699  -1.791 0.0000000000
32589  38.572  2.366  -1.521 0.0000000000
32590  37.594  -0.002  -2.179 0.0000000000
32591  36.638  -2.337  -3.020 0.0000000000
32592  37.079  -2.510  -1.834 0.0000000000
32593  36.545  -3.537  -2.920 0.0000000000
32598  37.150  -7.453  -1.499 0.0000000000
32599  36.245  -8.306  -2.550 0.0000000000
32600  35.456  -9.070  -3.798 0.0000000000
32601  35.351  -11.993  -5.153 0.0000000000
35706  38.264  2.592  -2.579 0.0000000000
37312  37.988  -11.652  2.842 0.0000000000
37313  37.516  -13.069  2.785 0.0000000000
37314  38.435  -11.675  3.696 0.0000000000
37315  38.522  -11.720  4.622 0.0000000000
37316  38.373  -11.886  5.480 0.0000000000
37317  36.105  -8.862  5.958 0.0000000000
37318  37.062  -10.638  6.041 0.0000000000
37319  38.020  -12.019  6.336 0.0000000000
37774  36.585  5.344  -0.125 0.0000000000
37775  37.115  3.839  0.117 0.0000000000
37776  37.955  2.500  0.444 0.0000000000
37779  38.622  1.293  0.844 0.0000000000
37780  38.699  0.057  1.222 0.0000000000
37781  38.441  -1.103  1.494 0.0000000000
37782  37.992  -2.269  1.587 0.0000000000
37790  38.038  -1.775  2.687 0.0000000000
37791  37.776  -3.537  1.596 0.0000000000
37792  37.631  -4.684  1.689 0.0000000000
37793  37.651  -5.951  1.845 0.0000000000
37794  37.713  -7.231  1.941 0.0000000000
37795  37.224  -4.735  4.166 0.0000000000
37796  37.319  -6.572  3.069 0.0000000000
37797  37.932  -8.404  2.121 0.0000000000
37798  38.069  -9.488  2.381 0.0000000000
37799  38.108  -10.595  2.627 0.0000000000
39504  36.526  -14.621  1.289 0.0000000000
39505  36.536  -14.541  2.331 0.0000000000
39506  36.165  -16.116  1.783 0.0000000000
39507  36.084  -17.701  1.084 0.0000000000
39508  35.983  -15.718  3.924 0.0000000000
39509  35.842  -17.549  2.156 0.0000000000
39510  35.871  -19.057  0.522 0.0000000000
40720  36.404  -15.612  -0.087 0.0000000000
40721  36.273  -16.435  -1.415 0.0000000000
40722  36.085  -17.093  -2.763 0.0000000000
40724  36.156  -18.442  -3.563 0.0000000000
40725  36.239  -17.715  -4.203 0.0000000000
40997  37.136  -12.567  1.733 0.0000000000
40998  36.881  -12.991  1.075 0.0000000000
40999  36.788  -13.478  1.188 0.0000000000
41272  36.653  6.854  -1.551 0.0000000000
41273  37.056  6.233  -1.954 0.0000000000
41274  37.314  5.591  -1.759 0.0000000000
41872  37.729  -3.463  0.466 0.0000000000
41873  37.722  -3.991  -0.138 0.0000000000
41874  37.670  -4.630  -0.098 0.0000000000
44272  37.792  -8.360  0.947 0.0000000000
44273  37.627  -8.839  0.430 0.0000000000
44274  37.518  -9.426  0.481 0.0000000000
44275  36.074  -15.600  -2.813 0.0000000000
44276  36.044  -15.012  -2.819 0.0000000000
44277  36.059  -15.908  -3.520 0.0000000000
44278  36.099  -16.194  -4.214 0.0000000000
44279  36.102  -16.670  -4.122 0.0000000000
46897  38.622  1.452  -0.290 0.0000000000
46898  38.612  0.973  -0.749 0.0000000000
46899  38.565  0.315  -0.614 0.0000000000
46900  35.933  -7.021  -3.306 0.0000000000
46901  36.058  -6.472  -3.361 0.0000000000
46902  35.558  -7.502  -3.958 0.0000000000
46905  35.849  -11.457  -3.055 0.0000000000
46906  35.862  -10.900  -3.031 0.0000000000
46907  35.659  -11.815  -3.734 0.0000000000
50722  36.557  -7.749  4.914 0.0000000000
50723  36.759  -8.662  4.880 0.0000000000
50724  36.256  -7.794  5.275 0.0000000000
51123  36.660  -6.068  5.416 0.0000000000
51124  36.680  -6.450  4.755 0.0000000000
51125  36.587  -7.167  4.808 0.0000000000
51126  36.892  -8.043  4.372 0.0000000000
52544  38.348  -13.232  5.158 0.0000000000
52545  37.698  -13.780  4.587 0.0000000000
52546  37.892  -13.759  5.054 0.0000000000
53559  36.084  -18.382  -0.157 0.0000000000
53560  36.142  -18.081  -0.560 0.0000000000
53561  36.067  -18.745  -0.879 0.0000000000
53872  37.468  -10.598  1.318 0.0000000000
53873  37.099  -11.007  0.802 0.0000000000
53874  37.024  -11.492  0.872 0.0000000000
53875  36.520  -13.959  -0.214 0.0000000000
53876  36.545  -13.422  -0.297 0.0000000000
53877  36.466  -14.373  -0.829 0.0000000000
53878  36.361  -14.807  -1.496 0.0000000000
53879  36.315  -15.336  -1.405 0.0000000000
56497  38.370  -1.099  0.161 0.0000000000
56498  38.109  -1.581  -0.340 0.0000000000
56499  37.960  -2.186  -0.287 0.0000000000
56500  37.342  -5.112  -1.223 0.0000000000
56501  37.337  -4.424  -1.241 0.0000000000
56502  37.109  -5.549  -1.675 0.0000000000
56503  36.743  -6.040  -2.213 0.0000000000
56504  36.787  -6.627  -2.132 0.0000000000
62144  38.317  -13.436  6.942 0.0000000000
62145  38.180  -14.027  6.408 0.0000000000
62146  38.143  -14.057  6.861 0.0000000000
63697  37.831  -5.985  0.601 0.0000000000
63698  37.805  -6.653  0.011 0.0000000000
63699  37.829  -7.212  0.084 0.0000000000
63700  37.002  -9.768  -0.636 0.0000000000
63701  37.134  -9.227  -0.696 0.0000000000
63702  36.663  -10.234  -1.202 0.0000000000
63703  36.344  -10.686  -1.789 0.0000000000
63704  36.281  -11.242  -1.765 0.0000000000
63705  36.476  -11.946  -0.449 0.0000000000
63706  36.590  -11.445  -0.466 0.0000000000
63707  36.322  -12.400  -1.046 0.0000000000
63708  35.939  -14.005  -2.890 0.0000000000
63709  36.048  -13.119  -2.232 0.0000000000
63710  35.901  -13.472  -2.889 0.0000000000
63711  36.000  -12.945  -2.838 0.0000000000
63712  35.820  -13.819  -3.553 0.0000000000
63713  35.777  -14.177  -4.271 0.0000000000
63714  35.834  -14.697  -4.254 0.0000000000
71572  37.688  4.029  -0.897 0.0000000000
71573  38.127  3.535  -1.276 0.0000000000
71574  38.351  2.849  -1.130 0.0000000000
71575  37.815  -0.153  -1.627 0.0000000000
71576  38.029  0.496  -1.742 0.0000000000
71577  37.413  -0.653  -2.061 0.0000000000
71578  37.052  -1.142  -2.515 0.0000000000
71579  36.931  -1.784  -2.466 0.0000000000
71580  37.400  -2.618  -1.313 0.0000000000
71581  37.444  -2.009  -1.363 0.0000000000
71582  37.051  -3.131  -1.792 0.0000000000
71583  36.197  -5.301  -3.450 0.0000000000
71584  36.571  -4.061  -2.814 0.0000000000
71595  37.439  -7.538  -0.963 0.0000000000
71596  37.466  -6.977  -1.014 0.0000000000
71597  37.105  -7.991  -1.427 0.0000000000
71598  35.752  -9.745  -3.052 0.0000000000
71599  36.194  -8.824  -2.494 0.0000000000
71600  35.753  -9.243  -3.114 0.0000000000
71601  35.795  -8.694  -3.154 0.0000000000
71602  35.386  -9.659  -3.806 0.0000000000
71604  35.404  -12.492  -5.153 0.0000000000
79065  38.547  2.463  -2.044 0.0000000000
79066  38.399  3.136  -2.165 0.0000000000
79067  38.212  1.938  -2.493 0.0000000000
83047  38.326  -10.862  3.328 0.0000000000
83048  38.273  -11.666  3.263 0.0000000000
83049  38.345  -10.913  3.756 0.0000000000
83050  37.785  -10.307  4.966 0.0000000000
83051  38.319  -11.002  4.590 0.0000000000
83052  38.190  -11.049  5.014 0.0000000000
83053  38.486  -11.795  5.073 0.0000000000
83054  37.989  -11.146  5.438 0.0000000000
83056  35.956  -7.883  6.021 0.0000000000
83059  36.342  -9.843  6.368 0.0000000000
83060  36.756  -10.670  6.414 0.0000000000
83061  37.547  -11.360  6.156 0.0000000000
83062  37.278  -11.420  6.510 0.0000000000
83063  37.789  -12.096  6.746 0.0000000000
84201  37.517  3.126  0.271 0.0000000000
84211  38.739  0.696  1.065 0.0000000000
84212  38.559  0.915  1.567 0.0000000000
84214  38.516  -0.241  1.928 0.0000000000
84215  38.390  -0.830  2.027 0.0000000000
84216  38.169  -1.744  1.506 0.0000000000
84217  38.238  -1.412  2.092 0.0000000000
84238  37.884  -2.374  2.737 0.0000000000
84239  37.879  -2.674  2.117 0.0000000000
84240  37.750  -3.234  2.169 0.0000000000
84241  37.701  -4.067  1.664 0.0000000000
84242  37.623  -3.790  2.229 0.0000000000
84243  37.391  -4.721  2.902 0.0000000000
84244  37.479  -5.024  2.361 0.0000000000
84245  37.450  -5.655  2.405 0.0000000000
84246  37.661  -6.589  1.882 0.0000000000
84247  37.466  -6.294  2.449 0.0000000000
84250  37.234  -4.402  4.794 0.0000000000
84251  37.062  -7.037  3.618 0.0000000000
84252  37.053  -6.322  3.601 0.0000000000
84253  37.365  -7.247  3.100 0.0000000000
84254  37.622  -7.521  2.555 0.0000000000
84255  37.807  -8.136  2.679 0.0000000000
84256  38.040  -8.954  2.244 0.0000000000
84257  37.948  -8.702  2.815 0.0000000000
84258  37.954  -9.598  3.606 0.0000000000
84259  38.138  -9.823  3.068 0.0000000000
84260  38.218  -10.333  3.198 0.0000000000
84261  38.021  -11.124  2.736 0.0000000000
88514  37.734  -13.044  3.292 0.0000000000
88515  36.994  -13.803  2.580 0.0000000000
88516  37.127  -13.729  3.140 0.0000000000
88517  36.280  -15.087  3.209 0.0000000000
88518  36.303  -15.226  2.612 0.0000000000
88519  36.075  -16.018  2.313 0.0000000000
88520  36.109  -16.928  1.434 0.0000000000
88521  35.984  -16.811  1.985 0.0000000000
88522  36.622  -14.995  5.244 0.0000000000
88523  36.569  -14.971  4.723 0.0000000000
88524  35.968  -15.693  4.457 0.0000000000
88525  35.602  -18.220  2.399 0.0000000000
88526  35.670  -17.436  2.724 0.0000000000
88527  35.766  -18.279  1.898 0.0000000000
88528  35.893  -18.344  1.338 0.0000000000
88529  35.774  -19.021  1.054 0.0000000000
91554  36.375  -15.457  0.978 0.0000000000
91555  36.425  -15.162  0.579 0.0000000000
91556  36.342  -15.944  0.317 0.0000000000
91557  36.134  -17.454  -1.362 0.0000000000
91558  36.237  -16.762  -1.060 0.0000000000
91559  36.156  -17.159  -1.752 0.0000000000
91560  36.150  -16.766  -2.064 0.0000000000
91561  36.072  -17.499  -2.437 0.0000000000
91568  36.208  -18.084  -3.867 0.0000000000
92227  37.314  -11.543  1.541 0.0000000000
92228  36.931  -11.983  0.938 0.0000000000
92229  36.862  -12.484  0.995 0.0000000000
92230  36.672  -13.469  0.422 0.0000000000
92231  36.512  -14.488  -0.125 0.0000000000
92725  37.505  5.726  -2.308 0.0000000000
92726  38.140  4.516  -2.494 0.0000000000
93802  38.028  -2.255  0.326 0.0000000000
93803  37.834  -2.737  -0.207 0.0000000000
93804  37.784  -3.359  -0.172 0.0000000000
93805  37.565  -4.564  -0.699 0.0000000000
93806  37.350  -5.802  -1.199 0.0000000000
98122  37.862  -7.196  0.739 0.0000000000
98123  37.776  -7.749  0.192 0.0000000000
98124  37.678  -8.312  0.300 0.0000000000
98125  37.354  -9.320  -0.105 0.0000000000
98126  36.893  -10.296  -0.554 0.0000000000
98127  36.232  -13.793  -1.641 0.0000000000
98128  36.196  -13.292  -1.639 0.0000000000
98129  36.105  -14.164  -2.238 0.0000000000
98130  35.998  -14.519  -2.864 0.0000000000
98131  35.918  -14.863  -3.526 0.0000000000
98132  35.922  -15.206  -4.250 0.0000000000
98133  36.017  -15.705  -4.220 0.0000000000
98134  36.191  -16.466  -4.897 0.0000000000
102847  38.195  2.600  -0.643 0.0000000000
102848  38.456  2.158  -1.012 0.0000000000
102849  38.539  1.551  -0.888 0.0000000000
102850  38.203  0.382  -1.195 0.0000000000
102851  37.591  -0.747  -1.525 0.0000000000
102852  36.838  -4.873  -2.262 0.0000000000
102853  36.760  -4.313  -2.290 0.0000000000
102854  36.500  -5.406  -2.831 0.0000000000
102855  36.168  -5.878  -3.398 0.0000000000
102861  36.526  -9.548  -1.861 0.0000000000
102862  36.619  -8.967  -1.889 0.0000000000
102863  36.183  -9.932  -2.408 0.0000000000
102864  35.844  -10.281  -2.984 0.0000000000
102865  35.602  -10.717  -3.689 0.0000000000
107343  37.336  0.133  -2.739 0.0000000000
107344  37.628  0.773  -2.856 0.0000000000
109732  37.590  -9.401  4.154 0.0000000000
109733  38.057  -10.180  4.202 0.0000000000
109734  37.366  -9.465  4.532 0.0000000000
109735  37.231  -9.517  4.912 0.0000000000
109736  36.990  -9.605  5.287 0.0000000000
110448  37.767  -2.679  3.353 0.0000000000
110449  37.574  -3.544  2.803 0.0000000000
110450  37.592  -3.285  3.362 0.0000000000
110451  37.498  -3.844  3.424 0.0000000000
110452  37.349  -4.465  3.490 0.0000000000
110453  37.065  -4.785  5.386 0.0000000000
110454  37.001  -5.099  4.754 0.0000000000
110455  36.826  -5.772  4.749 0.0000000000
110456  36.791  -6.802  4.150 0.0000000000
110457  37.126  -7.696  3.704 0.0000000000
110458  37.617  -8.510  3.339 0.0000000000
110459  37.213  -8.281  3.864 0.0000000000
110460  37.389  -8.851  3.971 0.0000000000
113012  38.147  -13.097  4.258 0.0000000000
113013  37.319  -13.721  3.633 0.0000000000
113014  37.558  -13.729  4.145 0.0000000000
113015  36.915  -14.389  3.935 0.0000000000
113016  36.375  -15.059  3.704 0.0000000000
113017  35.533  -16.426  4.638 0.0000000000
113018  35.622  -16.489  4.134 0.0000000000
113019  35.400  -17.324  3.768 0.0000000000
114837  36.266  -16.935  0.459 0.0000000000
114838  36.297  -16.651  0.016 0.0000000000
114839  36.219  -17.372  -0.261 0.0000000000
114840  36.139  -17.777  -0.989 0.0000000000
114841  36.059  -18.120  -1.700 0.0000000000
115357  37.742  -9.513  1.090 0.0000000000
115358  37.418  -9.978  0.549 0.0000000000
115359  37.289  -10.479  0.679 0.0000000000
115360  36.769  -11.434  0.232 0.0000000000
115361  36.494  -12.466  -0.395 0.0000000000
115362  36.694  -12.440  0.306 0.0000000000
115363  36.515  -12.946  -0.363 0.0000000000
115364  36.364  -13.416  -1.025 0.0000000000
115365  36.287  -14.313  -1.620 0.0000000000
115366  36.229  -15.221  -2.163 0.0000000000
115367  36.105  -16.043  -2.757 0.0000000000
119032  38.833  0.171  -0.005 0.0000000000
119033  38.447  -0.333  -0.516 0.0000000000
119034  38.257  -0.955  -0.408 0.0000000000
119035  37.765  -2.091  -0.826 0.0000000000
119036  37.392  -3.254  -1.274 0.0000000000
119037  37.605  -3.215  -0.699 0.0000000000
119038  37.319  -3.776  -1.225 0.0000000000
119039  37.050  -4.350  -1.757 0.0000000000
119040  36.752  -5.456  -2.258 0.0000000000
119041  36.344  -6.530  -2.760 0.0000000000
119042  35.952  -7.480  -3.203 0.0000000000
119043  35.653  -13.210  -4.437 0.0000000000
119044  35.564  -12.700  -4.436 0.0000000000
119045  35.617  -13.521  -5.180 0.0000000000
124387  36.625  -5.679  6.060 0.0000000000
124388  36.249  -6.744  5.827 0.0000000000
126938  38.405  -13.343  6.055 0.0000000000
126939  37.996  -13.874  5.484 0.0000000000
126940  38.052  -13.944  5.959 0.0000000000
126941  37.473  -14.465  5.886 0.0000000000
126942  36.765  -15.028  5.751 0.0000000000
126943  37.668  -14.613  6.778 0.0000000000
126944  36.854  -15.084  6.190 0.0000000000
126945  36.036  -15.673  5.469 0.0000000000
128358  35.955  -19.731  -0.898 0.0000000000
128359  35.979  -19.412  -1.226 0.0000000000
129067  37.780  -4.681  0.531 0.0000000000
129068  37.696  -5.255  -0.050 0.0000000000
129069  37.709  -5.885  0.027 0.0000000000
129070  37.688  -7.082  -0.495 0.0000000000
129071  37.380  -8.105  -0.901 0.0000000000
129072  37.579  -8.227  -0.316 0.0000000000
129073  37.289  -8.662  -0.804 0.0000000000
129074  36.893  -9.128  -1.332 0.0000000000
129075  36.404  -10.110  -1.799 0.0000000000
129076  36.071  -11.071  -2.366 0.0000000000
129077  35.877  -11.977  -3.016 0.0000000000
129078  37.076  -10.427  0.050 0.0000000000
129079  36.759  -10.864  -0.500 0.0000000000
129080  36.468  -11.293  -1.097 0.0000000000
129081  36.180  -12.801  -1.644 0.0000000000
129082  36.221  -12.204  -1.639 0.0000000000
129083  36.252  -11.714  -1.701 0.0000000000
129084  36.080  -12.094  -2.300 0.0000000000
129085  35.923  -12.462  -2.944 0.0000000000
129086  35.762  -12.862  -3.681 0.0000000000
129087  35.712  -13.642  -4.333 0.0000000000
129088  35.777  -14.519  -5.081 0.0000000000
129090  35.991  -15.490  -4.971 0.0000000000
138997  37.116  5.522  -1.176 0.0000000000
138998  37.543  4.929  -1.572 0.0000000000
138999  37.810  4.264  -1.415 0.0000000000
139000  38.439  3.030  -1.642 0.0000000000
139001  38.378  1.831  -1.918 0.0000000000
139002  38.582  1.696  -1.411 0.0000000000
139003  38.209  1.168  -1.835 0.0000000000
139004  37.794  0.654  -2.266 0.0000000000
139005  37.109  -0.516  -2.614 0.0000000000
139008  38.008  -0.869  -0.985 0.0000000000
139009  37.526  -1.427  -1.438 0.0000000000
139010  37.129  -1.885  -1.903 0.0000000000
139011  36.761  -3.624  -2.285 0.0000000000
139012  36.788  -3.009  -2.351 0.0000000000
139013  36.836  -2.417  -2.423 0.0000000000
139014  36.567  -2.968  -2.984 0.0000000000
139026  37.536  -5.854  -0.623 0.0000000000
139027  37.391  -6.409  -1.136 0.0000000000
139028  37.103  -6.872  -1.594 0.0000000000
139029  36.685  -8.414  -1.934 0.0000000000
139030  36.742  -7.884  -2.017 0.0000000000
139031  36.728  -7.295  -2.075 0.0000000000
139032  36.276  -7.695  -2.632 0.0000000000
139033  35.870  -8.062  -3.161 0.0000000000
139034  35.533  -8.469  -3.807 0.0000000000
139035  35.479  -12.179  -4.395 0.0000000000
139036  35.454  -11.665  -4.429 0.0000000000
139037  35.408  -11.099  -4.413 0.0000000000
139039  35.275  -11.429  -5.139 0.0000000000
139040  35.314  -10.568  -4.458 0.0000000000
139041  35.310  -10.032  -4.492 0.0000000000
139042  35.303  -9.463  -4.519 0.0000000000
139043  35.253  -8.937  -4.551 0.0000000000
148110  37.960  4.382  -1.942 0.0000000000
148111  38.298  3.829  -2.312 0.0000000000
148112  38.460  3.256  -2.719 0.0000000000
152902  37.551  -12.337  2.352 0.0000000000
152903  37.299  -13.033  2.306 0.0000000000
152904  37.823  -12.336  2.780 0.0000000000
152905  38.117  -12.362  3.219 0.0000000000
152906  38.285  -12.376  3.710 0.0000000000
152907  38.447  -10.928  4.192 0.0000000000
152908  38.594  -11.695  4.170 0.0000000000
152909  38.487  -12.396  4.178 0.0000000000
152910  38.500  -12.481  4.652 0.0000000000
152911  38.578  -12.574  5.089 0.0000000000
152912  38.543  -12.572  5.562 0.0000000000
152913  36.158  -7.830  5.671 0.0000000000
152914  36.355  -8.794  5.628 0.0000000000
152915  36.794  -9.673  5.650 0.0000000000
152917  36.617  -9.831  6.002 0.0000000000
152918  37.343  -10.499  5.723 0.0000000000
152919  37.766  -11.264  5.798 0.0000000000
152920  38.251  -11.966  5.877 0.0000000000
152921  38.466  -12.602  6.049 0.0000000000
152922  38.346  -12.676  6.477 0.0000000000
152923  38.185  -12.747  6.873 0.0000000000
154281  36.511  6.535  -0.920 0.0000000000
154282  36.747  5.835  -0.726 0.0000000000
154283  36.998  5.083  -0.565 0.0000000000
154284  37.224  4.320  -0.404 0.0000000000
154286  36.796  4.554  -0.016 0.0000000000
154287  37.551  3.541  -0.322 0.0000000000
154288  37.906  2.858  -0.206 0.0000000000
154289  38.214  2.303  0.018 0.0000000000
154290  38.584  1.699  0.180 0.0000000000
154298  38.328  1.932  0.653 0.0000000000
154299  38.772  1.065  0.349 0.0000000000
154300  38.824  0.455  0.531 0.0000000000
154301  38.732  -0.160  0.679 0.0000000000
154302  38.440  -0.859  0.713 0.0000000000
154303  38.595  0.334  1.764 0.0000000000
154304  38.603  -0.524  1.377 0.0000000000
154305  38.321  -1.403  0.835 0.0000000000
154306  38.113  -1.966  0.924 0.0000000000
154307  37.919  -2.566  0.992 0.0000000000
154308  37.802  -3.139  1.064 0.0000000000
154333  38.044  -1.984  2.163 0.0000000000
154334  37.872  -2.886  1.604 0.0000000000
154335  37.787  -3.777  1.068 0.0000000000
154336  37.765  -4.402  1.105 0.0000000000
154337  37.767  -4.993  1.144 0.0000000000
154338  37.769  -5.597  1.194 0.0000000000
154339  37.511  -4.407  2.284 0.0000000000
154340  37.631  -5.317  1.775 0.0000000000
154341  37.794  -6.252  1.265 0.0000000000
154342  37.818  -6.880  1.321 0.0000000000
154343  37.848  -7.494  1.397 0.0000000000
154344  37.879  -8.111  1.465 0.0000000000
154346  37.375  -4.177  4.078 0.0000000000
154347  37.212  -5.068  3.550 0.0000000000
154348  37.034  -5.360  4.192 0.0000000000
154349  37.137  -5.616  3.634 0.0000000000
154350  37.265  -5.945  3.037 0.0000000000
154351  37.530  -6.898  2.506 0.0000000000
154352  37.823  -7.842  2.013 0.0000000000
154353  37.965  -8.704  1.529 0.0000000000
154354  37.923  -9.224  1.678 0.0000000000
154355  37.905  -9.770  1.790 0.0000000000
154356  37.871  -10.300  1.916 0.0000000000
154357  38.039  -9.255  2.953 0.0000000000
154358  38.102  -10.037  2.511 0.0000000000
154359  37.779  -10.812  2.061 0.0000000000
154360  37.680  -11.313  2.152 0.0000000000
154361  37.601  -11.859  2.240 0.0000000000
159468  36.753  -13.777  1.570 0.0000000000
159469  36.908  -13.826  2.083 0.0000000000
159470  36.559  -14.615  1.782 0.0000000000
159471  36.338  -15.407  1.514 0.0000000000
159472  36.655  -14.481  2.871 0.0000000000
159473  36.288  -15.315  2.076 0.0000000000
159474  36.220  -16.209  1.252 0.0000000000
159475  36.184  -16.975  0.962 0.0000000000
159476  36.133  -17.711  0.615 0.0000000000
159477  36.049  -18.420  0.304 0.0000000000
159478  37.242  -14.333  4.916 0.0000000000
159479  36.427  -14.982  4.211 0.0000000000
159480  36.001  -15.789  3.416 0.0000000000
159481  35.697  -16.539  3.592 0.0000000000
159482  35.767  -16.621  3.059 0.0000000000
159483  35.899  -16.713  2.529 0.0000000000
159484  35.968  -17.619  1.630 0.0000000000
159485  36.028  -18.403  0.810 0.0000000000
159486  35.943  -19.099  -0.014 0.0000000000
163114  36.572  -14.315  0.890 0.0000000000
163115  36.484  -14.812  0.220 0.0000000000
163116  36.450  -15.287  -0.436 0.0000000000
163117  36.305  -16.344  -0.371 0.0000000000
163118  36.360  -16.030  -0.746 0.0000000000
163119  36.363  -15.694  -1.074 0.0000000000
163120  36.228  -16.056  -1.734 0.0000000000
163121  36.113  -16.390  -2.407 0.0000000000
163122  36.073  -16.711  -3.113 0.0000000000
163123  36.038  -19.100  -1.635 0.0000000000
163124  36.037  -18.785  -2.036 0.0000000000
163125  36.042  -18.495  -2.440 0.0000000000
163128  36.061  -18.179  -2.840 0.0000000000
163129  36.081  -17.803  -3.153 0.0000000000
163130  36.092  -17.401  -3.488 0.0000000000
163131  36.123  -17.046  -3.816 0.0000000000
163132  36.267  -17.319  -4.518 0.0000000000
