#!ascii label  , from subject fsaverage vox2ras=TkReg
1198
117  -30.078  23.344  -20.138 0.0000000000
513  -31.893  23.307  -14.535 0.0000000000
530  -27.134  26.445  0.310 0.0000000000
682  -27.273  18.922  -6.431 0.0000000000
1327  -33.738  21.534  -18.985 0.0000000000
1328  -27.438  20.930  -15.244 0.0000000000
1329  -29.562  18.776  -20.718 0.0000000000
1330  -22.918  9.720  -16.704 0.0000000000
1732  -25.031  23.983  -15.719 0.0000000000
1733  -26.852  19.088  -22.376 0.0000000000
1734  -22.592  19.993  -18.046 0.0000000000
1735  -19.827  14.433  -20.242 0.0000000000
2183  -37.466  24.227  -16.100 0.0000000000
2184  -34.187  26.593  -17.728 0.0000000000
2187  -27.502  28.593  -14.355 0.0000000000
2234  -26.796  25.189  -2.919 0.0000000000
2427  -25.871  20.860  -10.716 0.0000000000
2600  -27.860  21.366  -4.287 0.0000000000
2602  -26.419  21.362  -6.120 0.0000000000
3247  -32.511  22.174  -20.230 0.0000000000
3248  -31.605  20.179  -19.899 0.0000000000
3249  -30.717  20.438  -21.596 0.0000000000
3847  -22.112  24.115  -14.849 0.0000000000
3848  -23.829  22.119  -16.982 0.0000000000
3849  -21.133  22.113  -16.335 0.0000000000
3851  -18.660  17.064  -20.298 0.0000000000
3852  -18.301  14.010  -20.996 0.0000000000
3853  -20.135  12.044  -18.837 0.0000000000
4821  -36.438  25.393  -17.521 0.0000000000
4829  -28.971  30.340  -13.616 0.0000000000
4831  -24.303  28.464  -12.624 0.0000000000
5014  -28.467  23.054  -0.084 0.0000000000
5015  -28.480  22.720  -1.594 0.0000000000
5016  -26.905  25.938  -1.386 0.0000000000
5422  -30.210  24.349  -12.455 0.0000000000
5423  -26.786  23.029  -10.702 0.0000000000
5424  -28.068  22.953  -12.826 0.0000000000
5426  -25.394  19.039  -12.877 0.0000000000
6753  -27.288  26.823  2.160 0.0000000000
6997  -33.182  22.205  -16.677 0.0000000000
6998  -29.495  22.222  -15.025 0.0000000000
6999  -30.951  21.091  -17.388 0.0000000000
7000  -28.648  19.990  -17.745 0.0000000000
7882  -27.441  24.303  -18.590 0.0000000000
7883  -28.623  21.367  -21.488 0.0000000000
7884  -26.160  22.273  -19.518 0.0000000000
7885  -24.841  20.075  -20.325 0.0000000000
7886  -23.344  17.804  -20.335 0.0000000000
7888  -20.990  17.419  -19.041 0.0000000000
7889  -21.664  14.858  -20.310 0.0000000000
7890  -21.453  12.203  -19.083 0.0000000000
9108  -33.783  24.651  -13.174 0.0000000000
9111  -35.015  23.532  -15.201 0.0000000000
9112  -35.633  23.150  -17.341 0.0000000000
9113  -34.659  23.618  -18.828 0.0000000000
9114  -32.268  25.039  -18.906 0.0000000000
9121  -32.404  29.903  -15.975 0.0000000000
9122  -30.873  28.347  -16.859 0.0000000000
9123  -29.161  26.383  -17.865 0.0000000000
9124  -26.436  26.381  -15.200 0.0000000000
9125  -23.353  26.116  -13.536 0.0000000000
9259  -28.045  29.655  1.925 0.0000000000
9260  -27.820  29.181  -0.048 0.0000000000
9263  -27.574  28.615  -1.946 0.0000000000
9264  -27.569  27.962  -3.818 0.0000000000
9265  -27.663  27.226  -5.598 0.0000000000
9266  -26.620  24.563  -4.527 0.0000000000
9348  -28.388  22.222  -3.043 0.0000000000
9837  -26.050  22.402  -8.365 0.0000000000
9838  -26.157  20.049  -8.470 0.0000000000
9840  -26.300  21.161  -12.960 0.0000000000
9841  -25.833  18.452  -10.806 0.0000000000
9846  -28.712  18.507  -22.617 0.0000000000
10280  -26.752  22.512  -5.017 0.0000000000
10281  -27.019  21.330  -5.148 0.0000000000
10282  -26.314  22.634  -6.018 0.0000000000
10927  -31.378  22.782  -20.291 0.0000000000
10928  -31.626  21.315  -20.863 0.0000000000
10929  -30.637  21.830  -21.073 0.0000000000
11527  -20.907  24.366  -15.347 0.0000000000
11528  -21.722  23.169  -15.668 0.0000000000
12692  -27.538  24.946  1.050 0.0000000000
12693  -28.351  23.323  0.714 0.0000000000
12694  -27.517  24.690  0.156 0.0000000000
12695  -27.509  24.435  -0.660 0.0000000000
12696  -27.044  26.089  -0.519 0.0000000000
13102  -31.064  23.831  -13.477 0.0000000000
13103  -29.062  23.689  -12.662 0.0000000000
13104  -29.882  23.273  -13.750 0.0000000000
13563  -28.143  19.033  -5.591 0.0000000000
15502  -33.594  21.722  -17.836 0.0000000000
15503  -32.019  21.626  -17.101 0.0000000000
15504  -32.586  21.124  -18.274 0.0000000000
15505  -30.607  19.470  -20.403 0.0000000000
15506  -30.370  19.916  -19.010 0.0000000000
15507  -29.299  19.353  -19.200 0.0000000000
17302  -26.322  24.208  -16.995 0.0000000000
17303  -26.891  23.322  -19.154 0.0000000000
17304  -25.742  23.157  -17.601 0.0000000000
17305  -23.189  21.109  -17.548 0.0000000000
17306  -24.394  21.253  -18.706 0.0000000000
17307  -23.751  20.192  -19.085 0.0000000000
17308  -24.085  18.947  -20.369 0.0000000000
17309  -23.048  19.014  -19.332 0.0000000000
17313  -19.205  15.752  -20.289 0.0000000000
17314  -19.724  17.180  -19.384 0.0000000000
17315  -20.182  15.867  -19.795 0.0000000000
17316  -21.355  16.155  -19.806 0.0000000000
17317  -20.694  14.574  -20.105 0.0000000000
17318  -21.347  13.345  -19.888 0.0000000000
17319  -20.528  13.204  -19.836 0.0000000000
17321  -21.000  10.819  -17.644 0.0000000000
20219  -36.056  24.104  -14.506 0.0000000000
20220  -36.415  23.809  -15.660 0.0000000000
20221  -35.504  23.224  -16.251 0.0000000000
20222  -36.520  23.856  -16.716 0.0000000000
20223  -35.360  25.976  -17.807 0.0000000000
20224  -35.527  24.537  -18.084 0.0000000000
20225  -34.579  25.092  -18.356 0.0000000000
20226  -33.588  24.315  -18.961 0.0000000000
20227  -33.303  25.809  -18.311 0.0000000000
20244  -33.363  30.015  -15.330 0.0000000000
20245  -31.675  30.689  -14.374 0.0000000000
20246  -28.223  29.519  -13.907 0.0000000000
20247  -29.831  29.644  -15.369 0.0000000000
20248  -29.110  28.756  -15.728 0.0000000000
20249  -30.077  27.419  -17.311 0.0000000000
20250  -28.425  27.620  -16.165 0.0000000000
20251  -27.826  26.479  -16.589 0.0000000000
20252  -26.898  27.589  -14.888 0.0000000000
20254  -23.845  27.267  -13.086 0.0000000000
20256  -21.901  26.197  -13.492 0.0000000000
20593  -27.934  29.448  0.968 0.0000000000
20594  -28.712  30.182  -0.278 0.0000000000
20601  -28.586  29.519  -2.236 0.0000000000
20602  -28.577  29.158  -3.177 0.0000000000
20603  -27.524  28.257  -2.876 0.0000000000
20604  -28.702  28.834  -4.165 0.0000000000
20606  -28.892  28.095  -6.040 0.0000000000
20608  -27.702  26.825  -6.417 0.0000000000
20807  -27.413  23.922  -2.177 0.0000000000
20808  -28.480  22.522  -2.370 0.0000000000
20809  -27.356  23.550  -2.907 0.0000000000
20810  -27.170  23.291  -3.582 0.0000000000
20811  -26.728  24.895  -3.729 0.0000000000
22029  -26.820  23.910  -9.462 0.0000000000
22030  -26.201  21.981  -10.716 0.0000000000
22031  -25.979  21.670  -9.519 0.0000000000
22032  -25.907  20.479  -9.545 0.0000000000
22033  -26.480  18.759  -8.608 0.0000000000
22034  -26.013  19.283  -9.626 0.0000000000
22035  -28.388  21.621  -15.138 0.0000000000
22036  -27.710  21.929  -14.023 0.0000000000
22037  -26.795  21.146  -14.066 0.0000000000
22039  -25.497  18.806  -11.862 0.0000000000
22050  -27.677  20.278  -21.955 0.0000000000
22051  -28.750  19.830  -22.387 0.0000000000
22052  -27.845  18.724  -22.847 0.0000000000
23112  -29.518  20.528  -3.922 0.0000000000
23114  -28.490  20.318  -4.564 0.0000000000
23115  -27.519  20.222  -5.342 0.0000000000
23116  -26.735  20.118  -6.237 0.0000000000
24277  -33.220  21.765  -19.789 0.0000000000
24278  -32.662  20.837  -19.445 0.0000000000
24279  -32.372  21.014  -20.319 0.0000000000
24280  -31.390  20.225  -20.981 0.0000000000
24281  -30.407  19.372  -21.493 0.0000000000
25357  -23.547  23.971  -14.965 0.0000000000
25358  -24.452  23.026  -16.345 0.0000000000
25359  -23.062  22.983  -15.656 0.0000000000
25360  -22.504  22.038  -16.368 0.0000000000
25361  -21.869  20.942  -16.968 0.0000000000
25365  -18.380  15.554  -21.050 0.0000000000
25366  -19.025  14.198  -20.625 0.0000000000
25367  -19.816  13.126  -19.903 0.0000000000
25368  -19.098  13.003  -20.120 0.0000000000
27109  -37.157  24.702  -16.961 0.0000000000
27111  -36.262  26.520  -17.263 0.0000000000
27112  -34.959  27.357  -17.219 0.0000000000
27123  -30.023  30.899  -13.272 0.0000000000
27125  -27.435  30.249  -12.450 0.0000000000
27126  -26.543  29.452  -12.839 0.0000000000
27127  -25.876  28.566  -13.379 0.0000000000
27338  -30.206  28.958  -5.293 0.0000000000
27458  -29.595  21.617  -0.449 0.0000000000
27459  -29.666  21.563  -1.235 0.0000000000
27460  -28.492  22.895  -0.873 0.0000000000
27461  -27.455  24.193  -1.416 0.0000000000
27462  -26.823  25.546  -2.120 0.0000000000
28192  -29.363  24.725  -11.483 0.0000000000
28193  -27.540  23.994  -10.611 0.0000000000
28194  -28.296  23.915  -11.605 0.0000000000
28195  -27.394  23.070  -11.752 0.0000000000
28196  -26.627  22.142  -11.894 0.0000000000
28197  -26.562  20.124  -15.227 0.0000000000
28198  -26.074  20.215  -14.064 0.0000000000
28206  -25.981  17.981  -22.558 0.0000000000
28207  -26.877  17.558  -23.049 0.0000000000
31118  -27.562  25.153  1.877 0.0000000000
31119  -27.221  26.645  1.220 0.0000000000
31687  -32.553  22.725  -15.571 0.0000000000
31688  -30.719  22.764  -14.844 0.0000000000
31689  -31.420  22.225  -15.956 0.0000000000
31690  -30.217  21.733  -16.169 0.0000000000
31691  -29.063  21.168  -16.309 0.0000000000
31692  -31.492  20.507  -18.667 0.0000000000
31693  -29.778  20.567  -17.645 0.0000000000
31694  -28.005  20.540  -16.411 0.0000000000
34012  -28.715  24.068  -19.643 0.0000000000
34013  -29.346  22.368  -20.855 0.0000000000
34014  -28.078  22.924  -20.235 0.0000000000
34015  -27.350  21.884  -20.733 0.0000000000
34016  -26.595  20.761  -21.134 0.0000000000
34017  -25.067  22.267  -18.094 0.0000000000
34018  -25.509  21.213  -19.978 0.0000000000
34019  -25.879  19.637  -21.435 0.0000000000
34020  -25.096  18.477  -21.559 0.0000000000
34021  -24.299  17.380  -21.399 0.0000000000
34022  -23.409  16.308  -20.970 0.0000000000
34024  -20.512  21.032  -17.055 0.0000000000
34025  -21.204  19.801  -17.605 0.0000000000
34026  -19.179  18.534  -19.114 0.0000000000
34027  -20.413  18.526  -18.391 0.0000000000
34028  -21.854  18.770  -18.454 0.0000000000
34029  -22.225  17.644  -19.473 0.0000000000
34030  -22.506  16.384  -20.248 0.0000000000
34031  -22.631  14.901  -20.628 0.0000000000
34032  -22.182  13.452  -20.091 0.0000000000
34033  -22.098  12.202  -19.180 0.0000000000
34034  -22.168  10.894  -18.028 0.0000000000
34035  -20.718  12.162  -19.046 0.0000000000
34036  -21.585  10.895  -17.954 0.0000000000
34037  -22.342  9.566  -16.762 0.0000000000
37564  -31.058  25.057  -11.929 0.0000000000
37565  -32.033  24.524  -12.882 0.0000000000
37566  -32.869  23.957  -13.840 0.0000000000
37573  -35.567  24.640  -13.507 0.0000000000
37574  -34.561  24.055  -14.162 0.0000000000
37575  -33.550  23.413  -14.879 0.0000000000
37576  -34.095  22.960  -15.893 0.0000000000
37577  -34.558  22.547  -17.017 0.0000000000
37578  -34.667  22.264  -18.104 0.0000000000
37579  -36.212  24.159  -17.565 0.0000000000
37580  -35.382  23.235  -18.186 0.0000000000
37581  -34.326  22.466  -19.060 0.0000000000
37582  -33.546  22.903  -19.527 0.0000000000
37583  -32.523  23.615  -19.642 0.0000000000
37584  -31.206  24.148  -19.461 0.0000000000
37604  -34.159  28.820  -16.446 0.0000000000
37605  -33.426  28.315  -16.989 0.0000000000
37606  -30.643  30.314  -14.893 0.0000000000
37607  -31.610  29.272  -16.492 0.0000000000
37608  -32.643  27.483  -17.449 0.0000000000
37609  -31.765  26.695  -17.903 0.0000000000
37610  -30.761  25.764  -18.451 0.0000000000
37611  -29.707  24.999  -19.048 0.0000000000
37612  -28.312  25.370  -18.283 0.0000000000
37613  -27.107  25.298  -16.866 0.0000000000
37614  -25.823  25.082  -15.411 0.0000000000
37615  -25.329  27.431  -13.791 0.0000000000
37616  -24.934  26.167  -14.149 0.0000000000
37617  -24.301  25.011  -14.495 0.0000000000
37618  -22.810  25.060  -14.106 0.0000000000
37619  -21.443  25.213  -14.314 0.0000000000
38022  -27.459  28.289  2.086 0.0000000000
38023  -27.375  28.140  1.131 0.0000000000
38024  -27.241  27.927  0.171 0.0000000000
38031  -28.649  29.827  -1.244 0.0000000000
38032  -27.636  28.880  -0.988 0.0000000000
38033  -27.095  27.639  -0.714 0.0000000000
38034  -26.962  27.299  -1.636 0.0000000000
38035  -26.886  27.028  -2.504 0.0000000000
38036  -26.888  26.707  -3.399 0.0000000000
38037  -28.778  28.466  -5.124 0.0000000000
38038  -27.643  27.619  -4.760 0.0000000000
38039  -26.867  26.394  -4.246 0.0000000000
38040  -26.864  26.050  -5.085 0.0000000000
38041  -26.804  25.682  -5.891 0.0000000000
38042  -26.461  24.181  -5.265 0.0000000000
38282  -29.779  21.457  -2.002 0.0000000000
38283  -29.780  21.304  -2.701 0.0000000000
38284  -29.675  20.974  -3.352 0.0000000000
38285  -28.150  21.834  -3.677 0.0000000000
38286  -26.967  22.852  -4.304 0.0000000000
39748  -26.006  21.902  -7.183 0.0000000000
39749  -26.076  20.651  -7.276 0.0000000000
39750  -26.248  22.876  -9.533 0.0000000000
39751  -25.991  21.194  -8.403 0.0000000000
39752  -26.545  19.451  -7.348 0.0000000000
39753  -27.068  18.229  -7.556 0.0000000000
39756  -28.768  22.640  -13.913 0.0000000000
39757  -27.110  22.083  -12.930 0.0000000000
39758  -26.054  21.108  -11.878 0.0000000000
39759  -25.783  20.198  -12.983 0.0000000000
39760  -25.658  20.032  -11.898 0.0000000000
39761  -25.718  19.726  -10.746 0.0000000000
39762  -26.346  18.057  -9.773 0.0000000000
39774  -29.729  20.867  -21.810 0.0000000000
39775  -29.746  19.505  -22.178 0.0000000000
39776  -29.336  18.505  -21.890 0.0000000000
39777  -27.688  17.443  -22.821 0.0000000000
39778  -28.266  17.542  -22.079 0.0000000000
41000  -26.426  23.214  -5.498 0.0000000000
41001  -26.502  22.601  -5.522 0.0000000000
41647  -30.738  23.047  -20.243 0.0000000000
41648  -31.010  22.302  -20.681 0.0000000000
41649  -30.387  22.532  -20.648 0.0000000000
42248  -20.707  23.899  -15.750 0.0000000000
43412  -27.282  25.725  0.675 0.0000000000
43413  -27.538  24.847  0.581 0.0000000000
43414  -27.244  25.581  0.241 0.0000000000
43415  -27.229  25.366  -0.162 0.0000000000
43416  -27.097  26.268  -0.116 0.0000000000
43822  -31.518  23.553  -13.996 0.0000000000
43823  -30.462  23.561  -13.632 0.0000000000
43824  -30.893  23.286  -14.140 0.0000000000
44283  -27.710  18.961  -5.983 0.0000000000
44287  -27.570  18.368  -6.560 0.0000000000
46222  -33.690  21.548  -18.471 0.0000000000
46223  -33.093  21.422  -18.061 0.0000000000
46224  -33.222  21.260  -18.666 0.0000000000
46225  -30.091  19.121  -20.554 0.0000000000
46226  -30.036  19.317  -19.885 0.0000000000
46227  -29.469  19.025  -19.980 0.0000000000
46228  -28.743  19.051  -19.263 0.0000000000
46229  -28.939  18.729  -20.032 0.0000000000
46230  -22.841  10.342  -17.406 0.0000000000
48022  -25.720  24.085  -16.333 0.0000000000
48023  -26.044  23.678  -17.306 0.0000000000
48024  -25.423  23.558  -16.639 0.0000000000
48025  -22.879  20.547  -17.827 0.0000000000
48026  -23.492  20.656  -18.327 0.0000000000
48027  -23.181  20.092  -18.511 0.0000000000
48028  -23.404  19.629  -19.213 0.0000000000
48029  -22.867  19.515  -18.681 0.0000000000
48033  -19.513  15.113  -20.295 0.0000000000
48034  -19.712  15.788  -19.951 0.0000000000
48035  -19.967  15.151  -20.099 0.0000000000
48036  -20.451  15.214  -19.990 0.0000000000
48037  -20.249  14.472  -20.128 0.0000000000
48038  -20.513  13.864  -20.082 0.0000000000
48039  -20.135  13.750  -20.086 0.0000000000
50939  -36.949  24.073  -15.378 0.0000000000
50940  -36.993  24.005  -15.898 0.0000000000
50941  -36.537  23.736  -16.212 0.0000000000
50942  -36.978  24.086  -16.402 0.0000000000
50943  -34.787  26.271  -17.792 0.0000000000
50944  -35.015  25.510  -18.059 0.0000000000
50945  -34.441  25.850  -18.054 0.0000000000
50946  -33.980  25.433  -18.365 0.0000000000
50947  -33.806  26.196  -18.008 0.0000000000
50966  -27.836  29.074  -14.112 0.0000000000
50967  -28.656  29.153  -14.802 0.0000000000
50968  -28.297  28.663  -14.986 0.0000000000
50969  -28.744  28.164  -15.959 0.0000000000
50970  -27.984  28.140  -15.267 0.0000000000
50971  -27.677  27.615  -15.491 0.0000000000
50972  -27.204  28.141  -14.637 0.0000000000
51313  -28.773  30.322  0.218 0.0000000000
51321  -29.229  29.494  -3.294 0.0000000000
51322  -29.251  29.293  -3.736 0.0000000000
51323  -28.596  29.009  -3.640 0.0000000000
51324  -29.318  29.136  -4.232 0.0000000000
51527  -27.037  24.515  -2.519 0.0000000000
51528  -27.375  23.738  -2.569 0.0000000000
51529  -26.987  24.374  -2.925 0.0000000000
51530  -26.923  24.215  -3.268 0.0000000000
51531  -26.763  25.045  -3.321 0.0000000000
52750  -26.012  21.431  -10.713 0.0000000000
52751  -25.906  21.284  -10.133 0.0000000000
52752  -25.839  20.701  -10.107 0.0000000000
52753  -25.938  19.880  -9.575 0.0000000000
52754  -25.806  20.107  -10.123 0.0000000000
52755  -27.890  21.296  -15.177 0.0000000000
52756  -27.559  21.438  -14.602 0.0000000000
52757  -27.100  21.052  -14.631 0.0000000000
52770  -27.255  19.675  -22.172 0.0000000000
52771  -27.783  19.485  -22.476 0.0000000000
52772  -27.334  18.888  -22.679 0.0000000000
53880  -28.639  20.925  -4.056 0.0000000000
53881  -28.976  20.420  -4.247 0.0000000000
53882  -28.157  20.841  -4.413 0.0000000000
53883  -26.691  21.342  -5.631 0.0000000000
53884  -27.235  20.770  -5.238 0.0000000000
53885  -26.882  20.757  -5.701 0.0000000000
53886  -27.113  20.162  -5.796 0.0000000000
53887  -26.550  20.741  -6.174 0.0000000000
55822  -32.883  21.962  -20.057 0.0000000000
55823  -32.814  21.404  -20.058 0.0000000000
55824  -32.489  21.555  -20.351 0.0000000000
55825  -31.157  20.907  -21.241 0.0000000000
55826  -31.550  20.732  -20.995 0.0000000000
55827  -31.077  20.295  -21.343 0.0000000000
55828  -30.916  19.794  -21.261 0.0000000000
55829  -30.599  19.812  -21.676 0.0000000000
57622  -22.825  24.009  -14.833 0.0000000000
57623  -23.332  23.467  -15.316 0.0000000000
57624  -22.624  23.530  -15.216 0.0000000000
57625  -21.443  22.657  -16.002 0.0000000000
57626  -22.134  22.561  -15.964 0.0000000000
57627  -21.844  22.044  -16.285 0.0000000000
57628  -22.185  21.511  -16.679 0.0000000000
57629  -21.497  21.520  -16.615 0.0000000000
57633  -17.933  14.738  -21.414 0.0000000000
57634  -18.023  15.537  -21.350 0.0000000000
57635  -18.334  14.750  -21.209 0.0000000000
57636  -18.705  14.850  -20.917 0.0000000000
57637  -18.657  14.077  -20.854 0.0000000000
57638  -19.011  13.496  -20.489 0.0000000000
57639  -18.673  13.430  -20.583 0.0000000000
60545  -36.051  27.106  -16.970 0.0000000000
60546  -35.631  26.900  -17.246 0.0000000000
60547  -35.401  27.508  -16.934 0.0000000000
60568  -26.628  30.241  -12.000 0.0000000000
60569  -26.956  29.843  -12.613 0.0000000000
60570  -26.177  29.850  -12.191 0.0000000000
60571  -25.749  29.453  -12.432 0.0000000000
61120  -28.426  23.160  0.310 0.0000000000
61121  -28.864  22.524  0.561 0.0000000000
61122  -28.942  22.409  0.126 0.0000000000
61123  -29.525  21.684  -0.056 0.0000000000
61124  -29.008  22.324  -0.249 0.0000000000
61125  -29.043  22.266  -0.647 0.0000000000
61126  -28.490  22.970  -0.481 0.0000000000
61127  -27.139  25.185  -1.000 0.0000000000
61128  -27.445  24.332  -1.032 0.0000000000
61129  -27.113  25.031  -1.360 0.0000000000
61130  -27.082  24.866  -1.729 0.0000000000
61131  -26.897  25.730  -1.749 0.0000000000
62347  -29.805  24.546  -11.958 0.0000000000
62348  -28.826  24.324  -11.541 0.0000000000
62349  -29.202  24.199  -12.027 0.0000000000
62350  -28.557  23.328  -12.760 0.0000000000
62351  -28.186  23.467  -12.247 0.0000000000
62352  -27.731  23.044  -12.289 0.0000000000
62353  -26.991  22.607  -11.815 0.0000000000
62354  -27.317  22.610  -12.342 0.0000000000
62370  -25.575  17.428  -22.524 0.0000000000
62371  -25.983  17.203  -22.866 0.0000000000
68329  -27.357  25.976  2.026 0.0000000000
68330  -27.338  25.894  1.582 0.0000000000
68331  -27.255  26.713  1.703 0.0000000000
69547  -32.899  22.483  -16.136 0.0000000000
69548  -32.034  22.471  -15.804 0.0000000000
69549  -32.383  22.170  -16.360 0.0000000000
69550  -31.502  21.363  -17.237 0.0000000000
69551  -31.182  21.699  -16.643 0.0000000000
69552  -30.610  21.426  -16.756 0.0000000000
69553  -29.656  21.460  -16.256 0.0000000000
69554  -30.010  21.147  -16.864 0.0000000000
69555  -32.143  20.521  -19.657 0.0000000000
69556  -32.163  20.613  -19.086 0.0000000000
69557  -31.597  20.303  -19.299 0.0000000000
69558  -29.530  19.965  -18.419 0.0000000000
69559  -30.102  20.222  -18.384 0.0000000000
69560  -29.196  20.278  -17.705 0.0000000000
69561  -28.846  20.586  -17.003 0.0000000000
69562  -28.322  20.272  -17.055 0.0000000000
69563  -27.552  20.210  -16.440 0.0000000000
69564  -27.823  19.960  -17.097 0.0000000000
74947  -28.059  24.249  -19.188 0.0000000000
74948  -28.356  23.543  -19.905 0.0000000000
74949  -27.722  23.720  -19.492 0.0000000000
74950  -26.516  22.796  -19.317 0.0000000000
74951  -27.107  22.645  -19.996 0.0000000000
74952  -26.742  22.115  -20.181 0.0000000000
74953  -26.959  21.345  -20.937 0.0000000000
74954  -26.369  21.584  -20.378 0.0000000000
74955  -24.161  22.576  -16.663 0.0000000000
74956  -24.807  22.617  -17.212 0.0000000000
74957  -24.464  22.186  -17.478 0.0000000000
74958  -24.639  20.727  -19.586 0.0000000000
74959  -24.966  21.272  -19.352 0.0000000000
74960  -25.195  20.646  -20.189 0.0000000000
74961  -25.718  20.434  -20.774 0.0000000000
74962  -25.374  19.861  -20.897 0.0000000000
74963  -25.482  19.035  -21.533 0.0000000000
74964  -24.987  19.316  -20.955 0.0000000000
74965  -23.732  18.381  -20.371 0.0000000000
74966  -24.179  18.152  -20.909 0.0000000000
74967  -23.796  17.552  -20.868 0.0000000000
74968  -23.836  16.866  -21.182 0.0000000000
74969  -23.374  17.040  -20.692 0.0000000000
74976  -20.827  20.384  -17.241 0.0000000000
74977  -20.473  19.770  -17.667 0.0000000000
74980  -18.907  17.852  -19.697 0.0000000000
74981  -20.342  17.270  -19.132 0.0000000000
74982  -20.059  17.863  -18.825 0.0000000000
74983  -20.762  17.979  -18.697 0.0000000000
74984  -21.144  18.659  -18.278 0.0000000000
74985  -21.424  18.165  -18.725 0.0000000000
74986  -22.050  18.257  -18.986 0.0000000000
74987  -21.631  17.579  -19.147 0.0000000000
74988  -21.534  15.536  -20.092 0.0000000000
74989  -21.972  16.314  -19.981 0.0000000000
74990  -22.097  15.641  -20.263 0.0000000000
74991  -22.590  15.664  -20.508 0.0000000000
74992  -22.214  14.851  -20.449 0.0000000000
74993  -22.358  14.156  -20.401 0.0000000000
74994  -21.945  14.075  -20.266 0.0000000000
74995  -21.348  12.751  -19.522 0.0000000000
74996  -21.696  12.805  -19.607 0.0000000000
74997  -21.760  12.170  -19.171 0.0000000000
74998  -22.121  11.556  -18.647 0.0000000000
74999  -21.829  11.512  -18.597 0.0000000000
75000  -19.967  12.588  -19.434 0.0000000000
75001  -20.277  12.635  -19.449 0.0000000000
75002  -20.441  12.143  -18.878 0.0000000000
75004  -21.281  10.900  -17.818 0.0000000000
75005  -21.655  10.243  -17.337 0.0000000000
75006  -21.958  10.196  -17.352 0.0000000000
75007  -22.037  9.537  -16.677 0.0000000000
83673  -33.347  24.933  -12.763 0.0000000000
83674  -32.441  24.891  -12.618 0.0000000000
83675  -32.898  24.589  -13.039 0.0000000000
83676  -32.443  24.223  -13.352 0.0000000000
83677  -33.313  24.291  -13.501 0.0000000000
83696  -35.531  23.799  -14.857 0.0000000000
83697  -35.318  24.073  -14.329 0.0000000000
83698  -34.789  23.770  -14.680 0.0000000000
83699  -34.044  23.748  -14.511 0.0000000000
83700  -34.271  23.463  -15.023 0.0000000000
83701  -33.810  23.151  -15.379 0.0000000000
83702  -34.540  23.236  -15.532 0.0000000000
83703  -35.595  23.191  -16.812 0.0000000000
83704  -35.042  22.931  -16.628 0.0000000000
83705  -35.159  22.769  -17.192 0.0000000000
83706  -34.662  22.375  -17.565 0.0000000000
83707  -35.195  22.691  -17.690 0.0000000000
83708  -36.855  25.002  -17.286 0.0000000000
83709  -36.708  24.449  -17.313 0.0000000000
83710  -36.367  24.791  -17.585 0.0000000000
83711  -35.159  24.109  -18.422 0.0000000000
83712  -35.528  23.888  -18.142 0.0000000000
83713  -35.085  23.428  -18.550 0.0000000000
83714  -34.866  22.803  -18.609 0.0000000000
83715  -34.563  23.006  -18.977 0.0000000000
83716  -33.973  22.650  -19.356 0.0000000000
83717  -34.122  23.200  -19.226 0.0000000000
83718  -32.978  24.676  -18.968 0.0000000000
83719  -33.057  23.963  -19.294 0.0000000000
83720  -32.439  24.292  -19.274 0.0000000000
83721  -31.884  23.849  -19.585 0.0000000000
83722  -31.770  24.566  -19.168 0.0000000000
83771  -32.853  30.022  -15.644 0.0000000000
83772  -33.719  29.515  -15.950 0.0000000000
83773  -33.277  29.418  -16.272 0.0000000000
83774  -33.754  28.656  -16.744 0.0000000000
83775  -32.877  29.189  -16.529 0.0000000000
83776  -29.466  30.647  -13.450 0.0000000000
83777  -30.304  30.622  -14.065 0.0000000000
83778  -29.793  30.342  -14.242 0.0000000000
83779  -30.277  29.160  -16.226 0.0000000000
83780  -30.696  29.526  -15.997 0.0000000000
83781  -31.230  28.839  -16.769 0.0000000000
83782  -32.153  28.398  -17.024 0.0000000000
83783  -31.775  27.943  -17.197 0.0000000000
83784  -32.233  27.064  -17.652 0.0000000000
83785  -31.379  27.525  -17.391 0.0000000000
83786  -29.637  26.861  -17.607 0.0000000000
83787  -30.474  26.611  -17.919 0.0000000000
83788  -29.966  26.142  -18.195 0.0000000000
83789  -30.239  25.368  -18.751 0.0000000000
83790  -29.455  25.690  -18.472 0.0000000000
83791  -28.972  25.263  -18.782 0.0000000000
83792  -28.740  25.868  -18.071 0.0000000000
83793  -27.151  26.453  -15.844 0.0000000000
83794  -27.477  25.907  -16.740 0.0000000000
83795  -26.822  25.820  -15.956 0.0000000000
83796  -26.481  25.201  -16.071 0.0000000000
83797  -26.150  25.713  -15.302 0.0000000000
83798  -25.102  28.535  -12.962 0.0000000000
83799  -25.576  28.021  -13.634 0.0000000000
83800  -24.796  27.931  -13.190 0.0000000000
83801  -23.630  26.653  -13.297 0.0000000000
83802  -24.377  26.709  -13.583 0.0000000000
83803  -24.144  26.115  -13.783 0.0000000000
83804  -24.661  25.591  -14.297 0.0000000000
83805  -23.843  25.551  -13.958 0.0000000000
83806  -23.549  25.006  -14.241 0.0000000000
83807  -23.057  25.577  -13.771 0.0000000000
83809  -21.681  25.701  -13.899 0.0000000000
84819  -27.686  28.967  2.042 0.0000000000
84820  -27.891  29.310  0.448 0.0000000000
84821  -27.599  28.808  1.064 0.0000000000
84822  -27.550  28.699  0.546 0.0000000000
84823  -27.297  28.063  0.626 0.0000000000
84824  -27.479  28.614  0.046 0.0000000000
84843  -28.031  29.106  -2.088 0.0000000000
84844  -28.072  29.257  -1.593 0.0000000000
84845  -27.601  28.737  -1.452 0.0000000000
84846  -27.314  28.289  -0.839 0.0000000000
84847  -27.247  28.139  -1.300 0.0000000000
84848  -27.043  27.484  -1.176 0.0000000000
84849  -27.231  28.000  -1.786 0.0000000000
84850  -27.536  28.100  -3.345 0.0000000000
84851  -27.158  27.689  -2.689 0.0000000000
84852  -27.155  27.534  -3.166 0.0000000000
84853  -26.889  26.858  -2.945 0.0000000000
84854  -27.168  27.372  -3.623 0.0000000000
84855  -30.297  28.791  -5.781 0.0000000000
84856  -29.479  28.770  -5.235 0.0000000000
84857  -29.558  28.605  -5.725 0.0000000000
84858  -28.226  27.693  -5.852 0.0000000000
84859  -28.223  27.892  -5.428 0.0000000000
84860  -27.645  27.433  -5.180 0.0000000000
84861  -27.170  27.068  -4.491 0.0000000000
84862  -27.198  26.872  -4.921 0.0000000000
84863  -26.844  26.251  -4.666 0.0000000000
84864  -27.197  26.685  -5.347 0.0000000000
84866  -27.183  26.292  -6.189 0.0000000000
85462  -29.055  22.188  -1.380 0.0000000000
85463  -29.712  21.553  -1.608 0.0000000000
85464  -29.087  22.119  -1.784 0.0000000000
85465  -28.487  22.371  -2.713 0.0000000000
85466  -29.107  21.908  -2.533 0.0000000000
85467  -29.062  21.776  -2.858 0.0000000000
85468  -29.728  21.150  -3.036 0.0000000000
85469  -28.947  21.621  -3.178 0.0000000000
85470  -28.874  21.411  -3.485 0.0000000000
85471  -28.246  22.044  -3.337 0.0000000000
85472  -26.798  23.899  -4.037 0.0000000000
85473  -27.098  23.092  -3.973 0.0000000000
85474  -26.723  23.720  -4.410 0.0000000000
85475  -26.617  23.514  -4.763 0.0000000000
85476  -26.519  24.392  -4.883 0.0000000000
89125  -26.182  23.018  -8.363 0.0000000000
89126  -26.090  22.784  -7.795 0.0000000000
89127  -26.001  22.151  -7.801 0.0000000000
89128  -26.009  21.265  -7.236 0.0000000000
89129  -25.969  21.513  -7.796 0.0000000000
89130  -27.158  23.523  -10.669 0.0000000000
89131  -26.835  23.484  -10.094 0.0000000000
89132  -26.521  22.989  -10.130 0.0000000000
89133  -25.984  20.899  -8.991 0.0000000000
89134  -25.976  21.457  -8.937 0.0000000000
89135  -26.060  20.628  -8.429 0.0000000000
89136  -26.146  20.323  -7.883 0.0000000000
89137  -26.324  19.753  -7.902 0.0000000000
89138  -26.799  18.837  -7.434 0.0000000000
89139  -26.508  19.150  -7.985 0.0000000000
89140  -26.712  18.145  -8.718 0.0000000000
89141  -26.995  17.911  -8.233 0.0000000000
89145  -30.102  22.494  -14.933 0.0000000000
89146  -29.725  22.774  -14.383 0.0000000000
89147  -29.141  22.463  -14.461 0.0000000000
89148  -26.926  21.604  -13.492 0.0000000000
89149  -27.383  22.013  -13.462 0.0000000000
89150  -26.696  21.634  -12.940 0.0000000000
89151  -26.502  21.696  -12.425 0.0000000000
89152  -26.167  21.152  -12.421 0.0000000000
89153  -25.611  19.701  -13.477 0.0000000000
89154  -25.886  20.218  -13.508 0.0000000000
89155  -25.551  19.689  -12.959 0.0000000000
89156  -25.628  18.653  -11.326 0.0000000000
89157  -25.549  19.420  -11.885 0.0000000000
89158  -25.624  19.278  -11.325 0.0000000000
89159  -25.669  19.900  -11.320 0.0000000000
89160  -25.736  19.126  -10.772 0.0000000000
89161  -25.884  18.904  -10.246 0.0000000000
89162  -26.073  18.278  -10.281 0.0000000000
89190  -28.966  21.872  -21.181 0.0000000000
89191  -29.620  21.622  -21.379 0.0000000000
89192  -29.146  21.078  -21.709 0.0000000000
89193  -28.782  19.140  -22.626 0.0000000000
89194  -29.298  19.655  -22.350 0.0000000000
89195  -29.218  19.001  -22.429 0.0000000000
89196  -29.600  18.949  -22.108 0.0000000000
89197  -29.058  18.478  -22.303 0.0000000000
89199  -27.305  17.474  -23.019 0.0000000000
89204  -28.456  17.759  -21.499 0.0000000000
92232  -27.208  21.888  -4.610 0.0000000000
92233  -27.417  21.333  -4.681 0.0000000000
92234  -26.857  21.917  -5.076 0.0000000000
92235  -26.588  21.967  -5.565 0.0000000000
92236  -26.344  21.974  -6.067 0.0000000000
93397  -31.991  22.484  -20.302 0.0000000000
93398  -32.085  21.739  -20.540 0.0000000000
93399  -31.586  22.013  -20.645 0.0000000000
93400  -31.154  21.566  -21.009 0.0000000000
93401  -30.703  21.126  -21.398 0.0000000000
94477  -21.468  24.213  -15.047 0.0000000000
94478  -21.938  23.637  -15.278 0.0000000000
94479  -21.309  23.754  -15.470 0.0000000000
94480  -21.092  23.284  -15.830 0.0000000000
94481  -20.827  22.764  -16.196 0.0000000000
96574  -27.887  24.251  1.336 0.0000000000
96575  -28.302  23.428  1.122 0.0000000000
96576  -27.892  24.156  0.870 0.0000000000
96577  -27.913  24.035  0.440 0.0000000000
96578  -27.962  23.840  0.025 0.0000000000
96579  -27.973  23.729  -0.369 0.0000000000
96580  -27.527  24.533  -0.259 0.0000000000
96581  -27.190  25.246  -0.573 0.0000000000
96582  -26.982  26.016  -0.951 0.0000000000
97312  -30.616  24.110  -12.958 0.0000000000
97313  -29.580  24.028  -12.541 0.0000000000
97314  -30.005  23.809  -13.084 0.0000000000
97315  -29.467  23.493  -13.204 0.0000000000
97316  -28.933  23.157  -13.292 0.0000000000
101632  -33.419  21.949  -17.237 0.0000000000
101633  -32.621  21.891  -16.884 0.0000000000
101634  -32.885  21.645  -17.450 0.0000000000
101635  -32.348  21.362  -17.675 0.0000000000
101636  -31.768  21.058  -17.841 0.0000000000
101637  -31.113  19.827  -20.188 0.0000000000
101638  -31.072  19.996  -19.524 0.0000000000
101639  -30.568  19.675  -19.731 0.0000000000
101640  -29.857  19.642  -19.127 0.0000000000
101641  -28.989  19.687  -18.465 0.0000000000
101642  -28.134  19.693  -17.796 0.0000000000
101643  -28.462  19.388  -18.512 0.0000000000
104872  -26.866  24.281  -17.836 0.0000000000
104873  -27.138  23.797  -18.875 0.0000000000
104874  -26.609  23.778  -18.080 0.0000000000
104875  -26.332  23.266  -18.335 0.0000000000
104876  -25.975  22.794  -18.559 0.0000000000
104877  -23.510  21.629  -17.271 0.0000000000
104878  -24.122  21.708  -17.768 0.0000000000
104879  -23.799  21.203  -18.067 0.0000000000
104880  -24.091  20.730  -18.936 0.0000000000
104881  -24.265  20.216  -19.688 0.0000000000
104882  -24.435  19.544  -20.342 0.0000000000
104883  -23.894  19.656  -19.743 0.0000000000
104884  -23.577  19.035  -19.829 0.0000000000
104885  -23.215  18.437  -19.862 0.0000000000
104891  -18.921  16.386  -20.277 0.0000000000
104892  -19.142  17.129  -19.780 0.0000000000
104893  -19.436  16.471  -19.869 0.0000000000
104894  -19.990  16.536  -19.576 0.0000000000
104895  -20.555  16.653  -19.394 0.0000000000
104896  -21.200  16.798  -19.370 0.0000000000
104897  -20.741  15.989  -19.734 0.0000000000
104898  -20.971  15.365  -19.992 0.0000000000
104899  -21.157  14.773  -20.167 0.0000000000
104900  -21.466  13.999  -20.154 0.0000000000
104901  -20.963  13.980  -20.073 0.0000000000
104902  -20.923  13.296  -19.834 0.0000000000
104903  -20.963  12.680  -19.508 0.0000000000
104905  -20.590  11.531  -18.164 0.0000000000
110110  -34.271  24.959  -12.925 0.0000000000
110121  -36.605  24.399  -14.197 0.0000000000
110122  -36.813  24.172  -14.764 0.0000000000
110123  -36.252  23.922  -15.078 0.0000000000
110124  -35.744  23.646  -15.405 0.0000000000
110125  -35.269  23.348  -15.724 0.0000000000
110126  -35.930  23.536  -15.975 0.0000000000
110127  -36.049  23.502  -16.515 0.0000000000
110128  -36.063  23.538  -17.023 0.0000000000
110129  -35.933  25.650  -17.726 0.0000000000
110130  -35.948  25.019  -17.811 0.0000000000
110131  -35.490  25.231  -17.964 0.0000000000
110132  -35.100  24.788  -18.256 0.0000000000
110133  -34.663  24.343  -18.662 0.0000000000
110134  -34.147  23.906  -18.962 0.0000000000
110135  -34.099  24.675  -18.679 0.0000000000
110136  -33.466  25.055  -18.654 0.0000000000
110137  -32.795  25.441  -18.588 0.0000000000
110168  -32.521  30.402  -14.898 0.0000000000
110169  -31.995  30.386  -15.221 0.0000000000
110170  -28.636  29.943  -13.813 0.0000000000
110171  -29.431  30.006  -14.485 0.0000000000
110172  -29.044  29.609  -14.657 0.0000000000
110173  -29.462  29.203  -15.542 0.0000000000
110174  -29.964  28.635  -16.397 0.0000000000
110175  -30.485  27.919  -17.084 0.0000000000
110176  -29.577  28.118  -16.596 0.0000000000
110177  -29.159  27.589  -16.882 0.0000000000
110178  -28.837  27.012  -17.065 0.0000000000
110179  -28.477  26.473  -17.331 0.0000000000
110180  -28.106  27.073  -16.385 0.0000000000
110181  -27.407  27.050  -15.682 0.0000000000
110182  -26.655  27.015  -15.069 0.0000000000
110184  -24.040  27.853  -12.851 0.0000000000
110186  -23.134  27.270  -12.951 0.0000000000
110187  -22.878  26.707  -13.160 0.0000000000
110188  -22.603  26.148  -13.434 0.0000000000
110794  -28.409  30.145  1.335 0.0000000000
110795  -28.002  29.585  1.454 0.0000000000
110796  -28.344  30.006  0.851 0.0000000000
110797  -28.297  29.875  0.319 0.0000000000
110798  -28.226  29.687  -0.162 0.0000000000
110810  -29.186  29.656  -2.800 0.0000000000
110811  -28.572  29.348  -2.722 0.0000000000
110812  -28.015  28.925  -2.596 0.0000000000
110813  -27.552  28.449  -2.426 0.0000000000
110814  -28.003  28.750  -3.059 0.0000000000
110815  -28.049  28.592  -3.526 0.0000000000
110816  -28.088  28.454  -4.013 0.0000000000
110818  -29.611  28.404  -6.174 0.0000000000
110819  -29.699  28.226  -6.630 0.0000000000
110820  -28.951  27.894  -6.480 0.0000000000
110821  -28.266  27.491  -6.274 0.0000000000
110822  -27.654  27.004  -5.999 0.0000000000
110823  -28.331  27.326  -6.679 0.0000000000
111181  -27.910  23.308  -1.862 0.0000000000
111182  -28.484  22.641  -1.994 0.0000000000
111183  -27.885  23.182  -2.232 0.0000000000
111184  -27.884  23.006  -2.607 0.0000000000
111185  -27.838  22.842  -2.947 0.0000000000
111186  -27.740  22.719  -3.287 0.0000000000
111187  -27.277  23.431  -3.257 0.0000000000
111188  -26.874  24.053  -3.654 0.0000000000
111189  -26.656  24.709  -4.129 0.0000000000
113380  -26.579  23.802  -8.915 0.0000000000
113381  -26.309  23.210  -8.893 0.0000000000
113382  -26.446  22.513  -10.717 0.0000000000
113383  -26.243  22.410  -10.110 0.0000000000
113384  -26.045  21.852  -10.118 0.0000000000
113385  -25.921  21.077  -9.544 0.0000000000
113386  -26.028  20.277  -9.010 0.0000000000
113387  -26.284  19.412  -8.516 0.0000000000
113388  -26.109  19.633  -9.040 0.0000000000
113389  -26.245  19.011  -9.113 0.0000000000
113390  -26.436  18.404  -9.196 0.0000000000
113391  -28.923  21.933  -15.086 0.0000000000
113392  -28.585  22.137  -14.535 0.0000000000
113393  -28.084  21.813  -14.601 0.0000000000
113394  -27.236  21.549  -14.052 0.0000000000
113395  -26.516  21.197  -13.520 0.0000000000
113397  -25.426  18.920  -12.372 0.0000000000
113418  -28.124  20.866  -21.715 0.0000000000
113419  -28.672  20.586  -21.985 0.0000000000
113420  -28.219  20.072  -22.229 0.0000000000
113421  -28.293  19.319  -22.634 0.0000000000
113422  -28.306  18.602  -22.813 0.0000000000
115368  -30.364  20.138  -3.901 0.0000000000
115370  -29.828  20.042  -4.172 0.0000000000
115371  -29.321  19.899  -4.455 0.0000000000
115372  -28.814  19.747  -4.727 0.0000000000
115373  -27.698  20.780  -4.782 0.0000000000
115374  -27.987  20.221  -4.900 0.0000000000
115375  -28.282  19.654  -5.042 0.0000000000
115376  -27.805  19.632  -5.477 0.0000000000
115377  -27.388  19.562  -5.891 0.0000000000
115378  -26.990  19.506  -6.327 0.0000000000
118087  -33.522  21.616  -19.436 0.0000000000
118088  -33.191  21.161  -19.244 0.0000000000
118089  -33.073  21.249  -19.664 0.0000000000
118090  -32.604  20.918  -19.918 0.0000000000
118091  -32.089  20.534  -20.189 0.0000000000
118092  -32.038  21.128  -20.629 0.0000000000
118093  -31.869  20.618  -20.654 0.0000000000
118094  -31.546  20.124  -20.480 0.0000000000
118095  -31.048  19.739  -20.788 0.0000000000
118096  -30.553  19.381  -20.987 0.0000000000
118097  -30.049  19.007  -21.172 0.0000000000
120607  -24.284  23.959  -15.262 0.0000000000
120608  -24.736  23.495  -15.992 0.0000000000
120609  -24.026  23.467  -15.582 0.0000000000
120610  -23.762  23.015  -15.876 0.0000000000
120611  -23.476  22.547  -16.235 0.0000000000
120612  -22.382  23.059  -15.616 0.0000000000
120613  -22.787  22.514  -16.022 0.0000000000
120614  -23.171  22.063  -16.613 0.0000000000
120615  -22.856  21.548  -16.902 0.0000000000
120616  -22.559  20.994  -17.173 0.0000000000
120617  -22.262  20.438  -17.464 0.0000000000
120622  -18.275  17.082  -20.701 0.0000000000
120624  -18.131  16.306  -21.104 0.0000000000
120625  -18.494  16.322  -20.708 0.0000000000
120626  -18.756  15.631  -20.640 0.0000000000
120627  -19.082  14.980  -20.546 0.0000000000
120628  -19.421  14.333  -20.401 0.0000000000
120629  -19.774  13.688  -20.199 0.0000000000
120630  -19.399  13.580  -20.339 0.0000000000
120631  -19.510  13.008  -19.993 0.0000000000
120632  -19.644  12.537  -19.470 0.0000000000
124693  -37.335  24.467  -16.554 0.0000000000
124695  -37.360  25.161  -16.981 0.0000000000
124696  -36.916  25.553  -17.204 0.0000000000
124698  -36.876  26.101  -17.063 0.0000000000
124699  -36.392  25.929  -17.417 0.0000000000
124700  -35.817  26.277  -17.533 0.0000000000
124701  -35.198  26.650  -17.525 0.0000000000
124702  -34.560  27.028  -17.493 0.0000000000
124727  -29.210  30.946  -12.711 0.0000000000
124728  -28.678  30.643  -12.867 0.0000000000
124730  -27.920  30.631  -12.315 0.0000000000
124731  -28.242  30.271  -13.012 0.0000000000
124732  -27.803  29.873  -13.169 0.0000000000
124733  -27.391  29.479  -13.339 0.0000000000
124734  -27.024  29.027  -13.552 0.0000000000
124735  -26.697  28.573  -13.841 0.0000000000
124736  -26.203  29.018  -13.096 0.0000000000
124737  -25.423  29.039  -12.716 0.0000000000
125228  -30.119  29.140  -4.791 0.0000000000
125505  -28.805  22.631  0.959 0.0000000000
125512  -29.636  21.583  -0.865 0.0000000000
125513  -29.048  22.224  -1.026 0.0000000000
125514  -28.477  22.812  -1.245 0.0000000000
125515  -27.971  23.628  -0.753 0.0000000000
125516  -27.931  23.523  -1.136 0.0000000000
125517  -27.920  23.395  -1.507 0.0000000000
125518  -27.418  24.087  -1.815 0.0000000000
125519  -27.079  24.695  -2.130 0.0000000000
125520  -26.845  25.353  -2.523 0.0000000000
127222  -28.792  24.776  -10.961 0.0000000000
127223  -27.905  24.425  -10.536 0.0000000000
127224  -28.345  24.392  -11.047 0.0000000000
127225  -27.922  23.977  -11.136 0.0000000000
127226  -27.477  23.522  -11.197 0.0000000000
127227  -28.670  23.842  -12.136 0.0000000000
127228  -27.836  23.530  -11.714 0.0000000000
127229  -27.078  23.058  -11.250 0.0000000000
127230  -26.704  22.573  -11.280 0.0000000000
127231  -26.395  22.083  -11.306 0.0000000000
127232  -26.153  21.537  -11.314 0.0000000000
127233  -26.995  20.536  -15.270 0.0000000000
127234  -26.683  20.638  -14.670 0.0000000000
127235  -26.311  20.189  -14.647 0.0000000000
127236  -25.764  19.709  -14.044 0.0000000000
127254  -26.421  18.529  -22.524 0.0000000000
127255  -26.867  18.290  -22.815 0.0000000000
127256  -26.411  17.723  -22.885 0.0000000000
127257  -26.415  17.023  -23.031 0.0000000000
134934  -27.882  24.316  1.724 0.0000000000
134935  -27.559  25.068  1.452 0.0000000000
134936  -27.297  25.826  1.126 0.0000000000
134937  -27.144  26.623  0.716 0.0000000000
136477  -32.233  23.021  -15.053 0.0000000000
136478  -31.298  23.036  -14.702 0.0000000000
136479  -31.669  22.758  -15.251 0.0000000000
136480  -31.073  22.497  -15.392 0.0000000000
136481  -30.458  22.237  -15.509 0.0000000000
136482  -31.762  21.952  -16.520 0.0000000000
136483  -30.809  21.984  -16.072 0.0000000000
136484  -29.825  21.997  -15.594 0.0000000000
136485  -29.286  21.719  -15.694 0.0000000000
136486  -28.769  21.431  -15.767 0.0000000000
136487  -28.249  21.135  -15.800 0.0000000000
136488  -32.707  20.942  -18.877 0.0000000000
136489  -32.045  20.806  -18.469 0.0000000000
136490  -31.208  20.782  -18.021 0.0000000000
136491  -30.929  20.207  -18.851 0.0000000000
136492  -30.661  20.511  -18.205 0.0000000000
136493  -30.368  20.818  -17.541 0.0000000000
136494  -29.402  20.873  -16.939 0.0000000000
136495  -28.489  20.862  -16.355 0.0000000000
136496  -27.728  20.755  -15.827 0.0000000000
136497  -27.268  20.385  -15.825 0.0000000000
136498  -26.841  20.009  -15.816 0.0000000000
143122  -29.413  23.704  -19.955 0.0000000000
143123  -29.720  22.835  -20.516 0.0000000000
143124  -29.056  23.196  -20.263 0.0000000000
143125  -28.705  22.661  -20.579 0.0000000000
143126  -28.356  22.134  -20.871 0.0000000000
143127  -27.424  23.188  -19.783 0.0000000000
143128  -27.723  22.411  -20.492 0.0000000000
143129  -27.961  21.629  -21.129 0.0000000000
143130  -27.538  21.049  -21.408 0.0000000000
143131  -27.138  20.487  -21.595 0.0000000000
143132  -26.753  19.918  -21.780 0.0000000000
143133  -25.112  23.077  -16.913 0.0000000000
143134  -25.395  22.708  -17.792 0.0000000000
143135  -25.632  22.338  -18.813 0.0000000000
143136  -24.725  21.773  -18.411 0.0000000000
143137  -25.298  21.834  -19.076 0.0000000000
143138  -25.828  21.771  -19.744 0.0000000000
143139  -26.043  21.011  -20.618 0.0000000000
143140  -26.237  20.194  -21.305 0.0000000000
143141  -26.381  19.373  -21.951 0.0000000000
143142  -25.929  18.787  -22.050 0.0000000000
143143  -25.529  18.201  -22.099 0.0000000000
143144  -25.151  17.672  -22.064 0.0000000000
143145  -24.581  18.752  -20.945 0.0000000000
143146  -24.696  17.933  -21.510 0.0000000000
143147  -24.731  17.179  -21.903 0.0000000000
143156  -20.825  21.591  -16.702 0.0000000000
143157  -21.167  20.955  -16.930 0.0000000000
143158  -21.549  20.348  -17.264 0.0000000000
143159  -21.929  19.893  -17.734 0.0000000000
143163  -19.405  17.843  -19.193 0.0000000000
143164  -19.730  18.523  -18.672 0.0000000000
143165  -20.094  19.150  -18.164 0.0000000000
143166  -20.801  19.180  -17.981 0.0000000000
143167  -21.543  19.285  -17.998 0.0000000000
143168  -22.254  19.405  -18.248 0.0000000000
143169  -22.496  18.919  -18.871 0.0000000000
143170  -22.645  18.342  -19.400 0.0000000000
143171  -22.825  17.787  -19.869 0.0000000000
143172  -21.814  16.969  -19.584 0.0000000000
143173  -22.420  17.065  -19.894 0.0000000000
143174  -22.907  17.092  -20.265 0.0000000000
143175  -22.969  16.380  -20.583 0.0000000000
143176  -23.016  15.644  -20.805 0.0000000000
143181  -21.782  13.365  -19.979 0.0000000000
143182  -22.125  12.845  -19.659 0.0000000000
143183  -22.453  12.277  -19.232 0.0000000000
143184  -22.445  11.625  -18.712 0.0000000000
143185  -22.467  10.961  -18.122 0.0000000000
143186  -22.545  10.307  -17.451 0.0000000000
143187  -20.189  13.147  -19.844 0.0000000000
143188  -20.615  12.628  -19.491 0.0000000000
143189  -21.087  12.134  -19.103 0.0000000000
143190  -20.882  11.506  -18.339 0.0000000000
143191  -21.173  11.573  -18.481 0.0000000000
143192  -21.524  11.531  -18.567 0.0000000000
143193  -21.898  10.828  -18.000 0.0000000000
143194  -22.262  10.243  -17.452 0.0000000000
143195  -22.646  9.637  -16.758 0.0000000000
153653  -30.166  24.920  -11.702 0.0000000000
153654  -30.653  24.700  -12.197 0.0000000000
153655  -31.960  25.151  -12.126 0.0000000000
153656  -31.567  24.810  -12.413 0.0000000000
153657  -31.113  24.486  -12.681 0.0000000000
153658  -31.523  24.187  -13.146 0.0000000000
153659  -31.969  23.918  -13.634 0.0000000000
153660  -32.407  23.645  -14.174 0.0000000000
153681  -34.686  24.655  -13.339 0.0000000000
153682  -35.835  24.368  -13.982 0.0000000000
153683  -35.034  24.361  -13.809 0.0000000000
153684  -34.216  24.359  -13.613 0.0000000000
153685  -33.707  24.009  -14.007 0.0000000000
153686  -33.255  23.697  -14.365 0.0000000000
153687  -32.777  23.373  -14.730 0.0000000000
153688  -33.040  23.060  -15.216 0.0000000000
153689  -33.321  22.841  -15.729 0.0000000000
153690  -33.616  22.625  -16.275 0.0000000000
153691  -34.816  23.071  -16.067 0.0000000000
153692  -34.389  22.775  -16.452 0.0000000000
153693  -33.878  22.381  -16.836 0.0000000000
153694  -34.082  22.141  -17.420 0.0000000000
153695  -34.166  21.945  -17.997 0.0000000000
153696  -34.161  21.890  -18.559 0.0000000000
153697  -36.905  24.288  -16.904 0.0000000000
153698  -36.416  23.979  -17.173 0.0000000000
153699  -36.008  23.582  -17.486 0.0000000000
153700  -35.898  24.382  -17.895 0.0000000000
153701  -35.807  23.721  -17.843 0.0000000000
153702  -35.574  23.142  -17.795 0.0000000000
153703  -35.071  22.686  -18.167 0.0000000000
153704  -34.554  22.269  -18.654 0.0000000000
153705  -34.054  21.961  -19.041 0.0000000000
153706  -33.780  22.094  -19.444 0.0000000000
153707  -33.384  22.268  -19.708 0.0000000000
153708  -33.005  22.527  -19.856 0.0000000000
153709  -33.609  23.591  -19.269 0.0000000000
153710  -33.074  23.236  -19.605 0.0000000000
153711  -32.524  22.871  -19.950 0.0000000000
153712  -31.954  23.186  -19.962 0.0000000000
153713  -31.317  23.442  -19.901 0.0000000000
153714  -30.655  23.728  -19.808 0.0000000000
153773  -34.576  28.945  -16.142 0.0000000000
153774  -34.981  28.234  -16.546 0.0000000000
153775  -34.610  28.072  -16.870 0.0000000000
153776  -34.218  27.865  -17.161 0.0000000000
153777  -33.857  27.447  -17.383 0.0000000000
153778  -30.837  30.835  -13.826 0.0000000000
153779  -31.125  30.598  -14.677 0.0000000000
153780  -31.505  30.194  -15.490 0.0000000000
153781  -30.224  30.014  -15.136 0.0000000000
153782  -31.097  29.923  -15.786 0.0000000000
153783  -31.990  29.631  -16.220 0.0000000000
153784  -32.515  28.888  -16.794 0.0000000000
153785  -33.053  27.923  -17.230 0.0000000000
153786  -33.512  27.014  -17.654 0.0000000000
153787  -33.043  26.604  -17.872 0.0000000000
153788  -32.564  26.257  -18.136 0.0000000000
153789  -32.047  25.851  -18.448 0.0000000000
153790  -30.932  27.095  -17.633 0.0000000000
153791  -31.268  26.185  -18.203 0.0000000000
153792  -31.526  25.382  -18.703 0.0000000000
153793  -31.000  24.975  -18.919 0.0000000000
153794  -30.477  24.546  -19.292 0.0000000000
153795  -29.914  24.159  -19.626 0.0000000000
153796  -29.220  24.491  -19.387 0.0000000000
153797  -28.553  24.730  -19.018 0.0000000000
153798  -27.916  24.851  -18.479 0.0000000000
153799  -28.090  25.934  -17.498 0.0000000000
153800  -27.709  25.370  -17.631 0.0000000000
153801  -27.330  24.801  -17.795 0.0000000000
153802  -26.734  24.720  -16.941 0.0000000000
153803  -26.109  24.607  -16.201 0.0000000000
153804  -25.417  24.531  -15.573 0.0000000000
153805  -26.350  28.101  -14.116 0.0000000000
153806  -26.106  27.537  -14.332 0.0000000000
153807  -25.893  26.912  -14.492 0.0000000000
153808  -24.532  27.346  -13.349 0.0000000000
153809  -25.135  26.803  -13.992 0.0000000000
153810  -25.694  26.259  -14.636 0.0000000000
153811  -25.430  25.635  -14.745 0.0000000000
153812  -25.053  25.061  -14.872 0.0000000000
153813  -24.677  24.494  -15.052 0.0000000000
153814  -23.940  24.464  -14.695 0.0000000000
153815  -23.189  24.494  -14.501 0.0000000000
153816  -22.457  24.572  -14.460 0.0000000000
153817  -22.343  25.630  -13.758 0.0000000000
153818  -22.088  25.115  -14.113 0.0000000000
153819  -21.775  24.661  -14.582 0.0000000000
153820  -21.177  24.784  -14.828 0.0000000000
155030  -27.321  27.599  2.129 0.0000000000
155031  -27.652  28.885  1.562 0.0000000000
155032  -27.416  28.230  1.631 0.0000000000
155033  -27.293  27.510  1.669 0.0000000000
155034  -27.227  27.425  1.175 0.0000000000
155035  -27.181  27.330  0.693 0.0000000000
155036  -27.107  27.184  0.273 0.0000000000
155056  -28.665  29.962  -0.766 0.0000000000
155057  -28.124  29.523  -0.654 0.0000000000
155058  -28.619  29.676  -1.725 0.0000000000
155059  -28.114  29.387  -1.125 0.0000000000
155060  -27.729  29.034  -0.538 0.0000000000
155061  -27.399  28.461  -0.400 0.0000000000
155062  -27.166  27.775  -0.261 0.0000000000
155063  -27.076  27.033  -0.183 0.0000000000
155064  -27.004  26.917  -0.627 0.0000000000
155065  -26.923  26.809  -1.059 0.0000000000
155066  -26.886  26.633  -1.503 0.0000000000
155067  -27.177  27.863  -2.237 0.0000000000
155068  -26.942  27.165  -2.075 0.0000000000
155069  -26.825  26.496  -1.915 0.0000000000
155070  -26.807  26.311  -2.317 0.0000000000
155071  -26.756  26.152  -2.737 0.0000000000
155072  -26.753  25.971  -3.147 0.0000000000
155073  -29.422  28.949  -4.753 0.0000000000
155074  -28.740  28.666  -4.656 0.0000000000
155075  -28.100  28.256  -4.473 0.0000000000
155076  -28.845  28.290  -5.588 0.0000000000
155077  -28.157  28.076  -4.970 0.0000000000
155078  -27.577  27.808  -4.270 0.0000000000
155079  -27.178  27.223  -4.064 0.0000000000
155080  -26.863  26.552  -3.831 0.0000000000
155081  -26.723  25.817  -3.572 0.0000000000
155082  -26.701  25.687  -3.978 0.0000000000
155083  -26.690  25.509  -4.398 0.0000000000
155084  -26.613  25.343  -4.815 0.0000000000
155085  -27.202  26.468  -5.755 0.0000000000
155086  -26.819  25.880  -5.497 0.0000000000
155087  -26.608  25.160  -5.196 0.0000000000
155088  -26.508  25.016  -5.581 0.0000000000
155090  -26.343  23.981  -5.631 0.0000000000
155807  -29.096  22.034  -2.171 0.0000000000
155808  -29.776  21.379  -2.377 0.0000000000
155813  -29.610  20.765  -3.664 0.0000000000
155814  -28.776  21.186  -3.780 0.0000000000
155815  -28.022  21.572  -3.981 0.0000000000
155816  -27.617  22.524  -3.613 0.0000000000
155817  -27.511  22.295  -3.955 0.0000000000
155818  -27.362  22.096  -4.307 0.0000000000
155819  -26.872  22.696  -4.687 0.0000000000
155820  -26.527  23.342  -5.131 0.0000000000
160198  -26.176  22.880  -6.546 0.0000000000
160199  -26.147  22.250  -6.579 0.0000000000
160201  -26.047  22.530  -7.187 0.0000000000
160202  -26.145  21.638  -6.616 0.0000000000
160203  -26.217  20.994  -6.654 0.0000000000
160204  -26.341  20.349  -6.703 0.0000000000
160205  -26.529  19.705  -6.769 0.0000000000
160206  -27.170  23.965  -10.055 0.0000000000
160207  -26.496  23.402  -9.481 0.0000000000
160208  -26.128  22.656  -8.939 0.0000000000
160209  -26.088  22.278  -9.525 0.0000000000
160210  -26.017  22.063  -8.949 0.0000000000
160211  -25.978  21.791  -8.377 0.0000000000
160212  -26.023  20.909  -7.852 0.0000000000
160213  -26.231  20.040  -7.299 0.0000000000
160214  -26.842  19.131  -6.863 0.0000000000
160215  -27.142  18.577  -6.979 0.0000000000
160218  -26.735  18.524  -8.098 0.0000000000
160224  -30.284  23.023  -14.269 0.0000000000
160225  -29.311  22.959  -13.835 0.0000000000
160226  -28.404  22.799  -13.373 0.0000000000
160227  -28.231  22.305  -13.971 0.0000000000
160228  -27.877  22.423  -13.432 0.0000000000
160229  -27.559  22.516  -12.892 0.0000000000
160230  -26.912  22.160  -12.394 0.0000000000
160231  -26.322  21.628  -11.887 0.0000000000
160232  -25.947  20.995  -11.311 0.0000000000
160233  -26.403  20.702  -14.072 0.0000000000
160234  -26.190  20.716  -13.519 0.0000000000
160235  -26.019  20.684  -12.981 0.0000000000
160236  -25.523  19.554  -12.440 0.0000000000
160237  -25.699  20.135  -12.459 0.0000000000
160238  -25.900  20.634  -12.435 0.0000000000
160239  -25.824  20.572  -11.873 0.0000000000
160240  -25.768  20.469  -11.306 0.0000000000
160241  -25.761  20.298  -10.723 0.0000000000
160242  -25.815  19.506  -10.172 0.0000000000
160243  -26.142  18.666  -9.689 0.0000000000
160244  -26.656  17.817  -9.299 0.0000000000
160278  -30.015  22.081  -21.021 0.0000000000
160279  -30.211  21.376  -21.437 0.0000000000
160280  -30.277  20.646  -21.759 0.0000000000
160281  -29.231  20.342  -22.113 0.0000000000
160282  -29.792  20.151  -22.081 0.0000000000
160283  -30.268  19.968  -21.914 0.0000000000
160284  -30.122  19.362  -21.905 0.0000000000
160285  -29.874  18.935  -21.707 0.0000000000
160286  -29.504  18.577  -21.389 0.0000000000
160287  -27.369  18.140  -22.973 0.0000000000
160288  -27.825  18.043  -22.947 0.0000000000
160289  -28.223  17.992  -22.759 0.0000000000
160291  -28.029  17.463  -22.506 0.0000000000
160292  -28.534  17.969  -22.448 0.0000000000
160293  -28.782  18.026  -22.010 0.0000000000
160294  -28.975  18.189  -21.448 0.0000000000
160295  -29.045  18.416  -20.811 0.0000000000
