#!ascii label  , from subject fsaverage vox2ras=TkReg
1821
12  11.028  14.638  62.225 0.0000000000
99  8.502  -26.269  49.716 0.0000000000
223  9.951  2.903  66.210 0.0000000000
224  8.256  -4.822  59.628 0.0000000000
362  17.434  7.581  60.575 0.0000000000
467  15.278  -22.687  44.362 0.0000000000
692  7.877  17.394  61.450 0.0000000000
693  7.613  22.956  57.922 0.0000000000
694  10.849  19.808  58.796 0.0000000000
703  10.492  8.949  63.915 0.0000000000
1021  16.110  -27.780  43.612 0.0000000000
1022  12.678  -24.633  47.512 0.0000000000
1026  8.659  -2.860  57.032 0.0000000000
1027  6.114  -9.559  55.261 0.0000000000
1553  7.047  -0.637  64.584 0.0000000000
1554  7.164  1.288  60.748 0.0000000000
1802  13.824  11.088  59.938 0.0000000000
1803  15.136  15.670  58.978 0.0000000000
1804  18.130  13.213  60.550 0.0000000000
1822  13.497  5.128  62.364 0.0000000000
2049  17.882  -31.341  39.422 0.0000000000
2050  17.076  -25.907  39.462 0.0000000000
2051  15.935  -20.472  40.808 0.0000000000
2054  6.897  -22.348  54.115 0.0000000000
2056  5.403  -16.618  54.121 0.0000000000
2057  8.196  -20.525  50.473 0.0000000000
2058  11.268  -18.935  48.133 0.0000000000
2612  9.444  16.269  62.505 0.0000000000
2613  9.273  18.954  60.889 0.0000000000
2614  11.061  17.229  60.838 0.0000000000
2623  10.613  11.836  63.117 0.0000000000
2624  8.558  10.873  64.651 0.0000000000
2625  8.854  13.750  63.530 0.0000000000
2940  11.165  -27.747  48.946 0.0000000000
2941  13.027  -26.931  47.421 0.0000000000
2942  10.726  -25.426  48.778 0.0000000000
3543  9.571  0.391  67.022 0.0000000000
3544  7.947  -1.217  65.844 0.0000000000
3545  7.800  1.265  66.587 0.0000000000
3962  15.580  9.303  59.630 0.0000000000
3963  16.130  12.007  59.863 0.0000000000
3964  17.789  10.522  60.372 0.0000000000
4003  17.178  4.511  61.654 0.0000000000
4004  15.097  3.405  62.327 0.0000000000
4005  15.444  6.120  60.738 0.0000000000
4006  13.569  8.053  60.703 0.0000000000
4436  14.940  18.217  57.051 0.0000000000
4497  17.747  -32.033  41.839 0.0000000000
4498  15.711  -25.304  43.926 0.0000000000
4499  16.891  -26.856  41.566 0.0000000000
4500  16.523  -24.356  41.950 0.0000000000
4501  16.515  -23.220  40.141 0.0000000000
4502  15.916  -21.658  42.506 0.0000000000
4509  7.041  -23.171  55.840 0.0000000000
4510  7.388  -20.123  56.311 0.0000000000
4511  8.872  -5.478  60.851 0.0000000000
4514  5.653  -12.234  53.085 0.0000000000
4515  5.362  -13.157  54.551 0.0000000000
4516  5.571  -15.705  52.215 0.0000000000
4517  6.274  -18.809  51.960 0.0000000000
4518  7.274  -17.878  50.371 0.0000000000
4519  9.727  -19.711  49.321 0.0000000000
5854  7.598  20.059  59.821 0.0000000000
5855  9.071  21.621  58.835 0.0000000000
5871  10.417  5.876  65.483 0.0000000000
5872  8.103  4.368  66.327 0.0000000000
5873  8.424  7.538  65.782 0.0000000000
6122  18.951  6.125  62.047 0.0000000000
6123  19.266  8.821  61.333 0.0000000000
6443  16.492  -30.218  43.673 0.0000000000
6444  14.938  -28.464  45.697 0.0000000000
6445  14.531  -26.196  45.668 0.0000000000
6446  14.111  -23.678  46.076 0.0000000000
6452  7.831  -3.913  58.513 0.0000000000
6453  7.523  -7.249  57.330 0.0000000000
6454  7.393  -6.149  56.362 0.0000000000
6455  6.528  -8.651  53.897 0.0000000000
7454  6.688  -27.104  50.949 0.0000000000
7458  8.125  -2.995  63.388 0.0000000000
7459  7.652  -2.537  62.017 0.0000000000
7460  6.531  2.136  65.191 0.0000000000
7461  6.716  0.079  62.801 0.0000000000
7462  7.350  -1.746  60.501 0.0000000000
7463  7.890  -0.502  58.821 0.0000000000
8042  12.381  12.865  61.219 0.0000000000
8043  13.014  15.161  60.411 0.0000000000
8044  14.469  13.527  60.040 0.0000000000
8045  16.536  14.547  59.736 0.0000000000
8095  13.352  2.597  64.202 0.0000000000
8096  11.802  4.141  64.743 0.0000000000
8097  12.023  7.023  62.927 0.0000000000
8098  12.041  10.028  61.727 0.0000000000
8641  12.982  17.662  58.637 0.0000000000
8642  12.555  20.229  56.619 0.0000000000
8717  17.101  -30.503  37.496 0.0000000000
8718  17.278  -29.453  41.431 0.0000000000
8719  17.466  -28.584  39.246 0.0000000000
8720  16.733  -27.561  37.482 0.0000000000
8721  16.295  -24.800  37.917 0.0000000000
8722  15.738  -22.112  38.696 0.0000000000
8723  15.280  -19.245  39.382 0.0000000000
8731  6.146  -25.169  53.321 0.0000000000
8732  6.800  -24.312  51.586 0.0000000000
8738  6.058  -17.437  56.242 0.0000000000
8739  6.410  -19.449  54.134 0.0000000000
8740  7.237  -21.424  52.136 0.0000000000
8741  8.428  -23.473  50.214 0.0000000000
8742  10.393  -22.521  49.229 0.0000000000
8743  12.162  -21.692  48.054 0.0000000000
8744  13.518  -20.782  46.569 0.0000000000
8747  14.529  -19.796  44.822 0.0000000000
8748  15.103  -18.569  43.100 0.0000000000
10292  10.229  15.513  62.488 0.0000000000
10293  10.252  16.789  61.787 0.0000000000
10294  11.108  15.951  61.614 0.0000000000
10303  10.847  13.191  62.644 0.0000000000
10304  9.731  12.844  63.544 0.0000000000
10305  9.996  14.237  63.056 0.0000000000
10306  9.258  14.995  63.002 0.0000000000
10618  8.638  -27.482  49.773 0.0000000000
10619  10.024  -28.183  49.492 0.0000000000
10620  9.853  -27.021  49.326 0.0000000000
10621  10.905  -26.603  48.778 0.0000000000
10622  9.625  -25.844  49.234 0.0000000000
11223  9.743  1.578  66.674 0.0000000000
11224  8.657  0.880  66.899 0.0000000000
11225  8.806  2.139  66.686 0.0000000000
11642  16.524  8.445  59.978 0.0000000000
11643  16.724  9.863  59.872 0.0000000000
11644  17.544  9.107  60.359 0.0000000000
11683  17.369  5.961  61.136 0.0000000000
11684  16.360  5.298  61.038 0.0000000000
11685  16.525  6.761  60.550 0.0000000000
11686  15.527  7.722  60.110 0.0000000000
12178  15.509  -23.998  44.173 0.0000000000
12179  16.174  -24.805  42.984 0.0000000000
12180  15.941  -23.473  43.195 0.0000000000
12181  16.234  -22.984  42.204 0.0000000000
12182  15.651  -22.189  43.436 0.0000000000
12191  8.609  -5.153  60.204 0.0000000000
12193  8.447  -6.488  58.989 0.0000000000
12195  5.523  -13.951  52.653 0.0000000000
12196  6.146  -15.229  51.551 0.0000000000
12197  6.280  -16.849  51.178 0.0000000000
12198  7.040  -16.348  50.616 0.0000000000
12199  8.121  -17.393  49.846 0.0000000000
13592  7.500  17.779  60.490 0.0000000000
13593  7.172  19.119  59.667 0.0000000000
13594  7.760  18.772  60.674 0.0000000000
13595  10.080  19.451  59.919 0.0000000000
13596  9.133  20.228  59.881 0.0000000000
13597  9.916  20.758  58.887 0.0000000000
13598  9.852  22.123  57.885 0.0000000000
13599  10.663  21.154  57.770 0.0000000000
13623  10.472  7.377  64.642 0.0000000000
13624  9.424  6.797  65.747 0.0000000000
13625  9.529  8.400  65.078 0.0000000000
13626  7.719  11.590  64.017 0.0000000000
13627  7.686  9.947  64.604 0.0000000000
13633  7.987  16.089  61.854 0.0000000000
14043  19.833  6.628  62.345 0.0000000000
14576  15.100  -29.682  45.698 0.0000000000
14577  14.209  -28.814  46.646 0.0000000000
14578  12.798  -25.799  47.387 0.0000000000
14579  13.840  -26.544  46.543 0.0000000000
14580  13.607  -25.387  46.587 0.0000000000
14581  14.308  -24.938  45.787 0.0000000000
14582  13.420  -24.145  46.815 0.0000000000
14591  8.154  -3.360  57.779 0.0000000000
14592  7.732  -5.030  57.495 0.0000000000
14593  8.103  -4.535  56.771 0.0000000000
14595  7.343  -6.849  54.461 0.0000000000
16300  7.139  21.871  57.805 0.0000000000
16382  6.178  -27.541  51.825 0.0000000000
16386  7.398  -0.886  65.321 0.0000000000
16387  7.841  -2.034  64.732 0.0000000000
16388  7.467  -1.759  64.042 0.0000000000
16389  7.825  -2.708  62.732 0.0000000000
16390  7.240  -1.546  63.308 0.0000000000
16391  7.318  4.895  65.805 0.0000000000
16392  7.136  3.295  66.028 0.0000000000
16393  6.674  3.766  65.222 0.0000000000
16394  6.864  2.211  61.949 0.0000000000
16395  6.531  1.538  62.962 0.0000000000
16396  6.832  0.644  61.788 0.0000000000
16397  7.022  -0.821  61.604 0.0000000000
16398  7.183  -0.298  60.685 0.0000000000
16399  7.477  -1.091  59.686 0.0000000000
16400  7.431  0.425  59.731 0.0000000000
17642  13.034  11.986  60.531 0.0000000000
17643  13.362  13.159  60.473 0.0000000000
17644  14.114  12.360  60.014 0.0000000000
17645  17.147  12.630  60.280 0.0000000000
17646  16.312  13.290  60.066 0.0000000000
17647  17.351  13.921  60.139 0.0000000000
17650  20.225  9.241  61.730 0.0000000000
17651  19.472  10.229  61.320 0.0000000000
17766  14.278  4.147  62.243 0.0000000000
17767  14.142  2.993  63.200 0.0000000000
17768  13.337  3.772  63.334 0.0000000000
17769  12.515  3.365  64.402 0.0000000000
17770  12.627  4.642  63.580 0.0000000000
17771  11.956  5.603  63.930 0.0000000000
17772  12.728  6.126  62.651 0.0000000000
17773  13.684  9.627  60.246 0.0000000000
17774  12.792  8.977  61.098 0.0000000000
17775  12.933  10.527  60.705 0.0000000000
17776  12.174  11.482  61.372 0.0000000000
19060  14.030  15.370  59.533 0.0000000000
19061  13.079  16.319  59.641 0.0000000000
19062  14.086  16.596  58.729 0.0000000000
19064  13.782  19.152  56.742 0.0000000000
19247  17.632  -30.975  38.412 0.0000000000
19248  16.292  -28.955  43.601 0.0000000000
19249  16.940  -29.849  42.549 0.0000000000
19250  16.767  -28.626  42.508 0.0000000000
19251  17.082  -26.359  40.513 0.0000000000
19252  17.282  -27.683  40.393 0.0000000000
19253  17.294  -27.254  39.330 0.0000000000
19254  17.198  -28.125  38.265 0.0000000000
19255  17.049  -26.746  38.388 0.0000000000
19256  16.558  -26.176  37.680 0.0000000000
19257  16.816  -25.327  38.680 0.0000000000
19258  16.230  -21.912  40.468 0.0000000000
19259  16.223  -22.675  39.341 0.0000000000
19260  15.957  -21.278  39.701 0.0000000000
19261  15.539  -20.709  39.098 0.0000000000
19262  15.699  -19.914  40.008 0.0000000000
19281  6.881  -22.778  54.985 0.0000000000
19282  6.439  -24.197  54.578 0.0000000000
19283  6.414  -23.824  53.739 0.0000000000
19284  6.336  -24.754  52.425 0.0000000000
19285  6.613  -23.430  52.821 0.0000000000
19294  6.827  -8.371  56.242 0.0000000000
19295  7.105  -8.952  56.754 0.0000000000
19296  6.325  -10.083  55.857 0.0000000000
19297  5.290  -14.908  54.278 0.0000000000
19298  5.591  -13.618  55.333 0.0000000000
19299  5.487  -15.399  55.172 0.0000000000
19300  5.788  -15.873  56.154 0.0000000000
19301  5.701  -17.002  55.104 0.0000000000
19302  6.249  -18.461  55.160 0.0000000000
19303  5.774  -18.121  54.056 0.0000000000
19304  7.150  -19.655  51.096 0.0000000000
19305  6.830  -20.010  52.024 0.0000000000
19306  7.658  -20.947  51.239 0.0000000000
19307  7.717  -22.470  51.217 0.0000000000
19308  8.474  -22.000  50.490 0.0000000000
19309  9.355  -23.028  49.697 0.0000000000
19310  9.221  -21.503  49.946 0.0000000000
19311  10.544  -19.325  48.748 0.0000000000
19312  11.004  -20.649  48.807 0.0000000000
19313  11.766  -20.294  48.114 0.0000000000
19314  12.842  -21.246  47.373 0.0000000000
19315  12.462  -19.910  47.397 0.0000000000
19322  13.599  -18.922  45.856 0.0000000000
19323  14.052  -18.388  44.955 0.0000000000
19324  14.892  -19.252  43.936 0.0000000000
19325  14.404  -17.721  44.144 0.0000000000
23132  8.570  16.922  62.226 0.0000000000
23133  8.541  18.287  61.453 0.0000000000
23134  9.416  17.586  61.770 0.0000000000
23135  10.203  18.111  60.953 0.0000000000
23136  10.979  18.551  59.821 0.0000000000
23151  10.537  10.439  63.510 0.0000000000
23152  9.581  9.980  64.563 0.0000000000
23153  9.595  11.431  64.075 0.0000000000
23154  8.649  12.388  64.142 0.0000000000
23155  7.937  13.002  63.407 0.0000000000
23157  8.287  14.286  62.971 0.0000000000
23158  8.530  15.624  62.606 0.0000000000
23722  12.321  -28.437  48.344 0.0000000000
23723  13.247  -28.100  47.496 0.0000000000
23724  12.120  -27.298  48.238 0.0000000000
23725  11.911  -26.153  48.165 0.0000000000
23726  11.730  -24.992  48.194 0.0000000000
23733  8.707  -4.117  56.062 0.0000000000
24757  8.303  23.902  57.810 0.0000000000
24808  8.674  -1.650  66.344 0.0000000000
24809  8.564  -0.416  66.796 0.0000000000
24810  7.777  -0.019  66.349 0.0000000000
24811  7.172  0.342  65.752 0.0000000000
24817  7.513  1.983  59.694 0.0000000000
25562  14.679  10.175  59.614 0.0000000000
25563  14.954  11.533  59.667 0.0000000000
25564  15.896  10.717  59.603 0.0000000000
25565  16.977  11.242  60.039 0.0000000000
25566  17.983  11.844  60.603 0.0000000000
25637  16.033  3.916  61.792 0.0000000000
25638  15.230  4.683  61.501 0.0000000000
25639  14.407  5.592  61.368 0.0000000000
25640  13.597  6.529  61.385 0.0000000000
25641  14.483  7.055  60.629 0.0000000000
25642  14.579  8.645  60.006 0.0000000000
26413  16.035  16.201  58.552 0.0000000000
26414  15.124  16.920  58.061 0.0000000000
26525  17.899  -31.708  40.621 0.0000000000
26526  15.915  -26.518  43.758 0.0000000000
26527  16.560  -27.332  42.547 0.0000000000
26528  16.367  -26.083  42.710 0.0000000000
26529  16.696  -25.553  41.735 0.0000000000
26530  16.875  -25.095  40.740 0.0000000000
26531  16.795  -24.528  39.844 0.0000000000
26532  16.619  -23.782  41.008 0.0000000000
26533  16.332  -22.450  41.329 0.0000000000
26534  16.023  -21.075  41.591 0.0000000000
26547  7.443  -21.699  56.209 0.0000000000
26548  7.233  -21.227  55.282 0.0000000000
26549  9.068  -5.864  61.516 0.0000000000
26554  5.636  -10.906  54.222 0.0000000000
26555  5.622  -11.351  54.932 0.0000000000
26556  5.363  -12.659  53.833 0.0000000000
26557  5.249  -14.421  53.441 0.0000000000
26558  5.380  -16.181  53.158 0.0000000000
26559  5.620  -17.784  53.056 0.0000000000
26560  5.812  -17.367  52.029 0.0000000000
26561  6.627  -18.353  51.065 0.0000000000
26562  7.761  -19.190  50.375 0.0000000000
26563  8.946  -20.082  49.867 0.0000000000
26564  8.491  -18.784  49.816 0.0000000000
26565  9.255  -18.358  49.281 0.0000000000
29015  7.083  20.390  58.793 0.0000000000
29016  7.572  21.485  58.828 0.0000000000
29017  8.377  19.618  60.497 0.0000000000
29018  8.282  20.972  59.554 0.0000000000
29019  8.318  22.383  58.563 0.0000000000
29020  9.055  23.084  57.985 0.0000000000
29055  10.146  4.359  65.823 0.0000000000
29056  9.034  3.655  66.338 0.0000000000
29057  9.204  5.238  66.072 0.0000000000
29058  8.312  5.929  65.995 0.0000000000
29059  7.482  6.564  65.555 0.0000000000
29060  8.561  9.219  65.168 0.0000000000
29061  7.559  8.194  65.191 0.0000000000
29642  18.201  6.801  61.258 0.0000000000
29643  18.360  8.232  60.904 0.0000000000
29644  19.125  7.429  61.591 0.0000000000
29645  20.081  7.981  61.956 0.0000000000
29704  18.134  5.304  61.857 0.0000000000
30389  16.684  -31.438  43.860 0.0000000000
30390  15.929  -30.532  44.710 0.0000000000
30391  15.727  -29.299  44.725 0.0000000000
30392  15.568  -28.137  44.696 0.0000000000
30393  14.055  -27.717  46.616 0.0000000000
30394  14.802  -27.319  45.681 0.0000000000
30395  15.369  -26.937  44.724 0.0000000000
30396  15.166  -25.747  44.818 0.0000000000
30397  14.980  -24.518  45.009 0.0000000000
30398  14.755  -23.198  45.241 0.0000000000
30410  7.933  -4.396  59.110 0.0000000000
30411  8.006  -6.114  58.441 0.0000000000
30412  7.722  -5.542  58.022 0.0000000000
30413  7.239  -6.640  56.884 0.0000000000
30414  6.710  -7.709  55.766 0.0000000000
30415  7.808  -5.684  55.649 0.0000000000
30416  6.867  -7.326  55.194 0.0000000000
30417  6.203  -9.142  54.599 0.0000000000
30418  5.985  -10.577  53.451 0.0000000000
32845  7.508  -27.909  50.312 0.0000000000
32846  7.453  -26.696  50.278 0.0000000000
32851  9.054  -5.123  63.370 0.0000000000
32852  8.367  -2.418  65.261 0.0000000000
32853  8.482  -3.343  64.026 0.0000000000
32854  8.849  -4.532  62.734 0.0000000000
32855  8.610  -4.176  62.069 0.0000000000
32856  8.326  -3.891  61.417 0.0000000000
32857  8.109  -3.628  60.803 0.0000000000
32858  7.857  2.759  66.449 0.0000000000
32859  7.026  1.738  66.011 0.0000000000
32860  6.695  0.670  64.906 0.0000000000
32861  6.415  2.608  64.145 0.0000000000
32862  6.481  1.025  63.976 0.0000000000
32863  6.718  -0.351  63.802 0.0000000000
32864  7.055  -1.304  62.475 0.0000000000
32865  7.503  -2.226  61.305 0.0000000000
32866  7.790  -3.297  60.184 0.0000000000
32867  7.682  -2.800  59.515 0.0000000000
32868  7.853  -2.170  58.813 0.0000000000
32869  8.323  -1.620  57.974 0.0000000000
32870  7.800  1.049  58.702 0.0000000000
32871  8.227  -0.009  57.935 0.0000000000
32872  8.797  -1.106  57.139 0.0000000000
34442  11.730  13.767  61.778 0.0000000000
34443  12.042  14.872  61.322 0.0000000000
34444  12.686  14.053  60.988 0.0000000000
34445  13.718  14.347  60.205 0.0000000000
34446  14.745  14.683  59.647 0.0000000000
34447  15.284  12.739  59.920 0.0000000000
34448  15.512  14.038  59.835 0.0000000000
34449  15.797  15.119  59.308 0.0000000000
34453  18.538  9.725  60.842 0.0000000000
34454  18.734  11.008  60.910 0.0000000000
34589  10.711  2.291  66.092 0.0000000000
34597  11.622  2.900  65.266 0.0000000000
34598  10.831  3.608  65.574 0.0000000000
34599  11.085  5.031  65.135 0.0000000000
34600  11.298  6.490  64.275 0.0000000000
34601  11.237  7.977  63.347 0.0000000000
34602  12.738  7.530  61.648 0.0000000000
34603  11.996  8.453  62.080 0.0000000000
34604  11.258  9.485  62.830 0.0000000000
34605  11.340  10.935  62.422 0.0000000000
34606  11.555  12.307  62.037 0.0000000000
36175  12.074  16.209  60.632 0.0000000000
36176  12.051  17.406  59.778 0.0000000000
36177  11.910  18.697  58.644 0.0000000000
36178  13.976  17.880  57.813 0.0000000000
36179  12.782  18.983  57.643 0.0000000000
36180  11.704  20.074  57.649 0.0000000000
36181  11.473  21.368  56.679 0.0000000000
36402  17.134  -31.082  42.707 0.0000000000
36403  17.509  -30.766  41.548 0.0000000000
36404  17.707  -30.410  40.383 0.0000000000
36405  17.101  -28.164  41.416 0.0000000000
36406  17.496  -29.048  40.318 0.0000000000
36407  17.671  -29.990  39.262 0.0000000000
36408  17.400  -29.567  38.241 0.0000000000
36409  16.916  -29.067  37.424 0.0000000000
36411  16.035  -27.074  36.881 0.0000000000
36412  15.857  -25.654  37.124 0.0000000000
36413  15.634  -24.264  37.441 0.0000000000
36414  16.532  -23.979  39.048 0.0000000000
36415  15.991  -23.470  38.298 0.0000000000
36416  15.341  -22.914  37.811 0.0000000000
36417  15.117  -21.540  38.248 0.0000000000
36442  6.298  -25.560  54.279 0.0000000000
36443  6.115  -26.495  53.058 0.0000000000
36444  6.186  -26.109  52.039 0.0000000000
36445  6.608  -25.708  51.194 0.0000000000
36446  7.375  -25.271  50.515 0.0000000000
36456  7.918  -7.762  57.811 0.0000000000
36459  5.879  -11.876  55.590 0.0000000000
36465  6.734  -18.827  56.226 0.0000000000
36466  6.916  -19.771  55.250 0.0000000000
36467  6.936  -20.833  54.186 0.0000000000
36468  6.147  -19.135  53.007 0.0000000000
36469  6.770  -20.402  53.081 0.0000000000
36470  6.942  -21.896  53.068 0.0000000000
36471  7.083  -22.930  51.914 0.0000000000
36472  7.545  -23.907  50.846 0.0000000000
36473  8.317  -24.834  49.877 0.0000000000
36474  9.437  -24.438  49.421 0.0000000000
36475  10.536  -24.001  48.988 0.0000000000
36476  11.476  -23.532  48.453 0.0000000000
36477  10.128  -21.100  49.355 0.0000000000
36478  11.332  -22.105  48.722 0.0000000000
36479  12.400  -23.111  47.835 0.0000000000
36480  13.185  -22.696  47.135 0.0000000000
36481  13.869  -22.202  46.363 0.0000000000
36482  14.466  -21.742  45.487 0.0000000000
36488  11.997  -18.508  47.387 0.0000000000
36489  13.079  -19.446  46.644 0.0000000000
36490  14.064  -20.302  45.720 0.0000000000
36491  14.944  -21.210  44.623 0.0000000000
36492  15.305  -20.716  43.728 0.0000000000
36493  15.554  -20.110  42.803 0.0000000000
36494  15.656  -19.506  41.988 0.0000000000
36496  15.213  -17.942  42.262 0.0000000000
36497  15.586  -18.919  41.084 0.0000000000
36498  15.360  -18.297  40.381 0.0000000000
41012  10.639  15.091  62.397 0.0000000000
41013  10.715  15.743  62.073 0.0000000000
41014  11.107  15.329  61.952 0.0000000000
41023  10.966  13.900  62.459 0.0000000000
41024  10.415  13.703  62.880 0.0000000000
41025  10.514  14.425  62.667 0.0000000000
41026  10.127  14.851  62.777 0.0000000000
41338  8.601  -26.883  49.726 0.0000000000
41339  9.259  -27.254  49.544 0.0000000000
41340  9.193  -26.676  49.505 0.0000000000
41341  9.718  -26.445  49.267 0.0000000000
41342  9.056  -26.053  49.477 0.0000000000
41943  9.820  2.211  66.487 0.0000000000
41944  9.266  1.879  66.736 0.0000000000
41945  9.377  2.570  66.513 0.0000000000
42362  16.997  8.002  60.264 0.0000000000
42363  17.107  8.753  60.145 0.0000000000
42364  17.556  8.277  60.441 0.0000000000
42403  17.429  6.725  60.882 0.0000000000
42404  16.973  6.338  60.817 0.0000000000
42405  16.990  7.153  60.541 0.0000000000
42406  16.509  7.648  60.259 0.0000000000
42898  15.394  -23.330  44.265 0.0000000000
42899  15.738  -23.739  43.687 0.0000000000
42900  15.616  -23.091  43.806 0.0000000000
42901  15.801  -22.836  43.301 0.0000000000
42902  15.472  -22.435  43.879 0.0000000000
42911  8.415  -4.995  59.910 0.0000000000
42912  8.593  -5.824  59.611 0.0000000000
42913  8.391  -5.671  59.325 0.0000000000
42917  6.539  -15.793  51.029 0.0000000000
44312  7.663  17.595  60.976 0.0000000000
44313  7.551  18.340  60.632 0.0000000000
44314  7.821  18.107  61.108 0.0000000000
44315  10.471  19.656  59.367 0.0000000000
44316  10.015  20.097  59.398 0.0000000000
44317  10.376  20.278  58.853 0.0000000000
44318  10.312  20.948  58.309 0.0000000000
44319  10.762  20.438  58.321 0.0000000000
44343  10.512  8.158  64.249 0.0000000000
44344  9.991  7.896  64.856 0.0000000000
44345  10.054  8.702  64.557 0.0000000000
44353  7.954  16.777  61.690 0.0000000000
44355  7.761  16.988  61.170 0.0000000000
45296  14.338  -29.457  46.655 0.0000000000
45297  13.844  -29.057  47.110 0.0000000000
45298  12.735  -25.232  47.405 0.0000000000
45299  13.212  -25.633  46.998 0.0000000000
45300  13.150  -24.992  47.027 0.0000000000
45301  13.503  -24.760  46.694 0.0000000000
45302  13.045  -24.372  47.183 0.0000000000
45311  8.376  -3.111  57.421 0.0000000000
45312  8.189  -3.970  57.297 0.0000000000
45313  8.428  -3.721  56.916 0.0000000000
47020  7.350  22.390  57.938 0.0000000000
47106  7.207  -0.755  64.973 0.0000000000
47107  7.397  -1.297  64.740 0.0000000000
47108  7.228  -1.185  64.349 0.0000000000
47109  7.352  -1.668  63.679 0.0000000000
47110  7.075  -1.118  63.878 0.0000000000
47111  7.062  5.168  65.399 0.0000000000
47112  6.891  4.341  65.569 0.0000000000
47114  7.016  1.756  61.344 0.0000000000
47115  6.834  1.410  61.874 0.0000000000
47116  6.976  0.969  61.291 0.0000000000
47117  7.005  0.174  61.263 0.0000000000
47118  7.118  0.504  60.729 0.0000000000
47119  7.298  0.056  60.202 0.0000000000
47120  7.265  0.838  60.220 0.0000000000
48362  13.398  11.558  60.228 0.0000000000
48363  13.584  12.153  60.240 0.0000000000
48364  13.979  11.714  59.976 0.0000000000
48365  17.669  12.898  60.408 0.0000000000
48366  17.249  13.267  60.252 0.0000000000
48367  17.723  13.590  60.329 0.0000000000
48486  13.887  4.628  62.263 0.0000000000
48487  13.797  3.985  62.802 0.0000000000
48488  13.392  4.446  62.882 0.0000000000
48489  12.982  4.194  63.456 0.0000000000
48490  13.056  4.918  62.992 0.0000000000
48491  12.702  5.396  63.143 0.0000000000
48492  13.103  5.641  62.490 0.0000000000
48493  13.747  10.413  60.037 0.0000000000
48494  13.301  10.082  60.456 0.0000000000
48495  13.349  10.834  60.290 0.0000000000
48496  12.985  11.272  60.600 0.0000000000
49780  14.567  15.551  59.240 0.0000000000
49781  14.077  15.973  59.129 0.0000000000
49782  14.635  16.122  58.828 0.0000000000
49966  17.726  -31.603  38.548 0.0000000000
49967  17.798  -31.150  38.898 0.0000000000
49968  16.202  -28.341  43.626 0.0000000000
49969  16.546  -28.778  43.060 0.0000000000
49970  16.442  -28.204  43.060 0.0000000000
49971  17.111  -26.127  39.984 0.0000000000
49972  17.219  -26.792  39.907 0.0000000000
49973  17.194  -26.557  39.411 0.0000000000
49974  17.193  -27.023  38.836 0.0000000000
49975  17.091  -26.314  38.925 0.0000000000
49976  16.943  -26.011  38.522 0.0000000000
49977  16.970  -25.619  39.070 0.0000000000
49978  16.075  -21.201  40.619 0.0000000000
49979  16.108  -21.603  40.061 0.0000000000
49980  15.976  -20.888  40.254 0.0000000000
49981  15.827  -20.578  39.884 0.0000000000
49982  15.856  -20.190  40.398 0.0000000000
50001  6.854  -22.594  54.557 0.0000000000
50002  6.618  -23.300  54.362 0.0000000000
50003  6.601  -23.164  53.936 0.0000000000
50004  6.469  -23.653  53.257 0.0000000000
50005  6.692  -22.921  53.486 0.0000000000
50014  6.446  -8.939  55.769 0.0000000000
50015  6.560  -9.215  56.044 0.0000000000
50016  6.193  -9.827  55.561 0.0000000000
50017  5.325  -15.801  54.174 0.0000000000
50018  5.376  -15.152  54.723 0.0000000000
50019  5.422  -16.035  54.653 0.0000000000
50020  5.557  -16.248  55.155 0.0000000000
50021  5.514  -16.797  54.639 0.0000000000
50022  5.717  -17.560  54.597 0.0000000000
50023  5.543  -17.371  54.105 0.0000000000
50024  7.662  -20.081  50.782 0.0000000000
50025  7.465  -20.304  51.223 0.0000000000
50026  7.930  -20.753  50.854 0.0000000000
50027  8.072  -21.478  50.862 0.0000000000
50028  8.418  -21.247  50.526 0.0000000000
50029  8.830  -21.766  50.201 0.0000000000
50030  8.716  -21.015  50.226 0.0000000000
50031  10.894  -19.119  48.472 0.0000000000
50032  11.157  -19.814  48.459 0.0000000000
50033  11.510  -19.618  48.126 0.0000000000
50034  12.116  -20.098  47.760 0.0000000000
50035  11.860  -19.419  47.779 0.0000000000
50044  14.251  -18.049  44.524 0.0000000000
53912  8.996  16.624  62.414 0.0000000000
53913  8.946  17.302  62.097 0.0000000000
53914  9.380  16.969  62.181 0.0000000000
53915  10.650  17.034  61.301 0.0000000000
53916  10.230  17.449  61.404 0.0000000000
53917  10.644  17.664  60.900 0.0000000000
53918  10.607  18.345  60.379 0.0000000000
53919  11.054  17.835  60.350 0.0000000000
53943  10.529  11.143  63.340 0.0000000000
53944  10.092  10.918  63.834 0.0000000000
53945  10.082  11.676  63.661 0.0000000000
53946  9.252  13.333  63.622 0.0000000000
53947  9.138  12.660  63.925 0.0000000000
53948  8.721  13.069  63.793 0.0000000000
53949  8.233  12.759  63.907 0.0000000000
53950  8.382  13.405  63.495 0.0000000000
53951  8.147  13.629  63.155 0.0000000000
53952  8.550  14.031  63.296 0.0000000000
53953  9.342  15.628  62.784 0.0000000000
53954  8.868  15.326  62.854 0.0000000000
53955  8.941  15.969  62.652 0.0000000000
53956  8.563  16.293  62.463 0.0000000000
54891  10.611  -27.975  49.235 0.0000000000
54893  11.297  -28.321  48.995 0.0000000000
54895  11.765  -28.090  48.668 0.0000000000
54896  12.259  -27.876  48.293 0.0000000000
54897  11.661  -27.514  48.603 0.0000000000
54898  10.798  -26.036  48.754 0.0000000000
54899  11.420  -26.393  48.468 0.0000000000
54900  11.325  -25.808  48.476 0.0000000000
54901  11.806  -25.606  48.158 0.0000000000
54902  11.247  -25.209  48.523 0.0000000000
56704  9.047  -0.660  66.983 0.0000000000
56705  9.049  -0.000  66.977 0.0000000000
56706  8.242  1.082  66.765 0.0000000000
56707  8.124  0.408  66.751 0.0000000000
56708  7.760  0.623  66.532 0.0000000000
56709  7.447  0.175  66.101 0.0000000000
56710  7.418  0.809  66.218 0.0000000000
57962  15.132  9.735  59.587 0.0000000000
57963  15.270  10.446  59.562 0.0000000000
57964  15.720  10.063  59.582 0.0000000000
57965  17.248  10.180  60.053 0.0000000000
57966  16.872  10.567  59.851 0.0000000000
57967  17.393  10.843  60.192 0.0000000000
57968  17.479  11.608  60.292 0.0000000000
57969  17.843  11.196  60.467 0.0000000000
58083  17.039  3.884  62.007 0.0000000000
58084  16.480  3.575  62.031 0.0000000000
58085  16.662  4.198  61.722 0.0000000000
58086  15.896  5.713  60.840 0.0000000000
58087  15.779  4.973  61.213 0.0000000000
58088  15.333  5.395  61.099 0.0000000000
58089  14.828  5.133  61.357 0.0000000000
58090  14.883  5.844  61.015 0.0000000000
58091  14.418  6.328  60.953 0.0000000000
58092  14.983  6.571  60.668 0.0000000000
58093  15.598  8.524  59.819 0.0000000000
58094  15.054  8.176  60.017 0.0000000000
58095  15.100  8.952  59.708 0.0000000000
58096  14.618  9.443  59.764 0.0000000000
59567  17.830  -31.867  41.235 0.0000000000
59568  15.800  -25.908  43.826 0.0000000000
59569  16.139  -26.294  43.268 0.0000000000
59570  16.054  -25.694  43.321 0.0000000000
59571  16.350  -24.551  42.463 0.0000000000
59572  16.441  -25.161  42.369 0.0000000000
59573  16.594  -24.923  41.886 0.0000000000
59574  16.809  -25.321  41.251 0.0000000000
59575  16.721  -24.737  41.353 0.0000000000
59576  16.758  -24.461  40.864 0.0000000000
59577  16.597  -24.090  41.459 0.0000000000
59578  16.063  -22.301  42.368 0.0000000000
59579  16.292  -22.706  41.776 0.0000000000
59580  16.139  -22.049  41.919 0.0000000000
59581  16.184  -21.787  41.488 0.0000000000
59582  15.993  -21.391  42.057 0.0000000000
59601  7.577  -20.353  56.847 0.0000000000
59602  7.675  -21.137  56.785 0.0000000000
59603  7.495  -20.885  56.285 0.0000000000
59604  7.350  -21.487  55.737 0.0000000000
59605  7.332  -20.660  55.797 0.0000000000
59606  8.973  -5.650  61.172 0.0000000000
59614  5.585  -11.619  53.626 0.0000000000
59615  5.482  -11.796  54.037 0.0000000000
59616  5.492  -12.399  53.493 0.0000000000
59617  5.549  -14.820  52.476 0.0000000000
59618  5.337  -14.187  53.037 0.0000000000
59619  5.384  -15.049  52.867 0.0000000000
59620  5.299  -15.266  53.303 0.0000000000
59621  5.428  -15.902  52.695 0.0000000000
59622  5.516  -16.769  52.577 0.0000000000
59623  5.596  -16.524  52.104 0.0000000000
59624  6.757  -17.390  50.739 0.0000000000
59625  6.441  -17.670  51.111 0.0000000000
59626  6.938  -18.113  50.721 0.0000000000
59627  7.180  -18.765  50.678 0.0000000000
59628  7.530  -18.527  50.418 0.0000000000
59629  8.137  -18.997  50.098 0.0000000000
59630  7.869  -18.318  50.082 0.0000000000
59632  8.670  -17.866  49.545 0.0000000000
59633  9.068  -17.666  49.295 0.0000000000
59634  9.639  -18.150  49.031 0.0000000000
63815  7.344  19.576  59.809 0.0000000000
63816  7.119  19.707  59.287 0.0000000000
63817  7.290  20.230  59.353 0.0000000000
63818  7.315  20.904  58.840 0.0000000000
63819  7.585  20.752  59.366 0.0000000000
63820  8.938  18.644  61.181 0.0000000000
63821  8.493  18.932  60.962 0.0000000000
63822  8.816  19.298  60.721 0.0000000000
63823  9.114  20.927  59.353 0.0000000000
63824  8.680  20.592  59.770 0.0000000000
63825  8.690  21.305  59.249 0.0000000000
63826  8.272  21.642  59.032 0.0000000000
63827  8.678  22.013  58.739 0.0000000000
63828  8.669  22.775  58.300 0.0000000000
63829  9.056  22.376  58.363 0.0000000000
63830  10.164  22.422  57.475 0.0000000000
63831  9.789  22.960  57.545 0.0000000000
63903  10.240  5.123  65.689 0.0000000000
63904  9.696  4.808  65.937 0.0000000000
63905  9.801  5.593  65.873 0.0000000000
63906  8.917  7.168  65.803 0.0000000000
63907  8.819  6.399  66.006 0.0000000000
63908  8.369  6.701  65.954 0.0000000000
63909  7.885  6.232  65.814 0.0000000000
63910  7.931  7.063  65.778 0.0000000000
63911  9.068  10.449  64.687 0.0000000000
63912  9.102  9.669  64.915 0.0000000000
63913  8.547  10.108  64.935 0.0000000000
63915  7.623  9.124  64.932 0.0000000000
65162  18.585  6.451  61.653 0.0000000000
65163  18.718  7.078  61.462 0.0000000000
65164  19.062  6.760  61.800 0.0000000000
65166  19.961  7.311  62.111 0.0000000000
65293  18.926  5.382  62.385 0.0000000000
65294  18.498  4.970  62.232 0.0000000000
65295  18.608  5.696  61.998 0.0000000000
65296  18.255  6.025  61.606 0.0000000000
66761  16.010  -31.165  44.803 0.0000000000
66762  15.591  -30.686  45.238 0.0000000000
66763  15.016  -29.082  45.710 0.0000000000
66764  15.448  -29.497  45.221 0.0000000000
66765  15.337  -28.866  45.231 0.0000000000
66766  15.670  -28.702  44.676 0.0000000000
66767  15.303  -28.296  45.172 0.0000000000
66768  13.151  -27.517  47.449 0.0000000000
66769  13.692  -27.926  47.045 0.0000000000
66770  13.567  -27.324  47.030 0.0000000000
66771  14.193  -26.357  46.129 0.0000000000
66772  14.335  -26.926  46.121 0.0000000000
66773  14.652  -26.762  45.710 0.0000000000
66774  15.059  -27.127  45.244 0.0000000000
66775  14.965  -26.568  45.200 0.0000000000
66776  15.274  -26.352  44.746 0.0000000000
66777  14.860  -25.980  45.228 0.0000000000
66778  14.211  -24.300  45.937 0.0000000000
66779  14.641  -24.715  45.419 0.0000000000
66780  14.541  -24.092  45.550 0.0000000000
66781  14.870  -23.875  45.127 0.0000000000
66782  14.458  -23.467  45.648 0.0000000000
66806  7.853  -4.176  58.805 0.0000000000
66807  7.863  -5.013  58.509 0.0000000000
66808  7.804  -4.744  58.264 0.0000000000
66809  7.590  -5.586  56.929 0.0000000000
66810  7.515  -5.780  57.199 0.0000000000
66811  7.272  -6.376  56.634 0.0000000000
66812  6.975  -7.187  56.331 0.0000000000
66813  7.003  -6.954  56.078 0.0000000000
66814  8.554  -4.699  55.532 0.0000000000
66815  8.243  -4.917  55.914 0.0000000000
66816  8.089  -5.479  55.344 0.0000000000
66817  6.865  -7.724  54.174 0.0000000000
66818  7.095  -7.070  54.804 0.0000000000
66819  6.655  -7.970  54.520 0.0000000000
66820  6.492  -8.194  54.852 0.0000000000
66821  6.335  -8.904  54.236 0.0000000000
66822  6.060  -9.888  53.996 0.0000000000
66823  6.250  -9.647  53.646 0.0000000000
72178  6.669  -27.759  50.935 0.0000000000
72180  7.045  -27.520  50.578 0.0000000000
72181  7.462  -27.318  50.245 0.0000000000
72182  7.037  -26.881  50.591 0.0000000000
72190  8.978  -4.494  64.011 0.0000000000
72191  8.321  -1.418  66.083 0.0000000000
72192  8.466  -2.040  65.813 0.0000000000
72193  8.109  -1.799  65.575 0.0000000000
72194  7.933  -2.486  64.062 0.0000000000
72195  8.113  -2.635  64.381 0.0000000000
72196  8.247  -3.181  63.677 0.0000000000
72197  8.662  -3.944  63.382 0.0000000000
72198  8.512  -3.724  63.052 0.0000000000
72199  8.742  -4.320  62.414 0.0000000000
72200  8.346  -3.551  62.695 0.0000000000
72201  7.758  -2.627  62.400 0.0000000000
72202  8.066  -3.265  62.034 0.0000000000
72203  7.975  -3.186  61.739 0.0000000000
72204  8.228  -3.767  61.115 0.0000000000
72205  7.900  -3.030  61.396 0.0000000000
72206  8.528  4.034  66.362 0.0000000000
72207  8.447  3.267  66.487 0.0000000000
72208  7.997  3.594  66.420 0.0000000000
72209  6.736  2.724  65.699 0.0000000000
72210  7.024  2.516  66.038 0.0000000000
72211  6.747  1.950  65.642 0.0000000000
72212  6.812  1.232  65.565 0.0000000000
72213  6.579  1.424  65.123 0.0000000000
72216  6.521  2.887  63.582 0.0000000000
72217  6.600  0.777  62.909 0.0000000000
72218  6.450  1.250  63.489 0.0000000000
72219  6.581  0.554  63.367 0.0000000000
72220  6.607  0.343  63.854 0.0000000000
72221  6.685  -0.152  63.287 0.0000000000
72222  6.896  -0.860  63.102 0.0000000000
72223  6.845  -0.628  62.697 0.0000000000
72224  7.184  -1.268  61.038 0.0000000000
72225  7.219  -1.532  61.460 0.0000000000
72226  7.407  -2.001  60.913 0.0000000000
72227  7.670  -2.746  60.747 0.0000000000
72228  7.510  -2.532  60.418 0.0000000000
72229  7.704  -3.067  59.885 0.0000000000
72230  7.497  -2.259  60.022 0.0000000000
72231  7.679  -0.785  59.253 0.0000000000
72232  7.671  -1.616  59.226 0.0000000000
72233  7.901  -1.279  58.831 0.0000000000
72234  8.062  -1.884  58.406 0.0000000000
72235  8.109  -1.023  58.394 0.0000000000
72237  7.638  1.506  59.200 0.0000000000
72238  7.795  1.789  58.610 0.0000000000
72240  8.207  0.786  57.790 0.0000000000
72241  8.451  0.262  57.437 0.0000000000
72242  8.522  -0.510  57.525 0.0000000000
75962  12.066  13.336  61.559 0.0000000000
75963  12.254  13.881  61.365 0.0000000000
75964  12.566  13.449  61.117 0.0000000000
75965  13.904  13.335  60.230 0.0000000000
75966  13.543  13.754  60.442 0.0000000000
75967  14.095  13.932  60.115 0.0000000000
75968  14.216  14.503  59.881 0.0000000000
75969  14.600  14.099  59.897 0.0000000000
75970  15.581  11.722  59.700 0.0000000000
75971  15.134  12.159  59.787 0.0000000000
75972  15.712  12.356  59.874 0.0000000000
75973  16.434  13.888  59.967 0.0000000000
75974  15.893  13.641  59.976 0.0000000000
75975  16.039  14.235  59.796 0.0000000000
75976  15.665  14.575  59.623 0.0000000000
75977  16.150  14.830  59.518 0.0000000000
75978  16.274  15.377  59.219 0.0000000000
75979  16.602  15.103  59.437 0.0000000000
75985  18.862  8.500  61.158 0.0000000000
75986  18.466  8.944  60.851 0.0000000000
75987  18.935  9.201  61.089 0.0000000000
75988  19.579  10.903  61.304 0.0000000000
75989  19.105  10.607  61.097 0.0000000000
75990  19.194  11.323  61.066 0.0000000000
75991  18.852  11.735  60.909 0.0000000000
76321  10.701  1.582  66.341 0.0000000000
76322  11.153  1.955  66.034 0.0000000000
76331  15.440  3.066  62.491 0.0000000000
76334  13.723  2.768  63.699 0.0000000000
76340  12.864  2.413  64.586 0.0000000000
76341  12.151  3.742  64.569 0.0000000000
76342  12.118  3.168  64.811 0.0000000000
76343  11.711  3.530  65.000 0.0000000000
76344  11.213  3.271  65.430 0.0000000000
76345  11.307  3.907  65.184 0.0000000000
76346  10.896  4.332  65.387 0.0000000000
76347  11.417  4.595  64.935 0.0000000000
76348  11.989  6.373  63.453 0.0000000000
76349  11.648  6.066  64.102 0.0000000000
76350  11.670  6.766  63.606 0.0000000000
76351  11.315  7.193  63.792 0.0000000000
76352  11.629  7.471  63.101 0.0000000000
76353  13.578  7.268  61.005 0.0000000000
76354  13.152  7.038  61.512 0.0000000000
76355  13.177  7.756  61.094 0.0000000000
76356  12.419  9.480  61.372 0.0000000000
76357  12.415  8.691  61.553 0.0000000000
76358  12.054  9.185  61.875 0.0000000000
76359  11.629  8.977  62.459 0.0000000000
76360  11.681  9.709  62.226 0.0000000000
76361  11.292  10.240  62.654 0.0000000000
76362  11.685  10.512  62.077 0.0000000000
76363  12.250  12.147  61.202 0.0000000000
76364  11.826  11.910  61.726 0.0000000000
76365  11.957  12.556  61.552 0.0000000000
76366  11.659  12.978  61.901 0.0000000000
80215  12.513  15.058  60.845 0.0000000000
80216  12.047  15.619  60.956 0.0000000000
80217  12.574  15.669  60.520 0.0000000000
80218  13.067  16.984  59.187 0.0000000000
80219  12.569  16.860  59.680 0.0000000000
80220  12.520  17.548  59.177 0.0000000000
80221  11.989  18.072  59.207 0.0000000000
80222  12.425  18.195  58.645 0.0000000000
80223  15.053  17.561  57.559 0.0000000000
80224  14.585  17.386  57.966 0.0000000000
80225  14.488  18.033  57.429 0.0000000000
80226  13.157  19.667  56.652 0.0000000000
80227  13.278  19.021  57.176 0.0000000000
80228  12.698  19.576  57.107 0.0000000000
80229  12.209  19.541  57.627 0.0000000000
80230  12.129  20.157  57.101 0.0000000000
80231  11.579  20.726  57.145 0.0000000000
80232  11.986  20.822  56.632 0.0000000000
80778  16.587  -30.831  43.746 0.0000000000
80779  16.925  -31.242  43.298 0.0000000000
80780  16.819  -30.634  43.170 0.0000000000
80781  17.139  -29.636  41.969 0.0000000000
80782  17.239  -30.276  42.033 0.0000000000
80783  17.392  -30.104  41.457 0.0000000000
80784  17.623  -30.599  40.955 0.0000000000
80785  17.500  -29.914  40.937 0.0000000000
80786  16.742  -27.115  42.029 0.0000000000
80787  16.839  -27.749  41.981 0.0000000000
80788  16.999  -27.512  41.470 0.0000000000
80789  17.397  -28.122  39.818 0.0000000000
80790  17.389  -28.344  40.314 0.0000000000
80791  17.498  -28.797  39.760 0.0000000000
80792  17.609  -29.515  39.784 0.0000000000
80793  17.569  -29.264  39.229 0.0000000000
80794  17.572  -29.815  38.728 0.0000000000
80795  17.461  -29.072  38.727 0.0000000000
80796  17.005  -27.860  37.827 0.0000000000
80797  17.111  -28.573  37.813 0.0000000000
80798  16.830  -28.315  37.436 0.0000000000
80799  16.581  -28.795  37.092 0.0000000000
80800  16.502  -28.033  37.112 0.0000000000
80801  16.116  -27.796  36.800 0.0000000000
80802  16.408  -27.300  37.155 0.0000000000
80803  16.440  -25.466  37.816 0.0000000000
80804  16.266  -25.933  37.393 0.0000000000
80805  16.144  -25.205  37.460 0.0000000000
80806  15.756  -24.968  37.272 0.0000000000
80807  15.993  -24.533  37.641 0.0000000000
80808  16.652  -23.873  40.002 0.0000000000
80809  16.673  -24.260  39.431 0.0000000000
80810  16.539  -23.597  39.581 0.0000000000
80811  16.002  -22.376  39.014 0.0000000000
80812  16.126  -23.098  38.806 0.0000000000
80813  15.877  -22.792  38.516 0.0000000000
80814  15.700  -23.162  38.035 0.0000000000
80815  15.586  -22.519  38.263 0.0000000000
80816  15.242  -22.239  38.051 0.0000000000
80817  15.469  -21.849  38.455 0.0000000000
80818  15.414  -19.963  39.250 0.0000000000
80819  15.256  -20.401  38.821 0.0000000000
80820  15.131  -19.670  38.942 0.0000000000
80879  6.270  -24.714  53.967 0.0000000000
80880  6.331  -24.899  54.488 0.0000000000
80881  6.178  -25.394  53.802 0.0000000000
80882  6.210  -26.024  53.682 0.0000000000
80883  6.101  -25.874  53.148 0.0000000000
80884  6.104  -26.326  52.519 0.0000000000
80885  6.107  -25.624  52.699 0.0000000000
80886  6.524  -24.525  51.969 0.0000000000
80887  6.421  -25.226  51.785 0.0000000000
80888  6.681  -25.015  51.365 0.0000000000
80889  6.957  -25.468  50.831 0.0000000000
80890  7.020  -24.798  51.024 0.0000000000
80914  7.792  -6.628  57.880 0.0000000000
80915  7.994  -6.930  58.082 0.0000000000
80916  7.703  -7.563  57.542 0.0000000000
80917  6.932  -9.781  56.559 0.0000000000
80922  5.442  -12.278  54.729 0.0000000000
80923  5.716  -11.629  55.235 0.0000000000
80924  5.562  -12.514  55.093 0.0000000000
80932  5.876  -16.692  56.127 0.0000000000
80936  6.181  -17.624  56.795 0.0000000000
80937  6.560  -18.337  56.755 0.0000000000
80938  6.337  -18.161  56.245 0.0000000000
80939  6.324  -18.971  54.666 0.0000000000
80940  6.541  -19.170  55.186 0.0000000000
80941  6.643  -19.606  54.683 0.0000000000
80942  6.944  -20.283  54.702 0.0000000000
80943  6.765  -20.100  54.178 0.0000000000
80944  5.895  -18.317  52.501 0.0000000000
80945  5.859  -18.502  53.021 0.0000000000
80946  6.176  -18.972  52.477 0.0000000000
80947  7.097  -20.700  52.087 0.0000000000
80948  6.769  -20.182  52.552 0.0000000000
80949  7.012  -20.917  52.584 0.0000000000
80950  6.980  -21.099  53.149 0.0000000000
80951  7.069  -21.631  52.606 0.0000000000
80952  6.965  -22.409  52.458 0.0000000000
80953  7.225  -22.161  52.088 0.0000000000
80954  8.078  -22.991  50.713 0.0000000000
80955  7.654  -23.217  51.066 0.0000000000
80956  7.936  -23.666  50.532 0.0000000000
80957  7.843  -24.355  50.350 0.0000000000
80958  8.323  -24.160  50.032 0.0000000000
80959  8.862  -24.641  49.641 0.0000000000
80960  8.846  -23.973  49.773 0.0000000000
80961  9.877  -22.767  49.464 0.0000000000
80962  9.912  -23.511  49.350 0.0000000000
80963  10.385  -23.238  49.138 0.0000000000
80964  11.011  -23.731  48.754 0.0000000000
80965  10.895  -23.019  48.882 0.0000000000
80966  9.374  -19.903  49.606 0.0000000000
80967  9.575  -20.591  49.615 0.0000000000
80968  10.001  -20.396  49.341 0.0000000000
80969  11.578  -21.130  48.492 0.0000000000
80970  11.169  -21.388  48.813 0.0000000000
80971  11.763  -21.881  48.437 0.0000000000
80972  11.877  -22.589  48.286 0.0000000000
80973  12.298  -22.382  47.999 0.0000000000
80974  12.802  -22.909  47.506 0.0000000000
80975  12.682  -22.190  47.630 0.0000000000
80976  13.212  -21.008  46.977 0.0000000000
80977  13.371  -21.705  46.895 0.0000000000
80978  13.706  -21.471  46.473 0.0000000000
80979  14.198  -21.978  45.903 0.0000000000
80980  14.006  -21.271  46.051 0.0000000000
80997  12.542  -18.982  47.031 0.0000000000
80998  12.853  -18.759  46.662 0.0000000000
80999  14.107  -19.361  45.325 0.0000000000
81000  13.880  -19.622  45.763 0.0000000000
81001  14.297  -20.038  45.283 0.0000000000
81002  14.513  -20.741  45.198 0.0000000000
81003  14.718  -20.475  44.763 0.0000000000
81004  15.144  -20.990  44.202 0.0000000000
81005  14.940  -20.250  44.305 0.0000000000
81006  15.014  -18.929  43.501 0.0000000000
81007  15.230  -19.665  43.422 0.0000000000
81008  15.349  -19.357  42.922 0.0000000000
81009  15.620  -19.824  42.373 0.0000000000
81010  15.406  -19.027  42.536 0.0000000000
81016  15.218  -17.658  41.800 0.0000000000
81017  15.436  -18.436  41.657 0.0000000000
81018  15.387  -18.122  41.232 0.0000000000
81019  15.496  -18.605  40.690 0.0000000000
81020  15.299  -17.781  40.898 0.0000000000
92252  9.828  15.908  62.520 0.0000000000
92253  9.839  16.576  62.200 0.0000000000
92254  10.286  16.148  62.163 0.0000000000
92255  10.684  16.370  61.716 0.0000000000
92256  11.085  16.587  61.211 0.0000000000
92271  10.716  12.520  62.912 0.0000000000
92272  10.175  12.332  63.397 0.0000000000
92273  10.288  13.026  63.133 0.0000000000
92274  9.864  13.524  63.274 0.0000000000
92275  9.446  14.010  63.315 0.0000000000
92276  9.092  14.371  63.264 0.0000000000
92277  9.632  14.632  63.074 0.0000000000
92278  9.736  15.285  62.850 0.0000000000
92838  8.712  -28.090  49.876 0.0000000000
92840  9.334  -27.846  49.637 0.0000000000
92841  9.914  -27.606  49.405 0.0000000000
92842  10.505  -27.362  49.152 0.0000000000
92843  11.039  -27.154  48.857 0.0000000000
92844  10.390  -26.800  49.074 0.0000000000
92845  10.273  -26.265  49.028 0.0000000000
92846  10.173  -25.647  49.027 0.0000000000
93927  9.691  1.000  66.885 0.0000000000
93928  9.107  0.653  66.970 0.0000000000
93929  9.236  1.234  66.897 0.0000000000
93930  8.723  1.474  66.865 0.0000000000
93931  8.252  1.714  66.738 0.0000000000
94682  16.030  8.884  59.754 0.0000000000
94683  16.194  9.664  59.727 0.0000000000
94684  16.654  9.218  59.915 0.0000000000
94685  17.135  9.483  60.095 0.0000000000
94686  17.643  9.778  60.301 0.0000000000
94755  17.352  5.216  61.445 0.0000000000
94756  16.829  4.854  61.317 0.0000000000
94757  16.941  5.600  61.070 0.0000000000
94758  16.496  6.020  60.739 0.0000000000
94759  16.004  6.446  60.550 0.0000000000
94760  15.499  6.900  60.390 0.0000000000
94761  16.047  7.228  60.322 0.0000000000
94762  16.056  8.093  60.013 0.0000000000
95645  17.610  -32.203  42.414 0.0000000000
95646  15.621  -24.672  44.056 0.0000000000
95647  15.984  -25.095  43.435 0.0000000000
95648  15.870  -24.449  43.611 0.0000000000
95649  16.062  -24.160  43.066 0.0000000000
95650  16.249  -23.915  42.556 0.0000000000
95651  16.398  -23.690  42.063 0.0000000000
95652  16.115  -23.227  42.697 0.0000000000
95653  15.962  -22.598  42.817 0.0000000000
95654  15.796  -21.922  42.997 0.0000000000
95668  7.320  -19.649  56.887 0.0000000000
95669  8.774  -5.318  60.507 0.0000000000
95670  8.859  -6.184  60.220 0.0000000000
95671  8.760  -6.015  59.930 0.0000000000
95672  8.637  -6.683  59.256 0.0000000000
95673  8.415  -7.335  58.616 0.0000000000
95675  5.596  -13.084  52.887 0.0000000000
95676  5.815  -13.703  52.322 0.0000000000
95677  5.810  -14.575  52.114 0.0000000000
95678  5.838  -15.472  51.867 0.0000000000
95679  5.886  -16.296  51.681 0.0000000000
95680  6.187  -16.045  51.330 0.0000000000
95681  6.621  -16.613  50.837 0.0000000000
95682  7.151  -17.145  50.431 0.0000000000
95683  7.700  -17.630  50.089 0.0000000000
95684  7.565  -16.905  50.196 0.0000000000
98194  7.342  18.500  60.092 0.0000000000
98195  7.445  18.961  60.194 0.0000000000
98196  7.651  19.422  60.253 0.0000000000
98197  9.680  19.174  60.418 0.0000000000
98198  9.208  19.595  60.363 0.0000000000
98199  9.613  19.869  59.914 0.0000000000
98200  9.559  20.525  59.392 0.0000000000
98201  9.500  21.192  58.875 0.0000000000
98202  9.462  21.917  58.363 0.0000000000
98203  9.869  21.448  58.346 0.0000000000
98204  10.245  21.631  57.829 0.0000000000
98205  10.612  21.857  57.334 0.0000000000
98247  10.491  6.659  65.120 0.0000000000
98248  9.922  6.360  65.643 0.0000000000
98249  9.962  7.156  65.309 0.0000000000
98250  9.465  7.563  65.400 0.0000000000
98251  9.007  7.962  65.460 0.0000000000
98252  8.073  11.266  64.443 0.0000000000
98253  8.069  10.433  64.710 0.0000000000
98254  7.725  10.797  64.316 0.0000000000
99003  19.422  6.433  62.166 0.0000000000
99962  15.170  -30.243  45.704 0.0000000000
99963  14.765  -29.834  46.172 0.0000000000
99964  14.660  -29.261  46.189 0.0000000000
99965  14.586  -28.669  46.180 0.0000000000
99966  12.911  -26.360  47.390 0.0000000000
99967  13.445  -26.753  46.983 0.0000000000
99968  13.330  -26.170  46.972 0.0000000000
99969  13.699  -25.985  46.581 0.0000000000
99970  14.068  -25.773  46.151 0.0000000000
99971  14.429  -25.597  45.696 0.0000000000
99972  13.971  -25.190  46.188 0.0000000000
99973  13.872  -24.563  46.315 0.0000000000
99974  13.783  -23.904  46.443 0.0000000000
99989  7.951  -3.621  58.163 0.0000000000
99990  7.826  -4.485  57.979 0.0000000000
99991  7.968  -4.217  57.659 0.0000000000
99992  7.883  -4.770  57.127 0.0000000000
99993  7.758  -5.339  56.639 0.0000000000
99995  7.874  -6.035  54.749 0.0000000000
103214  6.380  -27.321  51.351 0.0000000000
103220  7.646  -1.049  65.614 0.0000000000
103221  7.826  -1.623  65.329 0.0000000000
103222  7.594  -1.446  65.051 0.0000000000
103223  7.634  -1.872  64.431 0.0000000000
103224  7.771  -2.340  63.730 0.0000000000
103225  7.969  -2.852  63.026 0.0000000000
103226  7.655  -2.196  63.459 0.0000000000
103227  7.557  -2.129  63.057 0.0000000000
103228  7.439  -2.042  62.651 0.0000000000
103229  7.657  4.645  66.139 0.0000000000
103230  7.578  3.842  66.218 0.0000000000
103231  7.207  4.081  65.945 0.0000000000
103232  6.833  3.518  65.675 0.0000000000
103233  6.574  2.939  65.241 0.0000000000
103234  6.726  2.682  62.527 0.0000000000
103235  6.558  2.376  63.080 0.0000000000
103236  6.690  1.905  62.448 0.0000000000
103237  6.680  1.083  62.386 0.0000000000
103238  6.744  0.335  62.299 0.0000000000
103239  6.852  -0.397  62.229 0.0000000000
103240  6.892  -0.142  61.719 0.0000000000
103241  7.077  -0.559  61.131 0.0000000000
103242  7.236  -0.958  60.593 0.0000000000
103243  7.365  -1.448  60.099 0.0000000000
103244  7.370  -0.648  60.160 0.0000000000
103245  7.492  -0.349  59.708 0.0000000000
103246  7.681  -0.031  59.271 0.0000000000
105482  12.704  12.415  60.871 0.0000000000
105483  12.865  13.024  60.838 0.0000000000
105484  13.220  12.595  60.525 0.0000000000
105485  13.717  12.744  60.226 0.0000000000
105486  14.284  12.940  60.059 0.0000000000
105487  16.640  12.291  60.086 0.0000000000
105488  16.218  12.651  60.019 0.0000000000
105489  16.742  12.953  60.150 0.0000000000
105490  16.836  13.594  60.111 0.0000000000
105491  16.938  14.242  59.949 0.0000000000
105492  16.972  14.836  59.656 0.0000000000
105496  19.734  9.076  61.622 0.0000000000
105497  19.359  9.508  61.374 0.0000000000
105498  19.842  9.747  61.527 0.0000000000
105704  14.724  3.769  62.243 0.0000000000
105705  14.541  3.196  62.752 0.0000000000
105706  14.177  3.570  62.748 0.0000000000
105707  13.753  3.366  63.205 0.0000000000
105708  13.335  3.182  63.774 0.0000000000
105709  12.928  2.991  64.234 0.0000000000
105710  12.943  3.583  63.899 0.0000000000
105711  12.565  3.992  64.009 0.0000000000
105712  12.203  4.443  64.158 0.0000000000
105713  11.872  4.880  64.346 0.0000000000
105714  12.243  5.114  63.777 0.0000000000
105715  12.343  5.882  63.310 0.0000000000
105716  12.392  6.578  62.776 0.0000000000
105717  13.627  8.810  60.432 0.0000000000
105718  13.180  8.509  60.871 0.0000000000
105719  13.236  9.255  60.607 0.0000000000
105720  12.861  9.754  60.867 0.0000000000
105721  12.480  10.256  61.170 0.0000000000
105722  12.091  10.746  61.510 0.0000000000
105723  12.546  11.022  61.025 0.0000000000
105724  12.639  11.710  60.917 0.0000000000
108034  13.523  15.274  60.014 0.0000000000
108035  13.068  15.765  60.060 0.0000000000
108036  13.579  15.810  59.588 0.0000000000
108037  13.572  16.444  59.133 0.0000000000
108038  13.521  17.128  58.654 0.0000000000
108040  14.381  18.678  56.899 0.0000000000
108041  14.180  19.282  56.404 0.0000000000
108042  13.587  19.757  56.235 0.0000000000
108043  12.993  20.298  56.137 0.0000000000
108371  17.403  -30.750  37.930 0.0000000000
108372  16.385  -29.605  43.633 0.0000000000
108373  16.728  -30.056  43.116 0.0000000000
108374  16.624  -29.409  43.059 0.0000000000
108375  16.864  -29.236  42.503 0.0000000000
108376  17.047  -29.034  41.926 0.0000000000
108377  17.007  -26.574  41.078 0.0000000000
108378  17.117  -27.255  40.976 0.0000000000
108379  17.184  -27.004  40.463 0.0000000000
108380  17.313  -27.460  39.857 0.0000000000
108381  17.370  -27.922  39.293 0.0000000000
108382  17.358  -28.353  38.757 0.0000000000
108383  17.258  -27.693  38.768 0.0000000000
108384  17.122  -27.450  38.306 0.0000000000
108385  16.917  -27.151  37.894 0.0000000000
108386  16.646  -26.875  37.545 0.0000000000
108387  16.846  -26.465  37.978 0.0000000000
108388  16.716  -25.718  38.163 0.0000000000
108389  16.566  -25.061  38.281 0.0000000000
108390  16.375  -22.557  40.308 0.0000000000
108391  16.388  -22.943  39.706 0.0000000000
108392  16.258  -22.308  39.882 0.0000000000
108393  16.087  -21.969  39.523 0.0000000000
108394  15.859  -21.695  39.177 0.0000000000
108395  15.630  -21.428  38.894 0.0000000000
108396  15.757  -21.002  39.382 0.0000000000
108397  15.638  -20.287  39.552 0.0000000000
108398  15.503  -19.581  39.687 0.0000000000
108431  6.934  -22.981  55.401 0.0000000000
108432  6.727  -23.669  55.247 0.0000000000
108433  6.661  -23.484  54.796 0.0000000000
108434  6.422  -24.009  54.154 0.0000000000
108435  6.275  -24.507  53.522 0.0000000000
108436  6.210  -24.949  52.889 0.0000000000
108437  6.342  -24.314  53.088 0.0000000000
108438  6.457  -24.077  52.578 0.0000000000
108439  6.682  -23.850  52.173 0.0000000000
108454  7.207  -7.830  56.760 0.0000000000
108455  7.367  -8.132  56.993 0.0000000000
108456  6.910  -8.645  56.511 0.0000000000
108457  6.714  -9.514  56.285 0.0000000000
108458  6.489  -10.381  56.125 0.0000000000
108459  5.293  -14.053  54.371 0.0000000000
108460  5.459  -13.393  54.929 0.0000000000
108461  5.393  -14.288  54.789 0.0000000000
108462  5.514  -14.514  55.268 0.0000000000
108463  5.642  -14.748  55.730 0.0000000000
108465  5.644  -15.648  55.636 0.0000000000
108466  5.713  -16.443  55.663 0.0000000000
108467  5.912  -17.240  55.664 0.0000000000
108468  6.139  -17.981  55.683 0.0000000000
108469  5.931  -17.779  55.133 0.0000000000
108470  5.979  -18.315  54.579 0.0000000000
108471  6.083  -18.825  54.085 0.0000000000
108472  6.672  -19.256  51.478 0.0000000000
108473  6.559  -19.416  51.947 0.0000000000
108474  6.970  -19.848  51.513 0.0000000000
108475  7.231  -20.508  51.608 0.0000000000
108476  7.461  -21.193  51.676 0.0000000000
108477  7.448  -21.950  51.654 0.0000000000
108478  7.724  -21.686  51.227 0.0000000000
108479  8.067  -22.212  50.843 0.0000000000
108480  8.488  -22.751  50.394 0.0000000000
108481  8.926  -23.277  49.939 0.0000000000
108482  8.883  -22.514  50.119 0.0000000000
108483  9.372  -22.271  49.837 0.0000000000
108484  9.789  -22.012  49.621 0.0000000000
108485  10.120  -19.484  49.056 0.0000000000
108486  10.383  -20.162  49.073 0.0000000000
108487  10.738  -19.942  48.775 0.0000000000
108488  11.378  -20.464  48.477 0.0000000000
108489  11.932  -20.929  48.122 0.0000000000
108490  12.502  -21.465  47.703 0.0000000000
108491  12.316  -20.751  47.754 0.0000000000
108492  12.689  -20.562  47.399 0.0000000000
108493  13.014  -20.336  46.998 0.0000000000
108504  13.121  -18.476  46.308 0.0000000000
108506  13.814  -18.655  45.420 0.0000000000
108507  14.290  -19.101  44.893 0.0000000000
108508  14.737  -19.540  44.377 0.0000000000
108509  14.489  -18.806  44.450 0.0000000000
108510  14.644  -18.468  44.014 0.0000000000
108511  14.769  -18.149  43.632 0.0000000000
115412  8.180  17.168  61.934 0.0000000000
115413  8.174  17.862  61.528 0.0000000000
115414  8.548  17.608  61.861 0.0000000000
115415  8.983  17.951  61.656 0.0000000000
115416  9.365  18.279  61.325 0.0000000000
115417  9.812  17.211  61.822 0.0000000000
115418  9.797  17.873  61.399 0.0000000000
115419  9.747  18.593  60.979 0.0000000000
115420  10.151  18.753  60.421 0.0000000000
115421  10.531  19.015  59.879 0.0000000000
115422  10.909  19.185  59.296 0.0000000000
115455  10.492  9.706  63.720 0.0000000000
115456  10.059  9.459  64.281 0.0000000000
115457  10.033  10.218  64.068 0.0000000000
115458  9.511  10.749  64.333 0.0000000000
115459  9.014  11.172  64.481 0.0000000000
115460  9.611  12.197  63.868 0.0000000000
115461  9.104  11.951  64.185 0.0000000000
115462  8.566  11.655  64.402 0.0000000000
115463  8.162  12.024  64.147 0.0000000000
115464  7.833  12.307  63.723 0.0000000000
115467  7.811  13.168  62.936 0.0000000000
115468  7.980  13.830  62.720 0.0000000000
115469  8.088  14.491  62.570 0.0000000000
115470  8.718  14.668  63.059 0.0000000000
115471  8.436  14.940  62.773 0.0000000000
115472  8.205  15.200  62.413 0.0000000000
115473  8.236  15.873  62.267 0.0000000000
115474  8.200  16.550  62.134 0.0000000000
116788  12.918  -28.835  47.927 0.0000000000
116789  13.331  -28.664  47.536 0.0000000000
116790  12.796  -28.294  47.932 0.0000000000
116791  12.707  -27.708  47.873 0.0000000000
116792  12.602  -27.116  47.824 0.0000000000
116793  11.525  -26.943  48.520 0.0000000000
116794  12.071  -26.757  48.162 0.0000000000
116795  12.483  -26.540  47.795 0.0000000000
116796  12.361  -25.980  47.783 0.0000000000
116797  12.269  -25.404  47.789 0.0000000000
116798  12.195  -24.804  47.867 0.0000000000
116810  8.936  -2.650  56.660 0.0000000000
116811  8.724  -3.503  56.571 0.0000000000
116812  9.040  -3.316  56.182 0.0000000000
119203  7.958  23.421  57.897 0.0000000000
119204  7.629  23.717  57.530 0.0000000000
119322  8.662  -1.033  66.556 0.0000000000
119323  8.238  -0.830  66.369 0.0000000000
119324  8.592  0.233  66.847 0.0000000000
119325  8.105  -0.213  66.549 0.0000000000
119326  7.861  -0.634  66.153 0.0000000000
119327  7.544  -0.460  65.914 0.0000000000
119328  7.270  -0.293  65.601 0.0000000000
119329  7.043  -0.142  65.220 0.0000000000
119339  7.073  2.542  61.391 0.0000000000
119340  7.204  2.163  60.781 0.0000000000
119341  7.333  1.655  60.244 0.0000000000
121082  14.260  10.621  59.718 0.0000000000
121083  14.395  11.290  59.766 0.0000000000
121084  14.829  10.852  59.625 0.0000000000
121085  15.448  11.069  59.561 0.0000000000
121086  16.028  11.342  59.699 0.0000000000
121087  16.321  10.293  59.712 0.0000000000
121088  16.456  10.980  59.754 0.0000000000
121089  16.539  11.658  59.920 0.0000000000
121090  17.070  11.939  60.167 0.0000000000
121091  17.571  12.248  60.434 0.0000000000
121092  18.079  12.512  60.606 0.0000000000
121254  15.982  3.309  62.219 0.0000000000
121255  15.552  3.634  62.017 0.0000000000
121256  16.268  4.558  61.463 0.0000000000
121257  15.624  4.278  61.645 0.0000000000
121258  15.151  3.976  61.830 0.0000000000
121259  14.773  4.403  61.750 0.0000000000
121260  14.371  4.856  61.741 0.0000000000
121261  13.959  5.333  61.797 0.0000000000
121262  13.508  5.860  61.887 0.0000000000
121263  13.999  6.057  61.370 0.0000000000
121264  13.989  6.793  60.955 0.0000000000
121265  13.976  7.567  60.631 0.0000000000
121266  15.005  7.370  60.259 0.0000000000
121267  14.547  7.847  60.246 0.0000000000
121268  14.082  8.330  60.309 0.0000000000
121269  14.095  9.153  60.081 0.0000000000
121270  14.165  9.931  59.878 0.0000000000
123067  15.597  15.931  58.757 0.0000000000
123068  15.155  16.322  58.551 0.0000000000
123069  15.592  16.552  58.289 0.0000000000
123070  15.558  17.151  57.768 0.0000000000
123329  17.920  -31.518  40.020 0.0000000000
123330  16.007  -27.126  43.679 0.0000000000
123331  16.344  -27.552  43.091 0.0000000000
123332  16.244  -26.904  43.184 0.0000000000
123333  16.462  -26.718  42.610 0.0000000000
123334  16.643  -26.476  42.126 0.0000000000
123335  16.274  -25.433  42.832 0.0000000000
123336  16.544  -25.813  42.231 0.0000000000
123337  16.794  -26.203  41.636 0.0000000000
123338  16.916  -25.961  41.105 0.0000000000
123339  16.981  -25.725  40.604 0.0000000000
123340  17.001  -25.477  40.097 0.0000000000
123341  16.948  -25.210  39.659 0.0000000000
123342  16.873  -24.799  40.263 0.0000000000
123343  16.746  -24.149  40.405 0.0000000000
123344  16.598  -23.501  40.584 0.0000000000
123345  16.449  -23.387  41.615 0.0000000000
123346  16.474  -23.099  41.191 0.0000000000
123347  16.464  -22.843  40.752 0.0000000000
123348  16.312  -22.167  40.916 0.0000000000
123349  16.156  -21.483  41.052 0.0000000000
123350  16.003  -20.791  41.179 0.0000000000
123378  7.544  -21.906  56.649 0.0000000000
123379  7.217  -22.472  56.002 0.0000000000
123380  7.168  -22.249  55.619 0.0000000000
123381  7.130  -22.044  55.169 0.0000000000
123382  7.048  -21.805  54.695 0.0000000000
123394  5.827  -10.207  54.772 0.0000000000
123395  5.830  -10.522  55.090 0.0000000000
123396  5.591  -11.152  54.606 0.0000000000
123397  5.408  -11.980  54.426 0.0000000000
123398  5.317  -12.909  54.202 0.0000000000
123399  5.394  -13.316  53.238 0.0000000000
123400  5.272  -13.551  53.638 0.0000000000
123401  5.250  -13.806  54.013 0.0000000000
123402  5.237  -14.667  53.867 0.0000000000
123403  5.287  -15.518  53.734 0.0000000000
123404  5.379  -16.433  53.628 0.0000000000
123405  5.504  -17.257  53.548 0.0000000000
123406  5.460  -17.017  53.058 0.0000000000
123407  5.678  -17.593  52.516 0.0000000000
123408  6.013  -18.149  51.966 0.0000000000
123409  5.995  -17.117  51.571 0.0000000000
123410  6.166  -17.911  51.514 0.0000000000
123411  6.420  -18.615  51.479 0.0000000000
123412  6.895  -19.012  51.073 0.0000000000
123413  7.421  -19.406  50.735 0.0000000000
123414  7.963  -19.825  50.419 0.0000000000
123415  8.545  -20.291  50.126 0.0000000000
123416  8.329  -19.606  50.109 0.0000000000
123417  8.753  -19.450  49.837 0.0000000000
123418  9.130  -19.247  49.563 0.0000000000
123419  8.243  -18.079  49.793 0.0000000000
123420  8.852  -18.552  49.546 0.0000000000
123421  9.507  -18.999  49.331 0.0000000000
123422  9.908  -18.835  49.033 0.0000000000
123423  10.295  -18.630  48.767 0.0000000000
123424  10.711  -18.455  48.419 0.0000000000
129217  7.026  19.185  59.143 0.0000000000
129218  6.956  19.822  58.692 0.0000000000
129219  6.953  20.490  58.159 0.0000000000
129220  7.105  21.063  58.281 0.0000000000
129221  7.299  21.666  58.379 0.0000000000
129222  7.599  22.187  58.429 0.0000000000
129223  8.118  18.540  61.110 0.0000000000
129224  8.064  19.185  60.655 0.0000000000
129225  7.973  19.862  60.219 0.0000000000
129226  8.762  19.959  60.247 0.0000000000
129227  8.329  20.242  60.047 0.0000000000
129228  7.929  20.499  59.761 0.0000000000
129229  7.900  21.270  59.206 0.0000000000
129230  7.891  21.937  58.747 0.0000000000
129231  7.943  22.686  58.291 0.0000000000
129232  8.311  23.123  58.138 0.0000000000
129233  8.664  23.501  57.954 0.0000000000
129234  9.047  23.830  57.726 0.0000000000
129235  9.455  22.635  57.946 0.0000000000
129236  9.423  23.422  57.630 0.0000000000
129327  10.073  3.556  65.960 0.0000000000
129328  9.501  3.265  66.297 0.0000000000
129329  9.608  4.040  66.115 0.0000000000
129330  9.110  4.459  66.246 0.0000000000
129331  8.647  4.796  66.237 0.0000000000
129332  9.303  6.006  65.960 0.0000000000
129333  8.750  5.615  66.098 0.0000000000
129334  8.195  5.123  66.170 0.0000000000
129335  7.778  5.474  65.985 0.0000000000
129336  7.440  5.733  65.720 0.0000000000
129338  9.592  9.200  64.788 0.0000000000
129339  9.061  8.839  65.231 0.0000000000
129340  8.541  8.366  65.448 0.0000000000
129341  8.088  9.591  64.964 0.0000000000
129342  8.080  8.754  65.298 0.0000000000
129343  7.950  7.857  65.613 0.0000000000
129344  7.535  7.390  65.442 0.0000000000
130922  17.815  7.186  60.879 0.0000000000
130923  17.945  7.858  60.762 0.0000000000
130924  18.336  7.457  61.110 0.0000000000
130925  18.750  7.815  61.238 0.0000000000
130926  19.233  8.069  61.463 0.0000000000
130927  19.492  7.057  61.966 0.0000000000
130928  19.568  7.715  61.761 0.0000000000
130929  19.667  8.400  61.632 0.0000000000
130930  20.103  8.639  61.851 0.0000000000
131087  17.560  4.229  62.038 0.0000000000
131089  18.073  4.626  62.167 0.0000000000
131090  17.709  4.889  61.819 0.0000000000
131091  17.763  5.633  61.500 0.0000000000
131092  17.857  6.346  61.246 0.0000000000
132946  16.516  -32.155  44.516 0.0000000000
132947  16.804  -32.021  43.996 0.0000000000
132948  16.396  -31.592  44.401 0.0000000000
132949  16.312  -30.991  44.276 0.0000000000
132950  16.235  -30.369  44.187 0.0000000000
132951  15.515  -30.112  45.196 0.0000000000
132952  15.857  -29.926  44.680 0.0000000000
132953  16.117  -29.748  44.194 0.0000000000
132954  16.020  -29.132  44.172 0.0000000000
132955  15.941  -28.524  44.152 0.0000000000
132956  15.857  -27.935  44.168 0.0000000000
132957  13.750  -28.459  47.095 0.0000000000
132958  14.150  -28.300  46.637 0.0000000000
132959  14.507  -28.093  46.167 0.0000000000
132960  13.964  -27.122  46.577 0.0000000000
132961  14.437  -27.508  46.145 0.0000000000
132962  14.863  -27.892  45.688 0.0000000000
132963  15.179  -27.746  45.215 0.0000000000
132964  15.459  -27.535  44.724 0.0000000000
132965  15.765  -27.354  44.191 0.0000000000
132966  15.661  -26.752  44.235 0.0000000000
132967  15.563  -26.136  44.279 0.0000000000
132968  15.446  -25.536  44.372 0.0000000000
132969  14.748  -25.346  45.299 0.0000000000
132970  15.069  -25.144  44.914 0.0000000000
132971  15.345  -24.899  44.507 0.0000000000
132972  15.256  -24.268  44.604 0.0000000000
132973  15.140  -23.584  44.713 0.0000000000
132974  15.033  -22.955  44.801 0.0000000000
133004  8.083  -4.611  59.375 0.0000000000
133005  8.208  -5.458  59.060 0.0000000000
133006  8.022  -5.206  58.837 0.0000000000
133007  7.860  -5.809  58.251 0.0000000000
133008  7.638  -6.376  57.688 0.0000000000
133009  7.693  -5.296  57.761 0.0000000000
133010  7.505  -6.108  57.464 0.0000000000
133011  7.344  -6.950  57.135 0.0000000000
133012  7.022  -7.487  56.552 0.0000000000
133013  6.719  -8.031  56.031 0.0000000000
133014  6.372  -8.650  55.515 0.0000000000
133015  8.397  -4.319  56.398 0.0000000000
133016  7.969  -5.119  56.261 0.0000000000
133017  7.590  -5.897  56.047 0.0000000000
133018  7.619  -6.248  55.049 0.0000000000
133019  7.378  -6.467  55.421 0.0000000000
133020  7.151  -6.681  55.809 0.0000000000
133021  6.725  -7.542  55.506 0.0000000000
133022  6.384  -8.377  55.233 0.0000000000
133023  6.121  -9.318  54.936 0.0000000000
133024  5.902  -10.014  54.392 0.0000000000
133025  5.778  -10.734  53.830 0.0000000000
133026  5.764  -11.468  53.262 0.0000000000
139740  8.054  -27.713  50.027 0.0000000000
139741  8.039  -27.105  49.984 0.0000000000
139742  7.981  -26.468  49.994 0.0000000000
139755  8.709  -2.675  65.500 0.0000000000
139756  8.648  -3.072  64.938 0.0000000000
139757  8.112  -2.234  64.955 0.0000000000
139758  8.366  -2.815  64.668 0.0000000000
139759  8.743  -3.568  64.354 0.0000000000
139760  8.819  -4.150  63.716 0.0000000000
139761  8.946  -4.815  63.055 0.0000000000
139762  9.061  -5.466  62.422 0.0000000000
139763  8.983  -5.213  62.087 0.0000000000
139764  8.892  -4.979  61.782 0.0000000000
139765  8.775  -4.781  61.483 0.0000000000
139766  8.196  -3.389  62.360 0.0000000000
139767  8.429  -4.014  61.739 0.0000000000
139768  8.651  -4.691  61.114 0.0000000000
139769  8.512  -4.537  60.805 0.0000000000
139770  8.351  -4.390  60.514 0.0000000000
139771  8.218  -4.228  60.214 0.0000000000
139772  8.969  2.962  66.482 0.0000000000
139773  8.277  2.483  66.595 0.0000000000
139774  7.791  1.977  66.521 0.0000000000
139775  7.471  3.009  66.288 0.0000000000
139776  7.342  2.246  66.283 0.0000000000
139777  7.389  1.523  66.318 0.0000000000
139778  7.077  1.009  65.903 0.0000000000
139779  6.907  0.488  65.366 0.0000000000
139780  6.859  0.022  64.778 0.0000000000
139782  6.494  3.175  64.733 0.0000000000
139783  6.415  2.344  64.662 0.0000000000
139784  6.439  2.070  63.575 0.0000000000
139785  6.385  1.798  64.095 0.0000000000
139786  6.438  1.582  64.649 0.0000000000
139787  6.563  0.866  64.457 0.0000000000
139788  6.709  0.171  64.327 0.0000000000
139789  6.877  -0.485  64.167 0.0000000000
139790  6.986  -0.964  63.535 0.0000000000
139791  7.148  -1.442  62.908 0.0000000000
139792  7.350  -1.924  62.261 0.0000000000
139793  7.026  -1.072  62.085 0.0000000000
139794  7.254  -1.762  61.879 0.0000000000
139795  7.588  -2.392  61.668 0.0000000000
139796  7.796  -2.895  61.072 0.0000000000
139797  7.978  -3.529  60.450 0.0000000000
139798  8.074  -4.048  59.913 0.0000000000
139799  7.904  -3.855  59.623 0.0000000000
139800  7.809  -3.633  59.324 0.0000000000
139801  7.788  -3.382  58.991 0.0000000000
139802  7.536  -1.957  59.609 0.0000000000
139803  7.743  -2.495  59.151 0.0000000000
139804  7.867  -3.054  58.666 0.0000000000
139805  8.059  -2.762  58.286 0.0000000000
139806  8.275  -2.498  57.901 0.0000000000
139807  8.528  -2.235  57.526 0.0000000000
139808  7.456  1.178  59.713 0.0000000000
139809  7.649  0.729  59.249 0.0000000000
139810  7.845  0.271  58.820 0.0000000000
139811  7.958  1.311  58.161 0.0000000000
139812  8.021  0.545  58.325 0.0000000000
139813  8.070  -0.203  58.399 0.0000000000
139814  8.320  -0.745  57.967 0.0000000000
139815  8.575  -1.358  57.549 0.0000000000
139816  8.789  -2.018  57.123 0.0000000000
139817  9.054  -1.800  56.715 0.0000000000
144362  11.388  14.199  62.001 0.0000000000
144363  11.547  14.803  61.768 0.0000000000
144364  11.909  14.309  61.578 0.0000000000
144365  12.377  14.458  61.172 0.0000000000
144366  12.868  14.601  60.737 0.0000000000
144367  13.025  13.601  60.738 0.0000000000
144368  13.209  14.166  60.604 0.0000000000
144369  13.372  14.743  60.310 0.0000000000
144370  13.859  14.893  59.932 0.0000000000
144371  14.371  15.054  59.575 0.0000000000
144372  14.961  15.210  59.353 0.0000000000
144373  14.509  11.969  59.824 0.0000000000
144374  14.695  12.551  59.912 0.0000000000
144375  14.817  13.148  59.981 0.0000000000
144376  15.823  12.985  59.958 0.0000000000
144377  15.412  13.369  59.942 0.0000000000
144378  15.002  13.743  59.927 0.0000000000
144379  15.120  14.350  59.727 0.0000000000
144380  15.301  14.918  59.437 0.0000000000
144381  15.457  15.401  59.132 0.0000000000
144382  16.006  15.606  59.030 0.0000000000
144391  17.953  8.691  60.632 0.0000000000
144392  18.065  9.359  60.578 0.0000000000
144393  18.156  10.166  60.602 0.0000000000
144394  18.963  9.944  61.091 0.0000000000
144395  18.574  10.402  60.813 0.0000000000
144396  18.213  10.804  60.643 0.0000000000
144397  18.361  11.419  60.754 0.0000000000
144398  18.479  12.132  60.759 0.0000000000
144399  18.529  12.813  60.740 0.0000000000
144795  10.118  1.361  66.658 0.0000000000
144796  10.254  1.899  66.403 0.0000000000
144797  10.298  2.617  66.141 0.0000000000
144819  12.501  2.782  64.682 0.0000000000
144820  12.023  2.539  65.116 0.0000000000
144821  11.617  2.278  65.570 0.0000000000
144822  11.172  2.646  65.670 0.0000000000
144823  10.788  2.956  65.763 0.0000000000
144824  10.423  3.268  65.850 0.0000000000
144825  10.500  3.970  65.696 0.0000000000
144826  10.573  4.725  65.532 0.0000000000
144827  10.771  5.460  65.342 0.0000000000
144828  11.532  5.319  64.589 0.0000000000
144829  11.238  5.807  64.742 0.0000000000
144830  10.886  6.231  64.924 0.0000000000
144831  10.882  6.938  64.460 0.0000000000
144832  10.931  7.638  64.008 0.0000000000
144833  10.855  8.493  63.613 0.0000000000
144834  13.156  6.316  61.968 0.0000000000
144835  12.809  6.754  62.064 0.0000000000
144836  12.376  7.247  62.218 0.0000000000
144837  12.781  8.231  61.265 0.0000000000
144838  12.363  7.995  61.815 0.0000000000
144839  11.968  7.683  62.405 0.0000000000
144840  11.587  8.160  62.672 0.0000000000
144841  11.236  8.682  63.006 0.0000000000
144842  10.867  9.217  63.376 0.0000000000
144843  10.888  9.974  63.168 0.0000000000
144844  10.903  10.716  63.023 0.0000000000
144845  10.987  11.393  62.792 0.0000000000
144846  11.750  11.189  61.844 0.0000000000
144847  11.427  11.633  62.235 0.0000000000
144848  11.089  12.085  62.625 0.0000000000
144849  11.212  12.743  62.359 0.0000000000
144850  11.329  13.424  62.207 0.0000000000
149497  11.599  15.380  61.465 0.0000000000
149498  11.583  16.098  61.083 0.0000000000
149499  11.559  16.738  60.705 0.0000000000
149500  12.577  16.257  60.128 0.0000000000
149501  12.092  16.789  60.194 0.0000000000
149502  11.582  17.303  60.276 0.0000000000
149503  11.534  17.945  59.769 0.0000000000
149504  11.448  18.612  59.251 0.0000000000
149505  11.438  19.241  58.728 0.0000000000
149506  14.652  16.753  58.410 0.0000000000
149507  14.058  17.235  58.257 0.0000000000
149508  13.436  17.750  58.134 0.0000000000
149509  13.870  18.528  57.290 0.0000000000
149510  13.372  18.419  57.697 0.0000000000
149511  12.862  18.337  58.150 0.0000000000
149512  12.320  18.865  58.133 0.0000000000
149513  11.820  19.352  58.173 0.0000000000
149514  11.305  19.877  58.242 0.0000000000
149515  11.191  20.608  57.701 0.0000000000
149516  11.091  21.273  57.224 0.0000000000
149517  11.007  21.968  56.806 0.0000000000
150174  17.071  -31.865  43.436 0.0000000000
150175  17.277  -31.719  42.849 0.0000000000
150176  17.457  -31.566  42.268 0.0000000000
150177  17.044  -30.481  42.611 0.0000000000
150178  17.338  -30.934  42.136 0.0000000000
150179  17.611  -31.395  41.692 0.0000000000
150180  17.733  -31.245  41.076 0.0000000000
150181  17.805  -31.064  40.479 0.0000000000
150182  17.811  -30.871  39.876 0.0000000000
150183  16.658  -27.999  42.528 0.0000000000
150184  16.941  -28.415  41.936 0.0000000000
150185  17.198  -28.817  41.386 0.0000000000
150186  17.238  -27.920  40.898 0.0000000000
150187  17.340  -28.573  40.869 0.0000000000
150188  17.414  -29.241  40.900 0.0000000000
150189  17.601  -29.735  40.340 0.0000000000
150190  17.709  -30.220  39.811 0.0000000000
150191  17.770  -30.698  39.321 0.0000000000
150192  17.683  -30.497  38.788 0.0000000000
150193  17.516  -30.309  38.295 0.0000000000
150194  17.294  -30.048  37.821 0.0000000000
150195  17.309  -28.822  38.264 0.0000000000
150196  17.202  -29.312  37.799 0.0000000000
150197  17.009  -29.796  37.439 0.0000000000
150198  16.657  -29.524  37.096 0.0000000000
150204  16.323  -26.605  37.246 0.0000000000
150205  15.965  -26.315  37.003 0.0000000000
150210  16.826  -24.931  39.251 0.0000000000
150211  16.669  -24.680  38.817 0.0000000000
150212  16.429  -24.410  38.448 0.0000000000
150213  16.373  -23.348  39.185 0.0000000000
150214  16.285  -23.748  38.645 0.0000000000
150215  16.159  -24.149  38.120 0.0000000000
150216  15.831  -23.826  37.820 0.0000000000
150217  15.463  -23.592  37.598 0.0000000000
150222  15.365  -21.145  38.657 0.0000000000
150294  6.542  -24.386  55.089 0.0000000000
150300  6.107  -27.029  52.411 0.0000000000
150301  6.188  -26.815  51.914 0.0000000000
150302  6.401  -26.598  51.475 0.0000000000
150303  6.221  -25.419  52.258 0.0000000000
150304  6.406  -25.898  51.611 0.0000000000
150305  6.675  -26.385  51.059 0.0000000000
150306  6.940  -26.177  50.700 0.0000000000
150307  7.359  -25.957  50.387 0.0000000000
150308  7.827  -25.780  50.080 0.0000000000
150336  8.228  -6.333  58.697 0.0000000000
150337  8.244  -7.157  58.364 0.0000000000
150339  7.558  -8.371  57.274 0.0000000000
150345  5.946  -10.733  55.410 0.0000000000
150346  6.094  -10.995  55.709 0.0000000000
150348  5.705  -12.767  55.449 0.0000000000
150364  6.959  -19.016  56.779 0.0000000000
150365  7.082  -19.477  56.305 0.0000000000
150366  6.473  -18.640  55.716 0.0000000000
150367  6.848  -19.300  55.737 0.0000000000
150368  7.147  -19.948  55.787 0.0000000000
150369  7.139  -20.456  55.269 0.0000000000
150370  7.080  -21.015  54.756 0.0000000000
150371  6.989  -21.599  54.167 0.0000000000
150372  5.621  -17.971  53.583 0.0000000000
150373  5.924  -18.670  53.556 0.0000000000
150374  6.218  -19.321  53.582 0.0000000000
150375  6.464  -19.565  52.474 0.0000000000
150376  6.460  -19.741  53.042 0.0000000000
150377  6.577  -19.926  53.623 0.0000000000
150378  6.835  -20.624  53.636 0.0000000000
150379  6.951  -21.366  53.657 0.0000000000
150380  6.902  -22.169  53.558 0.0000000000
150381  6.811  -22.685  52.976 0.0000000000
150382  6.834  -23.166  52.386 0.0000000000
150383  6.959  -23.656  51.749 0.0000000000
150384  7.408  -22.700  51.572 0.0000000000
150385  7.281  -23.445  51.374 0.0000000000
150386  7.155  -24.132  51.209 0.0000000000
150387  7.427  -24.591  50.684 0.0000000000
150388  7.854  -25.054  50.176 0.0000000000
150389  8.366  -25.549  49.745 0.0000000000
150390  8.922  -25.328  49.532 0.0000000000
150391  9.499  -25.115  49.329 0.0000000000
150392  10.086  -24.920  49.086 0.0000000000
150393  9.400  -23.776  49.547 0.0000000000
150394  10.019  -24.264  49.206 0.0000000000
150395  10.649  -24.732  48.863 0.0000000000
150396  11.159  -24.488  48.608 0.0000000000
150397  11.611  -24.274  48.330 0.0000000000
150398  12.084  -24.088  47.992 0.0000000000
150399  9.113  -20.776  49.908 0.0000000000
150400  9.660  -21.269  49.651 0.0000000000
150401  10.269  -21.806  49.376 0.0000000000
150402  10.570  -20.900  49.101 0.0000000000
150403  10.745  -21.599  49.097 0.0000000000
150404  10.894  -22.341  48.994 0.0000000000
150405  11.410  -22.834  48.585 0.0000000000
150406  11.959  -23.355  48.143 0.0000000000
150407  12.539  -23.892  47.671 0.0000000000
150408  12.919  -23.630  47.325 0.0000000000
150409  13.293  -23.413  46.991 0.0000000000
150410  13.645  -23.145  46.631 0.0000000000
150411  13.036  -21.952  47.281 0.0000000000
150412  13.530  -22.422  46.767 0.0000000000
150413  14.009  -22.934  46.202 0.0000000000
150414  14.328  -22.717  45.798 0.0000000000
150415  14.613  -22.478  45.377 0.0000000000
150416  14.876  -22.202  44.946 0.0000000000
150434  11.641  -18.736  47.775 0.0000000000
150435  12.230  -19.205  47.379 0.0000000000
150436  12.775  -19.685  47.005 0.0000000000
150437  13.310  -20.102  46.593 0.0000000000
150438  13.386  -19.201  46.255 0.0000000000
150439  13.654  -19.888  46.195 0.0000000000
150440  13.762  -20.524  46.156 0.0000000000
150441  14.274  -21.019  45.624 0.0000000000
150442  14.725  -21.493  45.061 0.0000000000
150443  15.111  -21.943  44.512 0.0000000000
150444  15.302  -21.684  44.074 0.0000000000
150445  15.476  -21.444  43.612 0.0000000000
150446  15.617  -21.149  43.124 0.0000000000
150447  15.106  -19.975  43.856 0.0000000000
150448  15.432  -20.426  43.272 0.0000000000
150449  15.734  -20.884  42.656 0.0000000000
150450  15.805  -20.587  42.199 0.0000000000
150451  15.833  -20.313  41.794 0.0000000000
150452  15.815  -19.976  41.383 0.0000000000
150455  14.838  -17.805  43.210 0.0000000000
150457  14.916  -17.474  42.800 0.0000000000
150458  15.159  -18.247  42.686 0.0000000000
150459  15.438  -18.703  42.134 0.0000000000
150460  15.636  -19.216  41.540 0.0000000000
150461  15.774  -19.682  40.951 0.0000000000
150462  15.687  -19.385  40.517 0.0000000000
150463  15.518  -19.077  40.159 0.0000000000
150464  15.337  -18.763  39.846 0.0000000000
