#!ascii label  , from subject fsaverage vox2ras=TkReg
770
322  29.429  21.365  -17.523 0.0000000000
515  27.452  28.503  -12.708 0.0000000000
516  37.880  25.574  -16.709 0.0000000000
1131  33.705  28.424  -16.951 0.0000000000
1329  21.411  14.688  -21.686 0.0000000000
1732  28.220  21.113  -20.766 0.0000000000
1733  25.095  16.776  -21.112 0.0000000000
2187  25.107  25.270  -15.553 0.0000000000
2188  30.616  25.262  -19.552 0.0000000000
2189  33.718  23.660  -17.629 0.0000000000
2190  32.277  24.883  -12.492 0.0000000000
2198  36.698  25.650  -11.098 0.0000000000
2430  23.697  11.339  -17.785 0.0000000000
3847  29.669  20.870  -19.854 0.0000000000
3848  27.864  19.180  -20.071 0.0000000000
4829  22.963  26.518  -13.010 0.0000000000
4830  26.075  26.984  -14.103 0.0000000000
4831  27.868  25.921  -18.036 0.0000000000
4832  29.157  27.780  -16.765 0.0000000000
4833  36.131  27.175  -17.397 0.0000000000
4834  34.397  25.766  -18.526 0.0000000000
4835  35.661  24.678  -17.305 0.0000000000
4836  33.266  24.196  -15.026 0.0000000000
4837  35.674  24.731  -14.834 0.0000000000
5431  23.848  14.286  -19.816 0.0000000000
6643  30.671  28.993  -15.174 0.0000000000
6644  31.893  30.071  -13.068 0.0000000000
7001  21.041  12.407  -20.872 0.0000000000
7882  25.979  21.278  -20.436 0.0000000000
7883  24.464  18.694  -21.090 0.0000000000
7884  26.489  18.975  -21.213 0.0000000000
7885  26.016  17.237  -19.928 0.0000000000
9123  24.530  23.032  -17.139 0.0000000000
9124  26.918  23.766  -19.347 0.0000000000
9125  29.395  23.175  -20.304 0.0000000000
9126  31.172  22.627  -19.818 0.0000000000
9127  31.911  27.138  -18.515 0.0000000000
9128  32.778  24.415  -19.437 0.0000000000
9129  31.671  22.522  -17.702 0.0000000000
9130  30.758  23.413  -15.088 0.0000000000
9131  29.869  23.881  -12.627 0.0000000000
9155  40.093  25.168  -13.082 0.0000000000
9156  37.997  24.921  -13.967 0.0000000000
9157  34.635  25.443  -11.867 0.0000000000
9846  23.394  15.995  -21.340 0.0000000000
9847  22.633  13.288  -20.509 0.0000000000
9848  22.648  10.897  -18.059 0.0000000000
11527  29.802  20.939  -18.845 0.0000000000
11528  28.929  20.175  -18.931 0.0000000000
12508  25.664  28.410  -11.789 0.0000000000
12509  25.074  27.572  -12.540 0.0000000000
12510  26.775  27.784  -13.400 0.0000000000
12511  27.661  27.400  -15.404 0.0000000000
12512  28.335  28.132  -14.673 0.0000000000
12513  37.190  26.366  -17.292 0.0000000000
12514  36.247  25.756  -17.810 0.0000000000
12515  36.808  25.147  -17.063 0.0000000000
12516  35.840  24.574  -16.122 0.0000000000
12517  36.961  24.839  -15.955 0.0000000000
15509  21.178  13.403  -21.615 0.0000000000
17302  27.156  21.271  -20.793 0.0000000000
17303  26.383  20.061  -21.112 0.0000000000
17304  27.298  20.107  -20.981 0.0000000000
17306  26.910  18.300  -20.115 0.0000000000
20246  24.089  25.797  -14.030 0.0000000000
20247  22.628  25.524  -13.849 0.0000000000
20248  23.720  24.755  -14.834 0.0000000000
20249  23.494  23.664  -15.631 0.0000000000
20250  24.787  24.229  -16.416 0.0000000000
20251  25.656  23.578  -18.210 0.0000000000
20252  26.000  24.739  -17.521 0.0000000000
20253  29.242  25.698  -19.028 0.0000000000
20254  28.674  24.637  -19.527 0.0000000000
20255  29.900  24.294  -19.972 0.0000000000
20256  30.390  22.914  -20.278 0.0000000000
20257  31.031  23.893  -20.010 0.0000000000
20258  32.183  28.788  -16.281 0.0000000000
20259  31.338  28.317  -17.126 0.0000000000
20260  32.760  27.800  -17.780 0.0000000000
20261  34.285  24.542  -18.450 0.0000000000
20262  33.579  25.137  -19.037 0.0000000000
20263  33.505  23.963  -18.697 0.0000000000
20264  32.616  23.245  -18.816 0.0000000000
20265  32.694  23.182  -17.674 0.0000000000
20266  31.170  22.956  -16.330 0.0000000000
20267  32.387  23.353  -16.364 0.0000000000
20268  32.825  24.570  -13.729 0.0000000000
20269  31.558  24.212  -13.754 0.0000000000
20270  31.072  24.452  -12.605 0.0000000000
20271  29.441  23.967  -11.525 0.0000000000
20272  30.459  24.562  -11.419 0.0000000000
20331  38.585  25.212  -12.099 0.0000000000
20332  39.114  24.993  -13.573 0.0000000000
20333  37.570  25.177  -12.551 0.0000000000
20334  36.457  25.151  -12.943 0.0000000000
20335  35.710  25.545  -11.531 0.0000000000
22050  24.866  17.699  -21.472 0.0000000000
22051  23.860  17.426  -21.290 0.0000000000
22052  24.267  16.480  -21.287 0.0000000000
22053  23.637  12.849  -18.855 0.0000000000
22054  23.251  13.824  -20.227 0.0000000000
22055  23.068  12.516  -19.157 0.0000000000
22056  22.462  12.182  -19.442 0.0000000000
22057  23.197  11.147  -18.042 0.0000000000
24281  21.707  16.153  -21.157 0.0000000000
25357  29.068  20.999  -20.476 0.0000000000
25358  28.139  20.088  -20.622 0.0000000000
25359  28.804  20.102  -19.965 0.0000000000
25360  28.029  19.396  -18.976 0.0000000000
27124  23.460  27.516  -12.218 0.0000000000
27125  24.534  26.687  -13.273 0.0000000000
27126  25.518  26.181  -14.786 0.0000000000
27127  26.491  25.725  -16.700 0.0000000000
27128  26.989  26.628  -16.045 0.0000000000
27129  28.492  26.868  -17.469 0.0000000000
27130  29.841  26.693  -18.488 0.0000000000
27131  34.979  27.883  -17.259 0.0000000000
27132  34.092  27.142  -18.003 0.0000000000
27133  35.286  26.441  -18.002 0.0000000000
27134  35.191  25.118  -18.139 0.0000000000
27135  34.674  24.128  -17.487 0.0000000000
27136  33.509  23.803  -16.320 0.0000000000
27137  34.702  24.240  -16.262 0.0000000000
27138  34.476  24.513  -14.909 0.0000000000
27139  34.087  24.847  -13.652 0.0000000000
28206  24.905  15.947  -20.059 0.0000000000
28207  24.458  15.609  -20.554 0.0000000000
28208  24.339  14.683  -19.396 0.0000000000
28209  24.163  13.148  -18.516 0.0000000000
28210  24.260  11.437  -17.516 0.0000000000
29482  28.949  21.905  -16.229 0.0000000000
30858  28.082  29.305  -11.840 0.0000000000
30859  29.067  28.797  -13.834 0.0000000000
30860  29.779  29.352  -12.886 0.0000000000
30861  31.323  29.461  -14.116 0.0000000000
30862  32.950  29.275  -15.288 0.0000000000
30864  33.487  30.044  -14.213 0.0000000000
30865  34.420  29.148  -16.078 0.0000000000
30866  35.687  28.753  -16.556 0.0000000000
30867  36.907  27.855  -16.822 0.0000000000
30868  38.050  26.878  -16.772 0.0000000000
34012  24.820  21.097  -19.632 0.0000000000
34013  24.060  19.755  -20.042 0.0000000000
34014  25.221  20.043  -20.772 0.0000000000
34015  25.581  18.878  -21.351 0.0000000000
34016  25.787  17.855  -21.319 0.0000000000
34017  27.315  19.084  -20.768 0.0000000000
34018  26.480  17.983  -20.822 0.0000000000
34019  25.667  16.946  -20.613 0.0000000000
34020  25.218  16.265  -19.426 0.0000000000
37612  25.327  22.305  -18.973 0.0000000000
37613  26.486  22.541  -19.902 0.0000000000
37614  27.712  22.383  -20.450 0.0000000000
37615  27.327  24.931  -18.669 0.0000000000
37616  28.163  23.518  -20.016 0.0000000000
37617  28.837  22.100  -20.555 0.0000000000
37618  29.779  21.918  -20.457 0.0000000000
37619  30.436  21.735  -19.916 0.0000000000
37620  30.720  21.658  -18.959 0.0000000000
37621  29.860  28.471  -16.027 0.0000000000
37622  30.503  27.611  -17.913 0.0000000000
37623  31.219  26.265  -19.095 0.0000000000
37624  33.222  26.495  -18.736 0.0000000000
37625  32.503  25.767  -19.293 0.0000000000
37626  31.815  24.848  -19.672 0.0000000000
37627  31.967  23.491  -19.610 0.0000000000
37628  31.655  22.433  -18.890 0.0000000000
37629  30.486  21.995  -17.635 0.0000000000
37630  29.981  22.473  -16.270 0.0000000000
37631  29.545  22.870  -15.083 0.0000000000
37632  29.151  23.114  -13.872 0.0000000000
37633  31.940  23.826  -15.062 0.0000000000
37634  30.326  23.707  -13.808 0.0000000000
37635  28.786  23.217  -12.692 0.0000000000
37636  28.392  23.194  -11.526 0.0000000000
37701  38.847  25.810  -16.150 0.0000000000
37708  40.139  25.374  -14.394 0.0000000000
37709  39.134  25.172  -14.887 0.0000000000
37710  38.113  25.058  -15.502 0.0000000000
37711  36.889  24.854  -14.464 0.0000000000
37712  35.330  25.035  -13.339 0.0000000000
37713  33.452  25.184  -12.222 0.0000000000
39774  23.310  18.318  -20.571 0.0000000000
39775  22.821  16.863  -21.136 0.0000000000
39776  22.450  15.335  -21.498 0.0000000000
39777  23.738  15.107  -20.867 0.0000000000
39778  22.966  14.555  -21.161 0.0000000000
39779  22.145  13.941  -21.455 0.0000000000
39780  21.918  12.799  -20.737 0.0000000000
39781  21.849  11.844  -19.522 0.0000000000
39785  24.608  9.874  -16.329 0.0000000000
39789  23.407  9.650  -16.518 0.0000000000
42247  29.660  21.117  -18.208 0.0000000000
42248  29.245  20.703  -18.301 0.0000000000
42249  28.978  20.956  -17.613 0.0000000000
43226  26.866  28.876  -11.780 0.0000000000
43228  26.557  28.444  -12.156 0.0000000000
43229  26.247  28.060  -12.549 0.0000000000
43230  27.115  28.147  -13.074 0.0000000000
43231  27.590  27.921  -14.029 0.0000000000
43232  27.929  28.278  -13.665 0.0000000000
43233  37.586  25.958  -17.059 0.0000000000
43234  37.092  25.684  -17.283 0.0000000000
43235  37.373  25.350  -16.936 0.0000000000
43236  36.950  24.953  -16.551 0.0000000000
43237  37.495  25.108  -16.417 0.0000000000
46227  20.876  14.376  -21.821 0.0000000000
46228  20.799  13.747  -21.825 0.0000000000
46229  21.252  14.001  -21.739 0.0000000000
48022  27.675  21.209  -20.843 0.0000000000
48023  27.241  20.682  -20.936 0.0000000000
48024  27.722  20.644  -20.875 0.0000000000
50966  24.611  25.508  -14.738 0.0000000000
50967  23.878  25.292  -14.452 0.0000000000
50968  24.420  25.016  -15.130 0.0000000000
50969  24.260  24.494  -15.566 0.0000000000
50970  24.925  24.757  -16.012 0.0000000000
50971  25.385  24.508  -16.952 0.0000000000
50972  25.549  25.016  -16.516 0.0000000000
50973  29.921  25.463  -19.349 0.0000000000
50974  29.585  24.982  -19.574 0.0000000000
50975  30.236  24.779  -19.760 0.0000000000
50976  30.481  24.096  -20.049 0.0000000000
50977  30.843  24.580  -19.851 0.0000000000
50978  32.945  28.602  -16.669 0.0000000000
50979  32.530  28.335  -17.140 0.0000000000
50980  33.261  28.108  -17.366 0.0000000000
50981  34.120  24.017  -18.123 0.0000000000
50982  33.902  24.251  -18.575 0.0000000000
50983  33.664  23.766  -18.197 0.0000000000
50984  33.233  23.510  -18.297 0.0000000000
50985  33.230  23.403  -17.684 0.0000000000
50986  32.567  23.226  -17.024 0.0000000000
50987  33.133  23.433  -17.020 0.0000000000
50988  32.571  24.731  -13.099 0.0000000000
50989  31.939  24.536  -13.140 0.0000000000
50990  31.659  24.665  -12.537 0.0000000000
50991  30.740  24.536  -11.992 0.0000000000
50992  31.350  24.765  -11.940 0.0000000000
51050  38.178  25.464  -11.425 0.0000000000
51051  37.705  25.402  -11.599 0.0000000000
51052  38.086  25.185  -12.337 0.0000000000
51053  37.211  25.381  -11.824 0.0000000000
51054  36.709  25.363  -12.043 0.0000000000
51055  36.211  25.599  -11.300 0.0000000000
52770  25.024  17.200  -21.401 0.0000000000
52771  24.566  17.093  -21.486 0.0000000000
52772  24.725  16.657  -21.254 0.0000000000
52773  23.621  12.160  -18.309 0.0000000000
52774  23.363  12.684  -19.001 0.0000000000
52775  23.366  11.962  -18.391 0.0000000000
52776  23.126  11.748  -18.586 0.0000000000
52777  23.468  11.175  -17.874 0.0000000000
57622  29.393  20.944  -20.238 0.0000000000
57623  28.971  20.517  -20.309 0.0000000000
57624  29.236  20.459  -19.937 0.0000000000
57626  28.501  19.786  -18.971 0.0000000000
60566  25.574  27.233  -13.248 0.0000000000
60567  24.786  27.129  -12.891 0.0000000000
60568  25.289  26.812  -13.624 0.0000000000
60569  25.024  26.376  -13.955 0.0000000000
60570  25.762  26.577  -14.434 0.0000000000
60571  26.222  26.424  -15.344 0.0000000000
60572  26.538  26.799  -15.027 0.0000000000
60573  28.401  27.652  -16.082 0.0000000000
60574  28.092  27.215  -16.461 0.0000000000
60575  28.786  27.360  -17.126 0.0000000000
60576  29.165  26.832  -18.029 0.0000000000
60577  29.486  27.315  -17.709 0.0000000000
60578  35.572  27.531  -17.361 0.0000000000
60579  35.145  27.132  -17.693 0.0000000000
60580  35.735  26.820  -17.708 0.0000000000
60581  36.002  25.159  -17.653 0.0000000000
60582  35.728  25.438  -17.984 0.0000000000
60583  35.480  24.820  -17.759 0.0000000000
60584  34.969  24.546  -17.877 0.0000000000
60585  35.142  24.406  -17.380 0.0000000000
60586  34.736  24.123  -16.904 0.0000000000
60587  35.241  24.377  -16.822 0.0000000000
60588  35.793  24.652  -15.488 0.0000000000
60589  35.204  24.519  -15.520 0.0000000000
60590  35.068  24.647  -14.868 0.0000000000
60591  34.295  24.684  -14.274 0.0000000000
60592  34.904  24.784  -14.237 0.0000000000
62370  24.730  15.528  -19.448 0.0000000000
62371  24.570  15.376  -19.758 0.0000000000
62372  24.509  14.886  -19.148 0.0000000000
62374  24.369  13.301  -18.359 0.0000000000
62375  24.478  12.425  -17.909 0.0000000000
62376  24.208  12.321  -18.057 0.0000000000
62377  24.587  11.584  -17.490 0.0000000000
67771  28.946  29.339  -12.320 0.0000000000
67774  30.810  29.702  -12.961 0.0000000000
67775  31.643  29.751  -13.615 0.0000000000
67776  32.145  29.391  -14.748 0.0000000000
67777  32.439  29.689  -14.221 0.0000000000
67783  34.202  30.069  -14.685 0.0000000000
67784  34.013  29.592  -15.227 0.0000000000
67785  34.673  29.564  -15.625 0.0000000000
67786  35.052  29.022  -16.347 0.0000000000
67787  35.310  29.468  -15.982 0.0000000000
67789  36.626  28.691  -16.440 0.0000000000
67790  37.243  28.184  -16.575 0.0000000000
67791  37.516  27.376  -16.822 0.0000000000
67792  37.872  27.648  -16.602 0.0000000000
74947  25.395  21.198  -20.098 0.0000000000
74948  24.994  20.593  -20.242 0.0000000000
74949  25.583  20.664  -20.630 0.0000000000
74950  26.440  19.492  -21.238 0.0000000000
74951  25.961  19.475  -21.256 0.0000000000
74952  26.055  18.916  -21.335 0.0000000000
74953  25.713  18.355  -21.411 0.0000000000
74954  26.134  18.398  -21.311 0.0000000000
74955  28.016  19.605  -20.411 0.0000000000
74956  27.702  19.597  -20.707 0.0000000000
74957  27.588  19.124  -20.466 0.0000000000
74958  26.465  17.776  -20.064 0.0000000000
74959  26.749  18.141  -20.502 0.0000000000
74960  26.296  17.574  -20.427 0.0000000000
74961  26.057  17.459  -20.769 0.0000000000
74962  25.888  17.088  -20.291 0.0000000000
74963  25.450  16.616  -20.018 0.0000000000
74964  25.594  16.783  -19.704 0.0000000000
83776  22.454  27.025  -12.707 0.0000000000
83778  22.251  26.477  -13.122 0.0000000000
83779  22.481  24.995  -14.251 0.0000000000
83780  21.987  25.480  -13.967 0.0000000000
83786  24.035  23.315  -16.330 0.0000000000
83790  24.361  22.437  -17.570 0.0000000000
83791  24.761  22.126  -18.490 0.0000000000
83792  24.945  22.720  -18.064 0.0000000000
83793  26.265  23.733  -18.799 0.0000000000
83794  26.072  23.139  -19.136 0.0000000000
83795  26.694  23.161  -19.618 0.0000000000
83796  27.099  22.491  -20.223 0.0000000000
83797  27.321  23.086  -19.987 0.0000000000
83798  27.180  25.913  -17.355 0.0000000000
83799  26.924  25.437  -17.738 0.0000000000
83800  27.599  25.452  -18.346 0.0000000000
83801  29.078  23.885  -20.011 0.0000000000
83802  28.397  24.098  -19.777 0.0000000000
83803  28.799  23.327  -20.189 0.0000000000
83804  28.572  22.721  -20.385 0.0000000000
83805  29.128  22.599  -20.433 0.0000000000
83806  29.335  21.982  -20.547 0.0000000000
83807  29.642  22.521  -20.462 0.0000000000
83808  30.821  22.772  -20.104 0.0000000000
83809  30.488  22.315  -20.179 0.0000000000
83810  30.795  22.181  -19.878 0.0000000000
83811  30.638  21.624  -19.495 0.0000000000
83812  31.044  22.049  -19.485 0.0000000000
83813  29.848  28.898  -14.510 0.0000000000
83814  29.490  28.640  -15.010 0.0000000000
83815  30.281  28.737  -15.673 0.0000000000
83816  31.618  27.773  -17.877 0.0000000000
83817  30.898  27.996  -17.493 0.0000000000
83818  31.215  27.412  -18.229 0.0000000000
83819  30.903  26.942  -18.623 0.0000000000
83820  31.555  26.738  -18.843 0.0000000000
83821  34.301  26.459  -18.335 0.0000000000
83822  33.677  26.807  -18.375 0.0000000000
83823  33.870  26.133  -18.637 0.0000000000
83824  33.181  24.815  -19.232 0.0000000000
83825  33.093  25.496  -19.220 0.0000000000
83826  32.709  25.099  -19.439 0.0000000000
83827  32.146  25.341  -19.505 0.0000000000
83828  32.325  24.632  -19.602 0.0000000000
83829  31.955  24.138  -19.713 0.0000000000
83830  32.394  23.931  -19.540 0.0000000000
83831  32.236  22.825  -18.280 0.0000000000
83832  32.121  22.826  -18.844 0.0000000000
83833  31.729  22.436  -18.312 0.0000000000
83834  31.165  22.127  -18.318 0.0000000000
83835  31.058  22.304  -17.665 0.0000000000
83836  30.301  22.284  -16.970 0.0000000000
83837  30.854  22.515  -16.992 0.0000000000
83838  30.956  23.199  -15.704 0.0000000000
83839  30.343  22.977  -15.690 0.0000000000
83840  30.139  23.146  -15.105 0.0000000000
83841  29.351  23.005  -14.501 0.0000000000
83842  29.917  23.308  -14.460 0.0000000000
83843  33.409  23.997  -15.677 0.0000000000
83844  32.742  23.808  -15.699 0.0000000000
83845  32.609  24.014  -15.054 0.0000000000
83846  30.666  24.066  -13.177 0.0000000000
83847  30.956  23.971  -13.782 0.0000000000
83848  30.085  23.790  -13.208 0.0000000000
83849  29.479  23.502  -13.217 0.0000000000
83850  29.300  23.562  -12.652 0.0000000000
83851  28.584  23.223  -12.116 0.0000000000
83852  29.054  23.614  -12.049 0.0000000000
84014  38.966  26.441  -16.286 0.0000000000
84015  39.306  25.943  -15.842 0.0000000000
84027  39.866  25.236  -12.384 0.0000000000
84033  40.148  25.209  -13.736 0.0000000000
84034  38.551  24.974  -13.751 0.0000000000
84035  39.159  25.025  -14.200 0.0000000000
84036  38.629  24.990  -14.451 0.0000000000
84037  38.637  25.117  -15.180 0.0000000000
84038  38.150  24.945  -14.723 0.0000000000
84039  37.574  24.896  -15.002 0.0000000000
84040  37.456  24.926  -14.230 0.0000000000
84041  35.601  25.294  -12.398 0.0000000000
84042  35.912  25.133  -13.144 0.0000000000
84043  35.036  25.238  -12.560 0.0000000000
84044  34.423  25.140  -12.765 0.0000000000
84045  34.038  25.314  -12.035 0.0000000000
89190  24.268  19.232  -20.635 0.0000000000
89191  23.655  19.049  -20.268 0.0000000000
89192  23.898  18.534  -20.853 0.0000000000
89193  23.619  16.708  -21.319 0.0000000000
89194  23.329  17.209  -21.139 0.0000000000
89195  23.125  16.439  -21.292 0.0000000000
89196  22.614  16.106  -21.299 0.0000000000
89197  22.938  15.689  -21.398 0.0000000000
89198  24.114  14.946  -20.190 0.0000000000
89199  24.120  15.381  -20.718 0.0000000000
89200  23.803  14.708  -20.369 0.0000000000
89201  22.941  13.574  -20.396 0.0000000000
89202  23.128  14.184  -20.742 0.0000000000
89203  22.784  13.891  -20.984 0.0000000000
89204  22.579  14.263  -21.351 0.0000000000
89205  22.413  13.625  -21.069 0.0000000000
89206  22.024  13.343  -21.167 0.0000000000
89207  22.293  13.030  -20.624 0.0000000000
89208  22.533  11.535  -18.816 0.0000000000
89209  22.198  11.935  -19.509 0.0000000000
89210  22.239  11.453  -18.804 0.0000000000
89211  21.945  11.425  -18.745 0.0000000000
89212  22.329  10.862  -18.076 0.0000000000
89219  24.916  9.857  -16.291 0.0000000000
94477  29.803  20.857  -19.381 0.0000000000
94478  29.385  20.448  -19.451 0.0000000000
94479  29.384  20.540  -18.909 0.0000000000
94480  28.785  20.340  -18.305 0.0000000000
96243  24.517  27.968  -11.925 0.0000000000
96244  25.377  27.987  -12.168 0.0000000000
96245  25.924  27.655  -12.911 0.0000000000
96246  26.426  27.394  -13.751 0.0000000000
96247  26.881  27.189  -14.676 0.0000000000
96248  27.232  27.568  -14.373 0.0000000000
96249  28.008  27.774  -15.046 0.0000000000
96250  28.726  28.004  -15.702 0.0000000000
96251  36.674  26.751  -17.409 0.0000000000
96252  36.256  26.439  -17.682 0.0000000000
96253  36.712  26.053  -17.546 0.0000000000
96254  36.549  25.421  -17.481 0.0000000000
96255  36.222  24.924  -17.212 0.0000000000
96256  35.800  24.577  -16.737 0.0000000000
96257  36.432  24.760  -16.650 0.0000000000
96258  36.396  24.726  -16.036 0.0000000000
96259  36.352  24.735  -15.403 0.0000000000
101644  20.696  13.192  -21.685 0.0000000000
101645  21.098  12.876  -21.300 0.0000000000
104872  26.574  21.298  -20.667 0.0000000000
104873  26.180  20.680  -20.837 0.0000000000
104874  26.733  20.691  -20.925 0.0000000000
104875  26.845  20.104  -21.082 0.0000000000
104876  26.916  19.552  -21.125 0.0000000000
104877  27.531  18.873  -19.616 0.0000000000
104878  27.359  18.752  -20.111 0.0000000000
104879  27.031  18.445  -19.632 0.0000000000
104880  26.577  17.965  -19.570 0.0000000000
110170  23.557  26.119  -13.477 0.0000000000
110171  22.806  26.014  -13.446 0.0000000000
110172  23.330  25.616  -13.878 0.0000000000
110173  23.157  25.113  -14.287 0.0000000000
110174  23.025  24.573  -14.694 0.0000000000
110176  23.589  24.236  -15.249 0.0000000000
110177  24.129  23.932  -15.922 0.0000000000
110178  24.667  23.632  -16.791 0.0000000000
110179  25.103  23.355  -17.676 0.0000000000
110180  25.253  23.956  -17.334 0.0000000000
110181  25.805  24.202  -17.880 0.0000000000
110182  26.435  24.340  -18.469 0.0000000000
110183  28.557  25.857  -18.597 0.0000000000
110184  28.262  25.350  -18.880 0.0000000000
110185  28.940  25.215  -19.268 0.0000000000
110186  29.300  24.462  -19.787 0.0000000000
110187  29.658  23.740  -20.177 0.0000000000
110188  29.917  23.051  -20.347 0.0000000000
110189  30.158  23.569  -20.199 0.0000000000
110190  30.670  23.394  -20.139 0.0000000000
110191  31.175  23.235  -19.995 0.0000000000
110192  31.434  28.931  -15.799 0.0000000000
110193  31.047  28.719  -16.260 0.0000000000
110194  31.785  28.575  -16.757 0.0000000000
110195  32.058  28.072  -17.514 0.0000000000
110196  32.313  27.491  -18.192 0.0000000000
110197  34.399  25.124  -18.568 0.0000000000
110198  33.959  25.448  -18.778 0.0000000000
110199  33.963  24.820  -18.778 0.0000000000
110200  33.581  24.528  -18.934 0.0000000000
110201  33.188  24.204  -19.098 0.0000000000
110202  32.766  23.768  -19.212 0.0000000000
110203  33.059  23.635  -18.800 0.0000000000
110204  32.756  23.187  -18.287 0.0000000000
110205  32.188  22.881  -17.675 0.0000000000
110206  31.411  22.718  -16.993 0.0000000000
110207  31.983  22.999  -17.017 0.0000000000
110208  31.789  23.155  -16.344 0.0000000000
110209  31.561  23.397  -15.717 0.0000000000
110210  33.061  24.389  -14.371 0.0000000000
110211  32.446  24.238  -14.372 0.0000000000
110212  32.200  24.405  -13.742 0.0000000000
110213  31.286  24.329  -13.173 0.0000000000
110214  30.469  24.184  -12.618 0.0000000000
110215  29.651  23.950  -12.061 0.0000000000
110216  30.222  24.245  -12.052 0.0000000000
110217  29.929  24.257  -11.470 0.0000000000
110322  39.067  25.272  -11.902 0.0000000000
110323  39.387  25.147  -12.604 0.0000000000
110324  39.593  25.083  -13.310 0.0000000000
110325  38.886  25.080  -12.841 0.0000000000
110326  38.387  25.063  -13.066 0.0000000000
110327  37.838  25.068  -13.247 0.0000000000
110328  37.235  25.026  -13.479 0.0000000000
110329  37.024  25.164  -12.749 0.0000000000
110330  36.171  25.318  -12.228 0.0000000000
110331  35.206  25.475  -11.705 0.0000000000
113418  24.677  18.211  -21.374 0.0000000000
113419  24.147  18.070  -21.214 0.0000000000
113420  24.369  17.593  -21.428 0.0000000000
113421  24.099  16.938  -21.442 0.0000000000
113422  23.848  16.239  -21.316 0.0000000000
113423  23.690  13.579  -19.332 0.0000000000
113424  23.578  14.081  -19.999 0.0000000000
113425  23.427  13.372  -19.536 0.0000000000
113426  23.136  13.159  -19.706 0.0000000000
113427  22.839  12.939  -19.873 0.0000000000
113428  22.532  12.702  -20.012 0.0000000000
113429  22.747  12.389  -19.384 0.0000000000
113430  22.815  11.740  -18.784 0.0000000000
113431  22.887  11.068  -18.095 0.0000000000
118097  21.543  15.401  -21.473 0.0000000000
120607  28.681  21.041  -20.633 0.0000000000
120608  28.216  20.593  -20.734 0.0000000000
120609  28.638  20.540  -20.547 0.0000000000
120610  28.507  20.062  -20.339 0.0000000000
120611  28.309  19.637  -20.004 0.0000000000
120612  28.945  20.098  -19.487 0.0000000000
120613  28.501  19.728  -19.510 0.0000000000
120614  28.021  19.272  -19.561 0.0000000000
124728  23.207  27.024  -12.637 0.0000000000
124729  24.238  27.531  -12.297 0.0000000000
124730  24.001  27.053  -12.699 0.0000000000
124731  23.770  26.591  -13.070 0.0000000000
124732  24.296  26.255  -13.638 0.0000000000
124733  24.801  25.955  -14.333 0.0000000000
124734  25.309  25.733  -15.134 0.0000000000
124735  25.789  25.500  -16.082 0.0000000000
124736  26.009  25.965  -15.672 0.0000000000
124737  26.732  26.180  -16.345 0.0000000000
124738  27.453  26.326  -17.046 0.0000000000
124739  27.320  27.015  -15.727 0.0000000000
124740  27.782  26.802  -16.784 0.0000000000
124741  28.180  26.380  -17.744 0.0000000000
124742  28.902  26.324  -18.407 0.0000000000
124743  29.549  26.184  -18.787 0.0000000000
124744  30.223  25.972  -19.103 0.0000000000
124745  34.349  28.218  -17.102 0.0000000000
124746  33.923  27.832  -17.511 0.0000000000
124747  34.537  27.509  -17.607 0.0000000000
124748  34.701  26.778  -18.009 0.0000000000
124749  34.836  26.078  -18.298 0.0000000000
124750  35.823  26.111  -17.955 0.0000000000
124751  35.359  25.748  -18.207 0.0000000000
124752  34.836  25.434  -18.378 0.0000000000
124753  34.712  24.829  -18.314 0.0000000000
124754  34.529  24.299  -18.018 0.0000000000
124755  34.219  23.895  -17.581 0.0000000000
124756  33.671  23.669  -17.000 0.0000000000
124757  34.204  23.899  -16.953 0.0000000000
124758  34.137  24.011  -16.295 0.0000000000
124759  34.041  24.188  -15.635 0.0000000000
124760  35.271  24.406  -16.192 0.0000000000
124761  34.611  24.368  -15.580 0.0000000000
124762  33.898  24.352  -14.998 0.0000000000
124763  33.675  24.532  -14.358 0.0000000000
124764  33.449  24.732  -13.704 0.0000000000
124765  33.203  24.920  -13.070 0.0000000000
127254  25.036  16.367  -20.642 0.0000000000
127255  24.773  16.212  -20.842 0.0000000000
127256  24.714  15.778  -20.332 0.0000000000
127257  24.372  15.165  -20.013 0.0000000000
127258  24.114  14.486  -19.583 0.0000000000
127259  24.388  14.116  -18.778 0.0000000000
127260  24.156  13.977  -18.933 0.0000000000
127261  23.902  13.811  -19.179 0.0000000000
127262  23.903  13.000  -18.693 0.0000000000
127263  23.896  12.243  -18.199 0.0000000000
127264  23.980  11.479  -17.601 0.0000000000
130492  29.175  21.638  -16.857 0.0000000000
134226  27.761  28.920  -12.290 0.0000000000
134227  28.280  28.662  -13.228 0.0000000000
134228  28.617  29.035  -12.758 0.0000000000
134229  29.413  29.081  -13.370 0.0000000000
134230  30.208  29.158  -13.998 0.0000000000
134231  29.996  29.654  -12.367 0.0000000000
134232  30.514  29.414  -13.454 0.0000000000
134233  31.008  29.201  -14.655 0.0000000000
134234  31.789  29.161  -15.308 0.0000000000
134235  32.550  29.022  -15.786 0.0000000000
134236  33.321  28.878  -16.213 0.0000000000
134242  32.664  30.079  -13.638 0.0000000000
134243  33.262  29.627  -14.761 0.0000000000
134244  33.745  29.185  -15.744 0.0000000000
134245  34.064  28.769  -16.530 0.0000000000
134246  34.766  28.633  -16.740 0.0000000000
134247  35.383  28.349  -16.880 0.0000000000
134248  35.970  27.955  -17.014 0.0000000000
134249  35.982  29.137  -16.238 0.0000000000
134250  36.320  28.336  -16.721 0.0000000000
134251  36.546  27.512  -17.088 0.0000000000
134252  37.113  27.069  -17.088 0.0000000000
134253  37.666  26.648  -17.014 0.0000000000
134254  38.049  26.178  -16.858 0.0000000000
143122  24.218  20.921  -19.130 0.0000000000
143124  24.427  20.470  -19.770 0.0000000000
143125  24.634  19.936  -20.416 0.0000000000
143126  24.847  19.376  -20.915 0.0000000000
143127  25.858  20.081  -21.075 0.0000000000
143128  25.428  19.451  -21.144 0.0000000000
143129  25.057  18.816  -21.281 0.0000000000
143130  25.190  18.297  -21.437 0.0000000000
143131  25.342  17.777  -21.425 0.0000000000
143132  25.416  17.291  -21.251 0.0000000000
143133  27.742  20.108  -20.824 0.0000000000
143134  27.371  19.575  -20.907 0.0000000000
143135  26.891  19.065  -20.989 0.0000000000
143136  27.155  18.658  -20.494 0.0000000000
143137  26.844  18.584  -20.789 0.0000000000
143138  26.491  18.494  -21.065 0.0000000000
143139  26.112  17.896  -21.127 0.0000000000
143140  25.755  17.372  -21.038 0.0000000000
143141  25.379  16.841  -20.896 0.0000000000
143142  25.252  16.427  -20.330 0.0000000000
143143  25.064  16.034  -19.756 0.0000000000
143144  24.885  15.656  -19.179 0.0000000000
153781  22.103  25.990  -13.525 0.0000000000
153796  24.490  21.506  -18.835 0.0000000000
153797  25.089  21.679  -19.352 0.0000000000
153798  25.680  21.805  -19.849 0.0000000000
153799  25.504  22.952  -18.582 0.0000000000
153800  25.896  22.480  -19.478 0.0000000000
153801  26.263  21.935  -20.213 0.0000000000
153802  26.870  21.887  -20.478 0.0000000000
153803  27.457  21.806  -20.630 0.0000000000
153804  28.008  21.717  -20.673 0.0000000000
153805  26.240  25.264  -17.140 0.0000000000
153806  26.648  24.891  -18.098 0.0000000000
153807  27.121  24.330  -18.991 0.0000000000
153808  27.998  24.810  -19.174 0.0000000000
153809  27.768  24.240  -19.430 0.0000000000
153810  27.590  23.647  -19.734 0.0000000000
153811  27.955  22.923  -20.247 0.0000000000
153812  28.298  22.241  -20.516 0.0000000000
153813  28.535  21.621  -20.643 0.0000000000
153814  29.015  21.508  -20.591 0.0000000000
153815  29.416  21.446  -20.478 0.0000000000
153816  29.774  21.392  -20.232 0.0000000000
153817  30.105  22.427  -20.377 0.0000000000
153818  30.170  21.881  -20.267 0.0000000000
153819  30.038  21.305  -19.868 0.0000000000
153820  30.210  21.253  -19.429 0.0000000000
153821  30.285  21.296  -18.917 0.0000000000
153822  30.182  21.451  -18.255 0.0000000000
153823  28.703  28.493  -14.294 0.0000000000
153824  29.098  28.332  -15.356 0.0000000000
153825  29.496  28.131  -16.399 0.0000000000
153826  30.607  28.501  -16.637 0.0000000000
153827  30.201  28.125  -17.000 0.0000000000
153828  29.888  27.747  -17.399 0.0000000000
153829  30.201  27.144  -18.240 0.0000000000
153830  30.563  26.460  -18.902 0.0000000000
153831  30.895  25.767  -19.321 0.0000000000
153832  33.445  27.496  -17.932 0.0000000000
153833  32.998  27.150  -18.346 0.0000000000
153834  32.583  26.812  -18.706 0.0000000000
153835  33.419  25.820  -18.938 0.0000000000
153836  32.824  26.164  -19.040 0.0000000000
153837  32.236  26.406  -19.066 0.0000000000
153838  31.872  26.015  -19.248 0.0000000000
153839  31.545  25.555  -19.456 0.0000000000
153840  31.246  25.053  -19.661 0.0000000000
153841  31.413  24.371  -19.841 0.0000000000
153842  31.547  23.694  -19.845 0.0000000000
153843  31.583  23.087  -19.737 0.0000000000
153844  32.312  23.314  -19.278 0.0000000000
153845  31.869  22.881  -19.353 0.0000000000
153846  31.459  22.501  -19.405 0.0000000000
153847  31.193  22.061  -18.943 0.0000000000
153848  30.663  21.796  -18.318 0.0000000000
153849  29.934  21.694  -17.569 0.0000000000
153850  29.708  21.971  -16.911 0.0000000000
153851  29.435  22.214  -16.245 0.0000000000
153852  29.157  22.403  -15.610 0.0000000000
153853  30.565  22.713  -16.303 0.0000000000
153854  29.746  22.690  -15.658 0.0000000000
153855  28.981  22.574  -15.049 0.0000000000
153856  28.776  22.684  -14.482 0.0000000000
153857  28.614  22.770  -13.897 0.0000000000
153858  28.433  22.810  -13.292 0.0000000000
153859  32.911  23.606  -16.340 0.0000000000
153860  32.128  23.597  -15.721 0.0000000000
153861  31.349  23.624  -15.076 0.0000000000
153862  31.803  24.056  -14.385 0.0000000000
153863  31.155  23.818  -14.424 0.0000000000
153864  30.546  23.596  -14.439 0.0000000000
153865  29.695  23.430  -13.821 0.0000000000
153866  28.941  23.172  -13.257 0.0000000000
153867  28.263  22.823  -12.694 0.0000000000
153868  28.116  22.818  -12.127 0.0000000000
153871  28.884  23.642  -11.529 0.0000000000
154063  38.511  27.005  -16.526 0.0000000000
154064  38.520  26.314  -16.581 0.0000000000
154065  38.391  25.702  -16.432 0.0000000000
154087  39.663  25.122  -13.986 0.0000000000
154088  39.636  25.280  -14.628 0.0000000000
154089  39.521  25.548  -15.252 0.0000000000
154090  39.062  25.408  -15.564 0.0000000000
154091  38.565  25.343  -15.865 0.0000000000
154092  38.116  25.244  -16.143 0.0000000000
154093  37.557  24.952  -15.748 0.0000000000
154094  36.970  24.816  -15.225 0.0000000000
154095  36.257  24.802  -14.660 0.0000000000
154096  36.702  25.018  -13.706 0.0000000000
154097  36.112  24.947  -13.907 0.0000000000
154098  35.505  24.883  -14.072 0.0000000000
154099  34.696  24.961  -13.498 0.0000000000
154100  33.819  25.050  -12.926 0.0000000000
154101  32.852  25.073  -12.365 0.0000000000
154104  34.103  25.626  -11.161 0.0000000000
154107  33.587  25.484  -11.346 0.0000000000
154108  33.045  25.317  -11.525 0.0000000000
154109  32.468  25.145  -11.679 0.0000000000
154110  31.896  24.975  -11.793 0.0000000000
154111  30.968  24.812  -11.237 0.0000000000
160280  22.747  18.028  -20.387 0.0000000000
160281  23.597  17.881  -20.997 0.0000000000
160282  23.041  17.617  -20.820 0.0000000000
160283  22.491  17.287  -20.745 0.0000000000
160284  22.248  16.504  -21.080 0.0000000000
160285  22.085  15.736  -21.367 0.0000000000
160286  21.936  14.986  -21.599 0.0000000000
160287  24.399  16.043  -20.989 0.0000000000
160288  24.013  15.798  -21.113 0.0000000000
160289  23.617  15.544  -21.245 0.0000000000
160290  23.472  14.468  -20.583 0.0000000000
160291  23.349  14.849  -21.037 0.0000000000
160292  23.193  15.256  -21.360 0.0000000000
160293  22.751  14.947  -21.443 0.0000000000
160294  22.294  14.628  -21.550 0.0000000000
160295  21.808  14.298  -21.645 0.0000000000
160296  21.662  13.649  -21.556 0.0000000000
160297  21.575  13.095  -21.242 0.0000000000
160298  21.494  12.589  -20.802 0.0000000000
160299  22.193  12.506  -20.126 0.0000000000
160300  21.848  12.311  -20.150 0.0000000000
160301  21.460  12.125  -20.227 0.0000000000
160311  24.725  10.653  -16.868 0.0000000000
160312  24.407  10.691  -16.930 0.0000000000
160313  24.111  10.642  -17.098 0.0000000000
160321  24.325  9.871  -16.460 0.0000000000
160322  23.827  10.586  -17.227 0.0000000000
160323  23.553  10.485  -17.251 0.0000000000
160324  23.270  10.401  -17.302 0.0000000000
160325  22.996  10.312  -17.308 0.0000000000
160327  23.125  9.550  -16.529 0.0000000000
160328  22.723  10.224  -17.306 0.0000000000
