#!ascii label  , from subject fsaverage vox2ras=TkReg
470
18  17.179  -59.429  63.443 0.0000000000
409  10.608  -61.002  61.601 0.0000000000
411  9.069  -66.311  53.397 0.0000000000
923  8.834  -64.530  58.737 0.0000000000
1915  13.611  -60.559  63.268 0.0000000000
1917  11.689  -64.434  60.512 0.0000000000
2088  15.491  -55.850  59.992 0.0000000000
4207  11.927  -60.817  62.687 0.0000000000
4208  12.473  -62.718  62.504 0.0000000000
4209  10.775  -63.014  61.782 0.0000000000
4210  8.899  -65.427  55.940 0.0000000000
4211  9.825  -65.925  57.136 0.0000000000
4212  9.650  -66.998  54.683 0.0000000000
4591  16.165  -53.271  58.880 0.0000000000
4592  14.638  -53.475  58.917 0.0000000000
4593  14.192  -56.216  59.883 0.0000000000
6269  9.459  -62.999  60.600 0.0000000000
6270  8.416  -62.884  59.137 0.0000000000
6271  7.663  -64.109  57.338 0.0000000000
6272  7.816  -64.614  54.761 0.0000000000
8353  15.316  -60.019  63.465 0.0000000000
8355  14.257  -62.241  62.760 0.0000000000
8356  13.420  -64.124  60.900 0.0000000000
8358  10.124  -64.535  59.718 0.0000000000
8359  11.016  -66.076  58.155 0.0000000000
8366  8.476  -65.625  52.216 0.0000000000
8831  17.281  -55.475  60.178 0.0000000000
8832  16.243  -57.769  62.044 0.0000000000
8833  14.649  -58.243  61.943 0.0000000000
8834  13.135  -58.645  61.738 0.0000000000
8835  11.849  -58.928  61.007 0.0000000000
11887  11.202  -60.907  62.211 0.0000000000
11888  11.346  -61.991  62.413 0.0000000000
11889  10.498  -62.036  61.925 0.0000000000
11890  9.007  -65.752  54.588 0.0000000000
11891  9.380  -66.142  55.187 0.0000000000
11892  9.342  -66.664  54.072 0.0000000000
14292  7.021  -63.721  56.800 0.0000000000
14293  7.532  -64.424  56.134 0.0000000000
14294  6.947  -64.065  55.611 0.0000000000
18382  14.460  -60.341  63.369 0.0000000000
18383  14.833  -61.210  63.326 0.0000000000
18384  13.905  -61.472  63.265 0.0000000000
18385  12.026  -63.611  61.545 0.0000000000
18386  12.945  -63.424  61.812 0.0000000000
18387  12.544  -64.352  60.773 0.0000000000
18389  12.101  -65.140  59.773 0.0000000000
18390  9.075  -63.818  59.767 0.0000000000
18391  9.712  -63.790  60.337 0.0000000000
18392  9.453  -64.573  59.265 0.0000000000
18393  10.256  -66.667  56.313 0.0000000000
18394  10.411  -66.051  57.640 0.0000000000
18395  10.734  -66.850  56.872 0.0000000000
18411  7.893  -64.605  52.963 0.0000000000
19528  15.848  -54.613  59.251 0.0000000000
19529  16.726  -54.461  59.359 0.0000000000
19530  16.311  -55.675  60.040 0.0000000000
19531  16.788  -56.617  61.062 0.0000000000
19532  15.810  -56.906  60.936 0.0000000000
19533  15.396  -58.045  62.000 0.0000000000
19534  15.137  -57.082  60.938 0.0000000000
19535  13.588  -56.380  59.720 0.0000000000
19536  13.708  -57.418  60.796 0.0000000000
19537  13.133  -57.666  60.579 0.0000000000
19538  12.475  -58.839  61.448 0.0000000000
19539  12.555  -57.784  60.291 0.0000000000
26005  12.756  -60.676  63.083 0.0000000000
26006  13.012  -61.715  63.067 0.0000000000
26007  12.142  -61.832  62.805 0.0000000000
26008  11.615  -62.897  62.160 0.0000000000
26009  11.218  -63.716  61.247 0.0000000000
26010  8.821  -65.082  57.378 0.0000000000
26011  9.355  -65.210  57.941 0.0000000000
26012  9.282  -65.710  56.557 0.0000000000
26013  9.752  -66.498  55.767 0.0000000000
26014  10.129  -67.418  55.292 0.0000000000
26695  15.349  -53.424  58.843 0.0000000000
26696  15.096  -54.800  59.216 0.0000000000
26697  14.785  -56.098  59.967 0.0000000000
26698  14.497  -54.894  59.082 0.0000000000
26699  13.867  -54.985  59.076 0.0000000000
29987  9.965  -62.096  61.287 0.0000000000
29988  9.437  -62.088  60.489 0.0000000000
29989  8.898  -63.000  59.863 0.0000000000
29990  8.552  -63.796  59.178 0.0000000000
29992  7.917  -63.602  58.413 0.0000000000
29993  8.229  -64.435  57.996 0.0000000000
29994  8.234  -64.776  56.732 0.0000000000
29995  8.389  -65.024  55.302 0.0000000000
29996  8.585  -65.350  54.011 0.0000000000
35347  16.261  -59.705  63.502 0.0000000000
35348  16.657  -60.505  63.312 0.0000000000
35349  15.766  -60.810  63.327 0.0000000000
35350  15.197  -61.915  62.653 0.0000000000
35351  14.714  -62.774  61.926 0.0000000000
35352  13.384  -62.519  62.673 0.0000000000
35353  13.834  -63.170  61.938 0.0000000000
35358  10.043  -63.008  61.251 0.0000000000
35359  10.402  -63.768  60.834 0.0000000000
35360  10.845  -64.475  60.134 0.0000000000
35361  9.917  -65.258  58.478 0.0000000000
35362  10.599  -65.292  58.916 0.0000000000
35363  11.275  -65.277  59.405 0.0000000000
35382  7.246  -64.241  54.349 0.0000000000
35383  8.202  -64.947  53.466 0.0000000000
35384  8.797  -65.966  52.768 0.0000000000
36742  17.834  -56.369  61.213 0.0000000000
36743  17.299  -57.511  62.140 0.0000000000
36744  16.680  -58.594  63.017 0.0000000000
36745  15.756  -58.891  62.945 0.0000000000
36746  14.905  -59.183  62.867 0.0000000000
36747  14.055  -59.396  62.756 0.0000000000
36748  14.398  -57.216  60.886 0.0000000000
36749  13.848  -58.443  61.887 0.0000000000
36750  13.244  -59.646  62.661 0.0000000000
36751  12.499  -59.739  62.429 0.0000000000
36752  11.758  -59.889  62.058 0.0000000000
36753  11.180  -59.978  61.504 0.0000000000
42607  10.871  -60.984  61.933 0.0000000000
42608  10.839  -61.434  62.135 0.0000000000
42609  10.499  -61.497  61.827 0.0000000000
42610  9.029  -65.998  53.976 0.0000000000
42611  9.238  -66.189  54.240 0.0000000000
42612  9.204  -66.486  53.719 0.0000000000
42613  9.222  -66.968  53.599 0.0000000000
42614  9.126  -66.843  53.217 0.0000000000
45013  6.958  -63.937  56.227 0.0000000000
49102  14.024  -60.475  63.304 0.0000000000
49103  14.187  -60.966  63.378 0.0000000000
49104  13.742  -60.995  63.341 0.0000000000
49105  11.867  -64.033  60.995 0.0000000000
49106  12.311  -63.995  61.138 0.0000000000
49107  12.101  -64.384  60.667 0.0000000000
49108  12.325  -64.740  60.289 0.0000000000
49109  11.902  -64.796  60.153 0.0000000000
49110  8.942  -64.207  59.268 0.0000000000
49111  9.253  -64.217  59.562 0.0000000000
49112  9.165  -64.575  59.007 0.0000000000
49113  10.432  -67.182  56.064 0.0000000000
49114  10.478  -66.808  56.592 0.0000000000
50248  15.673  -55.232  59.596 0.0000000000
50249  16.079  -55.125  59.646 0.0000000000
50250  15.872  -55.797  60.025 0.0000000000
50251  16.085  -56.342  60.477 0.0000000000
50252  15.641  -56.436  60.443 0.0000000000
50253  15.475  -56.994  60.932 0.0000000000
50254  15.339  -56.436  60.418 0.0000000000
50255  13.267  -56.459  59.644 0.0000000000
50256  13.365  -57.043  60.144 0.0000000000
50257  13.059  -57.136  60.046 0.0000000000
50258  12.838  -57.772  60.465 0.0000000000
58702  12.335  -60.749  62.879 0.0000000000
58703  12.432  -61.266  62.983 0.0000000000
58704  12.018  -61.294  62.815 0.0000000000
58705  11.039  -62.550  62.114 0.0000000000
58706  11.481  -62.492  62.351 0.0000000000
58707  11.189  -62.966  61.958 0.0000000000
58708  11.411  -63.297  61.739 0.0000000000
58709  10.988  -63.364  61.543 0.0000000000
58710  8.834  -65.249  56.653 0.0000000000
58711  9.075  -65.373  56.977 0.0000000000
58712  9.094  -65.559  56.234 0.0000000000
58713  9.516  -66.550  54.884 0.0000000000
58714  9.565  -66.329  55.488 0.0000000000
58715  9.695  -66.742  55.184 0.0000000000
58716  9.915  -66.943  55.458 0.0000000000
58717  9.869  -67.209  54.993 0.0000000000
59849  15.082  -52.766  59.071 0.0000000000
59850  15.014  -53.486  58.896 0.0000000000
59851  15.237  -54.114  58.943 0.0000000000
59852  14.888  -54.163  58.962 0.0000000000
59853  14.786  -54.852  59.131 0.0000000000
59854  14.572  -54.181  58.921 0.0000000000
59856  13.920  -54.317  58.964 0.0000000000
59858  13.542  -54.983  59.093 0.0000000000
65903  9.819  -61.539  60.682 0.0000000000
65905  8.696  -62.464  59.456 0.0000000000
65906  8.921  -62.533  59.831 0.0000000000
65907  8.676  -62.984  59.522 0.0000000000
65908  8.726  -63.432  59.523 0.0000000000
65909  8.442  -63.383  59.163 0.0000000000
65913  7.464  -63.689  57.521 0.0000000000
65914  7.630  -63.437  58.071 0.0000000000
65915  7.770  -63.898  57.902 0.0000000000
65916  8.044  -64.060  58.219 0.0000000000
65917  7.958  -64.287  57.671 0.0000000000
65918  8.202  -64.601  57.369 0.0000000000
65919  7.939  -64.460  57.120 0.0000000000
65920  7.645  -64.518  55.466 0.0000000000
65921  7.948  -64.708  55.755 0.0000000000
65922  8.051  -64.818  55.079 0.0000000000
65923  8.488  -65.157  54.655 0.0000000000
65924  8.235  -64.952  54.352 0.0000000000
78187  15.797  -59.884  63.492 0.0000000000
78188  16.010  -60.274  63.472 0.0000000000
78189  15.528  -60.439  63.455 0.0000000000
78190  14.531  -61.751  63.076 0.0000000000
78191  15.022  -61.601  63.077 0.0000000000
78192  14.718  -62.084  62.740 0.0000000000
78193  14.927  -62.359  62.296 0.0000000000
78194  14.476  -62.534  62.383 0.0000000000
78195  12.735  -62.282  62.813 0.0000000000
78196  13.200  -62.196  62.900 0.0000000000
78197  12.945  -62.652  62.573 0.0000000000
78198  13.204  -63.820  61.319 0.0000000000
78199  13.398  -63.309  61.874 0.0000000000
78200  13.636  -63.634  61.419 0.0000000000
78201  14.040  -63.486  61.429 0.0000000000
78210  9.710  -62.567  60.966 0.0000000000
78211  9.977  -62.577  61.307 0.0000000000
78212  9.767  -63.012  60.936 0.0000000000
78213  9.906  -64.134  60.072 0.0000000000
78214  10.035  -63.758  60.604 0.0000000000
78215  10.246  -64.112  60.293 0.0000000000
78216  10.608  -64.162  60.482 0.0000000000
78217  10.462  -64.479  59.932 0.0000000000
78218  9.564  -65.588  57.523 0.0000000000
78219  9.631  -65.245  58.223 0.0000000000
78220  9.873  -65.622  57.841 0.0000000000
78221  10.692  -66.061  57.896 0.0000000000
78222  10.468  -65.668  58.290 0.0000000000
78223  10.805  -65.684  58.528 0.0000000000
78224  10.932  -65.287  59.185 0.0000000000
78225  11.166  -65.695  58.806 0.0000000000
78226  11.500  -65.667  58.964 0.0000000000
78227  11.366  -66.067  58.385 0.0000000000
78273  8.271  -65.101  52.558 0.0000000000
78274  8.040  -64.759  53.209 0.0000000000
78275  8.374  -65.237  52.835 0.0000000000
78276  8.551  -65.430  53.104 0.0000000000
78277  8.624  -65.779  52.502 0.0000000000
81620  16.571  -53.236  58.954 0.0000000000
81621  17.017  -54.994  59.720 0.0000000000
81622  17.210  -54.408  59.414 0.0000000000
81623  17.504  -54.869  59.801 0.0000000000
81625  17.804  -55.346  60.300 0.0000000000
81626  18.095  -55.803  60.791 0.0000000000
81627  17.552  -55.925  60.685 0.0000000000
81628  16.538  -57.206  61.555 0.0000000000
81629  17.049  -57.075  61.609 0.0000000000
81630  16.780  -57.661  62.091 0.0000000000
81631  16.982  -58.080  62.604 0.0000000000
81632  16.475  -58.197  62.575 0.0000000000
81633  16.210  -58.725  62.977 0.0000000000
81634  15.984  -58.292  62.547 0.0000000000
81635  15.033  -58.164  61.992 0.0000000000
81636  15.153  -58.626  62.489 0.0000000000
81637  14.774  -58.708  62.444 0.0000000000
81638  14.485  -59.281  62.819 0.0000000000
81639  14.367  -58.801  62.387 0.0000000000
81640  14.487  -56.155  59.929 0.0000000000
81641  14.612  -56.684  60.400 0.0000000000
81642  14.281  -56.753  60.396 0.0000000000
81643  13.435  -58.057  61.289 0.0000000000
81644  13.768  -57.959  61.387 0.0000000000
81645  13.475  -58.562  61.831 0.0000000000
81646  13.536  -59.041  62.274 0.0000000000
81647  13.145  -59.129  62.231 0.0000000000
81648  12.849  -59.696  62.564 0.0000000000
81649  12.806  -59.204  62.141 0.0000000000
81650  12.172  -58.886  61.273 0.0000000000
81651  12.116  -59.363  61.794 0.0000000000
81652  11.795  -59.412  61.574 0.0000000000
81653  11.449  -59.928  61.804 0.0000000000
81654  11.508  -59.460  61.274 0.0000000000
95125  11.549  -60.867  62.471 0.0000000000
95126  11.632  -61.412  62.611 0.0000000000
95127  11.249  -61.411  62.409 0.0000000000
95128  10.924  -62.017  62.176 0.0000000000
95129  10.628  -62.552  61.904 0.0000000000
95130  8.938  -65.593  55.249 0.0000000000
95131  9.150  -65.768  55.551 0.0000000000
95132  9.182  -65.976  54.882 0.0000000000
95133  9.376  -66.370  54.554 0.0000000000
95134  9.477  -66.874  54.427 0.0000000000
95135  9.572  -67.347  54.267 0.0000000000
95136  9.388  -67.181  53.959 0.0000000000
95817  14.299  -53.498  59.024 0.0000000000
99453  7.152  -63.462  57.263 0.0000000000
99454  7.327  -63.927  56.984 0.0000000000
99455  7.570  -64.307  56.755 0.0000000000
99456  7.246  -64.125  56.478 0.0000000000
99457  7.227  -64.266  55.842 0.0000000000
99458  7.353  -64.327  55.203 0.0000000000
106816  14.904  -60.163  63.440 0.0000000000
106817  15.073  -60.608  63.441 0.0000000000
106818  14.657  -60.782  63.429 0.0000000000
106819  14.365  -61.368  63.302 0.0000000000
106820  14.068  -61.852  63.043 0.0000000000
106821  12.242  -63.171  62.069 0.0000000000
106822  12.704  -63.077  62.190 0.0000000000
106823  12.493  -63.533  61.725 0.0000000000
106824  12.765  -63.934  61.248 0.0000000000
106825  12.991  -64.270  60.825 0.0000000000
106827  12.762  -64.695  60.370 0.0000000000
106830  9.211  -63.393  60.233 0.0000000000
106831  9.543  -63.402  60.531 0.0000000000
106832  9.382  -63.808  60.067 0.0000000000
106833  9.567  -64.191  59.829 0.0000000000
106834  9.734  -64.544  59.510 0.0000000000
106835  10.030  -66.283  56.733 0.0000000000
106836  10.083  -65.977  57.430 0.0000000000
106837  10.315  -66.378  56.992 0.0000000000
106838  10.612  -66.449  57.247 0.0000000000
106839  10.873  -66.454  57.518 0.0000000000
106840  11.205  -66.464  57.769 0.0000000000
108876  16.034  -53.934  59.012 0.0000000000
108877  16.438  -53.901  59.114 0.0000000000
108878  16.285  -54.515  59.327 0.0000000000
108879  16.529  -55.047  59.636 0.0000000000
108880  16.780  -55.581  60.069 0.0000000000
108881  17.021  -56.074  60.580 0.0000000000
108882  16.532  -56.180  60.485 0.0000000000
108883  16.291  -56.762  60.993 0.0000000000
108884  16.017  -57.332  61.489 0.0000000000
108885  15.802  -57.894  62.018 0.0000000000
108886  15.598  -57.463  61.455 0.0000000000
108887  15.276  -57.589  61.482 0.0000000000
108888  14.900  -57.669  61.451 0.0000000000
108889  13.915  -56.266  59.782 0.0000000000
108890  13.982  -56.819  60.326 0.0000000000
108891  13.685  -56.913  60.225 0.0000000000
108892  13.429  -57.525  60.678 0.0000000000
108893  13.150  -58.130  61.184 0.0000000000
108894  12.819  -58.722  61.620 0.0000000000
108895  12.822  -58.279  61.048 0.0000000000
108896  12.531  -58.352  60.898 0.0000000000
108897  12.210  -58.378  60.691 0.0000000000
122119  13.175  -60.680  63.202 0.0000000000
122120  13.296  -61.115  63.251 0.0000000000
122121  12.858  -61.214  63.129 0.0000000000
122122  12.559  -61.805  62.950 0.0000000000
122123  12.286  -62.347  62.702 0.0000000000
122124  11.746  -61.923  62.623 0.0000000000
122125  11.874  -62.419  62.544 0.0000000000
122126  12.025  -62.825  62.373 0.0000000000
122127  11.807  -63.248  61.907 0.0000000000
122128  11.626  -63.650  61.421 0.0000000000
122129  11.437  -64.084  60.832 0.0000000000
122130  8.817  -64.838  58.056 0.0000000000
122131  9.129  -64.856  58.331 0.0000000000
122132  9.082  -65.148  57.660 0.0000000000
122133  9.290  -65.498  57.270 0.0000000000
122134  9.553  -65.835  56.849 0.0000000000
122135  9.350  -65.929  55.852 0.0000000000
122136  9.541  -66.089  56.158 0.0000000000
122137  9.788  -66.225  56.442 0.0000000000
122138  9.974  -66.607  56.037 0.0000000000
122139  10.187  -67.064  55.758 0.0000000000
123725  15.749  -53.321  58.848 0.0000000000
123726  15.606  -54.016  58.953 0.0000000000
123727  15.459  -54.695  59.195 0.0000000000
123728  15.296  -55.337  59.578 0.0000000000
123729  15.127  -55.973  59.978 0.0000000000
123730  14.951  -55.442  59.541 0.0000000000
123731  14.651  -55.548  59.542 0.0000000000
123732  14.390  -55.590  59.425 0.0000000000
123733  14.257  -54.222  58.958 0.0000000000
123734  14.190  -54.961  59.071 0.0000000000
123735  14.076  -55.636  59.379 0.0000000000
123736  13.792  -55.665  59.308 0.0000000000
123737  13.474  -55.742  59.260 0.0000000000
131860  10.380  -61.052  61.251 0.0000000000
131861  10.254  -61.564  61.503 0.0000000000
131862  10.044  -61.576  61.144 0.0000000000
131863  9.692  -62.083  60.889 0.0000000000
131864  9.406  -62.554  60.577 0.0000000000
131865  9.250  -62.095  60.128 0.0000000000
131866  9.141  -62.567  60.188 0.0000000000
131867  9.158  -62.992  60.240 0.0000000000
131868  8.989  -63.406  59.886 0.0000000000
131869  8.806  -63.825  59.446 0.0000000000
131870  8.662  -64.165  58.992 0.0000000000
131875  7.850  -63.102  58.513 0.0000000000
131876  8.153  -63.257  58.812 0.0000000000
131877  8.229  -63.714  58.776 0.0000000000
131878  8.364  -64.120  58.638 0.0000000000
131879  8.540  -64.488  58.432 0.0000000000
131880  8.500  -64.768  57.720 0.0000000000
131881  8.517  -64.949  57.007 0.0000000000
131882  8.569  -65.118  56.324 0.0000000000
131883  7.909  -64.593  56.447 0.0000000000
131884  8.315  -64.905  56.020 0.0000000000
131885  8.674  -65.241  55.590 0.0000000000
131886  8.778  -65.324  54.927 0.0000000000
131887  8.802  -65.539  54.298 0.0000000000
131888  8.857  -65.790  53.693 0.0000000000
147049  16.707  -59.583  63.462 0.0000000000
147050  16.910  -59.979  63.434 0.0000000000
147051  16.443  -60.110  63.463 0.0000000000
147052  16.205  -60.650  63.318 0.0000000000
147053  15.985  -61.143  63.051 0.0000000000
147054  15.262  -61.024  63.309 0.0000000000
147055  15.512  -61.381  63.062 0.0000000000
147056  15.697  -61.682  62.687 0.0000000000
147060  13.454  -61.578  63.192 0.0000000000
147061  13.635  -62.045  63.026 0.0000000000
147062  13.812  -62.371  62.749 0.0000000000
147063  13.164  -62.982  62.261 0.0000000000
147064  13.594  -62.843  62.348 0.0000000000
147065  14.027  -62.708  62.406 0.0000000000
147066  14.262  -62.980  61.998 0.0000000000
147078  10.220  -62.092  61.622 0.0000000000
147079  10.274  -62.562  61.632 0.0000000000
147080  10.412  -63.006  61.574 0.0000000000
147081  9.855  -63.416  60.816 0.0000000000
147082  10.209  -63.401  61.098 0.0000000000
147083  10.598  -63.378  61.351 0.0000000000
147084  10.802  -63.770  61.042 0.0000000000
147085  11.015  -64.208  60.671 0.0000000000
147086  11.261  -64.469  60.332 0.0000000000
147087  9.418  -64.908  58.619 0.0000000000
147088  9.665  -64.900  58.872 0.0000000000
147089  10.004  -64.909  59.099 0.0000000000
147090  10.162  -65.644  58.079 0.0000000000
147091  10.256  -65.280  58.693 0.0000000000
147092  10.361  -64.898  59.321 0.0000000000
147093  10.706  -64.864  59.548 0.0000000000
147094  11.067  -64.846  59.787 0.0000000000
147095  11.485  -64.851  59.972 0.0000000000
147096  11.658  -65.253  59.555 0.0000000000
147097  11.890  -65.611  59.154 0.0000000000
147151  6.977  -64.108  55.007 0.0000000000
147152  7.498  -64.432  54.560 0.0000000000
147153  7.538  -64.400  53.696 0.0000000000
147154  7.766  -64.602  53.895 0.0000000000
147155  7.996  -64.748  54.091 0.0000000000
147156  8.411  -65.143  53.722 0.0000000000
147157  8.707  -65.608  53.396 0.0000000000
147158  8.922  -66.105  53.095 0.0000000000
147182  8.559  -66.231  51.902 0.0000000000
147183  8.687  -66.376  52.235 0.0000000000
147184  8.837  -66.529  52.549 0.0000000000
147185  8.985  -66.683  52.873 0.0000000000
150957  17.512  -58.783  63.340 0.0000000000
151186  16.893  -53.819  59.136 0.0000000000
151195  17.293  -56.496  61.128 0.0000000000
151196  17.557  -56.931  61.663 0.0000000000
151197  17.828  -57.366  62.218 0.0000000000
151198  17.515  -57.913  62.630 0.0000000000
151199  17.238  -58.436  63.039 0.0000000000
151200  16.935  -59.000  63.356 0.0000000000
151201  16.441  -59.106  63.321 0.0000000000
151202  15.981  -59.314  63.297 0.0000000000
151203  15.551  -59.449  63.261 0.0000000000
151204  15.549  -58.509  62.510 0.0000000000
151205  15.341  -59.050  62.909 0.0000000000
151206  15.114  -59.591  63.218 0.0000000000
151207  14.663  -59.748  63.167 0.0000000000
151208  14.221  -59.873  63.110 0.0000000000
151209  13.810  -59.980  63.036 0.0000000000
151210  14.933  -56.629  60.444 0.0000000000
151211  14.754  -57.165  60.915 0.0000000000
151212  14.524  -57.733  61.412 0.0000000000
151213  14.045  -57.340  60.868 0.0000000000
151214  14.146  -57.830  61.400 0.0000000000
151215  14.255  -58.312  61.888 0.0000000000
151216  13.922  -58.914  62.344 0.0000000000
151217  13.645  -59.532  62.710 0.0000000000
151218  13.396  -60.127  63.012 0.0000000000
151219  12.985  -60.184  62.923 0.0000000000
151220  12.588  -60.219  62.775 0.0000000000
151221  12.204  -60.280  62.593 0.0000000000
151222  12.458  -59.290  61.985 0.0000000000
151223  12.136  -59.831  62.244 0.0000000000
151224  11.822  -60.347  62.409 0.0000000000
151225  11.456  -60.389  62.176 0.0000000000
151226  11.173  -60.460  61.895 0.0000000000
151227  10.903  -60.494  61.583 0.0000000000
151254  10.663  -60.524  61.231 0.0000000000
