#!ascii label  , from subject fsaverage vox2ras=TkReg
782
42  -40.753  -11.836  48.092 0.0000000000
370  -34.273  -16.875  38.460 0.0000000000
842  -44.262  -12.124  45.334 0.0000000000
854  -32.355  -17.593  42.525 0.0000000000
855  -36.880  -13.687  43.268 0.0000000000
856  -40.113  -13.703  40.215 0.0000000000
1443  -43.681  -8.960  52.692 0.0000000000
1818  -33.281  -22.424  43.265 0.0000000000
1819  -33.714  -21.434  39.704 0.0000000000
1820  -36.015  -21.185  36.195 0.0000000000
1821  -37.041  -16.002  35.659 0.0000000000
2762  -42.431  -12.055  46.566 0.0000000000
2763  -45.570  -11.171  48.100 0.0000000000
2764  -43.915  -11.069  49.321 0.0000000000
2773  -37.434  -13.027  47.779 0.0000000000
2774  -35.647  -14.084  45.244 0.0000000000
2775  -38.807  -12.723  45.660 0.0000000000
2776  -40.483  -12.725  44.095 0.0000000000
3970  -42.136  -7.458  52.505 0.0000000000
3971  -43.466  -7.805  50.819 0.0000000000
3972  -41.017  -7.455  48.670 0.0000000000
3996  -33.063  -17.103  40.409 0.0000000000
3997  -32.288  -19.554  40.593 0.0000000000
3998  -33.288  -19.224  38.569 0.0000000000
3999  -34.655  -21.241  37.913 0.0000000000
4000  -34.586  -19.035  36.835 0.0000000000
4001  -35.933  -18.716  35.370 0.0000000000
4002  -35.651  -16.566  36.951 0.0000000000
4003  -43.697  -12.466  41.678 0.0000000000
4004  -41.654  -13.163  39.112 0.0000000000
6122  -46.029  -11.569  44.381 0.0000000000
6124  -47.459  -10.746  47.229 0.0000000000
6143  -33.413  -15.844  44.951 0.0000000000
6144  -34.064  -15.352  42.833 0.0000000000
6145  -35.213  -14.990  40.833 0.0000000000
6146  -36.702  -14.767  39.174 0.0000000000
6147  -38.468  -13.511  41.670 0.0000000000
6148  -42.173  -12.992  42.680 0.0000000000
7202  -39.639  -11.963  50.009 0.0000000000
7203  -42.579  -10.748  50.955 0.0000000000
7204  -41.808  -10.609  52.740 0.0000000000
7205  -42.932  -8.643  54.484 0.0000000000
8053  -44.887  -9.429  51.128 0.0000000000
8084  -35.953  -22.724  43.207 0.0000000000
8085  -31.766  -20.144  42.826 0.0000000000
8086  -33.093  -21.716  41.622 0.0000000000
8091  -37.381  -20.750  34.866 0.0000000000
8092  -37.231  -17.914  34.108 0.0000000000
8094  -38.282  -14.608  37.865 0.0000000000
10442  -41.525  -11.925  47.286 0.0000000000
10443  -43.156  -11.607  47.955 0.0000000000
10444  -42.355  -11.432  48.722 0.0000000000
10453  -39.030  -12.434  47.863 0.0000000000
10454  -38.062  -12.852  46.639 0.0000000000
10455  -39.760  -12.288  46.915 0.0000000000
10456  -40.552  -12.301  46.110 0.0000000000
11650  -40.907  -7.253  51.655 0.0000000000
11651  -41.532  -7.349  50.710 0.0000000000
11652  -40.298  -7.433  49.647 0.0000000000
11676  -33.651  -16.977  39.372 0.0000000000
11677  -33.040  -18.151  39.306 0.0000000000
11678  -33.614  -18.040  38.376 0.0000000000
11679  -33.898  -19.077  37.666 0.0000000000
11680  -34.266  -17.947  37.538 0.0000000000
11681  -34.960  -17.838  36.737 0.0000000000
11682  -34.959  -16.779  37.633 0.0000000000
11683  -45.574  -11.445  42.629 0.0000000000
14042  -45.151  -11.937  44.834 0.0000000000
14043  -46.875  -11.085  45.855 0.0000000000
14044  -45.945  -11.495  46.260 0.0000000000
14045  -46.041  -10.465  49.286 0.0000000000
14076  -36.194  -13.872  44.230 0.0000000000
14077  -34.833  -14.625  44.038 0.0000000000
14078  -35.334  -14.432  43.053 0.0000000000
14079  -34.599  -15.146  41.762 0.0000000000
14080  -35.990  -14.279  42.065 0.0000000000
14081  -36.793  -14.097  41.189 0.0000000000
14082  -37.655  -13.549  42.400 0.0000000000
14083  -42.328  -12.511  44.737 0.0000000000
14084  -41.304  -12.854  43.428 0.0000000000
14085  -43.243  -12.606  44.027 0.0000000000
14086  -44.088  -12.428  43.488 0.0000000000
15842  -39.271  -12.023  51.180 0.0000000000
15843  -40.683  -11.401  51.486 0.0000000000
15844  -40.414  -11.378  52.546 0.0000000000
15848  -42.167  -7.776  54.625 0.0000000000
15886  -38.121  -12.626  50.059 0.0000000000
17665  -43.426  -9.907  52.098 0.0000000000
17666  -43.888  -10.147  51.314 0.0000000000
17667  -44.240  -9.185  51.934 0.0000000000
17668  -43.007  -7.651  48.992 0.0000000000
17669  -44.221  -8.080  49.952 0.0000000000
17738  -34.853  -23.188  43.581 0.0000000000
17739  -36.423  -23.192  43.778 0.0000000000
17740  -34.528  -22.765  43.010 0.0000000000
17741  -32.096  -17.903  43.586 0.0000000000
17742  -31.747  -19.204  43.755 0.0000000000
17743  -31.862  -18.821  42.709 0.0000000000
17744  -32.752  -20.522  40.056 0.0000000000
17745  -32.447  -20.769  41.037 0.0000000000
17746  -33.300  -21.507  40.646 0.0000000000
17747  -34.368  -22.187  41.522 0.0000000000
17748  -34.557  -22.075  40.682 0.0000000000
17751  -35.340  -21.284  37.002 0.0000000000
17757  -36.667  -21.016  35.507 0.0000000000
17758  -36.300  -17.412  35.332 0.0000000000
17759  -36.560  -18.378  34.724 0.0000000000
17760  -36.943  -16.971  34.749 0.0000000000
17763  -38.363  -14.124  39.690 0.0000000000
17764  -37.539  -14.694  38.488 0.0000000000
17765  -39.139  -14.123  38.995 0.0000000000
23402  -43.318  -12.158  45.951 0.0000000000
23403  -44.969  -11.680  46.757 0.0000000000
23404  -44.020  -11.744  47.363 0.0000000000
23405  -44.695  -11.146  48.692 0.0000000000
23406  -45.326  -10.447  49.851 0.0000000000
23421  -36.090  -13.692  47.681 0.0000000000
23422  -35.198  -14.266  46.450 0.0000000000
23423  -36.563  -13.541  46.481 0.0000000000
23424  -37.088  -13.382  45.454 0.0000000000
23425  -37.855  -13.180  44.438 0.0000000000
23426  -38.648  -13.033  43.626 0.0000000000
23427  -39.619  -12.676  44.807 0.0000000000
23428  -41.441  -12.395  45.320 0.0000000000
25576  -43.169  -7.976  52.917 0.0000000000
25577  -43.816  -8.282  52.053 0.0000000000
25578  -42.744  -7.644  51.621 0.0000000000
25579  -42.239  -7.526  49.842 0.0000000000
25622  -32.691  -17.339  41.421 0.0000000000
25623  -32.132  -18.531  41.523 0.0000000000
25624  -32.516  -18.300  40.386 0.0000000000
25625  -32.705  -19.330  39.600 0.0000000000
25626  -33.268  -20.357  39.028 0.0000000000
25627  -34.169  -21.325  38.773 0.0000000000
25628  -33.865  -20.284  38.065 0.0000000000
25629  -34.480  -20.183  37.190 0.0000000000
25630  -35.154  -20.131  36.373 0.0000000000
25631  -35.788  -19.975  35.678 0.0000000000
25632  -35.231  -18.914  36.103 0.0000000000
25633  -35.634  -17.648  36.005 0.0000000000
25634  -36.329  -16.389  36.204 0.0000000000
25635  -41.889  -13.220  40.829 0.0000000000
25636  -40.882  -13.546  39.606 0.0000000000
25637  -42.660  -12.816  40.320 0.0000000000
29642  -46.772  -11.034  43.992 0.0000000000
29644  -47.717  -10.660  45.453 0.0000000000
29647  -46.583  -11.045  47.604 0.0000000000
29689  -32.807  -16.674  43.696 0.0000000000
29690  -34.398  -14.887  45.092 0.0000000000
29691  -33.667  -15.581  43.816 0.0000000000
29692  -33.084  -16.428  42.622 0.0000000000
29693  -33.476  -16.174  41.566 0.0000000000
29694  -33.989  -16.023  40.527 0.0000000000
29695  -34.643  -15.863  39.589 0.0000000000
29696  -35.317  -15.767  38.700 0.0000000000
29697  -35.985  -14.862  39.879 0.0000000000
29698  -37.533  -14.070  40.446 0.0000000000
29699  -39.313  -13.632  40.922 0.0000000000
29700  -39.503  -13.051  42.876 0.0000000000
29701  -40.307  -13.242  42.169 0.0000000000
29702  -41.096  -13.372  41.455 0.0000000000
29703  -42.929  -12.883  42.100 0.0000000000
29704  -44.903  -11.995  43.024 0.0000000000
32162  -40.145  -11.854  48.985 0.0000000000
32163  -41.577  -11.394  49.568 0.0000000000
32164  -41.033  -11.368  50.545 0.0000000000
32165  -42.114  -10.703  51.775 0.0000000000
32166  -43.060  -9.725  52.888 0.0000000000
32167  -41.582  -10.530  53.803 0.0000000000
32168  -42.764  -9.627  53.803 0.0000000000
32169  -43.256  -8.755  53.651 0.0000000000
32170  -42.670  -7.817  53.780 0.0000000000
32171  -41.631  -7.310  53.265 0.0000000000
32217  -37.060  -13.177  48.846 0.0000000000
32218  -38.518  -12.530  48.923 0.0000000000
34471  -43.197  -10.929  50.071 0.0000000000
34472  -44.644  -10.302  50.476 0.0000000000
34473  -45.556  -9.539  50.513 0.0000000000
34474  -44.445  -8.546  51.267 0.0000000000
34475  -45.169  -8.661  50.592 0.0000000000
34565  -32.261  -21.406  43.003 0.0000000000
34566  -31.974  -19.841  41.704 0.0000000000
34567  -32.216  -21.021  42.052 0.0000000000
34568  -33.107  -22.055  42.512 0.0000000000
34569  -34.307  -22.372  42.297 0.0000000000
34570  -35.856  -22.445  42.629 0.0000000000
34583  -38.014  -20.329  34.233 0.0000000000
34584  -36.496  -19.725  34.975 0.0000000000
34585  -37.182  -19.390  34.323 0.0000000000
34586  -37.810  -18.895  33.767 0.0000000000
34590  -36.031  -15.606  37.993 0.0000000000
34591  -36.771  -15.488  37.281 0.0000000000
34592  -37.538  -15.263  36.720 0.0000000000
34593  -39.936  -13.926  38.389 0.0000000000
34594  -39.063  -14.356  37.296 0.0000000000
34595  -38.254  -14.901  36.208 0.0000000000
41162  -41.114  -11.863  47.704 0.0000000000
41163  -41.989  -11.672  48.005 0.0000000000
41164  -41.556  -11.632  48.440 0.0000000000
41173  -39.880  -12.108  47.961 0.0000000000
41174  -39.376  -12.357  47.377 0.0000000000
41175  -40.240  -12.094  47.469 0.0000000000
41176  -40.637  -12.105  47.069 0.0000000000
42370  -40.283  -7.336  51.208 0.0000000000
42371  -40.642  -7.328  50.827 0.0000000000
42372  -39.873  -7.423  50.238 0.0000000000
42396  -33.931  -16.923  38.909 0.0000000000
42397  -33.629  -17.557  38.732 0.0000000000
42398  -33.907  -17.486  38.382 0.0000000000
42399  -33.952  -18.009  37.929 0.0000000000
42400  -34.240  -17.417  37.958 0.0000000000
42401  -34.612  -17.366  37.494 0.0000000000
42402  -34.645  -16.844  37.999 0.0000000000
44762  -44.699  -12.046  45.084 0.0000000000
44763  -45.559  -11.695  45.628 0.0000000000
44764  -45.078  -11.823  45.853 0.0000000000
44765  -46.250  -10.069  49.684 0.0000000000
44796  -36.513  -13.786  43.744 0.0000000000
44797  -35.733  -14.176  43.604 0.0000000000
44798  -36.079  -14.061  43.134 0.0000000000
44799  -35.650  -14.347  42.561 0.0000000000
44800  -36.448  -13.955  42.667 0.0000000000
44801  -36.802  -13.890  42.228 0.0000000000
44802  -37.237  -13.596  42.810 0.0000000000
44803  -43.333  -12.378  45.009 0.0000000000
44804  -42.782  -12.583  44.412 0.0000000000
44805  -43.779  -12.372  44.711 0.0000000000
44806  -44.219  -12.322  44.437 0.0000000000
46563  -39.840  -11.744  51.791 0.0000000000
48385  -43.578  -9.452  52.487 0.0000000000
48386  -43.906  -9.577  52.046 0.0000000000
48387  -43.939  -9.068  52.333 0.0000000000
48458  -34.010  -22.836  43.378 0.0000000000
48459  -34.636  -22.951  43.302 0.0000000000
48460  -33.881  -22.642  43.119 0.0000000000
48461  -32.211  -17.722  43.143 0.0000000000
48462  -31.932  -18.341  43.184 0.0000000000
48463  -32.032  -18.189  42.581 0.0000000000
48464  -33.208  -20.972  39.784 0.0000000000
48465  -32.967  -21.053  40.333 0.0000000000
48466  -33.511  -21.466  40.171 0.0000000000
48467  -33.872  -21.826  40.606 0.0000000000
48468  -34.098  -21.821  40.136 0.0000000000
48470  -34.294  -21.787  39.700 0.0000000000
48471  -35.707  -21.260  36.588 0.0000000000
48477  -36.322  -21.089  35.840 0.0000000000
48478  -36.577  -16.685  35.492 0.0000000000
48479  -36.622  -17.221  35.028 0.0000000000
48480  -36.942  -16.483  35.145 0.0000000000
48481  -37.280  -16.279  34.884 0.0000000000
48482  -37.431  -15.820  35.346 0.0000000000
48483  -39.240  -13.900  39.942 0.0000000000
48484  -38.722  -14.164  39.329 0.0000000000
48485  -39.619  -13.899  39.558 0.0000000000
54362  -42.855  -12.114  46.258 0.0000000000
54363  -43.715  -11.934  46.656 0.0000000000
54364  -43.292  -11.892  46.933 0.0000000000
54365  -43.511  -11.354  48.589 0.0000000000
54366  -43.919  -11.436  48.298 0.0000000000
54367  -44.275  -11.100  49.011 0.0000000000
54368  -45.056  -10.827  49.308 0.0000000000
54369  -44.689  -10.780  49.628 0.0000000000
54393  -36.766  -13.354  47.697 0.0000000000
54394  -36.305  -13.617  47.106 0.0000000000
54395  -37.015  -13.276  47.123 0.0000000000
54396  -38.404  -12.786  46.153 0.0000000000
54397  -37.597  -13.106  46.073 0.0000000000
54398  -37.949  -13.000  45.589 0.0000000000
54399  -37.442  -13.287  44.941 0.0000000000
54400  -38.333  -12.932  45.102 0.0000000000
54401  -38.708  -12.919  44.640 0.0000000000
54402  -39.210  -12.684  45.221 0.0000000000
54403  -41.527  -12.200  46.276 0.0000000000
54404  -40.993  -12.348  45.699 0.0000000000
54405  -41.966  -12.248  45.969 0.0000000000
54406  -42.415  -12.290  45.666 0.0000000000
57985  -42.672  -7.643  52.780 0.0000000000
57986  -43.028  -7.720  52.394 0.0000000000
57987  -42.386  -7.479  52.106 0.0000000000
57988  -41.297  -7.406  49.747 0.0000000000
57989  -41.838  -7.418  50.233 0.0000000000
57990  -41.553  -7.431  49.284 0.0000000000
57991  -41.955  -7.514  48.822 0.0000000000
57992  -41.483  -7.507  48.189 0.0000000000
58061  -32.876  -17.206  40.930 0.0000000000
58062  -32.556  -17.817  40.886 0.0000000000
58063  -32.750  -17.696  40.344 0.0000000000
58064  -33.099  -18.664  38.957 0.0000000000
58065  -32.831  -18.749  39.455 0.0000000000
58066  -33.003  -19.271  39.072 0.0000000000
58067  -32.956  -19.841  39.295 0.0000000000
58068  -33.198  -19.758  38.825 0.0000000000
58069  -33.541  -20.296  38.544 0.0000000000
58070  -33.539  -19.742  38.280 0.0000000000
58071  -34.236  -19.041  37.255 0.0000000000
58072  -34.162  -19.666  37.383 0.0000000000
58073  -34.505  -19.623  36.959 0.0000000000
58074  -34.830  -20.158  36.766 0.0000000000
58075  -34.837  -19.578  36.580 0.0000000000
58076  -35.153  -19.535  36.213 0.0000000000
58077  -34.903  -18.968  36.460 0.0000000000
58078  -35.257  -17.201  36.784 0.0000000000
58079  -35.303  -17.741  36.355 0.0000000000
58080  -35.584  -17.120  36.447 0.0000000000
58081  -35.924  -17.025  36.056 0.0000000000
58082  -36.004  -16.500  36.568 0.0000000000
58083  -42.805  -12.868  41.183 0.0000000000
58084  -42.252  -13.075  40.548 0.0000000000
58085  -43.170  -12.639  40.983 0.0000000000
65162  -46.421  -11.305  44.207 0.0000000000
65163  -47.217  -10.886  44.766 0.0000000000
65164  -46.795  -11.152  44.942 0.0000000000
65165  -47.247  -10.890  46.531 0.0000000000
65166  -47.653  -10.719  46.329 0.0000000000
65170  -45.304  -11.472  47.441 0.0000000000
65171  -45.812  -11.364  47.188 0.0000000000
65172  -46.082  -11.122  47.828 0.0000000000
65258  -33.011  -16.388  44.965 0.0000000000
65259  -32.700  -16.820  44.225 0.0000000000
65260  -33.094  -16.271  44.311 0.0000000000
65261  -35.424  -14.166  45.783 0.0000000000
65262  -34.804  -14.542  45.770 0.0000000000
65263  -35.022  -14.452  45.220 0.0000000000
65264  -34.428  -14.982  43.355 0.0000000000
65265  -34.224  -15.104  43.853 0.0000000000
65266  -33.857  -15.515  43.320 0.0000000000
65267  -33.360  -15.996  43.253 0.0000000000
65268  -33.553  -15.840  42.700 0.0000000000
65269  -33.265  -16.317  42.022 0.0000000000
65270  -33.796  -15.775  42.137 0.0000000000
65271  -34.903  -15.069  41.255 0.0000000000
65272  -34.267  -15.589  41.115 0.0000000000
65273  -34.567  -15.515  40.641 0.0000000000
65274  -34.303  -15.934  40.100 0.0000000000
65275  -34.929  -15.459  40.140 0.0000000000
65276  -35.273  -15.368  39.685 0.0000000000
65277  -35.599  -14.921  40.320 0.0000000000
65278  -37.588  -13.832  41.396 0.0000000000
65279  -37.179  -14.054  40.838 0.0000000000
65280  -38.006  -13.824  41.035 0.0000000000
65281  -38.431  -13.822  40.695 0.0000000000
65282  -38.905  -13.560  41.273 0.0000000000
65283  -39.551  -12.852  43.884 0.0000000000
65284  -39.064  -13.016  43.242 0.0000000000
65285  -39.991  -12.890  43.458 0.0000000000
65286  -41.753  -12.959  43.016 0.0000000000
65287  -40.834  -13.038  42.773 0.0000000000
65288  -41.229  -13.160  42.377 0.0000000000
65289  -40.721  -13.317  41.808 0.0000000000
65290  -41.657  -13.188  42.047 0.0000000000
65291  -42.055  -13.151  41.736 0.0000000000
65292  -42.538  -12.981  42.398 0.0000000000
65293  -45.052  -11.998  43.948 0.0000000000
65294  -44.468  -12.256  43.266 0.0000000000
65295  -45.455  -11.762  43.728 0.0000000000
65296  -45.826  -11.521  43.513 0.0000000000
70562  -39.877  -11.907  49.488 0.0000000000
70563  -40.542  -11.620  49.808 0.0000000000
70564  -40.347  -11.690  50.210 0.0000000000
70565  -41.199  -10.997  52.120 0.0000000000
70566  -41.333  -11.009  51.673 0.0000000000
70567  -41.939  -10.669  52.189 0.0000000000
70568  -42.618  -10.214  52.404 0.0000000000
70569  -42.479  -10.176  52.822 0.0000000000
70573  -42.823  -9.076  54.712 0.0000000000
70574  -42.627  -9.607  54.255 0.0000000000
70575  -42.984  -9.064  54.253 0.0000000000
70576  -43.126  -9.111  53.772 0.0000000000
70577  -43.088  -8.662  54.082 0.0000000000
70578  -43.059  -8.192  53.819 0.0000000000
70579  -42.868  -8.152  54.297 0.0000000000
70581  -41.840  -7.531  54.024 0.0000000000
70582  -41.380  -7.337  53.671 0.0000000000
70583  -40.978  -7.258  52.934 0.0000000000
70693  -38.850  -12.277  50.106 0.0000000000
70694  -38.309  -12.573  49.483 0.0000000000
70695  -39.086  -12.248  49.551 0.0000000000
70696  -39.304  -12.222  48.962 0.0000000000
76030  -42.036  -11.072  50.309 0.0000000000
76031  -42.406  -11.130  49.848 0.0000000000
76032  -42.880  -10.823  50.509 0.0000000000
76033  -44.443  -9.735  51.283 0.0000000000
76034  -44.268  -10.265  50.883 0.0000000000
76035  -44.823  -9.904  50.920 0.0000000000
76036  -45.222  -10.038  50.536 0.0000000000
76037  -45.225  -9.476  50.774 0.0000000000
76038  -43.637  -7.938  51.551 0.0000000000
76039  -44.165  -8.433  51.555 0.0000000000
76040  -43.973  -8.135  51.094 0.0000000000
76042  -44.697  -8.316  50.409 0.0000000000
76044  -45.519  -8.692  50.263 0.0000000000
76251  -36.121  -22.940  43.515 0.0000000000
76252  -37.022  -23.141  43.979 0.0000000000
76253  -36.889  -22.855  43.809 0.0000000000
76255  -36.721  -22.626  43.503 0.0000000000
76259  -31.725  -19.666  43.250 0.0000000000
76260  -31.705  -19.902  43.711 0.0000000000
76261  -31.771  -20.365  43.248 0.0000000000
76262  -31.994  -20.966  43.426 0.0000000000
76263  -31.898  -20.772  42.903 0.0000000000
76264  -32.178  -19.087  40.988 0.0000000000
76265  -32.007  -19.158  41.644 0.0000000000
76266  -32.129  -19.678  41.184 0.0000000000
76267  -32.688  -21.267  41.327 0.0000000000
76268  -32.293  -20.848  41.590 0.0000000000
76269  -32.626  -21.414  41.774 0.0000000000
76270  -32.580  -21.547  42.275 0.0000000000
76271  -33.050  -21.836  42.086 0.0000000000
76272  -33.668  -22.276  42.349 0.0000000000
76273  -33.647  -22.114  41.962 0.0000000000
76274  -35.115  -22.279  41.669 0.0000000000
76275  -35.026  -22.371  42.046 0.0000000000
76276  -35.836  -22.340  42.264 0.0000000000
76286  -34.376  -21.256  38.338 0.0000000000
76303  -37.528  -21.331  35.250 0.0000000000
76305  -37.881  -21.179  34.941 0.0000000000
76307  -37.722  -20.557  34.545 0.0000000000
76308  -35.829  -19.354  35.505 0.0000000000
76309  -36.154  -19.866  35.299 0.0000000000
76310  -36.153  -19.241  35.166 0.0000000000
76311  -36.888  -18.172  34.425 0.0000000000
76312  -36.848  -18.878  34.496 0.0000000000
76313  -37.164  -18.671  34.203 0.0000000000
76314  -37.518  -19.172  34.036 0.0000000000
76315  -37.472  -18.424  33.907 0.0000000000
76317  -37.525  -17.688  33.840 0.0000000000
76323  -35.998  -15.216  38.900 0.0000000000
76324  -35.648  -15.674  38.369 0.0000000000
76325  -36.358  -15.175  38.572 0.0000000000
76326  -37.911  -14.664  38.154 0.0000000000
76327  -37.102  -15.081  37.901 0.0000000000
76328  -37.485  -15.035  37.554 0.0000000000
76329  -37.168  -15.389  36.977 0.0000000000
76330  -37.909  -14.927  37.276 0.0000000000
76331  -41.288  -13.367  39.340 0.0000000000
76332  -40.400  -13.678  38.980 0.0000000000
76333  -40.782  -13.504  38.721 0.0000000000
76335  -39.828  -13.949  37.642 0.0000000000
76336  -39.395  -14.159  37.083 0.0000000000
76337  -38.636  -14.623  36.817 0.0000000000
92522  -41.993  -11.993  46.899 0.0000000000
92523  -42.848  -11.832  47.212 0.0000000000
92524  -42.427  -11.740  47.590 0.0000000000
92525  -42.768  -11.498  48.326 0.0000000000
92526  -43.122  -11.287  48.998 0.0000000000
92541  -38.258  -12.723  47.754 0.0000000000
92542  -37.722  -12.934  47.185 0.0000000000
92543  -38.553  -12.621  47.255 0.0000000000
92544  -38.907  -12.541  46.761 0.0000000000
92545  -39.283  -12.500  46.312 0.0000000000
92546  -39.664  -12.478  45.900 0.0000000000
92547  -40.127  -12.270  46.517 0.0000000000
92548  -41.072  -12.136  46.682 0.0000000000
94696  -41.540  -7.274  52.105 0.0000000000
94697  -41.756  -7.314  51.678 0.0000000000
94698  -41.201  -7.287  51.166 0.0000000000
94699  -40.892  -7.327  50.281 0.0000000000
94700  -40.623  -7.460  49.141 0.0000000000
94742  -33.353  -17.020  39.908 0.0000000000
94743  -32.995  -17.622  39.841 0.0000000000
94744  -33.291  -17.574  39.302 0.0000000000
94745  -33.321  -18.110  38.799 0.0000000000
94746  -33.423  -18.610  38.425 0.0000000000
94747  -33.581  -19.175  38.093 0.0000000000
94748  -33.711  -18.555  38.003 0.0000000000
94749  -34.081  -18.542  37.504 0.0000000000
94750  -34.403  -18.494  37.131 0.0000000000
94751  -34.742  -18.437  36.740 0.0000000000
94752  -34.595  -17.905  37.149 0.0000000000
94753  -34.922  -17.270  37.160 0.0000000000
94754  -35.265  -16.678  37.314 0.0000000000
94755  -44.642  -11.993  42.090 0.0000000000
94756  -44.086  -12.200  41.419 0.0000000000
94757  -44.992  -11.671  41.878 0.0000000000
99002  -45.590  -11.782  44.601 0.0000000000
99003  -46.388  -11.372  45.151 0.0000000000
99004  -45.981  -11.555  45.376 0.0000000000
99005  -46.409  -11.306  46.051 0.0000000000
99006  -46.800  -11.077  46.776 0.0000000000
99007  -45.832  -10.862  48.739 0.0000000000
99008  -46.361  -10.778  48.448 0.0000000000
99009  -46.440  -10.408  49.019 0.0000000000
99062  -35.892  -13.966  44.758 0.0000000000
99063  -35.259  -14.342  44.653 0.0000000000
99064  -35.475  -14.258  44.111 0.0000000000
99065  -35.080  -14.529  43.505 0.0000000000
99066  -34.677  -14.867  42.863 0.0000000000
99067  -34.314  -15.241  42.295 0.0000000000
99068  -34.962  -14.765  42.374 0.0000000000
99069  -35.231  -14.697  41.914 0.0000000000
99070  -35.604  -14.599  41.433 0.0000000000
99071  -35.983  -14.517  40.955 0.0000000000
99072  -36.389  -14.201  41.577 0.0000000000
99073  -37.172  -13.843  41.784 0.0000000000
99074  -38.070  -13.511  42.011 0.0000000000
99075  -41.359  -12.597  44.419 0.0000000000
99076  -40.906  -12.777  43.748 0.0000000000
99077  -41.814  -12.684  44.035 0.0000000000
99078  -42.229  -12.766  43.698 0.0000000000
99079  -42.639  -12.828  43.385 0.0000000000
99080  -43.097  -12.780  43.058 0.0000000000
99081  -43.674  -12.543  43.745 0.0000000000
99082  -44.622  -12.213  44.168 0.0000000000
102242  -39.422  -12.013  50.586 0.0000000000
102243  -40.144  -11.715  50.718 0.0000000000
102244  -39.993  -11.721  51.228 0.0000000000
102245  -40.517  -11.380  52.020 0.0000000000
102246  -41.082  -10.985  52.611 0.0000000000
102251  -42.745  -8.582  54.932 0.0000000000
102252  -42.645  -8.132  54.692 0.0000000000
102322  -38.671  -12.302  50.629 0.0000000000
105523  -43.056  -10.347  51.553 0.0000000000
105524  -43.331  -10.479  51.097 0.0000000000
105525  -43.619  -10.011  51.731 0.0000000000
105526  -44.199  -9.671  51.632 0.0000000000
105527  -44.539  -9.336  51.544 0.0000000000
105528  -43.145  -7.704  49.950 0.0000000000
105529  -43.790  -7.974  50.409 0.0000000000
105530  -43.632  -7.789  49.628 0.0000000000
105656  -35.615  -23.213  43.597 0.0000000000
105657  -35.385  -22.997  43.318 0.0000000000
105658  -35.206  -22.767  43.058 0.0000000000
105659  -32.039  -18.100  44.206 0.0000000000
105661  -31.881  -18.570  43.690 0.0000000000
105662  -31.791  -19.050  43.198 0.0000000000
105663  -31.778  -19.505  42.743 0.0000000000
105664  -32.517  -20.068  40.216 0.0000000000
105665  -32.299  -20.186  40.798 0.0000000000
105666  -32.598  -20.622  40.503 0.0000000000
105667  -32.841  -21.146  40.791 0.0000000000
105668  -33.164  -21.595  41.113 0.0000000000
105669  -33.709  -21.987  41.512 0.0000000000
105670  -33.792  -21.924  41.077 0.0000000000
105671  -34.446  -22.135  41.114 0.0000000000
105677  -34.986  -21.258  37.439 0.0000000000
105688  -37.176  -21.470  35.552 0.0000000000
105689  -37.023  -20.886  35.184 0.0000000000
105690  -36.051  -18.043  35.338 0.0000000000
105691  -36.263  -18.551  35.029 0.0000000000
105692  -36.369  -17.901  35.036 0.0000000000
105693  -36.698  -17.682  34.704 0.0000000000
105694  -37.032  -17.461  34.388 0.0000000000
105695  -37.359  -17.220  34.095 0.0000000000
105696  -37.268  -16.668  34.455 0.0000000000
105699  -37.550  -14.385  39.427 0.0000000000
105700  -37.109  -14.719  38.843 0.0000000000
105701  -37.945  -14.406  39.043 0.0000000000
105702  -38.323  -14.399  38.711 0.0000000000
105703  -38.695  -14.351  38.407 0.0000000000
105705  -41.157  -13.309  38.523 0.0000000000
116042  -43.798  -12.160  45.629 0.0000000000
116043  -44.593  -11.917  46.092 0.0000000000
116044  -44.112  -11.957  46.364 0.0000000000
116045  -44.490  -11.716  47.053 0.0000000000
116046  -44.844  -11.460  47.714 0.0000000000
116047  -43.583  -11.692  47.636 0.0000000000
116048  -44.391  -11.445  47.997 0.0000000000
116049  -45.088  -11.192  48.408 0.0000000000
116050  -45.439  -10.862  49.010 0.0000000000
116051  -45.697  -10.469  49.565 0.0000000000
116052  -45.819  -10.072  49.935 0.0000000000
116087  -35.653  -13.971  47.056 0.0000000000
116088  -35.843  -13.898  46.505 0.0000000000
116089  -36.054  -13.827  45.956 0.0000000000
116090  -37.291  -13.192  46.588 0.0000000000
116091  -36.825  -13.453  45.946 0.0000000000
116092  -36.349  -13.691  45.365 0.0000000000
116093  -36.691  -13.605  44.817 0.0000000000
116094  -36.997  -13.508  44.372 0.0000000000
116095  -37.340  -13.397  43.873 0.0000000000
116096  -37.724  -13.344  43.418 0.0000000000
116097  -38.259  -13.114  43.991 0.0000000000
116098  -39.136  -12.876  44.248 0.0000000000
116099  -40.059  -12.689  44.447 0.0000000000
116100  -40.047  -12.484  45.498 0.0000000000
116101  -40.472  -12.506  45.113 0.0000000000
116102  -40.906  -12.544  44.752 0.0000000000
116103  -41.881  -12.444  45.032 0.0000000000
116104  -42.877  -12.334  45.348 0.0000000000
121114  -43.515  -8.479  52.925 0.0000000000
121115  -43.806  -8.606  52.455 0.0000000000
121116  -43.506  -8.136  52.494 0.0000000000
121117  -43.303  -7.809  52.026 0.0000000000
121118  -43.016  -7.693  51.245 0.0000000000
121119  -42.135  -7.431  51.218 0.0000000000
121120  -42.416  -7.478  50.731 0.0000000000
121121  -42.812  -7.599  50.286 0.0000000000
121122  -42.553  -7.541  49.462 0.0000000000
121123  -42.357  -7.541  48.410 0.0000000000
121219  -32.816  -22.169  43.540 0.0000000000
121220  -32.511  -17.454  42.016 0.0000000000
121221  -32.199  -18.117  41.881 0.0000000000
121222  -32.385  -17.939  41.379 0.0000000000
121223  -32.320  -18.433  40.903 0.0000000000
121224  -32.360  -18.889  40.485 0.0000000000
121225  -32.756  -18.218  39.903 0.0000000000
121226  -32.593  -18.839  39.943 0.0000000000
121227  -32.483  -19.450  40.139 0.0000000000
121228  -32.675  -19.922  39.802 0.0000000000
121229  -32.987  -20.411  39.525 0.0000000000
121230  -33.421  -20.925  39.345 0.0000000000
121231  -33.901  -21.345  39.207 0.0000000000
121232  -33.675  -20.851  38.834 0.0000000000
121233  -33.925  -20.805  38.388 0.0000000000
121234  -34.248  -20.792  37.916 0.0000000000
121235  -33.853  -19.707  37.822 0.0000000000
121236  -34.187  -20.226  37.581 0.0000000000
121237  -34.566  -20.793  37.488 0.0000000000
121238  -34.899  -20.748  37.051 0.0000000000
121239  -35.217  -20.682  36.632 0.0000000000
121240  -35.571  -20.647  36.227 0.0000000000
121241  -35.891  -20.591  35.869 0.0000000000
121242  -35.470  -20.066  36.028 0.0000000000
121243  -35.466  -19.455  35.878 0.0000000000
121244  -35.602  -18.827  35.717 0.0000000000
121245  -35.083  -18.384  36.378 0.0000000000
121246  -35.414  -18.297  36.026 0.0000000000
121247  -35.744  -18.176  35.645 0.0000000000
121248  -35.978  -17.552  35.650 0.0000000000
121249  -36.255  -16.868  35.783 0.0000000000
121250  -36.698  -16.196  35.936 0.0000000000
121251  -40.984  -13.514  40.524 0.0000000000
121252  -40.509  -13.654  39.891 0.0000000000
121253  -41.415  -13.378  40.213 0.0000000000
121254  -41.788  -13.202  39.927 0.0000000000
121255  -42.147  -13.005  39.683 0.0000000000
121256  -43.532  -12.383  40.798 0.0000000000
121257  -42.987  -12.572  40.114 0.0000000000
130927  -47.305  -10.897  45.673 0.0000000000
130928  -48.029  -10.541  46.126 0.0000000000
130933  -45.476  -11.621  46.490 0.0000000000
130934  -46.305  -11.231  46.968 0.0000000000
130935  -47.030  -10.920  47.417 0.0000000000
130936  -46.837  -10.705  48.192 0.0000000000
131045  -32.361  -17.424  44.304 0.0000000000
131046  -32.432  -17.269  43.712 0.0000000000
131047  -32.527  -17.139  43.105 0.0000000000
131048  -34.656  -14.672  46.317 0.0000000000
131049  -34.255  -15.003  45.642 0.0000000000
131050  -33.879  -15.314  45.103 0.0000000000
131051  -34.590  -14.736  44.617 0.0000000000
131052  -34.040  -15.210  44.471 0.0000000000
131053  -33.515  -15.699  44.408 0.0000000000
131054  -33.216  -16.129  43.818 0.0000000000
131055  -32.918  -16.547  43.122 0.0000000000
131056  -32.683  -16.979  42.547 0.0000000000
131057  -32.836  -16.847  42.047 0.0000000000
131058  -33.021  -16.723  41.556 0.0000000000
131059  -33.254  -16.629  40.959 0.0000000000
131060  -34.009  -15.677  41.619 0.0000000000
131061  -33.736  -16.065  41.056 0.0000000000
131062  -33.502  -16.552  40.454 0.0000000000
131063  -33.781  -16.491  39.896 0.0000000000
131064  -34.109  -16.411  39.461 0.0000000000
131065  -34.418  -16.378  38.993 0.0000000000
131066  -34.772  -16.317  38.508 0.0000000000
131067  -34.967  -15.839  39.111 0.0000000000
131068  -35.643  -15.271  39.292 0.0000000000
131069  -36.347  -14.814  39.516 0.0000000000
131070  -36.335  -14.501  40.493 0.0000000000
131071  -36.733  -14.440  40.107 0.0000000000
131072  -37.150  -14.405  39.760 0.0000000000
131073  -37.943  -14.111  40.047 0.0000000000
131074  -38.861  -13.864  40.326 0.0000000000
131075  -39.719  -13.695  40.552 0.0000000000
131076  -38.132  -13.289  42.997 0.0000000000
131077  -38.593  -13.262  42.575 0.0000000000
131078  -38.988  -13.291  42.239 0.0000000000
131079  -40.422  -12.948  43.122 0.0000000000
131080  -39.904  -13.163  42.531 0.0000000000
131081  -39.392  -13.340  41.920 0.0000000000
131082  -39.819  -13.434  41.549 0.0000000000
131083  -40.235  -13.524  41.154 0.0000000000
131084  -40.607  -13.550  40.817 0.0000000000
131085  -41.510  -13.297  41.148 0.0000000000
131086  -42.427  -13.050  41.432 0.0000000000
131087  -43.305  -12.700  41.889 0.0000000000
131088  -43.510  -12.661  42.797 0.0000000000
131089  -43.908  -12.489  42.556 0.0000000000
131090  -44.296  -12.265  42.321 0.0000000000
131091  -45.290  -11.713  42.808 0.0000000000
131092  -46.207  -11.224  43.301 0.0000000000
137762  -40.431  -11.835  48.501 0.0000000000
137763  -41.150  -11.628  48.911 0.0000000000
137764  -40.828  -11.605  49.346 0.0000000000
137765  -41.266  -11.416  50.017 0.0000000000
137766  -41.749  -11.072  50.758 0.0000000000
137767  -40.853  -11.366  51.021 0.0000000000
137768  -41.523  -11.069  51.200 0.0000000000
137769  -42.310  -10.725  51.393 0.0000000000
137770  -42.806  -10.234  52.019 0.0000000000
137771  -43.227  -9.789  52.501 0.0000000000
137772  -43.406  -9.288  52.895 0.0000000000
137774  -41.008  -10.939  53.101 0.0000000000
137775  -41.700  -10.544  53.325 0.0000000000
137776  -42.149  -10.058  54.340 0.0000000000
137777  -42.237  -10.067  53.782 0.0000000000
137778  -42.329  -10.130  53.291 0.0000000000
137779  -42.926  -9.639  53.384 0.0000000000
137780  -43.260  -9.213  53.333 0.0000000000
137781  -43.434  -8.873  53.143 0.0000000000
137782  -43.282  -8.326  53.415 0.0000000000
137783  -42.957  -7.865  53.481 0.0000000000
137784  -42.382  -7.570  53.097 0.0000000000
137785  -42.397  -7.759  54.096 0.0000000000
137786  -42.125  -7.555  53.562 0.0000000000
137787  -41.825  -7.365  52.849 0.0000000000
137788  -41.345  -7.301  52.454 0.0000000000
137789  -40.580  -7.270  52.114 0.0000000000
137920  -36.538  -13.419  48.285 0.0000000000
137921  -37.241  -13.104  48.267 0.0000000000
137922  -37.587  -12.913  49.464 0.0000000000
137923  -37.764  -12.861  48.850 0.0000000000
137924  -37.988  -12.804  48.290 0.0000000000
137925  -38.743  -12.508  48.368 0.0000000000
137926  -39.581  -12.169  48.408 0.0000000000
144445  -41.947  -11.403  49.133 0.0000000000
144446  -42.768  -11.202  49.417 0.0000000000
144447  -43.595  -11.025  49.655 0.0000000000
144448  -43.629  -10.566  50.666 0.0000000000
144449  -43.932  -10.666  50.317 0.0000000000
144450  -44.284  -10.735  49.992 0.0000000000
144451  -44.947  -10.380  50.151 0.0000000000
144452  -45.545  -10.039  50.204 0.0000000000
144453  -45.917  -9.577  50.235 0.0000000000
144454  -44.088  -8.752  52.105 0.0000000000
144455  -44.416  -8.848  51.650 0.0000000000
144456  -44.779  -8.962  51.245 0.0000000000
144457  -44.363  -8.271  50.686 0.0000000000
144458  -44.787  -8.605  50.951 0.0000000000
144459  -45.076  -9.043  50.931 0.0000000000
144460  -45.438  -9.104  50.599 0.0000000000
144461  -45.754  -9.141  50.272 0.0000000000
144472  -39.677  -7.528  49.110 0.0000000000
144473  -40.077  -7.531  48.538 0.0000000000
144474  -40.408  -7.534  48.180 0.0000000000
144724  -32.313  -21.588  43.456 0.0000000000
144725  -32.693  -21.958  43.164 0.0000000000
144726  -31.946  -18.670  42.129 0.0000000000
144727  -31.846  -19.358  42.244 0.0000000000
144728  -31.855  -19.980  42.302 0.0000000000
144729  -32.179  -20.310  41.269 0.0000000000
144730  -32.002  -20.456  41.937 0.0000000000
144731  -31.916  -20.579  42.427 0.0000000000
144732  -32.193  -21.152  42.566 0.0000000000
144733  -32.617  -21.758  42.689 0.0000000000
144734  -33.157  -22.248  42.915 0.0000000000
144735  -33.688  -22.401  42.723 0.0000000000
144736  -34.373  -22.556  42.685 0.0000000000
144737  -35.169  -22.631  42.724 0.0000000000
144738  -34.286  -22.295  41.961 0.0000000000
144739  -35.052  -22.457  42.402 0.0000000000
144740  -35.893  -22.604  42.951 0.0000000000
144741  -36.592  -22.501  43.222 0.0000000000
144753  -34.488  -21.766  39.244 0.0000000000
144780  -36.235  -20.528  35.525 0.0000000000
144781  -36.554  -20.379  35.192 0.0000000000
144782  -36.893  -20.275  34.889 0.0000000000
144783  -36.499  -19.062  34.818 0.0000000000
144784  -36.817  -19.574  34.668 0.0000000000
144785  -37.218  -20.084  34.566 0.0000000000
144786  -37.556  -19.870  34.255 0.0000000000
144787  -37.878  -19.622  33.956 0.0000000000
144798  -35.117  -16.245  38.106 0.0000000000
144799  -35.422  -16.173  37.763 0.0000000000
144800  -35.781  -16.090  37.410 0.0000000000
144801  -36.744  -15.139  38.213 0.0000000000
144802  -36.419  -15.549  37.632 0.0000000000
144803  -36.157  -16.031  37.040 0.0000000000
144804  -36.546  -15.925  36.735 0.0000000000
144805  -36.916  -15.786  36.441 0.0000000000
144806  -37.259  -15.626  36.138 0.0000000000
144807  -39.996  -13.825  39.255 0.0000000000
144808  -39.548  -14.036  38.701 0.0000000000
144809  -39.078  -14.256  38.094 0.0000000000
144810  -40.292  -13.759  38.141 0.0000000000
144811  -39.469  -14.109  37.852 0.0000000000
144812  -38.692  -14.503  37.563 0.0000000000
144813  -38.277  -14.774  37.050 0.0000000000
144814  -37.906  -15.096  36.474 0.0000000000
144815  -37.606  -15.430  35.861 0.0000000000
144816  -37.965  -15.229  35.656 0.0000000000
