#!ascii label  , from subject fsaverage vox2ras=TkReg
1456
97  15.622  -42.157  57.546 0.0000000000
220  7.581  -38.817  59.711 0.0000000000
232  7.803  -40.119  69.467 0.0000000000
233  13.256  -44.918  65.101 0.0000000000
465  17.668  -42.605  48.178 0.0000000000
482  7.893  -49.636  58.563 0.0000000000
700  4.467  -37.433  61.819 0.0000000000
712  4.104  -39.346  66.381 0.0000000000
713  7.581  -39.797  64.448 0.0000000000
1017  16.728  -42.515  52.964 0.0000000000
1055  14.629  -43.479  61.512 0.0000000000
1056  10.494  -48.377  61.937 0.0000000000
1057  12.843  -47.254  58.345 0.0000000000
1058  10.020  -49.041  55.164 0.0000000000
1546  12.652  -38.651  59.135 0.0000000000
1547  14.327  -38.001  55.039 0.0000000000
1570  12.558  -39.985  67.442 0.0000000000
1571  12.602  -39.369  63.318 0.0000000000
2046  16.355  -37.958  50.842 0.0000000000
2047  18.052  -37.638  46.233 0.0000000000
2095  7.601  -51.634  55.143 0.0000000000
2620  4.079  -35.140  63.574 0.0000000000
2621  5.016  -34.481  61.545 0.0000000000
2632  3.460  -36.435  65.443 0.0000000000
2633  4.283  -38.350  64.012 0.0000000000
2935  15.641  -44.404  56.313 0.0000000000
2936  16.141  -44.582  53.932 0.0000000000
2937  16.136  -42.320  55.274 0.0000000000
2975  15.168  -42.751  59.552 0.0000000000
2976  14.008  -45.708  60.043 0.0000000000
2977  14.892  -45.014  58.150 0.0000000000
2978  13.971  -46.798  56.546 0.0000000000
3535  10.203  -38.369  59.524 0.0000000000
3536  10.874  -37.564  57.555 0.0000000000
3537  8.100  -37.758  57.605 0.0000000000
3572  10.345  -39.454  70.671 0.0000000000
3573  12.588  -40.431  69.455 0.0000000000
3574  10.101  -39.452  68.428 0.0000000000
3575  7.570  -39.436  62.025 0.0000000000
3576  10.030  -39.223  63.881 0.0000000000
3577  10.167  -38.894  61.692 0.0000000000
3578  12.669  -39.090  61.236 0.0000000000
4483  16.693  -44.678  49.054 0.0000000000
4487  17.809  -42.263  45.750 0.0000000000
4488  12.769  -36.516  53.496 0.0000000000
4489  15.351  -37.952  52.961 0.0000000000
4490  14.118  -36.166  51.577 0.0000000000
4600  12.526  -45.595  66.591 0.0000000000
4602  10.949  -47.745  65.118 0.0000000000
4603  9.118  -49.094  60.255 0.0000000000
4604  7.742  -49.715  61.899 0.0000000000
4605  6.889  -50.383  60.001 0.0000000000
4607  7.439  -51.465  57.796 0.0000000000
4608  8.588  -52.453  56.014 0.0000000000
4609  7.184  -50.532  56.801 0.0000000000
5866  5.350  -38.710  60.386 0.0000000000
5867  5.443  -37.845  57.938 0.0000000000
5868  4.658  -36.587  59.492 0.0000000000
5888  5.742  -40.494  67.891 0.0000000000
5889  7.705  -40.082  66.944 0.0000000000
5890  5.622  -40.064  65.300 0.0000000000
5891  5.547  -39.449  62.830 0.0000000000
6436  16.519  -44.733  51.494 0.0000000000
6437  17.259  -42.624  50.572 0.0000000000
6505  13.994  -44.213  63.380 0.0000000000
6506  11.943  -47.131  63.445 0.0000000000
6507  12.965  -46.358  61.760 0.0000000000
6508  11.741  -47.788  60.110 0.0000000000
6509  10.481  -48.779  58.367 0.0000000000
6510  9.022  -49.379  56.807 0.0000000000
6511  11.645  -48.368  56.695 0.0000000000
7444  14.656  -39.973  58.594 0.0000000000
7445  15.219  -39.958  56.405 0.0000000000
7446  13.449  -38.277  57.097 0.0000000000
7447  11.793  -36.954  55.522 0.0000000000
7499  13.204  -42.980  68.022 0.0000000000
7500  13.535  -42.280  66.327 0.0000000000
7501  10.050  -39.414  66.129 0.0000000000
7502  12.485  -39.690  65.435 0.0000000000
7503  13.955  -41.825  64.529 0.0000000000
7504  14.206  -41.145  62.648 0.0000000000
7505  14.452  -40.477  60.607 0.0000000000
8706  15.951  -40.019  54.192 0.0000000000
8707  16.733  -40.185  51.925 0.0000000000
8708  17.588  -40.229  49.699 0.0000000000
8709  15.439  -35.841  49.570 0.0000000000
8710  17.320  -37.849  48.631 0.0000000000
8711  18.241  -40.181  47.245 0.0000000000
8712  18.465  -39.760  44.829 0.0000000000
8845  9.163  -49.117  63.555 0.0000000000
8854  7.506  -49.661  55.677 0.0000000000
8855  6.822  -50.715  54.186 0.0000000000
10313  3.743  -35.780  64.475 0.0000000000
10615  15.742  -43.329  56.949 0.0000000000
10616  16.003  -43.401  55.785 0.0000000000
10617  15.888  -42.254  56.378 0.0000000000
10655  15.439  -42.415  58.553 0.0000000000
10656  15.146  -43.939  58.854 0.0000000000
10657  15.463  -43.644  57.908 0.0000000000
10658  15.280  -44.678  57.203 0.0000000000
11215  8.884  -38.590  59.617 0.0000000000
11216  9.153  -38.071  58.578 0.0000000000
11217  7.791  -38.306  58.617 0.0000000000
11248  6.686  -40.442  70.181 0.0000000000
11250  7.732  -40.096  70.871 0.0000000000
11252  8.964  -39.739  70.097 0.0000000000
11253  10.219  -39.457  69.534 0.0000000000
11254  8.895  -39.752  68.888 0.0000000000
11255  7.544  -39.172  60.841 0.0000000000
11256  8.803  -39.160  61.796 0.0000000000
11257  8.895  -38.893  60.706 0.0000000000
11258  10.170  -38.660  60.600 0.0000000000
12163  17.203  -43.715  48.591 0.0000000000
12164  16.699  -44.554  47.893 0.0000000000
12165  17.273  -43.573  47.416 0.0000000000
12166  17.253  -43.304  46.246 0.0000000000
12167  17.785  -42.465  46.937 0.0000000000
12169  13.494  -36.352  52.526 0.0000000000
12280  12.859  -45.277  65.861 0.0000000000
12281  11.798  -46.762  65.860 0.0000000000
12282  12.178  -46.480  65.157 0.0000000000
12283  8.479  -49.341  59.391 0.0000000000
12284  7.781  -49.573  60.287 0.0000000000
12285  7.306  -49.912  59.350 0.0000000000
12286  6.997  -50.899  58.889 0.0000000000
12287  7.053  -50.416  58.284 0.0000000000
12288  7.267  -50.982  57.303 0.0000000000
12289  7.485  -50.025  57.682 0.0000000000
13615  4.694  -38.202  61.066 0.0000000000
13616  4.641  -37.778  59.828 0.0000000000
13617  4.545  -37.020  60.683 0.0000000000
13648  3.411  -38.435  67.057 0.0000000000
13650  3.942  -39.653  67.727 0.0000000000
13651  4.676  -40.347  68.519 0.0000000000
13652  4.789  -40.124  67.094 0.0000000000
13653  5.693  -40.308  66.600 0.0000000000
13654  4.763  -39.816  65.801 0.0000000000
13655  4.400  -37.917  62.931 0.0000000000
13656  4.797  -39.082  63.357 0.0000000000
13657  4.792  -38.622  62.212 0.0000000000
13658  5.436  -39.103  61.558 0.0000000000
14563  16.546  -43.528  53.525 0.0000000000
14564  16.387  -44.588  52.742 0.0000000000
14565  16.775  -43.661  52.292 0.0000000000
14566  16.990  -43.765  51.053 0.0000000000
14567  17.026  -42.633  51.768 0.0000000000
14680  14.335  -43.840  62.459 0.0000000000
14681  13.599  -45.351  62.615 0.0000000000
14682  14.075  -45.016  61.725 0.0000000000
14683  13.514  -46.537  59.210 0.0000000000
14684  12.943  -46.808  60.103 0.0000000000
14685  12.318  -47.523  59.225 0.0000000000
14686  11.119  -48.329  59.199 0.0000000000
14687  11.751  -48.107  58.368 0.0000000000
14688  11.080  -48.619  57.574 0.0000000000
14689  12.247  -47.868  57.498 0.0000000000
14690  14.453  -46.555  55.718 0.0000000000
14691  13.288  -47.480  55.724 0.0000000000
16360  13.733  -39.179  58.919 0.0000000000
16361  14.112  -39.105  57.845 0.0000000000
16362  13.059  -38.486  58.122 0.0000000000
16363  9.891  -37.173  56.599 0.0000000000
16364  11.364  -37.218  56.564 0.0000000000
16365  10.388  -36.805  55.596 0.0000000000
16475  12.607  -40.117  68.476 0.0000000000
16476  13.035  -41.631  68.739 0.0000000000
16477  13.167  -41.311  67.813 0.0000000000
16478  13.378  -42.580  67.233 0.0000000000
16479  13.309  -41.073  66.891 0.0000000000
16480  7.638  -39.972  65.676 0.0000000000
16481  8.804  -39.723  66.513 0.0000000000
16482  8.831  -39.627  65.310 0.0000000000
16483  11.368  -39.117  63.584 0.0000000000
16484  11.353  -39.230  64.679 0.0000000000
16485  12.577  -39.594  64.377 0.0000000000
16486  13.409  -40.639  64.981 0.0000000000
16487  13.538  -40.354  64.031 0.0000000000
16488  14.077  -41.464  63.584 0.0000000000
16489  13.565  -40.114  63.027 0.0000000000
16490  12.634  -38.870  60.168 0.0000000000
16491  13.709  -39.660  60.982 0.0000000000
16492  13.708  -39.398  59.916 0.0000000000
16493  14.575  -40.224  59.599 0.0000000000
19218  14.784  -38.873  55.743 0.0000000000
19219  15.549  -39.954  55.292 0.0000000000
19220  15.261  -38.900  54.680 0.0000000000
19221  15.855  -37.965  51.887 0.0000000000
19222  16.163  -39.010  52.472 0.0000000000
19223  16.632  -39.047  51.436 0.0000000000
19224  17.188  -40.206  50.814 0.0000000000
19225  17.117  -39.035  50.306 0.0000000000
19229  17.451  -36.552  46.868 0.0000000000
19230  16.948  -36.667  48.052 0.0000000000
19231  17.713  -37.727  47.447 0.0000000000
19232  17.925  -39.002  47.999 0.0000000000
19233  18.221  -38.859  46.780 0.0000000000
19234  18.417  -39.994  45.989 0.0000000000
19235  18.435  -38.734  45.533 0.0000000000
19563  11.261  -47.830  62.661 0.0000000000
19564  10.632  -48.251  63.511 0.0000000000
19565  9.824  -48.750  62.740 0.0000000000
19566  6.981  -50.671  61.721 0.0000000000
19567  7.363  -50.261  62.721 0.0000000000
19580  8.155  -52.033  55.516 0.0000000000
19581  8.924  -53.081  55.231 0.0000000000
19582  8.592  -52.594  54.767 0.0000000000
19584  8.037  -52.115  54.300 0.0000000000
19585  9.570  -49.225  55.972 0.0000000000
19586  8.254  -49.535  56.167 0.0000000000
19587  8.648  -49.314  55.327 0.0000000000
23146  4.352  -36.386  62.755 0.0000000000
23147  4.625  -36.026  61.654 0.0000000000
23148  4.536  -34.781  62.591 0.0000000000
23168  3.715  -38.066  65.844 0.0000000000
23169  4.209  -38.893  65.181 0.0000000000
23170  3.912  -37.450  64.760 0.0000000000
23171  4.094  -36.956  63.692 0.0000000000
23713  15.351  -45.429  55.533 0.0000000000
23714  15.587  -45.498  54.336 0.0000000000
23715  15.901  -44.465  55.130 0.0000000000
23716  16.271  -43.431  54.629 0.0000000000
23717  16.403  -42.367  54.182 0.0000000000
23785  14.925  -43.127  60.537 0.0000000000
23786  14.475  -44.622  60.800 0.0000000000
23787  14.779  -44.306  59.855 0.0000000000
23788  14.501  -45.332  59.092 0.0000000000
23789  14.056  -46.233  58.313 0.0000000000
23790  13.444  -47.000  57.477 0.0000000000
23791  14.540  -45.933  57.465 0.0000000000
23792  14.962  -45.682  56.470 0.0000000000
24793  11.442  -38.373  59.368 0.0000000000
24794  11.851  -38.075  58.359 0.0000000000
24795  10.551  -37.977  58.519 0.0000000000
24796  9.497  -37.575  57.617 0.0000000000
24862  11.578  -39.679  70.062 0.0000000000
24863  11.496  -39.526  69.001 0.0000000000
24864  11.421  -39.418  67.931 0.0000000000
24865  7.576  -39.632  63.209 0.0000000000
24866  8.758  -39.478  64.169 0.0000000000
24867  8.804  -39.331  62.948 0.0000000000
24868  10.089  -39.049  62.768 0.0000000000
24869  11.370  -38.966  62.534 0.0000000000
24870  12.592  -39.251  62.269 0.0000000000
24871  11.422  -38.832  61.498 0.0000000000
24872  11.467  -38.619  60.457 0.0000000000
26508  13.599  -37.200  54.306 0.0000000000
26509  14.821  -37.953  54.030 0.0000000000
26510  14.197  -37.104  53.326 0.0000000000
26511  14.762  -37.033  52.272 0.0000000000
26512  15.317  -36.953  51.270 0.0000000000
26710  12.246  -45.898  67.346 0.0000000000
26712  11.389  -47.104  66.664 0.0000000000
26713  10.463  -48.048  65.996 0.0000000000
26714  9.496  -48.832  65.259 0.0000000000
26715  9.770  -48.769  61.039 0.0000000000
26716  9.064  -49.087  61.940 0.0000000000
26717  8.388  -49.332  61.099 0.0000000000
26718  7.168  -49.954  61.017 0.0000000000
26719  6.812  -50.968  60.590 0.0000000000
26721  7.085  -51.435  59.500 0.0000000000
26722  7.658  -51.889  58.420 0.0000000000
26723  8.302  -52.351  57.468 0.0000000000
26724  8.916  -52.911  56.618 0.0000000000
26725  8.045  -51.968  56.920 0.0000000000
26726  7.667  -51.563  56.351 0.0000000000
26727  7.278  -51.098  55.955 0.0000000000
26729  8.982  -49.054  54.552 0.0000000000
29044  6.361  -38.935  59.899 0.0000000000
29045  6.476  -38.479  58.709 0.0000000000
29046  5.341  -38.299  59.097 0.0000000000
29047  4.754  -37.357  58.557 0.0000000000
29049  4.924  -35.643  60.502 0.0000000000
29095  5.638  -40.588  69.353 0.0000000000
29096  6.786  -40.452  68.691 0.0000000000
29097  7.773  -40.134  68.227 0.0000000000
29098  6.697  -40.355  67.395 0.0000000000
29099  6.612  -40.227  66.100 0.0000000000
29100  6.603  -40.034  64.817 0.0000000000
29101  4.832  -39.473  64.574 0.0000000000
29102  5.591  -39.804  64.062 0.0000000000
29103  6.539  -39.804  63.653 0.0000000000
29104  6.476  -39.535  62.347 0.0000000000
29105  6.415  -39.265  61.122 0.0000000000
30372  15.774  -45.551  53.169 0.0000000000
30375  16.672  -44.716  50.289 0.0000000000
30376  17.140  -43.754  49.844 0.0000000000
30377  17.488  -42.642  49.357 0.0000000000
30535  13.639  -44.544  64.243 0.0000000000
30536  12.631  -46.128  64.337 0.0000000000
30537  13.145  -45.754  63.477 0.0000000000
30538  12.436  -46.727  62.652 0.0000000000
30539  11.828  -47.464  61.838 0.0000000000
30540  13.516  -46.043  60.902 0.0000000000
30541  12.410  -47.115  60.994 0.0000000000
30542  11.123  -48.088  61.050 0.0000000000
30543  10.452  -48.522  60.143 0.0000000000
30544  9.807  -48.926  59.299 0.0000000000
30545  9.123  -49.177  58.487 0.0000000000
30546  8.504  -49.484  57.662 0.0000000000
30547  9.770  -49.111  57.574 0.0000000000
30548  10.354  -48.943  56.740 0.0000000000
30549  10.881  -48.773  55.887 0.0000000000
30550  12.777  -47.657  56.608 0.0000000000
30551  12.053  -48.193  55.788 0.0000000000
32818  15.282  -41.034  58.107 0.0000000000
32819  15.529  -41.056  56.973 0.0000000000
32820  14.935  -39.970  57.495 0.0000000000
32821  14.437  -38.964  56.781 0.0000000000
32822  13.877  -38.104  56.086 0.0000000000
32823  12.291  -37.807  57.360 0.0000000000
32824  12.666  -37.538  56.342 0.0000000000
32825  13.111  -37.358  55.301 0.0000000000
32826  12.221  -36.705  54.515 0.0000000000
32829  6.630  -37.932  57.624 0.0000000000
32965  13.013  -41.916  69.559 0.0000000000
32966  13.106  -43.206  68.816 0.0000000000
32967  12.838  -44.635  68.041 0.0000000000
32968  13.013  -44.373  67.280 0.0000000000
32969  13.239  -44.031  66.549 0.0000000000
32970  13.499  -43.655  65.737 0.0000000000
32971  8.843  -39.775  67.698 0.0000000000
32972  10.037  -39.448  67.251 0.0000000000
32973  11.398  -39.400  66.828 0.0000000000
32974  10.058  -39.341  64.958 0.0000000000
32975  11.301  -39.303  65.800 0.0000000000
32976  12.572  -39.906  66.412 0.0000000000
32977  13.346  -40.869  65.932 0.0000000000
32978  13.739  -42.069  65.421 0.0000000000
32979  13.830  -43.317  64.859 0.0000000000
32980  14.083  -43.025  63.971 0.0000000000
32981  14.334  -42.673  63.039 0.0000000000
32982  14.559  -42.256  62.118 0.0000000000
32983  13.712  -39.917  62.023 0.0000000000
32984  14.384  -40.832  61.620 0.0000000000
32985  14.769  -41.991  61.108 0.0000000000
32986  14.952  -41.555  60.142 0.0000000000
32987  15.134  -41.284  59.126 0.0000000000
36366  15.801  -41.094  55.857 0.0000000000
36367  16.083  -41.142  54.763 0.0000000000
36368  16.457  -41.278  53.614 0.0000000000
36369  15.718  -38.952  53.598 0.0000000000
36370  16.347  -40.134  53.044 0.0000000000
36371  16.801  -41.367  52.422 0.0000000000
36372  17.132  -41.392  51.298 0.0000000000
36373  17.474  -41.394  50.141 0.0000000000
36374  17.778  -41.434  48.954 0.0000000000
36376  14.746  -35.992  50.607 0.0000000000
36377  15.850  -36.835  50.233 0.0000000000
36378  16.023  -35.649  48.563 0.0000000000
36379  16.466  -36.801  49.148 0.0000000000
36380  16.841  -37.916  49.790 0.0000000000
36381  17.567  -39.080  49.141 0.0000000000
36382  17.948  -40.258  48.501 0.0000000000
36383  18.039  -41.426  47.741 0.0000000000
36384  18.182  -41.242  46.467 0.0000000000
36385  18.219  -41.056  45.239 0.0000000000
36781  11.448  -47.505  64.326 0.0000000000
36782  10.046  -48.552  64.369 0.0000000000
36783  8.652  -49.413  64.497 0.0000000000
36784  8.386  -49.430  62.768 0.0000000000
36785  7.972  -49.860  63.669 0.0000000000
36808  7.862  -49.752  56.961 0.0000000000
36809  7.286  -50.055  56.290 0.0000000000
36810  7.058  -50.563  55.544 0.0000000000
36811  7.668  -49.299  54.812 0.0000000000
36812  6.842  -50.057  55.014 0.0000000000
36813  7.157  -51.130  54.751 0.0000000000
41335  15.703  -42.744  57.252 0.0000000000
41336  15.846  -42.790  56.660 0.0000000000
41337  15.769  -42.196  56.952 0.0000000000
41375  15.531  -42.297  58.059 0.0000000000
41376  15.478  -43.069  58.244 0.0000000000
41377  15.616  -42.898  57.748 0.0000000000
41378  15.610  -43.457  57.415 0.0000000000
41935  8.222  -38.713  59.654 0.0000000000
41936  8.352  -38.455  59.104 0.0000000000
41937  7.694  -38.576  59.128 0.0000000000
41968  7.234  -40.326  69.853 0.0000000000
41969  7.194  -40.293  70.538 0.0000000000
41970  7.746  -40.141  70.156 0.0000000000
41971  8.295  -39.944  70.456 0.0000000000
41972  8.341  -39.944  69.783 0.0000000000
41973  8.901  -39.754  69.497 0.0000000000
41974  8.332  -39.925  69.166 0.0000000000
41975  7.593  -38.992  60.274 0.0000000000
41976  8.217  -39.036  60.762 0.0000000000
41977  8.260  -38.869  60.215 0.0000000000
41978  8.887  -38.743  60.165 0.0000000000
42883  17.440  -43.166  48.380 0.0000000000
42884  17.254  -43.645  48.001 0.0000000000
42885  17.495  -43.112  47.798 0.0000000000
42886  17.559  -43.007  47.212 0.0000000000
42887  17.757  -42.548  47.612 0.0000000000
43000  13.024  -45.084  65.484 0.0000000000
43001  12.538  -45.881  65.512 0.0000000000
43002  12.719  -45.724  65.126 0.0000000000
43003  8.145  -49.468  58.970 0.0000000000
43004  7.842  -49.570  59.426 0.0000000000
43005  7.597  -49.748  58.976 0.0000000000
43006  7.143  -50.141  58.862 0.0000000000
43007  7.405  -49.955  58.496 0.0000000000
43008  7.249  -50.177  57.990 0.0000000000
43009  7.682  -49.814  58.132 0.0000000000
44335  4.555  -37.847  61.422 0.0000000000
44336  4.552  -37.648  60.807 0.0000000000
44337  4.516  -37.233  61.252 0.0000000000
44368  3.713  -38.888  66.727 0.0000000000
44369  3.642  -39.059  67.409 0.0000000000
44370  4.028  -39.469  67.078 0.0000000000
44371  4.344  -39.936  67.407 0.0000000000
44372  4.438  -39.775  66.739 0.0000000000
44373  4.792  -39.999  66.448 0.0000000000
44374  4.422  -39.610  66.090 0.0000000000
44375  4.446  -37.642  62.405 0.0000000000
44376  4.574  -38.305  62.554 0.0000000000
44377  4.557  -38.066  61.989 0.0000000000
44378  4.728  -38.427  61.620 0.0000000000
45283  16.638  -42.987  53.264 0.0000000000
45284  16.644  -43.576  52.896 0.0000000000
45285  16.782  -43.088  52.648 0.0000000000
45286  16.921  -43.177  52.024 0.0000000000
45287  16.879  -42.590  52.385 0.0000000000
45400  14.479  -43.645  61.978 0.0000000000
45401  14.241  -44.484  62.113 0.0000000000
45402  14.421  -44.255  61.641 0.0000000000
45403  13.187  -46.923  58.803 0.0000000000
45404  12.896  -47.012  59.232 0.0000000000
45405  12.581  -47.362  58.802 0.0000000000
45406  12.025  -47.837  58.774 0.0000000000
45407  12.325  -47.667  58.403 0.0000000000
45408  12.026  -47.960  57.964 0.0000000000
45409  12.528  -47.554  57.915 0.0000000000
45410  14.643  -46.486  55.203 0.0000000000
47080  13.214  -38.887  59.046 0.0000000000
47081  13.410  -38.857  58.511 0.0000000000
47082  12.866  -38.591  58.624 0.0000000000
47083  9.388  -37.019  56.124 0.0000000000
47084  10.149  -36.988  56.102 0.0000000000
47195  12.599  -40.105  67.958 0.0000000000
47196  12.928  -40.680  68.136 0.0000000000
47197  13.027  -40.603  67.659 0.0000000000
47198  13.229  -41.188  67.355 0.0000000000
47199  12.996  -40.457  67.176 0.0000000000
47200  7.586  -39.920  65.065 0.0000000000
47201  8.219  -39.800  65.482 0.0000000000
47202  8.149  -39.725  64.895 0.0000000000
47203  12.004  -39.205  63.462 0.0000000000
47204  12.011  -39.264  63.998 0.0000000000
47205  12.585  -39.474  63.845 0.0000000000
47206  13.089  -39.926  64.210 0.0000000000
47207  13.090  -39.813  63.690 0.0000000000
47208  13.526  -40.228  63.527 0.0000000000
47209  13.137  -39.701  63.216 0.0000000000
47210  12.662  -38.761  59.655 0.0000000000
47211  13.190  -39.106  60.029 0.0000000000
47212  13.213  -38.993  59.550 0.0000000000
47213  13.737  -39.282  59.436 0.0000000000
49938  14.592  -38.436  55.409 0.0000000000
49939  15.021  -38.885  55.204 0.0000000000
49940  14.834  -38.430  54.865 0.0000000000
49941  16.103  -37.968  51.387 0.0000000000
49942  16.278  -38.495  51.676 0.0000000000
49943  16.521  -38.494  51.150 0.0000000000
49944  16.864  -39.070  50.877 0.0000000000
49945  16.760  -38.481  50.583 0.0000000000
49949  17.778  -37.096  46.555 0.0000000000
49950  17.590  -37.131  47.124 0.0000000000
49951  17.913  -37.713  46.831 0.0000000000
49952  18.019  -38.320  47.131 0.0000000000
49953  18.151  -38.255  46.500 0.0000000000
49954  18.333  -38.781  46.153 0.0000000000
49955  18.272  -38.188  45.895 0.0000000000
50283  10.854  -48.147  62.287 0.0000000000
50284  10.525  -48.349  62.702 0.0000000000
50285  10.138  -48.571  62.319 0.0000000000
50300  7.847  -51.802  55.350 0.0000000000
50301  8.360  -52.253  55.143 0.0000000000
50302  8.070  -52.056  54.905 0.0000000000
50303  8.344  -52.367  54.517 0.0000000000
50304  7.758  -51.863  54.697 0.0000000000
50305  9.832  -49.150  55.573 0.0000000000
50306  9.122  -49.294  55.633 0.0000000000
50307  9.318  -49.208  55.226 0.0000000000
53935  4.240  -35.770  63.185 0.0000000000
53936  4.426  -35.616  62.674 0.0000000000
53937  4.296  -35.038  63.075 0.0000000000
53970  3.281  -36.655  66.044 0.0000000000
53971  3.423  -37.467  66.209 0.0000000000
53972  3.562  -37.266  65.644 0.0000000000
53973  3.797  -37.755  65.311 0.0000000000
53974  3.689  -36.954  65.118 0.0000000000
53975  3.905  -35.489  64.012 0.0000000000
53976  3.935  -36.380  64.114 0.0000000000
53977  4.082  -36.093  63.624 0.0000000000
53978  4.233  -36.674  63.238 0.0000000000
54880  15.530  -44.910  55.949 0.0000000000
54881  15.648  -44.968  55.329 0.0000000000
54882  15.768  -44.456  55.708 0.0000000000
54883  16.092  -42.845  55.521 0.0000000000
54884  16.123  -43.402  55.217 0.0000000000
54885  16.223  -42.880  54.957 0.0000000000
54886  16.354  -42.968  54.398 0.0000000000
54887  16.286  -42.392  54.732 0.0000000000
55000  15.039  -42.939  60.024 0.0000000000
55001  14.885  -43.719  60.217 0.0000000000
55002  15.034  -43.564  59.713 0.0000000000
55003  15.041  -44.501  58.510 0.0000000000
55004  14.847  -44.657  59.002 0.0000000000
55005  14.711  -45.147  58.640 0.0000000000
55006  14.315  -45.798  58.704 0.0000000000
55007  14.534  -45.629  58.243 0.0000000000
55008  14.326  -46.069  57.890 0.0000000000
55009  14.726  -45.482  57.809 0.0000000000
55010  15.487  -44.551  56.757 0.0000000000
55011  15.149  -45.176  56.849 0.0000000000
55012  15.369  -45.045  56.404 0.0000000000
55013  15.158  -45.558  56.020 0.0000000000
56680  10.839  -38.321  59.449 0.0000000000
56681  10.999  -38.159  58.936 0.0000000000
56682  10.351  -38.173  59.011 0.0000000000
56683  8.640  -37.907  58.102 0.0000000000
56684  9.351  -37.809  58.097 0.0000000000
56685  8.807  -37.638  57.616 0.0000000000
56686  8.937  -37.439  57.110 0.0000000000
56687  8.226  -37.519  57.099 0.0000000000
56788  9.596  -39.581  71.019 0.0000000000
56793  11.591  -39.770  70.584 0.0000000000
56794  10.980  -39.503  70.384 0.0000000000
56795  10.159  -39.460  68.985 0.0000000000
56796  10.890  -39.423  69.253 0.0000000000
56797  10.772  -39.410  68.737 0.0000000000
56798  11.419  -39.471  68.480 0.0000000000
56799  10.755  -39.394  68.184 0.0000000000
56800  7.582  -39.545  62.593 0.0000000000
56801  8.187  -39.488  63.066 0.0000000000
56802  8.178  -39.408  62.450 0.0000000000
56803  9.482  -39.014  61.735 0.0000000000
56804  9.450  -39.095  62.297 0.0000000000
56805  10.127  -38.971  62.236 0.0000000000
56806  10.739  -38.979  62.669 0.0000000000
56807  10.741  -38.912  62.151 0.0000000000
56808  11.364  -38.912  62.026 0.0000000000
56809  10.825  -38.816  61.627 0.0000000000
56810  10.187  -38.518  60.069 0.0000000000
56811  10.812  -38.614  60.534 0.0000000000
56812  10.813  -38.484  59.997 0.0000000000
56813  11.446  -38.507  59.896 0.0000000000
59533  17.531  -42.803  45.995 0.0000000000
59537  17.782  -42.088  45.148 0.0000000000
59538  13.201  -36.840  53.901 0.0000000000
59539  13.935  -37.149  53.818 0.0000000000
59540  13.492  -36.767  53.418 0.0000000000
59541  13.769  -36.251  52.037 0.0000000000
59542  14.140  -36.656  52.420 0.0000000000
59543  14.425  -36.592  51.917 0.0000000000
59544  15.025  -36.978  51.783 0.0000000000
59545  14.738  -36.532  51.433 0.0000000000
59875  12.387  -45.726  66.940 0.0000000000
59876  11.832  -46.553  66.981 0.0000000000
59877  12.030  -46.361  66.596 0.0000000000
59878  11.368  -47.287  65.489 0.0000000000
59879  11.162  -47.426  65.893 0.0000000000
59880  10.700  -47.915  65.548 0.0000000000
59881  9.964  -48.469  65.624 0.0000000000
59882  10.217  -48.350  65.171 0.0000000000
59883  9.400  -48.947  60.634 0.0000000000
59884  9.043  -49.094  61.070 0.0000000000
59885  8.717  -49.241  60.664 0.0000000000
59886  7.237  -49.900  60.176 0.0000000000
59887  7.446  -49.715  60.648 0.0000000000
59888  7.005  -50.123  60.528 0.0000000000
59889  6.850  -50.425  60.878 0.0000000000
59890  6.789  -50.656  60.302 0.0000000000
59891  6.902  -51.195  60.048 0.0000000000
59892  6.868  -50.892  59.758 0.0000000000
59893  7.200  -51.187  58.384 0.0000000000
59894  7.266  -51.417  58.599 0.0000000000
59895  7.532  -51.681  58.125 0.0000000000
59896  7.975  -52.113  57.952 0.0000000000
59897  7.840  -51.930  57.652 0.0000000000
59898  8.169  -52.176  57.211 0.0000000000
59899  7.743  -51.712  57.370 0.0000000000
59900  7.180  -50.755  57.044 0.0000000000
59901  7.435  -51.290  56.803 0.0000000000
59902  7.221  -51.018  56.606 0.0000000000
59903  7.430  -51.358  56.168 0.0000000000
59904  7.192  -50.797  56.396 0.0000000000
63880  5.822  -38.872  60.117 0.0000000000
63881  5.838  -38.667  59.518 0.0000000000
63882  5.284  -38.582  59.712 0.0000000000
63883  4.570  -37.209  59.639 0.0000000000
63884  4.701  -37.551  59.219 0.0000000000
63885  4.633  -37.018  59.018 0.0000000000
63887  4.720  -36.357  58.898 0.0000000000
63888  4.833  -35.329  61.563 0.0000000000
63889  4.773  -35.857  61.087 0.0000000000
63890  5.005  -35.075  61.031 0.0000000000
63988  5.192  -40.464  68.203 0.0000000000
63989  5.142  -40.523  68.974 0.0000000000
63990  5.682  -40.554  68.636 0.0000000000
63991  6.201  -40.566  69.033 0.0000000000
63992  6.223  -40.528  68.283 0.0000000000
63993  6.690  -40.447  68.025 0.0000000000
63994  6.222  -40.447  67.643 0.0000000000
63995  5.642  -40.190  65.917 0.0000000000
63996  6.131  -40.288  66.333 0.0000000000
63997  6.103  -40.199  65.702 0.0000000000
63998  6.621  -40.122  65.464 0.0000000000
63999  6.098  -40.078  65.043 0.0000000000
64000  4.246  -38.625  64.603 0.0000000000
64001  4.482  -39.238  64.881 0.0000000000
64002  4.506  -39.000  64.277 0.0000000000
64003  5.158  -39.300  63.087 0.0000000000
64004  5.149  -39.500  63.675 0.0000000000
64005  5.557  -39.648  63.426 0.0000000000
64006  6.067  -39.826  63.863 0.0000000000
64007  6.000  -39.725  63.209 0.0000000000
64008  6.514  -39.692  62.986 0.0000000000
64009  5.975  -39.536  62.586 0.0000000000
64010  5.411  -38.934  60.949 0.0000000000
64011  5.928  -39.213  61.336 0.0000000000
64012  5.822  -39.095  60.676 0.0000000000
64013  6.329  -39.133  60.501 0.0000000000
66723  15.898  -45.007  54.152 0.0000000000
66724  15.676  -45.525  53.751 0.0000000000
66725  15.994  -45.074  53.569 0.0000000000
66726  16.467  -44.689  52.133 0.0000000000
66727  16.213  -45.115  52.363 0.0000000000
66728  16.244  -45.173  51.754 0.0000000000
66730  16.304  -45.215  51.108 0.0000000000
66731  16.367  -45.187  50.488 0.0000000000
66732  16.613  -44.740  50.887 0.0000000000
66733  17.148  -43.193  50.809 0.0000000000
66734  17.063  -43.742  50.437 0.0000000000
66735  17.226  -43.171  50.203 0.0000000000
66736  17.344  -43.169  49.625 0.0000000000
66737  17.369  -42.600  50.008 0.0000000000
67075  13.822  -44.371  63.808 0.0000000000
67076  13.441  -45.169  63.862 0.0000000000
67077  13.625  -44.991  63.446 0.0000000000
67078  13.309  -45.919  62.180 0.0000000000
67079  13.031  -46.072  62.619 0.0000000000
67080  12.711  -46.509  62.190 0.0000000000
67081  12.123  -47.144  62.263 0.0000000000
67082  12.399  -46.918  61.787 0.0000000000
67083  14.254  -45.205  60.424 0.0000000000
67084  14.043  -45.374  60.869 0.0000000000
67085  13.784  -45.866  60.485 0.0000000000
67086  12.352  -47.355  60.092 0.0000000000
67087  12.640  -46.983  60.525 0.0000000000
67088  12.102  -47.471  60.589 0.0000000000
67089  11.762  -47.659  61.048 0.0000000000
67090  11.438  -47.945  60.606 0.0000000000
67091  10.784  -48.309  60.612 0.0000000000
67092  11.116  -48.194  60.135 0.0000000000
67093  10.806  -48.563  58.772 0.0000000000
67094  10.477  -48.666  59.238 0.0000000000
67095  10.160  -48.859  58.822 0.0000000000
67096  9.498  -49.057  58.885 0.0000000000
67097  9.842  -49.009  58.407 0.0000000000
67098  9.454  -49.142  58.034 0.0000000000
67099  10.139  -48.960  57.977 0.0000000000
67100  11.379  -48.484  57.123 0.0000000000
67101  10.731  -48.788  57.146 0.0000000000
67102  11.017  -48.662  56.724 0.0000000000
67103  10.623  -48.855  56.306 0.0000000000
67104  11.276  -48.595  56.290 0.0000000000
67105  13.728  -46.893  57.012 0.0000000000
67106  13.110  -47.344  57.031 0.0000000000
67107  13.391  -47.256  56.580 0.0000000000
67109  12.666  -47.844  55.764 0.0000000000
67110  12.268  -48.096  55.376 0.0000000000
67111  11.673  -48.382  55.410 0.0000000000
72115  15.002  -40.500  58.366 0.0000000000
72116  15.142  -40.477  57.807 0.0000000000
72117  14.787  -39.949  58.044 0.0000000000
72118  13.769  -38.663  57.457 0.0000000000
72119  14.252  -39.011  57.315 0.0000000000
72120  13.957  -38.589  56.943 0.0000000000
72121  14.186  -38.520  56.441 0.0000000000
72122  13.667  -38.164  56.599 0.0000000000
72123  11.406  -37.826  57.965 0.0000000000
72124  12.073  -37.917  57.866 0.0000000000
72125  11.615  -37.655  57.473 0.0000000000
72126  11.581  -37.097  56.020 0.0000000000
72127  12.025  -37.356  56.457 0.0000000000
72128  12.231  -37.231  55.923 0.0000000000
72129  12.873  -37.443  55.822 0.0000000000
72130  12.458  -37.133  55.411 0.0000000000
72131  12.674  -37.022  54.906 0.0000000000
72132  12.010  -36.840  55.012 0.0000000000
72138  5.955  -38.203  58.308 0.0000000000
72139  6.560  -38.229  58.191 0.0000000000
72140  6.008  -37.990  57.728 0.0000000000
72460  12.523  -40.559  69.940 0.0000000000
72461  12.779  -41.294  70.014 0.0000000000
72462  12.839  -41.090  69.566 0.0000000000
72463  13.186  -42.297  68.371 0.0000000000
72464  13.138  -42.389  68.797 0.0000000000
72465  13.151  -43.087  68.434 0.0000000000
72466  13.045  -43.890  68.433 0.0000000000
72467  13.078  -43.786  68.075 0.0000000000
72468  12.925  -44.484  67.623 0.0000000000
72469  13.156  -43.668  67.651 0.0000000000
72470  13.429  -42.455  66.773 0.0000000000
72471  13.345  -43.302  66.897 0.0000000000
72472  13.392  -43.146  66.458 0.0000000000
72473  13.332  -43.840  66.143 0.0000000000
72474  13.555  -42.991  66.017 0.0000000000
72475  7.744  -40.115  67.557 0.0000000000
72476  8.307  -39.947  67.957 0.0000000000
72477  8.264  -39.954  67.319 0.0000000000
72478  9.424  -39.557  66.329 0.0000000000
72479  9.419  -39.589  66.886 0.0000000000
72480  10.045  -39.437  66.661 0.0000000000
72481  10.749  -39.381  67.048 0.0000000000
72482  10.708  -39.315  66.530 0.0000000000
72483  9.388  -39.344  64.027 0.0000000000
72484  9.425  -39.403  64.625 0.0000000000
72485  10.098  -39.244  64.443 0.0000000000
72486  11.948  -39.408  65.066 0.0000000000
72487  11.294  -39.242  65.260 0.0000000000
72488  11.908  -39.438  65.633 0.0000000000
72489  11.955  -39.502  66.128 0.0000000000
72490  12.517  -39.739  65.936 0.0000000000
72491  13.001  -40.346  66.181 0.0000000000
72492  12.989  -40.216  65.706 0.0000000000
72493  13.736  -41.233  64.740 0.0000000000
72494  13.663  -41.333  65.198 0.0000000000
72495  13.824  -41.941  64.922 0.0000000000
72496  13.824  -42.686  65.153 0.0000000000
72497  13.917  -42.533  64.674 0.0000000000
72498  13.957  -43.143  64.429 0.0000000000
72499  14.033  -42.451  64.254 0.0000000000
72500  14.110  -41.265  63.114 0.0000000000
72501  14.238  -42.055  63.337 0.0000000000
72502  14.307  -41.843  62.878 0.0000000000
72503  14.443  -42.419  62.630 0.0000000000
72504  14.417  -41.698  62.397 0.0000000000
72505  12.616  -39.163  61.775 0.0000000000
72506  13.148  -39.520  62.147 0.0000000000
72507  13.187  -39.456  61.652 0.0000000000
72508  14.125  -40.011  60.793 0.0000000000
72509  14.109  -40.186  61.342 0.0000000000
72510  14.416  -40.638  61.119 0.0000000000
72511  14.610  -41.384  61.375 0.0000000000
72512  14.669  -41.163  60.881 0.0000000000
72513  14.878  -41.786  60.636 0.0000000000
72514  14.726  -40.996  60.395 0.0000000000
72515  14.632  -40.123  59.091 0.0000000000
72516  14.919  -40.712  59.373 0.0000000000
72517  14.955  -40.624  58.857 0.0000000000
72518  15.235  -41.174  58.615 0.0000000000
80688  15.417  -40.529  56.687 0.0000000000
80689  15.666  -41.097  56.419 0.0000000000
80690  15.535  -40.518  56.138 0.0000000000
80691  15.744  -39.987  54.776 0.0000000000
80692  15.845  -40.545  55.031 0.0000000000
80693  16.039  -40.615  54.488 0.0000000000
80694  16.280  -41.248  54.195 0.0000000000
80695  16.218  -40.629  53.906 0.0000000000
80696  15.085  -37.936  53.500 0.0000000000
80697  15.306  -38.427  53.827 0.0000000000
80698  15.557  -38.431  53.306 0.0000000000
80699  16.489  -39.596  52.200 0.0000000000
80700  16.254  -39.554  52.729 0.0000000000
80701  16.526  -40.156  52.472 0.0000000000
80702  16.599  -40.758  52.733 0.0000000000
80703  16.766  -40.782  52.173 0.0000000000
80704  16.962  -41.399  51.862 0.0000000000
80705  16.950  -40.785  51.626 0.0000000000
80706  17.384  -40.218  50.280 0.0000000000
80707  17.363  -40.797  50.484 0.0000000000
80708  17.564  -40.819  49.915 0.0000000000
80709  17.634  -41.448  49.541 0.0000000000
80710  17.712  -40.831  49.348 0.0000000000
80716  15.092  -35.940  50.083 0.0000000000
80717  15.315  -36.385  50.413 0.0000000000
80718  15.669  -36.389  49.874 0.0000000000
80722  17.148  -37.244  48.343 0.0000000000
80723  16.712  -36.731  48.618 0.0000000000
80724  16.913  -37.316  48.911 0.0000000000
80725  16.667  -37.371  49.470 0.0000000000
80726  17.100  -37.924  49.203 0.0000000000
80727  17.259  -38.518  49.471 0.0000000000
80728  17.469  -38.472  48.893 0.0000000000
80729  18.129  -39.617  47.643 0.0000000000
80730  17.949  -39.680  48.240 0.0000000000
80731  18.078  -40.266  47.849 0.0000000000
80732  18.030  -40.854  48.133 0.0000000000
80733  18.148  -40.796  47.458 0.0000000000
80734  18.144  -41.315  47.108 0.0000000000
80735  18.258  -40.713  46.834 0.0000000000
80736  18.454  -39.868  45.427 0.0000000000
80737  18.379  -40.555  45.615 0.0000000000
80738  18.360  -40.402  45.053 0.0000000000
80739  18.193  -40.898  44.688 0.0000000000
80740  18.350  -40.315  44.463 0.0000000000
81723  12.290  -46.650  63.909 0.0000000000
81724  12.026  -46.853  64.325 0.0000000000
81725  11.681  -47.334  63.901 0.0000000000
81726  9.897  -48.717  63.539 0.0000000000
81727  10.335  -48.429  63.926 0.0000000000
81728  9.600  -48.871  63.957 0.0000000000
81729  9.315  -48.995  64.414 0.0000000000
81730  8.898  -49.287  64.003 0.0000000000
81731  8.350  -49.372  61.939 0.0000000000
81732  8.746  -49.229  62.346 0.0000000000
81733  8.066  -49.572  62.337 0.0000000000
81735  7.634  -50.061  63.206 0.0000000000
81775  8.742  -52.669  56.341 0.0000000000
81777  8.952  -53.000  55.912 0.0000000000
81790  8.754  -49.411  57.239 0.0000000000
81791  8.166  -49.625  57.337 0.0000000000
81792  8.395  -49.570  56.837 0.0000000000
81793  7.884  -49.575  55.937 0.0000000000
81794  7.727  -49.724  56.285 0.0000000000
81795  7.390  -49.838  56.012 0.0000000000
81796  7.134  -50.300  55.912 0.0000000000
81797  7.117  -50.030  55.654 0.0000000000
81799  8.287  -49.137  54.686 0.0000000000
81800  7.748  -49.123  54.432 0.0000000000
81801  6.716  -50.049  54.276 0.0000000000
81802  6.874  -49.762  54.665 0.0000000000
81803  6.759  -50.371  54.612 0.0000000000
81804  6.855  -50.588  54.931 0.0000000000
81805  6.959  -50.938  54.492 0.0000000000
81806  7.374  -51.430  54.352 0.0000000000
92266  3.912  -34.577  63.954 0.0000000000
92267  4.130  -34.390  63.488 0.0000000000
92288  3.383  -35.532  65.291 0.0000000000
92289  3.594  -36.101  64.940 0.0000000000
92290  3.543  -35.171  64.827 0.0000000000
92291  3.716  -34.897  64.376 0.0000000000
92833  15.710  -43.887  56.643 0.0000000000
92834  15.836  -43.924  56.046 0.0000000000
92835  15.863  -43.362  56.358 0.0000000000
92836  15.967  -42.827  56.082 0.0000000000
92837  16.013  -42.278  55.820 0.0000000000
92905  15.296  -42.551  59.072 0.0000000000
92906  15.182  -43.357  59.216 0.0000000000
92907  15.331  -43.154  58.756 0.0000000000
92908  15.308  -43.746  58.414 0.0000000000
92909  15.224  -44.324  58.052 0.0000000000
92910  15.115  -44.857  57.694 0.0000000000
92911  15.398  -44.156  57.570 0.0000000000
92912  15.566  -44.013  57.090 0.0000000000
93913  9.545  -38.469  59.576 0.0000000000
93914  9.682  -38.230  59.049 0.0000000000
93915  9.015  -38.330  59.081 0.0000000000
93916  8.480  -38.173  58.566 0.0000000000
93917  7.918  -38.021  58.119 0.0000000000
93972  6.144  -40.505  70.526 0.0000000000
93979  8.928  -39.740  70.742 0.0000000000
93980  9.641  -39.574  70.375 0.0000000000
93981  10.267  -39.465  70.097 0.0000000000
93982  9.563  -39.567  69.812 0.0000000000
93983  9.573  -39.559  69.244 0.0000000000
93984  9.489  -39.594  68.651 0.0000000000
93985  7.557  -39.324  61.425 0.0000000000
93986  8.171  -39.319  61.874 0.0000000000
93987  8.198  -39.201  61.327 0.0000000000
93988  8.877  -39.034  61.222 0.0000000000
93989  9.516  -38.900  61.196 0.0000000000
93990  10.183  -38.782  61.148 0.0000000000
93991  9.566  -38.751  60.653 0.0000000000
93992  9.521  -38.622  60.115 0.0000000000
95619  16.954  -44.217  48.823 0.0000000000
95620  16.708  -44.636  48.472 0.0000000000
95621  16.994  -44.152  48.235 0.0000000000
95622  16.995  -44.084  47.643 0.0000000000
95623  16.999  -43.963  47.062 0.0000000000
95625  17.295  -43.419  46.852 0.0000000000
95626  17.542  -42.903  46.585 0.0000000000
95627  17.790  -42.357  46.334 0.0000000000
95628  12.401  -36.257  53.135 0.0000000000
95629  13.134  -36.476  53.039 0.0000000000
95830  12.692  -45.443  66.239 0.0000000000
95831  12.192  -46.177  66.234 0.0000000000
95832  12.378  -46.046  65.873 0.0000000000
95833  12.003  -46.649  65.511 0.0000000000
95834  11.592  -47.169  65.092 0.0000000000
95835  8.805  -49.220  59.832 0.0000000000
95836  8.427  -49.357  60.267 0.0000000000
95837  8.144  -49.457  59.860 0.0000000000
95838  7.524  -49.713  59.821 0.0000000000
95839  7.058  -50.127  59.666 0.0000000000
95840  6.872  -50.624  59.393 0.0000000000
95841  6.925  -50.426  59.131 0.0000000000
95842  7.008  -50.682  58.615 0.0000000000
95843  7.157  -50.928  58.078 0.0000000000
95844  7.361  -51.188  57.570 0.0000000000
95845  7.128  -50.692  57.790 0.0000000000
95846  7.197  -50.480  57.506 0.0000000000
95847  7.264  -50.297  57.205 0.0000000000
98233  4.945  -38.467  60.695 0.0000000000
98234  4.951  -38.296  60.044 0.0000000000
98235  4.708  -37.987  60.404 0.0000000000
98236  4.554  -37.395  60.243 0.0000000000
98237  4.581  -36.803  60.090 0.0000000000
98294  3.310  -38.586  67.745 0.0000000000
98295  3.586  -39.243  68.073 0.0000000000
98296  3.892  -39.789  68.413 0.0000000000
98297  4.221  -40.142  68.881 0.0000000000
98298  4.307  -40.077  68.098 0.0000000000
98299  4.754  -40.261  67.794 0.0000000000
98300  5.239  -40.352  67.487 0.0000000000
98301  5.679  -40.397  67.209 0.0000000000
98302  5.231  -40.242  66.845 0.0000000000
98303  5.212  -40.118  66.162 0.0000000000
98304  5.165  -39.995  65.556 0.0000000000
98305  4.327  -38.149  63.422 0.0000000000
98306  4.516  -38.739  63.668 0.0000000000
98307  4.546  -38.537  63.098 0.0000000000
98308  4.802  -38.853  62.793 0.0000000000
98309  5.111  -39.109  62.495 0.0000000000
98310  5.498  -39.270  62.189 0.0000000000
98311  5.072  -38.884  61.878 0.0000000000
98312  5.043  -38.710  61.263 0.0000000000
99939  16.373  -44.090  53.716 0.0000000000
99940  16.268  -44.624  53.380 0.0000000000
99941  16.502  -44.055  53.117 0.0000000000
99942  16.595  -44.144  52.501 0.0000000000
99943  16.674  -44.216  51.885 0.0000000000
99944  16.771  -44.257  51.263 0.0000000000
99945  16.874  -43.735  51.648 0.0000000000
99946  17.044  -43.209  51.408 0.0000000000
99947  17.164  -42.629  51.177 0.0000000000
100150  14.174  -44.025  62.921 0.0000000000
100151  13.826  -44.792  63.016 0.0000000000
100152  14.032  -44.625  62.565 0.0000000000
100153  13.831  -45.205  62.170 0.0000000000
100154  13.579  -45.719  61.762 0.0000000000
100155  13.766  -46.145  59.640 0.0000000000
100156  13.523  -46.289  60.105 0.0000000000
100157  13.247  -46.633  59.685 0.0000000000
100158  12.635  -47.170  59.678 0.0000000000
100159  12.056  -47.659  59.705 0.0000000000
100160  11.421  -48.071  59.648 0.0000000000
100161  11.732  -47.947  59.237 0.0000000000
100162  11.423  -48.208  58.780 0.0000000000
100163  11.123  -48.452  58.348 0.0000000000
100164  10.788  -48.703  57.977 0.0000000000
100165  11.443  -48.362  57.979 0.0000000000
100166  11.707  -48.243  57.537 0.0000000000
100167  11.971  -48.126  57.093 0.0000000000
100168  14.213  -46.672  56.138 0.0000000000
100169  13.642  -47.169  56.140 0.0000000000
100170  13.884  -47.060  55.715 0.0000000000
103174  14.221  -39.532  58.767 0.0000000000
103175  14.390  -39.517  58.222 0.0000000000
103176  13.949  -39.164  58.365 0.0000000000
103177  13.611  -38.771  57.985 0.0000000000
103178  13.288  -38.375  57.602 0.0000000000
103179  10.396  -37.350  57.105 0.0000000000
103180  11.116  -37.395  57.047 0.0000000000
103181  10.623  -37.155  56.586 0.0000000000
103182  10.884  -37.016  56.080 0.0000000000
103183  11.123  -36.847  55.561 0.0000000000
103184  11.328  -36.705  55.082 0.0000000000
103185  10.622  -36.623  55.133 0.0000000000
103381  12.584  -40.311  68.919 0.0000000000
103382  12.837  -41.010  69.110 0.0000000000
103383  12.880  -40.845  68.611 0.0000000000
103384  13.090  -41.455  68.276 0.0000000000
103385  13.240  -42.121  67.944 0.0000000000
103386  13.283  -42.812  67.626 0.0000000000
103387  13.311  -41.938  67.510 0.0000000000
103388  13.371  -41.812  67.067 0.0000000000
103389  13.458  -41.666  66.610 0.0000000000
103390  7.642  -40.047  66.335 0.0000000000
103391  8.224  -39.919  66.731 0.0000000000
103392  8.198  -39.874  66.145 0.0000000000
103393  8.794  -39.695  65.964 0.0000000000
103394  9.417  -39.508  65.781 0.0000000000
103395  10.707  -39.107  63.707 0.0000000000
103396  10.706  -39.181  64.294 0.0000000000
103397  11.352  -39.182  64.140 0.0000000000
103398  11.984  -39.338  64.530 0.0000000000
103399  12.551  -39.674  64.895 0.0000000000
103400  12.988  -40.072  65.231 0.0000000000
103401  13.098  -40.040  64.716 0.0000000000
103402  13.507  -40.513  64.477 0.0000000000
103403  13.797  -41.064  64.272 0.0000000000
103404  14.012  -41.653  64.054 0.0000000000
103405  13.847  -40.889  63.809 0.0000000000
103406  13.858  -40.703  63.347 0.0000000000
103407  13.919  -40.589  62.806 0.0000000000
103408  12.681  -39.009  60.689 0.0000000000
103409  13.221  -39.355  61.133 0.0000000000
103410  13.203  -39.230  60.581 0.0000000000
103411  13.714  -39.549  60.451 0.0000000000
103412  14.166  -39.934  60.295 0.0000000000
103413  14.544  -40.373  60.110 0.0000000000
103414  14.170  -39.783  59.776 0.0000000000
103415  14.253  -39.669  59.298 0.0000000000
108318  15.004  -39.398  56.081 0.0000000000
108319  15.368  -39.932  55.857 0.0000000000
108320  15.195  -39.375  55.530 0.0000000000
108321  15.410  -39.411  54.992 0.0000000000
108322  15.649  -39.443  54.484 0.0000000000
108323  15.585  -37.951  52.422 0.0000000000
108324  15.787  -38.459  52.731 0.0000000000
108325  16.042  -38.476  52.176 0.0000000000
108326  16.411  -39.049  51.951 0.0000000000
108327  16.715  -39.624  51.667 0.0000000000
108328  16.962  -40.185  51.375 0.0000000000
108329  16.929  -39.621  51.129 0.0000000000
108330  17.147  -39.632  50.603 0.0000000000
108331  17.412  -39.618  50.017 0.0000000000
108337  17.030  -35.999  47.216 0.0000000000
108338  16.787  -36.033  47.747 0.0000000000
108339  17.214  -36.577  47.427 0.0000000000
108340  17.348  -37.184  47.758 0.0000000000
108341  17.527  -37.812  48.031 0.0000000000
108342  17.647  -38.386  48.318 0.0000000000
108343  17.839  -38.364  47.737 0.0000000000
108344  18.084  -38.909  47.422 0.0000000000
108345  18.259  -39.518  47.015 0.0000000000
108346  18.333  -40.094  46.600 0.0000000000
108347  18.356  -39.424  46.387 0.0000000000
108348  18.456  -39.325  45.780 0.0000000000
108349  18.494  -39.233  45.189 0.0000000000
108939  11.635  -47.482  63.050 0.0000000000
108940  11.309  -47.731  63.481 0.0000000000
108941  10.930  -48.061  63.085 0.0000000000
108942  10.198  -48.554  63.138 0.0000000000
108943  9.491  -48.928  63.155 0.0000000000
108944  7.254  -50.157  61.866 0.0000000000
108945  7.515  -49.983  62.324 0.0000000000
108946  7.157  -50.486  62.235 0.0000000000
108970  8.410  -52.252  55.719 0.0000000000
108971  8.773  -52.729  55.612 0.0000000000
108972  8.596  -52.484  55.366 0.0000000000
108973  8.775  -52.816  55.015 0.0000000000
108979  9.290  -49.298  56.393 0.0000000000
108980  8.609  -49.483  56.470 0.0000000000
108981  8.885  -49.387  56.054 0.0000000000
108982  8.495  -49.431  55.752 0.0000000000
108983  8.058  -49.442  55.473 0.0000000000
115444  4.413  -36.975  62.285 0.0000000000
115445  4.520  -36.731  61.746 0.0000000000
115446  4.505  -36.202  62.222 0.0000000000
115447  4.603  -35.404  62.137 0.0000000000
115448  4.771  -34.657  62.052 0.0000000000
115449  4.413  -34.202  63.004 0.0000000000
115450  4.654  -34.014  62.500 0.0000000000
115494  3.259  -37.688  66.821 0.0000000000
115495  3.570  -38.228  66.448 0.0000000000
115496  3.881  -38.742  66.068 0.0000000000
115497  4.138  -39.141  65.755 0.0000000000
115498  3.956  -38.501  65.512 0.0000000000
115499  4.011  -38.208  64.948 0.0000000000
115500  4.105  -37.924  64.381 0.0000000000
115501  3.816  -36.662  64.611 0.0000000000
115502  3.990  -37.198  64.240 0.0000000000
115503  4.154  -37.703  63.838 0.0000000000
115504  4.245  -37.461  63.304 0.0000000000
115505  4.349  -37.192  62.821 0.0000000000
116767  15.109  -45.915  55.128 0.0000000000
116768  15.219  -45.967  54.526 0.0000000000
116769  15.463  -45.475  54.931 0.0000000000
116770  15.794  -44.963  54.759 0.0000000000
116771  16.046  -44.482  54.548 0.0000000000
116772  15.969  -43.942  55.477 0.0000000000
116773  16.110  -43.948  54.900 0.0000000000
116774  16.234  -44.037  54.283 0.0000000000
116775  16.389  -43.541  54.051 0.0000000000
116776  16.487  -42.939  53.858 0.0000000000
116777  16.573  -42.387  53.579 0.0000000000
116935  14.804  -43.297  61.041 0.0000000000
116936  14.586  -44.064  61.167 0.0000000000
116937  14.746  -43.883  60.688 0.0000000000
116938  14.622  -44.468  60.332 0.0000000000
116939  14.453  -45.018  59.970 0.0000000000
116940  14.953  -44.134  59.351 0.0000000000
116941  14.647  -44.845  59.477 0.0000000000
116942  14.242  -45.540  59.547 0.0000000000
116943  14.032  -45.995  59.153 0.0000000000
116944  13.780  -46.405  58.761 0.0000000000
116945  13.462  -46.784  58.359 0.0000000000
116946  13.135  -47.120  57.913 0.0000000000
116947  13.768  -46.628  57.919 0.0000000000
116948  14.041  -46.497  57.459 0.0000000000
116949  14.274  -46.386  56.982 0.0000000000
116950  14.941  -45.351  57.345 0.0000000000
116951  14.734  -45.817  56.977 0.0000000000
116952  14.507  -46.254  56.543 0.0000000000
116953  14.728  -46.162  56.099 0.0000000000
116954  14.914  -46.043  55.617 0.0000000000
119287  12.046  -38.484  59.266 0.0000000000
119288  12.277  -38.362  58.721 0.0000000000
119289  11.626  -38.197  58.827 0.0000000000
119290  11.222  -37.988  58.438 0.0000000000
119291  10.717  -37.768  58.041 0.0000000000
119292  9.853  -38.004  58.562 0.0000000000
119293  10.030  -37.749  58.089 0.0000000000
119294  10.185  -37.549  57.599 0.0000000000
119295  9.624  -37.350  57.096 0.0000000000
119296  9.171  -37.233  56.615 0.0000000000
119447  12.114  -40.084  70.270 0.0000000000
119448  12.160  -39.971  69.738 0.0000000000
119449  10.926  -39.437  69.822 0.0000000000
119450  11.556  -39.609  69.520 0.0000000000
119451  12.088  -39.896  69.233 0.0000000000
119452  12.099  -39.766  68.738 0.0000000000
119453  12.051  -39.728  68.232 0.0000000000
119454  12.030  -39.622  67.694 0.0000000000
119455  7.577  -39.726  63.821 0.0000000000
119456  8.104  -39.663  64.293 0.0000000000
119457  8.167  -39.581  63.677 0.0000000000
119458  8.797  -39.428  63.535 0.0000000000
119459  9.404  -39.271  63.426 0.0000000000
119460  8.808  -39.249  62.363 0.0000000000
119461  9.432  -39.169  62.846 0.0000000000
119462  10.056  -39.138  63.296 0.0000000000
119463  10.707  -39.047  63.171 0.0000000000
119464  11.387  -39.035  63.059 0.0000000000
119465  12.036  -39.145  62.937 0.0000000000
119466  12.633  -39.333  62.810 0.0000000000
119467  12.020  -39.070  62.397 0.0000000000
119468  12.014  -38.974  61.868 0.0000000000
119469  12.028  -38.921  61.365 0.0000000000
119470  10.850  -38.700  61.071 0.0000000000
119471  11.489  -38.747  60.972 0.0000000000
119472  12.100  -38.850  60.826 0.0000000000
119473  12.062  -38.699  60.316 0.0000000000
119474  12.085  -38.589  59.765 0.0000000000
123288  13.988  -37.585  54.682 0.0000000000
123289  14.553  -37.950  54.543 0.0000000000
123290  14.289  -37.563  54.186 0.0000000000
123291  14.561  -37.519  53.673 0.0000000000
123292  14.838  -37.520  53.186 0.0000000000
123293  13.846  -36.710  52.957 0.0000000000
123294  14.529  -37.098  52.830 0.0000000000
123295  15.088  -37.501  52.646 0.0000000000
123296  15.347  -37.471  52.092 0.0000000000
123297  15.606  -37.461  51.589 0.0000000000
123298  15.872  -37.434  51.063 0.0000000000
123308  17.628  -36.473  46.331 0.0000000000
123309  17.939  -37.016  45.988 0.0000000000
123310  18.192  -37.549  45.681 0.0000000000
123765  11.603  -46.918  66.242 0.0000000000
123766  10.925  -47.621  66.332 0.0000000000
123771  10.142  -48.585  61.475 0.0000000000
123772  9.774  -48.769  61.906 0.0000000000
123773  9.423  -48.954  61.474 0.0000000000
123774  8.740  -49.220  61.519 0.0000000000
123775  7.994  -49.501  61.520 0.0000000000
123776  8.057  -49.447  60.697 0.0000000000
123777  7.669  -49.612  61.084 0.0000000000
123778  7.408  -49.844  61.460 0.0000000000
123779  7.026  -50.288  61.375 0.0000000000
123780  6.847  -50.794  61.121 0.0000000000
123786  7.032  -51.146  59.171 0.0000000000
123787  7.344  -51.673  58.923 0.0000000000
123793  8.638  -52.617  57.052 0.0000000000
123794  8.485  -52.416  56.758 0.0000000000
123795  8.346  -52.236  56.454 0.0000000000
123796  7.618  -51.476  57.093 0.0000000000
123797  7.888  -51.767  56.620 0.0000000000
123798  8.151  -52.029  56.162 0.0000000000
123799  7.917  -51.817  55.921 0.0000000000
123800  7.637  -51.582  55.757 0.0000000000
123801  7.453  -51.378  55.573 0.0000000000
123802  10.124  -48.871  54.711 0.0000000000
123803  9.512  -49.101  54.819 0.0000000000
129298  6.960  -38.892  59.789 0.0000000000
129299  7.026  -38.654  59.191 0.0000000000
129300  6.422  -38.688  59.343 0.0000000000
129301  5.895  -38.446  58.846 0.0000000000
129302  5.416  -38.074  58.503 0.0000000000
129303  4.907  -38.076  59.424 0.0000000000
129304  4.963  -37.846  58.828 0.0000000000
129305  5.033  -37.630  58.211 0.0000000000
129309  4.594  -36.612  61.153 0.0000000000
129310  4.682  -36.341  60.607 0.0000000000
129311  4.764  -36.119  59.985 0.0000000000
129312  5.209  -34.851  60.537 0.0000000000
129313  5.055  -35.401  59.974 0.0000000000
129314  4.874  -35.917  59.413 0.0000000000
129435  4.632  -40.407  69.309 0.0000000000
129436  5.138  -40.519  69.666 0.0000000000
129437  5.644  -40.573  70.082 0.0000000000
129438  6.179  -40.543  69.768 0.0000000000
129439  6.732  -40.452  69.442 0.0000000000
129440  7.335  -40.296  69.103 0.0000000000
129441  7.845  -40.150  68.841 0.0000000000
129442  7.278  -40.310  68.447 0.0000000000
129443  7.227  -40.279  67.797 0.0000000000
129444  7.196  -40.222  67.171 0.0000000000
129445  6.160  -40.365  66.988 0.0000000000
129446  6.658  -40.297  66.759 0.0000000000
129447  7.172  -40.197  66.521 0.0000000000
129448  7.112  -40.126  65.885 0.0000000000
129449  7.109  -40.030  65.255 0.0000000000
129450  7.086  -39.923  64.619 0.0000000000
129451  4.426  -39.405  65.459 0.0000000000
129452  4.774  -39.640  65.197 0.0000000000
129453  5.172  -39.829  64.939 0.0000000000
129454  4.792  -39.287  63.953 0.0000000000
129455  5.208  -39.661  64.295 0.0000000000
129456  5.636  -39.954  64.661 0.0000000000
129457  6.118  -39.981  64.433 0.0000000000
129458  6.592  -39.945  64.223 0.0000000000
129459  7.052  -39.857  63.972 0.0000000000
129460  7.035  -39.740  63.440 0.0000000000
129461  7.048  -39.630  62.771 0.0000000000
129462  7.010  -39.503  62.182 0.0000000000
129463  5.964  -39.349  61.949 0.0000000000
129464  6.479  -39.387  61.748 0.0000000000
129465  6.982  -39.396  61.538 0.0000000000
129466  6.933  -39.260  60.933 0.0000000000
129467  6.930  -39.092  60.369 0.0000000000
132903  16.095  -45.129  52.956 0.0000000000
132910  16.434  -45.169  49.896 0.0000000000
132911  16.747  -44.658  49.668 0.0000000000
132912  16.853  -44.247  50.678 0.0000000000
132913  16.931  -44.229  50.061 0.0000000000
132914  16.943  -44.230  49.426 0.0000000000
132915  17.172  -43.726  49.209 0.0000000000
132916  17.377  -43.198  48.971 0.0000000000
132917  17.570  -42.645  48.731 0.0000000000
133345  13.448  -44.713  64.684 0.0000000000
133346  12.958  -45.557  64.734 0.0000000000
133347  13.225  -45.379  64.333 0.0000000000
133348  12.904  -45.924  63.896 0.0000000000
133349  12.562  -46.433  63.469 0.0000000000
133350  13.369  -45.570  63.066 0.0000000000
133351  12.780  -46.263  63.060 0.0000000000
133352  12.208  -46.914  63.073 0.0000000000
133353  11.898  -47.342  62.663 0.0000000000
133354  11.503  -47.696  62.280 0.0000000000
133355  11.166  -47.978  61.902 0.0000000000
133356  14.301  -44.815  61.256 0.0000000000
133357  13.815  -45.556  61.307 0.0000000000
133358  13.234  -46.220  61.323 0.0000000000
133359  13.232  -46.439  60.494 0.0000000000
133360  12.937  -46.595  60.946 0.0000000000
133361  12.678  -46.754  61.373 0.0000000000
133362  12.086  -47.331  61.426 0.0000000000
133363  11.476  -47.803  61.449 0.0000000000
133364  10.847  -48.221  61.509 0.0000000000
133365  10.466  -48.420  61.050 0.0000000000
133366  10.103  -48.631  60.616 0.0000000000
133367  9.770  -48.823  60.188 0.0000000000
133368  10.803  -48.419  59.631 0.0000000000
133369  10.128  -48.732  59.710 0.0000000000
133370  9.470  -48.973  59.764 0.0000000000
133371  9.137  -49.101  59.358 0.0000000000
133372  8.787  -49.237  58.950 0.0000000000
133373  8.461  -49.378  58.543 0.0000000000
133374  8.201  -49.522  58.151 0.0000000000
133375  8.797  -49.322  58.079 0.0000000000
133376  9.101  -49.274  57.635 0.0000000000
133377  9.420  -49.248  57.180 0.0000000000
133378  10.429  -48.893  57.561 0.0000000000
133379  10.075  -49.045  57.152 0.0000000000
133380  9.697  -49.175  56.762 0.0000000000
133381  9.963  -49.091  56.348 0.0000000000
133382  10.230  -49.020  55.927 0.0000000000
133383  10.471  -48.925  55.524 0.0000000000
133384  12.810  -47.456  57.470 0.0000000000
133385  12.493  -47.771  57.032 0.0000000000
133386  12.197  -48.037  56.631 0.0000000000
133387  13.038  -47.566  56.165 0.0000000000
133388  12.426  -47.950  56.191 0.0000000000
133389  11.862  -48.282  56.238 0.0000000000
133390  11.487  -48.493  55.846 0.0000000000
133391  11.066  -48.659  55.452 0.0000000000
133392  10.619  -48.794  55.067 0.0000000000
139660  15.497  -41.560  57.828 0.0000000000
139661  15.592  -41.581  57.256 0.0000000000
139662  15.382  -41.024  57.541 0.0000000000
139663  15.252  -40.492  57.252 0.0000000000
139664  15.094  -39.972  56.936 0.0000000000
139665  14.558  -39.490  57.697 0.0000000000
139666  14.695  -39.458  57.140 0.0000000000
139667  14.874  -39.438  56.627 0.0000000000
139668  14.614  -38.931  56.271 0.0000000000
139669  14.359  -38.468  55.921 0.0000000000
139670  14.076  -38.035  55.566 0.0000000000
139671  12.461  -38.234  58.260 0.0000000000
139672  12.723  -38.121  57.740 0.0000000000
139673  12.899  -38.011  57.227 0.0000000000
139674  11.809  -37.487  56.958 0.0000000000
139675  12.457  -37.646  56.867 0.0000000000
139676  13.088  -37.877  56.741 0.0000000000
139677  13.306  -37.771  56.227 0.0000000000
139678  13.499  -37.713  55.699 0.0000000000
139679  13.748  -37.621  55.194 0.0000000000
139680  13.371  -37.277  54.797 0.0000000000
139681  12.906  -36.923  54.415 0.0000000000
139682  12.520  -36.616  53.997 0.0000000000
139683  11.569  -36.549  54.595 0.0000000000
139684  11.846  -36.446  54.096 0.0000000000
139685  12.110  -36.342  53.614 0.0000000000
139689  7.121  -38.412  58.650 0.0000000000
139690  7.207  -38.138  58.150 0.0000000000
139691  7.352  -37.854  57.595 0.0000000000
140086  13.039  -41.701  69.170 0.0000000000
140087  13.103  -42.546  69.186 0.0000000000
140092  12.567  -45.289  67.689 0.0000000000
140093  12.685  -45.108  67.278 0.0000000000
140094  12.793  -44.993  66.932 0.0000000000
140095  13.231  -43.515  67.293 0.0000000000
140096  13.129  -44.199  66.953 0.0000000000
140097  12.952  -44.868  66.598 0.0000000000
140098  13.081  -44.719  66.207 0.0000000000
140099  13.222  -44.491  65.824 0.0000000000
140100  13.403  -44.308  65.434 0.0000000000
140101  8.303  -39.982  68.553 0.0000000000
140102  8.833  -39.779  68.311 0.0000000000
140103  9.417  -39.582  68.082 0.0000000000
140104  8.824  -39.764  67.111 0.0000000000
140105  9.417  -39.608  67.463 0.0000000000
140106  10.041  -39.439  67.843 0.0000000000
140107  10.712  -39.382  67.616 0.0000000000
140108  11.411  -39.422  67.400 0.0000000000
140109  12.097  -39.594  67.185 0.0000000000
140110  8.773  -39.564  64.767 0.0000000000
140111  9.469  -39.458  65.165 0.0000000000
140112  10.050  -39.376  65.585 0.0000000000
140113  10.703  -39.248  64.812 0.0000000000
140114  10.668  -39.292  65.403 0.0000000000
140115  10.671  -39.303  65.905 0.0000000000
140116  11.358  -39.360  66.323 0.0000000000
140117  11.993  -39.533  66.613 0.0000000000
140118  12.574  -39.947  66.939 0.0000000000
140119  13.011  -40.425  66.680 0.0000000000
140120  13.354  -40.953  66.413 0.0000000000
140121  13.524  -41.567  66.137 0.0000000000
140122  13.367  -40.747  65.462 0.0000000000
140123  13.587  -41.475  65.675 0.0000000000
140124  13.616  -42.241  65.849 0.0000000000
140125  13.657  -42.919  65.573 0.0000000000
140126  13.673  -43.529  65.326 0.0000000000
140127  13.597  -44.105  65.011 0.0000000000
140128  13.761  -43.928  64.568 0.0000000000
140129  13.944  -43.779  64.147 0.0000000000
140130  14.089  -43.591  63.681 0.0000000000
140131  14.143  -42.265  63.792 0.0000000000
140132  14.204  -42.839  63.497 0.0000000000
140133  14.213  -43.431  63.204 0.0000000000
140134  14.363  -43.245  62.764 0.0000000000
140135  14.486  -43.037  62.290 0.0000000000
140136  14.631  -42.838  61.829 0.0000000000
140137  13.162  -39.587  62.652 0.0000000000
140138  13.620  -39.996  62.521 0.0000000000
140139  14.006  -40.475  62.338 0.0000000000
140140  13.704  -39.814  61.506 0.0000000000
140141  14.090  -40.352  61.838 0.0000000000
140142  14.309  -40.999  62.099 0.0000000000
140143  14.511  -41.511  61.865 0.0000000000
140144  14.653  -42.104  61.610 0.0000000000
140145  14.751  -42.700  61.340 0.0000000000
140146  14.875  -42.565  60.825 0.0000000000
140147  14.985  -42.348  60.325 0.0000000000
140148  15.104  -42.159  59.844 0.0000000000
140149  14.811  -40.845  59.878 0.0000000000
140150  15.046  -41.387  59.612 0.0000000000
140151  15.228  -41.974  59.341 0.0000000000
140152  15.307  -41.835  58.850 0.0000000000
140153  15.404  -41.728  58.335 0.0000000000
150066  15.750  -41.639  56.700 0.0000000000
150067  15.864  -41.677  56.128 0.0000000000
150068  15.999  -41.712  55.587 0.0000000000
150069  15.687  -40.498  55.587 0.0000000000
150070  15.936  -41.128  55.319 0.0000000000
150071  16.133  -41.758  55.043 0.0000000000
150072  16.279  -41.764  54.498 0.0000000000
150073  16.458  -41.837  53.894 0.0000000000
150074  16.613  -41.894  53.284 0.0000000000
150075  15.067  -38.393  54.357 0.0000000000
150076  15.477  -38.929  54.133 0.0000000000
150077  15.836  -39.498  53.882 0.0000000000
150078  15.934  -38.987  53.003 0.0000000000
150079  16.062  -39.507  53.329 0.0000000000
150080  16.154  -40.095  53.608 0.0000000000
150081  16.428  -40.716  53.313 0.0000000000
150082  16.622  -41.316  53.020 0.0000000000
150083  16.771  -41.942  52.710 0.0000000000
150084  16.943  -42.006  52.131 0.0000000000
150085  17.095  -42.018  51.534 0.0000000000
150086  17.244  -42.053  50.951 0.0000000000
150087  17.173  -40.780  51.080 0.0000000000
150088  17.297  -41.332  50.748 0.0000000000
150089  17.359  -41.963  50.387 0.0000000000
150090  17.528  -42.026  49.774 0.0000000000
150091  17.636  -42.055  49.131 0.0000000000
150092  17.778  -42.030  48.535 0.0000000000
150098  14.454  -36.099  51.079 0.0000000000
150099  15.047  -36.472  50.932 0.0000000000
150100  15.600  -36.893  50.785 0.0000000000
150101  16.153  -37.446  50.550 0.0000000000
150104  15.726  -35.754  49.062 0.0000000000
150105  16.524  -36.131  48.317 0.0000000000
150106  16.242  -36.238  48.846 0.0000000000
150107  16.002  -36.320  49.334 0.0000000000
150108  16.177  -36.837  49.667 0.0000000000
150109  16.369  -37.357  50.036 0.0000000000
150110  16.625  -37.982  50.289 0.0000000000
150111  17.020  -38.514  50.023 0.0000000000
150112  17.367  -39.086  49.740 0.0000000000
150113  17.598  -39.660  49.423 0.0000000000
150114  17.755  -39.006  48.560 0.0000000000
150115  17.789  -39.641  48.820 0.0000000000
150116  17.768  -40.237  49.101 0.0000000000
150117  17.889  -40.818  48.764 0.0000000000
150118  17.943  -41.425  48.364 0.0000000000
150119  17.891  -42.008  47.979 0.0000000000
150120  17.969  -41.961  47.325 0.0000000000
150121  18.000  -41.848  46.700 0.0000000000
150122  18.032  -41.759  46.093 0.0000000000
150123  18.324  -40.640  46.208 0.0000000000
150124  18.233  -41.175  45.866 0.0000000000
150125  18.048  -41.641  45.465 0.0000000000
150126  17.995  -41.521  44.888 0.0000000000
150129  18.381  -38.107  45.309 0.0000000000
150130  18.491  -38.616  44.905 0.0000000000
150131  18.520  -39.116  44.524 0.0000000000
151309  12.380  -46.316  64.732 0.0000000000
151310  11.799  -47.028  64.745 0.0000000000
151311  11.181  -47.627  64.690 0.0000000000
151312  11.058  -47.906  63.912 0.0000000000
151313  10.773  -48.042  64.310 0.0000000000
151314  10.534  -48.156  64.756 0.0000000000
151315  9.757  -48.676  64.802 0.0000000000
151316  9.052  -49.135  64.893 0.0000000000
151318  9.448  -48.929  62.338 0.0000000000
151319  9.123  -49.066  62.761 0.0000000000
151320  8.743  -49.285  63.177 0.0000000000
151321  7.811  -49.796  62.791 0.0000000000
151322  8.142  -49.618  63.226 0.0000000000
151323  8.509  -49.457  63.624 0.0000000000
151324  8.316  -49.643  64.099 0.0000000000
151390  7.949  -49.705  57.756 0.0000000000
151391  7.671  -49.896  57.337 0.0000000000
151392  7.399  -50.082  56.908 0.0000000000
151393  8.072  -49.635  56.561 0.0000000000
151394  7.573  -49.888  56.604 0.0000000000
151395  7.230  -50.298  56.551 0.0000000000
151396  7.160  -50.561  56.152 0.0000000000
151397  7.173  -50.853  55.756 0.0000000000
151398  7.296  -51.135  55.392 0.0000000000
151399  8.810  -49.189  54.939 0.0000000000
151400  8.152  -49.281  55.068 0.0000000000
151401  7.616  -49.486  55.231 0.0000000000
151402  7.220  -49.373  54.566 0.0000000000
151403  7.204  -49.577  54.985 0.0000000000
151404  7.118  -49.814  55.364 0.0000000000
151405  6.927  -50.286  55.307 0.0000000000
151406  7.051  -50.842  55.186 0.0000000000
151407  7.395  -51.380  54.954 0.0000000000
151408  7.564  -51.639  54.525 0.0000000000
151409  7.840  -51.944  54.107 0.0000000000
