#!ascii label  , from subject fsaverage vox2ras=TkReg
1171
105  44.782  -10.413  27.890 0.0000000000
110  51.015  -0.722  37.087 0.0000000000
234  40.907  -10.440  34.626 0.0000000000
236  36.728  -19.151  36.002 0.0000000000
246  52.472  -4.849  34.376 0.0000000000
715  37.612  -14.728  34.132 0.0000000000
1093  42.937  -0.532  36.376 0.0000000000
1094  38.830  1.272  33.708 0.0000000000
1098  46.871  -6.653  30.412 0.0000000000
1572  42.117  -9.850  30.762 0.0000000000
1573  44.336  -14.457  30.624 0.0000000000
1574  40.447  -14.484  31.642 0.0000000000
1575  41.179  -19.252  35.027 0.0000000000
1594  56.017  -1.193  38.059 0.0000000000
1595  52.045  -5.226  38.656 0.0000000000
1596  46.535  -7.794  34.461 0.0000000000
2140  34.466  6.977  34.752 0.0000000000
2979  46.576  -10.934  27.112 0.0000000000
2980  49.117  -12.990  29.439 0.0000000000
2981  46.508  -12.768  28.769 0.0000000000
2982  48.083  -17.494  45.949 0.0000000000
3011  49.276  -0.941  39.027 0.0000000000
3013  46.882  -1.103  36.399 0.0000000000
3014  44.580  -0.590  34.417 0.0000000000
3015  48.655  -0.551  34.448 0.0000000000
3017  52.047  0.040  35.320 0.0000000000
3579  41.293  -9.969  32.682 0.0000000000
3580  40.931  -11.989  30.932 0.0000000000
3581  39.699  -12.074  32.372 0.0000000000
3582  37.015  -17.162  34.778 0.0000000000
3583  38.767  -17.271  33.687 0.0000000000
3584  38.918  -19.468  35.285 0.0000000000
3585  42.033  -20.257  38.025 0.0000000000
3586  39.510  -20.551  37.762 0.0000000000
3616  54.446  -3.485  40.600 0.0000000000
3618  43.587  -9.590  36.621 0.0000000000
3619  46.300  -7.910  36.614 0.0000000000
3620  43.773  -9.028  34.680 0.0000000000
3621  43.911  -8.466  32.682 0.0000000000
4622  44.751  -16.307  32.810 0.0000000000
4720  35.720  5.411  36.220 0.0000000000
4733  55.198  -3.134  36.629 0.0000000000
5893  38.853  -12.406  34.182 0.0000000000
6575  39.637  1.108  36.890 0.0000000000
6576  37.909  2.300  35.560 0.0000000000
6577  40.811  0.249  35.043 0.0000000000
6578  42.439  0.408  33.345 0.0000000000
6584  49.608  -5.946  32.373 0.0000000000
7506  43.319  -10.047  29.079 0.0000000000
7507  44.295  -12.391  29.018 0.0000000000
7508  42.410  -12.078  29.814 0.0000000000
7509  42.288  -14.400  30.915 0.0000000000
7510  42.599  -16.748  32.691 0.0000000000
7511  38.973  -14.655  32.731 0.0000000000
7512  40.596  -17.102  32.995 0.0000000000
7513  43.369  -18.609  35.120 0.0000000000
7514  44.195  -19.575  38.274 0.0000000000
7515  45.103  -19.310  42.011 0.0000000000
7557  53.189  -0.368  39.746 0.0000000000
7558  54.299  -0.105  38.074 0.0000000000
7559  55.304  -1.387  39.818 0.0000000000
7560  54.862  -3.460  38.650 0.0000000000
7561  52.190  -5.096  36.583 0.0000000000
7562  48.867  -6.488  38.691 0.0000000000
7563  49.094  -6.543  36.453 0.0000000000
7564  49.375  -6.371  34.424 0.0000000000
7565  46.764  -7.269  32.457 0.0000000000
7566  44.361  -8.104  30.539 0.0000000000
8870  46.851  -14.430  30.877 0.0000000000
8989  35.902  3.697  34.334 0.0000000000
10659  45.634  -10.575  27.419 0.0000000000
10660  46.498  -11.907  27.876 0.0000000000
10661  45.454  -11.611  28.016 0.0000000000
10662  48.526  -16.929  47.609 0.0000000000
10663  49.537  -16.463  47.631 0.0000000000
10664  49.947  -16.039  49.023 0.0000000000
10691  50.188  -0.997  38.043 0.0000000000
10692  48.096  -1.151  37.655 0.0000000000
10693  48.936  -1.121  36.626 0.0000000000
10694  47.729  -0.949  35.370 0.0000000000
10695  49.835  -0.789  35.713 0.0000000000
10696  50.335  -0.307  34.780 0.0000000000
10697  51.449  -0.395  36.208 0.0000000000
10700  45.450  -9.441  27.354 0.0000000000
10701  46.226  -9.774  26.776 0.0000000000
11259  41.079  -10.158  33.661 0.0000000000
11260  40.318  -10.943  32.460 0.0000000000
11261  40.005  -11.100  33.429 0.0000000000
11262  36.824  -18.240  35.286 0.0000000000
11263  37.760  -18.373  34.789 0.0000000000
11264  37.800  -19.366  35.584 0.0000000000
11265  39.135  -20.185  36.406 0.0000000000
11266  38.002  -20.103  36.532 0.0000000000
11298  42.200  -10.036  35.691 0.0000000000
11299  43.685  -9.304  35.641 0.0000000000
11300  42.286  -9.698  34.676 0.0000000000
11301  42.359  -9.410  33.710 0.0000000000
12400  36.574  4.642  36.872 0.0000000000
12413  54.009  -4.066  35.603 0.0000000000
12415  54.123  -3.823  34.524 0.0000000000
14794  44.065  -0.682  37.275 0.0000000000
14796  42.163  -0.143  37.426 0.0000000000
14797  40.466  0.616  37.569 0.0000000000
14798  41.018  0.036  36.586 0.0000000000
14799  40.164  0.490  35.973 0.0000000000
14800  41.825  -0.252  35.592 0.0000000000
14801  45.483  -0.217  33.687 0.0000000000
14802  43.508  -0.070  33.908 0.0000000000
14803  44.335  0.324  33.221 0.0000000000
14813  48.214  -6.298  31.368 0.0000000000
14814  49.666  -5.663  31.247 0.0000000000
14815  48.230  -6.020  30.199 0.0000000000
16494  42.696  -9.899  29.911 0.0000000000
16495  42.827  -11.051  29.369 0.0000000000
16496  42.049  -10.965  30.059 0.0000000000
16497  40.611  -13.206  31.197 0.0000000000
16498  41.421  -13.204  30.693 0.0000000000
16499  41.343  -14.400  31.227 0.0000000000
16500  42.341  -15.587  31.764 0.0000000000
16501  41.343  -15.639  31.938 0.0000000000
16502  38.101  -13.552  34.091 0.0000000000
16503  38.668  -13.434  33.230 0.0000000000
16504  38.272  -14.730  33.407 0.0000000000
16505  39.846  -18.407  34.090 0.0000000000
16506  39.677  -17.211  33.287 0.0000000000
16507  40.869  -18.268  33.901 0.0000000000
16508  41.879  -18.027  33.801 0.0000000000
16509  42.312  -18.973  35.033 0.0000000000
16510  43.766  -19.219  36.576 0.0000000000
16511  42.713  -19.615  36.448 0.0000000000
16512  42.429  -20.285  39.692 0.0000000000
16513  43.484  -20.025  39.842 0.0000000000
16514  43.999  -19.686  41.784 0.0000000000
16606  54.561  -0.668  39.958 0.0000000000
16607  54.838  -1.343  40.714 0.0000000000
16608  53.512  -4.491  39.728 0.0000000000
16609  54.646  -3.547  39.613 0.0000000000
16610  53.578  -4.541  38.686 0.0000000000
16611  53.750  -4.471  37.754 0.0000000000
16612  52.094  -5.215  37.643 0.0000000000
16614  48.830  -6.458  39.942 0.0000000000
16615  47.429  -7.279  38.676 0.0000000000
16616  46.461  -7.856  35.568 0.0000000000
16617  47.714  -7.222  36.504 0.0000000000
16618  47.873  -7.229  35.451 0.0000000000
16619  49.219  -6.463  35.439 0.0000000000
16620  47.992  -7.150  34.467 0.0000000000
16621  48.042  -6.887  33.428 0.0000000000
16622  46.707  -7.581  33.485 0.0000000000
16623  42.799  -8.987  31.695 0.0000000000
16624  44.142  -8.251  31.643 0.0000000000
16625  43.169  -8.901  30.705 0.0000000000
19622  44.245  -13.412  29.776 0.0000000000
19623  45.358  -13.515  29.717 0.0000000000
19624  45.511  -14.451  30.678 0.0000000000
19916  34.917  7.893  35.492 0.0000000000
19918  34.531  8.682  34.634 0.0000000000
19921  38.312  1.627  34.576 0.0000000000
19922  36.919  2.955  34.844 0.0000000000
19923  37.230  2.318  33.996 0.0000000000
19958  55.506  -0.428  38.262 0.0000000000
19959  54.686  0.191  37.238 0.0000000000
19960  55.908  -0.172  37.397 0.0000000000
23793  47.654  -11.235  26.895 0.0000000000
23794  48.940  -12.334  28.203 0.0000000000
23795  47.690  -12.156  27.911 0.0000000000
23796  47.740  -12.903  28.934 0.0000000000
23797  48.032  -13.691  30.131 0.0000000000
23798  47.610  -18.029  44.179 0.0000000000
23853  47.227  -0.873  38.592 0.0000000000
23854  46.015  -0.998  37.386 0.0000000000
23855  44.848  -0.924  36.308 0.0000000000
23856  43.733  -0.716  35.308 0.0000000000
23857  45.720  -0.950  35.266 0.0000000000
23858  46.576  -0.699  34.353 0.0000000000
23859  47.449  -0.198  33.543 0.0000000000
23861  49.169  -0.057  33.656 0.0000000000
23871  47.136  -10.145  26.351 0.0000000000
24873  41.660  -9.860  31.710 0.0000000000
24874  41.373  -10.909  30.809 0.0000000000
24875  40.808  -10.938  31.561 0.0000000000
24876  40.269  -12.045  31.576 0.0000000000
24877  39.894  -13.247  31.793 0.0000000000
24878  37.227  -15.979  34.392 0.0000000000
24879  37.998  -16.008  33.742 0.0000000000
24880  37.883  -17.244  34.157 0.0000000000
24881  38.794  -18.449  34.354 0.0000000000
24882  40.049  -19.421  35.039 0.0000000000
24883  41.554  -19.929  36.325 0.0000000000
24884  40.367  -20.111  36.293 0.0000000000
24885  40.741  -20.464  37.821 0.0000000000
24942  53.211  -4.416  40.853 0.0000000000
24943  51.953  -5.161  39.800 0.0000000000
24944  44.928  -8.918  37.665 0.0000000000
24945  46.120  -8.023  37.641 0.0000000000
24946  44.981  -8.751  36.664 0.0000000000
24947  45.059  -8.587  35.623 0.0000000000
24948  45.125  -8.416  34.574 0.0000000000
24949  45.239  -8.140  33.571 0.0000000000
24950  43.838  -8.741  33.678 0.0000000000
24951  42.490  -9.121  32.711 0.0000000000
26750  44.507  -15.440  31.674 0.0000000000
26751  45.780  -15.316  31.787 0.0000000000
26927  35.351  7.093  36.344 0.0000000000
26928  34.991  6.207  35.505 0.0000000000
26929  39.466  1.104  32.766 0.0000000000
26930  37.703  1.900  33.094 0.0000000000
26951  55.899  -2.109  37.484 0.0000000000
29106  40.803  -10.804  35.551 0.0000000000
29107  39.765  -11.342  34.368 0.0000000000
29113  37.005  -14.687  34.949 0.0000000000
29114  36.559  -15.879  35.118 0.0000000000
29115  36.193  -16.988  35.430 0.0000000000
29116  35.928  -18.013  35.890 0.0000000000
30701  38.363  2.407  37.102 0.0000000000
30702  37.658  3.095  36.495 0.0000000000
30703  38.779  1.661  36.233 0.0000000000
30704  39.279  1.068  35.343 0.0000000000
30705  39.854  0.733  34.416 0.0000000000
30706  42.610  -0.308  34.671 0.0000000000
30707  41.575  0.233  34.151 0.0000000000
30708  40.542  0.606  33.468 0.0000000000
30722  51.032  -5.488  33.386 0.0000000000
30723  52.639  -4.565  33.340 0.0000000000
30724  51.131  -5.208  32.334 0.0000000000
32988  44.022  -10.151  28.431 0.0000000000
32989  44.461  -11.363  28.352 0.0000000000
32990  43.632  -11.192  28.786 0.0000000000
32991  43.326  -12.274  29.386 0.0000000000
32992  43.205  -13.270  29.980 0.0000000000
32993  41.650  -12.019  30.334 0.0000000000
32994  42.275  -13.212  30.306 0.0000000000
32995  43.245  -14.403  30.716 0.0000000000
32996  43.412  -15.521  31.628 0.0000000000
32997  43.697  -16.529  32.731 0.0000000000
32998  43.990  -17.423  33.896 0.0000000000
32999  39.220  -12.253  33.294 0.0000000000
33000  39.257  -13.348  32.464 0.0000000000
33001  39.647  -14.521  32.175 0.0000000000
33002  38.803  -15.978  33.151 0.0000000000
33003  39.614  -15.908  32.663 0.0000000000
33004  40.480  -15.761  32.257 0.0000000000
33005  41.591  -16.929  32.805 0.0000000000
33006  42.914  -17.767  33.811 0.0000000000
33007  44.414  -18.200  35.273 0.0000000000
33008  44.820  -18.760  36.766 0.0000000000
33009  45.218  -19.104  38.424 0.0000000000
33010  45.717  -19.149  40.319 0.0000000000
33011  43.092  -19.944  38.130 0.0000000000
33012  44.631  -19.603  40.131 0.0000000000
33013  46.161  -18.909  42.167 0.0000000000
33014  46.652  -18.467  44.124 0.0000000000
33015  47.164  -17.920  45.966 0.0000000000
33128  51.329  -0.656  39.443 0.0000000000
33129  52.237  -0.551  38.453 0.0000000000
33130  52.721  -0.304  37.652 0.0000000000
33131  53.810  -0.297  38.887 0.0000000000
33132  55.071  -0.556  39.087 0.0000000000
33133  55.706  -1.315  38.917 0.0000000000
33134  55.097  -2.372  40.346 0.0000000000
33135  55.411  -2.352  39.385 0.0000000000
33136  55.645  -2.266  38.463 0.0000000000
33137  55.003  -3.240  37.657 0.0000000000
33138  53.859  -4.270  36.654 0.0000000000
33139  52.367  -4.985  35.516 0.0000000000
33141  50.335  -5.796  39.860 0.0000000000
33142  50.395  -5.841  38.668 0.0000000000
33143  47.580  -7.160  37.597 0.0000000000
33144  48.977  -6.518  37.534 0.0000000000
33145  50.497  -5.855  37.530 0.0000000000
33146  50.621  -5.826  36.517 0.0000000000
33147  50.728  -5.802  35.477 0.0000000000
33148  50.879  -5.679  34.414 0.0000000000
33149  49.502  -6.198  33.413 0.0000000000
33150  48.162  -6.598  32.419 0.0000000000
33151  46.818  -6.941  31.451 0.0000000000
33152  45.364  -7.834  32.533 0.0000000000
33153  45.487  -7.605  31.477 0.0000000000
33154  45.597  -7.391  30.429 0.0000000000
36854  45.359  -12.550  28.805 0.0000000000
36855  46.636  -13.649  29.818 0.0000000000
36916  35.564  -18.820  36.717 0.0000000000
37213  36.674  3.844  35.859 0.0000000000
37214  35.747  4.546  35.286 0.0000000000
37215  34.932  5.246  34.670 0.0000000000
37216  36.155  2.988  33.428 0.0000000000
37217  35.005  4.377  33.783 0.0000000000
37218  34.246  6.076  33.980 0.0000000000
37258  53.142  0.064  36.753 0.0000000000
37259  53.684  0.365  35.929 0.0000000000
41379  45.192  -10.513  27.651 0.0000000000
41380  45.549  -11.129  27.708 0.0000000000
41381  45.077  -10.995  27.877 0.0000000000
41382  48.740  -16.720  48.340 0.0000000000
41383  49.275  -16.437  48.370 0.0000000000
41384  49.422  -16.283  49.061 0.0000000000
41411  50.640  -0.893  37.564 0.0000000000
41412  49.571  -1.097  37.339 0.0000000000
41413  50.003  -0.957  36.892 0.0000000000
41414  49.402  -0.969  36.172 0.0000000000
41415  50.404  -0.789  36.423 0.0000000000
41416  50.641  -0.601  35.968 0.0000000000
41417  51.215  -0.557  36.657 0.0000000000
41418  44.748  -9.805  27.895 0.0000000000
41420  45.126  -9.932  27.583 0.0000000000
41421  45.503  -10.013  27.333 0.0000000000
41979  40.979  -10.315  34.178 0.0000000000
41980  40.481  -10.580  33.511 0.0000000000
41981  40.364  -10.715  34.000 0.0000000000
41982  36.750  -18.699  35.616 0.0000000000
41983  37.259  -18.843  35.392 0.0000000000
41984  37.252  -19.256  35.771 0.0000000000
41985  37.837  -19.748  36.045 0.0000000000
41986  37.329  -19.667  36.230 0.0000000000
42018  41.527  -10.215  35.169 0.0000000000
42019  42.244  -9.864  35.188 0.0000000000
42020  41.577  -10.035  34.633 0.0000000000
42021  41.634  -9.887  34.166 0.0000000000
43133  53.265  -4.473  34.986 0.0000000000
43134  54.085  -3.940  35.067 0.0000000000
43135  53.334  -4.333  34.467 0.0000000000
45514  43.510  -0.615  36.811 0.0000000000
45515  43.124  -0.387  37.316 0.0000000000
45516  42.580  -0.349  36.916 0.0000000000
45517  41.617  -0.061  37.022 0.0000000000
45518  41.978  -0.255  36.491 0.0000000000
45519  41.454  -0.150  36.093 0.0000000000
45520  42.352  -0.418  35.967 0.0000000000
45521  45.920  0.025  33.346 0.0000000000
45522  44.927  0.065  33.439 0.0000000000
45533  47.523  -6.467  30.911 0.0000000000
45534  48.235  -6.137  30.800 0.0000000000
45535  47.525  -6.333  30.337 0.0000000000
47214  42.402  -9.868  30.332 0.0000000000
47215  42.320  -10.438  29.960 0.0000000000
47216  42.036  -10.388  30.345 0.0000000000
47217  40.513  -13.818  31.402 0.0000000000
47218  40.940  -13.770  31.142 0.0000000000
47219  40.869  -14.401  31.413 0.0000000000
47220  41.327  -15.012  31.559 0.0000000000
47221  40.871  -15.044  31.719 0.0000000000
47222  37.835  -14.122  34.089 0.0000000000
47223  38.127  -14.100  33.683 0.0000000000
47224  37.948  -14.757  33.752 0.0000000000
47225  40.476  -18.870  34.465 0.0000000000
47226  40.346  -18.357  33.972 0.0000000000
47227  41.003  -18.781  34.414 0.0000000000
47228  41.547  -18.670  34.395 0.0000000000
47229  41.719  -19.127  35.005 0.0000000000
47230  42.482  -19.330  35.737 0.0000000000
47231  41.935  -19.504  35.666 0.0000000000
47233  43.203  -20.026  40.707 0.0000000000
47326  54.434  -0.853  40.804 0.0000000000
47328  52.800  -4.876  39.200 0.0000000000
47329  53.566  -4.521  39.174 0.0000000000
47330  52.845  -4.897  38.657 0.0000000000
47331  52.877  -4.895  38.180 0.0000000000
47332  52.094  -5.231  38.144 0.0000000000
47334  47.417  -7.299  39.245 0.0000000000
47335  46.765  -7.674  38.720 0.0000000000
47336  46.506  -7.820  35.018 0.0000000000
47337  47.174  -7.526  35.504 0.0000000000
47338  47.221  -7.517  35.022 0.0000000000
47339  47.936  -7.206  34.944 0.0000000000
47340  47.284  -7.475  34.492 0.0000000000
47341  47.348  -7.388  33.947 0.0000000000
47342  46.619  -7.710  33.978 0.0000000000
47343  42.405  -9.361  31.222 0.0000000000
47344  42.974  -8.933  31.196 0.0000000000
47345  42.608  -9.366  30.740 0.0000000000
47346  42.839  -9.389  30.260 0.0000000000
50342  44.294  -13.932  30.180 0.0000000000
50343  44.840  -13.947  30.159 0.0000000000
50344  44.907  -14.451  30.625 0.0000000000
50636  34.656  7.399  35.126 0.0000000000
50637  34.699  8.248  35.057 0.0000000000
50638  34.427  7.809  34.743 0.0000000000
50639  34.265  8.249  34.292 0.0000000000
50640  34.235  7.391  34.351 0.0000000000
50641  38.554  1.418  34.138 0.0000000000
50642  37.804  1.967  34.285 0.0000000000
50643  38.028  1.745  33.852 0.0000000000
50678  55.832  -0.767  38.214 0.0000000000
50679  55.690  -0.309  37.837 0.0000000000
50680  56.023  -0.652  37.771 0.0000000000
55014  47.086  -11.084  26.988 0.0000000000
55015  47.643  -11.704  27.411 0.0000000000
55016  47.065  -11.557  27.407 0.0000000000
55017  46.503  -12.357  28.305 0.0000000000
55018  47.093  -12.456  28.334 0.0000000000
55019  47.117  -12.867  28.837 0.0000000000
55020  47.871  -13.304  29.524 0.0000000000
55021  47.228  -13.268  29.368 0.0000000000
55022  47.815  -17.765  45.074 0.0000000000
55024  48.559  -17.272  45.979 0.0000000000
55025  50.254  -16.016  48.315 0.0000000000
55113  48.260  -0.942  38.826 0.0000000000
55114  47.489  -1.184  37.039 0.0000000000
55115  47.092  -1.091  37.485 0.0000000000
55116  46.457  -1.075  36.880 0.0000000000
55117  45.415  -0.961  36.835 0.0000000000
55118  45.856  -1.033  36.301 0.0000000000
55119  45.303  -0.976  35.801 0.0000000000
55120  46.304  -1.033  35.823 0.0000000000
55121  48.224  -0.750  34.886 0.0000000000
55122  47.145  -0.825  34.816 0.0000000000
55123  47.585  -0.613  34.359 0.0000000000
55124  46.995  -0.451  33.945 0.0000000000
55125  48.032  -0.399  33.952 0.0000000000
55126  48.299  -0.153  33.549 0.0000000000
55127  48.919  -0.336  34.025 0.0000000000
55128  51.195  -0.130  35.016 0.0000000000
55129  50.661  -0.058  34.346 0.0000000000
55130  51.541  0.086  34.581 0.0000000000
55132  52.354  0.217  34.881 0.0000000000
55143  46.359  -10.337  26.891 0.0000000000
55144  46.670  -9.950  26.543 0.0000000000
55145  46.858  -10.526  26.698 0.0000000000
55146  47.366  -10.698  26.577 0.0000000000
56814  41.477  -9.887  32.230 0.0000000000
56815  41.221  -10.365  31.656 0.0000000000
56816  40.999  -10.400  32.101 0.0000000000
56817  39.970  -11.482  32.415 0.0000000000
56818  40.198  -11.441  31.985 0.0000000000
56819  39.956  -12.066  31.939 0.0000000000
56820  40.056  -12.633  31.682 0.0000000000
56821  39.742  -12.660  32.026 0.0000000000
56822  37.121  -16.552  34.563 0.0000000000
56823  37.514  -16.606  34.246 0.0000000000
56824  37.445  -17.200  34.467 0.0000000000
56825  38.287  -18.960  34.973 0.0000000000
56826  38.269  -18.424  34.575 0.0000000000
56827  38.849  -18.983  34.811 0.0000000000
56828  39.415  -18.977  34.679 0.0000000000
56829  39.489  -19.468  35.161 0.0000000000
56830  40.216  -19.831  35.613 0.0000000000
56831  39.617  -19.855  35.685 0.0000000000
56832  39.317  -20.418  37.057 0.0000000000
56833  39.932  -20.400  37.027 0.0000000000
56834  40.140  -20.514  37.791 0.0000000000
56835  40.991  -20.500  38.638 0.0000000000
56930  52.502  -4.740  40.987 0.0000000000
56931  52.647  -4.789  40.346 0.0000000000
56932  51.882  -5.106  40.379 0.0000000000
56933  44.281  -9.280  37.134 0.0000000000
56934  44.954  -8.833  37.170 0.0000000000
56935  44.315  -9.171  36.637 0.0000000000
56936  43.727  -9.163  35.160 0.0000000000
56937  44.397  -8.953  35.635 0.0000000000
56938  44.424  -8.813  35.143 0.0000000000
56939  45.095  -8.507  35.091 0.0000000000
56940  44.465  -8.714  34.636 0.0000000000
56941  44.518  -8.604  34.133 0.0000000000
56942  43.802  -8.887  34.169 0.0000000000
56943  41.770  -9.594  33.140 0.0000000000
56944  42.412  -9.264  33.219 0.0000000000
56945  41.873  -9.523  32.637 0.0000000000
56946  42.023  -9.457  32.162 0.0000000000
59942  44.590  -15.899  32.208 0.0000000000
59943  45.225  -15.807  32.298 0.0000000000
60236  35.764  5.845  36.671 0.0000000000
60238  35.443  6.216  36.308 0.0000000000
60239  35.154  6.631  35.929 0.0000000000
60240  35.330  5.795  35.876 0.0000000000
60278  55.646  -2.591  37.069 0.0000000000
60279  56.061  -2.015  36.966 0.0000000000
60280  55.727  -2.511  36.536 0.0000000000
64030  36.721  -15.289  34.987 0.0000000000
64033  36.012  -16.296  35.636 0.0000000000
64034  35.812  -16.880  35.794 0.0000000000
64035  35.989  -17.476  35.674 0.0000000000
64036  35.608  -17.361  36.019 0.0000000000
64146  41.463  -10.551  36.084 0.0000000000
67127  49.015  -12.667  28.815 0.0000000000
67429  40.039  0.847  37.209 0.0000000000
67431  39.404  1.405  37.289 0.0000000000
67433  38.975  1.732  36.972 0.0000000000
67434  38.570  2.024  36.655 0.0000000000
67435  39.195  1.367  36.523 0.0000000000
67436  40.455  0.357  35.508 0.0000000000
67437  39.706  0.779  35.691 0.0000000000
67438  40.006  0.621  35.200 0.0000000000
67439  39.544  0.861  34.883 0.0000000000
67440  40.330  0.504  34.748 0.0000000000
67441  44.152  -0.707  34.832 0.0000000000
67442  43.155  -0.530  34.966 0.0000000000
67443  43.594  -0.486  34.504 0.0000000000
67444  43.007  0.194  33.701 0.0000000000
67445  42.521  0.046  34.073 0.0000000000
67446  42.030  0.306  33.767 0.0000000000
67447  41.071  0.423  33.815 0.0000000000
67448  41.410  0.484  33.364 0.0000000000
67449  40.881  0.653  33.016 0.0000000000
67450  41.789  0.596  32.924 0.0000000000
67478  50.331  -5.740  32.852 0.0000000000
67479  51.081  -5.351  32.834 0.0000000000
67480  50.362  -5.606  32.301 0.0000000000
67481  49.704  -5.499  30.619 0.0000000000
67482  50.386  -5.304  31.161 0.0000000000
72519  43.664  -10.094  28.740 0.0000000000
72520  43.804  -10.673  28.585 0.0000000000
72521  43.445  -10.576  28.871 0.0000000000
72522  42.591  -11.590  29.593 0.0000000000
72523  42.997  -11.639  29.315 0.0000000000
72524  42.857  -12.179  29.597 0.0000000000
72525  43.268  -12.770  29.653 0.0000000000
72526  42.794  -12.689  29.841 0.0000000000
72527  41.119  -11.466  30.850 0.0000000000
72528  41.455  -11.451  30.503 0.0000000000
72529  41.286  -11.995  30.625 0.0000000000
72530  41.797  -13.781  30.747 0.0000000000
72531  41.847  -13.197  30.484 0.0000000000
72532  42.246  -13.802  30.587 0.0000000000
72533  42.737  -13.816  30.454 0.0000000000
72534  42.746  -14.386  30.797 0.0000000000
72535  43.318  -14.942  31.140 0.0000000000
72536  42.823  -14.988  31.230 0.0000000000
72537  42.479  -16.178  32.206 0.0000000000
72538  43.048  -16.135  32.179 0.0000000000
72539  43.157  -16.643  32.711 0.0000000000
72540  43.842  -16.979  33.309 0.0000000000
72541  43.308  -17.126  33.273 0.0000000000
72542  39.289  -11.861  34.279 0.0000000000
72543  39.425  -11.755  33.795 0.0000000000
72544  39.024  -12.335  33.729 0.0000000000
72545  38.772  -14.038  32.914 0.0000000000
72546  38.963  -13.393  32.823 0.0000000000
72547  39.092  -13.981  32.576 0.0000000000
72548  39.407  -13.911  32.261 0.0000000000
72549  39.293  -14.589  32.448 0.0000000000
72550  38.379  -16.665  33.637 0.0000000000
72551  38.405  -16.011  33.420 0.0000000000
72552  38.804  -16.647  33.390 0.0000000000
72553  40.131  -17.156  33.127 0.0000000000
72554  39.617  -16.549  32.948 0.0000000000
72555  40.063  -16.500  32.762 0.0000000000
72556  40.034  -15.817  32.426 0.0000000000
72557  40.520  -16.450  32.607 0.0000000000
72558  40.973  -16.396  32.477 0.0000000000
72559  41.102  -17.023  32.887 0.0000000000
72560  42.645  -18.392  34.407 0.0000000000
72561  42.381  -17.905  33.783 0.0000000000
72562  43.177  -18.226  34.442 0.0000000000
72563  43.683  -18.039  34.484 0.0000000000
72564  43.940  -18.408  35.232 0.0000000000
72565  44.642  -18.503  36.017 0.0000000000
72566  44.098  -18.734  35.902 0.0000000000
72567  43.968  -19.443  37.394 0.0000000000
72568  44.482  -19.223  37.481 0.0000000000
72569  44.710  -19.357  38.348 0.0000000000
72570  45.473  -19.155  39.378 0.0000000000
72571  44.937  -19.427  39.295 0.0000000000
72572  41.790  -20.141  37.113 0.0000000000
72573  42.345  -19.972  37.206 0.0000000000
72574  42.554  -20.109  38.062 0.0000000000
72575  44.294  -19.708  40.923 0.0000000000
72576  44.078  -19.811  40.008 0.0000000000
72577  44.873  -19.491  41.050 0.0000000000
72578  45.394  -19.290  41.113 0.0000000000
72579  45.652  -19.118  42.100 0.0000000000
72580  46.429  -18.685  43.192 0.0000000000
72581  45.886  -18.909  43.083 0.0000000000
72583  46.430  -18.419  44.962 0.0000000000
72851  52.735  -0.338  40.226 0.0000000000
72852  51.852  -0.440  40.112 0.0000000000
72853  52.280  -0.447  39.645 0.0000000000
72854  51.758  -0.629  38.979 0.0000000000
72855  52.714  -0.436  39.138 0.0000000000
72856  53.060  -0.397  38.688 0.0000000000
72857  53.513  -0.354  39.312 0.0000000000
72858  55.010  -0.958  39.949 0.0000000000
72859  54.810  -0.617  39.522 0.0000000000
72860  55.238  -0.930  39.488 0.0000000000
72861  55.465  -0.878  39.046 0.0000000000
72862  55.497  -1.352  39.365 0.0000000000
72863  54.631  -2.916  41.045 0.0000000000
72864  54.895  -2.372  40.852 0.0000000000
72865  54.816  -2.924  40.521 0.0000000000
72866  54.771  -3.495  39.115 0.0000000000
72867  55.097  -2.908  39.531 0.0000000000
72868  55.199  -2.859  39.041 0.0000000000
72869  55.517  -2.312  38.918 0.0000000000
72870  55.302  -2.808  38.559 0.0000000000
72871  55.396  -2.762  38.091 0.0000000000
72872  54.945  -3.375  38.181 0.0000000000
72873  52.985  -4.790  37.137 0.0000000000
72874  53.827  -4.365  37.202 0.0000000000
72875  53.049  -4.709  36.622 0.0000000000
72876  53.118  -4.642  36.079 0.0000000000
72877  52.247  -5.071  36.034 0.0000000000
72881  48.836  -6.474  39.300 0.0000000000
72882  49.573  -6.120  39.875 0.0000000000
72883  49.595  -6.132  39.241 0.0000000000
72884  50.357  -5.832  39.243 0.0000000000
72885  49.596  -6.191  38.647 0.0000000000
72886  46.192  -7.958  37.125 0.0000000000
72887  46.830  -7.583  37.607 0.0000000000
72888  46.915  -7.529  37.097 0.0000000000
72889  48.418  -6.877  36.491 0.0000000000
72890  48.301  -6.875  37.004 0.0000000000
72891  49.033  -6.532  36.983 0.0000000000
72892  49.722  -6.199  37.529 0.0000000000
72893  49.771  -6.201  36.961 0.0000000000
72894  50.558  -5.844  37.014 0.0000000000
72895  49.847  -6.174  36.453 0.0000000000
72896  49.288  -6.405  34.939 0.0000000000
72897  49.927  -6.176  35.472 0.0000000000
72898  50.041  -6.108  34.967 0.0000000000
72899  50.804  -5.750  34.940 0.0000000000
72900  50.115  -6.049  34.444 0.0000000000
72901  50.190  -5.972  33.927 0.0000000000
72902  49.422  -6.299  33.933 0.0000000000
72903  47.421  -7.086  32.934 0.0000000000
72904  48.093  -6.731  32.928 0.0000000000
72905  47.456  -6.923  32.433 0.0000000000
72906  47.487  -6.758  31.938 0.0000000000
72907  46.786  -7.102  31.949 0.0000000000
72908  44.543  -8.333  33.109 0.0000000000
72909  45.276  -7.996  33.033 0.0000000000
72910  44.609  -8.176  32.619 0.0000000000
72911  44.268  -8.155  31.087 0.0000000000
72912  44.807  -7.926  31.576 0.0000000000
72913  44.904  -7.820  31.024 0.0000000000
72914  45.558  -7.488  30.943 0.0000000000
72915  44.990  -7.731  30.489 0.0000000000
72916  45.056  -7.668  29.962 0.0000000000
72918  43.403  -9.492  29.344 0.0000000000
72920  43.689  -9.568  28.967 0.0000000000
72921  44.024  -9.611  28.612 0.0000000000
81902  44.353  -11.868  28.667 0.0000000000
81903  44.875  -11.959  28.499 0.0000000000
81904  44.825  -12.467  28.889 0.0000000000
81905  46.086  -14.023  30.237 0.0000000000
81906  45.982  -13.595  29.761 0.0000000000
81907  46.722  -14.044  30.327 0.0000000000
81908  47.426  -14.062  30.487 0.0000000000
81909  47.542  -14.418  31.056 0.0000000000
81911  46.446  -15.266  31.939 0.0000000000
82801  37.786  2.735  36.034 0.0000000000
82802  37.173  3.472  36.181 0.0000000000
82803  37.323  3.083  35.682 0.0000000000
82804  36.409  3.350  34.600 0.0000000000
82805  36.283  3.778  35.093 0.0000000000
82806  35.809  4.116  34.795 0.0000000000
82807  35.325  4.868  34.995 0.0000000000
82808  35.354  4.445  34.514 0.0000000000
82810  36.887  2.351  33.265 0.0000000000
82811  36.389  2.696  32.985 0.0000000000
82813  35.141  3.981  33.308 0.0000000000
82814  34.625  4.758  33.428 0.0000000000
82815  34.554  5.203  33.908 0.0000000000
82816  34.200  5.582  33.523 0.0000000000
82913  53.555  -0.155  37.914 0.0000000000
82914  52.945  -0.138  37.253 0.0000000000
82915  53.751  -0.013  37.455 0.0000000000
82916  54.956  0.331  36.864 0.0000000000
82917  54.195  0.364  36.673 0.0000000000
82936  52.663  -4.420  32.801 0.0000000000
92913  46.096  -10.771  27.254 0.0000000000
92914  46.563  -11.442  27.483 0.0000000000
92915  46.052  -11.291  27.583 0.0000000000
92916  45.962  -11.760  27.924 0.0000000000
92917  45.947  -12.214  28.317 0.0000000000
92918  48.311  -17.188  46.825 0.0000000000
92919  48.831  -16.974  46.837 0.0000000000
92920  49.063  -16.673  47.634 0.0000000000
92921  49.771  -16.223  48.349 0.0000000000
92922  50.473  -15.811  48.973 0.0000000000
92971  49.707  -1.017  38.522 0.0000000000
92972  48.668  -1.083  38.343 0.0000000000
92973  49.090  -1.143  37.851 0.0000000000
92974  48.531  -1.195  37.179 0.0000000000
92975  47.900  -1.157  36.519 0.0000000000
92976  47.336  -1.071  35.886 0.0000000000
92977  48.316  -1.062  36.007 0.0000000000
92978  48.800  -0.890  35.511 0.0000000000
92979  49.214  -0.699  35.049 0.0000000000
92980  49.497  -0.473  34.581 0.0000000000
92981  50.085  -0.597  35.250 0.0000000000
92982  50.910  -0.380  35.483 0.0000000000
92983  51.692  -0.225  35.759 0.0000000000
92990  45.820  -9.593  27.055 0.0000000000
92991  45.910  -10.161  27.104 0.0000000000
93993  41.174  -10.053  33.164 0.0000000000
93994  40.771  -10.464  32.550 0.0000000000
93995  40.626  -10.485  33.033 0.0000000000
93996  40.116  -11.020  32.923 0.0000000000
93997  39.769  -11.546  32.866 0.0000000000
93998  36.897  -17.731  35.012 0.0000000000
93999  37.357  -17.804  34.725 0.0000000000
94000  37.269  -18.312  35.025 0.0000000000
94001  37.762  -18.915  35.180 0.0000000000
94002  38.342  -19.440  35.425 0.0000000000
94003  38.988  -19.848  35.790 0.0000000000
94004  38.396  -19.821  35.915 0.0000000000
94005  38.562  -20.170  36.479 0.0000000000
94006  38.696  -20.389  37.084 0.0000000000
94064  42.885  -9.805  36.127 0.0000000000
94065  43.634  -9.452  36.117 0.0000000000
94066  42.923  -9.644  35.653 0.0000000000
94067  42.980  -9.478  35.171 0.0000000000
94068  43.038  -9.339  34.678 0.0000000000
94069  43.065  -9.184  34.172 0.0000000000
94070  42.326  -9.546  34.171 0.0000000000
94071  41.698  -9.745  33.685 0.0000000000
95870  44.925  -16.687  33.475 0.0000000000
96048  36.139  5.075  36.538 0.0000000000
96071  54.634  -3.643  36.163 0.0000000000
96072  55.275  -3.030  36.125 0.0000000000
96073  54.750  -3.507  35.638 0.0000000000
100181  49.214  -13.317  30.052 0.0000000000
100356  44.652  -0.694  37.780 0.0000000000
100358  43.650  -0.418  37.757 0.0000000000
100359  42.641  -0.165  37.815 0.0000000000
100362  41.287  0.187  37.534 0.0000000000
100363  40.775  0.330  37.112 0.0000000000
100364  40.302  0.530  36.751 0.0000000000
100365  39.886  0.753  36.430 0.0000000000
100366  40.615  0.225  36.268 0.0000000000
100367  40.941  0.055  35.800 0.0000000000
100368  41.307  -0.017  35.309 0.0000000000
100369  45.020  -0.409  34.039 0.0000000000
100370  44.041  -0.333  34.090 0.0000000000
100371  44.506  -0.151  33.768 0.0000000000
100372  43.989  0.107  33.573 0.0000000000
100373  43.435  0.366  33.335 0.0000000000
100391  48.904  -6.139  31.882 0.0000000000
100392  49.634  -5.812  31.831 0.0000000000
100393  48.932  -5.976  31.297 0.0000000000
100394  48.957  -5.805  30.693 0.0000000000
100395  48.962  -5.657  30.095 0.0000000000
103416  43.003  -9.949  29.492 0.0000000000
103417  43.061  -10.513  29.206 0.0000000000
103418  42.671  -10.474  29.576 0.0000000000
103419  42.432  -11.009  29.706 0.0000000000
103420  42.209  -11.530  29.873 0.0000000000
103421  40.729  -12.610  31.068 0.0000000000
103422  41.084  -12.605  30.801 0.0000000000
103423  41.017  -13.196  30.926 0.0000000000
103424  41.360  -13.767  30.932 0.0000000000
103425  41.826  -14.420  31.065 0.0000000000
103426  42.315  -15.011  31.331 0.0000000000
103427  41.805  -14.996  31.430 0.0000000000
103428  41.802  -15.597  31.841 0.0000000000
103429  41.959  -16.222  32.255 0.0000000000
103430  38.451  -12.977  34.127 0.0000000000
103431  38.677  -12.901  33.675 0.0000000000
103432  38.377  -13.498  33.651 0.0000000000
103433  38.441  -14.066  33.276 0.0000000000
103434  38.622  -14.695  33.062 0.0000000000
103435  39.224  -17.872  33.815 0.0000000000
103436  39.215  -17.274  33.492 0.0000000000
103437  39.713  -17.862  33.688 0.0000000000
103438  40.217  -17.799  33.552 0.0000000000
103439  40.728  -17.700  33.426 0.0000000000
103440  41.240  -17.589  33.339 0.0000000000
103441  41.380  -18.152  33.843 0.0000000000
103442  42.089  -18.546  34.394 0.0000000000
103443  42.844  -18.797  35.062 0.0000000000
103444  43.537  -18.946  35.802 0.0000000000
103445  43.014  -19.141  35.779 0.0000000000
103446  43.262  -19.434  36.529 0.0000000000
103447  43.453  -19.642  37.318 0.0000000000
103448  42.171  -20.327  38.816 0.0000000000
103449  42.756  -20.183  38.911 0.0000000000
103450  42.965  -20.183  39.758 0.0000000000
103451  43.730  -19.908  40.782 0.0000000000
103452  44.542  -19.512  41.892 0.0000000000
103453  45.346  -19.130  42.961 0.0000000000
103454  44.782  -19.327  42.832 0.0000000000
103617  53.684  -0.429  40.283 0.0000000000
103618  53.963  -0.453  39.870 0.0000000000
103619  54.300  -0.619  40.330 0.0000000000
103620  54.727  -0.927  40.388 0.0000000000
103621  55.082  -1.372  40.287 0.0000000000
103622  54.055  -4.036  40.208 0.0000000000
103623  54.545  -3.531  40.107 0.0000000000
103624  54.132  -4.089  39.670 0.0000000000
103625  54.203  -4.092  39.156 0.0000000000
103626  54.240  -4.081  38.689 0.0000000000
103627  54.319  -4.036  38.233 0.0000000000
103628  53.628  -4.530  38.227 0.0000000000
103629  52.935  -4.853  37.675 0.0000000000
103630  52.141  -5.152  37.115 0.0000000000
103634  48.122  -6.868  39.288 0.0000000000
103635  48.121  -6.863  38.710 0.0000000000
103636  46.388  -7.905  36.097 0.0000000000
103637  47.025  -7.552  36.555 0.0000000000
103638  47.113  -7.551  36.025 0.0000000000
103639  47.813  -7.227  35.997 0.0000000000
103640  48.498  -6.870  35.954 0.0000000000
103641  49.171  -6.528  35.926 0.0000000000
103642  48.529  -6.863  35.410 0.0000000000
103643  48.611  -6.836  34.952 0.0000000000
103644  48.648  -6.768  34.461 0.0000000000
103645  48.689  -6.666  33.956 0.0000000000
103646  48.007  -7.035  33.939 0.0000000000
103647  47.381  -7.242  33.436 0.0000000000
103648  46.775  -7.432  32.979 0.0000000000
103649  43.301  -8.688  32.142 0.0000000000
103650  44.017  -8.358  32.183 0.0000000000
103651  43.470  -8.596  31.626 0.0000000000
103652  43.603  -8.529  31.148 0.0000000000
103653  43.757  -8.486  30.618 0.0000000000
103654  43.933  -8.469  30.056 0.0000000000
103655  43.378  -8.910  30.160 0.0000000000
103656  43.142  -9.409  29.754 0.0000000000
109046  44.236  -12.891  29.386 0.0000000000
109047  44.769  -12.950  29.279 0.0000000000
109048  44.769  -13.438  29.705 0.0000000000
109049  45.452  -13.983  30.184 0.0000000000
109050  46.183  -14.447  30.748 0.0000000000
109576  35.204  8.312  35.882 0.0000000000
109578  35.017  8.698  35.433 0.0000000000
109585  38.115  1.914  35.067 0.0000000000
109586  37.444  2.643  35.201 0.0000000000
109587  37.635  2.272  34.733 0.0000000000
109588  37.078  2.628  34.425 0.0000000000
109589  36.566  2.945  34.145 0.0000000000
109652  54.963  -0.183  38.210 0.0000000000
109653  54.491  0.037  37.658 0.0000000000
109654  55.172  -0.070  37.789 0.0000000000
109655  55.367  0.065  37.382 0.0000000000
109656  55.614  0.179  36.999 0.0000000000
116955  48.240  -11.406  26.969 0.0000000000
116957  48.229  -11.847  27.493 0.0000000000
116958  48.271  -12.266  28.008 0.0000000000
116959  48.343  -12.646  28.605 0.0000000000
116960  47.100  -12.031  27.868 0.0000000000
116961  47.706  -12.545  28.422 0.0000000000
116962  48.437  -12.987  29.192 0.0000000000
116963  48.543  -13.328  29.775 0.0000000000
116964  48.674  -13.676  30.370 0.0000000000
116965  48.830  -13.986  31.006 0.0000000000
116971  49.285  -16.765  46.810 0.0000000000
117095  46.269  -0.801  38.438 0.0000000000
117096  47.669  -1.025  38.141 0.0000000000
117097  46.682  -0.976  37.955 0.0000000000
117098  45.602  -0.853  37.859 0.0000000000
117099  45.023  -0.843  37.332 0.0000000000
117100  44.453  -0.827  36.811 0.0000000000
117101  43.888  -0.769  36.301 0.0000000000
117102  43.347  -0.649  35.808 0.0000000000
117103  44.311  -0.836  35.771 0.0000000000
117104  44.722  -0.854  35.288 0.0000000000
117105  45.145  -0.780  34.813 0.0000000000
117106  46.710  -0.971  35.307 0.0000000000
117107  46.159  -0.835  34.805 0.0000000000
117108  45.587  -0.638  34.378 0.0000000000
117109  46.030  -0.475  33.970 0.0000000000
117110  46.486  -0.231  33.603 0.0000000000
117111  46.914  0.065  33.231 0.0000000000
117116  49.784  -0.206  34.161 0.0000000000
117117  50.105  0.047  33.765 0.0000000000
117122  46.287  -6.905  29.885 0.0000000000
117123  46.890  -6.553  29.812 0.0000000000
117140  47.611  -10.343  26.203 0.0000000000
117141  47.898  -10.874  26.504 0.0000000000
119475  41.871  -9.849  31.215 0.0000000000
119476  41.752  -10.355  30.757 0.0000000000
119477  41.436  -10.365  31.210 0.0000000000
119478  41.073  -10.922  31.185 0.0000000000
119479  40.806  -11.453  31.227 0.0000000000
119480  40.554  -10.919  31.999 0.0000000000
119481  40.507  -11.434  31.610 0.0000000000
119482  40.598  -12.017  31.241 0.0000000000
119483  40.389  -12.635  31.357 0.0000000000
119484  40.228  -13.226  31.487 0.0000000000
119485  40.126  -13.861  31.666 0.0000000000
119486  37.384  -15.369  34.247 0.0000000000
119487  37.748  -15.396  33.907 0.0000000000
119488  37.607  -15.998  34.062 0.0000000000
119489  37.930  -16.651  33.942 0.0000000000
119490  38.321  -17.251  33.902 0.0000000000
119491  37.826  -17.838  34.466 0.0000000000
119492  38.317  -17.879  34.222 0.0000000000
119493  38.798  -17.900  33.997 0.0000000000
119494  39.329  -18.447  34.231 0.0000000000
119495  39.963  -18.945  34.571 0.0000000000
119496  40.643  -19.349  35.041 0.0000000000
119497  41.379  -19.630  35.635 0.0000000000
119498  40.801  -19.742  35.609 0.0000000000
119499  40.981  -20.040  36.292 0.0000000000
119500  41.155  -20.242  37.063 0.0000000000
119501  39.756  -20.163  36.320 0.0000000000
119502  40.552  -20.331  37.039 0.0000000000
119503  41.382  -20.390  37.898 0.0000000000
119504  41.585  -20.433  38.706 0.0000000000
119505  41.850  -20.380  39.594 0.0000000000
119638  53.871  -4.013  40.779 0.0000000000
119639  53.379  -4.468  40.254 0.0000000000
119640  52.745  -4.832  39.763 0.0000000000
119641  51.984  -5.217  39.201 0.0000000000
119642  45.534  -8.540  38.172 0.0000000000
119643  46.135  -8.081  38.188 0.0000000000
119644  45.517  -8.472  37.688 0.0000000000
119645  45.515  -8.413  37.158 0.0000000000
119646  45.613  -8.333  36.655 0.0000000000
119647  44.356  -9.066  36.134 0.0000000000
119648  45.012  -8.662  36.164 0.0000000000
119649  45.687  -8.277  36.126 0.0000000000
119650  45.737  -8.237  35.593 0.0000000000
119651  45.800  -8.173  35.045 0.0000000000
119652  45.847  -8.085  34.500 0.0000000000
119653  45.886  -7.985  33.978 0.0000000000
119654  45.207  -8.274  34.095 0.0000000000
119655  44.572  -8.475  33.626 0.0000000000
119656  43.875  -8.598  33.185 0.0000000000
119657  43.079  -9.027  33.669 0.0000000000
119658  43.146  -8.894  33.179 0.0000000000
119659  43.204  -8.786  32.666 0.0000000000
119660  42.638  -9.052  32.197 0.0000000000
119661  42.220  -9.391  31.711 0.0000000000
123854  44.417  -14.962  31.127 0.0000000000
123855  45.006  -14.932  31.119 0.0000000000
123856  45.143  -15.390  31.682 0.0000000000
124270  35.124  7.476  35.917 0.0000000000
124271  34.899  6.961  35.521 0.0000000000
124272  34.728  6.591  35.156 0.0000000000
124273  39.093  1.173  33.227 0.0000000000
124274  38.305  1.572  33.417 0.0000000000
124275  38.573  1.448  32.942 0.0000000000
124325  56.011  -1.630  37.841 0.0000000000
124326  56.198  -1.077  37.598 0.0000000000
124327  56.174  -1.559  37.368 0.0000000000
129468  40.849  -10.599  35.079 0.0000000000
129469  40.318  -10.869  34.545 0.0000000000
129470  40.254  -11.020  35.002 0.0000000000
129471  39.717  -11.473  34.891 0.0000000000
129472  39.183  -11.957  34.751 0.0000000000
129475  38.701  -12.475  34.647 0.0000000000
129476  38.254  -13.035  34.562 0.0000000000
129477  37.867  -13.567  34.521 0.0000000000
129478  37.572  -14.138  34.484 0.0000000000
129486  37.311  -14.140  34.934 0.0000000000
129487  37.294  -14.698  34.532 0.0000000000
129488  37.030  -15.338  34.604 0.0000000000
129489  36.880  -15.950  34.759 0.0000000000
129490  36.757  -16.508  34.885 0.0000000000
129491  36.240  -15.787  35.497 0.0000000000
129492  36.383  -16.395  35.251 0.0000000000
129493  36.588  -17.092  35.098 0.0000000000
129494  36.443  -17.640  35.328 0.0000000000
129495  36.389  -18.136  35.562 0.0000000000
129496  36.266  -18.587  35.928 0.0000000000
129630  44.245  -9.416  37.596 0.0000000000
129631  43.549  -9.734  37.084 0.0000000000
129634  42.861  -9.962  36.587 0.0000000000
129635  42.162  -10.186  36.120 0.0000000000
129636  41.485  -10.379  35.629 0.0000000000
133800  37.490  3.446  37.008 0.0000000000
133801  38.014  2.739  36.794 0.0000000000
133802  38.179  2.366  36.345 0.0000000000
133803  38.339  1.975  35.971 0.0000000000
133804  39.445  1.033  36.104 0.0000000000
133805  39.039  1.324  35.796 0.0000000000
133806  38.581  1.597  35.446 0.0000000000
133807  38.801  1.302  34.942 0.0000000000
133808  39.052  1.083  34.481 0.0000000000
133809  39.315  0.963  34.041 0.0000000000
133810  42.717  -0.491  35.445 0.0000000000
133811  42.150  -0.296  35.107 0.0000000000
133812  41.635  -0.076  34.854 0.0000000000
133813  43.038  -0.217  34.268 0.0000000000
133814  42.064  -0.034  34.452 0.0000000000
133815  41.144  0.201  34.591 0.0000000000
133816  40.634  0.424  34.287 0.0000000000
133817  40.173  0.623  33.930 0.0000000000
133818  39.645  0.884  33.574 0.0000000000
133819  40.016  0.832  33.105 0.0000000000
133856  51.727  -5.191  33.876 0.0000000000
133857  52.575  -4.707  33.859 0.0000000000
133858  51.824  -5.043  33.368 0.0000000000
133859  51.882  -4.893  32.872 0.0000000000
133860  51.887  -4.749  32.299 0.0000000000
133861  50.371  -5.480  31.758 0.0000000000
133862  51.126  -5.062  31.715 0.0000000000
133867  47.539  -6.221  29.700 0.0000000000
140154  44.398  -10.254  28.135 0.0000000000
140155  44.611  -10.857  28.109 0.0000000000
140156  44.196  -10.750  28.344 0.0000000000
140157  44.034  -11.277  28.559 0.0000000000
140158  43.911  -11.816  28.855 0.0000000000
140159  43.231  -11.095  29.048 0.0000000000
140160  43.447  -11.725  29.072 0.0000000000
140161  43.791  -12.312  29.177 0.0000000000
140162  43.743  -12.839  29.518 0.0000000000
140163  43.724  -13.338  29.862 0.0000000000
140164  43.739  -13.888  30.252 0.0000000000
140165  41.700  -10.915  30.431 0.0000000000
140166  41.828  -11.481  30.177 0.0000000000
140167  42.019  -12.055  30.063 0.0000000000
140168  41.464  -12.604  30.542 0.0000000000
140169  41.889  -12.627  30.288 0.0000000000
140170  42.338  -12.645  30.052 0.0000000000
140171  42.716  -13.249  30.151 0.0000000000
140172  43.235  -13.852  30.346 0.0000000000
140173  43.789  -14.459  30.678 0.0000000000
140174  43.856  -14.968  31.151 0.0000000000
140175  43.942  -15.479  31.644 0.0000000000
140176  44.051  -15.982  32.176 0.0000000000
140177  42.898  -15.582  31.698 0.0000000000
140178  43.540  -16.063  32.173 0.0000000000
140179  44.219  -16.415  32.762 0.0000000000
140180  44.400  -16.833  33.364 0.0000000000
140181  44.546  -17.263  34.031 0.0000000000
140182  44.720  -17.639  34.671 0.0000000000
140183  39.880  -11.211  33.896 0.0000000000
140184  39.588  -11.637  33.318 0.0000000000
140185  39.450  -12.152  32.834 0.0000000000
140186  38.933  -12.840  33.223 0.0000000000
140187  39.195  -12.783  32.792 0.0000000000
140188  39.445  -12.719  32.393 0.0000000000
140189  39.567  -13.300  32.120 0.0000000000
140190  39.763  -13.890  31.943 0.0000000000
140191  40.038  -14.479  31.900 0.0000000000
140192  38.143  -15.381  33.552 0.0000000000
140193  38.518  -15.352  33.225 0.0000000000
140194  38.884  -15.305  32.916 0.0000000000
140195  39.212  -16.605  33.163 0.0000000000
140196  39.203  -15.948  32.904 0.0000000000
140197  39.257  -15.271  32.638 0.0000000000
140198  39.621  -15.212  32.386 0.0000000000
140199  39.989  -15.145  32.156 0.0000000000
140200  40.435  -15.093  31.915 0.0000000000
140201  40.918  -15.701  32.097 0.0000000000
140202  41.457  -16.288  32.340 0.0000000000
140203  42.086  -16.833  32.737 0.0000000000
140204  41.746  -17.485  33.273 0.0000000000
140205  42.259  -17.391  33.240 0.0000000000
140206  42.786  -17.278  33.261 0.0000000000
140207  43.456  -17.604  33.848 0.0000000000
140208  44.206  -17.833  34.552 0.0000000000
140213  44.291  -19.000  36.659 0.0000000000
140214  44.999  -18.978  37.567 0.0000000000
140219  42.126  -19.781  36.374 0.0000000000
140220  42.903  -19.809  37.268 0.0000000000
140221  43.667  -19.769  38.214 0.0000000000
140222  43.298  -20.018  38.972 0.0000000000
140223  43.853  -19.835  39.105 0.0000000000
140224  44.402  -19.637  39.205 0.0000000000
140225  45.168  -19.385  40.211 0.0000000000
140226  45.926  -19.064  41.220 0.0000000000
140227  46.659  -18.685  42.232 0.0000000000
140228  46.950  -18.455  43.257 0.0000000000
140229  47.141  -18.234  44.183 0.0000000000
140230  47.357  -17.980  45.055 0.0000000000
140231  46.150  -18.696  44.024 0.0000000000
140232  46.921  -18.202  45.046 0.0000000000
140233  47.632  -17.699  45.957 0.0000000000
140234  47.833  -17.411  46.853 0.0000000000
140562  50.301  -0.833  39.229 0.0000000000
140563  50.776  -0.855  38.750 0.0000000000
140564  51.227  -0.777  38.272 0.0000000000
140565  51.615  -0.633  37.769 0.0000000000
140566  51.860  -0.492  37.330 0.0000000000
140567  52.484  -0.438  38.007 0.0000000000
140568  53.323  -0.279  38.330 0.0000000000
140569  54.073  -0.204  38.476 0.0000000000
140570  54.236  -0.432  39.462 0.0000000000
140571  54.492  -0.350  39.052 0.0000000000
140572  54.742  -0.272  38.628 0.0000000000
140573  55.320  -0.509  38.664 0.0000000000
140574  55.666  -0.833  38.606 0.0000000000
140575  55.880  -1.266  38.462 0.0000000000
140576  54.837  -1.778  41.068 0.0000000000
140577  55.058  -1.809  40.600 0.0000000000
140578  55.249  -1.855  40.110 0.0000000000
140579  54.971  -2.921  40.018 0.0000000000
140580  55.269  -2.375  39.860 0.0000000000
140581  55.438  -1.861  39.625 0.0000000000
140582  55.610  -1.788  39.161 0.0000000000
140583  55.771  -1.739  38.699 0.0000000000
140584  55.897  -1.696  38.265 0.0000000000
140585  55.761  -2.190  37.987 0.0000000000
140586  55.521  -2.682  37.581 0.0000000000
140587  55.130  -3.184  37.145 0.0000000000
140588  54.431  -3.888  37.740 0.0000000000
140589  54.518  -3.768  37.206 0.0000000000
140590  54.567  -3.744  36.665 0.0000000000
140591  53.890  -4.192  36.119 0.0000000000
140592  53.199  -4.562  35.538 0.0000000000
140593  52.433  -4.916  34.951 0.0000000000
140598  50.311  -5.768  40.470 0.0000000000
140599  51.040  -5.455  40.403 0.0000000000
140600  51.110  -5.477  39.828 0.0000000000
140601  51.185  -5.498  39.246 0.0000000000
140602  51.224  -5.506  38.644 0.0000000000
140603  46.780  -7.632  38.145 0.0000000000
140604  47.464  -7.235  38.114 0.0000000000
140605  48.195  -6.849  38.133 0.0000000000
140606  47.642  -7.184  37.051 0.0000000000
140607  48.271  -6.838  37.570 0.0000000000
140608  48.918  -6.502  38.109 0.0000000000
140609  49.665  -6.195  38.090 0.0000000000
140610  50.455  -5.835  38.129 0.0000000000
140611  51.275  -5.531  38.119 0.0000000000
140612  51.301  -5.535  37.583 0.0000000000
140613  51.329  -5.519  37.086 0.0000000000
140614  51.367  -5.513  36.526 0.0000000000
140615  49.884  -6.176  35.957 0.0000000000
140616  50.655  -5.825  36.013 0.0000000000
140617  51.426  -5.484  35.975 0.0000000000
140618  51.498  -5.432  35.439 0.0000000000
140619  51.594  -5.343  34.925 0.0000000000
140620  51.660  -5.277  34.394 0.0000000000
140621  50.967  -5.601  33.910 0.0000000000
140622  50.290  -5.866  33.389 0.0000000000
140623  49.584  -6.075  32.880 0.0000000000
140624  48.753  -6.532  33.437 0.0000000000
140625  48.829  -6.401  32.908 0.0000000000
140626  48.879  -6.273  32.393 0.0000000000
140627  48.193  -6.451  31.901 0.0000000000
140628  47.509  -6.610  31.434 0.0000000000
140629  46.846  -6.781  30.958 0.0000000000
140630  45.905  -7.887  33.479 0.0000000000
140631  46.036  -7.754  32.966 0.0000000000
140632  46.094  -7.593  32.449 0.0000000000
140633  44.712  -8.031  32.120 0.0000000000
140634  45.424  -7.718  32.006 0.0000000000
140635  46.107  -7.425  31.938 0.0000000000
140636  46.160  -7.284  31.445 0.0000000000
140637  46.194  -7.133  30.939 0.0000000000
140638  46.229  -7.003  30.431 0.0000000000
140639  45.678  -7.304  29.919 0.0000000000
140646  44.390  -9.695  28.232 0.0000000000
151526  44.931  -11.461  28.165 0.0000000000
151527  45.408  -12.080  28.384 0.0000000000
151528  45.900  -12.645  28.756 0.0000000000
151529  45.310  -13.042  29.268 0.0000000000
151530  45.921  -13.122  29.261 0.0000000000
151531  46.555  -13.199  29.292 0.0000000000
151532  47.341  -13.668  29.926 0.0000000000
151533  48.128  -14.044  30.712 0.0000000000
151535  45.620  -14.905  31.218 0.0000000000
151536  46.259  -14.878  31.321 0.0000000000
151537  46.940  -14.843  31.467 0.0000000000
151712  35.398  -17.822  36.332 0.0000000000
151713  35.717  -18.412  36.292 0.0000000000
151714  36.130  -19.000  36.349 0.0000000000
151740  36.075  -19.364  36.813 0.0000000000
151741  36.707  -19.538  36.500 0.0000000000
151742  37.340  -19.997  36.769 0.0000000000
151743  37.987  -20.312  37.188 0.0000000000
152605  37.065  3.804  36.698 0.0000000000
152606  36.573  4.270  36.349 0.0000000000
152607  36.146  4.615  36.061 0.0000000000
152608  36.799  3.423  35.361 0.0000000000
152609  36.194  4.188  35.580 0.0000000000
152610  35.715  4.968  35.759 0.0000000000
152611  35.306  5.370  35.431 0.0000000000
152612  34.953  5.740  35.100 0.0000000000
152613  34.628  6.114  34.763 0.0000000000
152614  37.448  2.079  33.565 0.0000000000
152615  36.711  2.627  33.712 0.0000000000
152616  36.050  3.296  33.893 0.0000000000
152617  35.744  3.307  33.134 0.0000000000
152618  35.604  3.613  33.634 0.0000000000
152619  35.424  4.011  34.066 0.0000000000
152620  34.913  4.805  34.221 0.0000000000
152621  34.551  5.624  34.352 0.0000000000
152622  34.331  6.507  34.382 0.0000000000
152623  34.097  6.967  33.984 0.0000000000
152740  52.106  -0.331  36.950 0.0000000000
152741  52.343  -0.166  36.526 0.0000000000
152742  52.605  0.033  36.042 0.0000000000
152743  53.935  0.187  37.049 0.0000000000
152744  53.386  0.239  36.308 0.0000000000
152745  52.866  0.213  35.570 0.0000000000
152749  56.216  -0.512  37.331 0.0000000000
152767  53.393  -4.198  33.931 0.0000000000
