#!ascii label  , from subject fsaverage vox2ras=TkReg
614
97  15.622  -42.157  57.546 0.0000000000
220  7.581  -38.817  59.711 0.0000000000
465  17.668  -42.605  48.178 0.0000000000
713  7.581  -39.797  64.448 0.0000000000
1017  16.728  -42.515  52.964 0.0000000000
1546  12.652  -38.651  59.135 0.0000000000
1547  14.327  -38.001  55.039 0.0000000000
1571  12.602  -39.369  63.318 0.0000000000
2046  16.355  -37.958  50.842 0.0000000000
2633  4.283  -38.350  64.012 0.0000000000
2937  16.136  -42.320  55.274 0.0000000000
3535  10.203  -38.369  59.524 0.0000000000
3536  10.874  -37.564  57.555 0.0000000000
3574  10.101  -39.452  68.428 0.0000000000
3575  7.570  -39.436  62.025 0.0000000000
3576  10.030  -39.223  63.881 0.0000000000
3577  10.167  -38.894  61.692 0.0000000000
3578  12.669  -39.090  61.236 0.0000000000
4483  16.693  -44.678  49.054 0.0000000000
4487  17.809  -42.263  45.750 0.0000000000
4489  15.351  -37.952  52.961 0.0000000000
5866  5.350  -38.710  60.386 0.0000000000
5888  5.742  -40.494  67.891 0.0000000000
5889  7.705  -40.082  66.944 0.0000000000
5890  5.622  -40.064  65.300 0.0000000000
5891  5.547  -39.449  62.830 0.0000000000
6437  17.259  -42.624  50.572 0.0000000000
7444  14.656  -39.973  58.594 0.0000000000
7445  15.219  -39.958  56.405 0.0000000000
7446  13.449  -38.277  57.097 0.0000000000
7501  10.050  -39.414  66.129 0.0000000000
7502  12.485  -39.690  65.435 0.0000000000
7504  14.206  -41.145  62.648 0.0000000000
7505  14.452  -40.477  60.607 0.0000000000
8706  15.951  -40.019  54.192 0.0000000000
8707  16.733  -40.185  51.925 0.0000000000
8708  17.588  -40.229  49.699 0.0000000000
8710  17.320  -37.849  48.631 0.0000000000
8711  18.241  -40.181  47.245 0.0000000000
10617  15.888  -42.254  56.378 0.0000000000
11215  8.884  -38.590  59.617 0.0000000000
11216  9.153  -38.071  58.578 0.0000000000
11255  7.544  -39.172  60.841 0.0000000000
11256  8.803  -39.160  61.796 0.0000000000
11257  8.895  -38.893  60.706 0.0000000000
11258  10.170  -38.660  60.600 0.0000000000
12163  17.203  -43.715  48.591 0.0000000000
12164  16.699  -44.554  47.893 0.0000000000
12165  17.273  -43.573  47.416 0.0000000000
12166  17.253  -43.304  46.246 0.0000000000
12167  17.785  -42.465  46.937 0.0000000000
13615  4.694  -38.202  61.066 0.0000000000
13653  5.693  -40.308  66.600 0.0000000000
13654  4.763  -39.816  65.801 0.0000000000
13655  4.400  -37.917  62.931 0.0000000000
13656  4.797  -39.082  63.357 0.0000000000
13657  4.792  -38.622  62.212 0.0000000000
13658  5.436  -39.103  61.558 0.0000000000
14563  16.546  -43.528  53.525 0.0000000000
14565  16.775  -43.661  52.292 0.0000000000
14566  16.990  -43.765  51.053 0.0000000000
14567  17.026  -42.633  51.768 0.0000000000
16360  13.733  -39.179  58.919 0.0000000000
16361  14.112  -39.105  57.845 0.0000000000
16362  13.059  -38.486  58.122 0.0000000000
16364  11.364  -37.218  56.564 0.0000000000
16480  7.638  -39.972  65.676 0.0000000000
16481  8.804  -39.723  66.513 0.0000000000
16482  8.831  -39.627  65.310 0.0000000000
16483  11.368  -39.117  63.584 0.0000000000
16484  11.353  -39.230  64.679 0.0000000000
16485  12.577  -39.594  64.377 0.0000000000
16486  13.409  -40.639  64.981 0.0000000000
16487  13.538  -40.354  64.031 0.0000000000
16488  14.077  -41.464  63.584 0.0000000000
16489  13.565  -40.114  63.027 0.0000000000
16490  12.634  -38.870  60.168 0.0000000000
16491  13.709  -39.660  60.982 0.0000000000
16492  13.708  -39.398  59.916 0.0000000000
16493  14.575  -40.224  59.599 0.0000000000
19218  14.784  -38.873  55.743 0.0000000000
19219  15.549  -39.954  55.292 0.0000000000
19220  15.261  -38.900  54.680 0.0000000000
19221  15.855  -37.965  51.887 0.0000000000
19222  16.163  -39.010  52.472 0.0000000000
19223  16.632  -39.047  51.436 0.0000000000
19224  17.188  -40.206  50.814 0.0000000000
19225  17.117  -39.035  50.306 0.0000000000
19232  17.925  -39.002  47.999 0.0000000000
23169  4.209  -38.893  65.181 0.0000000000
23717  16.403  -42.367  54.182 0.0000000000
24793  11.442  -38.373  59.368 0.0000000000
24794  11.851  -38.075  58.359 0.0000000000
24795  10.551  -37.977  58.519 0.0000000000
24864  11.421  -39.418  67.931 0.0000000000
24865  7.576  -39.632  63.209 0.0000000000
24866  8.758  -39.478  64.169 0.0000000000
24867  8.804  -39.331  62.948 0.0000000000
24868  10.089  -39.049  62.768 0.0000000000
24869  11.370  -38.966  62.534 0.0000000000
24870  12.592  -39.251  62.269 0.0000000000
24871  11.422  -38.832  61.498 0.0000000000
24872  11.467  -38.619  60.457 0.0000000000
26508  13.599  -37.200  54.306 0.0000000000
26509  14.821  -37.953  54.030 0.0000000000
26510  14.197  -37.104  53.326 0.0000000000
26511  14.762  -37.033  52.272 0.0000000000
29044  6.361  -38.935  59.899 0.0000000000
29097  7.773  -40.134  68.227 0.0000000000
29098  6.697  -40.355  67.395 0.0000000000
29099  6.612  -40.227  66.100 0.0000000000
29100  6.603  -40.034  64.817 0.0000000000
29101  4.832  -39.473  64.574 0.0000000000
29102  5.591  -39.804  64.062 0.0000000000
29103  6.539  -39.804  63.653 0.0000000000
29104  6.476  -39.535  62.347 0.0000000000
29105  6.415  -39.265  61.122 0.0000000000
30375  16.672  -44.716  50.289 0.0000000000
30376  17.140  -43.754  49.844 0.0000000000
30377  17.488  -42.642  49.357 0.0000000000
32818  15.282  -41.034  58.107 0.0000000000
32819  15.529  -41.056  56.973 0.0000000000
32820  14.935  -39.970  57.495 0.0000000000
32821  14.437  -38.964  56.781 0.0000000000
32822  13.877  -38.104  56.086 0.0000000000
32823  12.291  -37.807  57.360 0.0000000000
32824  12.666  -37.538  56.342 0.0000000000
32825  13.111  -37.358  55.301 0.0000000000
32971  8.843  -39.775  67.698 0.0000000000
32972  10.037  -39.448  67.251 0.0000000000
32973  11.398  -39.400  66.828 0.0000000000
32974  10.058  -39.341  64.958 0.0000000000
32975  11.301  -39.303  65.800 0.0000000000
32976  12.572  -39.906  66.412 0.0000000000
32977  13.346  -40.869  65.932 0.0000000000
32983  13.712  -39.917  62.023 0.0000000000
32984  14.384  -40.832  61.620 0.0000000000
32985  14.769  -41.991  61.108 0.0000000000
32986  14.952  -41.555  60.142 0.0000000000
32987  15.134  -41.284  59.126 0.0000000000
36366  15.801  -41.094  55.857 0.0000000000
36367  16.083  -41.142  54.763 0.0000000000
36368  16.457  -41.278  53.614 0.0000000000
36369  15.718  -38.952  53.598 0.0000000000
36370  16.347  -40.134  53.044 0.0000000000
36371  16.801  -41.367  52.422 0.0000000000
36372  17.132  -41.392  51.298 0.0000000000
36373  17.474  -41.394  50.141 0.0000000000
36374  17.778  -41.434  48.954 0.0000000000
36380  16.841  -37.916  49.790 0.0000000000
36381  17.567  -39.080  49.141 0.0000000000
36382  17.948  -40.258  48.501 0.0000000000
36383  18.039  -41.426  47.741 0.0000000000
36384  18.182  -41.242  46.467 0.0000000000
41337  15.769  -42.196  56.952 0.0000000000
41935  8.222  -38.713  59.654 0.0000000000
41936  8.352  -38.455  59.104 0.0000000000
41937  7.694  -38.576  59.128 0.0000000000
41975  7.593  -38.992  60.274 0.0000000000
41976  8.217  -39.036  60.762 0.0000000000
41977  8.260  -38.869  60.215 0.0000000000
41978  8.887  -38.743  60.165 0.0000000000
42883  17.440  -43.166  48.380 0.0000000000
42884  17.254  -43.645  48.001 0.0000000000
42885  17.495  -43.112  47.798 0.0000000000
42886  17.559  -43.007  47.212 0.0000000000
42887  17.757  -42.548  47.612 0.0000000000
44335  4.555  -37.847  61.422 0.0000000000
44373  4.792  -39.999  66.448 0.0000000000
44374  4.422  -39.610  66.090 0.0000000000
44375  4.446  -37.642  62.405 0.0000000000
44376  4.574  -38.305  62.554 0.0000000000
44377  4.557  -38.066  61.989 0.0000000000
44378  4.728  -38.427  61.620 0.0000000000
45283  16.638  -42.987  53.264 0.0000000000
45284  16.644  -43.576  52.896 0.0000000000
45285  16.782  -43.088  52.648 0.0000000000
45286  16.921  -43.177  52.024 0.0000000000
45287  16.879  -42.590  52.385 0.0000000000
47080  13.214  -38.887  59.046 0.0000000000
47081  13.410  -38.857  58.511 0.0000000000
47082  12.866  -38.591  58.624 0.0000000000
47200  7.586  -39.920  65.065 0.0000000000
47201  8.219  -39.800  65.482 0.0000000000
47202  8.149  -39.725  64.895 0.0000000000
47203  12.004  -39.205  63.462 0.0000000000
47204  12.011  -39.264  63.998 0.0000000000
47205  12.585  -39.474  63.845 0.0000000000
47206  13.089  -39.926  64.210 0.0000000000
47207  13.090  -39.813  63.690 0.0000000000
47208  13.526  -40.228  63.527 0.0000000000
47209  13.137  -39.701  63.216 0.0000000000
47210  12.662  -38.761  59.655 0.0000000000
47211  13.190  -39.106  60.029 0.0000000000
47212  13.213  -38.993  59.550 0.0000000000
47213  13.737  -39.282  59.436 0.0000000000
49938  14.592  -38.436  55.409 0.0000000000
49939  15.021  -38.885  55.204 0.0000000000
49940  14.834  -38.430  54.865 0.0000000000
49941  16.103  -37.968  51.387 0.0000000000
49942  16.278  -38.495  51.676 0.0000000000
49943  16.521  -38.494  51.150 0.0000000000
49944  16.864  -39.070  50.877 0.0000000000
49945  16.760  -38.481  50.583 0.0000000000
54883  16.092  -42.845  55.521 0.0000000000
54885  16.223  -42.880  54.957 0.0000000000
54886  16.354  -42.968  54.398 0.0000000000
54887  16.286  -42.392  54.732 0.0000000000
56680  10.839  -38.321  59.449 0.0000000000
56681  10.999  -38.159  58.936 0.0000000000
56682  10.351  -38.173  59.011 0.0000000000
56684  9.351  -37.809  58.097 0.0000000000
56799  10.755  -39.394  68.184 0.0000000000
56800  7.582  -39.545  62.593 0.0000000000
56801  8.187  -39.488  63.066 0.0000000000
56802  8.178  -39.408  62.450 0.0000000000
56803  9.482  -39.014  61.735 0.0000000000
56804  9.450  -39.095  62.297 0.0000000000
56805  10.127  -38.971  62.236 0.0000000000
56806  10.739  -38.979  62.669 0.0000000000
56807  10.741  -38.912  62.151 0.0000000000
56808  11.364  -38.912  62.026 0.0000000000
56809  10.825  -38.816  61.627 0.0000000000
56810  10.187  -38.518  60.069 0.0000000000
56811  10.812  -38.614  60.534 0.0000000000
56812  10.813  -38.484  59.997 0.0000000000
56813  11.446  -38.507  59.896 0.0000000000
59526  16.664  -44.471  47.322 0.0000000000
59533  17.531  -42.803  45.995 0.0000000000
59539  13.935  -37.149  53.818 0.0000000000
63880  5.822  -38.872  60.117 0.0000000000
63881  5.838  -38.667  59.518 0.0000000000
63882  5.284  -38.582  59.712 0.0000000000
63993  6.690  -40.447  68.025 0.0000000000
63994  6.222  -40.447  67.643 0.0000000000
63995  5.642  -40.190  65.917 0.0000000000
63996  6.131  -40.288  66.333 0.0000000000
63997  6.103  -40.199  65.702 0.0000000000
63998  6.621  -40.122  65.464 0.0000000000
63999  6.098  -40.078  65.043 0.0000000000
64000  4.246  -38.625  64.603 0.0000000000
64001  4.482  -39.238  64.881 0.0000000000
64002  4.506  -39.000  64.277 0.0000000000
64003  5.158  -39.300  63.087 0.0000000000
64004  5.149  -39.500  63.675 0.0000000000
64005  5.557  -39.648  63.426 0.0000000000
64006  6.067  -39.826  63.863 0.0000000000
64007  6.000  -39.725  63.209 0.0000000000
64008  6.514  -39.692  62.986 0.0000000000
64009  5.975  -39.536  62.586 0.0000000000
64010  5.411  -38.934  60.949 0.0000000000
64011  5.928  -39.213  61.336 0.0000000000
64012  5.822  -39.095  60.676 0.0000000000
64013  6.329  -39.133  60.501 0.0000000000
66733  17.148  -43.193  50.809 0.0000000000
66734  17.063  -43.742  50.437 0.0000000000
66735  17.226  -43.171  50.203 0.0000000000
66736  17.344  -43.169  49.625 0.0000000000
66737  17.369  -42.600  50.008 0.0000000000
72115  15.002  -40.500  58.366 0.0000000000
72116  15.142  -40.477  57.807 0.0000000000
72117  14.787  -39.949  58.044 0.0000000000
72118  13.769  -38.663  57.457 0.0000000000
72119  14.252  -39.011  57.315 0.0000000000
72120  13.957  -38.589  56.943 0.0000000000
72121  14.186  -38.520  56.441 0.0000000000
72122  13.667  -38.164  56.599 0.0000000000
72123  11.406  -37.826  57.965 0.0000000000
72124  12.073  -37.917  57.866 0.0000000000
72125  11.615  -37.655  57.473 0.0000000000
72126  11.581  -37.097  56.020 0.0000000000
72127  12.025  -37.356  56.457 0.0000000000
72128  12.231  -37.231  55.923 0.0000000000
72129  12.873  -37.443  55.822 0.0000000000
72130  12.458  -37.133  55.411 0.0000000000
72131  12.674  -37.022  54.906 0.0000000000
72475  7.744  -40.115  67.557 0.0000000000
72476  8.307  -39.947  67.957 0.0000000000
72477  8.264  -39.954  67.319 0.0000000000
72478  9.424  -39.557  66.329 0.0000000000
72479  9.419  -39.589  66.886 0.0000000000
72480  10.045  -39.437  66.661 0.0000000000
72481  10.749  -39.381  67.048 0.0000000000
72482  10.708  -39.315  66.530 0.0000000000
72483  9.388  -39.344  64.027 0.0000000000
72484  9.425  -39.403  64.625 0.0000000000
72485  10.098  -39.244  64.443 0.0000000000
72486  11.948  -39.408  65.066 0.0000000000
72487  11.294  -39.242  65.260 0.0000000000
72488  11.908  -39.438  65.633 0.0000000000
72489  11.955  -39.502  66.128 0.0000000000
72490  12.517  -39.739  65.936 0.0000000000
72491  13.001  -40.346  66.181 0.0000000000
72492  12.989  -40.216  65.706 0.0000000000
72493  13.736  -41.233  64.740 0.0000000000
72500  14.110  -41.265  63.114 0.0000000000
72504  14.417  -41.698  62.397 0.0000000000
72505  12.616  -39.163  61.775 0.0000000000
72506  13.148  -39.520  62.147 0.0000000000
72507  13.187  -39.456  61.652 0.0000000000
72508  14.125  -40.011  60.793 0.0000000000
72509  14.109  -40.186  61.342 0.0000000000
72510  14.416  -40.638  61.119 0.0000000000
72511  14.610  -41.384  61.375 0.0000000000
72512  14.669  -41.163  60.881 0.0000000000
72513  14.878  -41.786  60.636 0.0000000000
72514  14.726  -40.996  60.395 0.0000000000
72515  14.632  -40.123  59.091 0.0000000000
72516  14.919  -40.712  59.373 0.0000000000
72517  14.955  -40.624  58.857 0.0000000000
72518  15.235  -41.174  58.615 0.0000000000
80688  15.417  -40.529  56.687 0.0000000000
80689  15.666  -41.097  56.419 0.0000000000
80690  15.535  -40.518  56.138 0.0000000000
80691  15.744  -39.987  54.776 0.0000000000
80692  15.845  -40.545  55.031 0.0000000000
80693  16.039  -40.615  54.488 0.0000000000
80694  16.280  -41.248  54.195 0.0000000000
80695  16.218  -40.629  53.906 0.0000000000
80696  15.085  -37.936  53.500 0.0000000000
80697  15.306  -38.427  53.827 0.0000000000
80698  15.557  -38.431  53.306 0.0000000000
80699  16.489  -39.596  52.200 0.0000000000
80700  16.254  -39.554  52.729 0.0000000000
80701  16.526  -40.156  52.472 0.0000000000
80702  16.599  -40.758  52.733 0.0000000000
80703  16.766  -40.782  52.173 0.0000000000
80704  16.962  -41.399  51.862 0.0000000000
80705  16.950  -40.785  51.626 0.0000000000
80706  17.384  -40.218  50.280 0.0000000000
80707  17.363  -40.797  50.484 0.0000000000
80708  17.564  -40.819  49.915 0.0000000000
80709  17.634  -41.448  49.541 0.0000000000
80710  17.712  -40.831  49.348 0.0000000000
80725  16.667  -37.371  49.470 0.0000000000
80726  17.100  -37.924  49.203 0.0000000000
80727  17.259  -38.518  49.471 0.0000000000
80728  17.469  -38.472  48.893 0.0000000000
80729  18.129  -39.617  47.643 0.0000000000
80730  17.949  -39.680  48.240 0.0000000000
80731  18.078  -40.266  47.849 0.0000000000
80732  18.030  -40.854  48.133 0.0000000000
80733  18.148  -40.796  47.458 0.0000000000
80734  18.144  -41.315  47.108 0.0000000000
80735  18.258  -40.713  46.834 0.0000000000
92837  16.013  -42.278  55.820 0.0000000000
93913  9.545  -38.469  59.576 0.0000000000
93914  9.682  -38.230  59.049 0.0000000000
93915  9.015  -38.330  59.081 0.0000000000
93916  8.480  -38.173  58.566 0.0000000000
93985  7.557  -39.324  61.425 0.0000000000
93986  8.171  -39.319  61.874 0.0000000000
93987  8.198  -39.201  61.327 0.0000000000
93988  8.877  -39.034  61.222 0.0000000000
93989  9.516  -38.900  61.196 0.0000000000
93990  10.183  -38.782  61.148 0.0000000000
93991  9.566  -38.751  60.653 0.0000000000
93992  9.521  -38.622  60.115 0.0000000000
95619  16.954  -44.217  48.823 0.0000000000
95620  16.708  -44.636  48.472 0.0000000000
95621  16.994  -44.152  48.235 0.0000000000
95622  16.995  -44.084  47.643 0.0000000000
95623  16.999  -43.963  47.062 0.0000000000
95624  16.955  -43.809  46.527 0.0000000000
95625  17.295  -43.419  46.852 0.0000000000
95626  17.542  -42.903  46.585 0.0000000000
95627  17.790  -42.357  46.334 0.0000000000
98233  4.945  -38.467  60.695 0.0000000000
98234  4.951  -38.296  60.044 0.0000000000
98235  4.708  -37.987  60.404 0.0000000000
98300  5.239  -40.352  67.487 0.0000000000
98301  5.679  -40.397  67.209 0.0000000000
98302  5.231  -40.242  66.845 0.0000000000
98303  5.212  -40.118  66.162 0.0000000000
98304  5.165  -39.995  65.556 0.0000000000
98305  4.327  -38.149  63.422 0.0000000000
98306  4.516  -38.739  63.668 0.0000000000
98307  4.546  -38.537  63.098 0.0000000000
98308  4.802  -38.853  62.793 0.0000000000
98309  5.111  -39.109  62.495 0.0000000000
98310  5.498  -39.270  62.189 0.0000000000
98311  5.072  -38.884  61.878 0.0000000000
98312  5.043  -38.710  61.263 0.0000000000
99943  16.674  -44.216  51.885 0.0000000000
99944  16.771  -44.257  51.263 0.0000000000
99945  16.874  -43.735  51.648 0.0000000000
99946  17.044  -43.209  51.408 0.0000000000
99947  17.164  -42.629  51.177 0.0000000000
103174  14.221  -39.532  58.767 0.0000000000
103175  14.390  -39.517  58.222 0.0000000000
103176  13.949  -39.164  58.365 0.0000000000
103177  13.611  -38.771  57.985 0.0000000000
103178  13.288  -38.375  57.602 0.0000000000
103180  11.116  -37.395  57.047 0.0000000000
103390  7.642  -40.047  66.335 0.0000000000
103391  8.224  -39.919  66.731 0.0000000000
103392  8.198  -39.874  66.145 0.0000000000
103393  8.794  -39.695  65.964 0.0000000000
103394  9.417  -39.508  65.781 0.0000000000
103395  10.707  -39.107  63.707 0.0000000000
103396  10.706  -39.181  64.294 0.0000000000
103397  11.352  -39.182  64.140 0.0000000000
103398  11.984  -39.338  64.530 0.0000000000
103399  12.551  -39.674  64.895 0.0000000000
103400  12.988  -40.072  65.231 0.0000000000
103401  13.098  -40.040  64.716 0.0000000000
103402  13.507  -40.513  64.477 0.0000000000
103403  13.797  -41.064  64.272 0.0000000000
103405  13.847  -40.889  63.809 0.0000000000
103406  13.858  -40.703  63.347 0.0000000000
103407  13.919  -40.589  62.806 0.0000000000
103408  12.681  -39.009  60.689 0.0000000000
103409  13.221  -39.355  61.133 0.0000000000
103410  13.203  -39.230  60.581 0.0000000000
103411  13.714  -39.549  60.451 0.0000000000
103412  14.166  -39.934  60.295 0.0000000000
103413  14.544  -40.373  60.110 0.0000000000
103414  14.170  -39.783  59.776 0.0000000000
103415  14.253  -39.669  59.298 0.0000000000
108318  15.004  -39.398  56.081 0.0000000000
108319  15.368  -39.932  55.857 0.0000000000
108320  15.195  -39.375  55.530 0.0000000000
108321  15.410  -39.411  54.992 0.0000000000
108322  15.649  -39.443  54.484 0.0000000000
108323  15.585  -37.951  52.422 0.0000000000
108324  15.787  -38.459  52.731 0.0000000000
108325  16.042  -38.476  52.176 0.0000000000
108326  16.411  -39.049  51.951 0.0000000000
108327  16.715  -39.624  51.667 0.0000000000
108328  16.962  -40.185  51.375 0.0000000000
108329  16.929  -39.621  51.129 0.0000000000
108330  17.147  -39.632  50.603 0.0000000000
108331  17.412  -39.618  50.017 0.0000000000
108342  17.647  -38.386  48.318 0.0000000000
108343  17.839  -38.364  47.737 0.0000000000
108344  18.084  -38.909  47.422 0.0000000000
108345  18.259  -39.518  47.015 0.0000000000
108346  18.333  -40.094  46.600 0.0000000000
116776  16.487  -42.939  53.858 0.0000000000
116777  16.573  -42.387  53.579 0.0000000000
119287  12.046  -38.484  59.266 0.0000000000
119288  12.277  -38.362  58.721 0.0000000000
119289  11.626  -38.197  58.827 0.0000000000
119290  11.222  -37.988  58.438 0.0000000000
119291  10.717  -37.768  58.041 0.0000000000
119292  9.853  -38.004  58.562 0.0000000000
119293  10.030  -37.749  58.089 0.0000000000
119294  10.185  -37.549  57.599 0.0000000000
119454  12.030  -39.622  67.694 0.0000000000
119455  7.577  -39.726  63.821 0.0000000000
119456  8.104  -39.663  64.293 0.0000000000
119457  8.167  -39.581  63.677 0.0000000000
119458  8.797  -39.428  63.535 0.0000000000
119459  9.404  -39.271  63.426 0.0000000000
119460  8.808  -39.249  62.363 0.0000000000
119461  9.432  -39.169  62.846 0.0000000000
119462  10.056  -39.138  63.296 0.0000000000
119463  10.707  -39.047  63.171 0.0000000000
119464  11.387  -39.035  63.059 0.0000000000
119465  12.036  -39.145  62.937 0.0000000000
119466  12.633  -39.333  62.810 0.0000000000
119467  12.020  -39.070  62.397 0.0000000000
119468  12.014  -38.974  61.868 0.0000000000
119469  12.028  -38.921  61.365 0.0000000000
119470  10.850  -38.700  61.071 0.0000000000
119471  11.489  -38.747  60.972 0.0000000000
119472  12.100  -38.850  60.826 0.0000000000
119473  12.062  -38.699  60.316 0.0000000000
119474  12.085  -38.589  59.765 0.0000000000
123288  13.988  -37.585  54.682 0.0000000000
123289  14.553  -37.950  54.543 0.0000000000
123290  14.289  -37.563  54.186 0.0000000000
123291  14.561  -37.519  53.673 0.0000000000
123292  14.838  -37.520  53.186 0.0000000000
123294  14.529  -37.098  52.830 0.0000000000
123295  15.088  -37.501  52.646 0.0000000000
123296  15.347  -37.471  52.092 0.0000000000
123297  15.606  -37.461  51.589 0.0000000000
123298  15.872  -37.434  51.063 0.0000000000
129298  6.960  -38.892  59.789 0.0000000000
129299  7.026  -38.654  59.191 0.0000000000
129300  6.422  -38.688  59.343 0.0000000000
129442  7.278  -40.310  68.447 0.0000000000
129443  7.227  -40.279  67.797 0.0000000000
129444  7.196  -40.222  67.171 0.0000000000
129445  6.160  -40.365  66.988 0.0000000000
129446  6.658  -40.297  66.759 0.0000000000
129447  7.172  -40.197  66.521 0.0000000000
129448  7.112  -40.126  65.885 0.0000000000
129449  7.109  -40.030  65.255 0.0000000000
129450  7.086  -39.923  64.619 0.0000000000
129451  4.426  -39.405  65.459 0.0000000000
129452  4.774  -39.640  65.197 0.0000000000
129453  5.172  -39.829  64.939 0.0000000000
129454  4.792  -39.287  63.953 0.0000000000
129455  5.208  -39.661  64.295 0.0000000000
129456  5.636  -39.954  64.661 0.0000000000
129457  6.118  -39.981  64.433 0.0000000000
129458  6.592  -39.945  64.223 0.0000000000
129459  7.052  -39.857  63.972 0.0000000000
129460  7.035  -39.740  63.440 0.0000000000
129461  7.048  -39.630  62.771 0.0000000000
129462  7.010  -39.503  62.182 0.0000000000
129463  5.964  -39.349  61.949 0.0000000000
129464  6.479  -39.387  61.748 0.0000000000
129465  6.982  -39.396  61.538 0.0000000000
129466  6.933  -39.260  60.933 0.0000000000
129467  6.930  -39.092  60.369 0.0000000000
132911  16.747  -44.658  49.668 0.0000000000
132912  16.853  -44.247  50.678 0.0000000000
132913  16.931  -44.229  50.061 0.0000000000
132914  16.943  -44.230  49.426 0.0000000000
132915  17.172  -43.726  49.209 0.0000000000
132916  17.377  -43.198  48.971 0.0000000000
132917  17.570  -42.645  48.731 0.0000000000
139660  15.497  -41.560  57.828 0.0000000000
139661  15.592  -41.581  57.256 0.0000000000
139662  15.382  -41.024  57.541 0.0000000000
139663  15.252  -40.492  57.252 0.0000000000
139664  15.094  -39.972  56.936 0.0000000000
139665  14.558  -39.490  57.697 0.0000000000
139666  14.695  -39.458  57.140 0.0000000000
139667  14.874  -39.438  56.627 0.0000000000
139668  14.614  -38.931  56.271 0.0000000000
139669  14.359  -38.468  55.921 0.0000000000
139670  14.076  -38.035  55.566 0.0000000000
139671  12.461  -38.234  58.260 0.0000000000
139672  12.723  -38.121  57.740 0.0000000000
139673  12.899  -38.011  57.227 0.0000000000
139674  11.809  -37.487  56.958 0.0000000000
139675  12.457  -37.646  56.867 0.0000000000
139676  13.088  -37.877  56.741 0.0000000000
139677  13.306  -37.771  56.227 0.0000000000
139678  13.499  -37.713  55.699 0.0000000000
139679  13.748  -37.621  55.194 0.0000000000
139680  13.371  -37.277  54.797 0.0000000000
139681  12.906  -36.923  54.415 0.0000000000
140101  8.303  -39.982  68.553 0.0000000000
140102  8.833  -39.779  68.311 0.0000000000
140103  9.417  -39.582  68.082 0.0000000000
140104  8.824  -39.764  67.111 0.0000000000
140105  9.417  -39.608  67.463 0.0000000000
140106  10.041  -39.439  67.843 0.0000000000
140107  10.712  -39.382  67.616 0.0000000000
140108  11.411  -39.422  67.400 0.0000000000
140109  12.097  -39.594  67.185 0.0000000000
140110  8.773  -39.564  64.767 0.0000000000
140111  9.469  -39.458  65.165 0.0000000000
140112  10.050  -39.376  65.585 0.0000000000
140113  10.703  -39.248  64.812 0.0000000000
140114  10.668  -39.292  65.403 0.0000000000
140115  10.671  -39.303  65.905 0.0000000000
140116  11.358  -39.360  66.323 0.0000000000
140117  11.993  -39.533  66.613 0.0000000000
140118  12.574  -39.947  66.939 0.0000000000
140119  13.011  -40.425  66.680 0.0000000000
140122  13.367  -40.747  65.462 0.0000000000
140137  13.162  -39.587  62.652 0.0000000000
140138  13.620  -39.996  62.521 0.0000000000
140139  14.006  -40.475  62.338 0.0000000000
140140  13.704  -39.814  61.506 0.0000000000
140141  14.090  -40.352  61.838 0.0000000000
140142  14.309  -40.999  62.099 0.0000000000
140143  14.511  -41.511  61.865 0.0000000000
140149  14.811  -40.845  59.878 0.0000000000
140150  15.046  -41.387  59.612 0.0000000000
140151  15.228  -41.974  59.341 0.0000000000
140152  15.307  -41.835  58.850 0.0000000000
140153  15.404  -41.728  58.335 0.0000000000
150066  15.750  -41.639  56.700 0.0000000000
150067  15.864  -41.677  56.128 0.0000000000
150068  15.999  -41.712  55.587 0.0000000000
150069  15.687  -40.498  55.587 0.0000000000
150070  15.936  -41.128  55.319 0.0000000000
150071  16.133  -41.758  55.043 0.0000000000
150072  16.279  -41.764  54.498 0.0000000000
150073  16.458  -41.837  53.894 0.0000000000
150074  16.613  -41.894  53.284 0.0000000000
150075  15.067  -38.393  54.357 0.0000000000
150076  15.477  -38.929  54.133 0.0000000000
150077  15.836  -39.498  53.882 0.0000000000
150078  15.934  -38.987  53.003 0.0000000000
150079  16.062  -39.507  53.329 0.0000000000
150080  16.154  -40.095  53.608 0.0000000000
150081  16.428  -40.716  53.313 0.0000000000
150082  16.622  -41.316  53.020 0.0000000000
150083  16.771  -41.942  52.710 0.0000000000
150084  16.943  -42.006  52.131 0.0000000000
150085  17.095  -42.018  51.534 0.0000000000
150086  17.244  -42.053  50.951 0.0000000000
150087  17.173  -40.780  51.080 0.0000000000
150088  17.297  -41.332  50.748 0.0000000000
150089  17.359  -41.963  50.387 0.0000000000
150090  17.528  -42.026  49.774 0.0000000000
150091  17.636  -42.055  49.131 0.0000000000
150092  17.778  -42.030  48.535 0.0000000000
150101  16.153  -37.446  50.550 0.0000000000
150109  16.369  -37.357  50.036 0.0000000000
150110  16.625  -37.982  50.289 0.0000000000
150111  17.020  -38.514  50.023 0.0000000000
150112  17.367  -39.086  49.740 0.0000000000
150113  17.598  -39.660  49.423 0.0000000000
150114  17.755  -39.006  48.560 0.0000000000
150115  17.789  -39.641  48.820 0.0000000000
150116  17.768  -40.237  49.101 0.0000000000
150117  17.889  -40.818  48.764 0.0000000000
150118  17.943  -41.425  48.364 0.0000000000
150119  17.891  -42.008  47.979 0.0000000000
150120  17.969  -41.961  47.325 0.0000000000
150121  18.000  -41.848  46.700 0.0000000000
150122  18.032  -41.759  46.093 0.0000000000
150123  18.324  -40.640  46.208 0.0000000000
150124  18.233  -41.175  45.866 0.0000000000
150125  18.048  -41.641  45.465 0.0000000000
