#!ascii label  , from subject fsaverage vox2ras=TkReg
644
47  22.078  -23.401  55.980 0.0000000000
50  33.639  -26.196  45.941 0.0000000000
378  27.570  -23.669  49.676 0.0000000000
867  29.008  -21.588  60.333 0.0000000000
868  31.580  -22.533  56.873 0.0000000000
869  24.722  -22.723  52.809 0.0000000000
1069  37.528  -24.939  45.469 0.0000000000
1577  32.076  -28.721  48.891 0.0000000000
1840  30.338  -25.404  47.501 0.0000000000
1841  27.853  -28.082  48.831 0.0000000000
2777  21.219  -25.395  53.548 0.0000000000
2787  25.240  -21.641  57.897 0.0000000000
2788  26.746  -21.655  56.462 0.0000000000
2789  23.378  -22.921  54.360 0.0000000000
2790  22.508  -24.979  51.945 0.0000000000
2987  34.316  -24.334  45.350 0.0000000000
2988  35.162  -24.017  44.051 0.0000000000
2989  35.616  -25.921  45.457 0.0000000000
4040  29.373  -22.664  53.312 0.0000000000
4041  32.769  -22.888  55.124 0.0000000000
4042  30.605  -23.290  51.833 0.0000000000
4043  31.657  -23.921  50.094 0.0000000000
4044  28.954  -24.614  48.488 0.0000000000
4045  28.866  -26.797  47.549 0.0000000000
4046  27.116  -25.906  48.253 0.0000000000
6167  32.255  -21.552  62.133 0.0000000000
6168  33.538  -21.710  60.135 0.0000000000
6169  30.417  -22.008  58.637 0.0000000000
6170  28.186  -22.067  54.923 0.0000000000
6171  26.136  -23.000  51.074 0.0000000000
6172  25.419  -25.145  49.191 0.0000000000
6173  23.865  -24.783  50.465 0.0000000000
6530  36.359  -23.194  43.429 0.0000000000
7517  32.754  -27.629  47.052 0.0000000000
7518  35.123  -27.237  47.468 0.0000000000
7519  34.648  -28.192  49.823 0.0000000000
8137  33.716  -24.399  46.749 0.0000000000
8145  32.764  -24.218  48.465 0.0000000000
8146  31.863  -25.951  46.648 0.0000000000
8147  30.682  -27.446  47.159 0.0000000000
8148  29.961  -28.652  48.780 0.0000000000
10457  21.568  -24.284  54.653 0.0000000000
10467  23.529  -22.337  56.774 0.0000000000
10468  24.277  -22.108  56.153 0.0000000000
10469  22.706  -23.146  55.133 0.0000000000
10470  22.151  -24.096  53.794 0.0000000000
10667  34.071  -25.344  45.559 0.0000000000
10668  34.806  -25.281  45.083 0.0000000000
10669  34.656  -26.177  45.638 0.0000000000
11720  28.346  -22.956  51.434 0.0000000000
11721  30.030  -22.966  52.536 0.0000000000
11722  28.975  -23.321  50.669 0.0000000000
11723  29.624  -23.727  50.010 0.0000000000
11724  28.283  -24.139  49.085 0.0000000000
11725  27.955  -25.261  48.133 0.0000000000
11726  27.201  -24.728  48.690 0.0000000000
14117  30.721  -21.696  61.264 0.0000000000
14118  31.411  -21.841  60.554 0.0000000000
14119  29.759  -21.767  59.549 0.0000000000
14120  25.580  -21.980  54.582 0.0000000000
14121  27.474  -21.855  55.578 0.0000000000
14122  26.322  -22.112  53.690 0.0000000000
14123  27.005  -22.406  52.760 0.0000000000
14124  25.391  -22.819  51.845 0.0000000000
14125  24.854  -23.754  50.626 0.0000000000
14126  24.126  -23.780  51.289 0.0000000000
14127  21.760  -26.270  51.974 0.0000000000
14128  22.437  -26.146  51.243 0.0000000000
14720  36.414  -24.663  44.416 0.0000000000
14721  35.684  -23.656  43.656 0.0000000000
14722  37.166  -24.161  44.338 0.0000000000
14723  37.902  -23.437  44.446 0.0000000000
16517  32.368  -28.214  47.864 0.0000000000
16518  33.618  -28.086  48.182 0.0000000000
16519  33.346  -28.570  49.298 0.0000000000
17875  32.630  -22.243  58.675 0.0000000000
17876  34.158  -21.784  59.263 0.0000000000
17877  33.190  -22.430  57.709 0.0000000000
17878  33.371  -23.045  54.177 0.0000000000
17885  30.850  -24.502  48.536 0.0000000000
17886  32.243  -24.142  49.239 0.0000000000
17887  31.436  -24.844  47.809 0.0000000000
17888  32.078  -25.027  47.258 0.0000000000
17889  31.075  -25.740  47.025 0.0000000000
17890  31.242  -26.754  46.784 0.0000000000
17891  30.387  -26.472  47.033 0.0000000000
17892  28.224  -27.425  47.992 0.0000000000
17893  29.247  -27.807  47.863 0.0000000000
17894  28.831  -28.343  48.724 0.0000000000
17897  24.722  -26.078  49.503 0.0000000000
17898  25.605  -26.359  49.044 0.0000000000
23429  21.067  -26.572  52.677 0.0000000000
23447  27.099  -21.481  59.071 0.0000000000
23448  27.907  -21.627  58.347 0.0000000000
23449  25.980  -21.567  57.168 0.0000000000
23450  24.891  -21.977  55.334 0.0000000000
23451  24.031  -22.751  53.596 0.0000000000
23452  23.432  -23.795  52.129 0.0000000000
23453  22.781  -23.911  52.972 0.0000000000
23454  21.854  -25.190  52.682 0.0000000000
23809  34.701  -24.222  44.662 0.0000000000
23810  35.538  -25.027  44.654 0.0000000000
23811  36.578  -25.498  45.399 0.0000000000
24887  31.936  -29.116  50.365 0.0000000000
24888  33.220  -28.963  50.821 0.0000000000
25702  30.523  -22.625  55.205 0.0000000000
25703  32.193  -22.749  56.051 0.0000000000
25704  31.105  -22.881  54.374 0.0000000000
25705  31.694  -23.087  53.524 0.0000000000
25706  32.187  -23.355  52.529 0.0000000000
25707  32.738  -23.533  51.652 0.0000000000
25708  31.136  -23.668  50.916 0.0000000000
25709  30.267  -24.121  49.294 0.0000000000
25710  29.649  -25.018  47.996 0.0000000000
25711  29.534  -26.102  47.394 0.0000000000
25712  28.732  -25.695  47.733 0.0000000000
25713  27.944  -26.339  47.840 0.0000000000
25714  27.339  -27.041  48.271 0.0000000000
29749  32.883  -21.652  61.057 0.0000000000
29750  32.055  -22.061  59.546 0.0000000000
29751  31.039  -22.276  57.780 0.0000000000
29752  28.735  -21.766  57.774 0.0000000000
29753  29.344  -22.093  56.805 0.0000000000
29754  29.940  -22.368  55.979 0.0000000000
29755  28.786  -22.379  54.033 0.0000000000
29756  27.688  -22.605  52.071 0.0000000000
29757  26.820  -23.309  50.302 0.0000000000
29758  26.395  -24.266  49.283 0.0000000000
29759  25.603  -24.019  49.907 0.0000000000
29760  24.647  -24.951  49.783 0.0000000000
29761  23.909  -26.001  50.034 0.0000000000
29762  23.178  -24.855  51.138 0.0000000000
29763  23.169  -26.047  50.605 0.0000000000
30591  33.438  -21.586  42.947 0.0000000000
30592  34.267  -22.845  43.843 0.0000000000
30593  34.630  -22.607  43.282 0.0000000000
30594  35.110  -22.229  42.892 0.0000000000
30595  36.982  -22.495  43.497 0.0000000000
32268  31.509  -21.505  62.928 0.0000000000
32269  29.908  -21.563  61.971 0.0000000000
32272  28.102  -21.495  60.863 0.0000000000
32273  26.303  -21.499  59.825 0.0000000000
33017  33.187  -26.947  46.443 0.0000000000
33018  34.356  -26.886  46.377 0.0000000000
33019  33.917  -27.516  47.225 0.0000000000
33020  34.848  -27.729  48.543 0.0000000000
33022  34.563  -28.593  51.415 0.0000000000
34716  34.038  -24.380  46.011 0.0000000000
34717  33.411  -25.273  46.068 0.0000000000
34730  33.752  -22.575  56.739 0.0000000000
34739  33.298  -23.687  50.697 0.0000000000
34742  33.257  -24.398  47.586 0.0000000000
34743  32.739  -25.171  46.678 0.0000000000
34744  32.785  -26.162  46.272 0.0000000000
34745  32.160  -26.907  46.586 0.0000000000
34746  31.655  -27.561  47.061 0.0000000000
34747  31.305  -28.228  47.770 0.0000000000
34748  29.785  -27.175  47.359 0.0000000000
34749  30.243  -28.065  47.755 0.0000000000
34750  31.002  -28.715  48.785 0.0000000000
34754  26.277  -25.521  48.662 0.0000000000
34755  26.448  -26.616  48.592 0.0000000000
36935  35.480  -26.634  46.450 0.0000000000
41177  21.790  -23.830  55.282 0.0000000000
41178  21.328  -24.394  55.156 0.0000000000
41187  22.730  -22.835  56.283 0.0000000000
41188  23.098  -22.714  55.920 0.0000000000
41189  22.412  -23.243  55.592 0.0000000000
41190  22.159  -23.722  54.938 0.0000000000
41387  33.853  -25.781  45.717 0.0000000000
41388  34.319  -25.792  45.526 0.0000000000
41389  34.160  -26.185  45.781 0.0000000000
42440  27.875  -23.264  50.428 0.0000000000
42441  28.639  -23.094  51.006 0.0000000000
42442  28.273  -23.452  50.167 0.0000000000
42443  28.588  -23.625  49.858 0.0000000000
42444  27.890  -23.948  49.365 0.0000000000
42445  27.674  -24.447  48.787 0.0000000000
42446  27.361  -24.165  49.145 0.0000000000
44837  29.905  -21.650  60.873 0.0000000000
44838  30.289  -21.717  60.503 0.0000000000
44839  29.375  -21.659  59.973 0.0000000000
44840  25.091  -22.322  53.649 0.0000000000
44841  25.969  -22.065  54.105 0.0000000000
44842  25.429  -22.346  53.101 0.0000000000
44843  25.856  -22.426  52.738 0.0000000000
44844  25.034  -22.740  52.318 0.0000000000
44845  24.746  -23.178  51.630 0.0000000000
44846  24.365  -23.230  51.969 0.0000000000
45440  36.963  -24.851  44.882 0.0000000000
45441  36.809  -24.440  44.353 0.0000000000
45442  37.448  -24.563  44.919 0.0000000000
45443  37.840  -24.246  44.970 0.0000000000
47237  32.257  -28.490  48.348 0.0000000000
47238  32.850  -28.437  48.520 0.0000000000
47239  32.739  -28.701  49.090 0.0000000000
48595  32.115  -22.449  57.745 0.0000000000
48596  32.919  -22.364  58.146 0.0000000000
48597  32.384  -22.541  57.229 0.0000000000
48598  33.588  -23.102  53.666 0.0000000000
48605  30.543  -24.931  47.938 0.0000000000
48606  31.121  -24.690  48.216 0.0000000000
48607  30.846  -25.109  47.653 0.0000000000
48608  31.183  -25.246  47.383 0.0000000000
48609  30.720  -25.598  47.274 0.0000000000
48610  30.720  -26.105  47.032 0.0000000000
48611  30.324  -25.945  47.201 0.0000000000
48612  28.048  -27.767  48.383 0.0000000000
48613  28.518  -27.904  48.298 0.0000000000
48614  28.355  -28.254  48.780 0.0000000000
48618  24.854  -26.674  49.547 0.0000000000
54407  21.094  -26.025  53.052 0.0000000000
54408  20.766  -26.481  53.188 0.0000000000
54409  20.833  -25.930  53.584 0.0000000000
54437  26.155  -21.504  58.534 0.0000000000
54438  26.571  -21.490  58.189 0.0000000000
54439  25.635  -21.594  57.570 0.0000000000
54440  23.817  -22.463  55.291 0.0000000000
54441  24.618  -22.016  55.803 0.0000000000
54442  24.135  -22.368  54.889 0.0000000000
54443  24.431  -22.306  54.462 0.0000000000
54444  23.680  -22.854  53.945 0.0000000000
54445  23.357  -23.282  53.246 0.0000000000
54446  23.043  -23.389  53.646 0.0000000000
54447  21.674  -24.774  53.625 0.0000000000
54448  21.977  -24.618  53.214 0.0000000000
54449  21.547  -25.295  53.145 0.0000000000
54450  21.452  -25.856  52.711 0.0000000000
55039  34.506  -24.288  44.990 0.0000000000
55040  35.189  -25.669  45.158 0.0000000000
55041  35.166  -25.180  44.816 0.0000000000
55042  35.632  -25.474  45.043 0.0000000000
55043  36.057  -25.287  44.943 0.0000000000
55044  36.103  -25.697  45.398 0.0000000000
58195  29.960  -22.624  54.328 0.0000000000
58196  30.845  -22.735  54.807 0.0000000000
58197  30.266  -22.758  53.889 0.0000000000
58198  30.288  -23.134  52.157 0.0000000000
58199  30.836  -23.046  53.120 0.0000000000
58200  31.139  -23.211  52.726 0.0000000000
58201  31.950  -23.245  53.059 0.0000000000
58202  31.392  -23.361  52.251 0.0000000000
58203  31.685  -23.485  51.870 0.0000000000
58204  30.868  -23.485  51.361 0.0000000000
58205  29.259  -24.100  49.209 0.0000000000
58206  29.940  -23.922  49.628 0.0000000000
58207  29.574  -24.326  48.862 0.0000000000
58208  29.951  -24.543  48.594 0.0000000000
58209  29.322  -24.800  48.274 0.0000000000
58210  29.169  -25.323  47.857 0.0000000000
58211  28.810  -25.151  48.046 0.0000000000
58212  27.509  -25.586  48.154 0.0000000000
58213  27.905  -25.767  47.920 0.0000000000
58214  27.555  -26.166  47.997 0.0000000000
58215  27.652  -26.724  48.009 0.0000000000
58216  27.195  -26.509  48.184 0.0000000000
65387  32.945  -21.313  62.457 0.0000000000
65388  33.296  -21.340  61.906 0.0000000000
65389  32.603  -21.572  61.700 0.0000000000
65390  30.921  -21.943  59.546 0.0000000000
65391  31.722  -21.953  59.927 0.0000000000
65392  31.248  -22.074  59.091 0.0000000000
65393  31.585  -22.156  58.778 0.0000000000
65394  30.697  -22.183  58.041 0.0000000000
65395  27.345  -21.623  57.400 0.0000000000
65396  28.344  -21.671  58.134 0.0000000000
65397  27.702  -21.699  57.023 0.0000000000
65398  27.823  -21.979  55.241 0.0000000000
65399  28.498  -21.916  56.348 0.0000000000
65400  28.803  -22.077  55.941 0.0000000000
65401  29.630  -22.236  56.381 0.0000000000
65402  29.062  -22.240  55.485 0.0000000000
65403  29.381  -22.371  55.043 0.0000000000
65404  28.474  -22.192  54.498 0.0000000000
65405  26.518  -22.674  51.846 0.0000000000
65406  27.352  -22.485  52.393 0.0000000000
65407  26.857  -22.788  51.436 0.0000000000
65408  27.193  -22.931  51.085 0.0000000000
65409  26.468  -23.152  50.677 0.0000000000
65410  26.167  -23.596  50.063 0.0000000000
65411  25.826  -23.490  50.429 0.0000000000
65412  24.294  -24.264  50.478 0.0000000000
65413  24.715  -24.287  50.181 0.0000000000
65414  24.245  -24.842  50.130 0.0000000000
65415  24.266  -25.433  49.849 0.0000000000
65416  23.848  -25.372  50.203 0.0000000000
65417  22.904  -24.350  52.043 0.0000000000
65418  23.275  -24.315  51.587 0.0000000000
65419  22.801  -24.904  51.548 0.0000000000
65421  22.800  -26.112  50.903 0.0000000000
67195  34.550  -23.526  44.256 0.0000000000
67197  34.736  -23.434  43.910 0.0000000000
67198  36.048  -23.462  43.514 0.0000000000
67199  35.191  -23.128  43.428 0.0000000000
67200  35.467  -22.936  43.268 0.0000000000
67201  34.888  -22.418  43.052 0.0000000000
67202  35.776  -22.665  43.154 0.0000000000
67203  36.103  -22.395  43.099 0.0000000000
67204  36.695  -22.876  43.445 0.0000000000
70815  30.753  -21.540  62.513 0.0000000000
70816  30.337  -21.540  62.779 0.0000000000
70823  28.581  -21.483  61.742 0.0000000000
70824  27.667  -21.482  61.150 0.0000000000
70825  27.238  -21.464  60.383 0.0000000000
72587  32.924  -27.302  46.730 0.0000000000
72588  33.500  -27.280  46.764 0.0000000000
72589  33.333  -27.587  47.137 0.0000000000
72590  34.061  -28.182  48.930 0.0000000000
72591  34.256  -27.921  48.371 0.0000000000
72592  34.714  -27.973  49.171 0.0000000000
72595  33.816  -29.025  51.879 0.0000000000
72596  33.888  -28.796  51.093 0.0000000000
76634  33.878  -24.393  46.374 0.0000000000
76635  33.754  -24.870  46.029 0.0000000000
76636  33.459  -24.831  46.323 0.0000000000
76668  32.496  -22.829  55.649 0.0000000000
76669  32.982  -22.707  56.407 0.0000000000
76670  33.262  -22.769  55.971 0.0000000000
76690  32.168  -23.702  50.878 0.0000000000
76691  33.029  -23.605  51.246 0.0000000000
76692  32.469  -23.814  50.457 0.0000000000
76693  32.530  -24.195  48.912 0.0000000000
76694  32.998  -23.950  49.516 0.0000000000
76695  33.268  -23.971  49.089 0.0000000000
76697  33.437  -23.986  48.603 0.0000000000
76698  33.689  -23.990  48.180 0.0000000000
76699  33.066  -24.330  47.998 0.0000000000
76700  31.879  -25.488  46.856 0.0000000000
76701  32.418  -25.138  46.939 0.0000000000
76702  32.313  -25.605  46.623 0.0000000000
76703  32.682  -25.662  46.358 0.0000000000
76704  32.328  -26.128  46.424 0.0000000000
76705  32.455  -26.512  46.419 0.0000000000
76706  31.957  -26.449  46.511 0.0000000000
76707  30.945  -27.089  46.940 0.0000000000
76708  31.423  -27.196  46.871 0.0000000000
76709  31.163  -27.525  47.084 0.0000000000
76710  31.477  -27.926  47.386 0.0000000000
76711  30.972  -27.851  47.413 0.0000000000
76712  29.203  -26.498  47.444 0.0000000000
76713  29.578  -26.659  47.288 0.0000000000
76714  29.322  -27.025  47.408 0.0000000000
76715  29.586  -28.231  48.279 0.0000000000
76716  29.759  -27.935  47.843 0.0000000000
76717  30.057  -28.320  48.216 0.0000000000
76718  30.610  -28.417  48.217 0.0000000000
76719  30.474  -28.666  48.789 0.0000000000
76720  30.894  -28.951  49.423 0.0000000000
76721  30.300  -28.910  49.321 0.0000000000
76727  25.918  -24.704  49.193 0.0000000000
76728  26.285  -24.855  48.891 0.0000000000
76729  25.865  -25.324  48.926 0.0000000000
76730  25.795  -26.916  49.136 0.0000000000
76731  26.010  -26.466  48.830 0.0000000000
76732  26.207  -27.045  48.952 0.0000000000
76733  26.657  -27.165  48.759 0.0000000000
82105  34.729  -27.117  46.859 0.0000000000
82106  34.895  -26.784  46.402 0.0000000000
82107  35.302  -26.942  46.928 0.0000000000
92549  21.375  -24.816  54.078 0.0000000000
92550  20.938  -25.411  54.019 0.0000000000
92551  21.113  -24.921  54.527 0.0000000000
92567  24.321  -21.962  57.273 0.0000000000
92568  24.734  -21.842  56.983 0.0000000000
92569  23.846  -22.222  56.441 0.0000000000
92570  23.438  -22.618  55.606 0.0000000000
92571  23.068  -23.020  54.859 0.0000000000
92572  22.760  -23.442  54.186 0.0000000000
92573  22.390  -23.598  54.423 0.0000000000
92574  21.915  -24.241  54.276 0.0000000000
92927  34.234  -24.857  45.447 0.0000000000
92928  34.528  -24.821  45.093 0.0000000000
92929  34.426  -25.339  45.321 0.0000000000
92930  34.755  -25.739  45.347 0.0000000000
92931  35.131  -26.083  45.516 0.0000000000
94822  28.836  -22.740  52.382 0.0000000000
94823  29.695  -22.787  52.954 0.0000000000
94824  29.139  -22.921  51.932 0.0000000000
94825  29.441  -23.078  51.581 0.0000000000
94826  29.772  -23.288  51.221 0.0000000000
94827  30.045  -23.428  50.957 0.0000000000
94828  29.304  -23.481  50.376 0.0000000000
94829  28.911  -23.875  49.486 0.0000000000
94830  28.641  -24.395  48.785 0.0000000000
94831  28.448  -24.913  48.269 0.0000000000
94832  28.100  -24.692  48.543 0.0000000000
94833  27.573  -25.007  48.418 0.0000000000
94834  27.104  -25.294  48.375 0.0000000000
99137  31.498  -21.661  61.721 0.0000000000
99138  31.805  -21.752  61.183 0.0000000000
99139  31.056  -21.797  60.818 0.0000000000
99140  30.619  -21.845  60.041 0.0000000000
99141  30.117  -21.897  59.038 0.0000000000
99142  26.150  -21.724  55.548 0.0000000000
99143  27.154  -21.737  56.191 0.0000000000
99144  26.546  -21.881  55.133 0.0000000000
99145  26.913  -21.910  54.708 0.0000000000
99146  27.215  -22.082  54.188 0.0000000000
99147  27.541  -22.201  53.737 0.0000000000
99148  26.647  -22.244  53.217 0.0000000000
99149  26.154  -22.518  52.287 0.0000000000
99150  25.752  -22.908  51.492 0.0000000000
99151  25.446  -23.337  50.822 0.0000000000
99152  25.063  -23.267  51.159 0.0000000000
99153  24.483  -23.686  50.971 0.0000000000
99154  23.952  -24.328  50.780 0.0000000000
99155  22.079  -25.670  51.959 0.0000000000
99156  22.451  -25.555  51.537 0.0000000000
99157  22.093  -26.234  51.630 0.0000000000
99158  22.150  -26.787  51.421 0.0000000000
100222  35.823  -24.397  44.137 0.0000000000
100223  35.371  -23.838  43.845 0.0000000000
100224  36.121  -24.187  43.989 0.0000000000
100225  36.464  -23.969  43.886 0.0000000000
100226  36.870  -23.698  43.850 0.0000000000
100227  37.208  -23.347  43.884 0.0000000000
100228  37.554  -23.814  44.364 0.0000000000
100229  38.251  -23.873  45.056 0.0000000000
103457  32.604  -27.949  47.459 0.0000000000
103458  33.163  -27.895  47.556 0.0000000000
103459  32.967  -28.158  48.025 0.0000000000
103460  33.487  -28.320  48.760 0.0000000000
103461  34.010  -28.397  49.561 0.0000000000
105901  33.075  -22.025  59.342 0.0000000000
105902  33.824  -21.760  59.734 0.0000000000
105903  33.378  -22.083  58.923 0.0000000000
105904  33.666  -22.130  58.484 0.0000000000
105905  33.939  -22.211  57.949 0.0000000000
105906  33.032  -22.926  54.704 0.0000000000
105907  33.591  -22.808  55.538 0.0000000000
105908  33.829  -22.848  54.975 0.0000000000
105919  31.224  -24.201  49.260 0.0000000000
105920  31.948  -24.052  49.647 0.0000000000
105921  31.488  -24.333  48.879 0.0000000000
105922  31.778  -24.479  48.457 0.0000000000
105923  32.090  -24.537  48.168 0.0000000000
105924  32.388  -24.616  47.854 0.0000000000
105925  31.756  -24.961  47.508 0.0000000000
105926  31.529  -25.386  47.098 0.0000000000
105927  31.451  -25.865  46.805 0.0000000000
105928  31.531  -26.386  46.671 0.0000000000
105929  31.081  -26.256  46.823 0.0000000000
105930  30.751  -26.654  46.886 0.0000000000
105931  30.498  -26.975  47.019 0.0000000000
105932  28.541  -27.129  47.760 0.0000000000
105933  29.018  -27.333  47.670 0.0000000000
105934  28.749  -27.617  47.953 0.0000000000
105935  29.049  -28.108  48.292 0.0000000000
105936  29.399  -28.505  48.737 0.0000000000
105937  29.758  -28.810  49.276 0.0000000000
105941  25.066  -25.640  49.279 0.0000000000
105942  25.480  -25.726  49.061 0.0000000000
105943  25.180  -26.242  49.242 0.0000000000
105944  25.338  -26.767  49.310 0.0000000000
116147  28.119  -21.499  59.834 0.0000000000
116148  28.478  -21.591  59.408 0.0000000000
116149  27.556  -21.512  58.853 0.0000000000
116150  27.001  -21.552  57.903 0.0000000000
116151  26.417  -21.585  56.960 0.0000000000
116152  25.120  -21.765  56.662 0.0000000000
116153  25.429  -21.725  56.237 0.0000000000
116154  25.829  -21.733  56.004 0.0000000000
116155  25.268  -21.959  55.001 0.0000000000
116156  24.748  -22.257  54.030 0.0000000000
116157  24.357  -22.688  53.215 0.0000000000
116158  24.036  -23.220  52.396 0.0000000000
116159  23.710  -23.230  52.868 0.0000000000
116160  23.085  -23.823  52.593 0.0000000000
116161  22.604  -24.432  52.429 0.0000000000
116162  22.478  -23.970  53.468 0.0000000000
116163  22.298  -24.507  52.887 0.0000000000
116164  22.166  -25.047  52.415 0.0000000000
116165  21.780  -25.708  52.299 0.0000000000
116166  21.396  -26.443  52.329 0.0000000000
116991  34.892  -24.133  44.357 0.0000000000
116992  34.819  -24.796  44.807 0.0000000000
116993  35.096  -24.681  44.562 0.0000000000
116994  35.425  -24.552  44.335 0.0000000000
116995  35.970  -24.853  44.517 0.0000000000
116996  36.518  -25.080  44.874 0.0000000000
116997  37.055  -25.237  45.397 0.0000000000
119507  31.999  -28.931  49.546 0.0000000000
119508  32.678  -28.882  49.829 0.0000000000
119509  32.584  -29.079  50.579 0.0000000000
119510  33.174  -29.144  51.680 0.0000000000
121408  31.103  -22.587  56.108 0.0000000000
121409  31.880  -22.670  56.391 0.0000000000
121410  31.384  -22.710  55.632 0.0000000000
121411  31.646  -22.827  55.229 0.0000000000
121412  31.959  -22.896  54.825 0.0000000000
121413  30.557  -22.901  53.497 0.0000000000
121414  31.421  -22.983  54.031 0.0000000000
121415  32.236  -23.000  54.322 0.0000000000
121416  32.521  -23.093  53.874 0.0000000000
121417  32.719  -23.190  53.362 0.0000000000
121418  33.048  -23.299  52.854 0.0000000000
121419  33.279  -23.378  52.350 0.0000000000
121420  32.425  -23.454  52.075 0.0000000000
121421  31.853  -23.636  51.285 0.0000000000
121422  31.415  -23.800  50.492 0.0000000000
121423  30.387  -23.645  50.481 0.0000000000
121424  30.657  -23.816  50.157 0.0000000000
121425  30.949  -24.000  49.719 0.0000000000
121426  30.533  -24.300  48.910 0.0000000000
121427  30.226  -24.760  48.198 0.0000000000
121428  30.060  -25.251  47.768 0.0000000000
121429  29.958  -25.803  47.353 0.0000000000
121430  29.555  -25.560  47.605 0.0000000000
121431  29.169  -25.945  47.578 0.0000000000
121432  28.784  -26.282  47.548 0.0000000000
121433  28.361  -25.442  47.961 0.0000000000
121434  28.341  -25.999  47.767 0.0000000000
121435  28.391  -26.539  47.676 0.0000000000
121436  28.042  -26.910  47.850 0.0000000000
121437  27.796  -27.212  48.133 0.0000000000
121438  27.580  -27.579  48.494 0.0000000000
131210  33.648  -21.303  61.475 0.0000000000
131211  33.225  -21.616  60.706 0.0000000000
131212  32.224  -21.809  60.794 0.0000000000
131213  32.503  -21.873  60.410 0.0000000000
131214  32.788  -21.869  59.924 0.0000000000
131215  32.361  -22.145  59.097 0.0000000000
131216  31.832  -22.321  58.166 0.0000000000
131217  31.361  -22.419  57.356 0.0000000000
131218  28.915  -21.656  59.133 0.0000000000
131219  29.289  -21.778  58.680 0.0000000000
131220  29.570  -21.941  58.076 0.0000000000
131221  28.125  -21.789  56.765 0.0000000000
131222  29.033  -21.942  57.233 0.0000000000
131223  29.907  -22.047  57.703 0.0000000000
131224  30.152  -22.211  57.205 0.0000000000
131225  30.507  -22.347  56.830 0.0000000000
131226  30.761  -22.480  56.411 0.0000000000
131227  30.190  -22.496  55.516 0.0000000000
131228  29.656  -22.459  54.691 0.0000000000
131229  29.097  -22.492  53.691 0.0000000000
131230  27.892  -22.290  53.467 0.0000000000
131231  28.199  -22.428  53.088 0.0000000000
131232  28.537  -22.578  52.690 0.0000000000
131233  28.019  -22.707  51.675 0.0000000000
131234  27.624  -23.003  50.826 0.0000000000
131235  27.236  -23.455  50.042 0.0000000000
131236  26.961  -23.935  49.428 0.0000000000
131237  26.574  -23.765  49.747 0.0000000000
131238  25.998  -24.118  49.562 0.0000000000
131239  25.461  -24.604  49.415 0.0000000000
131240  25.228  -23.836  50.240 0.0000000000
131241  25.092  -24.434  49.797 0.0000000000
131242  25.019  -25.042  49.458 0.0000000000
131243  24.651  -25.524  49.581 0.0000000000
131244  24.310  -25.974  49.745 0.0000000000
131246  23.774  -23.752  51.716 0.0000000000
131247  23.603  -24.302  51.165 0.0000000000
131248  23.524  -24.874  50.765 0.0000000000
131249  22.783  -25.531  51.164 0.0000000000
131250  23.107  -25.428  50.809 0.0000000000
131251  23.501  -25.418  50.481 0.0000000000
131252  23.537  -25.986  50.283 0.0000000000
133497  33.689  -21.444  42.625 0.0000000000
133501  34.960  -23.282  43.639 0.0000000000
133502  34.408  -22.741  43.536 0.0000000000
133503  33.833  -22.224  43.469 0.0000000000
133504  34.013  -22.101  43.109 0.0000000000
133505  34.239  -21.947  42.845 0.0000000000
133506  34.521  -21.736  42.624 0.0000000000
133507  35.404  -21.979  42.759 0.0000000000
133510  37.555  -22.983  43.949 0.0000000000
138067  32.645  -21.344  62.819 0.0000000000
138070  31.891  -21.524  62.555 0.0000000000
138071  31.098  -21.675  62.063 0.0000000000
138072  30.328  -21.615  61.768 0.0000000000
138073  29.467  -21.581  61.201 0.0000000000
138080  29.486  -21.543  62.364 0.0000000000
138081  29.064  -21.553  61.537 0.0000000000
138082  28.586  -21.522  60.711 0.0000000000
138083  27.632  -21.503  59.987 0.0000000000
138084  26.689  -21.467  59.460 0.0000000000
138085  25.760  -21.521  58.804 0.0000000000
138087  25.369  -21.611  59.079 0.0000000000
138088  24.853  -21.751  58.190 0.0000000000
138089  23.967  -22.010  57.639 0.0000000000
140237  33.450  -26.595  46.167 0.0000000000
140238  33.960  -26.588  46.077 0.0000000000
140239  33.781  -26.958  46.413 0.0000000000
140240  34.108  -27.223  46.820 0.0000000000
140241  34.528  -27.419  47.338 0.0000000000
140242  33.772  -27.821  47.693 0.0000000000
140243  34.362  -27.699  47.808 0.0000000000
140244  34.948  -27.477  47.999 0.0000000000
140248  33.284  -28.784  50.063 0.0000000000
140249  33.944  -28.604  50.316 0.0000000000
140250  34.566  -28.401  50.514 0.0000000000
145174  34.186  -24.324  45.668 0.0000000000
145175  33.980  -24.884  45.719 0.0000000000
145176  33.742  -25.317  45.802 0.0000000000
145177  33.493  -25.778  45.898 0.0000000000
145214  32.719  -22.658  56.859 0.0000000000
145215  33.486  -22.506  57.171 0.0000000000
145217  34.035  -22.600  56.244 0.0000000000
145241  33.566  -23.442  51.860 0.0000000000
145244  32.765  -23.901  49.974 0.0000000000
145245  33.541  -23.707  50.209 0.0000000000
145252  33.465  -24.395  47.152 0.0000000000
145253  32.661  -24.691  47.447 0.0000000000
145254  32.986  -24.743  47.069 0.0000000000
145255  33.217  -24.803  46.704 0.0000000000
145256  33.088  -25.232  46.337 0.0000000000
145257  33.092  -25.731  46.150 0.0000000000
145258  33.179  -26.155  46.095 0.0000000000
145259  32.957  -26.576  46.295 0.0000000000
145260  32.653  -26.961  46.501 0.0000000000
145261  32.459  -27.307  46.778 0.0000000000
145262  31.683  -26.863  46.671 0.0000000000
145263  31.972  -27.293  46.815 0.0000000000
145264  32.231  -27.626  47.062 0.0000000000
145265  31.974  -27.902  47.405 0.0000000000
145266  31.883  -28.242  47.846 0.0000000000
145267  31.674  -28.489  48.273 0.0000000000
145268  29.931  -26.307  47.191 0.0000000000
145269  30.045  -26.852  47.165 0.0000000000
145270  30.229  -27.316  47.212 0.0000000000
145271  29.520  -27.501  47.550 0.0000000000
145272  29.975  -27.635  47.504 0.0000000000
145273  30.510  -27.754  47.430 0.0000000000
145274  30.819  -28.135  47.773 0.0000000000
145275  31.121  -28.498  48.229 0.0000000000
145276  31.528  -28.733  48.802 0.0000000000
145277  31.449  -28.961  49.515 0.0000000000
145278  31.398  -29.158  50.235 0.0000000000
145286  26.788  -24.491  48.971 0.0000000000
145287  26.715  -25.072  48.644 0.0000000000
145288  26.710  -25.722  48.433 0.0000000000
145289  25.889  -25.914  48.811 0.0000000000
145290  26.339  -26.087  48.573 0.0000000000
145291  26.785  -26.312  48.365 0.0000000000
145292  26.928  -26.867  48.433 0.0000000000
145293  27.137  -27.415  48.605 0.0000000000
151769  34.487  -26.521  46.001 0.0000000000
151770  35.028  -26.457  45.924 0.0000000000
151771  35.549  -26.316  45.902 0.0000000000
151772  35.875  -26.742  47.060 0.0000000000
151773  36.003  -26.460  46.463 0.0000000000
151774  36.077  -26.120  45.916 0.0000000000
151775  36.591  -25.890  45.967 0.0000000000
