#!ascii label  , from subject fsaverage vox2ras=TkReg
335
576  44.908  -71.607  13.029 0.0000000000
1275  42.541  -74.408  10.523 0.0000000000
2365  48.431  -74.083  10.526 0.0000000000
2366  42.459  -77.392  6.809 0.0000000000
2367  35.748  -78.439  4.623 0.0000000000
5264  44.806  -70.168  11.736 0.0000000000
5265  47.215  -71.376  10.512 0.0000000000
5266  46.641  -72.709  11.818 0.0000000000
5267  39.783  -75.012  9.822 0.0000000000
5268  42.808  -75.757  8.444 0.0000000000
5269  39.441  -76.183  7.342 0.0000000000
5270  38.845  -77.655  5.498 0.0000000000
5271  36.296  -77.022  6.779 0.0000000000
6903  44.752  -73.650  12.042 0.0000000000
9652  45.624  -74.806  10.268 0.0000000000
9653  46.312  -76.569  8.629 0.0000000000
9657  35.275  -80.524  2.452 0.0000000000
9664  33.415  -78.309  6.328 0.0000000000
9665  32.380  -79.655  3.908 0.0000000000
9666  31.919  -81.970  1.934 0.0000000000
12944  44.871  -70.823  12.354 0.0000000000
12945  45.966  -71.326  11.784 0.0000000000
12946  45.695  -72.156  12.409 0.0000000000
12947  38.463  -75.528  9.467 0.0000000000
12948  39.589  -75.581  8.462 0.0000000000
12949  38.139  -75.926  8.162 0.0000000000
12950  37.845  -76.492  7.019 0.0000000000
12951  36.731  -76.477  7.903 0.0000000000
21557  48.309  -72.550  10.784 0.0000000000
21558  48.200  -71.980  9.774 0.0000000000
21559  49.060  -73.407  9.741 0.0000000000
21561  49.043  -74.940  9.319 0.0000000000
21562  43.850  -74.121  11.275 0.0000000000
21563  45.157  -74.065  11.119 0.0000000000
21564  44.058  -74.676  10.131 0.0000000000
21565  42.790  -76.576  7.541 0.0000000000
21566  44.571  -76.263  8.497 0.0000000000
21567  44.497  -77.235  7.704 0.0000000000
21572  37.285  -77.955  4.998 0.0000000000
21573  38.625  -78.490  4.653 0.0000000000
21574  37.096  -78.876  4.126 0.0000000000
21575  36.839  -80.011  3.188 0.0000000000
21576  35.524  -79.343  3.556 0.0000000000
21596  31.280  -79.855  5.094 0.0000000000
21597  30.846  -80.763  3.982 0.0000000000
21598  32.025  -80.798  2.900 0.0000000000
21599  30.645  -81.912  3.026 0.0000000000
21600  30.634  -82.916  2.130 0.0000000000
27908  44.766  -69.654  11.031 0.0000000000
27909  45.882  -70.346  10.381 0.0000000000
27910  46.084  -70.687  11.085 0.0000000000
27911  47.238  -71.895  11.247 0.0000000000
27912  47.575  -73.418  11.285 0.0000000000
27913  41.140  -74.619  10.099 0.0000000000
27914  42.603  -75.002  9.455 0.0000000000
27915  41.131  -75.226  8.934 0.0000000000
27916  41.070  -76.052  7.746 0.0000000000
27917  40.867  -76.737  6.896 0.0000000000
27918  40.608  -77.536  6.146 0.0000000000
27919  39.148  -76.924  6.438 0.0000000000
27920  37.542  -77.178  6.004 0.0000000000
27921  35.985  -77.627  5.651 0.0000000000
31467  45.230  -72.949  12.777 0.0000000000
31469  43.821  -73.791  12.439 0.0000000000
31470  42.683  -74.122  11.856 0.0000000000
31473  41.263  -74.305  11.360 0.0000000000
31474  39.980  -74.657  11.122 0.0000000000
39184  46.886  -71.073  9.645 0.0000000000
39190  45.828  -73.395  11.974 0.0000000000
39191  46.446  -73.906  11.292 0.0000000000
39192  47.129  -74.635  10.579 0.0000000000
39193  44.351  -75.387  9.258 0.0000000000
39194  46.151  -75.569  9.459 0.0000000000
39195  47.781  -75.507  9.648 0.0000000000
39196  47.872  -76.527  8.667 0.0000000000
39202  40.375  -78.344  5.367 0.0000000000
39226  35.244  -77.131  7.670 0.0000000000
39227  34.812  -77.629  6.543 0.0000000000
39228  34.418  -78.141  5.351 0.0000000000
39230  32.802  -78.861  5.050 0.0000000000
39231  34.017  -78.886  4.062 0.0000000000
39232  33.696  -79.938  2.995 0.0000000000
39233  33.490  -81.109  1.958 0.0000000000
43664  44.886  -71.192  12.702 0.0000000000
43665  45.347  -71.467  12.414 0.0000000000
43666  45.321  -71.883  12.744 0.0000000000
43667  37.830  -75.827  9.304 0.0000000000
43668  38.294  -75.682  8.804 0.0000000000
43669  37.634  -75.947  8.646 0.0000000000
43670  37.443  -76.156  8.019 0.0000000000
43671  36.954  -76.267  8.518 0.0000000000
52277  48.477  -73.319  10.737 0.0000000000
52278  48.741  -72.938  10.356 0.0000000000
52279  48.893  -73.715  10.264 0.0000000000
52280  49.182  -74.151  9.570 0.0000000000
52281  48.845  -74.463  10.031 0.0000000000
52282  43.214  -74.309  10.863 0.0000000000
52283  43.919  -74.375  10.672 0.0000000000
52284  43.260  -74.566  10.277 0.0000000000
52285  42.671  -76.989  7.163 0.0000000000
52286  43.632  -76.908  7.605 0.0000000000
52287  43.525  -77.375  7.257 0.0000000000
52288  44.406  -77.693  7.428 0.0000000000
52289  43.361  -77.781  6.967 0.0000000000
52291  42.357  -77.822  6.524 0.0000000000
52292  36.530  -78.198  4.804 0.0000000000
52293  37.196  -78.375  4.551 0.0000000000
52294  36.411  -78.612  4.345 0.0000000000
52295  36.320  -79.105  3.859 0.0000000000
52296  35.656  -78.840  4.115 0.0000000000
52318  30.686  -81.311  3.485 0.0000000000
61870  44.125  -69.835  11.980 0.0000000000
61872  44.094  -69.526  11.604 0.0000000000
61873  44.090  -69.303  11.298 0.0000000000
61874  44.811  -69.891  11.361 0.0000000000
61875  45.408  -70.171  11.048 0.0000000000
61876  45.446  -70.418  11.408 0.0000000000
61877  46.373  -71.992  11.824 0.0000000000
61878  46.618  -71.582  11.512 0.0000000000
61879  46.974  -72.288  11.549 0.0000000000
61880  47.583  -72.601  11.294 0.0000000000
61881  47.121  -73.028  11.520 0.0000000000
61882  40.473  -74.770  9.941 0.0000000000
61883  41.163  -74.855  9.524 0.0000000000
61884  40.427  -75.061  9.323 0.0000000000
61885  39.517  -75.896  7.863 0.0000000000
61886  40.294  -75.780  8.083 0.0000000000
61887  40.236  -76.113  7.539 0.0000000000
61888  41.010  -76.379  7.278 0.0000000000
61889  40.125  -76.453  7.079 0.0000000000
61890  39.978  -76.834  6.679 0.0000000000
61891  39.292  -76.564  6.905 0.0000000000
61892  37.063  -76.757  6.893 0.0000000000
61893  37.687  -76.844  6.505 0.0000000000
61894  36.903  -77.084  6.364 0.0000000000
61895  36.787  -77.407  5.826 0.0000000000
61896  36.140  -77.340  6.219 0.0000000000
69080  43.284  -73.972  12.148 0.0000000000
69090  40.604  -74.456  11.218 0.0000000000
87712  46.535  -70.873  10.441 0.0000000000
87713  46.411  -70.722  10.055 0.0000000000
87714  47.077  -71.222  10.104 0.0000000000
87715  48.610  -72.436  9.219 0.0000000000
87716  48.001  -71.863  9.222 0.0000000000
87727  45.068  -73.406  12.486 0.0000000000
87728  45.483  -73.150  12.352 0.0000000000
87729  45.264  -73.533  11.989 0.0000000000
87730  45.402  -74.432  10.694 0.0000000000
87731  45.872  -74.061  11.194 0.0000000000
87732  46.074  -74.386  10.796 0.0000000000
87733  46.745  -74.249  10.948 0.0000000000
87734  46.373  -74.777  10.396 0.0000000000
87735  42.737  -75.369  8.901 0.0000000000
87736  43.481  -75.198  9.237 0.0000000000
87737  43.623  -75.584  8.809 0.0000000000
87738  45.466  -76.457  8.561 0.0000000000
87739  45.440  -75.979  8.981 0.0000000000
87740  46.274  -76.054  9.055 0.0000000000
87741  46.964  -75.580  9.594 0.0000000000
87742  47.113  -76.108  9.128 0.0000000000
87743  47.859  -76.005  9.144 0.0000000000
87744  47.093  -76.603  8.685 0.0000000000
87757  39.703  -77.608  5.814 0.0000000000
87758  40.482  -77.953  5.757 0.0000000000
87759  39.585  -77.990  5.373 0.0000000000
87760  38.493  -79.009  4.253 0.0000000000
87761  39.299  -78.850  4.596 0.0000000000
87767  36.075  -80.236  2.821 0.0000000000
87820  33.710  -78.143  6.945 0.0000000000
87821  34.365  -77.735  7.038 0.0000000000
87822  34.145  -77.943  6.458 0.0000000000
87823  34.614  -77.880  5.953 0.0000000000
87824  33.873  -78.161  5.821 0.0000000000
87828  31.709  -79.643  4.410 0.0000000000
87829  32.009  -79.318  5.030 0.0000000000
87830  32.530  -79.202  4.475 0.0000000000
87831  33.388  -78.822  4.553 0.0000000000
87832  33.220  -79.204  3.959 0.0000000000
87833  33.875  -79.385  3.542 0.0000000000
87834  33.031  -79.728  3.420 0.0000000000
87835  31.939  -81.382  2.397 0.0000000000
87836  32.702  -80.902  2.323 0.0000000000
87837  32.655  -81.507  1.899 0.0000000000
87838  33.444  -81.687  1.511 0.0000000000
87839  32.598  -82.102  1.521 0.0000000000
87841  31.956  -82.514  1.504 0.0000000000
97027  44.181  -70.134  12.299 0.0000000000
97028  44.813  -70.490  12.028 0.0000000000
97029  45.436  -70.727  11.747 0.0000000000
97030  45.374  -71.098  12.054 0.0000000000
97031  45.833  -71.702  12.120 0.0000000000
97032  46.125  -72.431  12.134 0.0000000000
97033  39.111  -75.257  9.657 0.0000000000
97034  39.669  -75.264  9.126 0.0000000000
97035  38.930  -75.451  8.951 0.0000000000
97036  38.857  -75.739  8.304 0.0000000000
97037  38.741  -76.002  7.715 0.0000000000
97038  38.648  -76.301  7.177 0.0000000000
97039  37.993  -76.180  7.567 0.0000000000
97040  37.251  -76.430  7.435 0.0000000000
97041  36.501  -76.702  7.334 0.0000000000
112531  47.870  -71.894  10.601 0.0000000000
112532  47.797  -71.650  10.158 0.0000000000
112533  48.372  -72.232  10.287 0.0000000000
112534  48.798  -72.647  9.765 0.0000000000
112535  49.084  -73.126  9.180 0.0000000000
112537  49.332  -73.896  9.094 0.0000000000
112540  44.366  -73.895  11.673 0.0000000000
112541  44.935  -73.811  11.577 0.0000000000
112542  44.538  -74.113  11.162 0.0000000000
112543  44.666  -74.385  10.636 0.0000000000
112544  44.859  -74.766  10.197 0.0000000000
112545  42.863  -76.149  7.969 0.0000000000
112546  43.707  -75.976  8.436 0.0000000000
112547  43.684  -76.449  8.008 0.0000000000
112548  44.534  -76.767  8.082 0.0000000000
112549  45.426  -76.960  8.160 0.0000000000
112550  46.237  -77.107  8.222 0.0000000000
112551  45.331  -77.492  7.853 0.0000000000
112558  38.010  -77.747  5.220 0.0000000000
112559  38.716  -78.046  5.072 0.0000000000
112560  37.910  -78.170  4.808 0.0000000000
112561  37.859  -78.664  4.378 0.0000000000
112562  37.733  -79.206  3.940 0.0000000000
112563  37.594  -79.795  3.503 0.0000000000
112564  36.976  -79.416  3.684 0.0000000000
112565  36.188  -79.654  3.320 0.0000000000
112566  35.334  -79.938  2.952 0.0000000000
112602  31.044  -80.246  4.520 0.0000000000
112603  31.576  -80.177  3.908 0.0000000000
112604  32.193  -80.205  3.376 0.0000000000
112605  31.395  -80.732  3.402 0.0000000000
112606  31.290  -81.324  2.952 0.0000000000
112607  31.268  -81.923  2.466 0.0000000000
112608  31.272  -82.459  1.990 0.0000000000
112609  30.634  -82.445  2.574 0.0000000000
126559  44.086  -69.131  10.936 0.0000000000
126560  44.712  -69.524  10.689 0.0000000000
126561  45.210  -69.854  10.354 0.0000000000
126562  45.334  -69.990  10.701 0.0000000000
126563  45.969  -70.503  10.720 0.0000000000
126564  46.621  -71.051  10.820 0.0000000000
126565  46.085  -70.962  11.436 0.0000000000
126566  46.718  -71.257  11.160 0.0000000000
126567  47.302  -71.592  10.895 0.0000000000
126568  47.761  -72.232  11.025 0.0000000000
126569  48.005  -72.957  11.072 0.0000000000
126570  48.026  -73.725  10.968 0.0000000000
126571  41.830  -74.518  10.287 0.0000000000
126572  42.552  -74.695  9.970 0.0000000000
126573  41.838  -74.786  9.726 0.0000000000
126574  41.866  -75.101  9.189 0.0000000000
126575  41.926  -75.499  8.657 0.0000000000
126576  40.340  -75.416  8.703 0.0000000000
126577  41.100  -75.647  8.352 0.0000000000
126578  41.936  -75.912  8.123 0.0000000000
126579  41.941  -76.287  7.572 0.0000000000
126580  41.839  -76.678  7.136 0.0000000000
126581  41.696  -77.060  6.806 0.0000000000
126582  41.536  -77.449  6.471 0.0000000000
126583  40.710  -77.124  6.531 0.0000000000
126584  39.813  -77.213  6.258 0.0000000000
126585  38.983  -77.279  5.973 0.0000000000
126586  38.500  -76.654  6.672 0.0000000000
126587  38.346  -76.994  6.170 0.0000000000
126588  38.173  -77.387  5.682 0.0000000000
126589  37.401  -77.557  5.457 0.0000000000
126590  36.649  -77.786  5.291 0.0000000000
126591  35.851  -78.012  5.131 0.0000000000
135879  45.182  -72.311  12.967 0.0000000000
135880  45.049  -72.686  13.198 0.0000000000
135881  44.967  -73.192  12.935 0.0000000000
135882  44.713  -73.524  12.575 0.0000000000
135884  44.297  -73.622  12.728 0.0000000000
135885  44.314  -73.738  12.203 0.0000000000
135886  43.820  -73.900  11.899 0.0000000000
135887  43.259  -74.084  11.557 0.0000000000
135888  42.617  -74.168  11.174 0.0000000000
135896  42.002  -74.178  11.549 0.0000000000
135897  41.901  -74.262  10.873 0.0000000000
135898  41.142  -74.412  10.693 0.0000000000
135899  40.497  -74.558  10.541 0.0000000000
135900  39.862  -74.794  10.467 0.0000000000
135903  39.255  -75.072  10.356 0.0000000000
158506  45.739  -70.237  10.011 0.0000000000
158507  46.220  -70.639  9.618 0.0000000000
158508  46.599  -70.947  9.192 0.0000000000
158509  47.566  -71.504  9.713 0.0000000000
158510  47.332  -71.391  9.220 0.0000000000
158524  45.546  -72.596  12.628 0.0000000000
158525  45.876  -72.836  12.278 0.0000000000
158526  46.262  -73.082  11.968 0.0000000000
158527  45.544  -73.732  11.566 0.0000000000
158528  46.183  -73.626  11.637 0.0000000000
158529  46.717  -73.388  11.675 0.0000000000
158530  47.040  -73.703  11.341 0.0000000000
158531  47.411  -74.071  11.005 0.0000000000
158532  47.848  -74.433  10.651 0.0000000000
158533  43.391  -74.890  9.726 0.0000000000
158534  44.204  -75.008  9.689 0.0000000000
158535  45.084  -75.149  9.759 0.0000000000
158536  44.521  -75.819  8.914 0.0000000000
158537  45.263  -75.539  9.367 0.0000000000
158538  45.891  -75.184  9.851 0.0000000000
158539  46.717  -75.135  10.052 0.0000000000
158540  47.514  -75.045  10.146 0.0000000000
158541  48.200  -74.824  10.144 0.0000000000
158542  48.483  -75.295  9.587 0.0000000000
158543  48.564  -75.805  9.018 0.0000000000
158560  41.425  -77.871  6.122 0.0000000000
158561  41.296  -78.290  5.766 0.0000000000
158563  39.480  -78.399  4.981 0.0000000000
158632  36.230  -76.592  8.391 0.0000000000
158633  35.956  -76.770  7.773 0.0000000000
158634  35.704  -77.002  7.226 0.0000000000
158635  34.589  -77.541  7.598 0.0000000000
158636  35.009  -77.369  7.119 0.0000000000
158637  35.526  -77.319  6.651 0.0000000000
158638  35.322  -77.617  6.059 0.0000000000
158639  35.152  -77.869  5.490 0.0000000000
158640  35.033  -78.248  4.952 0.0000000000
158643  32.692  -78.740  6.269 0.0000000000
158645  32.333  -79.000  5.599 0.0000000000
158646  33.095  -78.533  5.676 0.0000000000
158647  33.628  -78.456  5.174 0.0000000000
158648  34.212  -78.508  4.728 0.0000000000
158649  34.879  -78.672  4.407 0.0000000000
158650  34.776  -79.096  3.814 0.0000000000
158651  34.598  -79.625  3.216 0.0000000000
158652  34.437  -80.228  2.640 0.0000000000
158653  32.839  -80.329  2.895 0.0000000000
158654  33.566  -80.520  2.439 0.0000000000
158655  34.384  -80.778  2.162 0.0000000000
158656  34.312  -81.366  1.683 0.0000000000
158662  31.311  -82.972  1.557 0.0000000000
