#!ascii label  , from subject fsaverage vox2ras=TkReg
1713
105  -9.215  -11.173  57.313 0.0000000000
110  -11.241  10.613  61.685 0.0000000000
234  -9.678  -9.828  64.515 0.0000000000
236  -6.163  -17.888  69.860 0.0000000000
245  -13.479  -0.429  68.427 0.0000000000
246  -6.937  -0.221  65.060 0.0000000000
485  -6.982  -20.707  52.268 0.0000000000
500  -8.237  0.588  57.196 0.0000000000
714  -10.530  -9.482  68.161 0.0000000000
715  -6.996  -13.807  67.198 0.0000000000
716  -8.933  -13.639  70.372 0.0000000000
1059  -6.848  -10.349  54.335 0.0000000000
1060  -5.264  -15.593  51.216 0.0000000000
1061  -5.496  -16.358  55.066 0.0000000000
1098  -8.394  -5.086  60.361 0.0000000000
1099  -6.059  0.159  61.570 0.0000000000
1100  -6.911  -5.076  57.263 0.0000000000
1101  -6.467  -4.158  53.947 0.0000000000
1572  -9.552  -10.747  60.956 0.0000000000
1573  -6.288  -16.154  59.487 0.0000000000
1574  -6.618  -14.918  63.404 0.0000000000
1575  -6.694  -18.667  65.961 0.0000000000
1592  -16.853  3.966  66.314 0.0000000000
1593  -12.436  4.967  65.213 0.0000000000
1594  -9.076  6.121  66.261 0.0000000000
1595  -10.007  0.050  67.350 0.0000000000
1596  -10.299  -4.675  62.584 0.0000000000
2149  -8.939  1.530  52.704 0.0000000000
2634  -11.818  -10.193  68.836 0.0000000000
2635  -9.631  -11.754  68.986 0.0000000000
2636  -11.131  -12.535  69.137 0.0000000000
2979  -8.398  -10.872  55.544 0.0000000000
2980  -6.607  -13.702  54.372 0.0000000000
2981  -7.809  -14.220  56.194 0.0000000000
3011  -13.306  9.152  60.594 0.0000000000
3013  -12.419  12.537  59.136 0.0000000000
3015  -10.478  13.834  61.035 0.0000000000
3016  -8.833  15.218  62.666 0.0000000000
3017  -9.756  11.984  63.196 0.0000000000
3018  -9.318  -7.955  58.493 0.0000000000
3019  -7.669  -5.110  58.844 0.0000000000
3020  -8.611  -7.839  56.807 0.0000000000
3021  -7.402  -7.599  55.366 0.0000000000
3579  -9.595  -10.274  62.674 0.0000000000
3580  -8.158  -13.028  62.017 0.0000000000
3581  -8.159  -12.394  63.825 0.0000000000
3582  -6.270  -15.758  68.742 0.0000000000
3583  -6.016  -16.268  66.691 0.0000000000
3584  -6.301  -18.204  67.915 0.0000000000
3611  -15.645  -1.010  68.360 0.0000000000
3612  -17.194  0.914  67.660 0.0000000000
3613  -14.948  1.785  67.296 0.0000000000
3614  -14.631  4.588  65.467 0.0000000000
3615  -12.866  2.337  67.233 0.0000000000
3616  -11.346  2.754  67.346 0.0000000000
3617  -11.667  -0.091  68.160 0.0000000000
3620  -10.333  -7.434  63.371 0.0000000000
4617  -5.527  -18.624  51.275 0.0000000000
4623  -5.562  -18.575  58.266 0.0000000000
4733  -7.960  3.001  66.821 0.0000000000
4736  -7.088  0.502  59.597 0.0000000000
4738  -8.745  3.688  59.371 0.0000000000
4740  -9.491  3.736  56.142 0.0000000000
4741  -9.312  4.100  53.525 0.0000000000
4742  -8.946  0.933  54.793 0.0000000000
4743  -5.790  -6.672  52.624 0.0000000000
4744  -6.986  -3.551  52.295 0.0000000000
5892  -9.868  -9.435  66.378 0.0000000000
5893  -8.302  -11.854  65.690 0.0000000000
5894  -8.689  -11.576  67.464 0.0000000000
5895  -7.667  -13.519  69.061 0.0000000000
5896  -6.983  -15.451  70.600 0.0000000000
6513  -5.603  -9.844  53.114 0.0000000000
6515  -5.464  -13.031  52.996 0.0000000000
6516  -5.052  -16.060  53.069 0.0000000000
6517  -5.315  -19.004  53.633 0.0000000000
6584  -7.060  -2.842  62.647 0.0000000000
6586  -6.222  -2.969  61.044 0.0000000000
6587  -5.891  -2.609  59.251 0.0000000000
6588  -6.580  -2.175  57.451 0.0000000000
6589  -7.295  -1.858  55.591 0.0000000000
6590  -6.339  -4.748  55.759 0.0000000000
6591  -6.170  -7.337  54.068 0.0000000000
7506  -9.500  -10.998  59.225 0.0000000000
7507  -8.168  -14.290  58.439 0.0000000000
7508  -8.227  -13.722  60.272 0.0000000000
7509  -6.510  -15.603  61.504 0.0000000000
7511  -6.698  -14.253  65.249 0.0000000000
7512  -5.963  -16.836  64.705 0.0000000000
7556  -13.925  6.626  62.561 0.0000000000
7557  -11.798  7.554  63.272 0.0000000000
7558  -10.203  8.663  64.267 0.0000000000
7559  -10.914  5.599  65.637 0.0000000000
7560  -9.685  2.973  67.298 0.0000000000
7561  -8.326  -0.028  66.302 0.0000000000
7562  -11.267  -2.250  65.758 0.0000000000
7563  -9.964  -2.111  64.458 0.0000000000
7564  -8.457  -2.411  63.655 0.0000000000
8128  -12.246  -13.624  67.883 0.0000000000
8870  -6.016  -16.395  57.273 0.0000000000
8871  -5.474  -18.886  55.989 0.0000000000
8872  -7.112  -20.773  54.651 0.0000000000
8888  -10.627  -14.582  70.063 0.0000000000
8889  -8.624  -15.750  71.684 0.0000000000
8890  -6.912  -17.876  71.899 0.0000000000
9004  -8.548  9.656  65.240 0.0000000000
9016  -7.758  -1.307  53.629 0.0000000000
10315  -11.418  -11.425  68.762 0.0000000000
10316  -12.010  -11.922  68.295 0.0000000000
10659  -8.916  -11.089  56.375 0.0000000000
10660  -8.411  -12.701  55.689 0.0000000000
10661  -8.744  -12.815  56.738 0.0000000000
10691  -12.210  9.880  61.023 0.0000000000
10692  -12.902  10.783  59.654 0.0000000000
10693  -11.848  11.546  60.364 0.0000000000
10694  -11.381  13.193  59.990 0.0000000000
10695  -10.911  12.184  61.249 0.0000000000
10696  -10.127  12.914  62.057 0.0000000000
10697  -10.472  11.322  62.394 0.0000000000
10698  -9.393  -9.566  57.795 0.0000000000
10699  -9.010  -7.977  57.650 0.0000000000
10700  -9.056  -9.526  56.894 0.0000000000
10701  -8.621  -9.355  56.036 0.0000000000
11259  -9.615  -10.035  63.592 0.0000000000
11260  -8.968  -11.416  63.264 0.0000000000
11261  -8.984  -11.128  64.155 0.0000000000
11262  -6.184  -16.760  69.418 0.0000000000
11263  -6.119  -16.977  68.353 0.0000000000
11264  -6.145  -18.045  68.896 0.0000000000
11265  -6.379  -19.338  68.336 0.0000000000
11266  -6.189  -19.197  69.270 0.0000000000
11291  -14.600  -0.682  68.368 0.0000000000
11292  -15.240  0.339  67.957 0.0000000000
11293  -14.199  0.688  67.975 0.0000000000
11294  -13.873  2.045  67.238 0.0000000000
11295  -13.114  0.931  68.038 0.0000000000
11296  -12.277  1.153  68.071 0.0000000000
11297  -12.566  -0.198  68.361 0.0000000000
11298  -10.175  -8.539  64.836 0.0000000000
11299  -10.598  -7.332  64.249 0.0000000000
11300  -10.031  -8.716  63.894 0.0000000000
11301  -9.944  -8.838  63.000 0.0000000000
12297  -6.192  -19.803  51.752 0.0000000000
12413  -7.467  1.333  66.117 0.0000000000
12414  -7.257  3.067  66.320 0.0000000000
12415  -6.879  1.336  65.437 0.0000000000
12416  -7.684  0.528  58.490 0.0000000000
12417  -8.112  1.969  59.692 0.0000000000
12418  -8.622  2.040  58.335 0.0000000000
12419  -9.146  3.756  57.713 0.0000000000
12420  -9.013  2.116  56.833 0.0000000000
12421  -9.232  2.291  55.425 0.0000000000
12422  -8.710  0.709  55.937 0.0000000000
12423  -5.704  -7.986  52.146 0.0000000000
12424  -6.113  -6.381  51.938 0.0000000000
13659  -10.175  -9.408  67.274 0.0000000000
13660  -9.285  -10.522  66.908 0.0000000000
13661  -9.596  -10.502  67.770 0.0000000000
13662  -9.346  -12.710  69.691 0.0000000000
13663  -8.640  -12.575  69.042 0.0000000000
13664  -8.243  -13.499  69.857 0.0000000000
13665  -7.307  -14.464  69.873 0.0000000000
13666  -7.902  -14.433  70.599 0.0000000000
13701  -10.636  -8.359  66.742 0.0000000000
14694  -6.109  -10.175  53.785 0.0000000000
14695  -5.638  -11.455  53.075 0.0000000000
14696  -6.112  -11.703  53.713 0.0000000000
14697  -6.126  -15.110  54.658 0.0000000000
14698  -5.655  -14.812  53.803 0.0000000000
14699  -5.242  -16.259  54.100 0.0000000000
14700  -4.918  -17.601  53.258 0.0000000000
14701  -5.055  -17.650  54.405 0.0000000000
14808  -8.459  14.117  63.394 0.0000000000
14813  -7.685  -3.893  61.447 0.0000000000
14814  -6.622  -2.902  61.884 0.0000000000
14815  -7.230  -4.062  60.740 0.0000000000
14816  -7.249  -5.061  58.103 0.0000000000
14817  -6.500  -3.931  59.088 0.0000000000
14818  -6.354  -3.887  58.313 0.0000000000
14819  -6.080  -2.368  58.383 0.0000000000
14820  -6.327  -3.706  57.556 0.0000000000
14821  -6.412  -3.393  56.719 0.0000000000
14822  -6.556  -4.913  56.507 0.0000000000
14823  -7.234  -9.004  54.723 0.0000000000
14824  -6.719  -7.485  54.739 0.0000000000
14825  -6.474  -8.801  54.224 0.0000000000
14826  -5.881  -8.624  53.579 0.0000000000
16494  -9.513  -10.897  60.124 0.0000000000
16495  -8.945  -12.532  59.661 0.0000000000
16496  -8.974  -12.256  60.582 0.0000000000
16497  -7.365  -13.984  62.720 0.0000000000
16498  -7.373  -14.402  61.844 0.0000000000
16499  -6.609  -15.291  62.452 0.0000000000
16500  -5.899  -16.526  62.061 0.0000000000
16501  -6.007  -16.172  63.077 0.0000000000
16502  -7.580  -12.831  66.384 0.0000000000
16503  -7.440  -13.047  65.428 0.0000000000
16504  -6.796  -14.001  66.171 0.0000000000
16505  -6.156  -17.451  66.341 0.0000000000
16506  -6.018  -16.498  65.694 0.0000000000
16507  -6.229  -17.711  65.333 0.0000000000
16594  -17.030  2.399  67.290 0.0000000000
16600  -16.596  5.303  64.950 0.0000000000
16601  -13.475  4.713  65.242 0.0000000000
16602  -14.267  5.591  63.906 0.0000000000
16603  -13.108  5.845  63.819 0.0000000000
16604  -12.817  7.015  62.749 0.0000000000
16605  -12.122  6.236  64.074 0.0000000000
16606  -11.319  6.691  64.465 0.0000000000
16607  -11.640  5.279  65.337 0.0000000000
16608  -10.589  1.316  67.895 0.0000000000
16609  -10.562  2.918  67.339 0.0000000000
16610  -9.782  1.377  67.608 0.0000000000
16611  -8.934  1.363  67.217 0.0000000000
16612  -9.188  0.038  66.812 0.0000000000
16614  -11.885  -2.392  66.472 0.0000000000
16616  -10.779  -4.735  63.277 0.0000000000
16617  -10.828  -3.349  63.949 0.0000000000
16618  -10.200  -3.302  63.407 0.0000000000
16619  -9.253  -2.241  64.006 0.0000000000
16620  -9.472  -3.381  62.932 0.0000000000
16621  -8.878  -3.567  62.486 0.0000000000
16622  -9.779  -4.735  62.037 0.0000000000
16623  -9.865  -9.200  61.264 0.0000000000
16625  -9.826  -9.308  60.437 0.0000000000
16626  -9.763  -9.429  59.575 0.0000000000
19607  -5.451  -14.145  51.353 0.0000000000
19622  -7.245  -15.297  59.022 0.0000000000
19623  -7.112  -15.393  57.850 0.0000000000
19624  -6.184  -16.304  58.388 0.0000000000
19625  -6.312  -19.579  57.585 0.0000000000
19626  -5.480  -18.751  57.120 0.0000000000
19627  -6.283  -19.730  56.412 0.0000000000
19628  -6.202  -19.897  55.317 0.0000000000
19629  -7.217  -20.586  55.763 0.0000000000
19668  -11.514  -14.122  68.986 0.0000000000
19669  -11.284  -15.165  69.475 0.0000000000
19671  -9.535  -16.160  71.583 0.0000000000
19673  -7.671  -16.660  71.995 0.0000000000
19958  -9.686  7.447  65.353 0.0000000000
19959  -9.362  9.216  64.846 0.0000000000
19960  -8.773  7.777  65.724 0.0000000000
19983  -9.098  2.899  53.093 0.0000000000
19984  -9.081  4.356  52.260 0.0000000000
19988  -6.844  -2.996  54.801 0.0000000000
19989  -7.557  -1.564  54.518 0.0000000000
19990  -7.097  -2.669  53.846 0.0000000000
19992  -7.774  -2.140  52.123 0.0000000000
23172  -11.121  -9.763  68.732 0.0000000000
23173  -10.069  -10.627  68.555 0.0000000000
23174  -10.744  -10.930  68.887 0.0000000000
23175  -10.358  -12.098  69.319 0.0000000000
23176  -10.125  -13.081  69.863 0.0000000000
23793  -7.639  -10.627  54.866 0.0000000000
23794  -6.897  -12.035  54.294 0.0000000000
23795  -7.675  -12.416  54.916 0.0000000000
23796  -7.281  -14.078  55.221 0.0000000000
23797  -6.541  -15.359  55.686 0.0000000000
23851  -14.566  8.695  60.501 0.0000000000
23858  -11.023  14.868  59.822 0.0000000000
23859  -10.122  15.540  61.002 0.0000000000
23860  -9.297  16.182  61.829 0.0000000000
23861  -9.699  14.538  61.920 0.0000000000
23862  -9.369  13.576  62.850 0.0000000000
23863  -8.916  12.559  63.861 0.0000000000
23864  -8.982  -6.526  59.372 0.0000000000
23865  -8.047  -5.143  59.599 0.0000000000
23866  -8.680  -6.485  58.581 0.0000000000
23867  -8.350  -6.439  57.832 0.0000000000
23868  -7.826  -6.351  57.004 0.0000000000
23869  -7.353  -6.237  56.279 0.0000000000
23870  -8.008  -7.718  56.036 0.0000000000
23871  -7.944  -9.181  55.367 0.0000000000
24873  -9.568  -10.498  61.817 0.0000000000
24874  -8.936  -11.903  61.486 0.0000000000
24875  -8.971  -11.672  62.327 0.0000000000
24876  -8.161  -12.681  62.901 0.0000000000
24877  -7.365  -13.635  63.576 0.0000000000
24878  -6.540  -14.753  68.015 0.0000000000
24879  -6.347  -15.013  67.021 0.0000000000
24880  -6.092  -15.982  67.687 0.0000000000
24881  -6.098  -17.192  67.367 0.0000000000
24882  -6.425  -18.398  66.970 0.0000000000
24884  -6.678  -19.463  67.440 0.0000000000
24933  -16.361  -0.078  68.033 0.0000000000
24934  -16.110  1.359  67.526 0.0000000000
24935  -15.981  2.868  66.996 0.0000000000
24936  -15.766  4.299  65.806 0.0000000000
24937  -14.893  3.169  66.669 0.0000000000
24938  -13.780  3.494  66.423 0.0000000000
24939  -12.796  3.716  66.400 0.0000000000
24940  -11.986  4.027  66.450 0.0000000000
24941  -12.088  2.609  67.312 0.0000000000
24942  -11.458  1.335  68.038 0.0000000000
24943  -10.782  -0.024  67.849 0.0000000000
24948  -10.502  -6.135  62.807 0.0000000000
24950  -10.145  -7.519  62.553 0.0000000000
24951  -9.907  -9.064  62.139 0.0000000000
26741  -5.261  -17.066  51.158 0.0000000000
26742  -5.755  -16.779  50.301 0.0000000000
26743  -5.828  -18.195  50.291 0.0000000000
26750  -5.649  -17.086  60.023 0.0000000000
26751  -5.547  -17.316  58.887 0.0000000000
26951  -8.448  4.650  66.842 0.0000000000
26952  -8.156  6.372  66.271 0.0000000000
26953  -7.656  4.820  66.560 0.0000000000
26956  -6.505  0.344  60.590 0.0000000000
26958  -7.487  1.919  60.823 0.0000000000
26966  -9.519  3.934  54.727 0.0000000000
26967  -9.219  2.567  54.203 0.0000000000
26968  -8.948  1.230  53.770 0.0000000000
26969  -6.161  -5.372  53.199 0.0000000000
26970  -6.673  -3.818  53.114 0.0000000000
26971  -6.329  -5.010  52.408 0.0000000000
29106  -9.729  -9.622  65.407 0.0000000000
29107  -9.033  -10.900  65.071 0.0000000000
29108  -9.103  -10.703  65.974 0.0000000000
29109  -8.428  -11.674  66.585 0.0000000000
29110  -7.806  -12.693  67.323 0.0000000000
29111  -9.090  -11.552  68.320 0.0000000000
29112  -8.141  -12.570  68.241 0.0000000000
29113  -7.272  -13.618  68.152 0.0000000000
29114  -6.861  -14.578  68.983 0.0000000000
29115  -6.553  -15.569  69.757 0.0000000000
29116  -6.376  -16.640  70.369 0.0000000000
29158  -13.052  -1.481  68.000 0.0000000000
29166  -10.385  -8.408  65.793 0.0000000000
30555  -5.541  -9.613  52.331 0.0000000000
30557  -5.511  -11.190  52.289 0.0000000000
30558  -5.374  -12.751  52.245 0.0000000000
30559  -5.143  -14.292  52.081 0.0000000000
30560  -5.997  -13.264  53.677 0.0000000000
30561  -5.225  -14.517  52.932 0.0000000000
30562  -4.991  -15.830  52.086 0.0000000000
30563  -5.033  -17.383  52.163 0.0000000000
30564  -5.360  -18.776  52.432 0.0000000000
30565  -6.137  -19.998  52.904 0.0000000000
30716  -8.394  16.723  62.417 0.0000000000
30722  -6.803  -1.592  63.854 0.0000000000
30723  -6.404  -0.183  64.383 0.0000000000
30724  -6.267  -1.613  63.094 0.0000000000
30725  -5.895  -1.609  62.174 0.0000000000
30726  -5.695  -1.500  61.288 0.0000000000
30727  -6.825  -4.033  59.939 0.0000000000
30728  -5.988  -2.855  60.165 0.0000000000
30729  -5.764  -1.267  60.370 0.0000000000
30730  -6.124  -1.017  59.385 0.0000000000
30731  -6.662  -0.868  58.392 0.0000000000
30732  -7.311  -0.830  57.374 0.0000000000
30733  -7.894  -0.708  56.315 0.0000000000
30734  -6.909  -2.002  56.474 0.0000000000
30735  -6.613  -3.233  55.725 0.0000000000
30736  -6.345  -4.464  54.843 0.0000000000
30737  -6.793  -6.122  55.579 0.0000000000
30738  -6.327  -5.973  54.849 0.0000000000
30739  -6.129  -5.783  53.973 0.0000000000
30740  -5.811  -7.080  53.364 0.0000000000
30741  -5.534  -8.320  52.852 0.0000000000
32988  -9.395  -11.124  58.276 0.0000000000
32989  -8.881  -12.886  57.808 0.0000000000
32990  -8.969  -12.725  58.708 0.0000000000
32991  -8.256  -14.073  59.425 0.0000000000
32992  -7.373  -15.067  59.985 0.0000000000
32993  -8.190  -13.366  61.153 0.0000000000
32994  -7.378  -14.734  60.941 0.0000000000
32995  -6.418  -15.911  60.506 0.0000000000
32996  -5.728  -16.833  61.064 0.0000000000
32999  -8.219  -12.103  64.764 0.0000000000
33000  -7.368  -13.341  64.494 0.0000000000
33001  -6.650  -14.545  64.323 0.0000000000
33002  -6.231  -15.265  66.013 0.0000000000
33003  -6.172  -15.543  65.040 0.0000000000
33004  -6.082  -15.863  64.045 0.0000000000
33005  -5.902  -17.189  63.660 0.0000000000
33124  -15.428  5.430  64.276 0.0000000000
33125  -15.109  6.387  62.778 0.0000000000
33126  -14.838  7.454  61.538 0.0000000000
33127  -13.653  7.768  61.540 0.0000000000
33128  -12.523  8.331  61.861 0.0000000000
33129  -11.530  9.080  62.387 0.0000000000
33130  -10.771  9.661  63.007 0.0000000000
33131  -10.966  8.138  63.763 0.0000000000
33132  -10.549  7.068  64.893 0.0000000000
33133  -9.994  5.904  66.075 0.0000000000
33134  -11.253  4.286  66.516 0.0000000000
33135  -10.400  4.430  66.738 0.0000000000
33136  -9.428  4.544  66.856 0.0000000000
33137  -8.820  3.028  67.091 0.0000000000
33138  -8.182  1.319  66.657 0.0000000000
33139  -7.587  -0.103  65.748 0.0000000000
33140  -12.111  -1.268  67.608 0.0000000000
33141  -11.309  -1.170  67.140 0.0000000000
33142  -10.536  -1.076  66.468 0.0000000000
33143  -11.334  -3.396  64.703 0.0000000000
33144  -10.668  -2.131  65.041 0.0000000000
33145  -9.799  -1.020  65.875 0.0000000000
33146  -9.078  -1.090  65.373 0.0000000000
33147  -8.315  -1.260  64.890 0.0000000000
33148  -7.512  -1.470  64.454 0.0000000000
33149  -7.752  -2.646  63.240 0.0000000000
33150  -8.216  -3.721  62.051 0.0000000000
33155  -9.509  -7.922  59.345 0.0000000000
33156  -9.600  -9.557  58.718 0.0000000000
34690  -12.435  -12.417  67.555 0.0000000000
36854  -8.120  -14.336  57.317 0.0000000000
36855  -6.911  -15.435  56.740 0.0000000000
36856  -5.820  -16.388  56.166 0.0000000000
36857  -5.436  -17.468  57.820 0.0000000000
36858  -5.310  -17.574  56.651 0.0000000000
36859  -5.193  -17.690  55.529 0.0000000000
36860  -5.394  -18.980  54.845 0.0000000000
36861  -6.148  -20.060  54.173 0.0000000000
36862  -7.025  -20.820  53.468 0.0000000000
36908  -11.752  -13.112  68.573 0.0000000000
36909  -10.916  -13.574  69.576 0.0000000000
36910  -9.849  -14.036  70.411 0.0000000000
36911  -10.465  -15.636  70.599 0.0000000000
36912  -9.676  -15.082  70.981 0.0000000000
36913  -8.803  -14.630  71.099 0.0000000000
36914  -7.739  -15.492  71.362 0.0000000000
36915  -6.878  -16.566  71.380 0.0000000000
36916  -6.389  -17.852  70.952 0.0000000000
36925  -6.198  -19.133  70.372 0.0000000000
37258  -9.948  10.365  63.707 0.0000000000
37259  -9.179  10.949  64.330 0.0000000000
37294  -8.184  -0.515  55.209 0.0000000000
37295  -8.334  -0.213  54.174 0.0000000000
37296  -8.434  0.092  53.212 0.0000000000
37297  -7.350  -2.328  52.973 0.0000000000
37298  -8.058  -1.065  52.709 0.0000000000
41035  -12.187  -11.249  68.294 0.0000000000
41036  -12.394  -11.500  67.926 0.0000000000
41379  -9.067  -11.144  56.843 0.0000000000
41380  -8.896  -11.938  56.516 0.0000000000
41381  -9.004  -11.953  57.018 0.0000000000
41411  -11.728  10.253  61.313 0.0000000000
41412  -12.038  10.717  60.627 0.0000000000
41413  -11.606  11.104  60.966 0.0000000000
41414  -11.361  11.871  60.798 0.0000000000
41415  -11.103  11.396  61.415 0.0000000000
41416  -10.700  11.748  61.785 0.0000000000
41417  -10.848  10.983  62.025 0.0000000000
41418  -9.374  -10.381  57.553 0.0000000000
41419  -9.228  -9.602  57.360 0.0000000000
41420  -9.177  -10.389  57.088 0.0000000000
41421  -9.003  -10.300  56.612 0.0000000000
41979  -9.645  -9.930  64.037 0.0000000000
41980  -9.305  -10.619  63.864 0.0000000000
41981  -9.330  -10.506  64.315 0.0000000000
41982  -6.128  -17.368  69.594 0.0000000000
41983  -6.135  -17.413  69.109 0.0000000000
41984  -6.133  -17.960  69.391 0.0000000000
41985  -6.156  -18.605  69.118 0.0000000000
41986  -6.134  -18.537  69.572 0.0000000000
42011  -14.048  -0.544  68.374 0.0000000000
42012  -14.376  0.013  68.230 0.0000000000
42013  -13.826  0.156  68.260 0.0000000000
42014  -13.637  0.817  68.022 0.0000000000
42015  -13.289  0.240  68.323 0.0000000000
42016  -12.846  0.307  68.343 0.0000000000
42017  -13.030  -0.306  68.416 0.0000000000
42018  -9.896  -9.184  64.700 0.0000000000
42019  -10.094  -8.635  64.367 0.0000000000
42020  -9.865  -9.300  64.195 0.0000000000
42021  -9.843  -9.371  63.738 0.0000000000
43017  -6.576  -20.282  52.010 0.0000000000
43018  -6.626  -20.143  51.451 0.0000000000
43133  -7.180  0.538  65.626 0.0000000000
43134  -7.153  1.341  65.796 0.0000000000
43135  -6.899  0.504  65.286 0.0000000000
43136  -7.983  0.561  57.892 0.0000000000
43137  -8.195  1.279  58.480 0.0000000000
43138  -8.423  1.302  57.765 0.0000000000
43139  -8.831  2.059  57.601 0.0000000000
43140  -8.634  1.338  57.050 0.0000000000
43141  -8.852  1.401  56.372 0.0000000000
43142  -8.486  0.642  56.555 0.0000000000
44379  -10.340  -9.421  67.739 0.0000000000
44380  -9.909  -9.930  67.560 0.0000000000
44381  -10.061  -9.986  67.995 0.0000000000
44382  -9.145  -13.166  70.021 0.0000000000
44383  -8.795  -13.080  69.783 0.0000000000
44384  -8.574  -13.553  70.158 0.0000000000
44385  -8.022  -13.949  70.218 0.0000000000
44386  -8.375  -13.999  70.476 0.0000000000
44418  -10.994  -9.042  68.260 0.0000000000
44420  -10.748  -8.939  67.868 0.0000000000
44421  -10.554  -8.893  67.432 0.0000000000
45414  -6.430  -10.223  54.068 0.0000000000
45415  -6.140  -10.937  53.766 0.0000000000
45416  -6.472  -11.039  54.063 0.0000000000
45417  -5.819  -15.762  54.869 0.0000000000
45418  -5.662  -15.642  54.404 0.0000000000
45419  -5.363  -16.321  54.571 0.0000000000
45420  -5.088  -16.974  54.193 0.0000000000
45421  -5.161  -16.944  54.700 0.0000000000
45533  -8.032  -4.485  60.894 0.0000000000
45534  -7.436  -4.011  61.116 0.0000000000
45535  -7.815  -4.550  60.547 0.0000000000
45536  -7.092  -5.117  57.659 0.0000000000
45537  -6.751  -4.486  58.253 0.0000000000
45538  -6.618  -4.453  57.872 0.0000000000
45539  -6.313  -3.803  57.980 0.0000000000
45540  -6.517  -4.423  57.458 0.0000000000
45541  -6.466  -4.352  57.031 0.0000000000
45542  -6.732  -4.992  56.903 0.0000000000
45543  -7.033  -9.663  54.488 0.0000000000
45544  -6.853  -8.887  54.485 0.0000000000
45545  -6.665  -9.594  54.268 0.0000000000
45546  -6.293  -9.515  54.011 0.0000000000
47214  -9.519  -10.824  60.547 0.0000000000
47215  -9.297  -11.650  60.320 0.0000000000
47216  -9.283  -11.530  60.764 0.0000000000
47217  -6.985  -14.440  63.056 0.0000000000
47218  -6.978  -14.637  62.585 0.0000000000
47219  -6.633  -15.114  62.932 0.0000000000
47220  -6.249  -15.747  62.793 0.0000000000
47221  -6.272  -15.567  63.240 0.0000000000
47222  -7.259  -13.341  66.773 0.0000000000
47223  -7.167  -13.419  66.285 0.0000000000
47224  -6.874  -13.923  66.671 0.0000000000
47225  -6.375  -18.052  66.147 0.0000000000
47226  -6.180  -17.590  65.834 0.0000000000
47227  -6.463  -18.169  65.638 0.0000000000
47314  -16.955  3.169  66.865 0.0000000000
47315  -17.492  2.895  66.971 0.0000000000
47316  -17.398  3.732  66.493 0.0000000000
47318  -17.276  4.560  65.900 0.0000000000
47320  -16.714  4.710  65.617 0.0000000000
47321  -12.943  4.830  65.200 0.0000000000
47322  -13.264  5.303  64.511 0.0000000000
47323  -12.730  5.461  64.529 0.0000000000
47324  -12.605  6.041  63.923 0.0000000000
47325  -12.248  5.618  64.600 0.0000000000
47326  -11.851  5.809  64.687 0.0000000000
47327  -12.048  5.123  65.240 0.0000000000
47328  -10.270  0.680  67.806 0.0000000000
47329  -10.208  1.360  67.782 0.0000000000
47330  -9.854  0.647  67.590 0.0000000000
47331  -9.408  0.647  67.356 0.0000000000
47332  -9.618  0.059  67.081 0.0000000000
47336  -10.543  -4.721  62.945 0.0000000000
47337  -10.564  -4.017  63.246 0.0000000000
47338  -10.297  -4.007  62.948 0.0000000000
47339  -9.852  -3.327  63.171 0.0000000000
47340  -9.986  -4.027  62.693 0.0000000000
47341  -9.672  -4.055  62.456 0.0000000000
47342  -10.029  -4.668  62.295 0.0000000000
47343  -9.736  -9.965  61.105 0.0000000000
47344  -9.846  -9.276  60.841 0.0000000000
47345  -9.736  -10.042  60.672 0.0000000000
47346  -9.732  -10.117  60.231 0.0000000000
50327  -5.351  -14.867  51.254 0.0000000000
50329  -5.536  -15.451  50.884 0.0000000000
50342  -6.742  -15.744  59.269 0.0000000000
50343  -6.709  -15.795  58.691 0.0000000000
50344  -6.241  -16.233  58.943 0.0000000000
50346  -6.298  -19.662  56.987 0.0000000000
50347  -6.773  -20.070  56.634 0.0000000000
50348  -6.750  -20.137  56.095 0.0000000000
50349  -7.267  -20.492  56.280 0.0000000000
50388  -11.684  -14.960  68.884 0.0000000000
50678  -9.397  6.773  65.835 0.0000000000
50679  -9.232  7.630  65.528 0.0000000000
50680  -8.928  6.940  65.945 0.0000000000
50686  -5.956  0.036  62.035 0.0000000000
50703  -9.025  2.208  52.906 0.0000000000
50704  -9.116  2.968  52.495 0.0000000000
50705  -9.065  2.283  52.321 0.0000000000
50708  -6.637  -3.557  54.374 0.0000000000
50709  -6.970  -2.844  54.316 0.0000000000
50710  -6.768  -3.416  53.911 0.0000000000
53979  -11.480  -9.953  68.849 0.0000000000
53980  -10.888  -10.318  68.817 0.0000000000
53981  -11.244  -10.540  68.871 0.0000000000
53982  -11.221  -12.028  68.935 0.0000000000
53983  -10.899  -11.763  69.026 0.0000000000
53984  -10.753  -12.308  69.281 0.0000000000
53985  -10.286  -12.574  69.581 0.0000000000
53986  -10.630  -12.792  69.536 0.0000000000
55014  -8.037  -10.731  55.169 0.0000000000
55015  -7.671  -11.539  54.857 0.0000000000
55016  -8.066  -11.689  55.174 0.0000000000
55017  -8.179  -13.529  55.950 0.0000000000
55018  -7.890  -13.417  55.468 0.0000000000
55019  -7.559  -14.164  55.701 0.0000000000
55020  -6.920  -14.760  55.452 0.0000000000
55021  -7.165  -14.807  55.938 0.0000000000
55111  -13.918  8.877  60.500 0.0000000000
55113  -13.711  9.631  59.962 0.0000000000
55114  -12.654  11.653  59.309 0.0000000000
55121  -10.911  13.499  60.509 0.0000000000
55122  -11.220  14.023  59.859 0.0000000000
55123  -10.767  14.372  60.394 0.0000000000
55124  -10.550  15.241  60.387 0.0000000000
55125  -10.296  14.705  60.982 0.0000000000
55126  -9.914  15.074  61.441 0.0000000000
55127  -10.107  14.212  61.451 0.0000000000
55128  -9.967  12.384  62.607 0.0000000000
55129  -9.755  13.233  62.475 0.0000000000
55130  -9.578  12.733  62.999 0.0000000000
55131  -9.146  13.054  63.346 0.0000000000
55132  -9.324  12.284  63.576 0.0000000000
55133  -9.171  -7.206  58.940 0.0000000000
55134  -8.824  -6.476  59.012 0.0000000000
55135  -9.047  -7.220  58.513 0.0000000000
55136  -8.823  -7.929  57.230 0.0000000000
55137  -8.740  -7.200  57.705 0.0000000000
55138  -8.528  -7.138  57.306 0.0000000000
55139  -8.095  -6.408  57.407 0.0000000000
55140  -8.265  -7.059  56.872 0.0000000000
55141  -7.964  -7.009  56.482 0.0000000000
55142  -8.348  -7.751  56.420 0.0000000000
55143  -8.522  -10.125  55.767 0.0000000000
55144  -8.284  -9.283  55.704 0.0000000000
55145  -8.200  -10.036  55.355 0.0000000000
55146  -7.843  -9.905  55.027 0.0000000000
56814  -9.547  -10.412  62.245 0.0000000000
56815  -9.288  -11.098  62.033 0.0000000000
56816  -9.297  -10.975  62.501 0.0000000000
56817  -8.581  -11.884  63.513 0.0000000000
56818  -8.588  -12.043  63.047 0.0000000000
56819  -8.159  -12.524  63.324 0.0000000000
56820  -7.767  -13.149  63.289 0.0000000000
56821  -7.775  -13.010  63.724 0.0000000000
56822  -6.362  -15.279  68.342 0.0000000000
56823  -6.260  -15.381  67.855 0.0000000000
56824  -6.175  -15.866  68.222 0.0000000000
56825  -6.188  -17.607  68.123 0.0000000000
56826  -6.117  -17.098  67.849 0.0000000000
56827  -6.190  -17.718  67.671 0.0000000000
56828  -6.238  -17.822  67.154 0.0000000000
56829  -6.368  -18.292  67.451 0.0000000000
56830  -6.611  -18.912  67.247 0.0000000000
56831  -6.469  -18.809  67.689 0.0000000000
56832  -6.390  -19.924  68.479 0.0000000000
56833  -6.563  -20.005  68.056 0.0000000000
56913  -15.956  -0.546  68.244 0.0000000000
56914  -15.094  1.029  67.585 0.0000000000
56915  -15.666  0.882  67.673 0.0000000000
56916  -15.519  1.602  67.401 0.0000000000
56917  -16.026  2.141  67.321 0.0000000000
56918  -15.496  2.319  67.161 0.0000000000
56919  -15.466  3.011  66.832 0.0000000000
56920  -14.944  2.488  67.016 0.0000000000
56921  -13.384  2.184  67.227 0.0000000000
56922  -13.811  2.744  66.856 0.0000000000
56923  -13.313  2.885  66.793 0.0000000000
56924  -13.288  3.648  66.387 0.0000000000
56925  -12.844  3.033  66.825 0.0000000000
56926  -12.430  3.198  66.854 0.0000000000
56927  -12.454  2.474  67.295 0.0000000000
56928  -11.967  0.521  68.264 0.0000000000
56929  -11.848  1.238  68.060 0.0000000000
56930  -11.542  0.589  68.240 0.0000000000
56931  -11.090  0.626  68.163 0.0000000000
56932  -11.241  -0.045  68.016 0.0000000000
56936  -10.465  -7.380  63.808 0.0000000000
56937  -10.751  -6.704  63.930 0.0000000000
56938  -10.586  -6.742  63.528 0.0000000000
56939  -10.667  -6.097  63.265 0.0000000000
56940  -10.472  -6.799  63.096 0.0000000000
56941  -10.364  -6.828  62.686 0.0000000000
56942  -10.219  -7.487  62.951 0.0000000000
56943  -9.825  -9.534  62.796 0.0000000000
56944  -9.917  -8.944  62.578 0.0000000000
56945  -9.800  -9.657  62.365 0.0000000000
56946  -9.773  -9.782  61.940 0.0000000000
59927  -5.345  -17.840  51.204 0.0000000000
59928  -5.504  -17.660  50.725 0.0000000000
59929  -5.675  -18.444  50.790 0.0000000000
59943  -5.530  -17.764  59.736 0.0000000000
60278  -8.180  3.843  66.907 0.0000000000
60279  -8.040  4.742  66.736 0.0000000000
60280  -7.752  3.953  66.745 0.0000000000
60286  -6.761  0.418  60.096 0.0000000000
60287  -6.983  1.119  60.737 0.0000000000
60288  -7.281  1.125  60.193 0.0000000000
60289  -8.507  2.768  59.549 0.0000000000
60290  -8.236  2.754  60.213 0.0000000000
60296  -9.329  3.741  56.912 0.0000000000
60298  -9.436  4.522  56.441 0.0000000000
60300  -9.545  4.522  55.712 0.0000000000
60301  -9.577  4.589  55.012 0.0000000000
60302  -9.547  3.833  55.412 0.0000000000
60303  -9.087  1.617  55.075 0.0000000000
60304  -9.256  2.447  54.789 0.0000000000
60305  -9.117  1.784  54.494 0.0000000000
60306  -9.047  1.883  53.988 0.0000000000
60307  -8.967  1.078  54.282 0.0000000000
60308  -5.970  -6.005  52.883 0.0000000000
60309  -6.234  -5.180  52.818 0.0000000000
60310  -6.068  -5.862  52.537 0.0000000000
64014  -9.760  -9.521  65.924 0.0000000000
64015  -9.431  -10.157  65.690 0.0000000000
64016  -9.491  -10.046  66.144 0.0000000000
64017  -8.975  -11.052  67.147 0.0000000000
64018  -8.843  -11.110  66.700 0.0000000000
64019  -8.541  -11.604  67.015 0.0000000000
64020  -8.119  -12.175  66.931 0.0000000000
64021  -8.232  -12.124  67.401 0.0000000000
64022  -9.885  -11.191  68.735 0.0000000000
64023  -9.610  -11.085  68.410 0.0000000000
64024  -9.342  -11.634  68.682 0.0000000000
64025  -8.102  -13.014  69.062 0.0000000000
64026  -8.366  -12.579  68.654 0.0000000000
64027  -7.873  -13.079  68.577 0.0000000000
64028  -7.685  -13.110  68.126 0.0000000000
64029  -7.447  -13.561  68.626 0.0000000000
64030  -7.043  -14.112  68.617 0.0000000000
64031  -7.254  -14.044  69.082 0.0000000000
64032  -7.128  -14.936  70.260 0.0000000000
64033  -6.900  -15.007  69.804 0.0000000000
64034  -6.748  -15.493  70.194 0.0000000000
64035  -6.447  -16.090  70.061 0.0000000000
64036  -6.630  -16.010  70.511 0.0000000000
64143  -10.262  -8.915  66.509 0.0000000000
64144  -10.512  -8.377  66.266 0.0000000000
64145  -10.100  -8.966  66.056 0.0000000000
64146  -10.022  -9.031  65.565 0.0000000000
67119  -5.521  -9.713  52.720 0.0000000000
67120  -5.539  -10.370  52.324 0.0000000000
67121  -5.543  -10.503  52.701 0.0000000000
67122  -5.575  -12.250  53.043 0.0000000000
67123  -5.457  -12.109  52.695 0.0000000000
67124  -5.361  -12.872  52.651 0.0000000000
67125  -5.274  -13.506  52.171 0.0000000000
67126  -5.260  -13.651  52.566 0.0000000000
67127  -6.796  -12.893  54.320 0.0000000000
67128  -6.435  -12.661  54.005 0.0000000000
67129  -6.299  -13.449  54.019 0.0000000000
67130  -5.271  -15.379  53.469 0.0000000000
67131  -5.405  -14.659  53.360 0.0000000000
67132  -5.140  -15.258  52.984 0.0000000000
67133  -5.062  -15.148  52.515 0.0000000000
67134  -4.986  -15.931  52.565 0.0000000000
67135  -4.989  -16.609  52.102 0.0000000000
67136  -4.950  -16.731  52.620 0.0000000000
67137  -5.060  -18.336  53.445 0.0000000000
67138  -5.082  -18.240  52.840 0.0000000000
67139  -5.326  -18.923  53.042 0.0000000000
67140  -5.667  -19.464  52.594 0.0000000000
67141  -5.678  -19.559  53.242 0.0000000000
67463  -9.076  15.718  62.270 0.0000000000
67464  -8.866  16.459  62.165 0.0000000000
67465  -8.650  16.028  62.586 0.0000000000
67478  -6.889  -2.226  63.263 0.0000000000
67479  -6.518  -1.606  63.525 0.0000000000
67480  -6.603  -2.263  62.890 0.0000000000
67481  -6.417  -2.948  61.473 0.0000000000
67482  -6.172  -2.300  62.054 0.0000000000
67483  -5.989  -2.248  61.637 0.0000000000
67484  -5.759  -1.557  61.741 0.0000000000
67485  -5.846  -2.208  61.185 0.0000000000
67486  -7.848  -5.129  59.275 0.0000000000
67487  -7.433  -4.580  59.804 0.0000000000
67488  -7.242  -4.546  59.412 0.0000000000
67489  -6.133  -3.311  59.210 0.0000000000
67490  -6.223  -3.411  59.624 0.0000000000
67491  -5.883  -2.704  59.751 0.0000000000
67492  -5.716  -2.053  60.287 0.0000000000
67493  -5.761  -1.938  59.791 0.0000000000
67494  -5.906  -1.123  59.884 0.0000000000
67495  -5.860  -1.830  59.291 0.0000000000
67496  -6.317  -2.245  57.941 0.0000000000
67497  -6.286  -1.618  58.367 0.0000000000
67498  -6.587  -1.554  57.883 0.0000000000
67499  -6.978  -0.826  57.851 0.0000000000
67500  -6.878  -1.505  57.414 0.0000000000
67501  -7.171  -1.414  56.926 0.0000000000
67502  -6.777  -2.092  56.964 0.0000000000
67503  -6.365  -4.066  56.244 0.0000000000
67504  -6.507  -3.317  56.204 0.0000000000
67505  -6.385  -3.989  55.766 0.0000000000
67506  -6.481  -3.857  55.303 0.0000000000
67507  -6.296  -4.622  55.330 0.0000000000
67508  -7.401  -6.894  55.773 0.0000000000
67509  -7.077  -6.175  55.952 0.0000000000
67510  -7.111  -6.858  55.457 0.0000000000
67511  -6.425  -7.420  54.400 0.0000000000
67512  -6.529  -6.713  54.769 0.0000000000
67513  -6.275  -6.613  54.430 0.0000000000
67514  -6.205  -5.894  54.426 0.0000000000
67515  -6.090  -6.552  54.042 0.0000000000
67516  -5.964  -6.403  53.635 0.0000000000
67517  -5.932  -7.232  53.748 0.0000000000
67518  -5.732  -9.261  53.377 0.0000000000
67519  -5.679  -8.464  53.227 0.0000000000
67520  -5.593  -9.096  53.002 0.0000000000
67521  -5.545  -8.943  52.618 0.0000000000
72519  -9.446  -11.061  58.753 0.0000000000
72520  -9.198  -12.006  58.425 0.0000000000
72521  -9.251  -11.881  58.947 0.0000000000
72522  -8.581  -13.176  60.036 0.0000000000
72523  -8.607  -13.296  59.559 0.0000000000
72524  -8.246  -13.909  59.860 0.0000000000
72525  -7.849  -14.592  59.699 0.0000000000
72526  -7.849  -14.462  60.173 0.0000000000
72527  -8.596  -12.477  61.739 0.0000000000
72528  -8.554  -12.603  61.310 0.0000000000
72529  -8.187  -13.207  61.578 0.0000000000
72530  -6.970  -15.000  61.697 0.0000000000
72531  -7.367  -14.558  61.393 0.0000000000
72532  -6.955  -15.193  61.255 0.0000000000
72533  -6.930  -15.344  60.769 0.0000000000
72534  -6.472  -15.764  61.002 0.0000000000
72535  -6.010  -16.345  60.768 0.0000000000
72536  -6.073  -16.213  61.264 0.0000000000
72542  -8.646  -11.414  65.343 0.0000000000
72543  -8.604  -11.527  64.890 0.0000000000
72544  -8.251  -11.988  65.261 0.0000000000
72545  -7.045  -13.646  65.325 0.0000000000
72546  -7.397  -13.180  64.947 0.0000000000
72547  -7.016  -13.789  64.858 0.0000000000
72548  -7.004  -13.927  64.408 0.0000000000
72549  -6.695  -14.387  64.792 0.0000000000
72550  -6.128  -15.622  66.838 0.0000000000
72551  -6.287  -15.123  66.526 0.0000000000
72552  -6.116  -15.766  66.354 0.0000000000
72553  -5.990  -16.659  65.196 0.0000000000
72554  -6.074  -16.017  65.362 0.0000000000
72555  -6.022  -16.172  64.892 0.0000000000
72556  -6.150  -15.696  64.550 0.0000000000
72557  -5.983  -16.321  64.389 0.0000000000
72558  -5.947  -16.468  63.863 0.0000000000
72559  -5.949  -17.008  64.184 0.0000000000
72819  -17.262  0.141  67.787 0.0000000000
72841  -15.208  4.476  65.607 0.0000000000
72842  -15.615  4.888  65.073 0.0000000000
72843  -15.013  4.981  64.841 0.0000000000
72844  -14.062  6.086  63.205 0.0000000000
72845  -14.633  5.979  63.340 0.0000000000
72846  -14.486  6.500  62.592 0.0000000000
72847  -14.945  6.881  62.102 0.0000000000
72848  -14.355  7.017  61.985 0.0000000000
72849  -14.258  7.589  61.511 0.0000000000
72850  -13.773  7.182  62.041 0.0000000000
72851  -12.277  7.261  63.021 0.0000000000
72852  -12.645  7.621  62.317 0.0000000000
72853  -12.118  7.956  62.557 0.0000000000
72854  -12.011  8.694  62.108 0.0000000000
72855  -11.659  8.296  62.840 0.0000000000
72856  -11.281  8.533  63.132 0.0000000000
72857  -11.393  7.838  63.514 0.0000000000
72858  -11.125  6.144  65.004 0.0000000000
72859  -10.932  6.870  64.673 0.0000000000
72860  -10.702  6.294  65.248 0.0000000000
72861  -10.261  6.447  65.508 0.0000000000
72862  -10.445  5.754  65.893 0.0000000000
72863  -11.671  3.445  66.921 0.0000000000
72864  -11.631  4.150  66.506 0.0000000000
72865  -11.295  3.543  66.964 0.0000000000
72866  -10.166  2.975  67.329 0.0000000000
72867  -10.539  3.704  67.040 0.0000000000
72868  -10.074  3.719  67.092 0.0000000000
72869  -9.903  4.419  66.832 0.0000000000
72870  -9.598  3.737  67.129 0.0000000000
72871  -9.130  3.812  67.059 0.0000000000
72872  -9.235  3.009  67.217 0.0000000000
72873  -8.537  0.659  66.858 0.0000000000
72874  -8.556  1.341  66.946 0.0000000000
72875  -8.188  0.654  66.575 0.0000000000
72876  -7.837  0.616  66.256 0.0000000000
72877  -7.938  -0.086  66.026 0.0000000000
72878  -12.837  -2.014  67.591 0.0000000000
72879  -12.572  -1.356  67.857 0.0000000000
72880  -12.419  -1.916  67.332 0.0000000000
72881  -11.559  -2.330  66.104 0.0000000000
72882  -11.582  -1.731  66.752 0.0000000000
72883  -11.199  -1.694  66.432 0.0000000000
72884  -10.918  -1.132  66.792 0.0000000000
72885  -10.904  -1.658  66.060 0.0000000000
72888  -11.320  -4.060  64.323 0.0000000000
72889  -10.453  -2.666  64.152 0.0000000000
72890  -10.774  -2.717  64.420 0.0000000000
72891  -10.317  -2.108  64.734 0.0000000000
72892  -10.233  -1.552  65.415 0.0000000000
72893  -9.847  -1.559  65.148 0.0000000000
72894  -9.436  -1.046  65.612 0.0000000000
72895  -9.506  -1.589  64.885 0.0000000000
72896  -8.857  -2.313  63.826 0.0000000000
72897  -8.813  -1.734  64.414 0.0000000000
72898  -8.410  -1.860  64.218 0.0000000000
72899  -7.913  -1.377  64.650 0.0000000000
72900  -8.009  -1.977  64.039 0.0000000000
72901  -7.614  -2.084  63.835 0.0000000000
72902  -8.126  -2.550  63.465 0.0000000000
72903  -9.093  -4.210  62.015 0.0000000000
72904  -8.543  -3.640  62.277 0.0000000000
72918  -9.627  -10.196  59.371 0.0000000000
72919  -9.655  -9.477  59.150 0.0000000000
72920  -9.581  -10.252  58.950 0.0000000000
72921  -9.586  -10.363  58.499 0.0000000000
81902  -8.610  -13.632  58.116 0.0000000000
81903  -8.575  -13.651  57.566 0.0000000000
81904  -8.129  -14.332  57.889 0.0000000000
81905  -6.542  -15.893  57.563 0.0000000000
81906  -7.016  -15.419  57.289 0.0000000000
81907  -6.439  -15.926  57.013 0.0000000000
81908  -6.305  -15.923  56.468 0.0000000000
81909  -5.923  -16.402  56.728 0.0000000000
81910  -5.443  -17.996  58.571 0.0000000000
81911  -5.487  -17.403  58.340 0.0000000000
81912  -5.378  -18.034  58.000 0.0000000000
81913  -5.486  -18.786  56.550 0.0000000000
81914  -5.322  -18.186  56.872 0.0000000000
81915  -5.293  -18.242  56.307 0.0000000000
81916  -5.259  -17.636  56.077 0.0000000000
81917  -5.256  -18.317  55.785 0.0000000000
81918  -5.203  -18.346  55.233 0.0000000000
81919  -5.441  -18.944  55.422 0.0000000000
81920  -6.675  -20.367  54.986 0.0000000000
81921  -6.164  -19.982  54.753 0.0000000000
81922  -6.609  -20.441  54.374 0.0000000000
81923  -6.581  -20.476  53.810 0.0000000000
81924  -7.067  -20.824  54.064 0.0000000000
82037  -12.317  -13.049  67.662 0.0000000000
82038  -12.107  -12.811  68.048 0.0000000000
82039  -12.026  -13.371  68.226 0.0000000000
82040  -11.126  -14.345  69.526 0.0000000000
82041  -11.237  -13.847  69.301 0.0000000000
82042  -10.724  -14.075  69.809 0.0000000000
82043  -10.380  -13.805  70.010 0.0000000000
82044  -10.252  -14.273  70.268 0.0000000000
82048  -9.082  -15.930  71.667 0.0000000000
82049  -9.596  -15.624  71.272 0.0000000000
82050  -9.169  -15.387  71.394 0.0000000000
82051  -9.241  -14.838  71.079 0.0000000000
82052  -8.703  -15.176  71.393 0.0000000000
82053  -8.265  -15.035  71.254 0.0000000000
82054  -8.181  -15.599  71.595 0.0000000000
82055  -7.226  -17.234  72.029 0.0000000000
82056  -7.247  -16.593  71.720 0.0000000000
82057  -6.860  -17.186  71.640 0.0000000000
82058  -6.575  -17.198  71.189 0.0000000000
82059  -6.615  -17.840  71.455 0.0000000000
82081  -6.341  -19.131  70.950 0.0000000000
82913  -10.490  9.181  63.645 0.0000000000
82914  -10.339  10.028  63.342 0.0000000000
82915  -10.071  9.489  63.983 0.0000000000
82916  -8.962  9.445  65.072 0.0000000000
82917  -9.246  10.077  64.596 0.0000000000
82918  -8.860  10.309  64.830 0.0000000000
82919  -8.736  11.174  64.609 0.0000000000
82920  -8.456  10.540  65.035 0.0000000000
82921  -7.740  6.445  66.209 0.0000000000
82922  -8.004  7.179  66.102 0.0000000000
82936  -6.240  -0.122  63.925 0.0000000000
82988  -9.350  4.742  53.671 0.0000000000
82990  -9.193  4.825  53.036 0.0000000000
83003  -7.631  -1.277  55.958 0.0000000000
83004  -8.060  -0.635  55.768 0.0000000000
83005  -7.793  -1.225  55.392 0.0000000000
83006  -7.653  -1.445  54.075 0.0000000000
83007  -7.950  -0.898  54.360 0.0000000000
83008  -8.027  -0.773  53.917 0.0000000000
83009  -8.363  -0.041  53.705 0.0000000000
83010  -8.094  -0.611  53.445 0.0000000000
83011  -6.803  -3.662  52.702 0.0000000000
83012  -6.984  -3.081  53.051 0.0000000000
83013  -7.150  -2.954  52.633 0.0000000000
83015  -7.888  -1.587  52.404 0.0000000000
83016  -8.288  -0.990  52.250 0.0000000000
83017  -8.424  -0.431  52.486 0.0000000000
92292  -12.123  -10.377  68.707 0.0000000000
92293  -11.601  -10.775  68.804 0.0000000000
92294  -11.925  -11.002  68.621 0.0000000000
92295  -11.718  -11.671  68.567 0.0000000000
92296  -11.542  -12.279  68.703 0.0000000000
92913  -8.702  -11.004  55.950 0.0000000000
92914  -8.417  -11.798  55.586 0.0000000000
92915  -8.693  -11.882  56.038 0.0000000000
92916  -8.608  -12.768  56.233 0.0000000000
92917  -8.383  -13.566  56.471 0.0000000000
92971  -12.712  9.508  60.785 0.0000000000
92972  -13.102  9.955  60.080 0.0000000000
92973  -12.536  10.322  60.303 0.0000000000
92974  -12.346  11.206  59.938 0.0000000000
92975  -12.116  12.026  59.715 0.0000000000
92976  -11.879  12.874  59.532 0.0000000000
92977  -11.615  12.330  60.161 0.0000000000
92978  -11.124  12.674  60.632 0.0000000000
92979  -10.721  12.981  61.112 0.0000000000
92980  -10.323  13.385  61.512 0.0000000000
92981  -10.544  12.570  61.644 0.0000000000
92982  -10.321  12.071  62.171 0.0000000000
92983  -10.105  11.661  62.781 0.0000000000
92984  -9.362  -8.747  58.133 0.0000000000
92985  -9.182  -7.972  58.061 0.0000000000
92986  -9.209  -8.767  57.693 0.0000000000
92987  -9.038  -8.735  57.259 0.0000000000
92988  -8.853  -8.660  56.825 0.0000000000
92989  -8.643  -8.572  56.412 0.0000000000
92990  -8.862  -9.436  56.463 0.0000000000
92991  -8.786  -10.213  56.184 0.0000000000
93993  -9.608  -10.149  63.132 0.0000000000
93994  -9.322  -10.868  62.977 0.0000000000
93995  -9.303  -10.729  63.415 0.0000000000
93996  -8.966  -11.269  63.707 0.0000000000
93997  -8.581  -11.736  63.980 0.0000000000
93998  -6.212  -16.235  69.092 0.0000000000
93999  -6.140  -16.344  68.577 0.0000000000
94000  -6.121  -16.872  68.863 0.0000000000
94001  -6.157  -17.506  68.606 0.0000000000
94002  -6.211  -18.149  68.381 0.0000000000
94003  -6.335  -18.741  68.160 0.0000000000
94004  -6.239  -18.679  68.630 0.0000000000
94005  -6.267  -19.276  68.778 0.0000000000
94006  -6.286  -19.865  68.971 0.0000000000
94051  -15.092  -0.824  68.360 0.0000000000
94052  -15.445  -0.320  68.213 0.0000000000
94053  -14.925  -0.139  68.207 0.0000000000
94054  -14.722  0.524  67.950 0.0000000000
94055  -14.498  1.167  67.552 0.0000000000
94056  -14.400  1.924  67.261 0.0000000000
94057  -13.989  1.348  67.605 0.0000000000
94058  -13.476  1.506  67.643 0.0000000000
94059  -12.941  1.636  67.662 0.0000000000
94060  -12.547  1.737  67.685 0.0000000000
94061  -12.693  1.051  68.074 0.0000000000
94062  -12.399  0.447  68.286 0.0000000000
94063  -12.066  -0.145  68.266 0.0000000000
94064  -10.495  -7.895  64.968 0.0000000000
94065  -10.716  -7.319  64.677 0.0000000000
94066  -10.384  -7.958  64.495 0.0000000000
94067  -10.275  -8.026  64.046 0.0000000000
94068  -10.181  -8.113  63.617 0.0000000000
94069  -10.100  -8.149  63.200 0.0000000000
94070  -9.991  -8.765  63.391 0.0000000000
94071  -9.828  -9.440  63.280 0.0000000000
95861  -5.805  -19.263  51.516 0.0000000000
95862  -5.865  -19.114  50.935 0.0000000000
95863  -6.239  -19.670  51.179 0.0000000000
96071  -7.729  2.115  66.540 0.0000000000
96072  -7.565  3.048  66.636 0.0000000000
96073  -7.358  2.147  66.279 0.0000000000
96074  -7.052  2.184  65.953 0.0000000000
96076  -7.388  0.519  59.062 0.0000000000
96077  -7.600  1.186  59.655 0.0000000000
96078  -7.912  1.249  59.099 0.0000000000
96079  -8.387  2.014  59.033 0.0000000000
96080  -8.751  2.811  58.829 0.0000000000
96081  -8.956  3.737  58.528 0.0000000000
96082  -8.946  2.865  58.091 0.0000000000
96083  -9.143  2.882  57.299 0.0000000000
96084  -9.300  2.930  56.528 0.0000000000
96085  -9.409  3.012  55.798 0.0000000000
96086  -9.148  2.195  56.112 0.0000000000
96087  -8.997  1.473  55.707 0.0000000000
96088  -8.877  0.788  55.333 0.0000000000
96089  -5.700  -7.352  52.370 0.0000000000
96090  -5.924  -6.565  52.266 0.0000000000
96091  -5.852  -7.179  52.030 0.0000000000
98313  -10.025  -9.379  66.809 0.0000000000
98314  -9.568  -9.999  66.616 0.0000000000
98315  -9.717  -9.955  67.088 0.0000000000
98316  -9.414  -10.503  67.336 0.0000000000
98317  -9.117  -11.041  67.608 0.0000000000
98318  -9.485  -12.247  69.306 0.0000000000
98319  -9.124  -12.122  69.007 0.0000000000
98320  -8.958  -12.585  69.401 0.0000000000
98321  -8.437  -13.031  69.459 0.0000000000
98322  -7.930  -13.488  69.479 0.0000000000
98323  -7.488  -13.975  69.495 0.0000000000
98324  -7.738  -13.950  69.868 0.0000000000
98325  -7.586  -14.431  70.260 0.0000000000
98326  -7.446  -14.913  70.640 0.0000000000
98391  -10.407  -8.890  66.968 0.0000000000
100176  -5.827  -10.035  53.465 0.0000000000
100177  -5.640  -10.648  53.081 0.0000000000
100178  -5.860  -10.830  53.433 0.0000000000
100179  -5.834  -11.606  53.410 0.0000000000
100180  -5.771  -12.380  53.369 0.0000000000
100181  -6.386  -14.447  54.506 0.0000000000
100182  -6.112  -14.230  54.087 0.0000000000
100183  -5.898  -14.965  54.232 0.0000000000
100184  -5.489  -15.508  53.948 0.0000000000
100185  -5.143  -16.170  53.578 0.0000000000
100186  -4.945  -16.825  53.139 0.0000000000
100187  -5.003  -16.915  53.667 0.0000000000
100188  -4.994  -17.633  53.844 0.0000000000
100189  -5.097  -18.335  54.042 0.0000000000
100382  -8.624  14.667  63.029 0.0000000000
100383  -8.398  15.496  62.925 0.0000000000
100391  -7.354  -3.367  62.045 0.0000000000
100392  -6.825  -2.873  62.280 0.0000000000
100393  -7.122  -3.430  61.701 0.0000000000
100394  -6.898  -3.491  61.311 0.0000000000
100395  -6.689  -3.539  60.906 0.0000000000
100396  -7.469  -5.083  58.459 0.0000000000
100397  -7.057  -4.510  58.980 0.0000000000
100398  -6.914  -4.531  58.595 0.0000000000
100399  -6.406  -3.906  58.681 0.0000000000
100400  -6.094  -3.266  58.788 0.0000000000
100401  -5.950  -2.495  58.808 0.0000000000
100402  -6.137  -3.156  58.383 0.0000000000
100403  -6.218  -3.033  57.986 0.0000000000
100404  -6.337  -2.908  57.562 0.0000000000
100405  -6.504  -2.788  57.097 0.0000000000
100406  -6.363  -3.574  57.137 0.0000000000
100407  -6.404  -4.204  56.645 0.0000000000
100408  -6.426  -4.849  56.147 0.0000000000
100409  -7.359  -8.289  55.050 0.0000000000
100410  -7.084  -7.521  55.077 0.0000000000
100411  -6.988  -8.204  54.750 0.0000000000
100412  -6.587  -8.132  54.455 0.0000000000
100413  -6.294  -8.109  54.115 0.0000000000
100414  -6.028  -7.999  53.798 0.0000000000
100415  -6.125  -8.791  53.902 0.0000000000
100416  -5.965  -9.416  53.723 0.0000000000
103416  -9.517  -10.963  59.683 0.0000000000
103417  -9.265  -11.773  59.433 0.0000000000
103418  -9.262  -11.685  59.888 0.0000000000
103419  -8.957  -12.405  60.122 0.0000000000
103420  -8.590  -12.982  60.430 0.0000000000
103421  -7.760  -13.563  62.359 0.0000000000
103422  -7.770  -13.781  61.913 0.0000000000
103423  -7.359  -14.215  62.282 0.0000000000
103424  -6.976  -14.808  62.138 0.0000000000
103425  -6.564  -15.451  61.977 0.0000000000
103426  -6.151  -16.052  61.782 0.0000000000
103427  -6.235  -15.858  62.324 0.0000000000
103428  -5.969  -16.360  62.571 0.0000000000
103429  -5.827  -16.885  62.803 0.0000000000
103430  -7.930  -12.333  66.009 0.0000000000
103431  -7.863  -12.448  65.548 0.0000000000
103432  -7.498  -12.933  65.905 0.0000000000
103433  -7.094  -13.507  65.793 0.0000000000
103434  -6.736  -14.116  65.704 0.0000000000
103435  -6.023  -16.871  66.531 0.0000000000
103436  -6.036  -16.407  66.209 0.0000000000
103437  -6.034  -17.005  66.013 0.0000000000
103438  -6.037  -17.122  65.505 0.0000000000
103439  -6.032  -17.280  65.000 0.0000000000
103440  -6.046  -17.486  64.503 0.0000000000
103441  -6.282  -17.858  64.814 0.0000000000
103596  -17.095  1.701  67.518 0.0000000000
103597  -17.567  1.411  67.515 0.0000000000
103598  -17.555  2.142  67.379 0.0000000000
103608  -16.431  5.816  64.203 0.0000000000
103609  -14.012  4.644  65.264 0.0000000000
103610  -14.445  5.105  64.655 0.0000000000
103611  -13.847  5.196  64.519 0.0000000000
103612  -13.664  5.699  63.811 0.0000000000
103613  -13.484  6.275  63.194 0.0000000000
103614  -13.388  6.800  62.609 0.0000000000
103615  -12.957  6.447  63.268 0.0000000000
103616  -12.462  6.647  63.435 0.0000000000
103617  -11.942  6.880  63.671 0.0000000000
103618  -11.549  7.145  63.904 0.0000000000
103619  -11.725  6.450  64.239 0.0000000000
103620  -11.476  5.977  64.824 0.0000000000
103621  -11.282  5.434  65.477 0.0000000000
103622  -10.976  2.141  67.710 0.0000000000
103623  -10.964  2.839  67.350 0.0000000000
103624  -10.559  2.150  67.640 0.0000000000
103625  -10.172  2.172  67.578 0.0000000000
103626  -9.776  2.184  67.494 0.0000000000
103627  -9.332  2.081  67.316 0.0000000000
103628  -9.359  1.373  67.405 0.0000000000
103629  -8.963  0.654  67.121 0.0000000000
103630  -8.751  0.020  66.556 0.0000000000
103635  -11.638  -2.872  65.558 0.0000000000
103636  -11.010  -4.740  63.587 0.0000000000
103637  -11.091  -4.067  63.910 0.0000000000
103638  -10.837  -4.048  63.553 0.0000000000
103639  -10.533  -3.306  63.659 0.0000000000
103640  -10.101  -2.663  63.903 0.0000000000
103641  -9.631  -2.187  64.211 0.0000000000
103642  -9.726  -2.707  63.661 0.0000000000
103643  -9.393  -2.832  63.456 0.0000000000
103644  -9.000  -2.915  63.244 0.0000000000
103645  -8.630  -2.982  63.044 0.0000000000
103646  -9.199  -3.489  62.703 0.0000000000
103647  -9.396  -4.116  62.216 0.0000000000
103655  -9.818  -9.371  60.005 0.0000000000
103656  -9.699  -10.171  59.781 0.0000000000
109046  -7.718  -14.830  58.728 0.0000000000
109047  -7.638  -14.918  58.173 0.0000000000
109048  -7.193  -15.366  58.426 0.0000000000
109049  -6.636  -15.848  58.112 0.0000000000
109050  -6.101  -16.377  57.822 0.0000000000
109051  -5.870  -19.145  57.908 0.0000000000
109052  -5.507  -18.671  57.694 0.0000000000
109053  -5.832  -19.207  57.346 0.0000000000
109054  -5.852  -19.271  56.747 0.0000000000
109055  -5.831  -19.343  56.191 0.0000000000
109056  -5.795  -19.422  55.641 0.0000000000
109057  -6.252  -19.790  55.880 0.0000000000
109058  -6.723  -20.253  55.563 0.0000000000
109059  -7.192  -20.683  55.255 0.0000000000
109127  -12.123  -14.154  68.073 0.0000000000
109128  -11.884  -13.894  68.448 0.0000000000
109129  -11.777  -14.391  68.645 0.0000000000
109130  -11.427  -14.623  69.238 0.0000000000
109131  -10.970  -14.874  69.805 0.0000000000
109135  -9.049  -16.531  72.005 0.0000000000
109136  -8.581  -16.313  71.986 0.0000000000
109137  -8.139  -16.184  71.898 0.0000000000
109138  -8.124  -16.790  72.194 0.0000000000
109139  -7.674  -17.323  72.273 0.0000000000
109140  -7.287  -17.940  72.254 0.0000000000
109652  -9.942  8.094  64.833 0.0000000000
109653  -9.796  8.942  64.547 0.0000000000
109654  -9.500  8.355  65.072 0.0000000000
109655  -9.029  8.568  65.339 0.0000000000
109656  -8.615  8.799  65.492 0.0000000000
109697  -9.185  3.531  53.286 0.0000000000
109698  -9.183  4.226  52.910 0.0000000000
109699  -9.166  3.640  52.689 0.0000000000
109706  -7.035  -2.421  55.192 0.0000000000
109707  -7.417  -1.736  55.054 0.0000000000
109708  -7.166  -2.297  54.697 0.0000000000
109709  -7.276  -2.165  54.196 0.0000000000
109710  -7.381  -1.980  53.739 0.0000000000
109712  -7.393  -2.843  52.270 0.0000000000
115506  -10.750  -9.632  68.490 0.0000000000
115507  -10.299  -10.061  68.325 0.0000000000
115508  -10.572  -10.162  68.590 0.0000000000
115509  -10.390  -10.756  68.772 0.0000000000
115510  -10.201  -11.330  68.922 0.0000000000
115511  -11.103  -11.182  68.882 0.0000000000
115512  -10.545  -11.531  69.012 0.0000000000
115513  -9.971  -11.912  69.219 0.0000000000
115514  -9.875  -12.401  69.512 0.0000000000
115515  -9.744  -12.885  69.822 0.0000000000
115516  -9.531  -13.334  70.138 0.0000000000
116955  -7.248  -10.486  54.597 0.0000000000
116956  -6.853  -11.177  54.279 0.0000000000
116957  -7.262  -11.364  54.557 0.0000000000
116958  -7.273  -12.253  54.599 0.0000000000
116959  -7.143  -13.140  54.639 0.0000000000
116960  -8.068  -12.564  55.280 0.0000000000
116961  -7.544  -13.278  55.028 0.0000000000
116962  -6.933  -13.922  54.769 0.0000000000
116963  -6.655  -14.627  54.963 0.0000000000
116964  -6.333  -15.264  55.174 0.0000000000
116965  -5.977  -15.856  55.380 0.0000000000
117096  -13.520  10.421  59.452 0.0000000000
117106  -11.623  13.728  59.380 0.0000000000
117107  -11.498  14.575  59.320 0.0000000000
117109  -10.843  15.763  59.805 0.0000000000
117110  -10.390  16.062  60.392 0.0000000000
117111  -9.920  16.372  60.953 0.0000000000
117112  -9.511  16.677  61.356 0.0000000000
117113  -9.722  15.867  61.428 0.0000000000
117114  -9.503  15.410  61.885 0.0000000000
117115  -9.264  14.894  62.329 0.0000000000
117116  -9.908  13.745  61.968 0.0000000000
117117  -9.506  14.085  62.447 0.0000000000
117118  -9.051  14.397  62.771 0.0000000000
117119  -8.898  13.889  63.159 0.0000000000
117120  -8.713  13.374  63.587 0.0000000000
117122  -8.730  -5.796  59.822 0.0000000000
117123  -8.221  -5.123  59.977 0.0000000000
117124  -8.573  -5.785  59.461 0.0000000000
117125  -8.393  -5.764  59.094 0.0000000000
117126  -8.216  -5.770  58.707 0.0000000000
117127  -8.906  -7.226  58.097 0.0000000000
117128  -8.524  -6.468  58.190 0.0000000000
117129  -8.037  -5.749  58.305 0.0000000000
117130  -7.826  -5.724  57.920 0.0000000000
117131  -7.612  -5.718  57.531 0.0000000000
117132  -7.383  -5.704  57.150 0.0000000000
117133  -7.184  -5.630  56.784 0.0000000000
117134  -7.582  -6.291  56.636 0.0000000000
117135  -7.676  -6.949  56.112 0.0000000000
117136  -7.707  -7.668  55.679 0.0000000000
117137  -8.334  -8.506  56.040 0.0000000000
117138  -8.000  -8.447  55.692 0.0000000000
117139  -7.693  -8.385  55.352 0.0000000000
117140  -7.608  -9.073  55.042 0.0000000000
117141  -7.449  -9.778  54.739 0.0000000000
119475  -9.575  -10.606  61.387 0.0000000000
119476  -9.271  -11.383  61.196 0.0000000000
119477  -9.296  -11.240  61.582 0.0000000000
119478  -8.959  -11.734  61.899 0.0000000000
119479  -8.615  -12.330  62.159 0.0000000000
119480  -8.970  -11.554  62.797 0.0000000000
119481  -8.613  -12.178  62.583 0.0000000000
119482  -8.161  -12.849  62.475 0.0000000000
119483  -7.770  -13.334  62.827 0.0000000000
119484  -7.373  -13.769  63.152 0.0000000000
119485  -6.982  -14.253  63.494 0.0000000000
119486  -6.774  -14.271  67.601 0.0000000000
119487  -6.649  -14.394  67.097 0.0000000000
119488  -6.426  -14.895  67.520 0.0000000000
119489  -6.190  -15.492  67.394 0.0000000000
119490  -6.029  -16.121  67.182 0.0000000000
119491  -6.100  -16.467  68.054 0.0000000000
119492  -6.050  -16.588  67.553 0.0000000000
119493  -6.011  -16.717  67.042 0.0000000000
119494  -6.134  -17.315  66.858 0.0000000000
119495  -6.310  -17.925  66.631 0.0000000000
119496  -6.558  -18.535  66.482 0.0000000000
119498  -6.765  -18.995  66.739 0.0000000000
119499  -6.869  -19.563  66.951 0.0000000000
119501  -6.507  -19.408  67.899 0.0000000000
119614  -16.909  -0.354  67.981 0.0000000000
119615  -16.748  0.385  67.781 0.0000000000
119616  -15.781  0.171  67.998 0.0000000000
119617  -16.233  0.643  67.735 0.0000000000
119618  -16.662  1.158  67.620 0.0000000000
119619  -16.570  1.928  67.425 0.0000000000
119620  -16.501  2.648  67.163 0.0000000000
119621  -16.412  3.418  66.742 0.0000000000
119622  -16.327  4.135  66.036 0.0000000000
119623  -15.903  3.661  66.523 0.0000000000
119624  -15.352  3.808  66.294 0.0000000000
119625  -14.778  3.927  66.103 0.0000000000
119626  -14.382  2.633  66.926 0.0000000000
119627  -14.310  3.336  66.503 0.0000000000
119628  -14.187  4.014  65.952 0.0000000000
119629  -13.651  4.098  65.896 0.0000000000
119630  -13.131  4.207  65.819 0.0000000000
119631  -12.633  4.338  65.834 0.0000000000
119632  -12.234  4.512  65.869 0.0000000000
119633  -12.361  3.888  66.389 0.0000000000
119634  -12.041  3.346  66.851 0.0000000000
119635  -11.726  2.712  67.336 0.0000000000
119636  -12.163  1.883  67.691 0.0000000000
119637  -11.794  1.975  67.717 0.0000000000
119638  -11.412  2.064  67.730 0.0000000000
119639  -11.014  1.337  67.990 0.0000000000
119640  -10.679  0.670  68.007 0.0000000000
119641  -10.386  0.022  67.603 0.0000000000
119650  -10.835  -5.445  63.419 0.0000000000
119651  -10.634  -5.460  63.035 0.0000000000
119652  -10.433  -5.459  62.637 0.0000000000
119653  -10.233  -5.454  62.295 0.0000000000
119654  -10.337  -6.168  62.450 0.0000000000
119656  -10.081  -7.587  62.150 0.0000000000
119657  -10.032  -8.161  62.794 0.0000000000
119658  -9.978  -8.232  62.368 0.0000000000
119659  -9.937  -8.342  61.958 0.0000000000
119660  -9.885  -9.117  61.696 0.0000000000
119661  -9.746  -9.901  61.516 0.0000000000
123833  -5.228  -16.330  51.174 0.0000000000
123834  -5.492  -16.175  50.786 0.0000000000
123835  -5.487  -16.921  50.696 0.0000000000
123836  -5.730  -17.485  50.326 0.0000000000
123838  -6.052  -18.910  50.433 0.0000000000
123854  -5.916  -16.591  59.742 0.0000000000
123855  -5.873  -16.687  59.183 0.0000000000
123856  -5.621  -17.211  59.463 0.0000000000
123857  -5.494  -17.899  59.153 0.0000000000
123858  -5.641  -18.529  58.810 0.0000000000
123861  -5.913  -19.056  58.479 0.0000000000
124325  -8.788  5.420  66.594 0.0000000000
124326  -8.609  6.263  66.275 0.0000000000
124327  -8.314  5.517  66.568 0.0000000000
124328  -7.880  5.616  66.477 0.0000000000
124330  -7.411  3.982  66.474 0.0000000000
124336  -6.268  0.258  61.081 0.0000000000
124337  -6.456  0.973  61.695 0.0000000000
124338  -6.691  1.038  61.230 0.0000000000
124339  -7.177  1.905  61.340 0.0000000000
124341  -7.786  1.912  60.272 0.0000000000
124359  -9.532  4.665  54.326 0.0000000000
124360  -9.410  4.032  54.096 0.0000000000
124361  -9.429  3.135  55.097 0.0000000000
124362  -9.378  3.252  54.459 0.0000000000
124363  -9.302  3.375  53.860 0.0000000000
124364  -9.152  2.724  53.644 0.0000000000
124365  -9.024  2.062  53.453 0.0000000000
124366  -8.903  1.401  53.242 0.0000000000
124367  -6.328  -4.775  53.561 0.0000000000
124368  -6.589  -3.999  53.527 0.0000000000
124369  -6.417  -4.578  53.170 0.0000000000
124370  -6.502  -4.369  52.752 0.0000000000
124371  -6.644  -4.243  52.359 0.0000000000
124372  -6.203  -5.727  52.191 0.0000000000
124373  -6.480  -4.869  52.071 0.0000000000
124374  -6.836  -4.153  51.993 0.0000000000
129468  -9.706  -9.726  64.974 0.0000000000
129469  -9.393  -10.335  64.773 0.0000000000
129470  -9.404  -10.248  65.232 0.0000000000
129471  -9.042  -10.799  65.506 0.0000000000
129472  -8.697  -11.293  65.781 0.0000000000
129473  -9.184  -10.612  66.440 0.0000000000
129474  -8.734  -11.197  66.246 0.0000000000
129475  -8.360  -11.752  66.133 0.0000000000
129476  -8.014  -12.248  66.457 0.0000000000
129477  -7.669  -12.782  66.860 0.0000000000
129478  -7.376  -13.255  67.238 0.0000000000
129479  -9.827  -10.524  68.205 0.0000000000
129480  -9.357  -11.036  68.036 0.0000000000
129481  -8.871  -11.564  67.908 0.0000000000
129482  -8.829  -12.068  68.667 0.0000000000
129483  -8.605  -12.056  68.260 0.0000000000
129484  -8.407  -12.076  67.830 0.0000000000
129485  -7.967  -12.611  67.778 0.0000000000
129486  -7.524  -13.149  67.692 0.0000000000
129487  -7.129  -13.702  67.695 0.0000000000
129488  -6.891  -14.189  68.124 0.0000000000
129489  -6.677  -14.665  68.496 0.0000000000
129490  -6.501  -15.186  68.871 0.0000000000
129491  -7.073  -14.501  69.449 0.0000000000
129492  -6.693  -15.085  69.341 0.0000000000
129493  -6.386  -15.655  69.258 0.0000000000
129494  -6.316  -16.158  69.590 0.0000000000
129495  -6.263  -16.701  69.905 0.0000000000
129496  -6.209  -17.285  70.120 0.0000000000
129607  -14.812  -1.373  68.413 0.0000000000
129608  -14.280  -1.208  68.361 0.0000000000
129609  -13.700  -1.057  68.285 0.0000000000
129610  -13.212  -0.940  68.212 0.0000000000
129611  -13.491  -1.604  68.116 0.0000000000
129634  -10.612  -7.844  65.440 0.0000000000
129635  -10.265  -8.457  65.313 0.0000000000
129636  -9.953  -9.103  65.120 0.0000000000
133406  -5.528  -11.316  52.695 0.0000000000
133407  -5.450  -12.002  52.273 0.0000000000
133408  -5.488  -12.619  51.860 0.0000000000
133409  -5.374  -13.375  51.775 0.0000000000
133410  -5.225  -14.223  51.725 0.0000000000
133411  -5.148  -14.963  51.634 0.0000000000
133412  -6.487  -11.852  54.008 0.0000000000
133413  -6.055  -12.471  53.686 0.0000000000
133414  -5.696  -13.146  53.336 0.0000000000
133415  -5.853  -14.060  53.690 0.0000000000
133416  -5.594  -13.918  53.313 0.0000000000
133417  -5.327  -13.802  52.950 0.0000000000
133418  -5.145  -14.395  52.497 0.0000000000
133419  -5.043  -15.048  52.068 0.0000000000
133420  -5.087  -15.718  51.633 0.0000000000
133421  -5.077  -16.470  51.624 0.0000000000
133422  -5.125  -17.237  51.653 0.0000000000
133423  -5.238  -18.007  51.735 0.0000000000
133424  -4.963  -17.506  52.694 0.0000000000
133425  -5.140  -18.125  52.270 0.0000000000
133426  -5.416  -18.734  51.817 0.0000000000
133427  -5.736  -19.373  52.059 0.0000000000
133428  -6.152  -19.896  52.316 0.0000000000
133429  -6.572  -20.356  52.581 0.0000000000
133838  -9.046  16.959  61.738 0.0000000000
133839  -8.596  17.211  61.969 0.0000000000
133856  -6.812  -0.932  64.448 0.0000000000
133857  -6.635  -0.222  64.763 0.0000000000
133858  -6.513  -0.928  64.130 0.0000000000
133859  -6.277  -0.891  63.753 0.0000000000
133860  -6.094  -0.885  63.310 0.0000000000
133861  -6.360  -2.270  62.494 0.0000000000
133862  -6.064  -1.619  62.628 0.0000000000
133863  -5.970  -0.880  62.818 0.0000000000
133864  -5.873  -0.828  62.339 0.0000000000
133865  -5.793  -0.802  61.890 0.0000000000
133866  -5.796  -0.708  61.434 0.0000000000
133867  -7.615  -4.585  60.160 0.0000000000
133868  -7.016  -4.061  60.347 0.0000000000
133869  -6.474  -3.572  60.502 0.0000000000
133870  -6.662  -4.002  59.512 0.0000000000
133871  -6.335  -3.512  60.052 0.0000000000
133872  -6.090  -2.936  60.604 0.0000000000
133873  -5.757  -2.208  60.670 0.0000000000
133874  -5.696  -1.401  60.825 0.0000000000
133875  -5.881  -0.587  60.948 0.0000000000
133876  -6.077  -0.417  60.500 0.0000000000
133877  -6.300  -0.339  59.998 0.0000000000
133878  -6.563  -0.275  59.477 0.0000000000
133879  -6.001  -1.692  58.852 0.0000000000
133880  -6.378  -0.930  58.896 0.0000000000
133881  -6.855  -0.198  58.971 0.0000000000
133882  -7.162  -0.177  58.452 0.0000000000
133883  -7.478  -0.154  57.900 0.0000000000
133884  -7.792  -0.131  57.326 0.0000000000
133885  -8.082  -0.096  56.715 0.0000000000
133886  -7.621  -0.780  56.859 0.0000000000
133887  -7.422  -1.337  56.455 0.0000000000
133888  -7.139  -1.945  56.081 0.0000000000
133889  -6.634  -2.681  56.607 0.0000000000
133890  -6.762  -2.595  56.133 0.0000000000
133891  -6.894  -2.532  55.664 0.0000000000
133892  -6.732  -3.131  55.273 0.0000000000
133893  -6.566  -3.715  54.839 0.0000000000
133894  -6.394  -4.313  54.390 0.0000000000
133895  -6.933  -5.548  56.439 0.0000000000
133896  -6.674  -5.475  56.085 0.0000000000
133897  -6.481  -5.437  55.673 0.0000000000
133898  -6.808  -6.795  55.110 0.0000000000
133899  -6.506  -6.059  55.174 0.0000000000
133900  -6.322  -5.349  55.264 0.0000000000
133901  -6.235  -5.237  54.841 0.0000000000
133902  -6.230  -5.109  54.391 0.0000000000
133903  -6.260  -4.960  53.965 0.0000000000
133904  -6.110  -5.580  53.554 0.0000000000
133905  -5.903  -6.198  53.223 0.0000000000
133906  -5.764  -6.888  52.982 0.0000000000
133907  -5.802  -7.845  53.480 0.0000000000
133908  -5.649  -7.712  53.104 0.0000000000
133909  -5.631  -7.534  52.731 0.0000000000
133910  -5.574  -8.182  52.475 0.0000000000
133911  -5.595  -8.806  52.224 0.0000000000
140154  -9.363  -11.174  57.788 0.0000000000
140155  -9.091  -12.011  57.536 0.0000000000
140156  -9.153  -12.036  57.997 0.0000000000
140157  -8.938  -12.815  58.264 0.0000000000
140158  -8.656  -13.529  58.590 0.0000000000
140159  -8.953  -12.637  59.192 0.0000000000
140160  -8.640  -13.414  59.076 0.0000000000
140161  -8.260  -14.200  58.933 0.0000000000
140162  -7.789  -14.716  59.233 0.0000000000
140163  -7.314  -15.190  59.509 0.0000000000
140164  -6.812  -15.636  59.768 0.0000000000
140165  -8.929  -12.101  61.058 0.0000000000
140166  -8.580  -12.785  60.853 0.0000000000
140167  -8.188  -13.519  60.733 0.0000000000
140168  -7.798  -13.964  61.483 0.0000000000
140169  -7.815  -14.085  61.090 0.0000000000
140170  -7.836  -14.281  60.639 0.0000000000
140171  -7.405  -14.940  60.477 0.0000000000
140172  -6.876  -15.500  60.263 0.0000000000
140173  -6.337  -16.046  60.018 0.0000000000
140174  -5.956  -16.479  60.272 0.0000000000
140175  -5.682  -16.959  60.550 0.0000000000
140177  -5.809  -16.687  61.551 0.0000000000
140183  -9.009  -11.008  64.611 0.0000000000
140184  -8.585  -11.615  64.435 0.0000000000
140185  -8.190  -12.239  64.289 0.0000000000
140186  -7.806  -12.607  65.056 0.0000000000
140187  -7.772  -12.772  64.575 0.0000000000
140188  -7.788  -12.900  64.148 0.0000000000
140189  -7.356  -13.493  64.034 0.0000000000
140190  -6.981  -14.077  63.924 0.0000000000
140191  -6.627  -14.720  63.853 0.0000000000
140192  -6.546  -14.512  66.603 0.0000000000
140193  -6.471  -14.632  66.111 0.0000000000
140194  -6.423  -14.755  65.610 0.0000000000
140195  -6.097  -15.899  65.869 0.0000000000
140196  -6.200  -15.400  65.520 0.0000000000
140197  -6.419  -14.895  65.172 0.0000000000
140198  -6.389  -15.041  64.706 0.0000000000
140199  -6.326  -15.193  64.216 0.0000000000
140200  -6.295  -15.371  63.697 0.0000000000
140201  -6.024  -16.028  63.554 0.0000000000
140202  -5.867  -16.706  63.314 0.0000000000
140548  -16.138  4.862  65.299 0.0000000000
140549  -15.983  5.361  64.576 0.0000000000
140550  -15.872  5.867  63.832 0.0000000000
140551  -14.854  5.492  64.043 0.0000000000
140552  -15.262  5.926  63.535 0.0000000000
140553  -15.732  6.355  63.086 0.0000000000
140554  -15.540  6.846  62.393 0.0000000000
140557  -14.705  8.069  61.043 0.0000000000
140558  -14.073  8.223  61.060 0.0000000000
140559  -13.475  8.435  61.118 0.0000000000
140560  -13.204  7.371  62.169 0.0000000000
140561  -13.061  8.030  61.683 0.0000000000
140562  -12.903  8.744  61.216 0.0000000000
140563  -12.390  9.092  61.426 0.0000000000
140564  -11.890  9.455  61.671 0.0000000000
140565  -11.404  9.828  62.007 0.0000000000
140566  -11.006  10.156  62.354 0.0000000000
140567  -11.147  9.386  62.697 0.0000000000
140568  -10.905  8.850  63.362 0.0000000000
140569  -10.579  8.434  63.995 0.0000000000
140570  -11.144  7.385  64.128 0.0000000000
140571  -10.751  7.578  64.348 0.0000000000
140572  -10.355  7.828  64.587 0.0000000000
140573  -10.118  7.270  65.167 0.0000000000
140574  -9.843  6.618  65.722 0.0000000000
140575  -9.540  6.016  66.196 0.0000000000
140576  -11.848  4.694  65.951 0.0000000000
140577  -11.464  4.795  66.032 0.0000000000
140578  -11.078  4.931  66.117 0.0000000000
140579  -10.920  3.631  66.992 0.0000000000
140580  -10.832  4.371  66.627 0.0000000000
140581  -10.646  5.052  66.261 0.0000000000
140582  -10.206  5.176  66.443 0.0000000000
140583  -9.741  5.254  66.534 0.0000000000
140584  -9.264  5.339  66.569 0.0000000000
140585  -8.946  4.613  66.861 0.0000000000
140586  -8.630  3.814  67.005 0.0000000000
140587  -8.383  2.983  66.972 0.0000000000
140588  -8.919  2.097  67.144 0.0000000000
140589  -8.518  2.129  66.957 0.0000000000
140590  -8.128  2.115  66.745 0.0000000000
140591  -7.819  1.300  66.366 0.0000000000
140592  -7.498  0.581  65.941 0.0000000000
140593  -7.246  -0.161  65.421 0.0000000000
140594  -12.774  -0.825  68.212 0.0000000000
140595  -12.309  -0.750  68.106 0.0000000000
140596  -11.849  -0.704  67.914 0.0000000000
140597  -11.991  -1.797  67.036 0.0000000000
140598  -11.681  -1.186  67.362 0.0000000000
140599  -11.424  -0.634  67.721 0.0000000000
140600  -11.013  -0.587  67.505 0.0000000000
140601  -10.623  -0.549  67.243 0.0000000000
140602  -10.216  -0.503  66.960 0.0000000000
140604  -11.583  -3.435  65.090 0.0000000000
140605  -11.339  -2.801  65.193 0.0000000000
140606  -11.091  -3.372  64.310 0.0000000000
140607  -11.047  -2.746  64.818 0.0000000000
140608  -10.979  -2.170  65.415 0.0000000000
140609  -10.580  -1.584  65.728 0.0000000000
140610  -10.172  -1.015  66.173 0.0000000000
140611  -9.859  -0.480  66.664 0.0000000000
140612  -9.480  -0.486  66.365 0.0000000000
140613  -9.090  -0.502  66.101 0.0000000000
140614  -8.642  -0.588  65.846 0.0000000000
140615  -9.166  -1.647  64.638 0.0000000000
140616  -8.709  -1.136  65.172 0.0000000000
140617  -8.227  -0.656  65.627 0.0000000000
140618  -7.843  -0.731  65.389 0.0000000000
140619  -7.465  -0.813  65.132 0.0000000000
140620  -7.132  -0.880  64.791 0.0000000000
140621  -7.125  -1.550  64.149 0.0000000000
140622  -7.192  -2.163  63.568 0.0000000000
140623  -7.371  -2.736  62.974 0.0000000000
140624  -8.307  -3.053  62.856 0.0000000000
140625  -7.952  -3.168  62.620 0.0000000000
140626  -7.631  -3.274  62.351 0.0000000000
140627  -7.941  -3.802  61.759 0.0000000000
140640  -9.298  -7.184  59.328 0.0000000000
140641  -9.415  -7.953  58.919 0.0000000000
140642  -9.701  -8.673  59.396 0.0000000000
140643  -9.591  -8.723  58.965 0.0000000000
140644  -9.469  -8.748  58.549 0.0000000000
140645  -9.513  -9.576  58.266 0.0000000000
140646  -9.514  -10.364  58.009 0.0000000000
151526  -8.834  -12.858  57.257 0.0000000000
151527  -8.502  -13.629  57.014 0.0000000000
151528  -8.011  -14.287  56.738 0.0000000000
151529  -7.612  -14.911  57.604 0.0000000000
151530  -7.528  -14.900  57.017 0.0000000000
151531  -7.377  -14.871  56.468 0.0000000000
151532  -6.748  -15.412  56.223 0.0000000000
151533  -6.150  -15.899  55.927 0.0000000000
151534  -5.651  -16.391  55.622 0.0000000000
151535  -5.795  -16.773  58.645 0.0000000000
151536  -5.738  -16.854  58.087 0.0000000000
151537  -5.666  -16.910  57.523 0.0000000000
151538  -5.346  -18.125  57.444 0.0000000000
151539  -5.358  -17.530  57.246 0.0000000000
151540  -5.585  -16.941  56.967 0.0000000000
151541  -5.482  -17.013  56.445 0.0000000000
151542  -5.385  -17.021  55.874 0.0000000000
151543  -5.279  -16.987  55.285 0.0000000000
151544  -5.111  -17.677  54.974 0.0000000000
151545  -5.147  -18.352  54.650 0.0000000000
151546  -5.333  -19.022  54.230 0.0000000000
151547  -5.754  -19.488  55.040 0.0000000000
151548  -5.716  -19.559  54.463 0.0000000000
151549  -5.696  -19.594  53.856 0.0000000000
151550  -6.156  -20.133  53.531 0.0000000000
151551  -6.572  -20.436  53.196 0.0000000000
151552  -6.998  -20.763  52.856 0.0000000000
151573  -7.643  -21.152  54.835 0.0000000000
151576  -7.574  -21.200  54.261 0.0000000000
151577  -7.508  -21.206  53.701 0.0000000000
151688  -12.243  -12.166  67.898 0.0000000000
151689  -11.869  -12.556  68.380 0.0000000000
151690  -11.484  -12.853  68.900 0.0000000000
151691  -11.651  -13.612  68.804 0.0000000000
151692  -11.351  -13.347  69.136 0.0000000000
151693  -11.008  -13.074  69.392 0.0000000000
151694  -10.546  -13.322  69.793 0.0000000000
151695  -9.984  -13.555  70.133 0.0000000000
151696  -9.398  -13.831  70.475 0.0000000000
151698  -10.869  -15.400  70.077 0.0000000000
151699  -10.537  -15.106  70.336 0.0000000000
151700  -10.004  -15.899  71.104 0.0000000000
151701  -10.086  -15.350  70.814 0.0000000000
151702  -10.146  -14.811  70.543 0.0000000000
151703  -9.744  -14.568  70.685 0.0000000000
151704  -9.313  -14.323  70.722 0.0000000000
151705  -8.838  -14.122  70.641 0.0000000000
151706  -8.323  -14.514  70.911 0.0000000000
151707  -7.851  -14.955  71.008 0.0000000000
151708  -7.329  -15.470  71.058 0.0000000000
151709  -7.679  -16.081  71.692 0.0000000000
151710  -7.261  -16.019  71.400 0.0000000000
151711  -6.917  -15.990  71.001 0.0000000000
151712  -6.581  -16.543  70.889 0.0000000000
151713  -6.361  -17.220  70.688 0.0000000000
151714  -6.235  -17.836  70.421 0.0000000000
151738  -6.667  -18.500  71.742 0.0000000000
151739  -6.450  -18.449  71.231 0.0000000000
151740  -6.279  -18.469  70.667 0.0000000000
151741  -6.165  -18.488  70.128 0.0000000000
151742  -6.133  -19.147  69.850 0.0000000000
151743  -6.214  -19.830  69.511 0.0000000000
152740  -10.607  10.521  62.682 0.0000000000
152741  -10.234  10.857  63.057 0.0000000000
152742  -9.855  11.215  63.452 0.0000000000
152743  -9.649  9.802  64.311 0.0000000000
152744  -9.567  10.676  64.036 0.0000000000
152745  -9.456  11.563  63.792 0.0000000000
152746  -9.039  11.769  64.114 0.0000000000
152747  -8.605  11.987  64.341 0.0000000000
152749  -8.472  7.092  66.013 0.0000000000
152750  -8.305  7.978  65.825 0.0000000000
152751  -8.197  8.945  65.561 0.0000000000
152767  -6.656  0.498  64.923 0.0000000000
152833  -9.067  4.936  52.405 0.0000000000
152848  -8.301  -0.020  56.140 0.0000000000
152849  -8.477  0.072  55.567 0.0000000000
152850  -8.603  0.165  55.004 0.0000000000
152851  -7.864  -1.050  54.851 0.0000000000
152852  -8.268  -0.372  54.667 0.0000000000
152853  -8.651  0.351  54.468 0.0000000000
152854  -8.673  0.525  53.966 0.0000000000
152855  -8.685  0.679  53.488 0.0000000000
152856  -8.698  0.792  53.020 0.0000000000
152857  -6.876  -3.248  53.475 0.0000000000
152858  -7.221  -2.437  53.404 0.0000000000
152859  -7.516  -1.809  53.297 0.0000000000
152860  -7.531  -2.234  52.547 0.0000000000
152861  -7.680  -1.673  52.856 0.0000000000
152862  -7.877  -1.165  53.156 0.0000000000
152863  -8.238  -0.510  52.959 0.0000000000
152864  -8.566  0.170  52.699 0.0000000000
152865  -8.828  0.912  52.482 0.0000000000
