#!ascii label  , from subject fsaverage vox2ras=TkReg
398
301  -15.452  -76.689  23.049 0.0000000000
414  -18.136  -77.388  32.475 0.0000000000
574  -5.577  -82.716  31.669 0.0000000000
1268  -11.896  -81.572  31.012 0.0000000000
2356  -16.860  -77.813  27.558 0.0000000000
2357  -9.610  -79.175  26.699 0.0000000000
3786  -12.524  -78.207  22.106 0.0000000000
5242  -17.636  -73.645  32.805 0.0000000000
5243  -18.472  -74.256  30.390 0.0000000000
5244  -17.764  -78.033  30.044 0.0000000000
5245  -8.315  -82.054  31.615 0.0000000000
5246  -10.164  -80.464  28.867 0.0000000000
5247  -6.939  -80.581  29.329 0.0000000000
5248  -6.789  -79.561  26.664 0.0000000000
5249  -4.551  -80.957  28.663 0.0000000000
6889  -17.770  -80.708  32.926 0.0000000000
6890  -15.935  -80.810  30.779 0.0000000000
6891  -14.156  -82.660  32.840 0.0000000000
6892  -10.286  -83.270  33.575 0.0000000000
8385  -16.877  -73.445  34.768 0.0000000000
9623  -18.669  -74.647  27.837 0.0000000000
9624  -15.956  -77.135  25.394 0.0000000000
9625  -14.196  -79.971  28.801 0.0000000000
9626  -12.929  -79.055  26.673 0.0000000000
9627  -12.441  -78.333  24.467 0.0000000000
9628  -9.575  -78.812  24.385 0.0000000000
11466  -13.943  -77.616  22.467 0.0000000000
12922  -18.046  -75.532  32.617 0.0000000000
12923  -18.175  -75.903  31.353 0.0000000000
12924  -17.970  -77.734  31.250 0.0000000000
12925  -6.880  -82.422  31.944 0.0000000000
12926  -7.502  -81.298  30.489 0.0000000000
12927  -6.000  -81.623  30.642 0.0000000000
12928  -5.539  -80.847  29.246 0.0000000000
12929  -4.854  -81.892  30.375 0.0000000000
15323  -16.008  -82.042  32.532 0.0000000000
15328  -8.710  -83.623  33.637 0.0000000000
21490  -18.152  -76.415  28.770 0.0000000000
21491  -18.638  -74.489  29.099 0.0000000000
21492  -17.961  -76.354  27.485 0.0000000000
21493  -17.624  -76.196  26.389 0.0000000000
21494  -16.442  -77.460  26.488 0.0000000000
21495  -14.017  -81.316  30.676 0.0000000000
21496  -15.072  -80.496  29.734 0.0000000000
21497  -13.042  -80.821  29.712 0.0000000000
21498  -9.733  -79.651  27.836 0.0000000000
21499  -11.495  -79.814  27.697 0.0000000000
21500  -11.149  -79.090  26.611 0.0000000000
21501  -12.518  -78.566  25.560 0.0000000000
21502  -10.930  -78.688  25.541 0.0000000000
21503  -10.921  -78.535  24.449 0.0000000000
21504  -9.586  -78.903  25.491 0.0000000000
21506  -7.082  -79.047  25.386 0.0000000000
27868  -16.984  -71.923  33.151 0.0000000000
27869  -17.684  -72.042  32.034 0.0000000000
27870  -18.125  -74.025  31.615 0.0000000000
27871  -18.288  -76.186  30.083 0.0000000000
27872  -17.259  -78.060  28.775 0.0000000000
27873  -9.947  -81.823  31.280 0.0000000000
27874  -10.937  -81.153  29.917 0.0000000000
27875  -9.106  -81.162  30.200 0.0000000000
27876  -8.449  -80.406  29.153 0.0000000000
27877  -8.188  -79.748  28.018 0.0000000000
27878  -8.199  -79.461  26.760 0.0000000000
27879  -6.755  -80.059  28.073 0.0000000000
27880  -5.491  -80.049  27.830 0.0000000000
31435  -18.083  -79.161  32.635 0.0000000000
31436  -17.568  -79.384  31.426 0.0000000000
31437  -16.873  -80.858  31.799 0.0000000000
31438  -15.022  -81.776  31.658 0.0000000000
31439  -12.984  -82.143  31.970 0.0000000000
31441  -12.149  -82.977  33.354 0.0000000000
31442  -10.943  -82.425  32.402 0.0000000000
31443  -9.188  -82.676  32.598 0.0000000000
31444  -7.732  -83.085  32.843 0.0000000000
31445  -6.486  -83.498  32.859 0.0000000000
35437  -16.565  -71.863  34.135 0.0000000000
35438  -17.261  -73.605  33.749 0.0000000000
35439  -17.618  -75.312  33.565 0.0000000000
35447  -17.289  -75.111  34.545 0.0000000000
35448  -17.916  -77.062  33.531 0.0000000000
39103  -18.269  -72.365  30.750 0.0000000000
39104  -18.568  -72.496  29.616 0.0000000000
39106  -18.585  -74.682  26.645 0.0000000000
39107  -17.315  -75.988  25.243 0.0000000000
39108  -15.662  -76.852  24.244 0.0000000000
39109  -16.875  -79.534  30.266 0.0000000000
39110  -16.138  -79.401  29.170 0.0000000000
39111  -15.420  -78.945  28.098 0.0000000000
39112  -12.111  -80.422  28.731 0.0000000000
39113  -13.424  -79.608  27.844 0.0000000000
39114  -14.924  -78.546  27.021 0.0000000000
39115  -14.469  -78.189  25.886 0.0000000000
39116  -14.128  -77.757  24.749 0.0000000000
39117  -13.964  -77.658  23.627 0.0000000000
39118  -12.448  -78.318  23.398 0.0000000000
39119  -11.005  -78.590  23.206 0.0000000000
39120  -9.713  -78.644  23.062 0.0000000000
39121  -8.300  -79.177  25.497 0.0000000000
39122  -8.476  -78.839  24.236 0.0000000000
42186  -14.674  -77.126  22.687 0.0000000000
43642  -18.045  -76.463  32.558 0.0000000000
43643  -18.094  -76.652  31.928 0.0000000000
43644  -18.065  -77.575  31.864 0.0000000000
43645  -6.188  -82.546  31.857 0.0000000000
43646  -6.410  -82.014  31.286 0.0000000000
43647  -5.731  -82.165  31.227 0.0000000000
43648  -5.372  -81.769  30.538 0.0000000000
43649  -5.148  -82.351  31.076 0.0000000000
52210  -17.621  -77.250  28.081 0.0000000000
52211  -18.098  -76.452  28.129 0.0000000000
52212  -17.451  -77.103  27.468 0.0000000000
52213  -17.280  -76.969  26.899 0.0000000000
52214  -16.657  -77.621  27.002 0.0000000000
52215  -12.914  -81.423  30.852 0.0000000000
52216  -13.518  -81.034  30.237 0.0000000000
52217  -12.450  -81.195  30.333 0.0000000000
52218  -9.660  -79.391  27.285 0.0000000000
52219  -10.450  -79.374  27.205 0.0000000000
52220  -10.345  -79.108  26.658 0.0000000000
52221  -10.996  -78.846  26.065 0.0000000000
52222  -10.277  -78.912  26.083 0.0000000000
52223  -10.258  -78.769  25.519 0.0000000000
52224  -9.589  -79.027  26.105 0.0000000000
57441  -11.810  -78.375  22.035 0.0000000000
61807  -17.339  -72.749  32.964 0.0000000000
61808  -17.681  -72.954  32.385 0.0000000000
61809  -17.883  -73.838  32.279 0.0000000000
61810  -18.071  -77.001  30.689 0.0000000000
61811  -18.239  -76.101  30.737 0.0000000000
61812  -18.025  -77.141  30.021 0.0000000000
61813  -17.881  -77.209  29.383 0.0000000000
61814  -17.473  -78.071  29.432 0.0000000000
61815  -9.089  -81.911  31.450 0.0000000000
61816  -9.511  -81.509  30.717 0.0000000000
61817  -8.676  -81.579  30.921 0.0000000000
61818  -7.164  -80.939  29.937 0.0000000000
61819  -7.958  -80.799  29.800 0.0000000000
61820  -7.700  -80.380  29.242 0.0000000000
61821  -8.255  -79.987  28.602 0.0000000000
61822  -7.544  -80.114  28.669 0.0000000000
61823  -7.470  -79.919  28.078 0.0000000000
61824  -6.807  -80.301  28.717 0.0000000000
61825  -5.008  -80.883  28.992 0.0000000000
61826  -5.493  -80.430  28.503 0.0000000000
61827  -4.943  -80.435  28.211 0.0000000000
61828  -4.956  -80.075  27.533 0.0000000000
69007  -17.908  -80.044  32.745 0.0000000000
69008  -17.590  -80.086  32.170 0.0000000000
69009  -17.294  -80.817  32.363 0.0000000000
69010  -15.084  -82.432  32.639 0.0000000000
69011  -15.526  -81.931  32.045 0.0000000000
69012  -14.580  -82.225  32.225 0.0000000000
69013  -14.033  -81.995  31.758 0.0000000000
69014  -13.566  -82.414  32.445 0.0000000000
69018  -10.981  -83.584  34.057 0.0000000000
69019  -11.874  -83.441  33.928 0.0000000000
69020  -11.215  -83.145  33.493 0.0000000000
69021  -11.530  -82.700  32.856 0.0000000000
69022  -10.507  -82.874  33.009 0.0000000000
69023  -10.017  -82.559  32.506 0.0000000000
69024  -9.670  -82.997  33.094 0.0000000000
69025  -7.961  -83.809  33.582 0.0000000000
69026  -8.189  -83.404  33.262 0.0000000000
69027  -7.495  -83.545  33.234 0.0000000000
69028  -7.053  -83.265  32.898 0.0000000000
69029  -6.882  -83.746  33.207 0.0000000000
78408  -16.759  -72.657  34.460 0.0000000000
78409  -17.064  -73.496  34.276 0.0000000000
78410  -17.549  -74.486  33.604 0.0000000000
78411  -17.292  -74.321  34.114 0.0000000000
78433  -17.615  -76.070  34.082 0.0000000000
78434  -17.769  -76.930  34.037 0.0000000000
78435  -18.034  -77.926  33.505 0.0000000000
87510  -18.194  -73.128  31.201 0.0000000000
87511  -17.980  -72.205  31.402 0.0000000000
87512  -18.381  -73.310  30.566 0.0000000000
87513  -18.703  -74.571  28.482 0.0000000000
87514  -18.674  -73.444  29.362 0.0000000000
87515  -18.790  -73.574  28.762 0.0000000000
87516  -18.792  -72.585  29.026 0.0000000000
87517  -18.864  -73.656  28.113 0.0000000000
87518  -18.834  -73.738  27.493 0.0000000000
87519  -18.616  -74.668  27.235 0.0000000000
87520  -16.837  -76.728  25.824 0.0000000000
87521  -17.492  -76.101  25.823 0.0000000000
87522  -16.653  -76.582  25.276 0.0000000000
87523  -16.510  -76.470  24.687 0.0000000000
87524  -15.784  -76.986  24.814 0.0000000000
87525  -16.828  -80.196  30.999 0.0000000000
87526  -17.247  -79.481  30.782 0.0000000000
87527  -16.385  -80.208  30.483 0.0000000000
87528  -14.607  -80.266  29.241 0.0000000000
87529  -15.591  -79.983  29.418 0.0000000000
87530  -15.126  -79.790  28.902 0.0000000000
87531  -15.807  -79.208  28.626 0.0000000000
87532  -14.780  -79.467  28.435 0.0000000000
87533  -10.538  -80.868  29.372 0.0000000000
87534  -11.511  -80.830  29.292 0.0000000000
87535  -11.123  -80.546  28.764 0.0000000000
87536  -12.218  -79.441  27.157 0.0000000000
87537  -12.449  -79.795  27.724 0.0000000000
87538  -13.185  -79.376  27.237 0.0000000000
87539  -14.155  -79.100  27.450 0.0000000000
87540  -13.920  -78.918  26.815 0.0000000000
87541  -14.676  -78.431  26.466 0.0000000000
87542  -13.646  -78.653  26.264 0.0000000000
87543  -12.474  -78.392  25.014 0.0000000000
87544  -13.315  -78.215  25.099 0.0000000000
87545  -13.259  -78.081  24.550 0.0000000000
87546  -14.041  -77.687  24.171 0.0000000000
87547  -13.203  -78.079  23.985 0.0000000000
87548  -13.165  -78.048  23.471 0.0000000000
87549  -12.420  -78.330  23.935 0.0000000000
87550  -10.214  -78.652  24.418 0.0000000000
87551  -10.964  -78.586  23.823 0.0000000000
87552  -10.271  -78.697  23.800 0.0000000000
87553  -10.330  -78.697  23.176 0.0000000000
87554  -9.633  -78.804  23.782 0.0000000000
87555  -7.487  -79.573  26.741 0.0000000000
87556  -8.240  -79.332  26.115 0.0000000000
87557  -7.525  -79.378  26.068 0.0000000000
87559  -7.787  -78.943  24.832 0.0000000000
94368  -13.232  -77.959  22.265 0.0000000000
96988  -17.850  -74.609  32.671 0.0000000000
96989  -18.022  -74.766  32.068 0.0000000000
96990  -18.089  -75.702  31.986 0.0000000000
96991  -18.080  -76.817  31.309 0.0000000000
96992  -17.858  -77.868  30.654 0.0000000000
96993  -7.583  -82.246  31.776 0.0000000000
96994  -7.895  -81.708  31.078 0.0000000000
96995  -7.104  -81.869  31.212 0.0000000000
96996  -6.734  -81.490  30.631 0.0000000000
96997  -6.403  -81.116  30.000 0.0000000000
96998  -6.200  -80.762  29.350 0.0000000000
96999  -5.723  -81.235  29.947 0.0000000000
97000  -5.117  -81.353  29.800 0.0000000000
97001  -4.673  -81.435  29.513 0.0000000000
101309  -16.940  -81.481  32.632 0.0000000000
101311  -15.580  -82.553  33.039 0.0000000000
101312  -14.681  -82.838  33.230 0.0000000000
101317  -10.111  -83.700  34.010 0.0000000000
101318  -9.448  -83.424  33.616 0.0000000000
112410  -18.469  -75.400  29.556 0.0000000000
112411  -18.552  -74.408  29.736 0.0000000000
112412  -18.452  -75.488  28.905 0.0000000000
112413  -18.483  -75.551  28.231 0.0000000000
112414  -18.370  -75.545  27.611 0.0000000000
112415  -18.251  -75.545  27.027 0.0000000000
112416  -17.809  -76.277  26.915 0.0000000000
112417  -17.062  -76.823  26.408 0.0000000000
112418  -16.145  -77.314  25.967 0.0000000000
112419  -15.013  -81.113  30.667 0.0000000000
112420  -15.504  -80.644  30.264 0.0000000000
112421  -14.553  -80.885  30.163 0.0000000000
112422  -14.083  -80.665  29.697 0.0000000000
112423  -13.622  -80.408  29.209 0.0000000000
112424  -9.896  -80.063  28.347 0.0000000000
112425  -10.798  -80.152  28.229 0.0000000000
112426  -10.592  -79.745  27.723 0.0000000000
112427  -11.297  -79.438  27.154 0.0000000000
112428  -12.014  -79.095  26.583 0.0000000000
112429  -12.672  -78.788  26.134 0.0000000000
112430  -11.815  -78.835  26.065 0.0000000000
112431  -11.690  -78.635  25.524 0.0000000000
112432  -11.652  -78.505  25.011 0.0000000000
112433  -11.655  -78.484  24.453 0.0000000000
112434  -10.879  -78.551  25.047 0.0000000000
112435  -10.231  -78.654  24.985 0.0000000000
112436  -9.569  -78.835  24.959 0.0000000000
112437  -6.146  -79.431  26.584 0.0000000000
112438  -6.839  -79.279  25.957 0.0000000000
126466  -16.697  -71.083  33.420 0.0000000000
126467  -17.023  -71.122  32.794 0.0000000000
126468  -17.380  -71.991  32.616 0.0000000000
126469  -17.975  -73.047  31.782 0.0000000000
126470  -18.368  -74.127  30.957 0.0000000000
126471  -18.176  -74.963  31.487 0.0000000000
126472  -18.349  -75.125  30.794 0.0000000000
126473  -18.448  -75.213  30.220 0.0000000000
126474  -18.236  -76.306  29.419 0.0000000000
126475  -17.762  -77.247  28.710 0.0000000000
126476  -17.069  -77.960  28.142 0.0000000000
126477  -10.883  -81.698  31.156 0.0000000000
126478  -11.407  -81.360  30.458 0.0000000000
126479  -10.414  -81.475  30.591 0.0000000000
126480  -9.974  -81.149  30.011 0.0000000000
126481  -9.606  -80.796  29.506 0.0000000000
126482  -8.280  -81.192  30.374 0.0000000000
126483  -8.755  -80.776  29.655 0.0000000000
126484  -9.261  -80.407  29.010 0.0000000000
126485  -9.011  -80.060  28.513 0.0000000000
126486  -8.946  -79.680  27.938 0.0000000000
126487  -8.890  -79.455  27.344 0.0000000000
126488  -8.876  -79.290  26.740 0.0000000000
126489  -8.157  -79.576  27.401 0.0000000000
126490  -7.464  -79.734  27.421 0.0000000000
126491  -6.748  -79.799  27.363 0.0000000000
126492  -6.105  -80.429  28.686 0.0000000000
126493  -6.098  -80.069  28.015 0.0000000000
126494  -6.108  -79.771  27.282 0.0000000000
126495  -5.488  -79.712  27.143 0.0000000000
135793  -18.169  -78.288  32.501 0.0000000000
135794  -18.054  -78.430  31.923 0.0000000000
135795  -17.845  -79.292  32.038 0.0000000000
135796  -17.228  -80.160  31.590 0.0000000000
135797  -16.409  -80.848  31.273 0.0000000000
135798  -16.460  -81.471  32.112 0.0000000000
135799  -15.973  -81.431  31.615 0.0000000000
135800  -15.475  -81.295  31.143 0.0000000000
135801  -14.525  -81.561  31.156 0.0000000000
135802  -13.482  -81.730  31.283 0.0000000000
135803  -12.351  -81.845  31.519 0.0000000000
135806  -13.783  -83.086  33.485 0.0000000000
135808  -12.828  -83.261  33.728 0.0000000000
135809  -13.152  -82.829  33.117 0.0000000000
135810  -12.537  -82.560  32.687 0.0000000000
135811  -11.934  -82.261  32.190 0.0000000000
135812  -11.390  -81.978  31.712 0.0000000000
135813  -10.438  -82.117  31.869 0.0000000000
135814  -9.542  -82.220  31.964 0.0000000000
135815  -8.747  -82.372  32.116 0.0000000000
135816  -8.880  -83.168  33.192 0.0000000000
135817  -8.456  -82.885  32.728 0.0000000000
135818  -8.015  -82.579  32.288 0.0000000000
135819  -7.311  -82.774  32.415 0.0000000000
135820  -6.659  -82.960  32.470 0.0000000000
135821  -6.011  -83.135  32.286 0.0000000000
147314  -16.733  -71.867  33.638 0.0000000000
147315  -17.152  -72.718  33.479 0.0000000000
147317  -16.949  -72.727  33.951 0.0000000000
147318  -17.430  -73.646  33.277 0.0000000000
147319  -17.689  -74.559  33.148 0.0000000000
147320  -17.830  -75.454  33.082 0.0000000000
147321  -17.874  -76.325  33.052 0.0000000000
147345  -17.106  -74.266  34.601 0.0000000000
147346  -17.452  -75.151  34.024 0.0000000000
147347  -17.760  -76.184  33.557 0.0000000000
147348  -18.035  -77.223  33.007 0.0000000000
147349  -18.088  -78.102  33.025 0.0000000000
147350  -18.078  -78.968  33.109 0.0000000000
147351  -18.029  -79.762  33.257 0.0000000000
158263  -17.352  -71.221  32.170 0.0000000000
158264  -17.687  -71.304  31.574 0.0000000000
158265  -17.996  -71.379  30.984 0.0000000000
158266  -18.537  -73.392  29.951 0.0000000000
158267  -18.413  -72.407  30.186 0.0000000000
158275  -18.147  -75.529  26.449 0.0000000000
158276  -18.036  -75.398  25.906 0.0000000000
158277  -17.900  -75.321  25.298 0.0000000000
158278  -17.169  -75.906  24.654 0.0000000000
158279  -16.385  -76.357  24.126 0.0000000000
158280  -15.531  -76.777  23.623 0.0000000000
158281  -17.816  -78.578  31.299 0.0000000000
158282  -17.599  -78.728  30.678 0.0000000000
158283  -17.349  -78.818  30.122 0.0000000000
158284  -16.000  -80.133  29.935 0.0000000000
158285  -16.526  -79.499  29.705 0.0000000000
158286  -17.027  -78.849  29.549 0.0000000000
158287  -16.694  -78.786  28.964 0.0000000000
158288  -16.453  -78.605  28.333 0.0000000000
158289  -16.184  -78.429  27.784 0.0000000000
158290  -11.972  -81.014  29.814 0.0000000000
158291  -12.569  -80.617  29.235 0.0000000000
158292  -13.175  -80.196  28.739 0.0000000000
158293  -11.749  -80.189  28.222 0.0000000000
158294  -12.753  -80.037  28.244 0.0000000000
158295  -13.789  -79.775  28.314 0.0000000000
158296  -14.392  -79.279  27.963 0.0000000000
158297  -15.167  -78.764  27.582 0.0000000000
158298  -15.933  -78.222  27.237 0.0000000000
158299  -15.717  -78.047  26.644 0.0000000000
158300  -15.420  -77.897  26.186 0.0000000000
158301  -15.240  -77.663  25.585 0.0000000000
158302  -13.470  -78.402  25.686 0.0000000000
158303  -14.287  -77.953  25.309 0.0000000000
158304  -15.066  -77.469  25.018 0.0000000000
158305  -14.897  -77.332  24.449 0.0000000000
158306  -14.797  -77.239  23.881 0.0000000000
158307  -14.701  -77.189  23.292 0.0000000000
158308  -13.913  -77.635  23.044 0.0000000000
158309  -13.176  -77.987  22.869 0.0000000000
158310  -12.470  -78.250  22.740 0.0000000000
158311  -11.689  -78.471  23.878 0.0000000000
158312  -11.709  -78.479  23.275 0.0000000000
158313  -11.753  -78.446  22.636 0.0000000000
158314  -11.066  -78.538  22.591 0.0000000000
158315  -10.389  -78.470  22.483 0.0000000000
158317  -8.897  -79.230  26.117 0.0000000000
158318  -8.933  -79.078  25.519 0.0000000000
158319  -8.938  -78.967  24.953 0.0000000000
158320  -7.576  -79.189  25.444 0.0000000000
158321  -8.302  -79.044  24.912 0.0000000000
158322  -8.988  -78.889  24.346 0.0000000000
158323  -9.069  -78.777  23.636 0.0000000000
158361  -5.494  -83.333  32.019 0.0000000000
158388  -5.068  -82.894  31.423 0.0000000000
158389  -4.735  -82.551  30.786 0.0000000000
