#!ascii label  , from subject fsaverage vox2ras=TkReg
399
158  48.397  -54.678  -13.390 0.0000000000
351  40.514  -63.706  -11.930 0.0000000000
1407  46.084  -57.702  -9.177 0.0000000000
1409  52.874  -56.295  -13.596 0.0000000000
1782  43.502  -63.269  -11.211 0.0000000000
1783  42.656  -57.048  -9.747 0.0000000000
3327  47.281  -56.030  -11.154 0.0000000000
3328  49.438  -56.303  -11.187 0.0000000000
3329  50.451  -55.741  -13.919 0.0000000000
3330  53.489  -55.078  -16.124 0.0000000000
3331  51.307  -53.959  -15.859 0.0000000000
3927  42.258  -66.895  -13.478 0.0000000000
3929  41.947  -63.765  -11.487 0.0000000000
3930  42.334  -60.411  -10.015 0.0000000000
3931  40.877  -60.277  -10.456 0.0000000000
7139  45.098  -60.282  -8.725 0.0000000000
7141  47.829  -57.737  -8.686 0.0000000000
7142  51.558  -57.101  -10.460 0.0000000000
7143  54.636  -57.254  -11.960 0.0000000000
7145  55.475  -55.793  -15.065 0.0000000000
7146  56.134  -53.307  -17.254 0.0000000000
7997  43.862  -60.329  -9.665 0.0000000000
7998  44.295  -57.568  -9.609 0.0000000000
7999  45.501  -55.339  -11.081 0.0000000000
11007  47.827  -55.380  -12.244 0.0000000000
11008  48.910  -55.732  -12.437 0.0000000000
11009  49.387  -55.205  -13.680 0.0000000000
11010  50.871  -54.928  -14.981 0.0000000000
11011  49.919  -54.342  -14.591 0.0000000000
11607  41.253  -65.395  -12.572 0.0000000000
11608  42.035  -65.472  -12.444 0.0000000000
11609  41.157  -63.815  -11.643 0.0000000000
11610  41.237  -62.067  -10.893 0.0000000000
11611  40.592  -61.992  -11.159 0.0000000000
11612  40.304  -60.306  -11.015 0.0000000000
15737  45.410  -58.945  -8.691 0.0000000000
15738  46.137  -58.855  -8.315 0.0000000000
15739  46.892  -57.633  -8.986 0.0000000000
15740  51.204  -56.256  -12.450 0.0000000000
15741  50.539  -56.508  -10.915 0.0000000000
15742  52.357  -56.528  -12.030 0.0000000000
15743  53.209  -57.325  -11.186 0.0000000000
15744  53.847  -56.732  -12.947 0.0000000000
15745  55.062  -56.553  -13.556 0.0000000000
15746  54.248  -56.254  -14.532 0.0000000000
15747  53.816  -53.896  -17.041 0.0000000000
15748  54.917  -54.482  -16.956 0.0000000000
15749  55.309  -53.087  -18.037 0.0000000000
17546  43.581  -61.756  -10.504 0.0000000000
17547  42.220  -58.756  -9.604 0.0000000000
17548  43.024  -58.797  -9.454 0.0000000000
17549  43.429  -57.385  -9.631 0.0000000000
17550  44.858  -56.374  -10.262 0.0000000000
17551  44.108  -56.049  -10.184 0.0000000000
17552  44.799  -55.035  -10.880 0.0000000000
17553  43.292  -55.870  -10.085 0.0000000000
24419  46.693  -56.785  -10.042 0.0000000000
24420  47.657  -56.778  -9.971 0.0000000000
24421  48.333  -56.149  -11.193 0.0000000000
24422  50.082  -56.027  -12.609 0.0000000000
24423  51.741  -56.059  -13.942 0.0000000000
24424  53.253  -55.850  -14.947 0.0000000000
24425  52.054  -55.442  -15.149 0.0000000000
24426  52.332  -54.563  -16.096 0.0000000000
25499  43.129  -68.138  -14.335 0.0000000000
25501  43.050  -66.811  -13.358 0.0000000000
25502  42.839  -65.302  -12.392 0.0000000000
25503  42.723  -63.491  -11.441 0.0000000000
25504  42.806  -61.919  -10.563 0.0000000000
25505  42.021  -62.029  -10.730 0.0000000000
25506  41.543  -60.366  -10.223 0.0000000000
25507  41.545  -58.617  -9.941 0.0000000000
25508  41.930  -57.138  -9.975 0.0000000000
25509  40.924  -58.657  -10.289 0.0000000000
29597  42.286  -68.142  -14.394 0.0000000000
29598  41.481  -66.699  -13.447 0.0000000000
29599  40.617  -65.106  -12.756 0.0000000000
32019  48.814  -58.018  -8.322 0.0000000000
32020  48.715  -56.814  -9.914 0.0000000000
32021  49.712  -57.172  -9.498 0.0000000000
32022  50.600  -57.793  -9.030 0.0000000000
32023  52.355  -57.944  -9.751 0.0000000000
32024  54.008  -57.978  -10.344 0.0000000000
32025  55.369  -57.681  -10.960 0.0000000000
32027  55.807  -56.940  -12.523 0.0000000000
32028  56.048  -55.900  -13.945 0.0000000000
32029  56.416  -54.680  -15.089 0.0000000000
32030  54.627  -55.572  -15.787 0.0000000000
32031  55.829  -54.686  -16.247 0.0000000000
34320  44.530  -60.308  -9.230 0.0000000000
34321  44.748  -58.963  -9.170 0.0000000000
34322  43.142  -60.276  -9.841 0.0000000000
34323  43.925  -58.826  -9.393 0.0000000000
34324  45.194  -57.720  -9.482 0.0000000000
34325  45.762  -56.646  -10.224 0.0000000000
34326  46.330  -55.756  -11.192 0.0000000000
34327  46.955  -54.966  -12.241 0.0000000000
34328  47.620  -54.183  -13.177 0.0000000000
34329  46.176  -54.506  -11.924 0.0000000000
41727  48.113  -55.025  -12.824 0.0000000000
41728  48.614  -55.242  -12.955 0.0000000000
41729  48.862  -54.926  -13.523 0.0000000000
41730  49.624  -54.816  -14.149 0.0000000000
41731  49.127  -54.499  -13.983 0.0000000000
41732  49.497  -54.041  -14.430 0.0000000000
41733  48.773  -54.272  -13.851 0.0000000000
42327  40.855  -64.601  -12.209 0.0000000000
42328  41.168  -64.723  -12.108 0.0000000000
42329  40.820  -63.775  -11.765 0.0000000000
42330  40.837  -63.013  -11.347 0.0000000000
42331  40.554  -62.843  -11.536 0.0000000000
42332  40.348  -61.940  -11.408 0.0000000000
42333  40.285  -62.801  -11.782 0.0000000000
46457  45.736  -58.325  -8.889 0.0000000000
46458  46.092  -58.273  -8.740 0.0000000000
46459  46.478  -57.735  -9.053 0.0000000000
46460  52.098  -56.303  -13.047 0.0000000000
46461  51.796  -56.375  -12.283 0.0000000000
46462  52.670  -56.459  -12.794 0.0000000000
46463  53.192  -56.771  -12.494 0.0000000000
46464  53.372  -56.499  -13.293 0.0000000000
46465  54.031  -56.494  -13.752 0.0000000000
46466  53.571  -56.241  -14.101 0.0000000000
46467  54.104  -53.204  -17.551 0.0000000000
46468  54.617  -53.482  -17.643 0.0000000000
48266  43.516  -62.519  -10.907 0.0000000000
48267  42.393  -57.831  -9.628 0.0000000000
48268  42.768  -58.009  -9.518 0.0000000000
48269  43.006  -57.272  -9.645 0.0000000000
48270  43.725  -56.731  -9.855 0.0000000000
48271  43.405  -56.530  -9.897 0.0000000000
48272  43.704  -55.992  -10.136 0.0000000000
48273  42.931  -56.485  -9.852 0.0000000000
56057  46.995  -56.357  -10.597 0.0000000000
56058  47.537  -56.357  -10.586 0.0000000000
56059  47.752  -56.088  -11.138 0.0000000000
56060  49.725  -55.736  -13.228 0.0000000000
56061  49.493  -55.917  -12.581 0.0000000000
56062  50.283  -55.918  -13.261 0.0000000000
56063  50.869  -56.095  -13.264 0.0000000000
56064  51.136  -55.958  -13.966 0.0000000000
56065  51.914  -55.788  -14.565 0.0000000000
56066  51.277  -55.575  -14.575 0.0000000000
56067  51.101  -54.445  -15.412 0.0000000000
56068  51.583  -54.731  -15.573 0.0000000000
56069  51.759  -54.244  -16.009 0.0000000000
56070  52.560  -54.005  -16.504 0.0000000000
56071  51.991  -53.660  -16.394 0.0000000000
57857  42.791  -67.527  -13.917 0.0000000000
57858  43.138  -67.508  -13.870 0.0000000000
57859  42.652  -66.884  -13.402 0.0000000000
57860  41.971  -64.636  -11.965 0.0000000000
57861  42.432  -65.376  -12.396 0.0000000000
57862  42.339  -64.496  -11.932 0.0000000000
57863  42.777  -64.395  -11.925 0.0000000000
57864  42.351  -63.622  -11.502 0.0000000000
57865  42.359  -62.777  -11.086 0.0000000000
57866  41.925  -62.853  -11.078 0.0000000000
57867  41.006  -61.172  -10.673 0.0000000000
57868  41.357  -61.158  -10.487 0.0000000000
57869  41.214  -60.291  -10.322 0.0000000000
57870  41.486  -59.475  -10.042 0.0000000000
57871  41.156  -59.392  -10.174 0.0000000000
57872  41.221  -58.574  -10.079 0.0000000000
57873  40.857  -59.511  -10.327 0.0000000000
65065  42.384  -68.868  -14.754 0.0000000000
65068  41.531  -67.268  -13.901 0.0000000000
65069  41.125  -66.511  -13.488 0.0000000000
65070  41.017  -65.938  -13.103 0.0000000000
70250  46.938  -58.205  -8.412 0.0000000000
70251  46.544  -58.784  -8.090 0.0000000000
70252  47.424  -58.244  -8.232 0.0000000000
70253  47.875  -58.357  -8.038 0.0000000000
70254  48.320  -57.850  -8.519 0.0000000000
70255  48.591  -56.442  -10.587 0.0000000000
70256  48.161  -56.805  -9.910 0.0000000000
70257  49.065  -56.532  -10.525 0.0000000000
70258  51.121  -56.766  -10.664 0.0000000000
70259  50.146  -56.819  -10.199 0.0000000000
70260  50.633  -57.091  -9.969 0.0000000000
70261  50.168  -57.428  -9.308 0.0000000000
70262  51.057  -57.390  -9.697 0.0000000000
70263  51.464  -57.841  -9.407 0.0000000000
70264  51.956  -57.563  -10.131 0.0000000000
70265  53.943  -57.343  -11.614 0.0000000000
70266  53.614  -57.634  -10.782 0.0000000000
70267  54.331  -57.692  -11.118 0.0000000000
70268  54.715  -57.893  -10.675 0.0000000000
70269  55.007  -57.527  -11.439 0.0000000000
70270  55.634  -57.379  -11.743 0.0000000000
70271  55.235  -57.195  -12.251 0.0000000000
70272  55.271  -56.192  -14.281 0.0000000000
70273  55.594  -56.340  -13.779 0.0000000000
70274  55.781  -55.889  -14.524 0.0000000000
70275  56.288  -55.326  -14.528 0.0000000000
70276  56.041  -55.371  -15.153 0.0000000000
70277  53.386  -55.518  -15.564 0.0000000000
70278  53.939  -55.780  -15.423 0.0000000000
70279  54.072  -55.359  -15.985 0.0000000000
70280  55.575  -53.900  -17.216 0.0000000000
70281  55.360  -54.629  -16.652 0.0000000000
70282  55.961  -53.972  -16.792 0.0000000000
70283  56.319  -54.004  -16.201 0.0000000000
70284  56.462  -53.264  -16.740 0.0000000000
75672  43.996  -61.019  -9.898 0.0000000000
75673  44.308  -61.030  -9.677 0.0000000000
75674  44.205  -60.323  -9.468 0.0000000000
75675  44.593  -59.632  -9.163 0.0000000000
75676  44.236  -59.638  -9.370 0.0000000000
75677  42.524  -61.151  -10.294 0.0000000000
75678  42.937  -61.117  -10.215 0.0000000000
75679  42.743  -60.329  -9.917 0.0000000000
75680  43.626  -58.118  -9.460 0.0000000000
75681  43.487  -58.826  -9.470 0.0000000000
75682  44.090  -58.157  -9.459 0.0000000000
75683  44.540  -58.234  -9.431 0.0000000000
75684  44.756  -57.659  -9.580 0.0000000000
75685  45.492  -57.189  -9.792 0.0000000000
75686  45.011  -57.089  -9.852 0.0000000000
75687  45.172  -55.863  -10.656 0.0000000000
75688  45.579  -56.045  -10.675 0.0000000000
75689  45.886  -55.579  -11.137 0.0000000000
75690  46.662  -55.363  -11.693 0.0000000000
75691  46.225  -55.118  -11.656 0.0000000000
75692  46.531  -54.721  -12.084 0.0000000000
75693  45.854  -54.932  -11.511 0.0000000000
93539  47.549  -55.707  -11.672 0.0000000000
93540  48.063  -55.837  -11.748 0.0000000000
93541  48.392  -55.560  -12.361 0.0000000000
93542  49.143  -55.480  -13.079 0.0000000000
93543  49.901  -55.531  -13.817 0.0000000000
93544  50.626  -55.379  -14.506 0.0000000000
93545  50.122  -55.166  -14.319 0.0000000000
93546  50.363  -54.644  -14.836 0.0000000000
93547  50.638  -54.162  -15.221 0.0000000000
93549  50.198  -53.865  -14.961 0.0000000000
94619  41.730  -66.137  -12.992 0.0000000000
94620  42.140  -66.225  -12.961 0.0000000000
94621  41.626  -65.484  -12.498 0.0000000000
94622  41.572  -64.675  -12.029 0.0000000000
94623  41.554  -63.824  -11.575 0.0000000000
94624  41.554  -62.945  -11.172 0.0000000000
94625  41.199  -62.964  -11.253 0.0000000000
94626  40.882  -62.090  -11.008 0.0000000000
94627  40.673  -61.183  -10.850 0.0000000000
94628  40.598  -60.308  -10.751 0.0000000000
94629  40.413  -61.128  -11.072 0.0000000000
102053  45.219  -59.586  -8.649 0.0000000000
102054  45.546  -59.591  -8.440 0.0000000000
102055  45.751  -58.935  -8.542 0.0000000000
102056  46.496  -58.265  -8.594 0.0000000000
102057  47.334  -57.689  -8.853 0.0000000000
102058  50.388  -56.209  -11.805 0.0000000000
102059  50.042  -56.354  -11.120 0.0000000000
102060  50.905  -56.341  -11.683 0.0000000000
102061  51.524  -56.549  -11.492 0.0000000000
102062  51.994  -56.827  -11.246 0.0000000000
102063  52.412  -57.271  -10.864 0.0000000000
102064  52.819  -56.932  -11.656 0.0000000000
102065  53.524  -57.028  -12.062 0.0000000000
102066  54.272  -57.023  -12.495 0.0000000000
102067  54.858  -56.938  -12.774 0.0000000000
102068  54.457  -56.802  -13.263 0.0000000000
102069  54.683  -56.426  -14.138 0.0000000000
102070  54.975  -56.117  -14.817 0.0000000000
102071  53.653  -54.498  -16.600 0.0000000000
102072  54.179  -54.744  -16.524 0.0000000000
102073  54.363  -54.165  -17.066 0.0000000000
102074  55.105  -53.770  -17.483 0.0000000000
102075  55.744  -53.256  -17.734 0.0000000000
105309  43.919  -61.708  -10.332 0.0000000000
105310  43.679  -61.028  -10.064 0.0000000000
105311  42.233  -59.593  -9.778 0.0000000000
105312  42.634  -59.550  -9.674 0.0000000000
105313  42.640  -58.756  -9.516 0.0000000000
105314  43.195  -58.073  -9.473 0.0000000000
105315  43.864  -57.481  -9.638 0.0000000000
105316  44.531  -56.965  -9.875 0.0000000000
105317  44.147  -56.876  -9.870 0.0000000000
105318  44.460  -56.267  -10.221 0.0000000000
105319  44.803  -55.679  -10.650 0.0000000000
105320  45.172  -55.190  -11.016 0.0000000000
105321  44.433  -55.538  -10.513 0.0000000000
105322  44.036  -55.455  -10.388 0.0000000000
118415  46.393  -57.228  -9.531 0.0000000000
118416  46.862  -57.197  -9.486 0.0000000000
118417  47.215  -56.749  -9.998 0.0000000000
118418  48.002  -56.429  -10.535 0.0000000000
118419  48.852  -56.249  -11.211 0.0000000000
118420  48.606  -55.954  -11.779 0.0000000000
118421  49.184  -56.100  -11.873 0.0000000000
118422  49.793  -56.159  -11.855 0.0000000000
118423  50.642  -56.134  -12.478 0.0000000000
118424  51.519  -56.182  -13.208 0.0000000000
118425  52.313  -56.197  -13.812 0.0000000000
118426  53.179  -56.110  -14.348 0.0000000000
118427  52.570  -55.989  -14.469 0.0000000000
118428  52.700  -55.676  -15.088 0.0000000000
118429  52.832  -55.232  -15.655 0.0000000000
118430  51.426  -55.173  -15.061 0.0000000000
118431  52.171  -55.038  -15.687 0.0000000000
118432  52.900  -54.842  -16.106 0.0000000000
118433  53.084  -54.282  -16.560 0.0000000000
118434  53.333  -53.612  -16.935 0.0000000000
120937  43.520  -68.127  -14.340 0.0000000000
120938  43.559  -67.378  -13.847 0.0000000000
120939  43.473  -66.734  -13.383 0.0000000000
120940  42.550  -66.199  -12.886 0.0000000000
120941  42.895  -66.104  -12.871 0.0000000000
120942  43.369  -65.983  -12.855 0.0000000000
120943  43.194  -65.119  -12.301 0.0000000000
120944  43.136  -64.242  -11.788 0.0000000000
120945  43.106  -63.347  -11.314 0.0000000000
120946  43.145  -62.641  -10.888 0.0000000000
120947  42.793  -62.708  -10.996 0.0000000000
120948  42.411  -61.953  -10.641 0.0000000000
120949  42.121  -61.232  -10.348 0.0000000000
120950  41.594  -62.025  -10.773 0.0000000000
120951  41.709  -61.269  -10.444 0.0000000000
120952  41.939  -60.417  -10.094 0.0000000000
120953  41.847  -59.544  -9.875 0.0000000000
120954  41.877  -58.751  -9.805 0.0000000000
120955  42.020  -57.803  -9.798 0.0000000000
120956  42.281  -57.020  -9.890 0.0000000000
120957  41.684  -57.869  -9.915 0.0000000000
120958  41.377  -57.845  -10.055 0.0000000000
120960  40.606  -59.396  -10.655 0.0000000000
130800  42.747  -68.118  -14.366 0.0000000000
130801  42.345  -67.537  -13.894 0.0000000000
130802  41.836  -68.044  -14.354 0.0000000000
130803  41.960  -67.441  -13.914 0.0000000000
130804  41.867  -66.853  -13.449 0.0000000000
130805  41.360  -66.081  -13.029 0.0000000000
130806  40.893  -65.260  -12.685 0.0000000000
130807  40.556  -64.379  -12.331 0.0000000000
130808  40.313  -63.610  -12.133 0.0000000000
137368  45.868  -59.508  -8.162 0.0000000000
137374  47.282  -57.188  -9.444 0.0000000000
137375  47.748  -57.232  -9.360 0.0000000000
137376  48.263  -57.276  -9.224 0.0000000000
137377  49.616  -56.626  -10.414 0.0000000000
137378  49.194  -57.008  -9.695 0.0000000000
137379  48.755  -57.434  -9.119 0.0000000000
137380  49.283  -57.533  -8.898 0.0000000000
137381  49.732  -57.791  -8.711 0.0000000000
137382  50.146  -58.077  -8.456 0.0000000000
137383  51.014  -58.115  -8.752 0.0000000000
137384  51.827  -58.097  -9.119 0.0000000000
137385  52.728  -58.210  -9.396 0.0000000000
137386  52.768  -57.720  -10.347 0.0000000000
137387  53.187  -57.959  -10.042 0.0000000000
137388  53.609  -58.271  -9.692 0.0000000000
137389  54.354  -58.266  -9.993 0.0000000000
137390  55.076  -58.061  -10.198 0.0000000000
137391  55.722  -57.763  -10.354 0.0000000000
137393  55.923  -57.350  -11.127 0.0000000000
137394  56.065  -56.900  -11.903 0.0000000000
137395  56.126  -56.354  -12.754 0.0000000000
137396  55.386  -56.729  -13.084 0.0000000000
137397  55.929  -56.448  -13.314 0.0000000000
137398  56.185  -55.824  -13.350 0.0000000000
137399  56.422  -55.219  -13.933 0.0000000000
137400  56.618  -54.543  -14.457 0.0000000000
137402  53.776  -56.060  -14.812 0.0000000000
137403  54.464  -55.949  -15.201 0.0000000000
137404  55.114  -55.783  -15.504 0.0000000000
137405  54.730  -55.018  -16.358 0.0000000000
137406  55.228  -55.235  -16.153 0.0000000000
137407  55.683  -55.303  -15.741 0.0000000000
137408  56.187  -54.717  -15.718 0.0000000000
137409  56.495  -53.945  -15.615 0.0000000000
144010  44.845  -60.314  -8.999 0.0000000000
144011  44.945  -59.582  -8.918 0.0000000000
144012  45.121  -58.902  -8.963 0.0000000000
144013  45.382  -58.304  -9.127 0.0000000000
144014  43.192  -61.852  -10.553 0.0000000000
144015  43.326  -61.045  -10.146 0.0000000000
144016  43.544  -60.292  -9.782 0.0000000000
144017  43.056  -59.583  -9.624 0.0000000000
144018  43.466  -59.572  -9.563 0.0000000000
144019  43.840  -59.568  -9.465 0.0000000000
144020  44.361  -58.894  -9.345 0.0000000000
144021  44.945  -58.319  -9.325 0.0000000000
144022  45.658  -57.713  -9.357 0.0000000000
144023  45.976  -57.224  -9.713 0.0000000000
144024  46.236  -56.751  -10.156 0.0000000000
144025  46.501  -56.292  -10.673 0.0000000000
144026  45.285  -56.521  -10.285 0.0000000000
144027  46.005  -56.145  -10.698 0.0000000000
144028  46.761  -55.926  -11.202 0.0000000000
144029  47.075  -55.535  -11.663 0.0000000000
144030  47.344  -55.157  -12.225 0.0000000000
144031  47.685  -54.746  -12.809 0.0000000000
144032  48.026  -54.432  -13.285 0.0000000000
144033  47.267  -54.615  -12.714 0.0000000000
144034  46.863  -54.366  -12.563 0.0000000000
144036  45.516  -54.735  -11.395 0.0000000000
144042  42.563  -56.371  -10.040 0.0000000000
162952  48.387  -54.016  -13.679 0.0000000000
