#!ascii label  , from subject fsaverage vox2ras=TkReg
417
6  21.316  -98.722  5.300 0.0000000000
687  27.578  -96.049  -0.129 0.0000000000
688  22.733  -99.111  -0.219 0.0000000000
1524  29.848  -91.591  -0.776 0.0000000000
1525  27.937  -96.167  -5.705 0.0000000000
2290  17.760  -99.343  11.083 0.0000000000
2291  16.504  -100.719  5.259 0.0000000000
2606  22.952  -96.919  4.009 0.0000000000
2607  23.830  -97.698  1.714 0.0000000000
2608  22.082  -99.328  2.637 0.0000000000
3497  29.680  -88.821  0.146 0.0000000000
3498  28.280  -91.226  0.753 0.0000000000
3499  25.879  -97.952  -2.753 0.0000000000
3500  28.589  -96.211  -2.441 0.0000000000
3501  26.121  -98.285  -5.941 0.0000000000
5085  14.965  -99.843  11.314 0.0000000000
5845  25.066  -98.038  -0.381 0.0000000000
7394  29.890  -91.505  -3.271 0.0000000000
7395  29.004  -93.794  -0.116 0.0000000000
7396  29.288  -93.927  -2.775 0.0000000000
7397  28.497  -93.491  -5.406 0.0000000000
9430  19.836  -99.219  8.086 0.0000000000
9431  19.094  -99.673  5.276 0.0000000000
9432  17.095  -100.188  8.555 0.0000000000
9433  14.391  -101.064  8.537 0.0000000000
9592  22.535  -97.575  7.127 0.0000000000
10000  19.911  -100.217  2.412 0.0000000000
10286  22.108  -97.732  4.604 0.0000000000
10287  22.472  -98.137  3.217 0.0000000000
10288  21.627  -98.959  3.940 0.0000000000
11180  26.017  -98.110  -4.454 0.0000000000
13579  23.525  -98.716  0.988 0.0000000000
13580  24.396  -97.882  0.711 0.0000000000
13581  23.876  -98.574  -0.473 0.0000000000
13582  24.075  -98.223  -1.591 0.0000000000
16249  29.810  -90.305  -0.272 0.0000000000
16250  30.517  -89.280  -0.602 0.0000000000
16251  30.297  -90.549  -1.206 0.0000000000
16252  30.517  -90.550  -2.373 0.0000000000
16253  29.952  -91.723  -2.016 0.0000000000
16254  27.503  -94.962  0.346 0.0000000000
16255  28.199  -93.678  0.410 0.0000000000
16256  28.479  -94.934  -0.085 0.0000000000
16257  28.107  -96.223  -4.235 0.0000000000
16258  29.004  -95.029  -2.590 0.0000000000
16259  28.512  -94.990  -4.114 0.0000000000
16260  28.757  -93.786  -4.070 0.0000000000
16261  28.160  -94.812  -5.462 0.0000000000
16262  28.123  -94.512  -6.933 0.0000000000
16263  27.848  -95.859  -7.044 0.0000000000
21014  18.753  -99.395  9.644 0.0000000000
21015  18.458  -99.663  8.326 0.0000000000
21016  17.436  -99.897  9.993 0.0000000000
21017  13.758  -99.925  11.118 0.0000000000
21018  14.745  -100.637  10.087 0.0000000000
21019  13.384  -100.719  9.904 0.0000000000
21020  13.207  -101.173  8.186 0.0000000000
21415  18.531  -98.990  11.915 0.0000000000
21417  19.493  -98.959  10.370 0.0000000000
21418  20.444  -98.815  8.960 0.0000000000
22433  17.729  -100.001  5.312 0.0000000000
22434  19.421  -100.133  3.921 0.0000000000
22435  18.152  -100.430  3.731 0.0000000000
23124  23.363  -97.318  2.675 0.0000000000
23125  22.998  -98.588  2.153 0.0000000000
23126  22.546  -99.494  1.298 0.0000000000
24727  28.913  -90.016  0.523 0.0000000000
24728  29.308  -91.359  0.126 0.0000000000
24729  26.943  -97.223  -1.102 0.0000000000
24730  28.359  -96.073  -0.855 0.0000000000
24731  27.371  -97.290  -2.620 0.0000000000
24732  27.288  -97.316  -4.451 0.0000000000
24733  27.295  -97.291  -5.867 0.0000000000
24734  27.331  -97.110  -7.194 0.0000000000
24735  26.358  -98.244  -7.208 0.0000000000
27584  16.797  -98.943  12.385 0.0000000000
27585  16.360  -99.628  11.307 0.0000000000
28994  26.391  -95.920  0.283 0.0000000000
28995  24.469  -96.688  1.270 0.0000000000
28996  25.178  -96.906  0.387 0.0000000000
28997  26.153  -97.137  -0.372 0.0000000000
28998  25.568  -97.976  -1.414 0.0000000000
32685  27.792  -92.375  0.896 0.0000000000
32686  28.733  -92.511  0.347 0.0000000000
32687  29.473  -92.676  -0.428 0.0000000000
32688  29.121  -94.946  -0.955 0.0000000000
32689  29.459  -93.898  -1.285 0.0000000000
32690  29.759  -92.848  -1.568 0.0000000000
32691  29.528  -92.935  -2.995 0.0000000000
32692  29.178  -92.598  -4.210 0.0000000000
38530  20.736  -99.087  6.616 0.0000000000
38531  20.346  -99.429  5.202 0.0000000000
38532  19.440  -99.416  6.760 0.0000000000
38533  18.053  -99.701  6.865 0.0000000000
38534  16.742  -100.213  7.059 0.0000000000
38535  16.070  -100.295  10.155 0.0000000000
38536  15.751  -100.712  8.700 0.0000000000
38537  15.439  -100.838  6.931 0.0000000000
38538  14.319  -101.325  6.610 0.0000000000
39014  21.879  -98.119  8.493 0.0000000000
39015  21.310  -98.548  7.480 0.0000000000
39016  21.854  -98.004  6.237 0.0000000000
39260  22.576  -97.003  5.569 0.0000000000
40234  20.696  -99.724  3.912 0.0000000000
40235  21.075  -100.015  2.575 0.0000000000
40236  21.491  -99.780  1.034 0.0000000000
41006  21.719  -98.251  4.952 0.0000000000
41007  21.876  -98.367  4.250 0.0000000000
41008  21.446  -98.828  4.607 0.0000000000
44299  23.198  -99.063  0.358 0.0000000000
44300  23.756  -98.687  0.280 0.0000000000
44301  23.297  -98.825  -0.354 0.0000000000
44302  23.342  -98.556  -0.968 0.0000000000
44303  22.701  -98.742  -0.890 0.0000000000
46969  29.884  -90.919  -0.558 0.0000000000
46970  30.121  -90.448  -0.737 0.0000000000
46971  30.041  -91.043  -1.001 0.0000000000
46972  30.095  -91.100  -1.568 0.0000000000
46973  29.941  -91.687  -1.334 0.0000000000
46974  27.586  -95.499  0.119 0.0000000000
46975  28.048  -94.939  0.151 0.0000000000
46976  28.119  -95.496  -0.086 0.0000000000
46977  27.907  -96.248  -5.053 0.0000000000
46978  28.313  -95.620  -4.191 0.0000000000
46979  28.142  -95.590  -4.917 0.0000000000
46980  28.310  -94.908  -4.770 0.0000000000
46981  28.014  -95.527  -5.584 0.0000000000
46982  27.961  -95.362  -6.310 0.0000000000
46983  27.902  -96.032  -6.379 0.0000000000
51734  18.268  -99.431  10.372 0.0000000000
51735  18.100  -99.661  9.788 0.0000000000
51736  17.599  -99.655  10.562 0.0000000000
51738  13.571  -100.326  10.658 0.0000000000
52135  18.150  -99.131  11.459 0.0000000000
52136  19.021  -99.013  11.123 0.0000000000
52137  18.631  -99.195  10.709 0.0000000000
52138  19.100  -99.188  10.024 0.0000000000
53153  17.073  -100.360  5.300 0.0000000000
53154  17.878  -100.248  4.498 0.0000000000
53155  17.226  -100.596  4.413 0.0000000000
53897  23.587  -96.699  3.064 0.0000000000
53898  23.106  -97.108  3.318 0.0000000000
53899  22.304  -98.771  2.941 0.0000000000
53900  22.731  -98.345  2.656 0.0000000000
53901  22.574  -98.982  2.355 0.0000000000
53902  22.809  -99.100  1.729 0.0000000000
53903  22.338  -99.449  1.955 0.0000000000
56571  28.611  -90.632  0.667 0.0000000000
56572  29.111  -90.734  0.325 0.0000000000
56573  28.807  -91.310  0.458 0.0000000000
56574  26.479  -97.661  -1.899 0.0000000000
56575  27.229  -97.259  -1.766 0.0000000000
56576  26.632  -97.681  -2.689 0.0000000000
56577  26.072  -98.204  -5.236 0.0000000000
56578  26.709  -97.753  -4.465 0.0000000000
56579  26.730  -97.794  -5.240 0.0000000000
56580  27.285  -97.322  -5.195 0.0000000000
56581  26.782  -97.827  -5.929 0.0000000000
56582  26.834  -97.833  -6.543 0.0000000000
56583  26.240  -98.301  -6.572 0.0000000000
61335  16.111  -98.934  12.162 0.0000000000
63772  26.459  -95.393  0.558 0.0000000000
63773  25.853  -95.835  0.595 0.0000000000
63774  23.960  -97.048  1.943 0.0000000000
63776  24.202  -97.247  1.492 0.0000000000
63777  24.740  -97.976  0.152 0.0000000000
63778  24.778  -97.441  0.546 0.0000000000
63779  25.206  -97.546  0.026 0.0000000000
63780  25.675  -97.017  -0.039 0.0000000000
63781  25.592  -97.642  -0.390 0.0000000000
63782  25.954  -97.695  -0.784 0.0000000000
63783  25.344  -98.045  -0.869 0.0000000000
63785  24.165  -98.098  -2.235 0.0000000000
71794  30.204  -91.002  -2.818 0.0000000000
71798  29.940  -91.411  -3.901 0.0000000000
71802  28.645  -93.736  0.149 0.0000000000
71803  28.462  -93.078  0.414 0.0000000000
71804  28.890  -93.154  0.116 0.0000000000
71805  29.141  -92.595  -0.011 0.0000000000
71806  29.270  -93.275  -0.240 0.0000000000
71807  28.576  -96.128  -1.518 0.0000000000
71808  28.799  -95.515  -0.877 0.0000000000
71809  28.918  -95.565  -1.622 0.0000000000
71810  29.158  -94.473  -2.708 0.0000000000
71811  29.295  -94.453  -1.904 0.0000000000
71812  29.485  -93.976  -2.070 0.0000000000
71813  29.606  -93.401  -1.412 0.0000000000
71814  29.565  -93.475  -2.154 0.0000000000
71815  29.691  -92.914  -2.268 0.0000000000
71816  29.390  -93.463  -2.873 0.0000000000
71817  28.570  -93.610  -4.666 0.0000000000
71818  28.922  -93.255  -4.125 0.0000000000
71819  28.754  -93.042  -4.706 0.0000000000
71820  29.120  -92.381  -4.861 0.0000000000
71821  28.818  -92.883  -5.457 0.0000000000
71823  28.562  -93.354  -6.163 0.0000000000
71829  26.956  -97.565  -7.852 0.0000000000
71830  27.358  -96.954  -7.848 0.0000000000
86084  20.431  -99.212  7.304 0.0000000000
86085  20.177  -99.341  6.632 0.0000000000
86086  19.663  -99.332  7.409 0.0000000000
86087  17.784  -99.942  8.448 0.0000000000
86088  18.295  -99.647  7.605 0.0000000000
86089  17.591  -99.953  7.744 0.0000000000
86090  17.370  -99.957  6.932 0.0000000000
86091  16.944  -100.208  7.760 0.0000000000
86092  15.652  -99.744  11.306 0.0000000000
86093  16.184  -99.994  10.767 0.0000000000
86094  15.523  -100.122  10.790 0.0000000000
86095  14.560  -100.902  9.342 0.0000000000
86096  15.236  -100.762  9.448 0.0000000000
86097  15.061  -100.914  8.643 0.0000000000
86098  15.580  -100.755  7.832 0.0000000000
86099  14.911  -100.994  7.768 0.0000000000
86100  14.845  -101.109  6.811 0.0000000000
86101  14.304  -101.199  7.583 0.0000000000
87295  20.148  -99.022  8.514 0.0000000000
87296  20.922  -98.673  8.252 0.0000000000
87297  20.638  -98.943  7.765 0.0000000000
87298  21.029  -98.867  7.013 0.0000000000
87904  22.598  -97.320  6.345 0.0000000000
87905  22.199  -97.479  5.974 0.0000000000
87906  22.210  -97.765  6.646 0.0000000000
90338  19.748  -99.556  5.310 0.0000000000
90339  20.519  -99.563  4.556 0.0000000000
90340  19.905  -99.731  4.614 0.0000000000
90341  19.694  -100.240  3.198 0.0000000000
90342  20.292  -100.092  3.253 0.0000000000
90343  20.513  -100.109  2.527 0.0000000000
90344  21.295  -99.941  1.853 0.0000000000
90345  20.741  -100.013  1.748 0.0000000000
92242  22.501  -97.308  4.274 0.0000000000
92243  22.636  -97.527  3.565 0.0000000000
92244  22.240  -97.948  3.850 0.0000000000
92245  22.076  -98.544  3.575 0.0000000000
92246  21.803  -99.155  3.321 0.0000000000
93849  25.171  -98.169  -3.665 0.0000000000
93850  25.961  -98.011  -3.612 0.0000000000
93851  25.256  -98.309  -4.469 0.0000000000
93852  25.349  -98.534  -5.268 0.0000000000
93853  25.422  -98.637  -5.912 0.0000000000
98169  23.673  -98.258  1.451 0.0000000000
98170  24.098  -97.843  1.235 0.0000000000
98171  23.975  -98.285  0.851 0.0000000000
98172  24.254  -98.319  0.239 0.0000000000
98173  24.509  -98.351  -0.371 0.0000000000
98174  24.695  -98.252  -0.956 0.0000000000
98175  23.978  -98.393  -1.028 0.0000000000
102975  29.742  -89.591  -0.018 0.0000000000
102976  30.098  -89.057  -0.219 0.0000000000
102977  30.137  -89.790  -0.447 0.0000000000
102978  30.456  -89.950  -0.874 0.0000000000
102979  30.713  -90.066  -1.318 0.0000000000
102981  30.400  -90.581  -1.774 0.0000000000
102982  30.117  -91.096  -2.212 0.0000000000
102983  29.895  -91.607  -2.642 0.0000000000
102984  27.385  -94.342  0.573 0.0000000000
102985  27.724  -93.649  0.634 0.0000000000
102986  27.904  -94.341  0.385 0.0000000000
102987  28.355  -94.299  0.174 0.0000000000
102988  28.758  -94.342  -0.085 0.0000000000
102989  28.353  -96.207  -3.360 0.0000000000
102990  28.856  -95.612  -2.491 0.0000000000
102991  28.548  -95.615  -3.387 0.0000000000
102992  28.773  -95.037  -3.439 0.0000000000
102993  28.939  -94.437  -3.440 0.0000000000
102994  29.032  -93.873  -3.441 0.0000000000
102995  28.637  -94.364  -4.054 0.0000000000
102996  28.442  -94.230  -4.685 0.0000000000
102997  28.300  -94.122  -5.408 0.0000000000
102998  28.227  -94.030  -6.189 0.0000000000
102999  28.077  -94.700  -6.248 0.0000000000
103000  27.954  -95.192  -7.025 0.0000000000
103001  27.812  -95.661  -7.707 0.0000000000
111554  19.273  -99.296  8.834 0.0000000000
111555  19.119  -99.407  8.184 0.0000000000
111556  18.593  -99.571  9.010 0.0000000000
111557  17.940  -99.825  9.172 0.0000000000
111558  17.275  -100.085  9.296 0.0000000000
111559  14.404  -99.902  11.175 0.0000000000
111560  14.902  -100.255  10.751 0.0000000000
111561  14.264  -100.367  10.703 0.0000000000
111562  14.053  -100.692  10.009 0.0000000000
111563  13.868  -100.964  9.243 0.0000000000
111564  13.765  -101.166  8.366 0.0000000000
111565  13.259  -100.973  9.082 0.0000000000
112278  19.886  -98.745  10.785 0.0000000000
112279  20.303  -98.703  10.038 0.0000000000
112280  20.761  -98.619  9.401 0.0000000000
112281  19.966  -98.922  9.625 0.0000000000
112282  19.614  -99.119  9.247 0.0000000000
114107  18.419  -99.821  5.265 0.0000000000
114108  19.256  -99.893  4.569 0.0000000000
114109  18.570  -100.049  4.548 0.0000000000
114110  18.784  -100.257  3.827 0.0000000000
114111  19.103  -100.398  3.082 0.0000000000
115393  23.772  -96.872  2.434 0.0000000000
115394  23.586  -97.516  2.186 0.0000000000
115395  22.916  -97.728  2.942 0.0000000000
115396  23.166  -97.949  2.422 0.0000000000
115397  23.416  -98.137  1.932 0.0000000000
115398  23.259  -98.690  1.618 0.0000000000
115399  23.018  -99.133  1.071 0.0000000000
115400  22.699  -99.376  0.515 0.0000000000
119135  29.261  -89.408  0.336 0.0000000000
119136  29.404  -90.158  0.164 0.0000000000
119137  29.537  -90.834  -0.084 0.0000000000
119138  29.666  -91.465  -0.302 0.0000000000
119139  27.306  -96.670  -0.527 0.0000000000
119140  28.013  -96.046  -0.385 0.0000000000
119141  27.735  -96.718  -0.923 0.0000000000
119142  28.066  -96.767  -1.516 0.0000000000
119143  28.101  -96.800  -2.424 0.0000000000
119144  26.717  -97.728  -3.593 0.0000000000
119145  27.399  -97.308  -3.520 0.0000000000
119146  27.975  -96.807  -3.374 0.0000000000
119147  27.774  -96.794  -4.313 0.0000000000
119148  27.671  -96.785  -5.099 0.0000000000
119149  27.671  -96.693  -5.794 0.0000000000
119150  27.677  -96.594  -6.485 0.0000000000
119151  27.311  -97.223  -6.498 0.0000000000
119152  26.892  -97.717  -7.192 0.0000000000
119153  26.460  -98.113  -7.834 0.0000000000
125804  17.266  -99.178  11.806 0.0000000000
125805  17.066  -99.506  11.290 0.0000000000
125806  16.561  -99.258  11.816 0.0000000000
125807  15.880  -99.334  11.760 0.0000000000
125808  15.236  -99.410  11.618 0.0000000000
125811  14.584  -99.436  11.499 0.0000000000
126370  17.681  -98.986  12.194 0.0000000000
127790  15.961  -101.028  5.188 0.0000000000
127791  16.734  -100.885  4.454 0.0000000000
129162  26.974  -94.905  0.565 0.0000000000
129163  26.971  -95.478  0.306 0.0000000000
129164  26.969  -95.996  0.049 0.0000000000
129167  24.835  -96.257  1.056 0.0000000000
129168  24.472  -97.379  1.025 0.0000000000
129169  24.782  -96.800  0.824 0.0000000000
129170  25.252  -96.295  0.681 0.0000000000
129171  25.760  -96.355  0.310 0.0000000000
129172  26.317  -96.445  -0.034 0.0000000000
129173  26.827  -96.602  -0.269 0.0000000000
129174  26.577  -97.201  -0.713 0.0000000000
129175  26.270  -97.664  -1.231 0.0000000000
129176  25.744  -97.946  -2.043 0.0000000000
129177  24.841  -98.147  -1.564 0.0000000000
129178  24.966  -98.075  -2.198 0.0000000000
129179  25.091  -98.103  -2.894 0.0000000000
139277  28.032  -91.787  0.833 0.0000000000
139278  27.994  -93.030  0.673 0.0000000000
139279  28.248  -92.463  0.633 0.0000000000
139280  28.526  -91.899  0.528 0.0000000000
139281  29.031  -91.948  0.235 0.0000000000
139282  29.394  -92.020  -0.157 0.0000000000
139283  29.668  -92.113  -0.602 0.0000000000
139284  28.506  -95.483  -0.344 0.0000000000
139285  28.834  -94.943  -0.416 0.0000000000
139286  29.090  -94.365  -0.510 0.0000000000
139287  29.134  -94.992  -1.754 0.0000000000
139288  29.324  -94.375  -1.102 0.0000000000
139289  29.287  -93.840  -0.630 0.0000000000
139290  29.514  -93.325  -0.752 0.0000000000
139291  29.716  -92.751  -0.922 0.0000000000
139292  29.842  -92.229  -1.120 0.0000000000
139293  29.865  -92.307  -1.771 0.0000000000
139294  29.762  -92.274  -2.451 0.0000000000
139295  29.618  -92.181  -3.114 0.0000000000
139296  29.144  -93.399  -3.512 0.0000000000
139297  29.336  -92.799  -3.584 0.0000000000
139298  29.499  -92.062  -3.749 0.0000000000
139299  29.559  -91.890  -4.316 0.0000000000
139311  27.658  -96.498  -7.174 0.0000000000
139312  27.634  -96.310  -7.778 0.0000000000
156550  21.029  -98.928  5.966 0.0000000000
156551  20.852  -99.140  5.216 0.0000000000
156552  20.550  -99.274  5.892 0.0000000000
156553  19.907  -99.413  5.967 0.0000000000
156554  19.223  -99.480  6.036 0.0000000000
156555  18.964  -99.478  7.514 0.0000000000
156556  18.764  -99.481  6.788 0.0000000000
156557  18.505  -99.552  6.021 0.0000000000
156558  17.840  -99.799  6.072 0.0000000000
156559  17.207  -100.090  6.157 0.0000000000
156560  16.568  -100.422  6.149 0.0000000000
156561  16.902  -99.838  10.724 0.0000000000
156562  16.755  -100.112  10.103 0.0000000000
156563  16.580  -100.313  9.381 0.0000000000
156564  15.406  -100.473  10.183 0.0000000000
156565  15.904  -100.557  9.457 0.0000000000
156566  16.433  -100.422  8.609 0.0000000000
156567  16.261  -100.492  7.836 0.0000000000
156568  16.080  -100.514  6.992 0.0000000000
156569  15.946  -100.761  6.075 0.0000000000
156570  15.367  -101.016  6.017 0.0000000000
156571  14.853  -101.263  5.853 0.0000000000
156573  13.753  -101.307  7.403 0.0000000000
158002  22.237  -97.864  7.753 0.0000000000
158003  21.191  -98.481  8.727 0.0000000000
158004  21.615  -98.318  7.941 0.0000000000
158005  21.941  -98.071  7.248 0.0000000000
158006  21.655  -98.310  6.761 0.0000000000
158007  21.312  -98.604  6.393 0.0000000000
158008  21.566  -98.336  5.797 0.0000000000
158736  22.707  -96.893  4.794 0.0000000000
158737  22.305  -97.332  5.124 0.0000000000
158738  21.937  -97.826  5.473 0.0000000000
161656  21.039  -99.260  4.552 0.0000000000
161657  21.207  -99.406  3.920 0.0000000000
161658  21.384  -99.565  3.297 0.0000000000
161659  20.086  -99.976  3.940 0.0000000000
161660  20.885  -99.879  3.254 0.0000000000
161661  21.646  -99.719  2.570 0.0000000000
161662  21.876  -99.751  1.877 0.0000000000
161663  22.066  -99.693  1.148 0.0000000000
161664  22.224  -99.530  0.293 0.0000000000
161665  17.552  -100.697  3.689 0.0000000000
161666  18.453  -100.538  2.975 0.0000000000
