#!ascii label  , from subject fsaverage vox2ras=TkReg
1228
83  25.394  -61.603  0.720 0.0000000000
133  23.440  -62.208  13.888 0.0000000000
290  17.104  -55.322  13.655 0.0000000000
558  26.541  -65.330  6.886 0.0000000000
559  22.479  -54.873  7.187 0.0000000000
968  20.888  -66.258  1.831 0.0000000000
1227  20.445  -65.734  13.029 0.0000000000
1231  23.402  -63.571  8.796 0.0000000000
1233  19.793  -56.296  9.164 0.0000000000
1234  14.235  -53.638  8.371 0.0000000000
1235  16.068  -51.598  6.604 0.0000000000
1518  22.029  -56.928  -0.755 0.0000000000
1673  20.897  -56.484  19.095 0.0000000000
1674  21.270  -57.923  14.436 0.0000000000
1675  15.542  -54.806  17.712 0.0000000000
2311  24.333  -69.307  4.223 0.0000000000
2312  28.075  -64.337  3.294 0.0000000000
2313  23.129  -59.860  9.147 0.0000000000
2314  27.058  -59.870  6.868 0.0000000000
2888  23.472  -64.141  1.116 0.0000000000
2889  18.862  -64.063  1.394 0.0000000000
2890  21.584  -61.956  0.627 0.0000000000
3145  24.179  -61.761  16.495 0.0000000000
3146  23.758  -64.787  15.640 0.0000000000
3147  22.740  -64.662  13.154 0.0000000000
3148  19.844  -65.392  10.765 0.0000000000
3149  22.117  -64.722  10.730 0.0000000000
3150  22.339  -64.951  8.574 0.0000000000
3151  22.988  -62.975  11.256 0.0000000000
3153  13.146  -53.813  9.887 0.0000000000
3154  10.475  -52.307  8.161 0.0000000000
3155  11.409  -51.808  7.155 0.0000000000
3750  18.247  -55.249  18.830 0.0000000000
3751  14.757  -55.397  19.301 0.0000000000
5132  25.143  -67.370  7.103 0.0000000000
5134  26.296  -67.649  5.641 0.0000000000
5135  26.360  -67.054  3.779 0.0000000000
5136  27.676  -65.245  5.381 0.0000000000
5137  19.245  -56.427  14.214 0.0000000000
5138  21.707  -59.210  11.696 0.0000000000
5139  20.182  -57.576  11.539 0.0000000000
5140  21.301  -55.671  7.953 0.0000000000
5141  23.567  -57.736  7.714 0.0000000000
5142  25.347  -57.174  7.090 0.0000000000
5143  28.372  -59.388  5.407 0.0000000000
5994  11.099  -56.707  18.259 0.0000000000
6350  18.102  -68.002  2.779 0.0000000000
6352  15.567  -65.633  2.557 0.0000000000
6824  23.514  -66.152  7.734 0.0000000000
6825  24.680  -64.531  7.678 0.0000000000
6827  17.978  -56.406  11.298 0.0000000000
6828  15.716  -55.081  10.856 0.0000000000
6829  17.057  -54.831  9.080 0.0000000000
6830  18.333  -54.003  7.966 0.0000000000
6831  19.331  -53.034  7.067 0.0000000000
6832  15.232  -52.595  7.476 0.0000000000
6833  12.317  -51.059  6.340 0.0000000000
7380  23.581  -59.461  0.061 0.0000000000
7745  23.191  -59.053  16.644 0.0000000000
7746  22.803  -59.839  14.372 0.0000000000
7747  21.147  -56.994  16.870 0.0000000000
7748  18.776  -55.540  16.613 0.0000000000
7749  16.347  -54.673  15.775 0.0000000000
7750  12.039  -55.755  17.186 0.0000000000
7751  12.669  -54.887  15.971 0.0000000000
8536  20.155  -59.564  0.393 0.0000000000
9492  23.181  -67.989  2.734 0.0000000000
9493  25.482  -65.716  2.123 0.0000000000
9494  27.227  -62.999  1.628 0.0000000000
9495  22.702  -60.939  11.687 0.0000000000
9496  23.628  -61.766  9.133 0.0000000000
9497  25.286  -62.427  7.651 0.0000000000
9498  21.940  -57.952  8.949 0.0000000000
9499  24.985  -60.114  7.653 0.0000000000
9500  27.311  -62.695  6.865 0.0000000000
9501  28.790  -62.204  5.252 0.0000000000
9502  29.028  -61.334  3.186 0.0000000000
9503  27.799  -60.099  1.557 0.0000000000
10568  24.518  -62.894  0.869 0.0000000000
10569  22.538  -63.042  0.838 0.0000000000
10570  23.612  -61.862  0.560 0.0000000000
10825  23.810  -61.955  15.211 0.0000000000
10826  23.799  -63.333  14.876 0.0000000000
10827  23.318  -63.503  13.530 0.0000000000
10828  22.282  -64.697  11.960 0.0000000000
10829  22.933  -63.637  12.249 0.0000000000
10830  22.699  -63.911  10.995 0.0000000000
10831  23.127  -62.610  12.584 0.0000000000
10833  9.890  -52.619  8.739 0.0000000000
11430  16.032  -55.406  20.084 0.0000000000
11431  14.084  -55.841  19.939 0.0000000000
12812  25.957  -66.399  6.954 0.0000000000
12813  25.809  -67.686  6.444 0.0000000000
12814  26.589  -66.540  6.297 0.0000000000
12815  27.030  -66.477  5.575 0.0000000000
12816  27.243  -65.423  6.221 0.0000000000
12817  18.168  -55.890  13.986 0.0000000000
12818  19.553  -57.029  12.889 0.0000000000
12819  18.505  -56.447  12.697 0.0000000000
12820  21.863  -55.287  7.567 0.0000000000
12821  23.307  -56.394  7.534 0.0000000000
12822  24.022  -55.972  7.214 0.0000000000
12823  26.093  -56.886  6.599 0.0000000000
14423  19.442  -67.181  2.273 0.0000000000
14424  16.783  -66.757  2.598 0.0000000000
14425  18.305  -65.983  2.066 0.0000000000
14426  18.010  -62.952  1.299 0.0000000000
14427  16.310  -63.863  1.762 0.0000000000
15198  22.363  -65.747  14.006 0.0000000000
15199  22.908  -66.098  15.079 0.0000000000
15200  21.128  -66.414  13.858 0.0000000000
15202  19.125  -65.720  13.444 0.0000000000
15204  18.750  -65.312  12.402 0.0000000000
15205  20.002  -65.333  9.474 0.0000000000
15206  18.777  -65.267  9.637 0.0000000000
15212  23.032  -64.332  8.660 0.0000000000
15213  22.781  -65.384  7.828 0.0000000000
15214  23.472  -64.782  7.956 0.0000000000
15215  24.185  -65.396  7.706 0.0000000000
15216  23.905  -64.043  8.017 0.0000000000
15220  13.617  -53.853  9.051 0.0000000000
15221  14.941  -54.477  9.558 0.0000000000
15222  15.619  -54.199  8.814 0.0000000000
15223  17.745  -54.445  8.481 0.0000000000
15224  16.240  -53.786  8.235 0.0000000000
15225  16.702  -53.331  7.788 0.0000000000
15226  14.747  -53.138  7.900 0.0000000000
15228  11.851  -51.445  6.720 0.0000000000
17008  23.255  -58.705  17.975 0.0000000000
17009  22.280  -57.586  17.973 0.0000000000
17010  22.267  -57.929  16.798 0.0000000000
17011  21.068  -56.683  18.032 0.0000000000
17012  16.921  -54.957  18.332 0.0000000000
17013  18.539  -55.280  17.753 0.0000000000
17014  17.317  -54.887  17.320 0.0000000000
17015  17.638  -55.005  16.239 0.0000000000
17016  15.940  -54.660  16.813 0.0000000000
17017  9.832  -57.107  16.865 0.0000000000
17018  11.636  -56.230  17.737 0.0000000000
17019  10.344  -56.603  16.437 0.0000000000
17023  13.030  -54.474  15.298 0.0000000000
18811  22.734  -58.250  -0.284 0.0000000000
18812  21.907  -59.576  0.136 0.0000000000
18813  21.200  -58.238  -0.081 0.0000000000
21160  24.437  -69.607  5.192 0.0000000000
21164  22.576  -69.712  3.788 0.0000000000
21165  21.860  -68.965  3.135 0.0000000000
21166  23.896  -68.707  3.440 0.0000000000
21167  27.275  -65.746  3.509 0.0000000000
21168  26.088  -66.447  2.849 0.0000000000
21169  27.022  -65.085  2.613 0.0000000000
21170  26.451  -64.386  1.844 0.0000000000
21171  27.830  -63.680  2.305 0.0000000000
21172  22.107  -58.836  14.411 0.0000000000
21173  22.667  -60.449  13.022 0.0000000000
21174  22.122  -59.497  13.078 0.0000000000
21175  22.349  -59.572  10.394 0.0000000000
21176  22.780  -60.532  10.367 0.0000000000
21177  23.502  -60.853  9.112 0.0000000000
21178  24.305  -62.070  8.194 0.0000000000
21179  24.257  -61.089  8.165 0.0000000000
21180  18.804  -56.489  10.111 0.0000000000
21181  19.901  -57.169  10.136 0.0000000000
21182  20.942  -57.015  9.058 0.0000000000
21183  25.477  -58.752  7.343 0.0000000000
21184  24.419  -58.879  7.635 0.0000000000
21185  26.082  -59.992  7.293 0.0000000000
21186  26.325  -61.340  7.312 0.0000000000
21187  27.341  -61.248  6.870 0.0000000000
21188  28.154  -62.543  6.193 0.0000000000
21189  28.197  -61.076  6.228 0.0000000000
21191  28.943  -60.456  4.294 0.0000000000
21192  28.816  -59.984  3.272 0.0000000000
21193  28.500  -60.636  2.273 0.0000000000
21202  17.770  -52.246  6.914 0.0000000000
23630  22.233  -65.304  1.420 0.0000000000
23631  19.823  -65.090  1.548 0.0000000000
23632  21.340  -64.183  1.187 0.0000000000
23633  20.319  -63.055  0.987 0.0000000000
23634  19.480  -61.911  0.911 0.0000000000
24095  24.154  -63.236  16.166 0.0000000000
24096  23.324  -64.643  14.404 0.0000000000
24097  21.777  -65.369  12.908 0.0000000000
24098  19.961  -65.425  12.009 0.0000000000
24099  21.244  -65.272  11.879 0.0000000000
24100  21.060  -65.231  10.678 0.0000000000
24101  21.241  -65.262  9.438 0.0000000000
24102  21.451  -65.272  8.418 0.0000000000
24103  22.117  -64.764  9.580 0.0000000000
24104  22.740  -64.111  9.807 0.0000000000
24105  23.093  -63.259  9.930 0.0000000000
24107  12.626  -53.689  10.710 0.0000000000
24108  11.305  -53.209  9.787 0.0000000000
24109  11.838  -53.114  9.098 0.0000000000
24110  12.323  -52.990  8.387 0.0000000000
24111  12.885  -52.786  7.867 0.0000000000
24112  11.017  -52.102  7.658 0.0000000000
25181  19.199  -55.871  19.955 0.0000000000
25182  19.558  -55.809  19.057 0.0000000000
25183  17.835  -55.367  19.750 0.0000000000
25184  16.517  -55.111  19.235 0.0000000000
25185  15.204  -55.051  18.488 0.0000000000
27672  24.867  -68.698  6.691 0.0000000000
27673  25.315  -68.795  5.796 0.0000000000
27674  25.507  -68.589  4.889 0.0000000000
27675  25.390  -68.215  3.933 0.0000000000
27676  26.401  -67.440  4.727 0.0000000000
27677  27.265  -66.228  4.606 0.0000000000
27678  27.997  -64.845  4.324 0.0000000000
27679  20.248  -57.120  14.361 0.0000000000
27680  21.412  -58.603  13.078 0.0000000000
27681  20.544  -57.776  12.994 0.0000000000
27682  21.023  -58.370  11.620 0.0000000000
27683  21.779  -58.700  10.288 0.0000000000
27684  20.629  -56.049  8.396 0.0000000000
27685  21.819  -56.935  8.235 0.0000000000
27686  22.579  -56.699  7.813 0.0000000000
27687  24.545  -57.540  7.436 0.0000000000
27688  26.348  -58.519  6.948 0.0000000000
27689  27.804  -59.672  6.260 0.0000000000
27690  27.141  -58.304  6.315 0.0000000000
30181  17.252  -64.876  1.915 0.0000000000
31272  18.590  -65.259  11.057 0.0000000000
31285  24.299  -66.782  7.565 0.0000000000
31286  25.125  -65.918  7.436 0.0000000000
31287  25.658  -64.989  7.375 0.0000000000
31288  15.958  -54.813  13.277 0.0000000000
31289  17.502  -55.862  12.455 0.0000000000
31290  16.420  -55.358  12.229 0.0000000000
31291  16.893  -55.787  11.140 0.0000000000
31292  17.619  -55.832  10.148 0.0000000000
31293  14.435  -54.438  10.452 0.0000000000
31294  16.306  -55.118  9.939 0.0000000000
31295  18.528  -55.592  9.239 0.0000000000
31296  19.241  -55.224  8.543 0.0000000000
31297  19.884  -54.773  8.004 0.0000000000
31298  20.459  -54.337  7.523 0.0000000000
31299  20.939  -53.878  7.153 0.0000000000
31300  18.907  -53.535  7.537 0.0000000000
31301  17.257  -52.770  7.354 0.0000000000
31302  15.694  -52.090  7.045 0.0000000000
31303  13.306  -52.402  7.391 0.0000000000
31304  13.738  -51.911  6.985 0.0000000000
31305  14.105  -51.419  6.524 0.0000000000
32645  25.897  -60.321  0.608 0.0000000000
32646  24.475  -60.506  0.385 0.0000000000
32647  25.001  -59.280  0.255 0.0000000000
32648  24.099  -58.152  -0.218 0.0000000000
32649  23.291  -56.950  -0.721 0.0000000000
33639  23.929  -60.033  17.892 0.0000000000
33640  23.805  -60.324  16.614 0.0000000000
33641  23.543  -60.653  15.320 0.0000000000
33642  23.301  -61.015  14.147 0.0000000000
33643  23.059  -59.384  15.565 0.0000000000
33644  22.233  -58.358  15.610 0.0000000000
33645  21.221  -57.384  15.731 0.0000000000
33646  19.799  -55.945  18.018 0.0000000000
33647  19.915  -56.218  16.816 0.0000000000
33648  20.039  -56.615  15.619 0.0000000000
33649  19.017  -55.911  15.435 0.0000000000
33650  17.932  -55.354  15.118 0.0000000000
33651  16.744  -54.874  14.720 0.0000000000
33652  12.871  -55.980  18.897 0.0000000000
33653  13.387  -55.543  18.290 0.0000000000
33654  13.758  -55.171  17.653 0.0000000000
33655  10.724  -56.031  15.940 0.0000000000
33656  12.345  -55.331  16.614 0.0000000000
33657  14.080  -54.780  16.914 0.0000000000
33658  14.551  -54.548  16.105 0.0000000000
33659  15.005  -54.420  15.227 0.0000000000
33660  15.555  -54.512  14.250 0.0000000000
35872  22.771  -60.746  0.283 0.0000000000
35873  20.813  -60.771  0.506 0.0000000000
35874  18.814  -60.763  0.829 0.0000000000
38712  19.469  -69.009  3.015 0.0000000000
38713  20.791  -68.132  2.626 0.0000000000
38714  22.142  -67.117  2.207 0.0000000000
38715  25.017  -67.686  3.104 0.0000000000
38716  24.297  -66.954  2.452 0.0000000000
38717  23.368  -66.103  1.846 0.0000000000
38718  24.595  -64.926  1.529 0.0000000000
38719  25.595  -63.656  1.264 0.0000000000
38720  26.391  -62.270  1.092 0.0000000000
38721  23.066  -61.517  12.871 0.0000000000
38722  22.979  -61.928  11.465 0.0000000000
38723  23.223  -62.315  10.130 0.0000000000
38724  22.265  -60.101  11.715 0.0000000000
38725  23.098  -61.334  10.385 0.0000000000
38726  23.625  -62.709  8.933 0.0000000000
38727  24.226  -63.110  8.131 0.0000000000
38728  25.073  -63.529  7.663 0.0000000000
38729  26.063  -63.867  7.331 0.0000000000
38730  19.082  -56.986  11.419 0.0000000000
38731  20.992  -57.890  10.184 0.0000000000
38732  22.658  -58.894  8.998 0.0000000000
38733  22.758  -57.907  8.111 0.0000000000
38734  23.511  -58.989  8.111 0.0000000000
38735  24.026  -60.060  8.169 0.0000000000
38736  25.201  -61.259  7.636 0.0000000000
38737  26.355  -62.683  7.291 0.0000000000
38738  27.025  -64.121  6.863 0.0000000000
38739  27.794  -64.058  6.157 0.0000000000
38740  28.349  -63.752  5.259 0.0000000000
38741  28.706  -63.286  4.215 0.0000000000
38742  28.767  -60.821  5.324 0.0000000000
38743  29.087  -61.839  4.220 0.0000000000
38744  28.779  -62.719  3.129 0.0000000000
38745  28.452  -62.127  2.276 0.0000000000
38746  27.741  -61.484  1.563 0.0000000000
38747  26.887  -60.870  1.025 0.0000000000
41288  24.955  -62.232  0.789 0.0000000000
41289  24.050  -62.406  0.687 0.0000000000
41290  24.516  -61.748  0.595 0.0000000000
41545  23.643  -62.104  14.573 0.0000000000
41546  23.650  -62.755  14.419 0.0000000000
41547  23.417  -62.840  13.761 0.0000000000
41548  23.095  -63.559  12.891 0.0000000000
41549  23.234  -62.938  13.088 0.0000000000
41550  23.080  -63.135  12.425 0.0000000000
41551  23.295  -62.414  13.237 0.0000000000
43532  26.252  -65.871  6.908 0.0000000000
43533  26.296  -66.531  6.634 0.0000000000
43534  26.616  -65.976  6.576 0.0000000000
43535  26.934  -65.990  6.249 0.0000000000
43536  26.940  -65.453  6.551 0.0000000000
43537  17.595  -55.607  13.820 0.0000000000
43538  18.319  -56.165  13.375 0.0000000000
43539  17.800  -55.880  13.210 0.0000000000
43540  22.177  -55.089  7.382 0.0000000000
43541  22.928  -55.592  7.409 0.0000000000
43542  23.263  -55.396  7.224 0.0000000000
43543  24.373  -55.762  7.034 0.0000000000
45143  20.136  -66.732  2.059 0.0000000000
45144  18.879  -66.574  2.140 0.0000000000
45145  19.610  -66.141  1.906 0.0000000000
45146  17.649  -62.393  1.320 0.0000000000
45918  21.432  -65.875  13.395 0.0000000000
45919  21.795  -66.133  13.911 0.0000000000
45920  20.815  -66.067  13.472 0.0000000000
45921  20.119  -66.149  13.619 0.0000000000
45922  19.856  -65.776  13.260 0.0000000000
45923  18.973  -65.422  12.974 0.0000000000
45924  19.570  -65.519  12.743 0.0000000000
45925  20.238  -65.336  8.872 0.0000000000
45926  19.595  -65.239  8.901 0.0000000000
45932  23.212  -63.956  8.730 0.0000000000
45933  23.215  -64.498  8.232 0.0000000000
45934  23.430  -64.157  8.291 0.0000000000
45935  23.700  -64.423  7.993 0.0000000000
45936  23.634  -63.795  8.351 0.0000000000
45940  13.944  -53.757  8.686 0.0000000000
45941  14.589  -54.067  8.960 0.0000000000
45942  14.921  -53.910  8.639 0.0000000000
45943  15.939  -53.985  8.517 0.0000000000
45944  15.210  -53.698  8.367 0.0000000000
45945  15.454  -53.483  8.107 0.0000000000
45946  14.517  -53.402  8.152 0.0000000000
47727  21.553  -56.937  19.143 0.0000000000
47728  22.263  -57.488  18.598 0.0000000000
47729  21.646  -57.002  18.554 0.0000000000
47730  21.700  -57.117  18.012 0.0000000000
47731  20.990  -56.531  18.599 0.0000000000
47732  16.226  -54.853  18.028 0.0000000000
47733  17.105  -54.905  17.849 0.0000000000
47734  16.413  -54.775  17.590 0.0000000000
47735  16.626  -54.755  17.089 0.0000000000
47736  15.707  -54.695  17.302 0.0000000000
47738  10.086  -56.852  16.649 0.0000000000
49531  22.341  -57.582  -0.498 0.0000000000
49532  21.996  -58.267  -0.203 0.0000000000
49533  21.631  -57.595  -0.406 0.0000000000
51880  24.457  -69.485  4.702 0.0000000000
51881  23.815  -69.951  4.882 0.0000000000
51882  23.732  -69.783  4.409 0.0000000000
51883  22.859  -70.008  4.177 0.0000000000
51884  23.497  -69.543  3.981 0.0000000000
51885  23.240  -69.222  3.608 0.0000000000
51886  24.127  -69.035  3.828 0.0000000000
51887  27.674  -65.051  3.408 0.0000000000
51888  27.198  -65.422  3.013 0.0000000000
51889  27.623  -64.690  2.880 0.0000000000
51890  27.448  -64.397  2.464 0.0000000000
51891  28.021  -63.993  2.746 0.0000000000
51892  21.738  -58.326  14.475 0.0000000000
51893  22.088  -59.140  13.770 0.0000000000
51894  21.747  -58.674  13.791 0.0000000000
51895  22.722  -59.711  9.747 0.0000000000
51896  22.947  -60.208  9.735 0.0000000000
51897  23.325  -60.345  9.117 0.0000000000
51898  23.877  -60.981  8.550 0.0000000000
51899  23.761  -60.486  8.577 0.0000000000
51900  19.302  -56.392  9.624 0.0000000000
51901  19.895  -56.708  9.579 0.0000000000
51902  20.440  -56.659  9.062 0.0000000000
51903  26.324  -59.314  7.124 0.0000000000
51904  25.863  -59.423  7.340 0.0000000000
51905  26.610  -59.976  7.111 0.0000000000
51906  26.799  -60.656  7.107 0.0000000000
51907  27.310  -60.593  6.876 0.0000000000
51908  27.791  -61.158  6.589 0.0000000000
51909  27.706  -60.482  6.617 0.0000000000
51911  28.812  -59.574  3.845 0.0000000000
51922  16.973  -51.912  6.790 0.0000000000
54743  22.929  -64.727  1.262 0.0000000000
54744  21.819  -64.719  1.283 0.0000000000
54745  22.431  -64.184  1.112 0.0000000000
54746  22.050  -62.509  0.721 0.0000000000
54747  21.460  -63.065  0.893 0.0000000000
54748  20.980  -62.513  0.797 0.0000000000
54749  19.888  -62.483  0.916 0.0000000000
54750  20.546  -61.938  0.749 0.0000000000
55515  24.280  -61.575  17.157 0.0000000000
55516  24.319  -62.342  17.039 0.0000000000
55517  24.219  -62.466  16.378 0.0000000000
55518  23.370  -64.058  14.016 0.0000000000
55519  23.622  -64.002  14.676 0.0000000000
55520  23.049  -64.616  13.793 0.0000000000
55521  22.624  -65.128  13.579 0.0000000000
55522  22.342  -65.048  13.015 0.0000000000
55523  21.453  -65.315  12.403 0.0000000000
55524  22.050  -65.051  12.511 0.0000000000
55525  22.116  -64.708  11.361 0.0000000000
55526  21.623  -65.025  11.328 0.0000000000
55527  21.595  -65.040  10.677 0.0000000000
55528  21.108  -65.255  10.032 0.0000000000
55529  21.663  -65.037  10.073 0.0000000000
55530  21.702  -65.069  9.520 0.0000000000
55531  22.097  -64.738  10.165 0.0000000000
55532  22.876  -63.463  11.125 0.0000000000
55533  22.656  -64.047  10.371 0.0000000000
55534  22.856  -63.592  10.488 0.0000000000
55535  22.917  -63.677  9.905 0.0000000000
55536  23.013  -63.129  10.557 0.0000000000
55538  10.940  -53.269  10.072 0.0000000000
55539  10.284  -53.068  9.515 0.0000000000
55540  10.209  -52.478  8.438 0.0000000000
55541  10.865  -52.836  8.953 0.0000000000
55542  11.149  -52.712  8.627 0.0000000000
55543  12.061  -53.013  8.749 0.0000000000
55544  11.382  -52.585  8.332 0.0000000000
55545  11.641  -52.525  8.045 0.0000000000
55546  10.754  -52.196  7.930 0.0000000000
57330  18.512  -55.598  19.867 0.0000000000
57331  17.614  -55.490  20.177 0.0000000000
57332  15.390  -55.367  19.716 0.0000000000
57333  16.266  -55.219  19.679 0.0000000000
57334  15.642  -55.199  19.308 0.0000000000
57335  15.860  -55.049  18.886 0.0000000000
57336  14.982  -55.225  18.892 0.0000000000
61477  24.691  -67.841  7.213 0.0000000000
61479  25.050  -68.053  6.933 0.0000000000
61480  26.060  -67.704  6.048 0.0000000000
61481  25.610  -68.294  6.123 0.0000000000
61482  25.817  -68.282  5.679 0.0000000000
61483  25.452  -68.714  5.369 0.0000000000
61484  25.939  -68.141  5.265 0.0000000000
61485  26.008  -68.000  4.812 0.0000000000
61486  26.364  -67.562  5.191 0.0000000000
61487  27.369  -65.869  5.502 0.0000000000
61488  27.169  -66.369  5.125 0.0000000000
61489  27.513  -65.758  5.013 0.0000000000
61490  27.622  -65.620  4.512 0.0000000000
61491  27.869  -65.079  4.887 0.0000000000
61492  19.728  -56.729  14.290 0.0000000000
61493  20.379  -57.444  13.682 0.0000000000
61494  19.875  -57.052  13.626 0.0000000000
61495  19.834  -57.322  12.212 0.0000000000
61496  20.285  -57.679  12.301 0.0000000000
61497  20.610  -57.962  11.592 0.0000000000
61498  21.380  -58.608  10.903 0.0000000000
61499  20.974  -58.186  10.882 0.0000000000
61500  20.936  -55.885  8.131 0.0000000000
61501  21.612  -56.339  8.058 0.0000000000
61502  21.955  -56.172  7.881 0.0000000000
61503  24.326  -56.763  7.397 0.0000000000
61504  23.930  -56.943  7.508 0.0000000000
61505  24.952  -57.381  7.315 0.0000000000
61506  25.517  -58.021  7.203 0.0000000000
61507  25.881  -57.842  7.004 0.0000000000
61508  26.764  -58.433  6.632 0.0000000000
61509  26.277  -57.717  6.729 0.0000000000
61511  26.928  -57.448  6.107 0.0000000000
66311  16.115  -66.174  2.560 0.0000000000
66312  15.458  -66.528  2.884 0.0000000000
66316  19.372  -64.561  1.502 0.0000000000
66317  18.600  -64.969  1.729 0.0000000000
66318  18.089  -64.466  1.640 0.0000000000
68633  24.164  -63.951  16.582 0.0000000000
68655  19.819  -65.406  11.404 0.0000000000
68656  19.181  -65.362  11.550 0.0000000000
68657  19.184  -65.366  10.903 0.0000000000
68677  21.923  -65.141  8.485 0.0000000000
68679  22.082  -65.237  8.061 0.0000000000
68680  23.124  -65.729  7.708 0.0000000000
68686  23.880  -66.481  7.677 0.0000000000
68687  24.453  -64.993  7.708 0.0000000000
68688  24.635  -65.675  7.597 0.0000000000
68689  24.910  -65.219  7.566 0.0000000000
68690  25.393  -65.479  7.418 0.0000000000
68691  25.173  -64.759  7.530 0.0000000000
68693  16.166  -55.059  12.753 0.0000000000
68695  15.462  -54.939  11.363 0.0000000000
68696  16.053  -55.284  11.534 0.0000000000
68697  16.333  -55.446  11.018 0.0000000000
68698  17.224  -55.919  10.644 0.0000000000
68699  16.642  -55.541  10.546 0.0000000000
68700  12.933  -53.764  10.334 0.0000000000
68701  13.601  -54.016  10.678 0.0000000000
68702  13.800  -54.116  10.202 0.0000000000
68703  15.991  -54.680  9.305 0.0000000000
68704  15.637  -54.797  9.746 0.0000000000
68705  16.705  -55.032  9.468 0.0000000000
68706  17.405  -55.376  9.599 0.0000000000
68707  17.792  -55.226  9.189 0.0000000000
68708  18.881  -55.414  8.857 0.0000000000
68709  18.149  -55.030  8.835 0.0000000000
68710  18.041  -54.207  8.218 0.0000000000
68711  18.842  -54.599  8.259 0.0000000000
68712  19.134  -54.357  8.002 0.0000000000
68713  20.172  -54.545  7.755 0.0000000000
68714  19.449  -54.125  7.768 0.0000000000
68715  19.723  -53.930  7.551 0.0000000000
68716  18.629  -53.768  7.763 0.0000000000
68717  15.989  -52.961  7.637 0.0000000000
68718  16.994  -53.052  7.573 0.0000000000
68719  16.255  -52.691  7.422 0.0000000000
68720  16.474  -52.423  7.212 0.0000000000
68721  15.470  -52.321  7.279 0.0000000000
68722  12.110  -52.290  7.544 0.0000000000
68723  13.088  -52.594  7.623 0.0000000000
68724  12.335  -52.141  7.299 0.0000000000
68725  12.089  -51.242  6.508 0.0000000000
68726  12.791  -51.713  6.859 0.0000000000
68727  13.029  -51.501  6.663 0.0000000000
68728  13.940  -51.658  6.762 0.0000000000
68729  13.196  -51.278  6.419 0.0000000000
68730  13.369  -51.047  6.211 0.0000000000
71708  26.052  -59.642  0.574 0.0000000000
71709  25.430  -59.782  0.423 0.0000000000
71714  23.642  -57.555  -0.460 0.0000000000
74065  23.241  -58.836  17.326 0.0000000000
74066  23.593  -59.487  17.321 0.0000000000
74067  23.521  -59.663  16.651 0.0000000000
74068  23.704  -60.469  16.006 0.0000000000
74069  23.407  -59.868  15.961 0.0000000000
74070  23.307  -60.048  15.393 0.0000000000
74071  23.100  -59.212  16.097 0.0000000000
74072  21.729  -57.457  16.838 0.0000000000
74073  22.235  -58.140  16.209 0.0000000000
74074  21.739  -57.645  16.252 0.0000000000
74075  21.781  -57.881  15.622 0.0000000000
74076  21.184  -57.198  16.281 0.0000000000
74077  18.867  -55.494  18.964 0.0000000000
74078  19.677  -55.865  18.540 0.0000000000
74079  19.039  -55.542  18.453 0.0000000000
74080  18.649  -55.404  17.186 0.0000000000
74081  19.243  -55.724  17.320 0.0000000000
74082  19.342  -55.876  16.732 0.0000000000
74083  20.011  -56.402  16.202 0.0000000000
74084  19.439  -56.041  16.136 0.0000000000
74085  19.498  -56.242  15.532 0.0000000000
74086  18.898  -55.711  16.019 0.0000000000
74087  17.010  -54.830  16.027 0.0000000000
74088  17.790  -55.173  15.687 0.0000000000
74089  17.180  -54.952  15.466 0.0000000000
74090  17.358  -55.091  14.913 0.0000000000
74091  16.553  -54.760  15.247 0.0000000000
74092  11.680  -56.586  18.848 0.0000000000
74093  12.564  -56.245  19.194 0.0000000000
74094  11.988  -56.350  18.598 0.0000000000
74095  11.866  -55.993  17.475 0.0000000000
74096  12.534  -55.837  18.078 0.0000000000
74097  12.722  -55.640  17.758 0.0000000000
74098  13.579  -55.360  17.966 0.0000000000
74099  12.878  -55.423  17.456 0.0000000000
74103  11.828  -55.123  15.722 0.0000000000
74104  11.683  -55.401  16.016 0.0000000000
74105  12.515  -55.111  16.298 0.0000000000
74106  13.216  -55.048  16.814 0.0000000000
74107  13.388  -54.858  16.455 0.0000000000
74108  14.324  -54.668  16.524 0.0000000000
74109  13.608  -54.681  16.093 0.0000000000
74111  14.071  -54.370  15.337 0.0000000000
74112  14.298  -54.294  14.919 0.0000000000
74113  15.233  -54.425  14.771 0.0000000000
79471  24.059  -59.999  0.235 0.0000000000
79472  23.611  -60.639  0.306 0.0000000000
79473  23.215  -60.102  0.183 0.0000000000
79474  21.055  -59.562  0.268 0.0000000000
79475  21.407  -60.197  0.324 0.0000000000
79476  20.452  -60.190  0.453 0.0000000000
79477  19.828  -60.804  0.657 0.0000000000
79478  19.502  -60.204  0.587 0.0000000000
86537  22.517  -68.463  2.929 0.0000000000
86538  21.357  -68.545  2.861 0.0000000000
86539  22.064  -68.073  2.652 0.0000000000
86540  21.495  -67.660  2.387 0.0000000000
86541  22.723  -67.557  2.465 0.0000000000
86542  25.864  -67.660  3.874 0.0000000000
86543  25.208  -67.986  3.508 0.0000000000
86544  25.720  -67.418  3.423 0.0000000000
86545  25.809  -66.098  2.474 0.0000000000
86546  25.265  -66.751  2.625 0.0000000000
86547  24.908  -66.361  2.279 0.0000000000
86548  23.875  -66.478  2.103 0.0000000000
86549  24.504  -65.935  1.958 0.0000000000
86550  24.013  -65.538  1.694 0.0000000000
86551  25.057  -65.315  1.802 0.0000000000
86552  26.878  -63.701  1.723 0.0000000000
86553  26.063  -64.052  1.535 0.0000000000
86554  26.488  -63.307  1.426 0.0000000000
86555  26.025  -62.940  1.168 0.0000000000
86556  26.813  -62.614  1.355 0.0000000000
86557  23.073  -60.408  14.278 0.0000000000
86558  23.150  -61.245  13.515 0.0000000000
86559  22.961  -60.678  13.645 0.0000000000
86560  22.669  -60.689  12.349 0.0000000000
86561  22.847  -61.212  12.267 0.0000000000
86562  22.868  -61.417  11.600 0.0000000000
86563  23.041  -62.103  10.751 0.0000000000
86564  23.012  -61.660  10.893 0.0000000000
86565  21.512  -58.916  12.414 0.0000000000
86566  21.851  -59.360  12.423 0.0000000000
86567  21.987  -59.657  11.721 0.0000000000
86568  23.246  -61.148  9.761 0.0000000000
86569  22.943  -60.932  10.390 0.0000000000
86570  23.359  -61.573  9.717 0.0000000000
86571  23.399  -62.052  9.618 0.0000000000
86572  23.662  -62.251  9.070 0.0000000000
86573  23.893  -62.913  8.500 0.0000000000
86574  23.958  -62.437  8.591 0.0000000000
86575  24.769  -62.251  7.892 0.0000000000
86576  24.712  -62.789  7.905 0.0000000000
86577  25.199  -62.978  7.667 0.0000000000
86578  25.569  -63.689  7.511 0.0000000000
86579  25.740  -63.157  7.481 0.0000000000
86580  17.695  -56.174  11.905 0.0000000000
86581  18.308  -56.417  11.914 0.0000000000
86582  18.530  -56.698  11.344 0.0000000000
86583  21.006  -57.493  9.523 0.0000000000
86584  20.467  -57.518  10.159 0.0000000000
86585  21.452  -57.933  9.538 0.0000000000
86586  21.856  -58.394  9.570 0.0000000000
86587  22.289  -58.430  8.943 0.0000000000
86588  22.692  -57.320  7.942 0.0000000000
86589  22.307  -57.397  8.192 0.0000000000
86590  23.139  -57.806  7.907 0.0000000000
86591  24.757  -59.502  7.651 0.0000000000
86592  23.952  -58.946  7.829 0.0000000000
86593  24.262  -59.549  7.825 0.0000000000
86594  23.804  -59.525  8.120 0.0000000000
86595  24.495  -60.115  7.843 0.0000000000
86596  24.633  -60.626  7.873 0.0000000000
86597  25.102  -60.677  7.638 0.0000000000
86598  26.906  -62.031  7.150 0.0000000000
86599  26.363  -62.018  7.321 0.0000000000
86600  26.854  -62.740  7.120 0.0000000000
86601  26.738  -63.399  7.107 0.0000000000
86602  27.189  -63.460  6.873 0.0000000000
86603  27.421  -64.108  6.549 0.0000000000
86604  27.601  -63.391  6.545 0.0000000000
86605  28.524  -62.380  5.738 0.0000000000
86606  28.327  -63.171  5.720 0.0000000000
86607  28.611  -62.971  5.256 0.0000000000
86608  28.580  -63.525  4.770 0.0000000000
86609  28.840  -62.744  4.758 0.0000000000
86610  28.092  -59.521  5.888 0.0000000000
86611  28.356  -60.240  5.840 0.0000000000
86612  28.572  -60.118  5.364 0.0000000000
86613  29.075  -60.980  3.721 0.0000000000
86614  29.068  -61.178  4.275 0.0000000000
86615  29.106  -61.623  3.700 0.0000000000
86616  29.021  -62.282  3.686 0.0000000000
86617  28.980  -62.009  3.188 0.0000000000
86618  28.652  -62.425  2.681 0.0000000000
86619  28.804  -61.702  2.722 0.0000000000
86620  28.152  -60.369  1.892 0.0000000000
86621  28.175  -61.040  1.896 0.0000000000
86622  27.800  -60.738  1.546 0.0000000000
86623  27.325  -61.184  1.251 0.0000000000
86624  27.419  -60.432  1.241 0.0000000000
86625  27.015  -60.156  1.009 0.0000000000
86626  27.468  -59.820  1.269 0.0000000000
86647  20.147  -53.437  7.140 0.0000000000
92750  24.027  -63.531  0.978 0.0000000000
92751  23.016  -63.603  0.953 0.0000000000
92752  23.578  -63.014  0.814 0.0000000000
92753  23.096  -62.479  0.679 0.0000000000
92754  22.632  -61.934  0.572 0.0000000000
93213  23.984  -61.844  15.828 0.0000000000
93214  24.026  -62.545  15.692 0.0000000000
93215  23.844  -62.645  15.046 0.0000000000
93216  23.570  -63.426  14.226 0.0000000000
93217  23.118  -64.113  13.389 0.0000000000
93218  22.507  -64.662  12.597 0.0000000000
93219  22.855  -64.150  12.721 0.0000000000
93220  22.685  -64.206  12.074 0.0000000000
93221  22.509  -64.254  11.459 0.0000000000
93222  22.463  -64.317  10.867 0.0000000000
93223  22.766  -63.790  11.620 0.0000000000
93224  22.988  -63.314  11.785 0.0000000000
93225  23.024  -62.804  11.917 0.0000000000
94302  16.724  -55.504  20.403 0.0000000000
94304  15.049  -55.586  20.052 0.0000000000
94305  14.414  -55.616  19.614 0.0000000000
96790  25.549  -66.879  7.008 0.0000000000
96791  25.497  -67.551  6.812 0.0000000000
96792  25.922  -67.056  6.717 0.0000000000
96793  26.218  -67.120  6.363 0.0000000000
96794  26.467  -67.105  5.997 0.0000000000
96795  26.667  -67.070  5.607 0.0000000000
96796  26.851  -66.519  5.951 0.0000000000
96797  27.196  -65.937  5.903 0.0000000000
96798  27.467  -65.347  5.837 0.0000000000
96799  18.729  -56.155  14.118 0.0000000000
96800  19.382  -56.716  13.565 0.0000000000
96801  18.846  -56.443  13.503 0.0000000000
96802  19.022  -56.728  12.813 0.0000000000
96803  19.313  -57.005  12.144 0.0000000000
96804  21.606  -55.464  7.780 0.0000000000
96805  22.307  -56.013  7.723 0.0000000000
96806  22.602  -55.830  7.558 0.0000000000
96807  23.662  -56.183  7.397 0.0000000000
96808  24.730  -56.573  7.159 0.0000000000
96809  25.723  -57.033  6.840 0.0000000000
96810  25.100  -56.389  6.941 0.0000000000
99689  18.674  -67.563  2.545 0.0000000000
99690  17.370  -67.373  2.697 0.0000000000
99691  18.146  -66.989  2.390 0.0000000000
99692  17.529  -66.386  2.314 0.0000000000
99693  16.960  -65.813  2.281 0.0000000000
99694  18.415  -63.542  1.309 0.0000000000
99695  17.594  -63.981  1.526 0.0000000000
99696  17.162  -63.440  1.503 0.0000000000
101084  23.196  -65.387  14.786 0.0000000000
101085  23.389  -65.481  15.375 0.0000000000
101086  22.721  -65.937  14.597 0.0000000000
101087  22.090  -66.406  14.355 0.0000000000
101088  21.415  -66.774  14.238 0.0000000000
101090  20.404  -66.587  13.950 0.0000000000
101091  19.415  -66.178  13.844 0.0000000000
101094  18.334  -65.326  13.246 0.0000000000
101095  18.158  -65.179  12.675 0.0000000000
101096  17.981  -65.137  12.028 0.0000000000
101097  19.922  -65.367  10.106 0.0000000000
101098  19.261  -65.367  10.225 0.0000000000
101099  19.403  -65.313  9.558 0.0000000000
101110  22.716  -64.674  8.658 0.0000000000
101111  22.475  -65.101  8.077 0.0000000000
101112  22.893  -64.827  8.155 0.0000000000
101113  23.202  -65.109  7.891 0.0000000000
101114  23.492  -65.445  7.739 0.0000000000
101115  23.874  -65.773  7.701 0.0000000000
101116  23.785  -65.112  7.804 0.0000000000
101117  24.030  -64.725  7.816 0.0000000000
101118  24.248  -64.310  7.823 0.0000000000
101123  14.830  -54.633  11.131 0.0000000000
101124  13.363  -53.832  9.464 0.0000000000
101125  14.014  -54.153  9.759 0.0000000000
101126  14.256  -54.158  9.338 0.0000000000
101127  15.243  -54.376  9.165 0.0000000000
101128  16.340  -54.502  8.956 0.0000000000
101129  17.415  -54.644  8.756 0.0000000000
101130  16.699  -54.290  8.640 0.0000000000
101131  16.988  -54.099  8.372 0.0000000000
101132  17.284  -53.901  8.110 0.0000000000
101133  17.523  -53.688  7.895 0.0000000000
101134  16.477  -53.570  7.994 0.0000000000
101135  15.692  -53.219  7.861 0.0000000000
101136  14.974  -52.839  7.700 0.0000000000
101138  11.630  -51.679  6.939 0.0000000000
104343  22.789  -58.004  18.618 0.0000000000
104344  22.829  -58.092  17.994 0.0000000000
104345  22.786  -58.243  17.343 0.0000000000
104346  22.753  -58.386  16.774 0.0000000000
104347  22.292  -57.729  17.408 0.0000000000
104348  21.780  -57.297  17.425 0.0000000000
104349  21.136  -56.830  17.447 0.0000000000
104350  17.605  -55.079  18.610 0.0000000000
104351  18.410  -55.236  18.324 0.0000000000
104352  17.761  -55.055  18.102 0.0000000000
104353  17.910  -55.037  17.566 0.0000000000
104354  18.070  -55.137  16.994 0.0000000000
104355  18.214  -55.226  16.426 0.0000000000
104356  17.482  -54.930  16.783 0.0000000000
104357  16.821  -54.759  16.589 0.0000000000
104358  16.158  -54.635  16.311 0.0000000000
104359  10.485  -56.886  17.607 0.0000000000
104360  11.386  -56.467  18.004 0.0000000000
104361  10.753  -56.644  17.353 0.0000000000
104362  10.985  -56.387  17.119 0.0000000000
104363  11.201  -56.153  16.846 0.0000000000
104369  12.845  -54.686  15.629 0.0000000000
107587  23.122  -58.885  -0.120 0.0000000000
107588  22.761  -59.540  0.049 0.0000000000
107589  22.341  -58.911  -0.067 0.0000000000
107590  21.564  -58.909  0.059 0.0000000000
107591  20.749  -58.902  0.195 0.0000000000
111816  24.378  -69.691  5.692 0.0000000000
111824  21.590  -69.833  3.667 0.0000000000
111825  21.189  -69.439  3.355 0.0000000000
111826  22.273  -69.374  3.424 0.0000000000
111827  22.950  -68.849  3.232 0.0000000000
111828  23.567  -68.360  3.047 0.0000000000
111829  26.839  -66.414  3.651 0.0000000000
111830  26.251  -66.798  3.299 0.0000000000
111831  26.744  -66.137  3.154 0.0000000000
111832  26.572  -65.787  2.720 0.0000000000
111833  26.306  -65.421  2.346 0.0000000000
111834  25.995  -65.018  1.972 0.0000000000
111835  26.777  -64.747  2.223 0.0000000000
111836  27.202  -64.092  2.079 0.0000000000
111837  27.566  -63.408  1.902 0.0000000000
111838  22.472  -59.316  14.407 0.0000000000
111839  22.737  -60.121  13.774 0.0000000000
111840  22.410  -59.632  13.753 0.0000000000
111841  22.418  -59.935  13.052 0.0000000000
111842  22.449  -60.257  12.366 0.0000000000
111843  21.987  -59.437  11.019 0.0000000000
111844  22.250  -59.900  11.029 0.0000000000
111845  22.609  -60.082  10.380 0.0000000000
111846  23.140  -60.699  9.733 0.0000000000
111847  23.574  -61.304  9.140 0.0000000000
111848  23.942  -61.905  8.608 0.0000000000
111849  23.938  -61.464  8.564 0.0000000000
111850  24.319  -61.585  8.176 0.0000000000
111851  24.767  -61.728  7.883 0.0000000000
111852  18.355  -56.517  10.690 0.0000000000
111853  18.900  -56.827  10.718 0.0000000000
111854  19.351  -56.845  10.105 0.0000000000
111855  20.423  -57.051  9.579 0.0000000000
111856  21.465  -57.463  9.006 0.0000000000
111857  24.483  -58.196  7.532 0.0000000000
111858  24.007  -58.282  7.672 0.0000000000
111859  24.921  -58.843  7.474 0.0000000000
111860  25.264  -59.448  7.476 0.0000000000
111861  25.512  -60.065  7.476 0.0000000000
111862  25.676  -60.698  7.472 0.0000000000
111863  26.242  -60.660  7.289 0.0000000000
111864  26.851  -61.328  7.095 0.0000000000
111865  27.355  -61.952  6.872 0.0000000000
111866  27.735  -62.610  6.554 0.0000000000
111867  27.810  -61.852  6.589 0.0000000000
111868  28.242  -61.813  6.196 0.0000000000
111869  28.564  -61.657  5.741 0.0000000000
111870  28.536  -59.194  4.929 0.0000000000
111871  28.710  -59.935  4.850 0.0000000000
111872  28.786  -59.735  4.350 0.0000000000
111873  28.942  -60.266  3.777 0.0000000000
111874  28.940  -60.642  3.219 0.0000000000
111875  28.811  -60.987  2.720 0.0000000000
111876  28.725  -60.309  2.736 0.0000000000
111877  28.404  -60.044  2.266 0.0000000000
111892  18.526  -52.624  6.991 0.0000000000
116576  21.570  -65.792  1.612 0.0000000000
116577  20.360  -65.687  1.662 0.0000000000
116578  21.043  -65.218  1.444 0.0000000000
116579  20.622  -64.653  1.364 0.0000000000
116580  20.108  -64.113  1.300 0.0000000000
116581  21.952  -63.658  1.006 0.0000000000
116582  20.773  -63.598  1.097 0.0000000000
116583  19.595  -63.559  1.199 0.0000000000
116584  19.162  -63.034  1.106 0.0000000000
116585  18.788  -62.442  1.090 0.0000000000
116586  18.378  -61.876  1.108 0.0000000000
117660  24.277  -63.135  16.848 0.0000000000
117661  24.007  -64.025  15.906 0.0000000000
117662  23.985  -63.258  15.533 0.0000000000
117663  23.849  -63.995  15.316 0.0000000000
117664  23.595  -64.702  15.025 0.0000000000
117665  22.882  -65.241  14.167 0.0000000000
117666  22.037  -65.577  13.412 0.0000000000
117667  21.108  -65.605  12.898 0.0000000000
117668  20.140  -65.528  12.543 0.0000000000
117669  20.847  -65.449  12.434 0.0000000000
117670  20.603  -65.393  11.894 0.0000000000
117671  20.510  -65.374  11.309 0.0000000000
117672  21.851  -65.031  11.947 0.0000000000
117673  21.128  -65.228  11.298 0.0000000000
117674  20.480  -65.346  10.690 0.0000000000
117675  20.499  -65.337  10.058 0.0000000000
117676  20.617  -65.339  9.420 0.0000000000
117677  20.792  -65.329  8.830 0.0000000000
117679  21.290  -65.209  8.913 0.0000000000
117680  21.772  -65.050  8.982 0.0000000000
117681  22.220  -64.847  9.052 0.0000000000
117682  22.451  -64.390  10.272 0.0000000000
117683  22.474  -64.465  9.687 0.0000000000
117684  22.593  -64.572  9.183 0.0000000000
117685  22.845  -64.198  9.244 0.0000000000
117686  23.047  -63.809  9.290 0.0000000000
117687  23.230  -63.409  9.342 0.0000000000
117691  11.914  -53.462  10.261 0.0000000000
117692  12.298  -53.496  9.926 0.0000000000
117693  10.573  -52.915  9.262 0.0000000000
117694  11.621  -53.189  9.461 0.0000000000
117695  12.516  -53.513  9.525 0.0000000000
117696  12.717  -53.459  9.126 0.0000000000
117697  13.014  -53.468  8.717 0.0000000000
117698  13.296  -53.388  8.380 0.0000000000
117699  13.602  -53.263  8.131 0.0000000000
117700  12.595  -52.907  8.118 0.0000000000
117701  11.881  -52.420  7.763 0.0000000000
117702  11.196  -51.924  7.385 0.0000000000
117703  10.106  -51.725  7.612 0.0000000000
117704  10.318  -51.570  7.335 0.0000000000
117705  10.514  -51.404  7.056 0.0000000000
120197  20.056  -56.115  19.557 0.0000000000
120198  20.232  -56.116  19.097 0.0000000000
120199  19.401  -55.818  19.499 0.0000000000
120200  18.716  -55.529  19.423 0.0000000000
120201  18.047  -55.290  19.298 0.0000000000
120202  16.960  -55.335  19.964 0.0000000000
120203  17.189  -55.220  19.523 0.0000000000
120204  17.438  -55.148  19.084 0.0000000000
120205  16.742  -55.019  18.800 0.0000000000
120206  16.045  -54.944  18.470 0.0000000000
120207  15.359  -54.920  18.110 0.0000000000
122720  21.336  -56.912  -0.702 0.0000000000
126008  24.595  -69.231  6.385 0.0000000000
126009  25.354  -68.213  6.569 0.0000000000
126010  25.115  -68.783  6.260 0.0000000000
126011  24.789  -69.261  5.947 0.0000000000
126012  24.935  -69.225  5.507 0.0000000000
126013  24.998  -69.114  5.026 0.0000000000
126014  24.985  -68.989  4.511 0.0000000000
126015  24.888  -68.799  4.069 0.0000000000
126016  25.508  -68.429  4.416 0.0000000000
126017  26.003  -67.841  4.352 0.0000000000
126018  26.443  -67.251  4.267 0.0000000000
126019  26.751  -66.983  5.143 0.0000000000
126020  26.846  -66.835  4.671 0.0000000000
126021  26.903  -66.648  4.165 0.0000000000
126022  27.297  -66.013  4.037 0.0000000000
126023  27.680  -65.327  3.925 0.0000000000
126024  28.053  -64.603  3.815 0.0000000000
126025  20.769  -57.528  14.395 0.0000000000
126026  21.345  -58.276  13.742 0.0000000000
126027  20.869  -57.852  13.731 0.0000000000
126028  20.996  -58.186  13.055 0.0000000000
126029  21.170  -58.509  12.339 0.0000000000
126030  20.065  -57.378  12.952 0.0000000000
126031  20.762  -58.098  12.290 0.0000000000
126032  21.411  -58.782  11.641 0.0000000000
126033  21.706  -59.005  10.978 0.0000000000
126034  22.085  -59.095  10.363 0.0000000000
126035  22.489  -59.219  9.754 0.0000000000
126036  20.262  -56.195  8.734 0.0000000000
126037  20.902  -56.616  8.630 0.0000000000
126038  21.266  -56.482  8.316 0.0000000000
126039  22.192  -56.824  7.993 0.0000000000
126040  23.114  -57.234  7.749 0.0000000000
126041  22.944  -56.556  7.669 0.0000000000
126042  23.519  -57.094  7.621 0.0000000000
126043  24.051  -57.639  7.577 0.0000000000
126044  25.038  -58.122  7.374 0.0000000000
126045  25.956  -58.633  7.144 0.0000000000
126046  26.741  -59.199  6.889 0.0000000000
126047  27.490  -59.795  6.626 0.0000000000
126048  27.150  -59.119  6.588 0.0000000000
126049  27.504  -58.992  6.262 0.0000000000
126050  27.894  -58.860  5.892 0.0000000000
126051  26.650  -57.571  6.447 0.0000000000
126052  27.454  -58.150  5.971 0.0000000000
126053  28.091  -58.690  5.468 0.0000000000
126067  15.250  -51.269  6.366 0.0000000000
130125  10.727  -56.985  18.452 0.0000000000
130128  10.121  -57.171  17.819 0.0000000000
132379  16.141  -67.148  2.904 0.0000000000
132385  19.100  -65.559  1.788 0.0000000000
132386  17.784  -65.387  1.992 0.0000000000
132387  16.406  -65.272  2.223 0.0000000000
132388  16.803  -64.350  1.838 0.0000000000
132389  15.901  -64.741  2.183 0.0000000000
135348  19.314  -65.404  12.164 0.0000000000
135349  18.573  -65.256  11.759 0.0000000000
135350  17.966  -65.095  11.218 0.0000000000
135351  18.656  -65.282  10.349 0.0000000000
135352  18.014  -65.091  10.448 0.0000000000
135386  24.290  -67.556  7.468 0.0000000000
135387  24.767  -67.139  7.353 0.0000000000
135388  24.289  -66.059  7.608 0.0000000000
135389  24.743  -66.342  7.488 0.0000000000
135390  25.166  -66.648  7.262 0.0000000000
135391  25.537  -66.182  7.216 0.0000000000
135392  25.841  -65.697  7.183 0.0000000000
135393  26.103  -65.173  7.148 0.0000000000
135394  16.563  -55.049  13.481 0.0000000000
135395  17.307  -55.597  13.048 0.0000000000
135396  16.738  -55.297  12.917 0.0000000000
135397  16.936  -55.581  12.371 0.0000000000
135398  17.146  -55.880  11.814 0.0000000000
135399  15.836  -55.049  12.070 0.0000000000
135400  16.620  -55.585  11.678 0.0000000000
135401  17.451  -56.100  11.215 0.0000000000
135402  17.794  -56.222  10.670 0.0000000000
135403  18.162  -56.192  10.183 0.0000000000
135404  18.663  -56.080  9.691 0.0000000000
135405  13.322  -53.942  11.075 0.0000000000
135406  14.218  -54.336  10.891 0.0000000000
135407  15.023  -54.753  10.656 0.0000000000
135408  14.681  -54.497  9.999 0.0000000000
135409  15.299  -54.811  10.211 0.0000000000
135410  15.962  -55.154  10.399 0.0000000000
135411  17.018  -55.458  10.058 0.0000000000
135412  18.100  -55.707  9.677 0.0000000000
135413  19.187  -55.943  9.222 0.0000000000
135414  19.641  -55.796  8.796 0.0000000000
135415  19.952  -55.626  8.475 0.0000000000
135416  20.312  -55.439  8.201 0.0000000000
135417  18.534  -54.834  8.531 0.0000000000
135418  19.596  -55.007  8.253 0.0000000000
135419  20.619  -55.197  8.003 0.0000000000
135420  20.881  -54.985  7.768 0.0000000000
135421  21.143  -54.791  7.557 0.0000000000
135422  21.443  -54.592  7.344 0.0000000000
135423  21.713  -54.367  7.153 0.0000000000
135424  20.725  -54.129  7.325 0.0000000000
135425  19.994  -53.704  7.370 0.0000000000
135426  19.173  -53.300  7.261 0.0000000000
135427  17.795  -53.412  7.692 0.0000000000
135428  18.061  -53.151  7.464 0.0000000000
135429  18.325  -52.883  7.203 0.0000000000
135430  17.513  -52.489  7.136 0.0000000000
135431  16.760  -52.163  7.010 0.0000000000
135432  15.892  -51.852  6.822 0.0000000000
135433  13.842  -53.031  7.885 0.0000000000
135434  14.035  -52.789  7.656 0.0000000000
135435  14.245  -52.526  7.475 0.0000000000
135436  12.558  -51.938  7.066 0.0000000000
135437  13.511  -52.146  7.185 0.0000000000
135438  14.477  -52.258  7.272 0.0000000000
135439  14.699  -51.989  7.060 0.0000000000
135440  14.873  -51.770  6.830 0.0000000000
135441  15.063  -51.524  6.595 0.0000000000
135442  14.281  -51.180  6.331 0.0000000000
139163  25.698  -60.993  0.677 0.0000000000
139164  24.948  -61.046  0.554 0.0000000000
139165  25.225  -60.415  0.485 0.0000000000
139166  24.770  -59.894  0.307 0.0000000000
139167  24.334  -59.389  0.143 0.0000000000
139169  24.549  -58.725  0.021 0.0000000000
139170  23.863  -58.815  -0.069 0.0000000000
139171  23.398  -58.231  -0.284 0.0000000000
139172  22.988  -57.572  -0.505 0.0000000000
139173  22.654  -56.934  -0.789 0.0000000000
139182  22.361  -56.314  -1.060 0.0000000000
142043  24.133  -60.882  17.194 0.0000000000
142044  23.610  -59.354  17.947 0.0000000000
142045  23.888  -60.204  17.264 0.0000000000
142046  24.035  -61.038  16.555 0.0000000000
142047  23.869  -61.143  15.931 0.0000000000
142048  23.721  -61.292  15.294 0.0000000000
142049  23.572  -61.439  14.619 0.0000000000
142050  23.411  -61.614  14.024 0.0000000000
142051  23.419  -60.824  14.746 0.0000000000
142052  23.201  -60.204  14.869 0.0000000000
142053  22.919  -59.599  14.965 0.0000000000
142054  22.712  -58.613  16.201 0.0000000000
142055  22.657  -58.851  15.605 0.0000000000
142056  22.561  -59.061  15.003 0.0000000000
142057  22.165  -58.588  15.010 0.0000000000
142058  21.728  -58.088  15.071 0.0000000000
142059  21.229  -57.631  15.113 0.0000000000
142060  20.325  -56.196  18.585 0.0000000000
142061  20.408  -56.293  18.033 0.0000000000
142062  20.466  -56.408  17.456 0.0000000000
142063  19.173  -55.599  17.896 0.0000000000
142064  19.834  -56.042  17.422 0.0000000000
142065  20.517  -56.583  16.869 0.0000000000
142066  20.598  -56.791  16.266 0.0000000000
142067  20.618  -57.001  15.687 0.0000000000
142068  20.651  -57.251  15.060 0.0000000000
142069  20.106  -56.845  14.996 0.0000000000
142070  19.611  -56.472  14.925 0.0000000000
142071  19.151  -56.159  14.835 0.0000000000
142072  18.353  -55.414  15.866 0.0000000000
142073  18.495  -55.629  15.298 0.0000000000
142074  18.665  -55.894  14.729 0.0000000000
142075  18.068  -55.626  14.553 0.0000000000
142076  17.468  -55.358  14.376 0.0000000000
142077  16.910  -55.107  14.189 0.0000000000
142078  13.136  -56.143  19.766 0.0000000000
142079  13.446  -55.907  19.443 0.0000000000
142080  13.762  -55.656  19.124 0.0000000000
142081  12.266  -56.095  18.329 0.0000000000
142082  13.151  -55.710  18.612 0.0000000000
142083  14.047  -55.463  18.800 0.0000000000
142084  14.279  -55.284  18.433 0.0000000000
142085  14.476  -55.101  18.092 0.0000000000
142086  14.660  -54.944  17.739 0.0000000000
142088  10.538  -56.323  16.186 0.0000000000
142089  11.373  -55.895  16.579 0.0000000000
142090  10.898  -55.768  15.677 0.0000000000
142091  11.511  -55.644  16.299 0.0000000000
142092  12.182  -55.515  16.897 0.0000000000
142093  13.058  -55.242  17.167 0.0000000000
142094  13.924  -54.981  17.295 0.0000000000
142095  14.828  -54.785  17.346 0.0000000000
142096  15.027  -54.676  16.933 0.0000000000
142097  15.254  -54.601  16.478 0.0000000000
142098  15.472  -54.529  16.001 0.0000000000
142099  13.808  -54.513  15.708 0.0000000000
142100  14.775  -54.448  15.671 0.0000000000
142101  15.703  -54.547  15.504 0.0000000000
142102  15.914  -54.588  15.016 0.0000000000
142103  16.176  -54.698  14.494 0.0000000000
142104  16.402  -54.865  13.990 0.0000000000
142105  15.787  -54.638  13.756 0.0000000000
148600  24.079  -61.173  0.463 0.0000000000
148601  23.171  -61.294  0.426 0.0000000000
148602  22.193  -61.377  0.458 0.0000000000
148603  22.320  -60.177  0.215 0.0000000000
148604  21.801  -60.774  0.376 0.0000000000
148605  21.199  -61.351  0.562 0.0000000000
148606  20.192  -61.359  0.706 0.0000000000
148607  19.147  -61.370  0.887 0.0000000000
148609  20.876  -57.542  -0.321 0.0000000000
148610  20.371  -58.223  0.021 0.0000000000
148611  19.833  -58.922  0.296 0.0000000000
157094  18.851  -68.509  2.848 0.0000000000
157095  20.689  -69.013  3.055 0.0000000000
157096  20.082  -68.558  2.783 0.0000000000
157097  19.436  -68.068  2.651 0.0000000000
157098  20.116  -67.644  2.427 0.0000000000
157099  20.832  -67.189  2.201 0.0000000000
157100  21.507  -66.692  2.001 0.0000000000
157101  24.689  -68.525  3.647 0.0000000000
157102  24.468  -68.258  3.226 0.0000000000
157103  24.123  -67.887  2.904 0.0000000000
157104  25.570  -67.074  2.979 0.0000000000
157105  24.653  -67.368  2.793 0.0000000000
157106  23.717  -67.496  2.619 0.0000000000
157107  23.312  -67.001  2.307 0.0000000000
157108  22.744  -66.618  2.019 0.0000000000
157109  22.158  -66.231  1.792 0.0000000000
157110  22.828  -65.707  1.620 0.0000000000
157111  23.489  -65.133  1.460 0.0000000000
157112  24.074  -64.539  1.308 0.0000000000
157113  25.580  -64.686  1.659 0.0000000000
157114  25.129  -64.344  1.388 0.0000000000
157115  24.584  -63.926  1.162 0.0000000000
157116  25.090  -63.264  1.024 0.0000000000
157117  25.493  -62.573  0.965 0.0000000000
157118  25.867  -61.927  0.894 0.0000000000
157119  23.261  -61.827  13.379 0.0000000000
157120  23.090  -62.031  12.752 0.0000000000
157121  23.035  -62.269  12.042 0.0000000000
157122  22.882  -60.983  12.955 0.0000000000
157123  22.996  -61.746  12.150 0.0000000000
157124  23.034  -62.466  11.328 0.0000000000
157125  23.089  -62.636  10.624 0.0000000000
157126  23.198  -62.779  10.023 0.0000000000
157127  23.395  -62.955  9.447 0.0000000000
157128  21.787  -59.038  13.087 0.0000000000
157129  22.172  -59.842  12.377 0.0000000000
157130  22.526  -60.523  11.689 0.0000000000
157131  22.467  -60.338  11.043 0.0000000000
157132  22.706  -60.709  11.057 0.0000000000
157133  22.893  -61.170  11.004 0.0000000000
157134  23.205  -61.884  10.243 0.0000000000
157135  23.413  -62.522  9.515 0.0000000000
157136  23.556  -63.150  8.874 0.0000000000
157137  23.781  -63.364  8.413 0.0000000000
157138  24.073  -63.603  8.060 0.0000000000
157139  24.439  -63.835  7.839 0.0000000000
157140  24.280  -62.585  8.178 0.0000000000
157141  24.609  -63.334  7.863 0.0000000000
157142  24.912  -64.069  7.655 0.0000000000
157143  25.429  -64.284  7.507 0.0000000000
157144  25.874  -64.431  7.352 0.0000000000
157145  26.339  -64.595  7.138 0.0000000000
157146  18.037  -56.149  12.552 0.0000000000
157147  18.787  -56.708  12.054 0.0000000000
157148  19.653  -57.248  11.524 0.0000000000
157149  19.446  -57.125  10.769 0.0000000000
157150  20.034  -57.430  10.825 0.0000000000
157151  20.549  -57.786  10.850 0.0000000000
157152  21.414  -58.323  10.215 0.0000000000
157153  22.223  -58.836  9.630 0.0000000000
157154  22.914  -59.372  9.104 0.0000000000
157155  21.446  -57.019  8.575 0.0000000000
157156  21.902  -57.415  8.562 0.0000000000
157157  22.384  -57.941  8.477 0.0000000000
157158  23.571  -58.341  7.843 0.0000000000
157159  23.167  -58.434  8.061 0.0000000000
157160  22.740  -58.453  8.470 0.0000000000
157161  23.071  -58.960  8.497 0.0000000000
157162  23.371  -59.468  8.531 0.0000000000
157163  23.592  -60.005  8.603 0.0000000000
157164  24.177  -60.580  8.188 0.0000000000
157165  24.709  -61.192  7.871 0.0000000000
157166  25.319  -61.874  7.680 0.0000000000
157167  25.747  -61.320  7.477 0.0000000000
157168  25.836  -61.956  7.483 0.0000000000
157169  25.836  -62.574  7.472 0.0000000000
157170  26.258  -63.304  7.299 0.0000000000
157171  26.564  -64.010  7.117 0.0000000000
157172  26.814  -64.728  6.879 0.0000000000
157173  27.194  -64.783  6.564 0.0000000000
157174  27.511  -64.750  6.218 0.0000000000
157175  27.773  -64.657  5.774 0.0000000000
157176  27.983  -63.294  6.185 0.0000000000
157177  28.078  -63.926  5.726 0.0000000000
157178  28.030  -64.511  5.300 0.0000000000
157179  28.243  -64.312  4.802 0.0000000000
157180  28.358  -64.062  4.251 0.0000000000
157181  28.430  -63.827  3.721 0.0000000000
157182  28.083  -60.369  6.255 0.0000000000
157183  28.507  -60.948  5.788 0.0000000000
157184  28.849  -61.513  5.219 0.0000000000
157185  28.878  -60.653  4.834 0.0000000000
157186  28.981  -61.360  4.778 0.0000000000
157187  28.978  -62.053  4.731 0.0000000000
157188  28.966  -62.533  4.206 0.0000000000
157189  28.809  -63.014  3.650 0.0000000000
157190  28.460  -63.524  3.174 0.0000000000
157191  28.384  -63.162  2.611 0.0000000000
157192  28.182  -62.895  2.223 0.0000000000
157193  27.920  -62.660  1.887 0.0000000000
157194  28.588  -61.357  2.296 0.0000000000
157195  28.111  -61.818  1.901 0.0000000000
157196  27.524  -62.258  1.591 0.0000000000
157197  27.112  -61.916  1.289 0.0000000000
157198  26.645  -61.574  1.018 0.0000000000
157199  26.190  -61.257  0.847 0.0000000000
157200  26.429  -60.590  0.820 0.0000000000
157201  26.576  -59.863  0.774 0.0000000000
