#!ascii label  , from subject fsaverage vox2ras=TkReg
1218
139  45.023  -60.117  21.292 0.0000000000
300  46.081  -55.940  20.924 0.0000000000
571  49.603  -53.936  13.439 0.0000000000
572  44.823  -56.604  12.906 0.0000000000
574  45.796  -65.425  28.436 0.0000000000
1260  46.404  -50.889  12.385 0.0000000000
1262  49.878  -58.909  20.590 0.0000000000
1263  49.598  -57.866  17.165 0.0000000000
1396  56.271  -54.745  8.503 0.0000000000
1694  45.629  -57.390  24.382 0.0000000000
1695  49.625  -60.848  23.588 0.0000000000
2348  51.498  -52.675  9.513 0.0000000000
2349  53.421  -56.458  10.887 0.0000000000
2350  47.493  -54.833  17.254 0.0000000000
2351  50.418  -56.978  13.764 0.0000000000
2352  48.593  -56.403  9.127 0.0000000000
2356  47.051  -59.930  31.537 0.0000000000
2357  49.164  -62.389  27.356 0.0000000000
2358  46.390  -63.060  24.662 0.0000000000
3182  48.159  -60.123  20.459 0.0000000000
3183  47.433  -59.160  18.898 0.0000000000
3316  55.195  -56.445  7.928 0.0000000000
3785  47.615  -58.920  24.183 0.0000000000
3786  47.846  -59.690  25.618 0.0000000000
5222  47.967  -52.429  12.816 0.0000000000
5223  48.876  -51.751  10.760 0.0000000000
5224  50.613  -53.430  11.486 0.0000000000
5225  52.909  -54.620  10.480 0.0000000000
5226  52.070  -55.330  12.257 0.0000000000
5228  45.236  -54.054  19.007 0.0000000000
5229  46.700  -55.414  19.102 0.0000000000
5230  46.617  -57.117  15.344 0.0000000000
5231  49.631  -57.316  15.461 0.0000000000
5232  47.545  -56.760  13.190 0.0000000000
5233  49.160  -56.662  11.434 0.0000000000
5234  46.453  -56.273  10.801 0.0000000000
5235  46.351  -56.655  8.439 0.0000000000
5236  44.133  -56.526  10.412 0.0000000000
5244  47.521  -60.222  33.593 0.0000000000
5246  48.252  -63.201  29.434 0.0000000000
5247  47.291  -63.833  27.824 0.0000000000
5248  48.444  -63.379  25.633 0.0000000000
5249  46.234  -64.556  26.521 0.0000000000
6878  45.482  -51.536  14.429 0.0000000000
6879  46.940  -53.029  14.851 0.0000000000
6880  47.899  -57.255  20.870 0.0000000000
6881  48.339  -56.864  19.066 0.0000000000
6882  49.744  -58.432  18.906 0.0000000000
6883  46.634  -58.038  17.281 0.0000000000
6884  43.919  -57.126  15.305 0.0000000000
6885  42.447  -56.908  12.765 0.0000000000
7120  55.411  -52.674  7.895 0.0000000000
7794  45.696  -56.585  22.583 0.0000000000
7795  47.744  -57.984  22.619 0.0000000000
7796  50.026  -59.796  22.123 0.0000000000
7797  48.676  -61.280  21.881 0.0000000000
9598  47.360  -50.168  10.549 0.0000000000
9599  49.941  -50.942  9.119 0.0000000000
9600  52.638  -51.682  8.213 0.0000000000
9601  54.060  -53.680  8.986 0.0000000000
9602  54.525  -55.700  9.471 0.0000000000
9603  53.228  -56.689  9.135 0.0000000000
9605  45.934  -53.623  16.875 0.0000000000
9606  48.414  -54.328  15.382 0.0000000000
9607  49.142  -56.198  17.384 0.0000000000
9608  49.910  -55.837  15.800 0.0000000000
9609  50.971  -55.779  14.072 0.0000000000
9610  52.064  -56.921  12.341 0.0000000000
9611  51.227  -56.781  10.216 0.0000000000
9625  48.242  -61.858  31.423 0.0000000000
9626  48.678  -61.094  29.355 0.0000000000
9627  48.398  -60.252  27.273 0.0000000000
9628  49.521  -61.679  25.405 0.0000000000
9629  48.933  -62.633  23.555 0.0000000000
9630  45.860  -61.408  23.035 0.0000000000
9636  44.794  -66.120  26.802 0.0000000000
9637  44.064  -64.375  25.283 0.0000000000
10862  46.489  -60.081  20.898 0.0000000000
10863  46.131  -59.547  20.137 0.0000000000
12902  48.869  -53.217  13.101 0.0000000000
12903  49.302  -52.923  12.118 0.0000000000
12904  50.174  -53.704  12.476 0.0000000000
12905  51.423  -54.347  11.917 0.0000000000
12906  50.963  -54.617  12.832 0.0000000000
12907  45.368  -55.289  20.886 0.0000000000
12908  45.650  -54.979  19.990 0.0000000000
12909  46.424  -55.729  19.964 0.0000000000
12910  45.589  -56.833  14.141 0.0000000000
12911  46.969  -56.905  14.229 0.0000000000
12912  46.174  -56.624  12.981 0.0000000000
12913  46.882  -56.468  12.001 0.0000000000
12914  45.545  -56.396  11.815 0.0000000000
12915  45.249  -56.324  10.575 0.0000000000
12916  44.376  -56.484  11.675 0.0000000000
12926  46.635  -64.038  28.831 0.0000000000
12927  46.398  -64.573  28.272 0.0000000000
12928  46.917  -64.168  27.164 0.0000000000
12929  46.113  -65.026  27.488 0.0000000000
15304  45.029  -51.886  15.555 0.0000000000
15305  46.207  -52.292  14.619 0.0000000000
15306  45.760  -52.661  15.583 0.0000000000
15307  49.009  -58.038  20.782 0.0000000000
15308  49.036  -57.787  19.908 0.0000000000
15309  49.812  -58.607  19.798 0.0000000000
15310  45.437  -58.499  18.333 0.0000000000
15311  46.940  -58.607  18.096 0.0000000000
15312  45.186  -58.001  17.403 0.0000000000
15313  45.056  -57.507  16.442 0.0000000000
15314  43.752  -57.505  16.463 0.0000000000
15706  56.042  -53.747  8.308 0.0000000000
15707  56.489  -52.778  7.577 0.0000000000
15708  56.952  -53.882  7.857 0.0000000000
17113  44.945  -56.299  23.446 0.0000000000
17114  45.606  -56.997  23.526 0.0000000000
17115  46.570  -57.262  22.725 0.0000000000
17116  46.518  -57.706  23.505 0.0000000000
17117  48.728  -59.868  23.958 0.0000000000
17118  48.834  -59.340  23.208 0.0000000000
17119  49.808  -60.366  22.871 0.0000000000
17120  49.915  -60.853  21.746 0.0000000000
17121  49.919  -61.400  22.528 0.0000000000
21427  45.740  -50.066  12.339 0.0000000000
21428  46.225  -49.762  11.410 0.0000000000
21429  46.853  -50.498  11.401 0.0000000000
21430  50.206  -52.214  10.107 0.0000000000
21431  49.386  -51.379  9.883 0.0000000000
21432  50.725  -51.763  9.219 0.0000000000
21433  51.342  -51.348  8.608 0.0000000000
21434  52.068  -52.171  8.733 0.0000000000
21435  53.350  -52.641  8.478 0.0000000000
21436  52.757  -53.144  9.133 0.0000000000
21437  53.348  -55.614  10.758 0.0000000000
21438  53.845  -55.198  10.013 0.0000000000
21439  53.881  -56.134  10.190 0.0000000000
21440  54.074  -56.457  9.487 0.0000000000
21441  53.340  -56.742  10.087 0.0000000000
21445  46.275  -54.466  18.072 0.0000000000
21446  45.512  -53.861  17.976 0.0000000000
21447  46.604  -54.202  17.114 0.0000000000
21448  47.132  -53.945  16.057 0.0000000000
21449  47.896  -54.546  16.304 0.0000000000
21450  49.517  -57.337  18.150 0.0000000000
21451  48.747  -56.562  18.203 0.0000000000
21452  49.756  -57.013  17.301 0.0000000000
21453  49.877  -57.145  14.563 0.0000000000
21454  50.154  -56.697  15.705 0.0000000000
21455  50.620  -56.597  14.878 0.0000000000
21456  50.368  -55.800  14.927 0.0000000000
21457  51.139  -56.547  14.035 0.0000000000
21458  51.844  -56.435  13.221 0.0000000000
21459  51.213  -56.941  13.022 0.0000000000
21460  48.759  -56.402  10.288 0.0000000000
21461  50.204  -56.702  10.806 0.0000000000
21462  49.820  -56.484  9.617 0.0000000000
21463  50.969  -56.688  9.033 0.0000000000
21464  49.722  -56.605  8.401 0.0000000000
21496  47.530  -62.010  32.387 0.0000000000
21498  48.759  -62.785  28.412 0.0000000000
21499  49.035  -62.250  29.282 0.0000000000
21500  49.058  -61.706  28.389 0.0000000000
21501  48.537  -60.694  28.314 0.0000000000
21502  49.104  -61.279  27.368 0.0000000000
21503  49.044  -60.957  26.400 0.0000000000
21504  49.401  -62.050  26.297 0.0000000000
21505  47.588  -63.419  25.041 0.0000000000
21506  48.763  -63.135  24.506 0.0000000000
21507  47.655  -62.768  24.072 0.0000000000
21508  47.416  -62.028  23.233 0.0000000000
21509  46.133  -62.160  23.864 0.0000000000
21525  43.969  -65.897  25.939 0.0000000000
21526  44.499  -65.349  25.987 0.0000000000
24160  49.652  -59.867  20.301 0.0000000000
24161  49.388  -59.451  19.529 0.0000000000
24162  47.771  -59.598  19.672 0.0000000000
24163  45.777  -59.013  19.249 0.0000000000
24400  55.882  -55.721  8.274 0.0000000000
24401  56.932  -54.986  7.820 0.0000000000
25245  46.502  -58.155  24.256 0.0000000000
25246  46.672  -58.496  25.029 0.0000000000
25247  47.711  -59.352  24.918 0.0000000000
25248  48.739  -60.280  24.651 0.0000000000
27832  47.125  -51.670  12.561 0.0000000000
27833  47.610  -51.306  11.538 0.0000000000
27834  48.425  -52.134  11.797 0.0000000000
27835  49.739  -52.631  11.104 0.0000000000
27836  51.082  -53.076  10.477 0.0000000000
27837  52.248  -53.625  9.991 0.0000000000
27838  51.779  -54.010  10.920 0.0000000000
27839  52.476  -55.000  11.318 0.0000000000
27840  52.900  -55.947  11.615 0.0000000000
27844  45.957  -54.727  19.060 0.0000000000
27845  47.030  -55.104  18.170 0.0000000000
27846  48.117  -57.632  16.271 0.0000000000
27847  49.525  -57.521  16.332 0.0000000000
27848  48.115  -57.263  15.329 0.0000000000
27849  48.440  -57.035  14.348 0.0000000000
27850  48.952  -56.930  13.395 0.0000000000
27851  49.794  -56.971  12.633 0.0000000000
27852  48.251  -56.695  12.271 0.0000000000
27853  47.758  -56.418  11.108 0.0000000000
27854  47.421  -56.298  9.914 0.0000000000
27855  47.411  -56.434  8.740 0.0000000000
27856  46.338  -56.308  9.580 0.0000000000
27857  45.243  -56.509  9.376 0.0000000000
27858  44.154  -56.829  9.394 0.0000000000
27872  47.302  -60.096  32.607 0.0000000000
27876  47.730  -63.479  28.567 0.0000000000
27877  48.215  -63.283  27.508 0.0000000000
27878  48.902  -63.129  26.317 0.0000000000
27879  47.858  -63.580  26.734 0.0000000000
27880  47.288  -63.839  26.067 0.0000000000
27881  46.399  -63.841  25.627 0.0000000000
31407  45.264  -50.351  13.329 0.0000000000
31409  44.815  -50.688  14.393 0.0000000000
31410  45.933  -51.207  13.431 0.0000000000
31411  46.687  -52.001  13.608 0.0000000000
31412  47.447  -52.732  13.883 0.0000000000
31413  48.326  -53.450  14.119 0.0000000000
31414  46.860  -56.521  20.956 0.0000000000
31415  47.207  -56.391  19.980 0.0000000000
31416  48.115  -57.110  19.971 0.0000000000
31417  49.213  -57.606  18.976 0.0000000000
31418  49.727  -58.235  17.981 0.0000000000
31419  48.963  -59.073  18.720 0.0000000000
31420  48.524  -58.638  17.912 0.0000000000
31421  48.230  -58.150  17.159 0.0000000000
31422  46.558  -57.531  16.318 0.0000000000
31423  45.224  -57.125  15.325 0.0000000000
31424  44.225  -56.853  14.055 0.0000000000
31425  43.582  -56.697  12.819 0.0000000000
31426  43.044  -56.945  13.938 0.0000000000
33765  45.174  -55.620  21.731 0.0000000000
33773  44.997  -55.954  22.593 0.0000000000
33774  45.846  -56.201  21.767 0.0000000000
33775  46.694  -56.840  21.821 0.0000000000
33776  47.869  -57.570  21.759 0.0000000000
33777  49.029  -58.326  21.637 0.0000000000
33778  47.610  -58.498  23.415 0.0000000000
33779  48.945  -58.795  22.460 0.0000000000
33780  50.028  -59.345  21.340 0.0000000000
33781  49.809  -60.349  21.038 0.0000000000
33782  48.417  -60.683  21.194 0.0000000000
33783  46.835  -60.662  21.604 0.0000000000
39031  48.099  -50.927  10.604 0.0000000000
39032  48.640  -50.575  9.786 0.0000000000
39037  54.004  -52.147  8.000 0.0000000000
39038  54.712  -53.167  8.391 0.0000000000
39039  55.355  -54.200  8.832 0.0000000000
39040  53.358  -54.134  9.701 0.0000000000
39041  54.509  -54.734  9.369 0.0000000000
39042  55.382  -55.210  8.931 0.0000000000
39043  54.894  -56.068  8.820 0.0000000000
39044  54.165  -56.578  8.555 0.0000000000
39051  45.251  -52.992  16.657 0.0000000000
39052  46.400  -53.340  15.840 0.0000000000
39053  47.704  -53.718  15.092 0.0000000000
39054  49.018  -54.154  14.401 0.0000000000
39055  47.579  -56.218  19.074 0.0000000000
39056  47.941  -55.840  18.236 0.0000000000
39057  48.311  -55.478  17.382 0.0000000000
39058  49.941  -56.821  16.505 0.0000000000
39059  49.476  -55.983  16.601 0.0000000000
39060  48.705  -55.177  16.578 0.0000000000
39061  49.149  -55.075  15.701 0.0000000000
39062  49.748  -54.978  14.732 0.0000000000
39063  50.377  -54.871  13.758 0.0000000000
39064  51.558  -55.614  13.174 0.0000000000
39065  52.415  -56.284  12.419 0.0000000000
39066  52.823  -56.747  11.663 0.0000000000
39067  50.775  -56.995  11.957 0.0000000000
39068  51.705  -57.007  11.340 0.0000000000
39069  52.555  -56.928  10.707 0.0000000000
39070  52.242  -56.785  9.650 0.0000000000
39071  52.051  -56.715  8.418 0.0000000000
39082  43.244  -56.689  11.602 0.0000000000
39083  43.043  -56.870  10.391 0.0000000000
39109  47.598  -61.065  33.517 0.0000000000
39110  47.815  -61.006  32.503 0.0000000000
39111  47.918  -60.856  31.420 0.0000000000
39112  48.615  -62.726  30.318 0.0000000000
39113  48.632  -61.556  30.371 0.0000000000
39114  47.904  -60.509  30.363 0.0000000000
39115  47.882  -60.113  29.289 0.0000000000
39118  48.229  -59.948  26.404 0.0000000000
39119  48.842  -60.674  25.505 0.0000000000
39120  49.608  -61.378  24.425 0.0000000000
39121  49.477  -62.762  25.244 0.0000000000
39122  49.761  -62.501  24.283 0.0000000000
39123  49.866  -61.967  23.463 0.0000000000
39124  48.782  -61.962  22.704 0.0000000000
39125  47.158  -61.317  22.398 0.0000000000
39126  45.415  -60.747  22.173 0.0000000000
39135  45.497  -66.262  28.633 0.0000000000
39143  45.104  -66.716  27.740 0.0000000000
39144  45.605  -65.900  27.598 0.0000000000
39145  45.360  -65.390  26.740 0.0000000000
39146  45.155  -64.585  25.968 0.0000000000
39147  45.040  -63.622  25.183 0.0000000000
39149  43.662  -63.306  24.593 0.0000000000
39150  44.862  -62.564  24.393 0.0000000000
39151  44.489  -61.705  23.602 0.0000000000
39152  44.011  -60.979  22.753 0.0000000000
41582  45.742  -60.083  21.058 0.0000000000
41583  45.517  -59.795  20.704 0.0000000000
41584  44.791  -59.827  20.895 0.0000000000
43622  49.273  -53.578  13.266 0.0000000000
43623  49.544  -53.455  12.782 0.0000000000
43624  49.914  -53.822  12.944 0.0000000000
43625  50.574  -54.111  12.633 0.0000000000
43626  50.282  -54.268  13.104 0.0000000000
43627  45.706  -55.641  20.892 0.0000000000
43628  45.859  -55.503  20.402 0.0000000000
43629  46.223  -55.835  20.413 0.0000000000
43630  45.156  -56.707  13.539 0.0000000000
43631  45.840  -56.722  13.580 0.0000000000
43632  45.466  -56.566  12.974 0.0000000000
43633  45.816  -56.487  12.406 0.0000000000
43634  45.150  -56.480  12.358 0.0000000000
43635  44.942  -56.414  11.770 0.0000000000
43636  44.542  -56.513  12.340 0.0000000000
43645  45.778  -65.116  28.774 0.0000000000
43646  46.109  -64.708  28.682 0.0000000000
43647  46.075  -64.996  28.326 0.0000000000
43648  46.295  -64.820  27.908 0.0000000000
43649  45.989  -65.271  27.948 0.0000000000
46025  45.367  -52.283  15.581 0.0000000000
46026  45.116  -52.479  16.054 0.0000000000
46027  49.507  -58.477  20.671 0.0000000000
46028  49.473  -58.315  20.296 0.0000000000
46029  49.862  -58.740  20.192 0.0000000000
46030  44.572  -58.223  17.971 0.0000000000
46031  45.287  -58.245  17.854 0.0000000000
46032  44.460  -57.960  17.462 0.0000000000
46033  44.421  -57.731  16.954 0.0000000000
46426  56.284  -54.243  8.465 0.0000000000
46427  56.509  -53.827  8.106 0.0000000000
46428  56.665  -54.316  8.214 0.0000000000
47833  45.251  -56.851  23.944 0.0000000000
47834  45.588  -57.217  23.997 0.0000000000
47835  46.048  -57.348  23.531 0.0000000000
47836  46.020  -57.574  23.954 0.0000000000
47837  49.231  -60.359  23.722 0.0000000000
47838  49.296  -60.083  23.430 0.0000000000
47839  49.727  -60.630  23.247 0.0000000000
47840  50.008  -60.926  22.668 0.0000000000
47841  50.025  -61.170  23.097 0.0000000000
52147  46.076  -50.487  12.346 0.0000000000
52148  46.304  -50.299  11.855 0.0000000000
52149  46.628  -50.693  11.874 0.0000000000
52150  50.868  -52.433  9.780 0.0000000000
52151  50.454  -51.994  9.652 0.0000000000
52152  51.126  -52.226  9.304 0.0000000000
52153  51.407  -51.981  8.959 0.0000000000
52154  51.756  -52.431  9.104 0.0000000000
52155  52.372  -52.646  8.919 0.0000000000
52156  52.099  -52.903  9.302 0.0000000000
52157  53.454  -56.036  10.842 0.0000000000
52158  53.669  -55.887  10.484 0.0000000000
52159  53.620  -56.313  10.525 0.0000000000
52160  53.682  -56.488  10.185 0.0000000000
52161  53.409  -56.670  10.500 0.0000000000
52165  46.876  -54.658  17.635 0.0000000000
52166  46.443  -54.343  17.607 0.0000000000
52167  47.057  -54.530  17.174 0.0000000000
52168  47.272  -54.369  16.676 0.0000000000
52169  47.688  -54.684  16.745 0.0000000000
52170  49.793  -57.637  17.682 0.0000000000
52171  49.622  -57.186  17.715 0.0000000000
52172  49.846  -57.508  17.248 0.0000000000
52173  50.122  -57.040  14.157 0.0000000000
52174  50.406  -56.935  14.768 0.0000000000
52175  50.678  -56.884  14.370 0.0000000000
52176  50.850  -56.563  14.441 0.0000000000
52177  50.896  -56.830  13.926 0.0000000000
52178  51.247  -56.794  13.537 0.0000000000
52179  50.824  -56.949  13.390 0.0000000000
52180  48.658  -56.349  9.696 0.0000000000
52181  49.311  -56.441  9.923 0.0000000000
52182  49.218  -56.420  9.356 0.0000000000
52183  49.765  -56.518  9.043 0.0000000000
52184  49.141  -56.484  8.743 0.0000000000
52185  49.165  -56.648  8.116 0.0000000000
52186  48.582  -56.507  8.481 0.0000000000
52214  47.026  -59.782  31.018 0.0000000000
52218  48.928  -62.573  27.882 0.0000000000
52219  49.090  -62.227  28.369 0.0000000000
52220  49.164  -62.027  27.891 0.0000000000
52221  49.071  -61.471  27.905 0.0000000000
52222  49.214  -61.836  27.384 0.0000000000
52223  49.302  -61.671  26.864 0.0000000000
52224  49.275  -62.218  26.820 0.0000000000
52225  47.043  -63.293  24.835 0.0000000000
52226  47.638  -63.117  24.535 0.0000000000
52227  47.041  -62.891  24.344 0.0000000000
52228  46.892  -62.421  23.994 0.0000000000
52229  46.317  -62.562  24.255 0.0000000000
52246  43.698  -65.463  25.557 0.0000000000
55627  48.962  -60.076  20.313 0.0000000000
55628  48.784  -59.851  19.928 0.0000000000
55629  47.962  -59.860  20.049 0.0000000000
55630  45.145  -59.229  19.903 0.0000000000
55631  45.967  -59.273  19.696 0.0000000000
55632  45.009  -58.982  19.448 0.0000000000
56026  55.589  -56.115  8.058 0.0000000000
56027  56.172  -55.847  7.855 0.0000000000
57437  47.368  -59.252  25.687 0.0000000000
57438  47.287  -59.106  25.338 0.0000000000
57439  47.760  -59.551  25.281 0.0000000000
57440  48.195  -59.810  24.842 0.0000000000
57441  48.272  -60.024  25.192 0.0000000000
61747  47.534  -52.052  12.684 0.0000000000
61748  47.760  -51.899  12.165 0.0000000000
61749  48.195  -52.288  12.309 0.0000000000
61750  49.950  -53.163  11.853 0.0000000000
61751  49.508  -52.781  11.637 0.0000000000
61752  50.161  -53.019  11.313 0.0000000000
61753  50.394  -52.854  10.778 0.0000000000
61754  50.823  -53.265  10.974 0.0000000000
61755  51.463  -53.533  10.707 0.0000000000
61756  51.242  -53.706  11.173 0.0000000000
61757  51.756  -54.867  12.122 0.0000000000
61758  51.945  -54.681  11.620 0.0000000000
61759  52.269  -55.160  11.820 0.0000000000
61760  52.737  -55.497  11.480 0.0000000000
61761  52.565  -55.664  11.912 0.0000000000
61765  46.153  -55.175  19.578 0.0000000000
61766  45.815  -54.853  19.560 0.0000000000
61767  46.343  -55.070  19.084 0.0000000000
61768  46.499  -54.935  18.596 0.0000000000
61769  46.885  -55.273  18.633 0.0000000000
61770  47.325  -57.355  15.835 0.0000000000
61771  48.086  -57.425  15.797 0.0000000000
61772  47.337  -57.166  15.325 0.0000000000
61773  47.204  -56.852  13.670 0.0000000000
61774  47.706  -56.968  14.289 0.0000000000
61775  47.930  -56.895  13.766 0.0000000000
61776  48.660  -56.968  13.849 0.0000000000
61777  48.217  -56.840  13.296 0.0000000000
61778  48.556  -56.816  12.846 0.0000000000
61779  47.854  -56.711  12.730 0.0000000000
61780  46.599  -56.361  11.418 0.0000000000
61781  47.290  -56.424  11.515 0.0000000000
61782  47.068  -56.331  10.929 0.0000000000
61783  47.542  -56.330  10.500 0.0000000000
61784  46.937  -56.268  10.331 0.0000000000
61785  46.849  -56.285  9.758 0.0000000000
61786  46.366  -56.263  10.189 0.0000000000
61787  44.678  -56.407  10.483 0.0000000000
61788  45.236  -56.385  9.945 0.0000000000
61789  44.690  -56.500  9.888 0.0000000000
61790  44.688  -56.652  9.366 0.0000000000
61791  44.142  -56.649  9.882 0.0000000000
61812  47.290  -59.812  33.725 0.0000000000
61813  47.078  -59.755  33.219 0.0000000000
61814  47.428  -60.162  33.120 0.0000000000
61818  47.005  -63.927  28.347 0.0000000000
61819  47.172  -63.748  28.690 0.0000000000
61820  47.441  -63.642  28.189 0.0000000000
61821  47.963  -63.376  28.041 0.0000000000
61822  47.739  -63.561  27.658 0.0000000000
61823  48.024  -63.488  27.110 0.0000000000
61824  47.572  -63.721  27.295 0.0000000000
61825  46.614  -64.389  26.844 0.0000000000
61826  47.098  -64.010  26.620 0.0000000000
61827  46.747  -64.137  26.314 0.0000000000
61828  46.877  -63.896  25.793 0.0000000000
61829  46.333  -64.234  26.024 0.0000000000
68945  44.954  -49.910  13.335 0.0000000000
68946  44.732  -50.062  13.853 0.0000000000
68950  44.940  -51.302  14.951 0.0000000000
68951  44.631  -50.864  14.939 0.0000000000
68952  45.132  -51.122  14.412 0.0000000000
68953  45.337  -50.938  13.854 0.0000000000
68954  45.692  -51.360  13.909 0.0000000000
68955  46.307  -51.623  13.504 0.0000000000
68956  46.077  -51.769  13.973 0.0000000000
68957  46.589  -52.689  14.739 0.0000000000
68958  46.820  -52.521  14.247 0.0000000000
68959  47.208  -52.891  14.358 0.0000000000
68960  47.913  -53.099  13.981 0.0000000000
68961  47.654  -53.247  14.437 0.0000000000
68962  47.406  -56.893  20.903 0.0000000000
68963  47.516  -56.809  20.447 0.0000000000
68964  48.005  -57.169  20.437 0.0000000000
68965  49.530  -58.068  19.428 0.0000000000
68966  49.111  -57.657  19.449 0.0000000000
68967  49.553  -57.992  18.949 0.0000000000
68968  49.690  -57.937  18.474 0.0000000000
68969  49.685  -58.337  18.439 0.0000000000
68970  48.477  -59.393  19.148 0.0000000000
68971  49.256  -59.300  19.114 0.0000000000
68972  48.215  -59.137  18.746 0.0000000000
68973  46.742  -58.317  17.718 0.0000000000
68974  47.745  -58.646  17.983 0.0000000000
68975  47.553  -58.377  17.642 0.0000000000
68976  48.347  -58.388  17.578 0.0000000000
68977  47.432  -58.099  17.226 0.0000000000
68978  47.352  -57.828  16.773 0.0000000000
68979  46.567  -57.772  16.821 0.0000000000
68980  44.445  -57.302  15.897 0.0000000000
68981  45.113  -57.305  15.930 0.0000000000
68982  44.561  -57.121  15.328 0.0000000000
68983  44.691  -56.963  14.720 0.0000000000
68984  44.072  -56.967  14.705 0.0000000000
68985  43.625  -56.875  14.024 0.0000000000
68986  43.441  -57.002  14.652 0.0000000000
70156  55.067  -52.167  7.713 0.0000000000
70158  55.578  -52.212  7.541 0.0000000000
70159  56.986  -52.820  7.322 0.0000000000
70160  56.602  -52.255  7.162 0.0000000000
70165  57.381  -54.517  7.492 0.0000000000
74360  44.843  -55.298  21.698 0.0000000000
74380  45.294  -56.461  23.048 0.0000000000
74381  44.922  -56.143  23.017 0.0000000000
74382  45.342  -56.272  22.581 0.0000000000
74383  45.416  -56.084  22.157 0.0000000000
74384  45.761  -56.387  22.164 0.0000000000
74385  46.216  -56.487  21.807 0.0000000000
74386  46.168  -56.699  22.211 0.0000000000
74387  47.121  -57.638  22.718 0.0000000000
74388  47.229  -57.418  22.276 0.0000000000
74389  47.871  -57.765  22.179 0.0000000000
74390  48.468  -57.929  21.679 0.0000000000
74391  48.449  -58.131  22.121 0.0000000000
74392  47.065  -58.514  24.216 0.0000000000
74393  47.016  -58.313  23.828 0.0000000000
74394  47.605  -58.708  23.795 0.0000000000
74395  49.500  -59.537  22.682 0.0000000000
74396  48.915  -59.079  22.831 0.0000000000
74397  49.535  -59.275  22.303 0.0000000000
74398  49.578  -58.992  21.935 0.0000000000
74399  50.017  -59.551  21.743 0.0000000000
74400  50.223  -59.888  21.147 0.0000000000
74401  50.120  -60.090  21.547 0.0000000000
74402  49.419  -61.187  21.743 0.0000000000
74403  49.314  -60.892  21.391 0.0000000000
74404  48.540  -60.972  21.557 0.0000000000
74405  47.595  -60.690  21.412 0.0000000000
74406  47.765  -60.986  21.747 0.0000000000
87325  46.766  -49.974  10.971 0.0000000000
87330  48.230  -51.495  11.150 0.0000000000
87331  47.839  -51.110  11.060 0.0000000000
87332  48.478  -51.319  10.676 0.0000000000
87333  49.631  -51.137  9.476 0.0000000000
87334  49.036  -50.958  9.799 0.0000000000
87335  49.299  -50.757  9.413 0.0000000000
87336  48.938  -50.387  9.381 0.0000000000
87337  49.615  -50.573  9.033 0.0000000000
87339  50.255  -50.768  8.797 0.0000000000
87340  51.979  -51.510  8.392 0.0000000000
87341  51.605  -51.099  8.329 0.0000000000
87342  52.262  -51.251  8.127 0.0000000000
87344  52.931  -51.422  7.972 0.0000000000
87345  53.604  -51.657  7.920 0.0000000000
87346  53.301  -51.884  8.084 0.0000000000
87347  53.723  -53.170  8.729 0.0000000000
87348  54.030  -52.929  8.402 0.0000000000
87349  54.380  -53.406  8.686 0.0000000000
87350  55.064  -53.658  8.631 0.0000000000
87351  54.725  -53.917  8.930 0.0000000000
87352  52.555  -54.089  10.261 0.0000000000
87353  52.808  -53.872  9.817 0.0000000000
87354  53.124  -54.387  10.077 0.0000000000
87355  54.242  -55.490  9.801 0.0000000000
87356  54.157  -54.971  9.694 0.0000000000
87357  54.578  -55.228  9.441 0.0000000000
87358  54.969  -54.993  9.151 0.0000000000
87359  54.958  -55.442  9.162 0.0000000000
87360  55.195  -55.658  8.897 0.0000000000
87361  54.732  -55.903  9.162 0.0000000000
87362  53.702  -56.624  9.366 0.0000000000
87363  54.108  -56.524  9.057 0.0000000000
87364  53.652  -56.613  8.867 0.0000000000
87365  53.680  -56.694  8.270 0.0000000000
87366  53.144  -56.682  8.525 0.0000000000
87378  45.675  -53.714  17.397 0.0000000000
87379  45.157  -53.537  17.880 0.0000000000
87380  45.345  -53.438  17.285 0.0000000000
87382  45.586  -53.316  16.763 0.0000000000
87383  45.803  -53.182  16.239 0.0000000000
87384  46.180  -53.496  16.358 0.0000000000
87385  47.782  -54.133  15.693 0.0000000000
87386  47.413  -53.841  15.568 0.0000000000
87387  48.079  -54.022  15.238 0.0000000000
87388  48.373  -53.907  14.755 0.0000000000
87389  48.716  -54.244  14.906 0.0000000000
87390  47.763  -56.666  19.508 0.0000000000
87391  47.376  -56.298  19.535 0.0000000000
87392  47.940  -56.558  19.066 0.0000000000
87393  48.918  -56.362  17.818 0.0000000000
87394  48.345  -56.210  18.226 0.0000000000
87395  48.543  -56.047  17.824 0.0000000000
87396  48.104  -55.639  17.794 0.0000000000
87397  48.743  -55.852  17.380 0.0000000000
87398  49.542  -57.392  15.881 0.0000000000
87399  49.966  -57.243  16.426 0.0000000000
87400  49.982  -57.188  16.016 0.0000000000
87401  50.092  -56.256  15.767 0.0000000000
87402  49.884  -56.300  16.182 0.0000000000
87403  49.673  -55.896  16.213 0.0000000000
87404  49.147  -55.586  16.611 0.0000000000
87405  49.327  -55.491  16.211 0.0000000000
87406  48.918  -55.106  16.141 0.0000000000
87407  49.546  -55.443  15.819 0.0000000000
87408  50.616  -55.775  14.498 0.0000000000
87409  50.080  -55.392  14.877 0.0000000000
87410  50.368  -55.332  14.430 0.0000000000
87411  50.072  -54.948  14.252 0.0000000000
87412  50.715  -55.335  13.938 0.0000000000
87413  51.033  -55.252  13.472 0.0000000000
87414  51.279  -55.724  13.610 0.0000000000
87415  52.019  -56.660  12.769 0.0000000000
87416  52.094  -56.344  12.788 0.0000000000
87417  52.384  -56.637  12.400 0.0000000000
87418  52.683  -56.538  12.041 0.0000000000
87419  52.454  -56.855  11.989 0.0000000000
87420  49.462  -56.835  12.054 0.0000000000
87421  50.264  -56.990  12.284 0.0000000000
87422  49.941  -56.853  11.706 0.0000000000
87423  50.705  -56.728  10.519 0.0000000000
87424  50.930  -56.894  11.108 0.0000000000
87425  51.425  -56.899  10.790 0.0000000000
87426  52.152  -56.987  11.021 0.0000000000
87427  51.904  -56.894  10.492 0.0000000000
87428  52.374  -56.889  10.232 0.0000000000
87429  51.738  -56.799  9.911 0.0000000000
87430  50.859  -56.673  8.408 0.0000000000
87431  51.488  -56.687  8.724 0.0000000000
87442  46.872  -56.550  8.561 0.0000000000
87457  43.043  -56.777  12.789 0.0000000000
87458  43.380  -56.683  12.204 0.0000000000
87459  42.801  -56.798  12.187 0.0000000000
87461  42.568  -56.936  10.982 0.0000000000
87462  42.503  -57.094  10.452 0.0000000000
87463  43.063  -57.068  9.880 0.0000000000
87526  47.511  -61.101  34.062 0.0000000000
87527  47.337  -61.506  33.457 0.0000000000
87528  47.903  -62.002  31.898 0.0000000000
87529  47.761  -61.506  32.445 0.0000000000
87530  48.070  -61.467  31.959 0.0000000000
87531  47.912  -60.980  31.966 0.0000000000
87532  48.179  -61.333  31.419 0.0000000000
87535  48.473  -62.997  29.838 0.0000000000
87536  48.949  -61.676  29.339 0.0000000000
87537  48.946  -61.933  29.813 0.0000000000
87538  48.746  -61.317  29.913 0.0000000000
87539  48.326  -60.996  30.382 0.0000000000
87540  48.353  -60.788  29.899 0.0000000000
87541  47.978  -60.318  29.836 0.0000000000
87542  48.306  -60.576  29.313 0.0000000000
87543  48.502  -60.445  27.771 0.0000000000
87544  48.153  -60.218  28.264 0.0000000000
87545  48.006  -60.002  27.760 0.0000000000
87547  47.842  -59.798  27.279 0.0000000000
87548  47.739  -59.647  26.829 0.0000000000
87549  48.254  -60.084  26.824 0.0000000000
87550  49.306  -61.289  25.949 0.0000000000
87551  48.952  -60.801  25.970 0.0000000000
87552  49.225  -61.155  25.481 0.0000000000
87553  49.194  -61.064  24.952 0.0000000000
87554  49.494  -61.526  24.955 0.0000000000
87555  48.724  -63.291  25.961 0.0000000000
87556  49.185  -62.907  25.790 0.0000000000
87557  48.978  -63.139  25.424 0.0000000000
87558  48.865  -62.894  24.025 0.0000000000
87559  49.325  -62.886  24.351 0.0000000000
87560  49.416  -62.660  23.879 0.0000000000
87561  49.788  -62.266  23.852 0.0000000000
87562  49.509  -62.453  23.388 0.0000000000
87563  49.429  -62.103  23.018 0.0000000000
87564  48.835  -62.307  23.136 0.0000000000
87565  46.658  -61.689  23.133 0.0000000000
87566  47.313  -61.693  22.823 0.0000000000
87567  46.493  -61.354  22.716 0.0000000000
87568  46.290  -61.018  22.269 0.0000000000
87569  45.635  -61.094  22.644 0.0000000000
87611  44.564  -66.428  26.847 0.0000000000
87612  44.748  -66.715  27.301 0.0000000000
87613  44.968  -66.431  27.253 0.0000000000
87614  45.369  -66.333  27.659 0.0000000000
87615  45.198  -66.064  27.196 0.0000000000
87616  45.460  -65.657  27.159 0.0000000000
87617  45.062  -65.761  26.772 0.0000000000
87618  44.264  -64.882  25.613 0.0000000000
87619  44.778  -64.982  25.998 0.0000000000
87620  44.586  -64.516  25.655 0.0000000000
87621  45.100  -64.132  25.587 0.0000000000
87622  44.478  -64.020  25.282 0.0000000000
87629  44.205  -62.916  24.517 0.0000000000
87630  44.056  -62.394  24.145 0.0000000000
87631  44.706  -62.100  24.006 0.0000000000
87632  43.906  -61.909  23.797 0.0000000000
93280  47.337  -60.103  20.667 0.0000000000
93281  47.162  -59.802  20.269 0.0000000000
93282  46.310  -59.787  20.508 0.0000000000
93283  45.290  -59.501  20.334 0.0000000000
94368  47.472  -59.378  26.010 0.0000000000
96952  48.393  -52.831  12.967 0.0000000000
96953  48.632  -52.683  12.456 0.0000000000
96954  49.084  -53.075  12.607 0.0000000000
96955  49.745  -53.310  12.305 0.0000000000
96956  50.385  -53.565  12.025 0.0000000000
96957  51.048  -53.865  11.678 0.0000000000
96958  50.814  -53.992  12.170 0.0000000000
96959  51.202  -54.476  12.368 0.0000000000
96960  51.550  -54.991  12.573 0.0000000000
96961  45.035  -55.005  20.897 0.0000000000
96962  45.159  -54.828  20.460 0.0000000000
96963  45.505  -55.154  20.421 0.0000000000
96964  46.004  -55.344  19.960 0.0000000000
96965  46.580  -55.563  19.562 0.0000000000
96966  46.065  -56.962  14.741 0.0000000000
96967  46.762  -56.982  14.791 0.0000000000
96968  46.263  -56.845  14.193 0.0000000000
96969  46.526  -56.775  13.617 0.0000000000
96970  46.888  -56.685  13.075 0.0000000000
96971  47.233  -56.609  12.597 0.0000000000
96972  46.521  -56.535  12.479 0.0000000000
96973  46.190  -56.407  11.901 0.0000000000
96974  45.960  -56.337  11.328 0.0000000000
96975  45.854  -56.279  10.679 0.0000000000
96976  45.375  -56.342  11.217 0.0000000000
96977  44.780  -56.375  11.118 0.0000000000
96978  44.252  -56.484  11.021 0.0000000000
96992  47.682  -60.314  34.158 0.0000000000
96996  46.525  -64.305  28.546 0.0000000000
96997  46.862  -64.155  28.018 0.0000000000
96998  47.133  -64.019  27.477 0.0000000000
96999  46.690  -64.389  27.732 0.0000000000
97000  46.479  -64.594  27.428 0.0000000000
97001  46.163  -64.824  27.019 0.0000000000
101275  44.749  -51.474  15.512 0.0000000000
101276  45.259  -51.721  14.975 0.0000000000
101277  45.841  -51.916  14.504 0.0000000000
101278  45.618  -52.106  15.070 0.0000000000
101279  46.000  -52.477  15.117 0.0000000000
101280  46.337  -52.835  15.212 0.0000000000
101281  48.416  -57.625  20.826 0.0000000000
101282  48.459  -57.503  20.380 0.0000000000
101283  48.991  -57.909  20.352 0.0000000000
101284  49.469  -58.190  19.888 0.0000000000
101285  49.772  -58.513  19.359 0.0000000000
101286  46.348  -58.812  18.658 0.0000000000
101287  47.143  -58.867  18.500 0.0000000000
101288  46.153  -58.549  18.211 0.0000000000
101289  46.017  -58.290  17.778 0.0000000000
101290  45.892  -58.005  17.335 0.0000000000
101291  45.796  -57.739  16.885 0.0000000000
101292  45.113  -57.743  16.915 0.0000000000
101293  44.392  -57.495  16.419 0.0000000000
101294  43.806  -57.297  15.899 0.0000000000
101295  43.279  -57.145  15.280 0.0000000000
101998  55.750  -53.205  8.095 0.0000000000
101999  55.966  -52.743  7.732 0.0000000000
102000  56.273  -53.286  7.933 0.0000000000
102001  56.762  -53.335  7.740 0.0000000000
102002  57.237  -53.390  7.495 0.0000000000
104533  45.279  -56.645  23.473 0.0000000000
104534  45.661  -56.786  23.061 0.0000000000
104535  46.108  -56.894  22.652 0.0000000000
104536  46.062  -57.122  23.089 0.0000000000
104537  46.547  -57.486  23.137 0.0000000000
104538  47.073  -57.852  23.081 0.0000000000
104539  48.172  -59.374  24.107 0.0000000000
104540  48.194  -59.135  23.724 0.0000000000
104541  48.778  -59.588  23.597 0.0000000000
104542  49.413  -59.778  23.078 0.0000000000
104543  49.929  -60.084  22.479 0.0000000000
104544  50.128  -60.362  21.889 0.0000000000
104545  50.109  -60.664  22.247 0.0000000000
104546  49.963  -61.173  22.063 0.0000000000
104547  49.434  -61.431  22.131 0.0000000000
112297  45.439  -49.649  12.340 0.0000000000
112299  45.973  -49.888  11.863 0.0000000000
112300  46.533  -50.135  11.395 0.0000000000
112301  47.093  -50.345  10.961 0.0000000000
112302  49.536  -52.007  10.421 0.0000000000
112303  49.125  -51.577  10.319 0.0000000000
112304  49.778  -51.798  9.976 0.0000000000
112305  49.991  -51.564  9.509 0.0000000000
112306  50.313  -51.336  9.163 0.0000000000
112307  50.632  -51.143  8.843 0.0000000000
112308  51.023  -51.531  8.888 0.0000000000
112309  51.709  -51.744  8.659 0.0000000000
112310  52.350  -51.925  8.461 0.0000000000
112311  52.996  -52.114  8.301 0.0000000000
112312  52.698  -52.381  8.577 0.0000000000
112313  53.036  -52.896  8.771 0.0000000000
112314  53.435  -53.404  9.042 0.0000000000
112315  53.159  -55.147  10.638 0.0000000000
112316  53.401  -54.916  10.259 0.0000000000
112317  53.583  -55.426  10.379 0.0000000000
112318  53.922  -55.690  10.121 0.0000000000
112319  54.191  -55.950  9.850 0.0000000000
112320  54.344  -56.143  9.482 0.0000000000
112321  53.974  -56.307  9.845 0.0000000000
112322  53.674  -56.577  9.784 0.0000000000
112323  53.291  -56.745  9.648 0.0000000000
112329  45.741  -54.289  18.533 0.0000000000
112330  45.380  -53.982  18.499 0.0000000000
112331  45.898  -54.167  18.048 0.0000000000
112332  46.048  -54.029  17.523 0.0000000000
112333  46.269  -53.925  17.001 0.0000000000
112334  46.516  -53.788  16.473 0.0000000000
112335  46.873  -54.072  16.581 0.0000000000
112336  47.510  -54.236  16.192 0.0000000000
112337  48.131  -54.425  15.853 0.0000000000
112338  49.018  -57.100  18.578 0.0000000000
112339  48.600  -56.737  18.614 0.0000000000
112340  49.197  -56.938  18.151 0.0000000000
112341  49.311  -56.758  17.752 0.0000000000
112342  49.491  -56.571  17.382 0.0000000000
112343  49.682  -57.178  15.013 0.0000000000
112344  50.031  -57.085  15.600 0.0000000000
112345  50.171  -56.997  15.160 0.0000000000
112346  50.413  -56.666  15.307 0.0000000000
112347  50.374  -56.230  15.323 0.0000000000
112348  50.147  -55.811  15.346 0.0000000000
112349  50.578  -56.200  14.896 0.0000000000
112350  50.797  -56.184  14.485 0.0000000000
112351  51.107  -56.147  14.092 0.0000000000
112352  51.436  -56.119  13.647 0.0000000000
112353  51.454  -56.485  13.623 0.0000000000
112354  51.638  -56.742  13.161 0.0000000000
112355  51.700  -56.937  12.697 0.0000000000
112356  48.928  -56.522  10.897 0.0000000000
112357  49.686  -56.681  11.118 0.0000000000
112358  49.475  -56.536  10.517 0.0000000000
112359  50.004  -56.572  10.211 0.0000000000
112360  50.551  -56.633  9.919 0.0000000000
112361  51.093  -56.706  9.621 0.0000000000
112362  50.420  -56.604  9.330 0.0000000000
112363  50.332  -56.609  8.733 0.0000000000
112379  42.251  -56.958  12.171 0.0000000000
112423  48.087  -62.411  31.391 0.0000000000
112424  48.574  -62.937  28.891 0.0000000000
112425  48.846  -62.712  29.290 0.0000000000
112426  48.969  -62.471  28.823 0.0000000000
112427  49.090  -61.993  28.816 0.0000000000
112428  48.930  -61.412  28.861 0.0000000000
112429  48.611  -60.874  28.808 0.0000000000
112430  48.847  -61.197  28.370 0.0000000000
112431  48.874  -60.957  27.826 0.0000000000
112432  48.834  -60.742  27.322 0.0000000000
112433  48.756  -60.581  26.839 0.0000000000
112434  49.132  -61.058  26.889 0.0000000000
112435  49.294  -61.482  26.355 0.0000000000
112436  49.496  -61.867  25.813 0.0000000000
112437  48.100  -63.445  25.218 0.0000000000
112438  48.632  -63.264  25.086 0.0000000000
112439  48.174  -63.278  24.756 0.0000000000
112440  48.253  -63.027  24.243 0.0000000000
112441  48.286  -62.694  23.808 0.0000000000
112442  48.181  -62.371  23.359 0.0000000000
112443  47.478  -62.374  23.638 0.0000000000
112444  46.747  -62.059  23.544 0.0000000000
112445  45.973  -61.777  23.435 0.0000000000
112472  44.143  -66.313  26.438 0.0000000000
112473  44.380  -66.085  26.411 0.0000000000
112474  44.673  -65.781  26.382 0.0000000000
112475  44.232  -65.645  25.963 0.0000000000
112476  43.999  -65.182  25.596 0.0000000000
112477  43.744  -64.686  25.251 0.0000000000
117814  49.962  -59.384  20.464 0.0000000000
117815  49.970  -59.248  20.026 0.0000000000
117816  49.483  -59.656  19.918 0.0000000000
117817  48.652  -59.632  19.521 0.0000000000
117818  47.615  -59.373  19.284 0.0000000000
117819  46.953  -59.574  19.904 0.0000000000
117820  46.735  -59.305  19.471 0.0000000000
117821  46.536  -59.066  19.060 0.0000000000
117822  45.606  -58.769  18.823 0.0000000000
117823  44.717  -58.500  18.500 0.0000000000
118372  56.118  -55.250  8.440 0.0000000000
118373  56.619  -54.842  8.196 0.0000000000
118374  56.434  -55.379  8.067 0.0000000000
118375  56.716  -55.499  7.633 0.0000000000
120345  46.042  -57.774  24.321 0.0000000000
120346  46.076  -57.959  24.715 0.0000000000
120347  46.585  -58.345  24.649 0.0000000000
120348  47.137  -58.719  24.591 0.0000000000
120349  46.757  -58.678  25.394 0.0000000000
120350  47.204  -58.917  24.971 0.0000000000
120351  47.668  -59.137  24.557 0.0000000000
120352  48.179  -59.603  24.467 0.0000000000
120353  48.702  -60.073  24.297 0.0000000000
120354  49.210  -60.553  24.082 0.0000000000
126382  46.744  -51.269  12.445 0.0000000000
126383  46.990  -51.101  11.934 0.0000000000
126384  47.387  -51.517  12.037 0.0000000000
126385  48.009  -51.716  11.658 0.0000000000
126386  48.648  -51.953  11.264 0.0000000000
126387  48.847  -52.534  11.964 0.0000000000
126388  49.074  -52.381  11.440 0.0000000000
126389  49.297  -52.198  10.899 0.0000000000
126390  49.966  -52.436  10.594 0.0000000000
126391  50.625  -52.646  10.242 0.0000000000
126392  51.277  -52.885  9.971 0.0000000000
126393  51.902  -53.154  9.735 0.0000000000
126394  51.700  -53.355  10.219 0.0000000000
126395  51.993  -53.814  10.466 0.0000000000
126396  52.333  -54.303  10.675 0.0000000000
126397  51.603  -54.191  11.401 0.0000000000
126398  52.140  -54.502  11.123 0.0000000000
126399  52.679  -54.814  10.846 0.0000000000
126400  52.973  -55.343  11.012 0.0000000000
126401  53.120  -55.788  11.199 0.0000000000
126402  53.210  -56.191  11.245 0.0000000000
126407  45.097  -54.171  19.506 0.0000000000
126408  45.291  -54.630  20.029 0.0000000000
126409  45.440  -54.506  19.519 0.0000000000
126410  45.581  -54.384  19.019 0.0000000000
126411  46.091  -54.606  18.583 0.0000000000
126412  46.649  -54.778  18.112 0.0000000000
126413  47.271  -54.954  17.714 0.0000000000
126414  48.963  -57.868  16.698 0.0000000000
126415  49.590  -57.715  16.775 0.0000000000
126416  48.864  -57.630  16.269 0.0000000000
126417  48.826  -57.456  15.799 0.0000000000
126418  48.894  -57.336  15.376 0.0000000000
126419  47.505  -57.052  14.808 0.0000000000
126420  48.277  -57.149  14.848 0.0000000000
126421  49.024  -57.213  14.906 0.0000000000
126422  49.150  -57.105  14.396 0.0000000000
126423  49.414  -57.037  13.977 0.0000000000
126424  49.754  -57.005  13.565 0.0000000000
126425  50.122  -56.977  13.182 0.0000000000
126426  49.333  -56.920  12.997 0.0000000000
126427  48.983  -56.816  12.438 0.0000000000
126428  48.704  -56.667  11.845 0.0000000000
126429  47.573  -56.572  12.129 0.0000000000
126430  48.024  -56.532  11.708 0.0000000000
126431  48.474  -56.525  11.293 0.0000000000
126432  48.203  -56.424  10.703 0.0000000000
126433  48.068  -56.326  10.090 0.0000000000
126434  47.994  -56.342  9.524 0.0000000000
126435  47.999  -56.410  8.924 0.0000000000
126436  47.405  -56.328  9.337 0.0000000000
126437  46.858  -56.364  9.148 0.0000000000
126438  46.321  -56.443  8.987 0.0000000000
126439  45.794  -56.303  10.056 0.0000000000
126440  45.797  -56.394  9.451 0.0000000000
126441  45.765  -56.536  8.876 0.0000000000
126442  45.213  -56.686  8.853 0.0000000000
126443  44.725  -56.872  8.886 0.0000000000
126475  46.896  -59.709  32.691 0.0000000000
126476  47.158  -60.059  32.059 0.0000000000
126483  47.409  -63.599  29.117 0.0000000000
126484  48.001  -63.356  29.000 0.0000000000
126485  48.289  -63.182  28.453 0.0000000000
126486  48.478  -63.035  27.928 0.0000000000
126487  48.709  -62.922  27.384 0.0000000000
126488  48.977  -62.751  26.844 0.0000000000
126489  48.503  -63.202  26.949 0.0000000000
126490  48.400  -63.365  26.513 0.0000000000
126491  48.180  -63.476  26.202 0.0000000000
126492  47.349  -63.848  26.950 0.0000000000
126493  47.606  -63.729  26.386 0.0000000000
126494  47.871  -63.592  25.846 0.0000000000
126495  47.467  -63.620  25.544 0.0000000000
126496  47.005  -63.620  25.331 0.0000000000
126497  46.406  -63.482  25.154 0.0000000000
135715  45.195  -49.809  12.823 0.0000000000
135716  45.471  -50.224  12.841 0.0000000000
135717  45.844  -50.648  12.830 0.0000000000
135723  44.516  -50.256  14.391 0.0000000000
135724  45.025  -50.503  13.837 0.0000000000
135725  45.603  -50.797  13.345 0.0000000000
135726  46.179  -51.050  12.901 0.0000000000
135727  46.521  -51.440  12.983 0.0000000000
135728  46.901  -51.847  13.082 0.0000000000
135729  47.308  -52.194  13.197 0.0000000000
135730  46.444  -52.135  14.116 0.0000000000
135731  47.071  -52.356  13.734 0.0000000000
135732  47.710  -52.560  13.353 0.0000000000
135733  48.143  -52.949  13.507 0.0000000000
135734  48.636  -53.338  13.617 0.0000000000
135735  48.965  -53.678  13.789 0.0000000000
135736  46.464  -56.225  20.957 0.0000000000
135737  46.642  -56.130  20.446 0.0000000000
135738  47.062  -56.454  20.447 0.0000000000
135739  47.615  -56.785  19.951 0.0000000000
135740  48.202  -57.016  19.494 0.0000000000
135741  48.591  -57.437  19.941 0.0000000000
135742  48.675  -57.362  19.469 0.0000000000
135743  48.799  -57.255  19.007 0.0000000000
135744  49.351  -57.485  18.533 0.0000000000
135745  49.765  -57.804  18.071 0.0000000000
135746  49.707  -58.066  17.558 0.0000000000
135747  49.786  -59.082  19.641 0.0000000000
135748  49.708  -58.961  19.241 0.0000000000
135749  49.552  -58.870  18.799 0.0000000000
135750  47.965  -58.895  18.348 0.0000000000
135751  48.769  -58.886  18.318 0.0000000000
135752  49.361  -58.678  18.372 0.0000000000
135753  49.254  -58.531  17.949 0.0000000000
135754  49.100  -58.295  17.553 0.0000000000
135755  49.028  -58.077  17.127 0.0000000000
135756  48.147  -57.881  16.732 0.0000000000
135757  47.326  -57.572  16.317 0.0000000000
135758  46.572  -57.323  15.837 0.0000000000
135759  45.780  -57.520  16.411 0.0000000000
135760  45.840  -57.318  15.848 0.0000000000
135761  45.913  -57.134  15.293 0.0000000000
135762  45.381  -56.963  14.697 0.0000000000
135763  44.880  -56.844  14.102 0.0000000000
135764  44.492  -56.739  13.461 0.0000000000
135765  44.196  -56.643  12.862 0.0000000000
135766  43.866  -56.751  13.438 0.0000000000
135767  43.300  -56.814  13.389 0.0000000000
135768  42.719  -56.905  13.376 0.0000000000
135769  42.816  -57.066  14.643 0.0000000000
137253  56.092  -52.247  7.390 0.0000000000
137259  57.032  -54.413  7.882 0.0000000000
137260  57.386  -53.949  7.562 0.0000000000
142405  44.939  -55.135  21.296 0.0000000000
142406  45.271  -55.461  21.307 0.0000000000
142407  45.611  -55.779  21.326 0.0000000000
142432  45.058  -55.780  22.155 0.0000000000
142433  45.509  -55.917  21.741 0.0000000000
142434  45.962  -56.063  21.363 0.0000000000
142435  46.312  -56.334  21.405 0.0000000000
142436  46.777  -56.649  21.379 0.0000000000
142437  47.331  -57.006  21.314 0.0000000000
142438  46.644  -57.041  22.264 0.0000000000
142439  47.274  -57.208  21.806 0.0000000000
142440  47.856  -57.384  21.309 0.0000000000
142441  48.431  -57.760  21.262 0.0000000000
142442  49.014  -58.162  21.195 0.0000000000
142443  49.555  -58.606  21.108 0.0000000000
142444  46.487  -57.942  23.867 0.0000000000
142445  46.994  -58.080  23.448 0.0000000000
142446  47.659  -58.226  23.027 0.0000000000
142447  48.230  -58.919  23.322 0.0000000000
142448  48.268  -58.617  22.966 0.0000000000
142449  48.322  -58.350  22.576 0.0000000000
142450  48.988  -58.529  22.067 0.0000000000
142451  49.591  -58.807  21.511 0.0000000000
142452  49.994  -59.104  20.989 0.0000000000
142453  50.040  -59.631  20.807 0.0000000000
142454  49.712  -60.066  20.688 0.0000000000
142455  49.090  -60.342  20.682 0.0000000000
142456  49.869  -60.572  21.394 0.0000000000
142457  49.174  -60.585  21.057 0.0000000000
142458  48.290  -60.424  20.846 0.0000000000
142459  47.470  -60.403  21.053 0.0000000000
142460  46.659  -60.360  21.247 0.0000000000
142461  45.896  -60.340  21.435 0.0000000000
158047  47.203  -50.905  11.438 0.0000000000
158048  47.448  -50.734  10.998 0.0000000000
158049  47.733  -50.550  10.559 0.0000000000
158050  48.755  -51.147  10.231 0.0000000000
158051  48.386  -50.749  10.178 0.0000000000
158052  48.016  -50.362  10.145 0.0000000000
158059  50.941  -50.948  8.546 0.0000000000
158066  54.359  -51.923  7.816 0.0000000000
158067  54.749  -52.428  7.970 0.0000000000
158068  53.674  -52.385  8.215 0.0000000000
158069  54.362  -52.680  8.163 0.0000000000
158070  55.037  -52.918  8.184 0.0000000000
158071  55.427  -53.415  8.363 0.0000000000
158072  55.695  -53.951  8.546 0.0000000000
158073  55.842  -54.477  8.680 0.0000000000
158074  52.507  -53.420  9.508 0.0000000000
158075  53.105  -53.636  9.400 0.0000000000
158076  53.707  -53.912  9.307 0.0000000000
158077  53.654  -54.670  9.886 0.0000000000
158078  53.962  -54.439  9.521 0.0000000000
158079  54.351  -54.181  9.189 0.0000000000
158080  54.928  -54.464  9.089 0.0000000000
158081  55.413  -54.728  8.916 0.0000000000
158082  55.829  -54.982  8.736 0.0000000000
158083  55.669  -55.471  8.688 0.0000000000
158084  55.402  -55.868  8.531 0.0000000000
158085  55.081  -56.223  8.365 0.0000000000
158086  54.458  -56.279  9.141 0.0000000000
158087  54.591  -56.431  8.723 0.0000000000
158088  54.693  -56.511  8.202 0.0000000000
158110  45.465  -52.856  16.116 0.0000000000
158111  46.045  -53.006  15.720 0.0000000000
158112  46.653  -53.187  15.354 0.0000000000
158113  46.774  -53.655  15.953 0.0000000000
158114  47.037  -53.532  15.470 0.0000000000
158115  47.326  -53.383  14.967 0.0000000000
158116  48.017  -53.584  14.587 0.0000000000
158117  48.663  -53.786  14.294 0.0000000000
158118  49.317  -54.061  13.928 0.0000000000
158119  46.824  -56.058  19.981 0.0000000000
158120  47.050  -55.987  19.536 0.0000000000
158121  47.188  -55.840  19.091 0.0000000000
158122  48.138  -56.397  18.638 0.0000000000
158123  47.774  -56.034  18.657 0.0000000000
158124  47.323  -55.645  18.660 0.0000000000
158125  47.484  -55.445  18.231 0.0000000000
158126  47.681  -55.272  17.763 0.0000000000
158127  47.905  -55.125  17.348 0.0000000000
158128  49.857  -57.347  16.844 0.0000000000
158129  49.840  -56.905  16.908 0.0000000000
158130  49.634  -56.458  16.963 0.0000000000
158131  50.057  -56.811  16.135 0.0000000000
158132  49.750  -56.390  16.559 0.0000000000
158133  49.311  -56.075  16.962 0.0000000000
158134  48.939  -55.715  16.997 0.0000000000
158135  48.519  -55.344  16.997 0.0000000000
158136  48.092  -54.985  16.918 0.0000000000
158137  48.294  -54.861  16.442 0.0000000000
158138  48.505  -54.771  16.000 0.0000000000
158139  48.773  -54.693  15.537 0.0000000000
158140  49.816  -55.420  15.328 0.0000000000
158141  49.451  -55.042  15.219 0.0000000000
158142  49.073  -54.613  15.043 0.0000000000
158143  49.384  -54.549  14.552 0.0000000000
158144  49.696  -54.483  14.060 0.0000000000
158145  49.992  -54.393  13.577 0.0000000000
158146  50.661  -54.774  13.285 0.0000000000
158147  51.305  -55.129  13.040 0.0000000000
158148  51.864  -55.481  12.725 0.0000000000
158149  51.730  -56.053  13.203 0.0000000000
158150  52.019  -55.958  12.770 0.0000000000
158151  52.312  -55.815  12.351 0.0000000000
158152  52.704  -56.138  12.022 0.0000000000
158153  53.002  -56.350  11.650 0.0000000000
158154  53.094  -56.593  11.254 0.0000000000
158155  50.565  -57.022  12.831 0.0000000000
158156  51.051  -57.062  12.494 0.0000000000
158157  51.505  -57.038  12.183 0.0000000000
158158  50.454  -56.869  11.395 0.0000000000
158159  51.226  -57.018  11.674 0.0000000000
158160  51.976  -57.052  11.861 0.0000000000
158161  52.385  -56.973  11.520 0.0000000000
158162  52.734  -56.898  11.189 0.0000000000
158163  53.094  -56.811  10.843 0.0000000000
158164  52.989  -56.894  10.402 0.0000000000
158165  52.818  -56.817  9.927 0.0000000000
158166  52.744  -56.753  9.423 0.0000000000
158167  51.635  -56.729  9.301 0.0000000000
158168  52.143  -56.699  9.025 0.0000000000
158169  52.654  -56.705  8.790 0.0000000000
158170  52.586  -56.756  8.159 0.0000000000
158182  48.014  -56.555  8.316 0.0000000000
158200  43.978  -56.607  12.224 0.0000000000
158201  43.830  -56.587  11.594 0.0000000000
158202  43.700  -56.611  10.994 0.0000000000
158203  42.690  -56.848  11.580 0.0000000000
158204  43.137  -56.762  10.983 0.0000000000
158205  43.618  -56.684  10.397 0.0000000000
158206  43.594  -56.838  9.878 0.0000000000
158207  43.612  -57.094  9.401 0.0000000000
158282  47.692  -60.736  34.075 0.0000000000
158283  47.658  -60.635  33.550 0.0000000000
158284  47.545  -61.533  32.939 0.0000000000
158285  47.730  -61.020  33.008 0.0000000000
158286  47.660  -60.598  33.042 0.0000000000
158287  47.663  -60.561  32.545 0.0000000000
158288  47.559  -60.500  32.007 0.0000000000
158289  47.495  -60.353  31.503 0.0000000000
158292  48.470  -62.309  30.871 0.0000000000
158293  48.862  -62.516  29.773 0.0000000000
158294  48.744  -62.154  30.339 0.0000000000
158295  48.498  -61.711  30.901 0.0000000000
158296  48.300  -61.191  30.876 0.0000000000
158297  47.896  -60.685  30.912 0.0000000000
158298  47.466  -60.217  30.949 0.0000000000
158299  47.519  -60.041  30.384 0.0000000000
158300  47.483  -59.881  29.880 0.0000000000
158302  48.211  -60.387  28.783 0.0000000000
158303  47.739  -59.946  28.785 0.0000000000
158309  47.642  -59.523  26.404 0.0000000000
158310  48.018  -59.838  25.997 0.0000000000
158311  48.684  -60.452  26.423 0.0000000000
158312  48.534  -60.311  25.981 0.0000000000
158313  48.397  -60.184  25.576 0.0000000000
158314  48.812  -60.556  25.093 0.0000000000
158315  49.235  -60.815  24.511 0.0000000000
158316  49.650  -61.104  23.998 0.0000000000
158317  49.293  -62.608  26.233 0.0000000000
158318  49.459  -62.412  25.741 0.0000000000
158319  49.657  -62.262  25.243 0.0000000000
158320  49.242  -63.025  24.886 0.0000000000
158321  49.663  -62.639  24.769 0.0000000000
158322  49.746  -62.110  24.804 0.0000000000
158323  49.809  -61.957  24.361 0.0000000000
158324  49.883  -61.708  23.932 0.0000000000
158325  49.869  -61.409  23.531 0.0000000000
158326  49.875  -61.720  23.016 0.0000000000
158327  49.452  -61.781  22.588 0.0000000000
158328  48.749  -61.598  22.299 0.0000000000
158329  48.103  -62.028  22.949 0.0000000000
158330  48.021  -61.671  22.521 0.0000000000
158331  47.919  -61.330  22.092 0.0000000000
158332  47.012  -61.006  21.993 0.0000000000
158333  46.103  -60.689  21.854 0.0000000000
158334  45.169  -60.410  21.728 0.0000000000
158361  45.618  -65.854  28.543 0.0000000000
158386  45.406  -66.524  28.174 0.0000000000
158387  45.618  -66.101  28.093 0.0000000000
158388  45.763  -65.683  28.022 0.0000000000
158389  45.833  -65.464  27.552 0.0000000000
158390  45.760  -65.261  27.100 0.0000000000
158391  45.729  -64.996  26.664 0.0000000000
158392  44.967  -65.418  26.389 0.0000000000
158393  45.238  -65.042  26.355 0.0000000000
158394  45.763  -64.626  26.226 0.0000000000
158395  45.737  -64.217  25.853 0.0000000000
158396  45.727  -63.761  25.423 0.0000000000
158397  45.649  -63.283  25.001 0.0000000000
158400  43.517  -64.168  24.927 0.0000000000
158403  43.854  -63.815  24.940 0.0000000000
158404  44.372  -63.439  24.895 0.0000000000
158405  44.977  -63.107  24.758 0.0000000000
158406  45.640  -62.801  24.524 0.0000000000
158407  45.525  -62.301  24.153 0.0000000000
158408  45.330  -61.904  23.752 0.0000000000
158409  45.162  -61.483  23.352 0.0000000000
158411  44.284  -61.325  23.170 0.0000000000
158412  44.908  -61.160  22.939 0.0000000000
158413  44.709  -60.834  22.496 0.0000000000
158414  44.512  -60.470  22.023 0.0000000000
