#!ascii label  , from subject fsaverage vox2ras=TkReg
422
252  47.790  4.157  17.757 0.0000000000
254  49.274  4.334  25.130 0.0000000000
731  43.609  8.631  19.347 0.0000000000
732  42.802  5.020  21.129 0.0000000000
733  48.435  3.421  21.442 0.0000000000
734  42.729  3.773  23.857 0.0000000000
1605  47.185  6.626  14.645 0.0000000000
1610  56.057  6.745  25.727 0.0000000000
2653  42.702  4.104  22.398 0.0000000000
3633  45.132  6.037  18.104 0.0000000000
3634  45.309  7.668  17.039 0.0000000000
3635  47.249  5.303  16.083 0.0000000000
3636  49.423  4.682  13.742 0.0000000000
3637  50.173  4.147  15.789 0.0000000000
3640  48.861  3.558  23.177 0.0000000000
3642  52.245  4.361  23.666 0.0000000000
3644  52.754  5.681  25.942 0.0000000000
5925  43.001  6.735  19.924 0.0000000000
5926  45.342  4.471  19.593 0.0000000000
5927  48.079  3.649  19.709 0.0000000000
5928  45.368  3.647  21.312 0.0000000000
5929  45.520  3.388  22.789 0.0000000000
5930  45.822  3.650  24.304 0.0000000000
7583  44.636  10.157  19.235 0.0000000000
7584  46.211  9.260  16.546 0.0000000000
11313  46.334  4.949  17.873 0.0000000000
11314  46.220  5.662  17.103 0.0000000000
11315  47.499  4.728  16.887 0.0000000000
11316  48.627  4.555  15.888 0.0000000000
11317  48.990  4.170  16.755 0.0000000000
11319  49.140  3.868  17.687 0.0000000000
11320  49.092  3.859  24.093 0.0000000000
11321  50.662  3.903  23.435 0.0000000000
11322  50.875  4.343  24.555 0.0000000000
11323  52.577  4.933  24.821 0.0000000000
11324  51.037  5.012  25.595 0.0000000000
13713  41.553  6.233  21.132 0.0000000000
13714  41.793  7.141  20.623 0.0000000000
13715  42.807  5.830  20.481 0.0000000000
13716  43.976  5.465  19.634 0.0000000000
13717  44.060  4.684  20.386 0.0000000000
13718  45.344  3.987  20.541 0.0000000000
13719  43.983  4.185  21.207 0.0000000000
13720  42.720  3.897  23.100 0.0000000000
13721  44.099  3.572  22.564 0.0000000000
13722  44.106  3.579  23.355 0.0000000000
13723  45.636  3.456  23.563 0.0000000000
13724  44.187  3.623  24.074 0.0000000000
16660  44.042  9.424  19.221 0.0000000000
16661  46.290  7.145  15.910 0.0000000000
16662  45.705  8.483  16.778 0.0000000000
16663  46.551  7.930  15.493 0.0000000000
16664  46.917  8.705  15.206 0.0000000000
16665  47.291  7.400  14.095 0.0000000000
16666  48.035  6.783  12.535 0.0000000000
16667  48.012  6.074  13.258 0.0000000000
16680  48.215  3.458  20.619 0.0000000000
16690  55.651  6.032  24.709 0.0000000000
23206  41.570  5.394  21.717 0.0000000000
23207  42.717  4.443  21.794 0.0000000000
23208  41.374  4.881  22.318 0.0000000000
23209  41.334  4.405  22.920 0.0000000000
23210  41.286  4.048  23.648 0.0000000000
24971  44.253  7.311  18.526 0.0000000000
24972  44.445  8.149  18.150 0.0000000000
24973  45.132  6.818  17.475 0.0000000000
24974  46.144  6.370  16.449 0.0000000000
24975  47.158  5.939  15.317 0.0000000000
24976  48.158  5.505  14.061 0.0000000000
24977  48.344  5.002  14.929 0.0000000000
24978  49.835  4.449  14.814 0.0000000000
24984  48.591  3.468  22.310 0.0000000000
24986  50.261  3.691  22.548 0.0000000000
24990  53.818  4.845  23.807 0.0000000000
24991  54.159  5.529  24.876 0.0000000000
24992  54.420  6.284  25.953 0.0000000000
29184  42.153  8.209  20.427 0.0000000000
29185  43.300  7.732  19.598 0.0000000000
29186  44.070  6.376  19.017 0.0000000000
29187  45.167  5.183  18.766 0.0000000000
29188  46.583  4.270  18.706 0.0000000000
29189  47.915  3.845  18.670 0.0000000000
29190  46.670  3.890  19.626 0.0000000000
29191  46.751  3.609  20.560 0.0000000000
29192  46.835  3.403  21.374 0.0000000000
29193  44.019  3.785  21.857 0.0000000000
29194  45.399  3.429  22.030 0.0000000000
29195  46.952  3.342  22.140 0.0000000000
29196  47.137  3.399  23.012 0.0000000000
29197  47.377  3.549  23.775 0.0000000000
29198  47.562  3.893  24.689 0.0000000000
33200  44.846  9.000  17.948 0.0000000000
33201  45.425  9.747  17.914 0.0000000000
33202  46.140  10.551  17.882 0.0000000000
33209  49.156  5.065  12.774 0.0000000000
37237  44.750  3.690  24.865 0.0000000000
37238  46.388  4.090  25.253 0.0000000000
37239  47.995  4.562  25.820 0.0000000000
37248  49.705  5.200  26.248 0.0000000000
37249  51.512  5.952  26.685 0.0000000000
37250  53.301  6.587  26.964 0.0000000000
37251  55.121  7.138  26.937 0.0000000000
37254  56.736  7.337  26.646 0.0000000000
42033  47.039  4.509  17.827 0.0000000000
42034  46.925  4.846  17.400 0.0000000000
42035  47.630  4.453  17.322 0.0000000000
42036  48.195  4.399  16.820 0.0000000000
42037  48.385  4.188  17.259 0.0000000000
42038  49.076  4.032  17.223 0.0000000000
42039  48.458  4.005  17.708 0.0000000000
42040  49.185  4.089  24.603 0.0000000000
42041  50.010  4.066  24.321 0.0000000000
42042  50.105  4.354  24.867 0.0000000000
42043  50.975  4.648  25.085 0.0000000000
42044  50.162  4.666  25.411 0.0000000000
44433  42.147  5.610  21.135 0.0000000000
44434  42.190  6.044  20.821 0.0000000000
44435  42.712  5.427  20.813 0.0000000000
44436  43.370  5.227  20.424 0.0000000000
44437  43.406  4.874  20.777 0.0000000000
44438  44.009  4.445  20.800 0.0000000000
44439  43.388  4.571  21.150 0.0000000000
44440  42.709  3.828  23.470 0.0000000000
44441  43.415  3.712  23.223 0.0000000000
44442  43.403  3.698  23.607 0.0000000000
44443  44.145  3.615  23.744 0.0000000000
44444  43.459  3.700  23.950 0.0000000000
47378  43.368  9.271  19.805 0.0000000000
47379  43.600  9.621  19.801 0.0000000000
47380  43.816  9.038  19.267 0.0000000000
47381  46.745  6.873  15.273 0.0000000000
47382  46.385  7.536  15.684 0.0000000000
47383  46.817  7.272  15.030 0.0000000000
47384  46.910  7.645  14.779 0.0000000000
47385  47.191  7.036  14.347 0.0000000000
47386  47.619  6.716  13.645 0.0000000000
47387  47.590  6.357  13.982 0.0000000000
47400  48.339  3.433  21.018 0.0000000000
47410  55.826  6.377  25.226 0.0000000000
47411  56.427  6.274  24.488 0.0000000000
47412  56.642  6.602  25.015 0.0000000000
47414  56.853  6.884  25.509 0.0000000000
54036  40.830  5.998  21.729 0.0000000000
54037  40.803  5.581  22.039 0.0000000000
54038  41.439  5.140  22.020 0.0000000000
54039  40.717  5.292  22.330 0.0000000000
54041  40.650  4.702  22.922 0.0000000000
54042  40.589  4.464  23.259 0.0000000000
54043  41.293  4.214  23.293 0.0000000000
56978  44.640  6.691  18.281 0.0000000000
56979  44.685  7.074  17.979 0.0000000000
56980  45.101  6.444  17.771 0.0000000000
56981  46.722  5.470  16.611 0.0000000000
56982  46.154  5.986  16.725 0.0000000000
56983  46.678  5.816  16.249 0.0000000000
56984  46.659  6.166  15.924 0.0000000000
56985  47.175  5.627  15.698 0.0000000000
56986  47.683  5.455  15.094 0.0000000000
56987  47.794  5.145  15.514 0.0000000000
56988  49.380  4.335  15.846 0.0000000000
56989  49.219  4.508  15.363 0.0000000000
56990  49.993  4.307  15.329 0.0000000000
56991  50.624  4.264  14.800 0.0000000000
56992  50.774  4.125  15.285 0.0000000000
57000  48.701  3.504  22.748 0.0000000000
57001  49.447  3.574  22.432 0.0000000000
57002  49.578  3.627  22.881 0.0000000000
57003  51.441  4.117  23.567 0.0000000000
57004  51.200  3.944  23.064 0.0000000000
57005  51.984  4.133  23.145 0.0000000000
57007  52.800  4.362  23.218 0.0000000000
57009  53.050  4.603  23.767 0.0000000000
57010  52.663  5.309  25.422 0.0000000000
57011  53.378  5.251  24.901 0.0000000000
57012  53.505  5.615  25.467 0.0000000000
57013  54.300  5.906  25.433 0.0000000000
57014  53.609  5.984  26.007 0.0000000000
64181  42.428  6.927  20.299 0.0000000000
64182  41.970  7.656  20.474 0.0000000000
64183  42.588  7.430  20.158 0.0000000000
64184  42.765  7.948  20.029 0.0000000000
64185  43.151  7.208  19.743 0.0000000000
64186  43.674  7.028  19.260 0.0000000000
64187  43.556  6.537  19.452 0.0000000000
64188  44.605  4.925  19.580 0.0000000000
64189  44.570  5.297  19.162 0.0000000000
64190  45.224  4.804  19.169 0.0000000000
64191  45.856  4.674  18.714 0.0000000000
64192  45.968  4.330  19.158 0.0000000000
64193  46.638  4.064  19.135 0.0000000000
64194  45.994  4.125  19.614 0.0000000000
64195  45.379  3.794  20.946 0.0000000000
64196  46.043  3.751  20.555 0.0000000000
64197  46.099  3.593  20.963 0.0000000000
64198  46.794  3.482  20.988 0.0000000000
64199  46.086  3.493  21.349 0.0000000000
64200  42.694  4.265  22.093 0.0000000000
64201  43.356  4.029  21.837 0.0000000000
64202  43.372  3.916  22.136 0.0000000000
64203  44.783  3.449  22.678 0.0000000000
64204  44.724  3.471  22.300 0.0000000000
64205  45.459  3.389  22.407 0.0000000000
64206  46.163  3.357  22.085 0.0000000000
64207  46.258  3.355  22.462 0.0000000000
64208  47.039  3.363  22.559 0.0000000000
64209  46.343  3.364  22.851 0.0000000000
64210  45.728  3.534  23.920 0.0000000000
64211  46.489  3.475  23.654 0.0000000000
64212  46.593  3.594  24.046 0.0000000000
64213  47.496  3.722  24.213 0.0000000000
64214  46.703  3.737  24.472 0.0000000000
73021  44.852  7.910  17.552 0.0000000000
73022  44.620  8.573  17.994 0.0000000000
73023  45.033  8.338  17.455 0.0000000000
73024  45.961  8.889  16.640 0.0000000000
73025  45.573  9.149  17.319 0.0000000000
73026  45.827  9.526  17.223 0.0000000000
73027  45.776  10.137  17.884 0.0000000000
73028  46.134  9.934  17.205 0.0000000000
73029  46.477  10.356  17.238 0.0000000000
73030  46.516  9.665  16.557 0.0000000000
73031  47.217  8.416  14.445 0.0000000000
73032  47.127  9.092  15.078 0.0000000000
73038  48.479  6.135  12.148 0.0000000000
73043  48.728  5.060  13.840 0.0000000000
73044  48.633  5.316  13.421 0.0000000000
73045  49.276  4.878  13.257 0.0000000000
73080  47.959  3.748  19.189 0.0000000000
73081  48.626  3.757  18.709 0.0000000000
82861  43.927  3.642  24.696 0.0000000000
82866  47.176  4.287  25.536 0.0000000000
82889  48.999  5.289  26.552 0.0000000000
82890  49.881  5.695  26.780 0.0000000000
82891  50.575  5.589  26.495 0.0000000000
82892  50.804  6.065  27.008 0.0000000000
82894  52.658  6.704  27.382 0.0000000000
82895  53.577  7.026  27.495 0.0000000000
82896  54.207  6.883  26.976 0.0000000000
82897  54.557  7.268  27.485 0.0000000000
82904  56.288  7.503  27.314 0.0000000000
94091  45.701  5.442  17.961 0.0000000000
94092  45.688  5.809  17.585 0.0000000000
94093  46.257  5.328  17.493 0.0000000000
94094  46.813  5.190  17.012 0.0000000000
94095  47.357  4.998  16.494 0.0000000000
94096  47.911  4.861  15.945 0.0000000000
94097  48.041  4.621  16.389 0.0000000000
94098  48.796  4.349  16.322 0.0000000000
94099  49.607  4.157  16.276 0.0000000000
94100  50.292  4.036  16.224 0.0000000000
94101  49.695  4.044  16.746 0.0000000000
94104  48.983  3.677  23.604 0.0000000000
94105  49.767  3.709  23.287 0.0000000000
94106  49.899  3.866  23.791 0.0000000000
94107  50.767  4.094  23.971 0.0000000000
94108  51.603  4.353  24.126 0.0000000000
94109  52.436  4.616  24.228 0.0000000000
94110  51.739  4.622  24.689 0.0000000000
94111  51.820  4.963  25.206 0.0000000000
94112  51.902  5.353  25.773 0.0000000000
98411  40.977  6.887  21.169 0.0000000000
98413  41.643  6.677  20.845 0.0000000000
98414  42.304  6.477  20.526 0.0000000000
98415  42.896  6.275  20.166 0.0000000000
98416  43.448  6.104  19.756 0.0000000000
98417  43.388  5.641  20.086 0.0000000000
98418  43.962  5.037  19.985 0.0000000000
98419  44.713  4.550  19.979 0.0000000000
98420  45.346  4.209  20.060 0.0000000000
98421  44.708  4.291  20.428 0.0000000000
98422  44.668  4.081  20.892 0.0000000000
98423  44.603  3.876  21.269 0.0000000000
98424  42.740  3.977  22.765 0.0000000000
98425  43.410  3.783  22.479 0.0000000000
98426  43.438  3.721  22.858 0.0000000000
98427  44.150  3.543  22.958 0.0000000000
98428  44.767  3.440  23.054 0.0000000000
98429  45.557  3.408  23.180 0.0000000000
98430  44.824  3.498  23.466 0.0000000000
98431  44.912  3.550  23.833 0.0000000000
98432  44.942  3.586  24.161 0.0000000000
103716  44.288  9.785  19.215 0.0000000000
103717  45.787  7.400  16.478 0.0000000000
103718  45.473  8.082  16.900 0.0000000000
103719  45.957  7.787  16.303 0.0000000000
103720  46.148  8.214  16.144 0.0000000000
103721  46.372  8.588  15.993 0.0000000000
103722  46.607  8.936  15.889 0.0000000000
103723  46.728  8.274  15.325 0.0000000000
103724  47.055  8.052  14.611 0.0000000000
103725  47.361  7.769  13.865 0.0000000000
103726  47.719  7.446  13.075 0.0000000000
103727  47.659  7.083  13.324 0.0000000000
103728  48.012  6.409  12.890 0.0000000000
103729  48.511  5.823  12.550 0.0000000000
103730  50.181  4.439  13.659 0.0000000000
103731  50.003  4.553  13.145 0.0000000000
103732  50.792  4.380  13.078 0.0000000000
103752  48.163  3.549  20.183 0.0000000000
103770  55.493  5.708  24.182 0.0000000000
115586  40.876  6.432  21.450 0.0000000000
115587  41.508  5.797  21.429 0.0000000000
115588  42.196  5.203  21.443 0.0000000000
115589  42.764  4.705  21.455 0.0000000000
115590  42.149  4.906  21.750 0.0000000000
115591  42.051  4.682  22.058 0.0000000000
115592  42.037  4.472  22.346 0.0000000000
115593  40.681  4.991  22.614 0.0000000000
115594  41.388  4.624  22.589 0.0000000000
115595  42.067  4.283  22.656 0.0000000000
115596  42.017  4.120  23.011 0.0000000000
115597  41.998  3.998  23.367 0.0000000000
115598  42.008  3.883  23.754 0.0000000000
119705  43.926  7.956  18.882 0.0000000000
119706  44.049  8.381  18.748 0.0000000000
119707  44.338  7.716  18.306 0.0000000000
119708  44.751  7.474  17.760 0.0000000000
119709  45.172  7.242  17.214 0.0000000000
119710  45.634  6.202  17.258 0.0000000000
119711  45.573  6.567  16.955 0.0000000000
119712  45.676  6.994  16.707 0.0000000000
119713  46.187  6.752  16.155 0.0000000000
119714  46.685  6.535  15.592 0.0000000000
119715  47.173  6.266  14.969 0.0000000000
119716  47.630  6.029  14.339 0.0000000000
119717  47.672  5.718  14.709 0.0000000000
119718  48.232  5.250  14.476 0.0000000000
119719  48.883  4.853  14.327 0.0000000000
119720  48.478  4.773  15.408 0.0000000000
119721  49.032  4.635  14.801 0.0000000000
119722  49.610  4.552  14.247 0.0000000000
119723  50.393  4.359  14.203 0.0000000000
119736  48.527  3.449  21.881 0.0000000000
119738  49.359  3.538  21.955 0.0000000000
119741  50.416  3.783  22.981 0.0000000000
119742  51.024  3.826  22.620 0.0000000000
119750  54.540  5.092  23.776 0.0000000000
119751  53.249  4.895  24.363 0.0000000000
119752  54.018  5.176  24.349 0.0000000000
119753  54.759  5.443  24.290 0.0000000000
119754  54.937  5.802  24.822 0.0000000000
119755  55.073  6.160  25.348 0.0000000000
119756  55.235  6.530  25.865 0.0000000000
129676  43.148  8.887  19.841 0.0000000000
129684  42.944  8.439  19.922 0.0000000000
129685  43.435  8.237  19.469 0.0000000000
129686  43.810  7.544  19.092 0.0000000000
129687  44.149  6.864  18.768 0.0000000000
129688  44.566  6.225  18.584 0.0000000000
129689  43.989  5.920  19.281 0.0000000000
129690  44.556  5.764  18.869 0.0000000000
129691  45.087  5.614  18.461 0.0000000000
129692  45.774  5.028  18.283 0.0000000000
129693  46.438  4.591  18.288 0.0000000000
129694  47.184  4.202  18.239 0.0000000000
129695  47.858  3.984  18.197 0.0000000000
129696  47.242  4.000  18.667 0.0000000000
129697  47.291  3.878  19.150 0.0000000000
129698  47.356  3.732  19.670 0.0000000000
129699  46.014  3.940  20.097 0.0000000000
129700  46.707  3.743  20.113 0.0000000000
129701  47.422  3.608  20.142 0.0000000000
129702  47.476  3.504  20.583 0.0000000000
129703  47.564  3.419  20.990 0.0000000000
129704  47.627  3.376  21.399 0.0000000000
129705  43.361  4.286  21.518 0.0000000000
129706  43.962  3.973  21.556 0.0000000000
129707  44.619  3.728  21.609 0.0000000000
129708  44.059  3.651  22.202 0.0000000000
129709  44.684  3.571  21.953 0.0000000000
129710  45.353  3.530  21.685 0.0000000000
129711  46.091  3.392  21.717 0.0000000000
129712  46.866  3.345  21.769 0.0000000000
129713  47.694  3.374  21.825 0.0000000000
129714  47.753  3.375  22.226 0.0000000000
129715  47.853  3.413  22.667 0.0000000000
129716  47.979  3.455  23.096 0.0000000000
129717  46.399  3.409  23.285 0.0000000000
129718  47.252  3.439  23.381 0.0000000000
129719  48.118  3.508  23.475 0.0000000000
129720  48.230  3.679  23.919 0.0000000000
129721  48.307  3.884  24.400 0.0000000000
129722  48.400  4.112  24.927 0.0000000000
140768  44.228  8.805  18.628 0.0000000000
140769  44.429  9.194  18.550 0.0000000000
140770  44.715  9.617  18.555 0.0000000000
140771  45.273  8.762  17.376 0.0000000000
140772  45.137  9.410  17.941 0.0000000000
140773  45.057  9.978  18.571 0.0000000000
140774  45.382  10.350  18.599 0.0000000000
140780  46.814  9.396  15.827 0.0000000000
140795  48.070  5.807  13.657 0.0000000000
140796  48.569  5.530  12.971 0.0000000000
140797  49.090  5.308  12.309 0.0000000000
140798  49.884  4.676  12.640 0.0000000000
140799  49.747  4.876  12.130 0.0000000000
140841  48.546  3.855  18.187 0.0000000000
152667  42.160  3.758  24.170 0.0000000000
152676  42.883  3.712  24.217 0.0000000000
152677  43.658  3.654  24.306 0.0000000000
152678  44.453  3.624  24.437 0.0000000000
152679  45.276  3.688  24.583 0.0000000000
152681  45.561  3.860  25.006 0.0000000000
152682  46.129  3.823  24.753 0.0000000000
152683  46.976  3.972  24.973 0.0000000000
152684  47.788  4.188  25.258 0.0000000000
152685  48.637  4.441  25.486 0.0000000000
152711  48.841  4.882  26.056 0.0000000000
152712  49.515  4.754  25.723 0.0000000000
152713  50.407  5.116  25.959 0.0000000000
152714  51.297  5.484  26.165 0.0000000000
152715  52.171  5.824  26.328 0.0000000000
152716  51.739  6.393  27.212 0.0000000000
152717  52.420  6.271  26.858 0.0000000000
152718  53.017  6.117  26.479 0.0000000000
152719  53.887  6.421  26.470 0.0000000000
152720  54.771  6.722  26.428 0.0000000000
152721  55.600  6.961  26.347 0.0000000000
152728  55.453  7.438  27.449 0.0000000000
152729  55.919  7.306  26.851 0.0000000000
152730  56.386  7.108  26.195 0.0000000000
152731  57.197  7.139  25.933 0.0000000000
