#!ascii label  , from subject fsaverage vox2ras=TkReg
809
114  44.861  8.002  6.794 0.0000000000
505  39.751  -0.965  17.275 0.0000000000
508  52.548  6.167  1.305 0.0000000000
1105  41.687  9.362  9.298 0.0000000000
1106  39.131  4.599  13.296 0.0000000000
1107  42.336  3.371  12.426 0.0000000000
1108  43.148  -1.741  16.422 0.0000000000
1109  45.763  2.631  10.735 0.0000000000
2158  36.675  -0.413  16.458 0.0000000000
2159  36.150  -7.025  16.982 0.0000000000
2168  48.639  7.428  2.730 0.0000000000
2169  49.411  2.048  7.416 0.0000000000
3025  43.246  8.684  8.125 0.0000000000
3026  41.816  6.334  10.361 0.0000000000
3027  43.336  5.666  9.490 0.0000000000
3028  44.041  3.030  11.660 0.0000000000
3029  44.895  5.267  8.451 0.0000000000
4758  39.634  1.850  15.458 0.0000000000
4759  37.984  2.319  15.516 0.0000000000
4760  38.119  -0.592  17.091 0.0000000000
4761  36.719  -3.660  17.109 0.0000000000
4762  37.956  -3.715  17.946 0.0000000000
4763  37.351  -7.020  17.638 0.0000000000
4764  39.542  -3.966  18.253 0.0000000000
4765  44.768  -2.234  15.501 0.0000000000
4784  51.121  9.760  1.590 0.0000000000
4785  50.632  7.100  1.585 0.0000000000
4786  48.752  4.649  4.867 0.0000000000
4787  50.804  4.285  3.401 0.0000000000
6598  38.996  7.769  12.082 0.0000000000
6599  40.371  7.035  11.270 0.0000000000
6600  40.697  3.913  12.913 0.0000000000
6601  41.294  1.241  15.249 0.0000000000
6602  41.432  -1.360  17.027 0.0000000000
6603  42.927  0.893  14.687 0.0000000000
6604  44.701  0.479  13.962 0.0000000000
6605  46.333  0.049  12.869 0.0000000000
6616  52.686  3.388  3.052 0.0000000000
9036  37.622  5.291  13.679 0.0000000000
9037  36.465  2.708  15.257 0.0000000000
9038  35.568  -0.227  15.651 0.0000000000
9039  35.918  -3.630  15.991 0.0000000000
9045  41.198  -4.307  18.024 0.0000000000
9059  46.804  10.493  3.686 0.0000000000
9067  49.399  10.374  2.143 0.0000000000
9068  46.742  7.603  4.813 0.0000000000
9069  46.901  4.791  6.858 0.0000000000
9070  47.646  2.375  9.156 0.0000000000
9071  48.004  -0.647  11.156 0.0000000000
9072  50.813  1.185  6.000 0.0000000000
10705  44.052  8.335  7.511 0.0000000000
10706  43.315  7.180  8.744 0.0000000000
10707  44.075  6.864  8.177 0.0000000000
10708  44.077  5.432  8.999 0.0000000000
10709  44.804  6.671  7.533 0.0000000000
12438  39.731  0.442  16.431 0.0000000000
12439  38.945  0.629  16.452 0.0000000000
12440  38.904  -0.822  17.283 0.0000000000
12441  38.081  -2.131  17.646 0.0000000000
12442  38.851  -2.288  17.860 0.0000000000
12443  38.709  -3.889  18.157 0.0000000000
12444  39.678  -2.389  17.902 0.0000000000
12445  45.518  -2.590  14.957 0.0000000000
12463  52.365  7.469  1.164 0.0000000000
12464  51.643  8.061  1.135 0.0000000000
12465  51.619  6.634  1.319 0.0000000000
12466  50.653  5.730  2.277 0.0000000000
12467  51.723  5.358  1.919 0.0000000000
14835  40.920  9.713  9.822 0.0000000000
14836  40.315  8.619  10.782 0.0000000000
14837  41.048  8.221  10.330 0.0000000000
14838  41.923  4.758  11.180 0.0000000000
14839  41.168  5.018  11.556 0.0000000000
14840  41.506  3.613  12.698 0.0000000000
14841  41.039  2.578  14.128 0.0000000000
14842  41.905  2.316  13.890 0.0000000000
14843  42.097  1.060  14.976 0.0000000000
14844  42.759  2.084  13.649 0.0000000000
14845  44.943  2.829  11.239 0.0000000000
14846  44.452  1.775  12.895 0.0000000000
14847  45.352  1.574  12.467 0.0000000000
14848  45.560  0.299  13.420 0.0000000000
14849  46.174  1.386  11.890 0.0000000000
20033  39.012  6.149  12.520 0.0000000000
20034  38.324  6.561  12.795 0.0000000000
20035  38.361  4.942  13.475 0.0000000000
20036  37.334  1.049  16.162 0.0000000000
20037  37.212  2.508  15.392 0.0000000000
20038  36.611  1.193  15.933 0.0000000000
20039  35.942  1.291  15.646 0.0000000000
20040  36.115  -0.292  16.081 0.0000000000
20041  35.745  -1.807  15.915 0.0000000000
20042  36.217  -1.923  16.389 0.0000000000
20043  36.510  -5.332  17.127 0.0000000000
20044  36.030  -5.363  16.538 0.0000000000
20050  38.072  -7.137  17.807 0.0000000000
20055  42.308  -1.495  16.748 0.0000000000
20056  41.421  -2.671  17.665 0.0000000000
20057  42.269  -2.954  17.422 0.0000000000
20111  49.923  8.813  1.655 0.0000000000
20112  50.378  10.111  1.759 0.0000000000
20113  48.985  8.976  2.192 0.0000000000
20114  47.999  9.073  3.067 0.0000000000
20115  47.637  7.496  3.718 0.0000000000
20116  46.706  6.145  5.629 0.0000000000
20117  47.539  5.867  4.689 0.0000000000
20118  49.159  3.514  6.118 0.0000000000
20119  48.192  3.564  7.001 0.0000000000
20120  48.557  2.252  8.234 0.0000000000
20121  47.943  1.016  10.256 0.0000000000
20122  48.731  0.677  9.409 0.0000000000
20123  52.521  1.767  4.367 0.0000000000
20124  51.709  2.302  4.419 0.0000000000
23877  42.456  9.021  8.716 0.0000000000
23878  41.785  7.887  9.838 0.0000000000
23879  42.557  7.520  9.293 0.0000000000
23880  42.552  5.977  9.904 0.0000000000
23881  42.717  4.482  10.878 0.0000000000
23882  43.167  3.156  12.098 0.0000000000
23883  43.567  4.257  10.490 0.0000000000
23884  44.450  4.087  10.092 0.0000000000
23885  45.302  3.931  9.603 0.0000000000
26996  39.413  3.189  14.381 0.0000000000
26997  38.565  3.456  14.527 0.0000000000
26998  38.826  2.078  15.530 0.0000000000
26999  38.101  0.869  16.362 0.0000000000
27000  37.404  -0.469  16.820 0.0000000000
27001  36.748  -1.991  16.881 0.0000000000
27002  37.389  -2.062  17.326 0.0000000000
27003  37.294  -3.667  17.587 0.0000000000
27004  37.074  -5.437  17.553 0.0000000000
27005  36.725  -7.041  17.339 0.0000000000
27006  37.768  -5.365  17.877 0.0000000000
27007  38.471  -5.480  18.107 0.0000000000
27008  39.261  -5.594  18.179 0.0000000000
27009  43.982  -1.960  16.018 0.0000000000
27010  43.094  -3.186  17.054 0.0000000000
27011  43.886  -3.434  16.574 0.0000000000
27043  51.751  9.277  1.489 0.0000000000
27044  50.869  8.549  1.371 0.0000000000
27045  49.589  7.375  2.041 0.0000000000
27046  48.527  5.905  3.672 0.0000000000
27047  49.570  5.883  2.884 0.0000000000
27048  49.765  4.561  4.029 0.0000000000
27049  50.077  3.248  5.302 0.0000000000
30755  39.597  9.015  11.264 0.0000000000
30756  39.684  7.372  11.678 0.0000000000
30757  39.699  5.783  12.163 0.0000000000
30758  41.060  6.659  10.824 0.0000000000
30759  40.393  5.425  11.845 0.0000000000
30760  39.901  4.260  13.087 0.0000000000
30761  40.231  2.915  14.240 0.0000000000
30762  40.421  1.520  15.401 0.0000000000
30763  40.576  0.174  16.357 0.0000000000
30764  40.600  -1.193  17.210 0.0000000000
30765  41.375  -0.005  16.188 0.0000000000
30766  42.204  -0.228  15.974 0.0000000000
30767  43.108  -0.429  15.667 0.0000000000
30768  43.590  1.948  13.273 0.0000000000
30769  43.810  0.684  14.376 0.0000000000
30770  43.977  -0.588  15.242 0.0000000000
30771  44.804  -0.841  14.836 0.0000000000
30772  45.578  -1.137  14.353 0.0000000000
30773  46.334  -1.472  13.730 0.0000000000
30796  52.684  4.796  1.975 0.0000000000
33182  42.263  10.321  8.234 0.0000000000
33183  43.031  10.006  7.523 0.0000000000
33184  43.818  9.609  6.888 0.0000000000
33185  44.679  9.323  6.166 0.0000000000
37350  38.288  8.191  12.403 0.0000000000
37351  37.631  6.942  13.046 0.0000000000
37352  36.940  5.567  13.784 0.0000000000
37353  37.806  3.713  14.539 0.0000000000
37354  37.011  3.983  14.533 0.0000000000
37355  36.310  4.248  14.465 0.0000000000
37356  35.754  2.834  15.051 0.0000000000
37362  36.255  -3.640  16.567 0.0000000000
37363  35.657  -5.401  15.974 0.0000000000
37377  40.558  -2.529  17.829 0.0000000000
37378  40.369  -4.084  18.205 0.0000000000
37379  40.048  -5.770  18.087 0.0000000000
37380  42.043  -4.520  17.727 0.0000000000
37421  45.786  9.256  5.198 0.0000000000
37446  48.218  10.535  2.770 0.0000000000
37447  46.895  9.130  4.157 0.0000000000
37448  45.809  7.794  5.889 0.0000000000
37449  45.707  6.401  6.638 0.0000000000
37450  45.915  4.997  7.703 0.0000000000
37451  46.343  3.748  8.853 0.0000000000
37452  47.811  4.708  5.831 0.0000000000
37453  47.291  3.602  7.985 0.0000000000
37454  46.732  2.493  9.972 0.0000000000
37455  47.087  1.207  11.103 0.0000000000
37456  47.234  -0.243  12.011 0.0000000000
37457  47.098  -1.879  12.776 0.0000000000
37458  51.803  3.910  3.027 0.0000000000
37459  50.967  2.891  4.702 0.0000000000
37460  50.178  1.718  6.630 0.0000000000
37462  49.942  -0.150  7.634 0.0000000000
37463  49.417  0.306  8.515 0.0000000000
37464  48.572  -1.101  10.145 0.0000000000
37465  47.645  -2.314  11.750 0.0000000000
41425  44.427  8.153  7.187 0.0000000000
41426  44.069  7.588  7.861 0.0000000000
41427  44.467  7.430  7.516 0.0000000000
41428  44.445  6.760  7.839 0.0000000000
41429  44.854  7.351  7.145 0.0000000000
43158  39.755  -0.244  16.870 0.0000000000
43159  39.306  -0.177  16.912 0.0000000000
43160  39.329  -0.855  17.286 0.0000000000
43161  38.892  -1.549  17.602 0.0000000000
43162  39.306  -1.603  17.633 0.0000000000
43163  39.256  -2.311  17.892 0.0000000000
43164  39.715  -1.689  17.628 0.0000000000
43165  45.853  -2.762  14.609 0.0000000000
43183  52.456  6.828  1.151 0.0000000000
43184  52.047  7.093  1.118 0.0000000000
43185  52.081  6.408  1.261 0.0000000000
43186  51.687  6.006  1.564 0.0000000000
43187  52.178  5.790  1.516 0.0000000000
45555  41.302  9.531  9.558 0.0000000000
45556  40.992  8.965  10.060 0.0000000000
45557  41.380  8.808  9.810 0.0000000000
45558  42.092  4.040  11.759 0.0000000000
45559  41.688  4.158  11.918 0.0000000000
45560  41.918  3.498  12.542 0.0000000000
45561  41.726  2.974  13.277 0.0000000000
45562  42.131  2.842  13.179 0.0000000000
45563  42.308  2.203  13.778 0.0000000000
45564  42.538  2.725  13.069 0.0000000000
45565  45.361  2.744  10.988 0.0000000000
45566  45.162  2.219  11.842 0.0000000000
45567  45.572  2.103  11.613 0.0000000000
45568  45.746  1.482  12.181 0.0000000000
45569  45.967  1.973  11.378 0.0000000000
50753  39.025  5.349  12.841 0.0000000000
50754  38.680  5.544  12.979 0.0000000000
50755  38.744  4.784  13.393 0.0000000000
50756  36.969  0.322  16.365 0.0000000000
50757  36.937  1.113  16.063 0.0000000000
50758  36.648  0.402  16.210 0.0000000000
50759  36.356  0.496  16.069 0.0000000000
50760  36.372  -0.345  16.276 0.0000000000
50761  36.155  -1.109  16.247 0.0000000000
50762  36.414  -1.136  16.458 0.0000000000
50763  36.347  -6.179  17.078 0.0000000000
50764  36.080  -6.168  16.832 0.0000000000
50775  42.747  -1.617  16.576 0.0000000000
50776  42.309  -2.218  17.109 0.0000000000
50777  42.711  -2.346  16.968 0.0000000000
50831  49.276  8.172  2.062 0.0000000000
50832  49.443  8.901  1.890 0.0000000000
50833  48.774  8.221  2.408 0.0000000000
50834  48.273  8.272  2.775 0.0000000000
50835  48.100  7.420  3.179 0.0000000000
50836  47.569  6.704  4.139 0.0000000000
50837  47.998  6.583  3.682 0.0000000000
50838  49.316  2.841  6.714 0.0000000000
50839  48.872  2.855  7.236 0.0000000000
50840  49.008  2.171  7.794 0.0000000000
50841  48.687  1.496  8.842 0.0000000000
50842  49.109  1.389  8.459 0.0000000000
50844  51.995  1.226  4.969 0.0000000000
55155  42.864  8.911  8.386 0.0000000000
55156  42.522  8.305  8.999 0.0000000000
55157  42.926  8.151  8.694 0.0000000000
55158  43.324  6.435  9.086 0.0000000000
55159  42.943  6.572  9.339 0.0000000000
55160  42.940  5.831  9.676 0.0000000000
55161  42.594  5.218  10.344 0.0000000000
55162  42.991  5.043  10.162 0.0000000000
55163  43.153  4.362  10.700 0.0000000000
55164  43.394  4.945  9.949 0.0000000000
55165  44.499  5.369  8.731 0.0000000000
55166  44.245  4.798  9.489 0.0000000000
55167  44.675  4.689  9.280 0.0000000000
55168  44.887  4.002  9.867 0.0000000000
55169  45.108  4.608  9.033 0.0000000000
60353  39.538  2.523  14.924 0.0000000000
60354  39.132  2.647  14.983 0.0000000000
60355  39.224  1.963  15.513 0.0000000000
60356  38.510  0.016  16.815 0.0000000000
60357  38.500  0.749  16.409 0.0000000000
60358  38.107  0.147  16.734 0.0000000000
60359  37.746  0.232  16.611 0.0000000000
60360  37.756  -0.527  16.957 0.0000000000
60361  37.399  -1.273  17.119 0.0000000000
60362  37.754  -1.314  17.266 0.0000000000
60363  38.019  -2.890  17.821 0.0000000000
60364  37.677  -2.887  17.669 0.0000000000
60365  37.616  -3.683  17.767 0.0000000000
60366  37.208  -4.498  17.609 0.0000000000
60367  37.521  -4.556  17.781 0.0000000000
60368  37.391  -5.420  17.715 0.0000000000
60369  37.836  -4.587  17.970 0.0000000000
60370  39.134  -3.903  18.220 0.0000000000
60371  38.612  -4.671  18.175 0.0000000000
60372  39.024  -4.714  18.264 0.0000000000
60373  38.860  -5.541  18.182 0.0000000000
60374  39.420  -4.778  18.274 0.0000000000
60375  44.383  -2.074  15.760 0.0000000000
60376  43.972  -2.692  16.301 0.0000000000
60377  44.350  -2.815  16.045 0.0000000000
60431  51.164  7.614  1.268 0.0000000000
60432  51.247  8.326  1.259 0.0000000000
60433  50.718  7.836  1.427 0.0000000000
60434  50.294  8.006  1.608 0.0000000000
60435  50.166  7.263  1.830 0.0000000000
60436  49.546  6.614  2.418 0.0000000000
60437  50.116  6.564  2.114 0.0000000000
60438  50.697  5.004  2.794 0.0000000000
60439  50.140  5.124  3.078 0.0000000000
60440  50.274  4.429  3.707 0.0000000000
60441  49.906  3.919  4.676 0.0000000000
60442  50.421  3.750  4.337 0.0000000000
67548  40.346  7.827  11.039 0.0000000000
67549  40.005  8.009  11.251 0.0000000000
67550  40.017  7.194  11.467 0.0000000000
67551  39.683  6.573  11.904 0.0000000000
67552  40.026  6.403  11.702 0.0000000000
67553  41.779  7.106  10.091 0.0000000000
67554  41.418  7.281  10.338 0.0000000000
67555  41.433  6.482  10.607 0.0000000000
67556  40.920  4.445  12.194 0.0000000000
67557  40.782  5.217  11.693 0.0000000000
67558  40.525  4.631  12.329 0.0000000000
67559  40.114  4.816  12.443 0.0000000000
67560  40.276  4.068  12.985 0.0000000000
67561  40.080  3.575  13.653 0.0000000000
67562  40.496  3.428  13.588 0.0000000000
67563  41.160  1.917  14.750 0.0000000000
67564  40.733  2.063  14.789 0.0000000000
67565  40.855  1.377  15.335 0.0000000000
67566  40.534  0.854  15.878 0.0000000000
67567  40.953  0.703  15.825 0.0000000000
67568  40.964  0.058  16.298 0.0000000000
67569  41.347  0.623  15.718 0.0000000000
67570  42.509  0.988  14.827 0.0000000000
67571  42.169  0.395  15.501 0.0000000000
67572  42.581  0.321  15.349 0.0000000000
67573  42.661  -0.319  15.815 0.0000000000
67574  43.025  0.225  15.206 0.0000000000
67575  43.599  3.092  11.880 0.0000000000
67576  43.395  2.568  12.680 0.0000000000
67577  43.832  2.546  12.423 0.0000000000
67578  44.586  1.099  13.496 0.0000000000
67579  44.144  1.226  13.662 0.0000000000
67580  44.236  0.555  14.207 0.0000000000
67581  43.903  0.047  14.835 0.0000000000
67582  44.334  -0.090  14.670 0.0000000000
67583  44.420  -0.724  15.058 0.0000000000
67584  44.770  -0.172  14.410 0.0000000000
67585  45.965  0.194  13.142 0.0000000000
67586  45.596  -0.404  13.892 0.0000000000
67587  45.971  -0.560  13.635 0.0000000000
67588  45.944  -1.300  14.052 0.0000000000
67589  46.357  -0.717  13.314 0.0000000000
72983  42.654  10.179  7.870 0.0000000000
72984  42.920  10.640  7.310 0.0000000000
72986  43.691  10.223  6.615 0.0000000000
72987  44.096  10.052  6.274 0.0000000000
72988  44.258  9.457  6.539 0.0000000000
72989  44.550  9.910  5.907 0.0000000000
83138  38.941  8.599  11.875 0.0000000000
83140  38.640  7.986  12.233 0.0000000000
83141  37.970  5.942  13.193 0.0000000000
83142  37.980  6.757  12.910 0.0000000000
83143  37.634  6.120  13.298 0.0000000000
83144  37.284  6.263  13.396 0.0000000000
83145  37.281  5.415  13.735 0.0000000000
83146  38.275  2.871  15.065 0.0000000000
83147  38.184  3.610  14.519 0.0000000000
83148  37.894  3.010  15.037 0.0000000000
83149  36.841  2.625  15.352 0.0000000000
83150  37.130  3.264  14.954 0.0000000000
83151  36.732  3.377  14.923 0.0000000000
83152  36.650  4.124  14.517 0.0000000000
83153  36.364  3.471  14.842 0.0000000000
83154  36.028  3.578  14.773 0.0000000000
83155  36.103  2.789  15.151 0.0000000000
83156  35.745  0.521  15.692 0.0000000000
83157  35.624  1.362  15.468 0.0000000000
83158  35.451  0.602  15.479 0.0000000000
83162  35.468  -0.947  15.525 0.0000000000
83163  35.855  -2.754  15.977 0.0000000000
83164  35.686  -2.670  15.688 0.0000000000
83165  35.743  -3.583  15.700 0.0000000000
83167  35.699  -4.507  15.685 0.0000000000
83168  36.738  -2.851  17.022 0.0000000000
83169  36.476  -2.792  16.753 0.0000000000
83170  36.465  -3.696  16.854 0.0000000000
83171  35.631  -6.233  16.243 0.0000000000
83172  35.819  -5.397  16.211 0.0000000000
83190  37.039  -7.032  17.493 0.0000000000
83205  41.027  -1.256  17.115 0.0000000000
83206  40.597  -1.837  17.529 0.0000000000
83207  41.019  -1.905  17.449 0.0000000000
83208  41.345  -3.454  17.899 0.0000000000
83209  40.905  -3.329  18.025 0.0000000000
83210  40.776  -4.186  18.151 0.0000000000
83211  40.227  -4.931  18.214 0.0000000000
83212  40.637  -5.045  18.121 0.0000000000
83213  42.955  -3.949  17.248 0.0000000000
83214  42.561  -3.841  17.436 0.0000000000
83316  45.655  9.860  4.931 0.0000000000
83317  46.248  9.854  4.440 0.0000000000
83373  51.287  10.306  1.858 0.0000000000
83374  49.908  10.250  1.911 0.0000000000
83375  50.549  10.664  1.970 0.0000000000
83376  50.079  10.804  2.120 0.0000000000
83378  49.549  10.959  2.268 0.0000000000
83380  48.839  10.497  2.396 0.0000000000
83381  47.360  8.339  3.850 0.0000000000
83382  47.451  9.091  3.590 0.0000000000
83383  46.843  8.370  4.438 0.0000000000
83384  46.359  8.457  5.048 0.0000000000
83385  46.285  7.673  5.382 0.0000000000
83386  45.752  7.100  6.231 0.0000000000
83387  46.197  6.970  5.778 0.0000000000
83388  46.730  5.397  6.253 0.0000000000
83389  46.269  5.565  6.658 0.0000000000
83390  46.418  4.876  7.263 0.0000000000
83391  46.123  4.378  8.276 0.0000000000
83392  46.614  4.276  7.887 0.0000000000
83393  48.605  5.247  4.264 0.0000000000
83394  48.155  5.242  4.679 0.0000000000
83395  48.326  4.671  5.326 0.0000000000
83396  47.912  2.976  8.078 0.0000000000
83397  47.725  3.589  7.482 0.0000000000
83398  47.457  2.996  8.588 0.0000000000
83399  47.010  3.053  9.009 0.0000000000
83400  47.181  2.439  9.582 0.0000000000
83401  46.920  1.865  10.583 0.0000000000
83402  47.370  1.808  10.137 0.0000000000
83403  48.014  0.210  10.738 0.0000000000
83404  47.627  0.383  11.163 0.0000000000
83405  47.622  -0.461  11.611 0.0000000000
83406  47.205  -1.071  12.445 0.0000000000
83407  47.558  -1.299  11.996 0.0000000000
83408  52.687  4.110  2.455 0.0000000000
83409  52.214  4.370  2.422 0.0000000000
83410  52.229  3.651  3.003 0.0000000000
83411  51.274  1.780  5.207 0.0000000000
83412  51.369  2.651  4.492 0.0000000000
83413  50.927  2.071  5.378 0.0000000000
83414  50.556  2.319  5.686 0.0000000000
83415  50.502  1.446  6.298 0.0000000000
83421  49.466  -0.884  8.423 0.0000000000
83422  49.695  0.089  8.072 0.0000000000
83423  49.268  -0.668  8.940 0.0000000000
83424  48.987  -0.458  9.375 0.0000000000
83425  48.786  -1.369  9.661 0.0000000000
92997  43.655  8.486  7.814 0.0000000000
92998  43.336  7.951  8.396 0.0000000000
92999  43.705  7.782  8.120 0.0000000000
93000  43.692  7.028  8.477 0.0000000000
93001  43.718  6.285  8.824 0.0000000000
93002  43.691  5.545  9.236 0.0000000000
93003  44.056  6.144  8.548 0.0000000000
93004  44.399  6.033  8.262 0.0000000000
93005  44.791  5.959  7.960 0.0000000000
96116  39.700  1.160  15.923 0.0000000000
96117  39.302  1.281  15.961 0.0000000000
96118  39.322  0.562  16.424 0.0000000000
96119  38.877  -0.106  16.899 0.0000000000
96120  38.494  -0.725  17.197 0.0000000000
96121  38.122  -1.374  17.406 0.0000000000
96122  38.517  -1.469  17.525 0.0000000000
96123  38.445  -2.216  17.769 0.0000000000
96124  38.418  -2.984  17.951 0.0000000000
96125  38.327  -3.818  18.049 0.0000000000
96126  38.813  -3.040  18.050 0.0000000000
96127  39.203  -3.088  18.091 0.0000000000
96128  39.637  -3.154  18.121 0.0000000000
96129  45.133  -2.415  15.264 0.0000000000
96130  44.720  -3.004  15.825 0.0000000000
96131  45.084  -3.173  15.529 0.0000000000
96162  52.021  8.411  1.323 0.0000000000
96163  52.022  7.758  1.141 0.0000000000
96164  51.634  7.359  1.129 0.0000000000
96165  51.132  6.900  1.414 0.0000000000
96166  50.644  6.432  1.868 0.0000000000
96167  51.149  6.261  1.692 0.0000000000
96168  51.191  5.556  2.052 0.0000000000
96169  51.230  4.838  2.572 0.0000000000
100431  40.563  9.957  10.114 0.0000000000
100432  40.267  9.404  10.560 0.0000000000
100433  40.630  9.177  10.282 0.0000000000
100434  40.676  8.415  10.565 0.0000000000
100435  40.710  7.644  10.811 0.0000000000
100436  41.844  5.531  10.717 0.0000000000
100437  41.480  5.677  10.932 0.0000000000
100438  41.536  4.890  11.345 0.0000000000
100439  41.305  4.293  12.098 0.0000000000
100440  41.090  3.752  12.828 0.0000000000
100441  40.873  3.239  13.537 0.0000000000
100442  41.290  3.094  13.420 0.0000000000
100443  41.460  2.444  14.026 0.0000000000
100444  41.590  1.794  14.601 0.0000000000
100445  41.692  1.162  15.103 0.0000000000
100446  41.991  1.723  14.430 0.0000000000
100447  42.455  1.587  14.318 0.0000000000
100448  42.861  1.500  14.171 0.0000000000
100449  44.498  2.921  11.479 0.0000000000
100450  44.268  2.416  12.278 0.0000000000
100451  44.710  2.308  12.087 0.0000000000
100452  44.896  1.652  12.709 0.0000000000
100453  45.039  1.021  13.241 0.0000000000
100454  45.135  0.397  13.702 0.0000000000
100455  45.467  0.961  12.965 0.0000000000
100456  45.880  0.860  12.680 0.0000000000
100457  46.278  0.754  12.393 0.0000000000
109787  39.013  6.944  12.294 0.0000000000
109788  38.663  7.148  12.467 0.0000000000
109789  38.667  6.339  12.672 0.0000000000
109790  38.329  5.753  13.054 0.0000000000
109791  37.998  5.115  13.583 0.0000000000
109792  37.674  1.712  15.882 0.0000000000
109793  37.584  2.401  15.458 0.0000000000
109794  37.277  1.776  15.801 0.0000000000
109795  36.923  1.851  15.740 0.0000000000
109796  36.546  1.946  15.621 0.0000000000
109797  36.188  2.020  15.512 0.0000000000
109798  36.254  1.271  15.807 0.0000000000
109799  36.042  0.507  15.879 0.0000000000
109800  35.849  -0.242  15.871 0.0000000000
109801  35.664  -0.998  15.790 0.0000000000
109802  35.911  -1.049  16.030 0.0000000000
109803  35.982  -1.904  16.147 0.0000000000
109804  36.053  -2.768  16.239 0.0000000000
109805  36.651  -4.470  17.141 0.0000000000
109806  36.409  -4.504  16.877 0.0000000000
109807  36.254  -5.342  16.885 0.0000000000
109808  35.854  -6.189  16.563 0.0000000000
109818  37.717  -7.086  17.725 0.0000000000
109827  41.858  -1.424  16.893 0.0000000000
109828  41.422  -2.001  17.366 0.0000000000
109829  41.865  -2.087  17.237 0.0000000000
109830  41.873  -2.786  17.557 0.0000000000
109831  41.752  -3.604  17.790 0.0000000000
109927  50.533  9.319  1.546 0.0000000000
109928  50.836  9.974  1.671 0.0000000000
109929  50.148  9.484  1.652 0.0000000000
109930  49.707  9.606  1.816 0.0000000000
109931  49.216  9.702  2.100 0.0000000000
109932  48.691  9.802  2.464 0.0000000000
109933  48.504  9.035  2.587 0.0000000000
109934  47.809  8.293  3.352 0.0000000000
109935  47.168  7.549  4.276 0.0000000000
109936  46.681  6.873  5.220 0.0000000000
109937  47.137  6.793  4.667 0.0000000000
109938  47.130  6.014  5.178 0.0000000000
109939  47.186  5.304  5.782 0.0000000000
109940  48.943  4.087  5.462 0.0000000000
109941  48.503  4.109  5.923 0.0000000000
109942  48.698  3.496  6.609 0.0000000000
109943  48.383  2.935  7.637 0.0000000000
109944  48.089  2.330  8.679 0.0000000000
109945  47.812  1.743  9.719 0.0000000000
109946  48.253  1.647  9.271 0.0000000000
109947  48.371  0.853  9.840 0.0000000000
109948  48.363  0.007  10.321 0.0000000000
109949  52.614  2.579  3.731 0.0000000000
109950  52.201  2.902  3.668 0.0000000000
109951  52.116  2.077  4.387 0.0000000000
109952  51.592  1.464  5.088 0.0000000000
109953  51.116  0.900  5.796 0.0000000000
117153  42.080  9.174  9.029 0.0000000000
117154  41.756  8.642  9.553 0.0000000000
117155  42.130  8.451  9.298 0.0000000000
117156  42.160  7.692  9.572 0.0000000000
117157  42.170  6.929  9.828 0.0000000000
117158  42.946  7.347  9.014 0.0000000000
117159  42.554  6.757  9.549 0.0000000000
117160  42.176  6.165  10.100 0.0000000000
117161  42.194  5.364  10.509 0.0000000000
117162  42.294  4.630  11.013 0.0000000000
117163  42.505  3.922  11.637 0.0000000000
117164  42.735  3.268  12.262 0.0000000000
117165  42.923  3.807  11.469 0.0000000000
117166  43.366  3.703  11.292 0.0000000000
117167  43.795  3.627  11.062 0.0000000000
117168  43.813  4.850  9.728 0.0000000000
117169  44.007  4.188  10.268 0.0000000000
117170  44.240  3.552  10.847 0.0000000000
117171  44.699  3.441  10.661 0.0000000000
117172  45.121  3.349  10.419 0.0000000000
117173  45.524  3.270  10.164 0.0000000000
124430  39.269  3.879  13.830 0.0000000000
124431  38.861  4.041  13.900 0.0000000000
124432  38.977  3.313  14.466 0.0000000000
124433  38.709  2.749  15.046 0.0000000000
124434  38.416  2.194  15.534 0.0000000000
124435  38.863  1.369  16.006 0.0000000000
124436  38.462  1.484  15.980 0.0000000000
124437  38.067  1.612  15.951 0.0000000000
124438  37.725  0.970  16.255 0.0000000000
124439  37.369  0.289  16.487 0.0000000000
124440  37.017  -0.472  16.670 0.0000000000
124441  36.731  -1.193  16.701 0.0000000000
124442  37.047  -1.251  16.934 0.0000000000
124443  37.047  -2.036  17.136 0.0000000000
124444  37.018  -2.868  17.280 0.0000000000
124445  37.743  -2.096  17.496 0.0000000000
124446  37.355  -2.860  17.485 0.0000000000
124447  37.011  -3.611  17.368 0.0000000000
124448  36.915  -4.482  17.382 0.0000000000
124449  36.781  -5.355  17.357 0.0000000000
124450  36.626  -6.200  17.280 0.0000000000
124451  36.443  -7.007  17.180 0.0000000000
124452  36.910  -6.252  17.446 0.0000000000
124453  37.247  -6.226  17.609 0.0000000000
124454  37.573  -6.195  17.768 0.0000000000
124455  38.220  -4.638  18.062 0.0000000000
124456  38.116  -5.423  18.003 0.0000000000
124457  37.920  -6.257  17.892 0.0000000000
124458  38.293  -6.309  17.967 0.0000000000
124459  38.679  -6.347  18.001 0.0000000000
124460  39.054  -6.393  17.992 0.0000000000
124461  43.562  -1.840  16.254 0.0000000000
124462  43.119  -2.457  16.784 0.0000000000
124463  43.573  -2.577  16.551 0.0000000000
124464  43.496  -3.313  16.810 0.0000000000
124539  51.442  9.567  1.495 0.0000000000
124540  51.708  8.742  1.270 0.0000000000
124541  51.359  8.971  1.339 0.0000000000
124542  50.969  9.188  1.423 0.0000000000
124543  50.430  8.734  1.495 0.0000000000
124544  49.757  8.110  1.788 0.0000000000
124545  49.131  7.401  2.377 0.0000000000
124546  48.548  6.620  3.183 0.0000000000
124547  49.039  6.647  2.779 0.0000000000
124548  49.021  5.906  3.262 0.0000000000
124549  49.095  5.216  3.842 0.0000000000
124550  50.134  5.818  2.498 0.0000000000
124551  49.648  5.199  3.429 0.0000000000
124552  49.256  4.626  4.418 0.0000000000
124553  49.428  4.041  5.048 0.0000000000
124554  49.603  3.408  5.679 0.0000000000
124555  49.742  2.697  6.331 0.0000000000
133945  39.315  8.395  11.722 0.0000000000
133946  39.946  8.840  11.012 0.0000000000
133947  39.655  8.201  11.467 0.0000000000
133948  39.357  7.548  11.877 0.0000000000
133949  39.356  6.763  12.105 0.0000000000
133950  39.356  5.959  12.376 0.0000000000
133951  39.405  5.161  12.736 0.0000000000
133952  41.415  8.062  10.082 0.0000000000
133953  41.061  7.451  10.582 0.0000000000
133954  40.720  6.850  11.050 0.0000000000
133955  41.095  5.805  11.136 0.0000000000
133956  40.731  6.036  11.326 0.0000000000
133957  40.377  6.237  11.506 0.0000000000
133958  40.050  5.609  12.014 0.0000000000
133959  39.758  4.998  12.578 0.0000000000
133960  39.521  4.429  13.200 0.0000000000
133961  39.707  3.738  13.732 0.0000000000
133962  39.843  3.057  14.301 0.0000000000
133963  39.935  2.397  14.858 0.0000000000
133964  40.620  2.750  14.195 0.0000000000
133965  40.326  2.235  14.822 0.0000000000
133966  40.010  1.691  15.425 0.0000000000
133967  40.096  1.003  15.934 0.0000000000
133968  40.180  0.338  16.390 0.0000000000
133969  40.205  -0.357  16.857 0.0000000000
133970  40.162  -1.078  17.278 0.0000000000
133971  40.589  -0.513  16.811 0.0000000000
133972  41.009  -0.620  16.751 0.0000000000
133973  41.403  -0.662  16.638 0.0000000000
133974  41.758  0.528  15.603 0.0000000000
133975  41.781  -0.107  16.088 0.0000000000
133976  41.828  -0.764  16.513 0.0000000000
133977  42.290  -0.804  16.373 0.0000000000
133978  42.724  -0.951  16.215 0.0000000000
133979  43.166  -1.051  16.024 0.0000000000
133980  42.969  2.627  12.888 0.0000000000
133981  43.175  2.011  13.479 0.0000000000
133982  43.299  1.385  14.037 0.0000000000
133983  44.045  1.912  13.059 0.0000000000
133984  43.729  1.316  13.846 0.0000000000
133985  43.387  0.781  14.546 0.0000000000
133986  43.474  0.153  15.010 0.0000000000
133987  43.547  -0.476  15.426 0.0000000000
133988  43.589  -1.116  15.820 0.0000000000
133989  43.992  -1.254  15.650 0.0000000000
133990  44.402  -1.378  15.458 0.0000000000
133991  44.799  -1.530  15.211 0.0000000000
133992  45.191  -0.273  14.162 0.0000000000
133993  45.210  -0.980  14.611 0.0000000000
133994  45.177  -1.685  14.947 0.0000000000
133995  45.534  -1.852  14.712 0.0000000000
133996  45.907  -2.025  14.367 0.0000000000
133997  46.249  -2.181  14.010 0.0000000000
134056  52.634  5.496  1.583 0.0000000000
134057  53.099  5.189  1.665 0.0000000000
134058  53.138  4.533  2.071 0.0000000000
134059  53.129  3.837  2.573 0.0000000000
134062  53.096  3.067  3.168 0.0000000000
134063  53.031  2.255  3.816 0.0000000000
140710  41.213  10.210  9.383 0.0000000000
140711  41.594  10.025  9.093 0.0000000000
140719  41.873  10.486  8.584 0.0000000000
140720  41.986  9.834  8.772 0.0000000000
140721  42.368  9.680  8.457 0.0000000000
140722  42.757  9.561  8.095 0.0000000000
140723  43.141  9.351  7.804 0.0000000000
140724  43.304  10.455  6.940 0.0000000000
140725  43.417  9.800  7.188 0.0000000000
140726  43.539  9.141  7.531 0.0000000000
140727  43.962  8.981  7.194 0.0000000000
140728  44.357  8.828  6.858 0.0000000000
140729  44.749  8.669  6.515 0.0000000000
153015  38.312  7.374  12.584 0.0000000000
153016  37.966  7.570  12.719 0.0000000000
153017  37.594  7.795  12.858 0.0000000000
153018  37.248  7.087  13.178 0.0000000000
153019  36.908  6.404  13.504 0.0000000000
153020  36.572  5.708  13.828 0.0000000000
153021  38.463  4.220  13.973 0.0000000000
153022  38.076  4.336  14.032 0.0000000000
153023  37.679  4.455  14.117 0.0000000000
153024  37.517  3.136  14.977 0.0000000000
153025  37.405  3.859  14.543 0.0000000000
153026  37.316  4.609  14.129 0.0000000000
153027  36.954  4.730  14.142 0.0000000000
153028  36.605  4.899  14.152 0.0000000000
153029  36.246  5.058  14.116 0.0000000000
153030  35.958  4.389  14.406 0.0000000000
153033  35.838  2.078  15.376 0.0000000000
153034  35.522  2.140  15.213 0.0000000000
153042  35.576  -1.777  15.641 0.0000000000
153048  36.456  -1.937  16.618 0.0000000000
153049  36.267  -2.784  16.510 0.0000000000
153050  36.072  -3.640  16.293 0.0000000000
153051  36.169  -4.510  16.549 0.0000000000
153052  35.999  -4.481  16.290 0.0000000000
153053  35.835  -4.514  15.992 0.0000000000
153093  40.154  -1.782  17.613 0.0000000000
153094  40.117  -2.485  17.895 0.0000000000
153095  40.050  -3.220  18.121 0.0000000000
153096  40.989  -2.590  17.759 0.0000000000
153097  40.477  -3.272  18.066 0.0000000000
153098  39.956  -4.023  18.272 0.0000000000
153099  39.845  -4.853  18.302 0.0000000000
153100  39.660  -5.635  18.157 0.0000000000
153102  42.671  -3.069  17.258 0.0000000000
153103  42.171  -3.722  17.650 0.0000000000
153104  41.619  -4.406  17.865 0.0000000000
153107  41.046  -5.127  17.997 0.0000000000
153225  45.096  9.873  5.414 0.0000000000
153226  45.213  9.279  5.693 0.0000000000
153227  45.297  8.628  6.024 0.0000000000
153294  50.961  10.501  1.919 0.0000000000
153302  47.510  10.507  3.242 0.0000000000
153303  48.113  9.821  2.887 0.0000000000
153304  47.505  9.846  3.375 0.0000000000
153305  46.858  9.871  3.889 0.0000000000
153306  46.342  9.177  4.720 0.0000000000
153307  45.834  8.531  5.573 0.0000000000
153308  45.332  7.893  6.382 0.0000000000
153309  45.300  7.235  6.671 0.0000000000
153310  45.245  6.540  7.067 0.0000000000
153311  45.259  5.807  7.544 0.0000000000
153312  46.190  6.281  6.156 0.0000000000
153313  45.723  5.669  7.098 0.0000000000
153314  45.391  5.117  8.103 0.0000000000
153315  45.610  4.485  8.687 0.0000000000
153316  45.831  3.845  9.225 0.0000000000
153317  46.052  3.176  9.821 0.0000000000
153318  48.013  5.836  4.191 0.0000000000
153319  47.647  5.264  5.287 0.0000000000
153320  47.345  4.730  6.393 0.0000000000
153321  47.999  4.151  6.386 0.0000000000
153322  47.538  4.171  6.884 0.0000000000
153323  47.101  4.202  7.420 0.0000000000
153324  46.853  3.675  8.430 0.0000000000
153325  46.554  3.106  9.428 0.0000000000
153326  46.262  2.547  10.380 0.0000000000
153327  46.460  1.923  10.961 0.0000000000
153328  46.632  1.289  11.533 0.0000000000
153329  46.754  0.635  12.013 0.0000000000
153330  47.541  1.133  10.667 0.0000000000
153331  47.196  0.510  11.570 0.0000000000
153332  46.806  -0.088  12.433 0.0000000000
153333  46.801  -0.864  12.863 0.0000000000
153334  46.729  -1.642  13.227 0.0000000000
153335  46.617  -2.423  13.525 0.0000000000
153336  52.195  5.094  1.918 0.0000000000
153337  51.697  4.645  2.417 0.0000000000
153338  51.291  4.127  3.160 0.0000000000
153339  51.780  3.154  3.676 0.0000000000
153340  51.355  3.417  3.795 0.0000000000
153341  50.897  3.614  4.006 0.0000000000
153342  50.530  3.063  4.987 0.0000000000
153343  50.148  2.532  5.981 0.0000000000
153344  49.807  1.902  7.038 0.0000000000
153347  50.645  0.256  6.548 0.0000000000
153349  50.165  -0.439  7.280 0.0000000000
153350  50.387  0.531  6.840 0.0000000000
153351  50.122  0.810  7.196 0.0000000000
153352  49.829  1.049  7.599 0.0000000000
153353  49.455  1.205  8.023 0.0000000000
153354  49.068  0.469  8.983 0.0000000000
153355  48.673  -0.201  9.870 0.0000000000
153356  48.270  -0.845  10.660 0.0000000000
153357  48.342  -1.928  10.394 0.0000000000
153358  48.106  -1.696  10.931 0.0000000000
153359  47.849  -1.466  11.481 0.0000000000
153360  47.424  -2.109  12.295 0.0000000000
