#!ascii label  , from subject fsaverage vox2ras=TkReg
625
157  52.384  -53.825  -4.572 0.0000000000
348  45.803  -60.116  2.383 0.0000000000
1403  53.785  -48.858  -7.456 0.0000000000
1778  50.291  -57.138  -0.784 0.0000000000
1991  43.315  -71.231  3.675 0.0000000000
2518  40.540  -66.100  1.859 0.0000000000
2519  44.016  -60.231  -0.465 0.0000000000
2520  50.199  -59.153  -2.841 0.0000000000
2523  53.859  -55.662  -7.259 0.0000000000
3319  53.113  -54.161  -3.585 0.0000000000
3321  53.752  -51.315  -4.626 0.0000000000
3322  54.791  -48.986  -5.902 0.0000000000
3323  52.902  -51.255  -6.073 0.0000000000
3922  50.149  -57.071  0.158 0.0000000000
3923  47.906  -58.237  1.094 0.0000000000
5650  41.389  -69.254  2.809 0.0000000000
5654  43.749  -61.101  -1.958 0.0000000000
5655  47.062  -59.387  -1.502 0.0000000000
5656  47.270  -60.427  -2.878 0.0000000000
5663  53.681  -59.100  -6.025 0.0000000000
5664  55.334  -56.912  -8.415 0.0000000000
5665  54.225  -53.524  -9.400 0.0000000000
6098  43.969  -62.090  3.360 0.0000000000
7987  51.974  -56.070  -1.872 0.0000000000
7988  51.749  -56.170  -3.152 0.0000000000
8555  43.837  -69.270  5.231 0.0000000000
10108  42.176  -67.655  4.013 0.0000000000
10109  41.640  -65.087  3.070 0.0000000000
10110  42.628  -62.256  2.233 0.0000000000
10112  41.449  -62.611  0.791 0.0000000000
10113  44.748  -59.999  1.272 0.0000000000
10114  47.405  -58.644  0.013 0.0000000000
10115  50.096  -58.106  -1.691 0.0000000000
10116  51.623  -56.762  -3.876 0.0000000000
10123  50.619  -60.208  -4.203 0.0000000000
10124  52.387  -57.711  -4.793 0.0000000000
10125  52.626  -54.442  -6.048 0.0000000000
10126  53.115  -52.269  -8.048 0.0000000000
10999  52.707  -53.976  -4.035 0.0000000000
11000  53.448  -52.755  -3.960 0.0000000000
11001  52.951  -52.529  -4.545 0.0000000000
11002  53.227  -51.179  -5.322 0.0000000000
11003  52.649  -52.543  -5.264 0.0000000000
11602  47.913  -58.446  1.591 0.0000000000
11603  46.792  -59.117  1.806 0.0000000000
13335  45.523  -60.629  -2.457 0.0000000000
13343  55.051  -58.524  -8.003 0.0000000000
13344  55.786  -57.346  -9.061 0.0000000000
13345  55.585  -55.803  -9.531 0.0000000000
15724  54.226  -48.793  -6.626 0.0000000000
17524  50.245  -56.956  -0.409 0.0000000000
17525  51.106  -56.535  -0.871 0.0000000000
17526  51.149  -56.600  -1.447 0.0000000000
17527  51.892  -56.224  -2.584 0.0000000000
17528  51.180  -56.795  -1.914 0.0000000000
22704  43.611  -70.226  4.389 0.0000000000
22705  42.929  -68.575  4.603 0.0000000000
22706  42.529  -69.496  3.871 0.0000000000
22707  40.841  -67.788  2.350 0.0000000000
22708  41.168  -67.111  2.874 0.0000000000
22709  41.014  -65.600  2.422 0.0000000000
22710  41.980  -63.587  2.644 0.0000000000
22711  41.241  -63.911  1.979 0.0000000000
22715  42.346  -61.564  -0.650 0.0000000000
22716  41.093  -63.085  0.008 0.0000000000
22717  42.691  -61.161  0.015 0.0000000000
22718  43.022  -60.940  0.876 0.0000000000
22719  44.287  -59.940  0.409 0.0000000000
22720  45.998  -59.242  0.712 0.0000000000
22721  45.699  -59.348  -0.117 0.0000000000
22722  48.699  -59.354  -2.136 0.0000000000
22723  48.650  -58.843  -1.515 0.0000000000
22724  50.095  -58.639  -2.262 0.0000000000
22725  50.940  -57.649  -2.737 0.0000000000
22726  51.114  -58.067  -3.201 0.0000000000
22744  50.739  -60.817  -5.083 0.0000000000
22745  54.034  -57.359  -6.618 0.0000000000
22746  53.069  -58.330  -5.401 0.0000000000
22747  53.227  -56.632  -6.090 0.0000000000
22748  52.547  -56.044  -5.590 0.0000000000
22749  53.139  -54.959  -6.678 0.0000000000
22750  52.842  -53.274  -7.072 0.0000000000
22751  53.425  -53.918  -7.894 0.0000000000
22753  53.610  -51.676  -9.504 0.0000000000
24405  53.538  -54.384  -2.960 0.0000000000
24407  54.048  -53.096  -3.403 0.0000000000
24408  54.409  -51.729  -3.923 0.0000000000
24409  54.888  -50.380  -4.616 0.0000000000
24411  54.278  -50.058  -5.299 0.0000000000
24412  53.693  -49.968  -6.035 0.0000000000
24413  53.316  -50.048  -6.888 0.0000000000
25491  49.029  -57.883  1.251 0.0000000000
25492  49.130  -57.625  0.661 0.0000000000
25493  49.112  -57.619  0.115 0.0000000000
28599  43.039  -72.225  2.932 0.0000000000
28600  42.162  -70.405  3.208 0.0000000000
28601  41.928  -71.232  2.543 0.0000000000
28602  41.135  -69.941  2.138 0.0000000000
28603  40.484  -68.385  1.701 0.0000000000
28607  42.219  -62.108  -1.442 0.0000000000
28608  43.815  -60.617  -1.207 0.0000000000
28609  45.476  -59.665  -0.935 0.0000000000
28610  45.432  -60.173  -1.702 0.0000000000
28611  47.172  -59.934  -2.205 0.0000000000
28612  48.773  -59.753  -2.666 0.0000000000
28623  52.339  -60.342  -5.767 0.0000000000
28624  53.908  -59.665  -6.834 0.0000000000
28625  54.817  -58.026  -7.210 0.0000000000
28626  54.651  -56.333  -7.897 0.0000000000
28627  54.172  -54.558  -8.480 0.0000000000
28628  54.987  -55.214  -9.007 0.0000000000
28629  54.885  -54.130  -9.962 0.0000000000
29588  44.828  -61.046  2.879 0.0000000000
34293  51.097  -56.704  -0.147 0.0000000000
34294  52.014  -56.107  -1.085 0.0000000000
34295  52.924  -55.312  -2.090 0.0000000000
34296  52.686  -55.375  -2.920 0.0000000000
34297  52.385  -55.311  -3.540 0.0000000000
34298  52.109  -55.167  -3.961 0.0000000000
35929  44.574  -70.592  5.025 0.0000000000
35930  44.484  -71.631  4.134 0.0000000000
40559  42.762  -66.801  4.802 0.0000000000
40560  42.379  -65.777  4.258 0.0000000000
40561  41.739  -68.465  3.342 0.0000000000
40562  41.687  -66.439  3.543 0.0000000000
40563  42.287  -64.609  3.706 0.0000000000
40564  42.716  -63.298  3.228 0.0000000000
40565  43.314  -62.165  2.827 0.0000000000
40566  44.234  -61.081  2.364 0.0000000000
40569  40.168  -66.735  1.198 0.0000000000
40571  40.377  -64.880  0.630 0.0000000000
40572  40.705  -64.334  1.357 0.0000000000
40573  41.985  -62.365  1.468 0.0000000000
40574  43.590  -60.967  1.698 0.0000000000
40575  45.249  -60.102  1.879 0.0000000000
40576  46.386  -59.162  1.342 0.0000000000
40577  47.637  -58.454  0.605 0.0000000000
40578  49.014  -57.814  -0.234 0.0000000000
40579  47.136  -58.989  -0.734 0.0000000000
40580  48.848  -58.326  -0.782 0.0000000000
40581  50.147  -57.563  -1.166 0.0000000000
40582  51.017  -57.193  -2.260 0.0000000000
40583  51.605  -56.402  -3.450 0.0000000000
40584  51.980  -55.317  -4.423 0.0000000000
40604  48.960  -60.343  -3.459 0.0000000000
40605  50.390  -59.610  -3.442 0.0000000000
40606  52.042  -59.787  -4.908 0.0000000000
40607  51.664  -59.223  -4.218 0.0000000000
40608  51.352  -58.639  -3.708 0.0000000000
40609  51.830  -57.234  -4.318 0.0000000000
40610  52.131  -55.638  -5.003 0.0000000000
40611  52.297  -54.058  -5.268 0.0000000000
40612  52.602  -52.824  -6.174 0.0000000000
40613  52.836  -51.608  -7.134 0.0000000000
40614  53.131  -50.459  -7.951 0.0000000000
40615  53.546  -52.894  -8.825 0.0000000000
40616  53.292  -51.033  -8.802 0.0000000000
40617  53.509  -49.170  -8.402 0.0000000000
41719  52.509  -53.871  -4.275 0.0000000000
41720  52.843  -53.293  -4.241 0.0000000000
41721  52.616  -53.196  -4.504 0.0000000000
41722  52.772  -52.504  -4.885 0.0000000000
41723  52.513  -53.204  -4.863 0.0000000000
42321  46.449  -59.720  2.360 0.0000000000
42322  46.884  -59.227  2.068 0.0000000000
42323  46.316  -59.615  2.094 0.0000000000
46444  53.980  -48.761  -7.015 0.0000000000
46445  54.551  -48.252  -6.894 0.0000000000
46446  54.292  -48.214  -7.303 0.0000000000
46448  54.045  -48.239  -7.715 0.0000000000
48244  50.266  -57.023  -0.625 0.0000000000
48245  50.692  -56.762  -0.918 0.0000000000
48246  50.732  -56.864  -1.096 0.0000000000
48247  51.168  -56.683  -1.678 0.0000000000
48248  50.769  -56.994  -1.308 0.0000000000
53424  43.429  -70.742  4.047 0.0000000000
53425  42.995  -69.909  4.164 0.0000000000
53426  42.845  -70.384  3.793 0.0000000000
53427  40.629  -66.974  2.106 0.0000000000
53428  40.842  -66.683  2.375 0.0000000000
53429  40.765  -65.860  2.152 0.0000000000
53430  41.059  -64.755  2.209 0.0000000000
53431  40.783  -64.931  1.921 0.0000000000
53435  43.206  -60.827  -0.593 0.0000000000
53436  42.520  -61.351  -0.296 0.0000000000
53437  43.331  -60.642  -0.210 0.0000000000
53438  43.501  -60.495  0.210 0.0000000000
53439  44.153  -60.042  -0.012 0.0000000000
53440  44.983  -59.587  0.160 0.0000000000
53441  44.838  -59.720  -0.268 0.0000000000
53442  49.448  -59.321  -2.438 0.0000000000
53443  49.397  -59.070  -2.149 0.0000000000
53444  50.176  -58.943  -2.459 0.0000000000
53445  50.751  -58.344  -2.751 0.0000000000
53446  50.769  -58.648  -2.982 0.0000000000
53465  53.962  -56.528  -6.950 0.0000000000
53466  53.613  -57.013  -6.349 0.0000000000
53467  53.574  -56.148  -6.673 0.0000000000
53468  53.221  -55.812  -6.417 0.0000000000
53469  53.499  -55.311  -6.977 0.0000000000
53470  53.314  -54.425  -7.238 0.0000000000
53471  53.723  -54.819  -7.575 0.0000000000
56034  53.328  -54.298  -3.295 0.0000000000
56035  53.794  -53.780  -3.225 0.0000000000
56036  53.545  -53.669  -3.528 0.0000000000
56037  53.577  -52.034  -4.224 0.0000000000
56038  53.866  -52.190  -3.933 0.0000000000
56039  54.061  -51.496  -4.284 0.0000000000
56040  54.636  -51.043  -4.297 0.0000000000
56041  54.307  -50.818  -4.627 0.0000000000
56042  54.580  -50.193  -4.911 0.0000000000
56043  53.978  -50.655  -4.963 0.0000000000
56044  53.031  -51.197  -5.660 0.0000000000
56045  53.467  -50.566  -5.670 0.0000000000
56046  53.250  -50.588  -6.022 0.0000000000
56047  53.459  -50.003  -6.450 0.0000000000
56048  53.112  -50.637  -6.495 0.0000000000
57844  47.910  -58.337  1.360 0.0000000000
57845  48.506  -57.996  1.175 0.0000000000
57846  48.504  -57.943  0.915 0.0000000000
57847  49.117  -57.606  0.380 0.0000000000
57848  48.492  -57.885  0.624 0.0000000000
63025  42.431  -71.754  2.743 0.0000000000
63030  40.752  -69.196  1.928 0.0000000000
63037  42.948  -61.552  -1.701 0.0000000000
63038  42.948  -61.283  -1.267 0.0000000000
63039  43.791  -60.854  -1.581 0.0000000000
63040  44.625  -60.354  -1.473 0.0000000000
63041  44.642  -60.557  -1.855 0.0000000000
63042  46.441  -60.577  -2.694 0.0000000000
63043  46.370  -60.308  -2.330 0.0000000000
63044  47.185  -60.160  -2.531 0.0000000000
63045  47.983  -59.852  -2.444 0.0000000000
63046  47.995  -60.056  -2.777 0.0000000000
63065  55.315  -57.740  -8.179 0.0000000000
63066  54.966  -58.326  -7.600 0.0000000000
63067  55.129  -57.498  -7.828 0.0000000000
63068  54.809  -57.202  -7.530 0.0000000000
63069  54.996  -56.636  -8.134 0.0000000000
63070  54.840  -55.814  -8.473 0.0000000000
63071  55.169  -56.105  -8.668 0.0000000000
63073  55.291  -55.021  -9.801 0.0000000000
65048  44.365  -61.539  3.098 0.0000000000
75609  50.132  -57.268  0.503 0.0000000000
75611  50.646  -56.903  -0.029 0.0000000000
75612  51.585  -56.285  -1.372 0.0000000000
75613  51.571  -56.313  -1.002 0.0000000000
75614  52.018  -56.053  -1.486 0.0000000000
75615  52.479  -55.739  -1.586 0.0000000000
75616  52.421  -55.762  -1.987 0.0000000000
75617  52.816  -55.309  -2.513 0.0000000000
75618  52.348  -55.801  -2.383 0.0000000000
75619  51.839  -56.198  -2.890 0.0000000000
75620  52.182  -55.830  -3.105 0.0000000000
75621  52.083  -55.799  -3.385 0.0000000000
75622  52.224  -55.258  -3.755 0.0000000000
75623  51.950  -55.725  -3.623 0.0000000000
79611  45.027  -71.306  4.893 0.0000000000
79612  44.541  -71.121  4.572 0.0000000000
91151  43.605  -68.515  5.335 0.0000000000
91152  42.516  -68.135  4.366 0.0000000000
91153  42.784  -67.682  4.694 0.0000000000
91154  42.436  -67.202  4.413 0.0000000000
91155  42.560  -66.327  4.527 0.0000000000
91156  42.209  -66.699  4.142 0.0000000000
91157  41.719  -69.892  3.037 0.0000000000
91158  41.906  -69.444  3.316 0.0000000000
91159  41.555  -68.857  3.078 0.0000000000
91160  41.304  -66.095  2.965 0.0000000000
91161  41.381  -66.811  3.165 0.0000000000
91162  41.590  -65.792  3.329 0.0000000000
91163  41.931  -65.506  3.686 0.0000000000
91164  41.963  -64.851  3.406 0.0000000000
91165  42.468  -63.979  3.465 0.0000000000
91166  42.130  -64.164  3.188 0.0000000000
91167  42.268  -62.910  2.427 0.0000000000
91168  42.626  -62.802  2.744 0.0000000000
91169  42.995  -62.204  2.557 0.0000000000
91170  43.753  -61.601  2.616 0.0000000000
91171  43.435  -61.623  2.357 0.0000000000
91183  41.265  -62.811  0.405 0.0000000000
91184  40.684  -63.940  0.300 0.0000000000
91185  40.837  -63.645  0.709 0.0000000000
91186  40.491  -64.584  1.030 0.0000000000
91187  41.009  -63.435  1.069 0.0000000000
91188  41.247  -63.260  1.396 0.0000000000
91189  41.703  -62.464  1.136 0.0000000000
91190  43.903  -60.407  1.088 0.0000000000
91191  43.271  -60.938  1.299 0.0000000000
91192  44.164  -60.461  1.500 0.0000000000
91193  44.464  -60.568  1.876 0.0000000000
91194  45.039  -60.042  1.627 0.0000000000
91195  45.847  -59.583  1.611 0.0000000000
91196  45.573  -59.609  1.363 0.0000000000
91197  46.704  -58.936  0.387 0.0000000000
91198  46.867  -58.845  0.662 0.0000000000
91199  47.559  -58.522  0.298 0.0000000000
91200  48.333  -58.112  0.178 0.0000000000
91201  48.290  -58.232  -0.093 0.0000000000
91202  46.271  -59.503  -1.186 0.0000000000
91203  46.307  -59.309  -0.801 0.0000000000
91204  47.071  -59.186  -1.117 0.0000000000
91205  49.402  -58.512  -1.519 0.0000000000
91206  48.727  -58.581  -1.101 0.0000000000
91207  49.480  -58.197  -1.226 0.0000000000
91208  49.563  -57.890  -0.936 0.0000000000
91209  50.111  -57.818  -1.393 0.0000000000
91210  50.629  -57.462  -1.674 0.0000000000
91211  50.588  -57.696  -1.915 0.0000000000
91212  51.315  -57.232  -3.326 0.0000000000
91213  51.355  -56.996  -3.080 0.0000000000
91214  51.584  -56.560  -3.668 0.0000000000
91215  51.793  -55.879  -3.986 0.0000000000
91216  51.792  -56.047  -4.189 0.0000000000
91265  49.916  -60.661  -4.210 0.0000000000
91266  49.040  -60.598  -3.858 0.0000000000
91267  49.844  -60.270  -3.820 0.0000000000
91268  49.758  -59.981  -3.405 0.0000000000
91269  50.522  -59.886  -3.800 0.0000000000
91270  53.034  -59.819  -5.875 0.0000000000
91271  52.177  -60.143  -5.381 0.0000000000
91272  52.867  -59.488  -5.483 0.0000000000
91273  52.687  -58.016  -5.053 0.0000000000
91274  52.349  -58.813  -4.775 0.0000000000
91275  52.071  -58.519  -4.480 0.0000000000
91276  51.498  -58.928  -3.953 0.0000000000
91277  51.838  -58.207  -4.227 0.0000000000
91278  51.628  -57.917  -3.986 0.0000000000
91279  52.090  -57.457  -4.524 0.0000000000
91280  52.573  -55.303  -5.843 0.0000000000
91281  52.289  -55.837  -5.302 0.0000000000
91282  52.399  -55.058  -5.525 0.0000000000
91283  52.252  -54.888  -5.193 0.0000000000
91284  52.414  -54.242  -5.655 0.0000000000
91285  52.441  -53.417  -5.731 0.0000000000
91286  52.581  -53.599  -6.158 0.0000000000
91287  52.957  -52.800  -7.569 0.0000000000
91288  52.792  -52.411  -7.126 0.0000000000
91289  52.972  -51.958  -7.600 0.0000000000
91290  52.988  -51.080  -7.562 0.0000000000
91291  53.099  -51.389  -8.051 0.0000000000
91292  54.236  -54.032  -8.992 0.0000000000
91293  53.868  -53.732  -8.677 0.0000000000
91294  53.861  -53.215  -9.125 0.0000000000
91295  53.497  -50.649  -9.475 0.0000000000
91296  53.431  -51.351  -9.170 0.0000000000
91297  53.351  -50.349  -9.085 0.0000000000
91298  53.322  -50.079  -8.649 0.0000000000
91299  53.464  -49.424  -8.837 0.0000000000
93525  52.924  -54.087  -3.809 0.0000000000
93526  53.308  -53.514  -3.775 0.0000000000
93527  53.068  -53.394  -4.007 0.0000000000
93528  53.179  -52.651  -4.205 0.0000000000
93529  53.314  -51.913  -4.556 0.0000000000
93530  53.480  -51.229  -4.964 0.0000000000
93531  53.064  -51.842  -4.904 0.0000000000
93532  52.861  -51.813  -5.281 0.0000000000
93533  52.773  -51.909  -5.704 0.0000000000
94611  47.411  -58.874  1.969 0.0000000000
94612  47.342  -58.774  1.740 0.0000000000
94613  47.368  -58.626  1.494 0.0000000000
97729  44.613  -60.816  -2.205 0.0000000000
97730  44.682  -61.096  -2.599 0.0000000000
97731  45.565  -60.913  -2.797 0.0000000000
97732  46.461  -60.822  -2.983 0.0000000000
97745  55.449  -57.911  -8.571 0.0000000000
97746  55.573  -57.178  -8.733 0.0000000000
97747  55.512  -56.332  -8.965 0.0000000000
97748  55.778  -56.570  -9.305 0.0000000000
102030  54.494  -48.868  -6.255 0.0000000000
105270  50.211  -56.965  -0.148 0.0000000000
105271  50.657  -56.783  -0.374 0.0000000000
105272  50.671  -56.740  -0.677 0.0000000000
105273  51.131  -56.517  -1.197 0.0000000000
105274  51.578  -56.340  -1.720 0.0000000000
105275  51.922  -56.133  -2.248 0.0000000000
105276  51.568  -56.431  -2.026 0.0000000000
105277  51.543  -56.500  -2.292 0.0000000000
105278  51.499  -56.536  -2.592 0.0000000000
114594  43.698  -69.736  4.810 0.0000000000
114595  43.369  -68.963  4.911 0.0000000000
114596  43.208  -69.423  4.508 0.0000000000
114597  42.741  -68.997  4.221 0.0000000000
114598  42.329  -68.572  3.947 0.0000000000
114599  41.097  -68.488  2.592 0.0000000000
114600  41.230  -68.161  2.849 0.0000000000
114601  40.974  -67.438  2.623 0.0000000000
114602  41.051  -66.356  2.601 0.0000000000
114603  41.357  -65.319  2.731 0.0000000000
114604  41.811  -64.309  2.872 0.0000000000
114605  41.461  -64.530  2.533 0.0000000000
114606  41.643  -63.741  2.308 0.0000000000
114607  41.905  -62.963  2.078 0.0000000000
114613  41.580  -62.528  -0.732 0.0000000000
114614  41.012  -63.319  -0.413 0.0000000000
114615  41.681  -62.261  -0.316 0.0000000000
114616  41.812  -62.040  0.047 0.0000000000
114617  42.013  -61.869  0.423 0.0000000000
114618  42.230  -61.721  0.805 0.0000000000
114619  42.839  -61.061  0.468 0.0000000000
114620  43.675  -60.412  0.650 0.0000000000
114621  44.501  -59.950  0.853 0.0000000000
114622  45.326  -59.633  1.050 0.0000000000
114623  45.115  -59.591  0.601 0.0000000000
114624  45.847  -59.307  0.328 0.0000000000
114625  46.548  -59.032  0.015 0.0000000000
114626  47.920  -59.357  -1.845 0.0000000000
114627  47.841  -59.137  -1.459 0.0000000000
114628  48.646  -59.104  -1.834 0.0000000000
114629  49.373  -58.802  -1.854 0.0000000000
114630  50.097  -58.357  -2.004 0.0000000000
114631  50.614  -57.916  -2.150 0.0000000000
114632  50.634  -58.141  -2.461 0.0000000000
114633  51.039  -57.808  -3.000 0.0000000000
114634  51.350  -57.456  -3.497 0.0000000000
114665  49.949  -60.932  -4.698 0.0000000000
114666  50.679  -60.561  -4.648 0.0000000000
114667  53.973  -58.212  -6.301 0.0000000000
114668  53.385  -58.676  -5.668 0.0000000000
114669  53.590  -57.851  -5.984 0.0000000000
114670  53.211  -57.460  -5.731 0.0000000000
114671  52.896  -57.168  -5.442 0.0000000000
114672  52.529  -56.895  -5.181 0.0000000000
114673  52.864  -56.324  -5.847 0.0000000000
114674  52.863  -55.521  -6.152 0.0000000000
114675  52.866  -54.660  -6.388 0.0000000000
114676  52.741  -53.824  -6.594 0.0000000000
114677  52.976  -54.088  -6.954 0.0000000000
114678  53.060  -53.548  -7.518 0.0000000000
114679  53.220  -53.074  -7.997 0.0000000000
114680  54.174  -52.923  -9.778 0.0000000000
114681  53.845  -52.609  -9.492 0.0000000000
114682  53.814  -52.022  -9.816 0.0000000000
118383  53.731  -54.460  -2.554 0.0000000000
118385  54.041  -53.897  -2.864 0.0000000000
118386  54.345  -53.262  -3.140 0.0000000000
118387  54.604  -52.599  -3.400 0.0000000000
118388  53.730  -52.889  -3.694 0.0000000000
118389  54.221  -52.391  -3.653 0.0000000000
118390  54.810  -51.958  -3.649 0.0000000000
118391  55.017  -51.289  -3.980 0.0000000000
118396  54.884  -49.615  -5.237 0.0000000000
118397  54.544  -49.512  -5.605 0.0000000000
118398  53.723  -50.575  -5.338 0.0000000000
118399  53.983  -49.994  -5.661 0.0000000000
118400  54.217  -49.465  -5.954 0.0000000000
118401  53.938  -49.402  -6.354 0.0000000000
118402  53.711  -49.388  -6.753 0.0000000000
118403  53.537  -49.422  -7.179 0.0000000000
120917  49.613  -57.441  0.698 0.0000000000
120918  48.488  -58.098  1.417 0.0000000000
120919  49.094  -57.719  0.954 0.0000000000
120920  49.665  -57.304  0.398 0.0000000000
120921  49.729  -57.244  0.067 0.0000000000
120922  49.771  -57.264  -0.177 0.0000000000
120923  49.745  -57.337  -0.362 0.0000000000
128169  43.179  -71.738  3.301 0.0000000000
128170  42.705  -70.846  3.432 0.0000000000
128171  42.574  -71.315  3.069 0.0000000000
128172  42.050  -70.821  2.875 0.0000000000
128173  41.613  -70.267  2.700 0.0000000000
128175  41.457  -70.633  2.329 0.0000000000
128176  41.241  -69.617  2.521 0.0000000000
128177  40.924  -68.884  2.279 0.0000000000
128178  40.658  -68.128  2.052 0.0000000000
128179  40.428  -67.264  1.798 0.0000000000
128188  42.227  -61.848  -1.030 0.0000000000
128189  43.054  -61.047  -0.940 0.0000000000
128190  43.913  -60.445  -0.863 0.0000000000
128191  44.687  -59.898  -0.695 0.0000000000
128192  44.658  -60.123  -1.098 0.0000000000
128193  45.414  -59.925  -1.315 0.0000000000
128194  46.253  -59.778  -1.566 0.0000000000
128195  45.490  -60.396  -2.084 0.0000000000
128196  46.356  -60.034  -1.951 0.0000000000
128197  47.168  -59.671  -1.891 0.0000000000
128198  47.985  -59.616  -2.157 0.0000000000
128199  48.754  -59.578  -2.407 0.0000000000
128200  49.522  -59.500  -2.679 0.0000000000
128225  53.130  -60.022  -6.279 0.0000000000
128226  53.842  -59.448  -6.391 0.0000000000
128227  54.510  -59.122  -7.467 0.0000000000
128228  54.475  -58.925  -6.997 0.0000000000
128229  54.333  -58.584  -6.650 0.0000000000
128230  54.437  -57.711  -6.914 0.0000000000
128231  54.409  -56.820  -7.247 0.0000000000
128232  54.232  -56.032  -7.581 0.0000000000
128233  54.066  -55.171  -7.879 0.0000000000
128234  54.455  -55.521  -8.206 0.0000000000
128235  54.563  -54.918  -8.770 0.0000000000
128236  54.577  -54.342  -9.239 0.0000000000
128237  55.307  -55.524  -9.258 0.0000000000
128238  54.963  -54.728  -9.506 0.0000000000
128239  54.550  -53.797  -9.672 0.0000000000
128240  54.481  -53.165  -10.089 0.0000000000
130778  45.279  -60.590  2.633 0.0000000000
143934  51.092  -56.609  -0.508 0.0000000000
143935  51.550  -56.381  -0.631 0.0000000000
143936  51.997  -56.179  -0.670 0.0000000000
143937  52.481  -55.774  -1.181 0.0000000000
143938  52.994  -55.368  -1.654 0.0000000000
143939  53.404  -54.934  -2.164 0.0000000000
143940  53.278  -54.869  -2.620 0.0000000000
143941  53.113  -54.875  -2.982 0.0000000000
143942  52.932  -54.854  -3.302 0.0000000000
143943  52.255  -55.839  -2.803 0.0000000000
143944  52.534  -55.353  -3.261 0.0000000000
143945  52.741  -54.811  -3.595 0.0000000000
143946  52.549  -54.673  -3.812 0.0000000000
143947  52.381  -54.591  -4.021 0.0000000000
143948  52.246  -54.535  -4.235 0.0000000000
148766  44.236  -69.472  5.570 0.0000000000
148768  44.602  -70.104  5.493 0.0000000000
148769  44.144  -69.917  5.143 0.0000000000
148770  44.094  -70.402  4.690 0.0000000000
148771  44.018  -70.911  4.270 0.0000000000
148772  43.891  -71.432  3.930 0.0000000000
148780  44.348  -72.142  3.803 0.0000000000
148781  43.756  -71.945  3.566 0.0000000000
148782  43.605  -72.434  3.209 0.0000000000
162631  43.178  -68.160  4.999 0.0000000000
162632  43.086  -67.278  5.113 0.0000000000
162635  42.699  -65.439  4.607 0.0000000000
162636  42.644  -64.935  4.315 0.0000000000
162637  42.293  -69.986  3.535 0.0000000000
162638  42.123  -69.034  3.610 0.0000000000
162639  41.944  -68.056  3.619 0.0000000000
162640  41.389  -67.786  3.106 0.0000000000
162641  41.616  -67.464  3.381 0.0000000000
162642  41.869  -67.126  3.718 0.0000000000
162643  42.011  -66.088  3.911 0.0000000000
162644  42.299  -65.223  3.992 0.0000000000
162645  42.652  -64.375  4.022 0.0000000000
162646  42.798  -63.785  3.751 0.0000000000
162647  43.032  -63.191  3.505 0.0000000000
162648  43.297  -62.644  3.258 0.0000000000
162649  42.333  -63.413  2.963 0.0000000000
162650  42.965  -62.740  2.999 0.0000000000
162651  43.627  -62.126  3.067 0.0000000000
162652  44.054  -61.561  2.864 0.0000000000
162653  44.532  -61.073  2.633 0.0000000000
162654  45.035  -60.563  2.362 0.0000000000
162662  40.254  -67.603  1.461 0.0000000000
162663  40.293  -66.436  1.553 0.0000000000
162670  40.181  -65.838  0.954 0.0000000000
162671  40.337  -65.527  1.294 0.0000000000
162672  40.540  -65.229  1.608 0.0000000000
162673  40.941  -64.110  1.677 0.0000000000
162674  41.552  -63.115  1.723 0.0000000000
162675  42.295  -62.295  1.834 0.0000000000
162676  42.481  -61.603  1.211 0.0000000000
162677  42.735  -61.580  1.581 0.0000000000
162678  43.077  -61.601  1.969 0.0000000000
162679  43.931  -61.066  2.088 0.0000000000
162680  44.732  -60.592  2.131 0.0000000000
162681  45.534  -60.087  2.105 0.0000000000
162682  46.061  -59.585  1.823 0.0000000000
162683  46.599  -59.169  1.619 0.0000000000
162684  47.185  -58.671  1.267 0.0000000000
162685  46.169  -59.195  1.054 0.0000000000
162686  46.994  -58.748  1.001 0.0000000000
162687  47.765  -58.271  0.870 0.0000000000
162688  48.409  -57.975  0.405 0.0000000000
162689  49.036  -57.709  -0.057 0.0000000000
162690  49.622  -57.496  -0.466 0.0000000000
162691  45.568  -59.499  -0.543 0.0000000000
162692  46.376  -59.115  -0.398 0.0000000000
162693  47.231  -58.805  -0.345 0.0000000000
162694  47.911  -58.901  -1.094 0.0000000000
162695  48.020  -58.681  -0.691 0.0000000000
162696  48.122  -58.460  -0.373 0.0000000000
162697  48.964  -58.028  -0.497 0.0000000000
162698  49.598  -57.674  -0.678 0.0000000000
162699  50.219  -57.318  -0.969 0.0000000000
162700  50.704  -57.192  -1.497 0.0000000000
162701  51.126  -57.020  -2.062 0.0000000000
162702  51.427  -56.648  -2.730 0.0000000000
162703  50.954  -57.436  -2.496 0.0000000000
162704  51.355  -56.802  -2.872 0.0000000000
162705  51.658  -56.247  -3.295 0.0000000000
162706  51.842  -55.758  -3.793 0.0000000000
162707  52.001  -55.184  -4.203 0.0000000000
162708  52.100  -54.550  -4.461 0.0000000000
162765  47.398  -60.732  -3.265 0.0000000000
162767  48.203  -60.645  -3.528 0.0000000000
162768  48.104  -60.408  -3.130 0.0000000000
162769  48.864  -60.035  -3.064 0.0000000000
162770  49.628  -59.719  -3.021 0.0000000000
162771  50.284  -59.383  -3.158 0.0000000000
162772  51.565  -60.604  -5.340 0.0000000000
162773  51.427  -60.394  -4.983 0.0000000000
162774  51.331  -60.079  -4.550 0.0000000000
162775  52.658  -59.104  -5.082 0.0000000000
162776  51.857  -59.485  -4.523 0.0000000000
162777  51.180  -59.745  -4.153 0.0000000000
162778  51.008  -59.394  -3.786 0.0000000000
162779  50.937  -59.162  -3.575 0.0000000000
162780  50.863  -58.917  -3.274 0.0000000000
162781  51.225  -58.337  -3.462 0.0000000000
162782  51.469  -57.683  -3.726 0.0000000000
162783  51.698  -56.972  -4.068 0.0000000000
162784  52.241  -56.646  -4.940 0.0000000000
162785  51.990  -56.434  -4.677 0.0000000000
162786  51.867  -56.233  -4.432 0.0000000000
162787  52.003  -55.486  -4.670 0.0000000000
162788  52.143  -54.720  -4.850 0.0000000000
162789  52.283  -53.919  -4.883 0.0000000000
162790  52.432  -53.301  -5.281 0.0000000000
162791  52.564  -52.657  -5.681 0.0000000000
162792  52.695  -52.084  -6.171 0.0000000000
162793  52.701  -53.014  -6.632 0.0000000000
162794  52.710  -52.229  -6.647 0.0000000000
162795  52.834  -51.435  -6.577 0.0000000000
162796  52.992  -50.824  -7.032 0.0000000000
162797  53.184  -50.227  -7.433 0.0000000000
162798  53.377  -49.622  -7.744 0.0000000000
162799  53.806  -54.252  -8.162 0.0000000000
162800  53.522  -53.404  -8.369 0.0000000000
162801  53.306  -52.550  -8.476 0.0000000000
162802  53.580  -52.304  -9.182 0.0000000000
162803  53.348  -51.998  -8.843 0.0000000000
162804  53.212  -51.676  -8.482 0.0000000000
162805  53.194  -50.744  -8.388 0.0000000000
162806  53.343  -49.814  -8.214 0.0000000000
162807  53.601  -48.990  -7.937 0.0000000000
