#!ascii label  , from subject fsaverage vox2ras=TkReg
692
42  -40.753  -11.836  48.092 0.0000000000
163  -39.600  -7.468  50.727 0.0000000000
362  -47.466  -10.437  43.566 0.0000000000
370  -34.273  -16.875  38.460 0.0000000000
842  -44.262  -12.124  45.334 0.0000000000
844  -46.235  -9.585  49.961 0.0000000000
855  -36.880  -13.687  43.268 0.0000000000
856  -40.113  -13.703  40.215 0.0000000000
1443  -43.681  -8.960  52.692 0.0000000000
1444  -42.052  -8.524  56.397 0.0000000000
2762  -42.431  -12.055  46.566 0.0000000000
2763  -45.570  -11.171  48.100 0.0000000000
2764  -43.915  -11.069  49.321 0.0000000000
2775  -38.807  -12.723  45.660 0.0000000000
2776  -40.483  -12.725  44.095 0.0000000000
3363  -41.563  -10.502  54.801 0.0000000000
3964  -50.438  -8.639  45.426 0.0000000000
3970  -42.136  -7.458  52.505 0.0000000000
3971  -43.466  -7.805  50.819 0.0000000000
3996  -33.063  -17.103  40.409 0.0000000000
3998  -33.288  -19.224  38.569 0.0000000000
4000  -34.586  -19.035  36.835 0.0000000000
4001  -35.933  -18.716  35.370 0.0000000000
4002  -35.651  -16.566  36.951 0.0000000000
4003  -43.697  -12.466  41.678 0.0000000000
4004  -41.654  -13.163  39.112 0.0000000000
4005  -45.098  -11.186  40.846 0.0000000000
6122  -46.029  -11.569  44.381 0.0000000000
6123  -49.116  -9.873  46.387 0.0000000000
6124  -47.459  -10.746  47.229 0.0000000000
6144  -34.064  -15.352  42.833 0.0000000000
6145  -35.213  -14.990  40.833 0.0000000000
6146  -36.702  -14.767  39.174 0.0000000000
6147  -38.468  -13.511  41.670 0.0000000000
6148  -42.173  -12.992  42.680 0.0000000000
7203  -42.579  -10.748  50.955 0.0000000000
7204  -41.808  -10.609  52.740 0.0000000000
7205  -42.932  -8.643  54.484 0.0000000000
7206  -41.086  -7.302  54.179 0.0000000000
7208  -39.921  -7.587  56.202 0.0000000000
7209  -38.200  -7.820  52.289 0.0000000000
8053  -44.887  -9.429  51.128 0.0000000000
8094  -38.282  -14.608  37.865 0.0000000000
10442  -41.525  -11.925  47.286 0.0000000000
10443  -43.156  -11.607  47.955 0.0000000000
10444  -42.355  -11.432  48.722 0.0000000000
10455  -39.760  -12.288  46.915 0.0000000000
10456  -40.552  -12.301  46.110 0.0000000000
11642  -48.104  -9.813  43.165 0.0000000000
11643  -49.690  -8.983  44.095 0.0000000000
11644  -49.118  -9.574  44.599 0.0000000000
11650  -40.907  -7.253  51.655 0.0000000000
11651  -41.532  -7.349  50.710 0.0000000000
11652  -40.298  -7.433  49.647 0.0000000000
11676  -33.651  -16.977  39.372 0.0000000000
11677  -33.040  -18.151  39.306 0.0000000000
11678  -33.614  -18.040  38.376 0.0000000000
11679  -33.898  -19.077  37.666 0.0000000000
11680  -34.266  -17.947  37.538 0.0000000000
11681  -34.960  -17.838  36.737 0.0000000000
11682  -34.959  -16.779  37.633 0.0000000000
11683  -45.574  -11.445  42.629 0.0000000000
11684  -44.441  -11.852  41.232 0.0000000000
11685  -46.253  -10.759  42.211 0.0000000000
11686  -46.904  -10.158  41.830 0.0000000000
14042  -45.151  -11.937  44.834 0.0000000000
14043  -46.875  -11.085  45.855 0.0000000000
14044  -45.945  -11.495  46.260 0.0000000000
14045  -46.041  -10.465  49.286 0.0000000000
14046  -46.908  -10.340  48.733 0.0000000000
14076  -36.194  -13.872  44.230 0.0000000000
14077  -34.833  -14.625  44.038 0.0000000000
14078  -35.334  -14.432  43.053 0.0000000000
14079  -34.599  -15.146  41.762 0.0000000000
14080  -35.990  -14.279  42.065 0.0000000000
14081  -36.793  -14.097  41.189 0.0000000000
14082  -37.655  -13.549  42.400 0.0000000000
14083  -42.328  -12.511  44.737 0.0000000000
14084  -41.304  -12.854  43.428 0.0000000000
14085  -43.243  -12.606  44.027 0.0000000000
14086  -44.088  -12.428  43.488 0.0000000000
15845  -42.219  -9.576  55.828 0.0000000000
15846  -42.506  -9.548  54.819 0.0000000000
15847  -42.514  -8.564  55.470 0.0000000000
15848  -42.167  -7.776  54.625 0.0000000000
15849  -41.680  -7.695  55.432 0.0000000000
15856  -38.993  -7.655  54.432 0.0000000000
15857  -37.509  -8.138  53.259 0.0000000000
15858  -36.762  -8.349  51.205 0.0000000000
17650  -49.531  -9.290  47.531 0.0000000000
17651  -50.366  -8.688  47.086 0.0000000000
17665  -43.426  -9.907  52.098 0.0000000000
17666  -43.888  -10.147  51.314 0.0000000000
17667  -44.240  -9.185  51.934 0.0000000000
17758  -36.300  -17.412  35.332 0.0000000000
17763  -38.363  -14.124  39.690 0.0000000000
17764  -37.539  -14.694  38.488 0.0000000000
17765  -39.139  -14.123  38.995 0.0000000000
17767  -40.663  -13.515  37.942 0.0000000000
23402  -43.318  -12.158  45.951 0.0000000000
23403  -44.969  -11.680  46.757 0.0000000000
23404  -44.020  -11.744  47.363 0.0000000000
23405  -44.695  -11.146  48.692 0.0000000000
23406  -45.326  -10.447  49.851 0.0000000000
23424  -37.088  -13.382  45.454 0.0000000000
23425  -37.855  -13.180  44.438 0.0000000000
23426  -38.648  -13.033  43.626 0.0000000000
23427  -39.619  -12.676  44.807 0.0000000000
23428  -41.441  -12.395  45.320 0.0000000000
25576  -43.169  -7.976  52.917 0.0000000000
25577  -43.816  -8.282  52.053 0.0000000000
25578  -42.744  -7.644  51.621 0.0000000000
25579  -42.239  -7.526  49.842 0.0000000000
25622  -32.691  -17.339  41.421 0.0000000000
25624  -32.516  -18.300  40.386 0.0000000000
25629  -34.480  -20.183  37.190 0.0000000000
25630  -35.154  -20.131  36.373 0.0000000000
25631  -35.788  -19.975  35.678 0.0000000000
25632  -35.231  -18.914  36.103 0.0000000000
25633  -35.634  -17.648  36.005 0.0000000000
25634  -36.329  -16.389  36.204 0.0000000000
25635  -41.889  -13.220  40.829 0.0000000000
25636  -40.882  -13.546  39.606 0.0000000000
25637  -42.660  -12.816  40.320 0.0000000000
25638  -43.333  -12.284  39.927 0.0000000000
29642  -46.772  -11.034  43.992 0.0000000000
29643  -48.401  -10.227  44.982 0.0000000000
29644  -47.717  -10.660  45.453 0.0000000000
29645  -48.311  -10.310  46.768 0.0000000000
29646  -48.758  -9.730  47.906 0.0000000000
29647  -46.583  -11.045  47.604 0.0000000000
29648  -47.887  -10.103  48.251 0.0000000000
29653  -38.206  -7.852  49.486 0.0000000000
29692  -33.084  -16.428  42.622 0.0000000000
29693  -33.476  -16.174  41.566 0.0000000000
29694  -33.989  -16.023  40.527 0.0000000000
29695  -34.643  -15.863  39.589 0.0000000000
29696  -35.317  -15.767  38.700 0.0000000000
29697  -35.985  -14.862  39.879 0.0000000000
29698  -37.533  -14.070  40.446 0.0000000000
29699  -39.313  -13.632  40.922 0.0000000000
29700  -39.503  -13.051  42.876 0.0000000000
29701  -40.307  -13.242  42.169 0.0000000000
29702  -41.096  -13.372  41.455 0.0000000000
29703  -42.929  -12.883  42.100 0.0000000000
29704  -44.903  -11.995  43.024 0.0000000000
32163  -41.577  -11.394  49.568 0.0000000000
32164  -41.033  -11.368  50.545 0.0000000000
32165  -42.114  -10.703  51.775 0.0000000000
32166  -43.060  -9.725  52.888 0.0000000000
32167  -41.582  -10.530  53.803 0.0000000000
32168  -42.764  -9.627  53.803 0.0000000000
32169  -43.256  -8.755  53.651 0.0000000000
32170  -42.670  -7.817  53.780 0.0000000000
32171  -41.631  -7.310  53.265 0.0000000000
32172  -40.294  -7.300  52.474 0.0000000000
32178  -41.289  -7.790  56.651 0.0000000000
32179  -40.515  -7.484  55.305 0.0000000000
32180  -39.603  -7.447  53.352 0.0000000000
32181  -38.897  -7.656  51.422 0.0000000000
32182  -37.506  -8.054  50.291 0.0000000000
34453  -49.862  -9.277  45.917 0.0000000000
34454  -51.026  -8.039  46.533 0.0000000000
34471  -43.197  -10.929  50.071 0.0000000000
34472  -44.644  -10.302  50.476 0.0000000000
34473  -45.556  -9.539  50.513 0.0000000000
34474  -44.445  -8.546  51.267 0.0000000000
34475  -45.169  -8.661  50.592 0.0000000000
34590  -36.031  -15.606  37.993 0.0000000000
34591  -36.771  -15.488  37.281 0.0000000000
34592  -37.538  -15.263  36.720 0.0000000000
34593  -39.936  -13.926  38.389 0.0000000000
34594  -39.063  -14.356  37.296 0.0000000000
41162  -41.114  -11.863  47.704 0.0000000000
41163  -41.989  -11.672  48.005 0.0000000000
41164  -41.556  -11.632  48.440 0.0000000000
41173  -39.880  -12.108  47.961 0.0000000000
41174  -39.376  -12.357  47.377 0.0000000000
41175  -40.240  -12.094  47.469 0.0000000000
41176  -40.637  -12.105  47.069 0.0000000000
42362  -47.783  -10.124  43.373 0.0000000000
42363  -48.623  -9.721  43.847 0.0000000000
42364  -48.292  -10.040  44.098 0.0000000000
42370  -40.283  -7.336  51.208 0.0000000000
42371  -40.642  -7.328  50.827 0.0000000000
42372  -39.873  -7.423  50.238 0.0000000000
42396  -33.931  -16.923  38.909 0.0000000000
42397  -33.629  -17.557  38.732 0.0000000000
42398  -33.907  -17.486  38.382 0.0000000000
42399  -33.952  -18.009  37.929 0.0000000000
42400  -34.240  -17.417  37.958 0.0000000000
42401  -34.612  -17.366  37.494 0.0000000000
42402  -34.645  -16.844  37.999 0.0000000000
42403  -46.542  -10.910  43.081 0.0000000000
42404  -45.899  -11.117  42.422 0.0000000000
42405  -46.838  -10.596  42.871 0.0000000000
42406  -47.162  -10.291  42.677 0.0000000000
44762  -44.699  -12.046  45.084 0.0000000000
44763  -45.559  -11.695  45.628 0.0000000000
44764  -45.078  -11.823  45.853 0.0000000000
44765  -46.250  -10.069  49.684 0.0000000000
44766  -46.654  -10.057  49.454 0.0000000000
44767  -46.642  -9.575  49.676 0.0000000000
44796  -36.513  -13.786  43.744 0.0000000000
44797  -35.733  -14.176  43.604 0.0000000000
44798  -36.079  -14.061  43.134 0.0000000000
44799  -35.650  -14.347  42.561 0.0000000000
44800  -36.448  -13.955  42.667 0.0000000000
44801  -36.802  -13.890  42.228 0.0000000000
44802  -37.237  -13.596  42.810 0.0000000000
44803  -43.333  -12.378  45.009 0.0000000000
44804  -42.782  -12.583  44.412 0.0000000000
44805  -43.779  -12.372  44.711 0.0000000000
44806  -44.219  -12.322  44.437 0.0000000000
46565  -42.278  -9.066  56.240 0.0000000000
46566  -42.476  -8.977  55.630 0.0000000000
46567  -42.284  -8.550  55.933 0.0000000000
46568  -42.201  -8.110  55.579 0.0000000000
46569  -42.068  -8.105  56.080 0.0000000000
46576  -37.858  -8.070  54.354 0.0000000000
48370  -49.701  -8.843  47.984 0.0000000000
48371  -50.039  -8.589  47.783 0.0000000000
48385  -43.578  -9.452  52.487 0.0000000000
48386  -43.906  -9.577  52.046 0.0000000000
48387  -43.939  -9.068  52.333 0.0000000000
48477  -36.322  -21.089  35.840 0.0000000000
48483  -39.240  -13.900  39.942 0.0000000000
48484  -38.722  -14.164  39.329 0.0000000000
48485  -39.619  -13.899  39.558 0.0000000000
54362  -42.855  -12.114  46.258 0.0000000000
54363  -43.715  -11.934  46.656 0.0000000000
54364  -43.292  -11.892  46.933 0.0000000000
54365  -43.511  -11.354  48.589 0.0000000000
54366  -43.919  -11.436  48.298 0.0000000000
54367  -44.275  -11.100  49.011 0.0000000000
54368  -45.056  -10.827  49.308 0.0000000000
54369  -44.689  -10.780  49.628 0.0000000000
54396  -38.404  -12.786  46.153 0.0000000000
54398  -37.949  -13.000  45.589 0.0000000000
54399  -37.442  -13.287  44.941 0.0000000000
54400  -38.333  -12.932  45.102 0.0000000000
54401  -38.708  -12.919  44.640 0.0000000000
54402  -39.210  -12.684  45.221 0.0000000000
54403  -41.527  -12.200  46.276 0.0000000000
54404  -40.993  -12.348  45.699 0.0000000000
54405  -41.966  -12.248  45.969 0.0000000000
54406  -42.415  -12.290  45.666 0.0000000000
57965  -50.103  -8.860  44.796 0.0000000000
57985  -42.672  -7.643  52.780 0.0000000000
57986  -43.028  -7.720  52.394 0.0000000000
57987  -42.386  -7.479  52.106 0.0000000000
57988  -41.297  -7.406  49.747 0.0000000000
57989  -41.838  -7.418  50.233 0.0000000000
58061  -32.876  -17.206  40.930 0.0000000000
58062  -32.556  -17.817  40.886 0.0000000000
58063  -32.750  -17.696  40.344 0.0000000000
58064  -33.099  -18.664  38.957 0.0000000000
58065  -32.831  -18.749  39.455 0.0000000000
58071  -34.236  -19.041  37.255 0.0000000000
58072  -34.162  -19.666  37.383 0.0000000000
58073  -34.505  -19.623  36.959 0.0000000000
58074  -34.830  -20.158  36.766 0.0000000000
58075  -34.837  -19.578  36.580 0.0000000000
58076  -35.153  -19.535  36.213 0.0000000000
58077  -34.903  -18.968  36.460 0.0000000000
58078  -35.257  -17.201  36.784 0.0000000000
58079  -35.303  -17.741  36.355 0.0000000000
58080  -35.584  -17.120  36.447 0.0000000000
58081  -35.924  -17.025  36.056 0.0000000000
58082  -36.004  -16.500  36.568 0.0000000000
58083  -42.805  -12.868  41.183 0.0000000000
58084  -42.252  -13.075  40.548 0.0000000000
58085  -43.170  -12.639  40.983 0.0000000000
58086  -44.770  -11.525  41.049 0.0000000000
58087  -43.895  -12.089  40.571 0.0000000000
58088  -44.205  -11.759  40.368 0.0000000000
58089  -43.693  -11.985  39.747 0.0000000000
58090  -44.527  -11.461  40.143 0.0000000000
58092  -45.381  -10.901  40.641 0.0000000000
58093  -47.771  -9.698  42.297 0.0000000000
65162  -46.421  -11.305  44.207 0.0000000000
65163  -47.217  -10.886  44.766 0.0000000000
65164  -46.795  -11.152  44.942 0.0000000000
65165  -47.247  -10.890  46.531 0.0000000000
65166  -47.653  -10.719  46.329 0.0000000000
65167  -47.879  -10.543  47.034 0.0000000000
65168  -48.613  -10.044  47.408 0.0000000000
65169  -48.189  -10.269  47.591 0.0000000000
65170  -45.304  -11.472  47.441 0.0000000000
65171  -45.812  -11.364  47.188 0.0000000000
65172  -46.082  -11.122  47.828 0.0000000000
65173  -47.492  -9.892  48.943 0.0000000000
65174  -47.449  -10.246  48.458 0.0000000000
65175  -47.953  -9.760  48.704 0.0000000000
65176  -48.380  -9.630  48.503 0.0000000000
65264  -34.428  -14.982  43.355 0.0000000000
65266  -33.857  -15.515  43.320 0.0000000000
65268  -33.553  -15.840  42.700 0.0000000000
65269  -33.265  -16.317  42.022 0.0000000000
65270  -33.796  -15.775  42.137 0.0000000000
65271  -34.903  -15.069  41.255 0.0000000000
65272  -34.267  -15.589  41.115 0.0000000000
65273  -34.567  -15.515  40.641 0.0000000000
65274  -34.303  -15.934  40.100 0.0000000000
65275  -34.929  -15.459  40.140 0.0000000000
65276  -35.273  -15.368  39.685 0.0000000000
65277  -35.599  -14.921  40.320 0.0000000000
65278  -37.588  -13.832  41.396 0.0000000000
65279  -37.179  -14.054  40.838 0.0000000000
65280  -38.006  -13.824  41.035 0.0000000000
65281  -38.431  -13.822  40.695 0.0000000000
65282  -38.905  -13.560  41.273 0.0000000000
65283  -39.551  -12.852  43.884 0.0000000000
65284  -39.064  -13.016  43.242 0.0000000000
65285  -39.991  -12.890  43.458 0.0000000000
65286  -41.753  -12.959  43.016 0.0000000000
65287  -40.834  -13.038  42.773 0.0000000000
65288  -41.229  -13.160  42.377 0.0000000000
65289  -40.721  -13.317  41.808 0.0000000000
65290  -41.657  -13.188  42.047 0.0000000000
65291  -42.055  -13.151  41.736 0.0000000000
65292  -42.538  -12.981  42.398 0.0000000000
65293  -45.052  -11.998  43.948 0.0000000000
65294  -44.468  -12.256  43.266 0.0000000000
65295  -45.455  -11.762  43.728 0.0000000000
65296  -45.826  -11.521  43.513 0.0000000000
70565  -41.199  -10.997  52.120 0.0000000000
70566  -41.333  -11.009  51.673 0.0000000000
70567  -41.939  -10.669  52.189 0.0000000000
70568  -42.618  -10.214  52.404 0.0000000000
70569  -42.479  -10.176  52.822 0.0000000000
70572  -41.525  -10.526  54.307 0.0000000000
70573  -42.823  -9.076  54.712 0.0000000000
70574  -42.627  -9.607  54.255 0.0000000000
70575  -42.984  -9.064  54.253 0.0000000000
70576  -43.126  -9.111  53.772 0.0000000000
70577  -43.088  -8.662  54.082 0.0000000000
70578  -43.059  -8.192  53.819 0.0000000000
70579  -42.868  -8.152  54.297 0.0000000000
70580  -41.611  -7.475  54.511 0.0000000000
70581  -41.840  -7.531  54.024 0.0000000000
70582  -41.380  -7.337  53.671 0.0000000000
70583  -40.978  -7.258  52.934 0.0000000000
70584  -40.602  -7.258  53.302 0.0000000000
70599  -40.943  -7.959  57.188 0.0000000000
70600  -40.613  -7.684  56.468 0.0000000000
70601  -40.889  -7.586  55.953 0.0000000000
70602  -40.196  -7.574  55.730 0.0000000000
70603  -38.561  -7.720  53.290 0.0000000000
70604  -39.348  -7.584  53.838 0.0000000000
70605  -38.890  -7.619  52.870 0.0000000000
70606  -39.242  -7.543  52.445 0.0000000000
70607  -38.538  -7.742  51.986 0.0000000000
70608  -38.163  -7.897  50.858 0.0000000000
70609  -37.846  -7.958  51.295 0.0000000000
75985  -48.812  -10.017  45.691 0.0000000000
75986  -49.184  -9.718  45.491 0.0000000000
75987  -49.512  -9.576  46.153 0.0000000000
75988  -50.799  -7.931  47.312 0.0000000000
75989  -50.709  -8.361  46.819 0.0000000000
76030  -42.036  -11.072  50.309 0.0000000000
76031  -42.406  -11.130  49.848 0.0000000000
76032  -42.880  -10.823  50.509 0.0000000000
76033  -44.443  -9.735  51.283 0.0000000000
76034  -44.268  -10.265  50.883 0.0000000000
76035  -44.823  -9.904  50.920 0.0000000000
76036  -45.222  -10.038  50.536 0.0000000000
76037  -45.225  -9.476  50.774 0.0000000000
76038  -43.637  -7.938  51.551 0.0000000000
76039  -44.165  -8.433  51.555 0.0000000000
76040  -43.973  -8.135  51.094 0.0000000000
76042  -44.697  -8.316  50.409 0.0000000000
76308  -35.829  -19.354  35.505 0.0000000000
76309  -36.154  -19.866  35.299 0.0000000000
76310  -36.153  -19.241  35.166 0.0000000000
76323  -35.998  -15.216  38.900 0.0000000000
76324  -35.648  -15.674  38.369 0.0000000000
76325  -36.358  -15.175  38.572 0.0000000000
76326  -37.911  -14.664  38.154 0.0000000000
76327  -37.102  -15.081  37.901 0.0000000000
76328  -37.485  -15.035  37.554 0.0000000000
76329  -37.168  -15.389  36.977 0.0000000000
76330  -37.909  -14.927  37.276 0.0000000000
76331  -41.288  -13.367  39.340 0.0000000000
76332  -40.400  -13.678  38.980 0.0000000000
76333  -40.782  -13.504  38.721 0.0000000000
76335  -39.828  -13.949  37.642 0.0000000000
92522  -41.993  -11.993  46.899 0.0000000000
92523  -42.848  -11.832  47.212 0.0000000000
92524  -42.427  -11.740  47.590 0.0000000000
92525  -42.768  -11.498  48.326 0.0000000000
92526  -43.122  -11.287  48.998 0.0000000000
92544  -38.907  -12.541  46.761 0.0000000000
92545  -39.283  -12.500  46.312 0.0000000000
92546  -39.664  -12.478  45.900 0.0000000000
92547  -40.127  -12.270  46.517 0.0000000000
92548  -41.072  -12.136  46.682 0.0000000000
94682  -48.418  -9.532  42.919 0.0000000000
94684  -48.925  -9.422  43.627 0.0000000000
94685  -49.404  -9.289  44.366 0.0000000000
94686  -49.791  -9.153  45.057 0.0000000000
94696  -41.540  -7.274  52.105 0.0000000000
94697  -41.756  -7.314  51.678 0.0000000000
94698  -41.201  -7.287  51.166 0.0000000000
94699  -40.892  -7.327  50.281 0.0000000000
94700  -40.623  -7.460  49.141 0.0000000000
94742  -33.353  -17.020  39.908 0.0000000000
94743  -32.995  -17.622  39.841 0.0000000000
94744  -33.291  -17.574  39.302 0.0000000000
94745  -33.321  -18.110  38.799 0.0000000000
94746  -33.423  -18.610  38.425 0.0000000000
94747  -33.581  -19.175  38.093 0.0000000000
94748  -33.711  -18.555  38.003 0.0000000000
94749  -34.081  -18.542  37.504 0.0000000000
94750  -34.403  -18.494  37.131 0.0000000000
94751  -34.742  -18.437  36.740 0.0000000000
94752  -34.595  -17.905  37.149 0.0000000000
94753  -34.922  -17.270  37.160 0.0000000000
94754  -35.265  -16.678  37.314 0.0000000000
94755  -44.642  -11.993  42.090 0.0000000000
94756  -44.086  -12.200  41.419 0.0000000000
94757  -44.992  -11.671  41.878 0.0000000000
94758  -45.329  -11.321  41.704 0.0000000000
94759  -45.664  -10.969  41.515 0.0000000000
94760  -45.984  -10.655  41.306 0.0000000000
94761  -46.619  -10.401  42.015 0.0000000000
94762  -47.469  -9.986  42.493 0.0000000000
99002  -45.590  -11.782  44.601 0.0000000000
99003  -46.388  -11.372  45.151 0.0000000000
99004  -45.981  -11.555  45.376 0.0000000000
99005  -46.409  -11.306  46.051 0.0000000000
99006  -46.800  -11.077  46.776 0.0000000000
99007  -45.832  -10.862  48.739 0.0000000000
99008  -46.361  -10.778  48.448 0.0000000000
99009  -46.440  -10.408  49.019 0.0000000000
99010  -47.049  -9.997  49.207 0.0000000000
99062  -35.892  -13.966  44.758 0.0000000000
99064  -35.475  -14.258  44.111 0.0000000000
99065  -35.080  -14.529  43.505 0.0000000000
99066  -34.677  -14.867  42.863 0.0000000000
99067  -34.314  -15.241  42.295 0.0000000000
99068  -34.962  -14.765  42.374 0.0000000000
99069  -35.231  -14.697  41.914 0.0000000000
99070  -35.604  -14.599  41.433 0.0000000000
99071  -35.983  -14.517  40.955 0.0000000000
99072  -36.389  -14.201  41.577 0.0000000000
99073  -37.172  -13.843  41.784 0.0000000000
99074  -38.070  -13.511  42.011 0.0000000000
99075  -41.359  -12.597  44.419 0.0000000000
99076  -40.906  -12.777  43.748 0.0000000000
99077  -41.814  -12.684  44.035 0.0000000000
99078  -42.229  -12.766  43.698 0.0000000000
99079  -42.639  -12.828  43.385 0.0000000000
99080  -43.097  -12.780  43.058 0.0000000000
99081  -43.674  -12.543  43.745 0.0000000000
99082  -44.622  -12.213  44.168 0.0000000000
102246  -41.082  -10.985  52.611 0.0000000000
102247  -41.927  -10.068  55.470 0.0000000000
102248  -42.042  -10.059  54.877 0.0000000000
102249  -42.384  -9.502  55.260 0.0000000000
102250  -42.657  -9.041  55.126 0.0000000000
102251  -42.745  -8.582  54.932 0.0000000000
102252  -42.645  -8.132  54.692 0.0000000000
102253  -42.470  -8.067  55.086 0.0000000000
102254  -41.952  -7.738  54.946 0.0000000000
102255  -41.435  -7.517  54.948 0.0000000000
102265  -39.102  -7.748  55.809 0.0000000000
102266  -39.473  -7.642  55.396 0.0000000000
102267  -38.707  -7.760  54.843 0.0000000000
102268  -38.308  -7.886  53.824 0.0000000000
102269  -37.829  -8.003  52.780 0.0000000000
102270  -37.500  -8.093  51.860 0.0000000000
102271  -37.083  -8.227  52.191 0.0000000000
105496  -49.408  -9.517  46.972 0.0000000000
105497  -49.741  -9.270  46.779 0.0000000000
105498  -49.914  -8.996  47.325 0.0000000000
105499  -50.411  -8.284  47.562 0.0000000000
105523  -43.056  -10.347  51.553 0.0000000000
105524  -43.331  -10.479  51.097 0.0000000000
105525  -43.619  -10.011  51.731 0.0000000000
105526  -44.199  -9.671  51.632 0.0000000000
105527  -44.539  -9.336  51.544 0.0000000000
105528  -43.145  -7.704  49.950 0.0000000000
105529  -43.790  -7.974  50.409 0.0000000000
105690  -36.051  -18.043  35.338 0.0000000000
105699  -37.550  -14.385  39.427 0.0000000000
105700  -37.109  -14.719  38.843 0.0000000000
105701  -37.945  -14.406  39.043 0.0000000000
105702  -38.323  -14.399  38.711 0.0000000000
105703  -38.695  -14.351  38.407 0.0000000000
105704  -41.995  -12.950  38.897 0.0000000000
105705  -41.157  -13.309  38.523 0.0000000000
105706  -41.459  -13.106  38.325 0.0000000000
116042  -43.798  -12.160  45.629 0.0000000000
116043  -44.593  -11.917  46.092 0.0000000000
116044  -44.112  -11.957  46.364 0.0000000000
116045  -44.490  -11.716  47.053 0.0000000000
116046  -44.844  -11.460  47.714 0.0000000000
116047  -43.583  -11.692  47.636 0.0000000000
116048  -44.391  -11.445  47.997 0.0000000000
116049  -45.088  -11.192  48.408 0.0000000000
116050  -45.439  -10.862  49.010 0.0000000000
116051  -45.697  -10.469  49.565 0.0000000000
116052  -45.819  -10.072  49.935 0.0000000000
116093  -36.691  -13.605  44.817 0.0000000000
116094  -36.997  -13.508  44.372 0.0000000000
116095  -37.340  -13.397  43.873 0.0000000000
116096  -37.724  -13.344  43.418 0.0000000000
116097  -38.259  -13.114  43.991 0.0000000000
116098  -39.136  -12.876  44.248 0.0000000000
116099  -40.059  -12.689  44.447 0.0000000000
116100  -40.047  -12.484  45.498 0.0000000000
116101  -40.472  -12.506  45.113 0.0000000000
116102  -40.906  -12.544  44.752 0.0000000000
116103  -41.881  -12.444  45.032 0.0000000000
116104  -42.877  -12.334  45.348 0.0000000000
118571  -42.063  -9.556  56.443 0.0000000000
118572  -42.131  -9.042  56.748 0.0000000000
121114  -43.515  -8.479  52.925 0.0000000000
121115  -43.806  -8.606  52.455 0.0000000000
121116  -43.506  -8.136  52.494 0.0000000000
121117  -43.303  -7.809  52.026 0.0000000000
121118  -43.016  -7.693  51.245 0.0000000000
121119  -42.135  -7.431  51.218 0.0000000000
121120  -42.416  -7.478  50.731 0.0000000000
121121  -42.812  -7.599  50.286 0.0000000000
121225  -32.756  -18.218  39.903 0.0000000000
121235  -33.853  -19.707  37.822 0.0000000000
121239  -35.217  -20.682  36.632 0.0000000000
121240  -35.571  -20.647  36.227 0.0000000000
121241  -35.891  -20.591  35.869 0.0000000000
121242  -35.470  -20.066  36.028 0.0000000000
121243  -35.466  -19.455  35.878 0.0000000000
121244  -35.602  -18.827  35.717 0.0000000000
121245  -35.083  -18.384  36.378 0.0000000000
121246  -35.414  -18.297  36.026 0.0000000000
121247  -35.744  -18.176  35.645 0.0000000000
121248  -35.978  -17.552  35.650 0.0000000000
121249  -36.255  -16.868  35.783 0.0000000000
121250  -36.698  -16.196  35.936 0.0000000000
121251  -40.984  -13.514  40.524 0.0000000000
121252  -40.509  -13.654  39.891 0.0000000000
121253  -41.415  -13.378  40.213 0.0000000000
121254  -41.788  -13.202  39.927 0.0000000000
121255  -42.147  -13.005  39.683 0.0000000000
121256  -43.532  -12.383  40.798 0.0000000000
121257  -42.987  -12.572  40.114 0.0000000000
121258  -42.488  -12.777  39.500 0.0000000000
121259  -42.837  -12.504  39.309 0.0000000000
130922  -47.114  -10.745  43.769 0.0000000000
130923  -47.971  -10.313  44.298 0.0000000000
130924  -47.615  -10.592  44.521 0.0000000000
130925  -48.094  -10.430  45.223 0.0000000000
130926  -48.414  -10.320  45.893 0.0000000000
130927  -47.305  -10.897  45.673 0.0000000000
130928  -48.029  -10.541  46.126 0.0000000000
130929  -48.715  -10.102  46.574 0.0000000000
130930  -49.022  -9.787  47.202 0.0000000000
130931  -49.173  -9.530  47.712 0.0000000000
130932  -49.226  -9.115  48.168 0.0000000000
130933  -45.476  -11.621  46.490 0.0000000000
130934  -46.305  -11.231  46.968 0.0000000000
130935  -47.030  -10.920  47.417 0.0000000000
130936  -46.837  -10.705  48.192 0.0000000000
130937  -47.287  -10.603  47.986 0.0000000000
130938  -47.724  -10.452  47.791 0.0000000000
130939  -48.307  -9.933  48.073 0.0000000000
130940  -48.754  -9.397  48.332 0.0000000000
130951  -38.908  -7.649  50.069 0.0000000000
130952  -39.230  -7.597  49.619 0.0000000000
130953  -38.631  -7.736  48.857 0.0000000000
131057  -32.836  -16.847  42.047 0.0000000000
131058  -33.021  -16.723  41.556 0.0000000000
131059  -33.254  -16.629  40.959 0.0000000000
131060  -34.009  -15.677  41.619 0.0000000000
131061  -33.736  -16.065  41.056 0.0000000000
131062  -33.502  -16.552  40.454 0.0000000000
131063  -33.781  -16.491  39.896 0.0000000000
131064  -34.109  -16.411  39.461 0.0000000000
131065  -34.418  -16.378  38.993 0.0000000000
131066  -34.772  -16.317  38.508 0.0000000000
131067  -34.967  -15.839  39.111 0.0000000000
131068  -35.643  -15.271  39.292 0.0000000000
131069  -36.347  -14.814  39.516 0.0000000000
131070  -36.335  -14.501  40.493 0.0000000000
131071  -36.733  -14.440  40.107 0.0000000000
131072  -37.150  -14.405  39.760 0.0000000000
131073  -37.943  -14.111  40.047 0.0000000000
131074  -38.861  -13.864  40.326 0.0000000000
131075  -39.719  -13.695  40.552 0.0000000000
131076  -38.132  -13.289  42.997 0.0000000000
131077  -38.593  -13.262  42.575 0.0000000000
131078  -38.988  -13.291  42.239 0.0000000000
131079  -40.422  -12.948  43.122 0.0000000000
131080  -39.904  -13.163  42.531 0.0000000000
131081  -39.392  -13.340  41.920 0.0000000000
131082  -39.819  -13.434  41.549 0.0000000000
131083  -40.235  -13.524  41.154 0.0000000000
131084  -40.607  -13.550  40.817 0.0000000000
131085  -41.510  -13.297  41.148 0.0000000000
131086  -42.427  -13.050  41.432 0.0000000000
131087  -43.305  -12.700  41.889 0.0000000000
131088  -43.510  -12.661  42.797 0.0000000000
131089  -43.908  -12.489  42.556 0.0000000000
131090  -44.296  -12.265  42.321 0.0000000000
131091  -45.290  -11.713  42.808 0.0000000000
131092  -46.207  -11.224  43.301 0.0000000000
137762  -40.431  -11.835  48.501 0.0000000000
137763  -41.150  -11.628  48.911 0.0000000000
137764  -40.828  -11.605  49.346 0.0000000000
137765  -41.266  -11.416  50.017 0.0000000000
137766  -41.749  -11.072  50.758 0.0000000000
137767  -40.853  -11.366  51.021 0.0000000000
137768  -41.523  -11.069  51.200 0.0000000000
137769  -42.310  -10.725  51.393 0.0000000000
137770  -42.806  -10.234  52.019 0.0000000000
137771  -43.227  -9.789  52.501 0.0000000000
137772  -43.406  -9.288  52.895 0.0000000000
137774  -41.008  -10.939  53.101 0.0000000000
137775  -41.700  -10.544  53.325 0.0000000000
137776  -42.149  -10.058  54.340 0.0000000000
137777  -42.237  -10.067  53.782 0.0000000000
137778  -42.329  -10.130  53.291 0.0000000000
137779  -42.926  -9.639  53.384 0.0000000000
137780  -43.260  -9.213  53.333 0.0000000000
137781  -43.434  -8.873  53.143 0.0000000000
137782  -43.282  -8.326  53.415 0.0000000000
137783  -42.957  -7.865  53.481 0.0000000000
137784  -42.382  -7.570  53.097 0.0000000000
137785  -42.397  -7.759  54.096 0.0000000000
137786  -42.125  -7.555  53.562 0.0000000000
137787  -41.825  -7.365  52.849 0.0000000000
137788  -41.345  -7.301  52.454 0.0000000000
137789  -40.580  -7.270  52.114 0.0000000000
137790  -39.931  -7.377  51.582 0.0000000000
137799  -41.897  -8.561  57.009 0.0000000000
137807  -41.500  -8.191  57.166 0.0000000000
137808  -41.762  -8.106  56.659 0.0000000000
137809  -41.548  -7.808  56.129 0.0000000000
137810  -41.148  -7.505  55.145 0.0000000000
137811  -40.771  -7.393  54.641 0.0000000000
137812  -39.789  -7.498  54.754 0.0000000000
137813  -40.058  -7.419  54.222 0.0000000000
137814  -40.370  -7.333  53.904 0.0000000000
137815  -39.938  -7.388  52.931 0.0000000000
137816  -39.536  -7.439  52.115 0.0000000000
137817  -39.204  -7.528  51.008 0.0000000000
137818  -38.528  -7.683  50.566 0.0000000000
137819  -37.957  -7.969  49.898 0.0000000000
137821  -37.173  -8.139  50.796 0.0000000000
144391  -48.787  -9.885  44.805 0.0000000000
144392  -49.491  -9.474  45.269 0.0000000000
144393  -50.154  -8.972  45.678 0.0000000000
144394  -50.088  -9.027  46.541 0.0000000000
144395  -50.491  -8.731  46.212 0.0000000000
144396  -50.786  -8.385  45.951 0.0000000000
144445  -41.947  -11.403  49.133 0.0000000000
144446  -42.768  -11.202  49.417 0.0000000000
144447  -43.595  -11.025  49.655 0.0000000000
144448  -43.629  -10.566  50.666 0.0000000000
144449  -43.932  -10.666  50.317 0.0000000000
144450  -44.284  -10.735  49.992 0.0000000000
144451  -44.947  -10.380  50.151 0.0000000000
144452  -45.545  -10.039  50.204 0.0000000000
144453  -45.917  -9.577  50.235 0.0000000000
144454  -44.088  -8.752  52.105 0.0000000000
144455  -44.416  -8.848  51.650 0.0000000000
144456  -44.779  -8.962  51.245 0.0000000000
144457  -44.363  -8.271  50.686 0.0000000000
144458  -44.787  -8.605  50.951 0.0000000000
144459  -45.076  -9.043  50.931 0.0000000000
144460  -45.438  -9.104  50.599 0.0000000000
144461  -45.754  -9.141  50.272 0.0000000000
144472  -39.677  -7.528  49.110 0.0000000000
144780  -36.235  -20.528  35.525 0.0000000000
144798  -35.117  -16.245  38.106 0.0000000000
144799  -35.422  -16.173  37.763 0.0000000000
144800  -35.781  -16.090  37.410 0.0000000000
144801  -36.744  -15.139  38.213 0.0000000000
144802  -36.419  -15.549  37.632 0.0000000000
144803  -36.157  -16.031  37.040 0.0000000000
144804  -36.546  -15.925  36.735 0.0000000000
144805  -36.916  -15.786  36.441 0.0000000000
144806  -37.259  -15.626  36.138 0.0000000000
144807  -39.996  -13.825  39.255 0.0000000000
144808  -39.548  -14.036  38.701 0.0000000000
144809  -39.078  -14.256  38.094 0.0000000000
144810  -40.292  -13.759  38.141 0.0000000000
144811  -39.469  -14.109  37.852 0.0000000000
144812  -38.692  -14.503  37.563 0.0000000000
144813  -38.277  -14.774  37.050 0.0000000000
144814  -37.906  -15.096  36.474 0.0000000000
