#!ascii label  , from subject fsaverage vox2ras=TkReg
1411
21  -6.615  33.817  49.751 0.0000000000
111  -10.018  11.172  50.005 0.0000000000
252  -7.978  28.512  39.780 0.0000000000
254  -7.844  21.878  49.938 0.0000000000
500  -8.237  0.588  57.196 0.0000000000
730  -6.754  38.934  44.431 0.0000000000
731  -8.319  36.150  39.141 0.0000000000
732  -8.044  30.778  44.862 0.0000000000
733  -6.766  24.890  44.818 0.0000000000
734  -7.610  27.298  49.385 0.0000000000
1099  -6.059  0.159  61.570 0.0000000000
1120  -10.976  14.609  45.617 0.0000000000
1604  -8.354  39.197  33.049 0.0000000000
1608  -8.888  23.046  40.506 0.0000000000
1609  -8.402  19.208  45.214 0.0000000000
1610  -9.559  16.514  50.214 0.0000000000
2142  -6.836  28.655  54.325 0.0000000000
2143  -6.804  23.034  55.228 0.0000000000
2144  -8.066  17.266  55.305 0.0000000000
2145  -8.517  11.570  55.043 0.0000000000
2147  -7.830  7.069  59.770 0.0000000000
2148  -9.092  6.556  54.098 0.0000000000
2650  -6.817  36.501  47.292 0.0000000000
2651  -7.779  35.230  44.775 0.0000000000
2652  -7.255  32.485  47.214 0.0000000000
2653  -7.466  29.090  46.980 0.0000000000
2654  -7.126  30.544  49.307 0.0000000000
3040  -10.941  12.974  47.904 0.0000000000
3042  -9.689  10.806  47.363 0.0000000000
3044  -8.652  9.164  49.338 0.0000000000
3632  -8.258  41.072  35.280 0.0000000000
3633  -9.225  31.877  39.679 0.0000000000
3634  -9.034  34.454  36.950 0.0000000000
3639  -7.208  25.802  39.651 0.0000000000
3640  -7.431  23.281  47.493 0.0000000000
3641  -7.421  21.980  45.143 0.0000000000
3642  -7.973  20.414  47.422 0.0000000000
3643  -8.973  17.888  47.686 0.0000000000
3644  -8.361  19.026  49.907 0.0000000000
4726  -6.772  25.624  55.046 0.0000000000
4727  -6.943  23.553  57.700 0.0000000000
4729  -6.817  17.911  58.054 0.0000000000
4730  -7.317  14.937  58.065 0.0000000000
4731  -8.647  14.414  55.397 0.0000000000
4732  -7.586  11.982  57.706 0.0000000000
4736  -7.088  0.502  59.597 0.0000000000
4737  -7.529  3.676  61.731 0.0000000000
4738  -8.745  3.688  59.371 0.0000000000
4739  -8.733  6.808  56.953 0.0000000000
4740  -9.491  3.736  56.142 0.0000000000
4741  -9.312  4.100  53.525 0.0000000000
5922  -6.381  40.916  40.962 0.0000000000
5923  -7.161  39.400  38.301 0.0000000000
5924  -7.652  37.719  41.603 0.0000000000
5925  -8.800  33.594  42.189 0.0000000000
5926  -8.266  29.168  42.224 0.0000000000
5927  -6.801  26.551  42.027 0.0000000000
5928  -7.248  27.591  44.613 0.0000000000
5929  -7.260  26.059  47.186 0.0000000000
5930  -7.580  24.530  49.715 0.0000000000
6585  -6.131  -0.073  63.407 0.0000000000
6624  -10.596  15.950  43.481 0.0000000000
7583  -7.974  37.817  36.140 0.0000000000
7592  -9.711  20.302  41.047 0.0000000000
7593  -7.151  23.777  42.440 0.0000000000
7594  -8.677  21.043  42.918 0.0000000000
7595  -9.364  18.314  43.039 0.0000000000
7596  -9.976  16.888  45.493 0.0000000000
7597  -10.594  15.545  48.022 0.0000000000
7598  -10.596  13.775  50.485 0.0000000000
8994  -6.841  31.027  51.788 0.0000000000
8995  -7.148  27.953  51.877 0.0000000000
8996  -7.318  25.041  52.315 0.0000000000
8997  -7.442  22.394  52.504 0.0000000000
8998  -6.625  20.933  57.880 0.0000000000
8999  -7.091  20.359  55.151 0.0000000000
9000  -7.906  19.689  52.440 0.0000000000
9001  -8.911  16.844  52.638 0.0000000000
9002  -9.588  13.996  52.832 0.0000000000
9003  -9.404  11.455  52.472 0.0000000000
9007  -6.643  3.519  63.586 0.0000000000
9008  -6.782  7.129  62.483 0.0000000000
9009  -6.991  9.753  60.146 0.0000000000
9010  -7.532  9.341  57.123 0.0000000000
9011  -7.972  8.984  54.441 0.0000000000
9012  -8.442  8.956  51.732 0.0000000000
9013  -8.724  6.806  51.613 0.0000000000
10330  -6.680  35.188  48.585 0.0000000000
10331  -7.052  34.557  47.296 0.0000000000
10332  -6.834  33.165  48.492 0.0000000000
10333  -7.048  31.471  48.291 0.0000000000
10334  -6.790  32.166  49.542 0.0000000000
10720  -10.599  12.072  49.017 0.0000000000
10721  -10.387  11.782  47.648 0.0000000000
10722  -9.834  10.894  48.672 0.0000000000
10723  -9.076  9.996  48.327 0.0000000000
10724  -9.281  10.231  49.582 0.0000000000
11311  -8.458  42.874  34.931 0.0000000000
11312  -7.731  41.956  36.431 0.0000000000
11313  -8.838  29.926  39.750 0.0000000000
11314  -9.306  31.226  38.507 0.0000000000
11315  -8.806  29.578  38.522 0.0000000000
11317  -7.973  28.248  38.525 0.0000000000
11318  -7.575  26.897  38.469 0.0000000000
11319  -7.216  27.351  39.567 0.0000000000
11320  -7.715  22.575  48.674 0.0000000000
11321  -7.672  21.864  47.438 0.0000000000
11322  -7.886  21.141  48.652 0.0000000000
11323  -8.152  19.720  48.644 0.0000000000
11324  -8.061  20.437  49.908 0.0000000000
12406  -7.194  24.811  57.457 0.0000000000
12411  -7.494  13.429  57.856 0.0000000000
12412  -7.131  12.275  59.097 0.0000000000
12416  -7.684  0.528  58.490 0.0000000000
12417  -8.112  1.969  59.692 0.0000000000
12418  -8.622  2.040  58.335 0.0000000000
12419  -9.146  3.756  57.713 0.0000000000
12420  -9.013  2.116  56.833 0.0000000000
12421  -9.232  2.291  55.425 0.0000000000
12422  -8.710  0.709  55.937 0.0000000000
13710  -6.585  39.939  42.806 0.0000000000
13711  -7.010  39.307  41.285 0.0000000000
13712  -7.159  38.285  43.064 0.0000000000
13713  -8.005  33.034  44.842 0.0000000000
13714  -8.281  34.498  43.454 0.0000000000
13715  -8.579  32.140  43.615 0.0000000000
13716  -8.926  31.207  42.332 0.0000000000
13717  -8.347  29.942  43.597 0.0000000000
13718  -7.656  28.304  43.398 0.0000000000
13719  -7.775  29.098  44.720 0.0000000000
13720  -7.448  28.210  48.128 0.0000000000
13721  -7.348  27.505  47.020 0.0000000000
13722  -7.475  26.663  48.233 0.0000000000
13723  -7.513  25.316  48.441 0.0000000000
13724  -7.626  25.834  49.539 0.0000000000
14880  -10.819  15.288  44.516 0.0000000000
16653  -8.870  40.749  32.495 0.0000000000
16658  -7.712  37.851  38.750 0.0000000000
16659  -7.531  38.623  37.209 0.0000000000
16660  -8.048  37.036  37.646 0.0000000000
16661  -9.112  33.599  35.853 0.0000000000
16662  -8.665  35.404  35.562 0.0000000000
16675  -8.973  23.901  39.284 0.0000000000
16677  -9.594  22.575  39.708 0.0000000000
16678  -9.919  21.264  40.069 0.0000000000
16679  -9.495  21.662  40.850 0.0000000000
16680  -6.628  25.683  43.366 0.0000000000
16681  -6.581  25.187  42.231 0.0000000000
16682  -6.737  24.352  43.627 0.0000000000
16683  -7.920  20.587  45.106 0.0000000000
16684  -7.938  21.479  43.960 0.0000000000
16685  -8.425  20.117  44.056 0.0000000000
16686  -8.994  19.696  43.000 0.0000000000
16687  -8.875  18.729  44.124 0.0000000000
16688  -9.632  17.509  44.241 0.0000000000
16689  -9.130  17.961  45.376 0.0000000000
16690  -9.384  17.292  48.937 0.0000000000
16691  -9.850  16.774  47.847 0.0000000000
16692  -10.125  16.040  49.128 0.0000000000
16693  -10.743  14.707  49.256 0.0000000000
16694  -10.167  15.167  50.419 0.0000000000
19935  -6.804  29.759  52.970 0.0000000000
19936  -7.006  29.487  51.682 0.0000000000
19937  -6.857  28.298  53.203 0.0000000000
19938  -6.850  24.347  55.170 0.0000000000
19939  -6.956  25.304  53.665 0.0000000000
19940  -7.070  24.040  53.743 0.0000000000
19941  -7.343  23.742  52.393 0.0000000000
19942  -7.107  22.721  53.850 0.0000000000
19946  -7.415  17.615  56.651 0.0000000000
19947  -7.016  19.131  56.600 0.0000000000
19948  -7.525  18.814  55.184 0.0000000000
19949  -7.499  20.024  53.817 0.0000000000
19950  -8.082  18.473  53.820 0.0000000000
19951  -8.498  18.213  52.529 0.0000000000
19952  -8.599  17.068  53.955 0.0000000000
19953  -8.737  12.953  55.276 0.0000000000
19954  -9.167  14.211  54.095 0.0000000000
19955  -9.245  12.800  53.991 0.0000000000
19956  -9.736  12.674  52.728 0.0000000000
19957  -8.949  11.486  53.786 0.0000000000
19966  -5.956  -0.038  62.492 0.0000000000
19967  -6.294  1.486  63.697 0.0000000000
19968  -6.486  1.729  62.742 0.0000000000
19969  -7.802  5.551  61.016 0.0000000000
19970  -7.183  5.477  62.187 0.0000000000
19971  -7.283  7.129  61.157 0.0000000000
19972  -6.848  8.516  61.440 0.0000000000
19973  -7.269  8.388  59.901 0.0000000000
19974  -7.276  9.557  58.584 0.0000000000
19975  -7.655  8.310  58.429 0.0000000000
19976  -8.983  6.636  55.558 0.0000000000
19977  -8.266  7.887  55.658 0.0000000000
19978  -8.514  7.697  54.302 0.0000000000
19979  -8.223  8.920  53.074 0.0000000000
19980  -8.548  7.667  52.899 0.0000000000
19981  -8.574  7.809  51.641 0.0000000000
19982  -8.933  6.592  52.778 0.0000000000
23202  -6.878  37.711  45.952 0.0000000000
23203  -7.293  37.086  44.567 0.0000000000
23204  -7.249  35.832  46.022 0.0000000000
23205  -7.522  33.779  46.039 0.0000000000
23206  -7.627  31.699  46.011 0.0000000000
23207  -7.678  29.914  45.943 0.0000000000
23208  -7.378  30.727  47.045 0.0000000000
23209  -7.325  29.822  48.091 0.0000000000
23210  -7.384  28.898  49.226 0.0000000000
23904  -11.056  13.856  46.774 0.0000000000
23905  -10.955  13.448  45.601 0.0000000000
23906  -10.766  12.625  46.628 0.0000000000
23907  -10.254  11.616  46.339 0.0000000000
24969  -8.946  41.760  33.700 0.0000000000
24970  -8.523  40.158  34.152 0.0000000000
24971  -8.946  34.175  39.454 0.0000000000
24972  -8.661  35.296  37.981 0.0000000000
24973  -9.249  33.394  38.326 0.0000000000
24974  -9.337  32.493  37.160 0.0000000000
24982  -8.130  25.263  38.777 0.0000000000
24983  -8.014  24.363  40.058 0.0000000000
24984  -7.069  24.093  46.189 0.0000000000
24985  -6.966  23.456  45.007 0.0000000000
24986  -7.348  22.632  46.325 0.0000000000
24987  -7.716  21.175  46.334 0.0000000000
24988  -8.110  19.800  46.309 0.0000000000
24989  -8.623  18.532  46.422 0.0000000000
24990  -8.346  19.078  47.522 0.0000000000
24991  -8.723  18.431  48.778 0.0000000000
24992  -8.973  17.787  50.030 0.0000000000
26937  -7.015  27.271  55.765 0.0000000000
26938  -6.738  27.067  54.728 0.0000000000
26939  -6.883  25.914  56.143 0.0000000000
26940  -6.824  24.630  56.436 0.0000000000
26941  -6.722  23.354  56.556 0.0000000000
26945  -7.080  16.459  58.187 0.0000000000
26946  -7.756  16.106  56.763 0.0000000000
26947  -8.416  15.840  55.391 0.0000000000
26948  -8.036  14.619  56.725 0.0000000000
26949  -8.106  13.189  56.571 0.0000000000
26950  -8.046  11.700  56.392 0.0000000000
26955  -6.637  5.107  65.155 0.0000000000
26956  -6.505  0.344  60.590 0.0000000000
26957  -6.852  1.822  61.778 0.0000000000
26958  -7.487  1.919  60.823 0.0000000000
26959  -8.234  3.680  60.594 0.0000000000
26960  -8.397  5.575  59.676 0.0000000000
26961  -8.327  6.958  58.405 0.0000000000
26962  -8.892  5.491  58.202 0.0000000000
26963  -9.274  5.347  56.690 0.0000000000
26964  -9.557  5.267  55.177 0.0000000000
26965  -9.361  5.344  53.829 0.0000000000
26966  -9.519  3.934  54.727 0.0000000000
26967  -9.219  2.567  54.203 0.0000000000
29178  -6.546  41.849  39.191 0.0000000000
29179  -7.015  41.105  37.875 0.0000000000
29180  -6.802  40.192  39.551 0.0000000000
29181  -7.389  38.658  39.916 0.0000000000
29182  -8.083  36.990  40.298 0.0000000000
29183  -7.800  36.537  43.268 0.0000000000
29184  -8.393  35.937  41.924 0.0000000000
29185  -8.712  35.049  40.685 0.0000000000
29186  -9.089  32.658  40.923 0.0000000000
29187  -8.913  30.397  41.019 0.0000000000
29188  -8.063  28.749  40.922 0.0000000000
29189  -7.286  27.608  40.814 0.0000000000
29190  -7.453  27.827  42.062 0.0000000000
29191  -6.992  26.986  43.293 0.0000000000
29192  -6.816  26.263  44.636 0.0000000000
29193  -7.425  28.361  45.766 0.0000000000
29194  -7.105  26.868  45.853 0.0000000000
29195  -6.946  25.490  46.035 0.0000000000
29196  -7.293  24.767  47.311 0.0000000000
29197  -7.528  23.970  48.632 0.0000000000
29198  -7.698  23.219  49.893 0.0000000000
33197  -7.515  40.262  36.740 0.0000000000
33198  -7.905  39.450  35.664 0.0000000000
33199  -8.097  38.541  34.611 0.0000000000
33200  -8.444  36.139  36.625 0.0000000000
33201  -8.298  37.012  35.160 0.0000000000
33202  -8.060  37.729  33.581 0.0000000000
33224  -10.070  18.876  41.177 0.0000000000
33225  -6.785  26.185  40.847 0.0000000000
33226  -7.061  24.653  41.037 0.0000000000
33227  -7.982  23.414  41.438 0.0000000000
33228  -7.236  22.930  43.839 0.0000000000
33229  -7.988  22.412  42.736 0.0000000000
33230  -8.840  22.080  41.758 0.0000000000
33231  -9.251  20.663  41.942 0.0000000000
33232  -9.489  19.242  42.057 0.0000000000
33233  -9.912  17.854  42.215 0.0000000000
33234  -10.048  17.068  43.284 0.0000000000
33235  -10.311  16.366  44.381 0.0000000000
33236  -10.585  15.765  45.542 0.0000000000
33237  -9.490  17.382  46.620 0.0000000000
33238  -10.299  16.319  46.719 0.0000000000
33239  -10.864  15.165  46.794 0.0000000000
33240  -11.048  14.290  48.058 0.0000000000
33241  -10.875  13.360  49.253 0.0000000000
33242  -10.498  12.396  50.388 0.0000000000
34928  -6.385  40.452  44.369 0.0000000000
34931  -6.602  39.239  45.925 0.0000000000
34932  -6.704  38.023  47.320 0.0000000000
34933  -6.723  36.737  48.633 0.0000000000
34934  -6.640  35.373  49.861 0.0000000000
37149  -6.836  34.371  51.001 0.0000000000
37230  -6.762  32.461  50.812 0.0000000000
37231  -6.946  30.817  50.521 0.0000000000
37232  -7.301  29.189  50.439 0.0000000000
37233  -7.464  27.539  50.631 0.0000000000
37234  -6.861  26.777  53.476 0.0000000000
37235  -7.246  26.432  52.122 0.0000000000
37236  -7.535  26.161  50.827 0.0000000000
37237  -7.561  24.793  50.983 0.0000000000
37238  -7.580  23.454  51.086 0.0000000000
37239  -7.775  22.180  51.233 0.0000000000
37241  -6.710  22.303  57.842 0.0000000000
37242  -6.640  22.095  56.646 0.0000000000
37243  -6.630  19.446  57.941 0.0000000000
37244  -6.772  20.696  56.603 0.0000000000
37245  -6.876  21.780  55.266 0.0000000000
37246  -7.268  21.446  53.882 0.0000000000
37247  -7.587  21.119  52.543 0.0000000000
37248  -7.946  20.806  51.209 0.0000000000
37249  -8.192  19.365  51.070 0.0000000000
37250  -8.755  17.989  51.259 0.0000000000
37251  -9.190  16.705  51.406 0.0000000000
37252  -8.869  15.645  54.067 0.0000000000
37253  -9.243  15.460  52.723 0.0000000000
37254  -9.661  15.288  51.524 0.0000000000
37255  -10.089  13.937  51.652 0.0000000000
37256  -10.190  12.528  51.561 0.0000000000
37257  -9.773  11.269  51.275 0.0000000000
37267  -6.508  1.439  64.613 0.0000000000
37268  -6.551  3.339  64.576 0.0000000000
37269  -6.577  5.230  64.212 0.0000000000
37270  -6.975  3.639  62.676 0.0000000000
37271  -6.731  5.387  63.246 0.0000000000
37272  -6.574  6.999  63.644 0.0000000000
37273  -6.582  8.522  62.756 0.0000000000
37274  -6.667  9.951  61.636 0.0000000000
37275  -6.936  11.181  60.326 0.0000000000
37276  -7.221  10.862  58.823 0.0000000000
37277  -7.541  10.610  57.413 0.0000000000
37278  -7.822  10.351  56.031 0.0000000000
37279  -8.026  8.049  57.058 0.0000000000
37280  -7.749  9.171  55.818 0.0000000000
37281  -8.075  10.264  54.708 0.0000000000
37282  -8.424  10.243  53.394 0.0000000000
37283  -8.845  10.221  51.968 0.0000000000
37284  -9.140  10.183  50.784 0.0000000000
37285  -8.627  9.095  50.503 0.0000000000
37286  -8.455  7.955  50.441 0.0000000000
37288  -9.075  5.493  52.553 0.0000000000
41050  -6.638  34.501  49.202 0.0000000000
41051  -6.740  34.215  48.550 0.0000000000
41052  -6.678  33.516  49.116 0.0000000000
41053  -6.769  32.645  49.033 0.0000000000
41054  -6.669  33.002  49.653 0.0000000000
41440  -10.323  11.604  49.533 0.0000000000
41441  -10.290  11.422  48.869 0.0000000000
41442  -9.956  11.024  49.332 0.0000000000
41443  -9.540  10.551  49.123 0.0000000000
41444  -9.664  10.694  49.795 0.0000000000
42031  -7.799  42.826  36.269 0.0000000000
42032  -7.445  42.354  37.011 0.0000000000
42033  -8.439  29.178  39.736 0.0000000000
42034  -8.839  29.749  39.124 0.0000000000
42035  -8.438  29.061  39.143 0.0000000000
42036  -8.413  28.934  38.525 0.0000000000
42037  -7.978  28.396  39.095 0.0000000000
42038  -7.598  27.810  39.028 0.0000000000
42039  -7.570  27.968  39.584 0.0000000000
42040  -7.817  22.251  49.293 0.0000000000
42041  -7.828  21.848  48.659 0.0000000000
42042  -7.896  21.543  49.299 0.0000000000
42043  -7.982  20.822  49.268 0.0000000000
42044  -7.986  21.147  49.930 0.0000000000
43131  -7.044  12.986  59.168 0.0000000000
43136  -7.983  0.561  57.892 0.0000000000
43137  -8.195  1.279  58.480 0.0000000000
43138  -8.423  1.302  57.765 0.0000000000
43139  -8.831  2.059  57.601 0.0000000000
43140  -8.634  1.338  57.050 0.0000000000
43141  -8.852  1.401  56.372 0.0000000000
43142  -8.486  0.642  56.555 0.0000000000
44430  -6.703  39.453  43.647 0.0000000000
44431  -6.890  39.123  42.920 0.0000000000
44432  -6.959  38.602  43.735 0.0000000000
44433  -8.079  31.873  44.852 0.0000000000
44434  -8.291  32.569  44.260 0.0000000000
44435  -8.332  31.436  44.278 0.0000000000
44436  -8.552  30.991  43.632 0.0000000000
44437  -8.223  30.356  44.258 0.0000000000
44438  -8.016  29.527  44.186 0.0000000000
44439  -7.942  29.916  44.815 0.0000000000
44440  -7.514  27.737  48.739 0.0000000000
44441  -7.468  27.424  48.183 0.0000000000
44442  -7.558  26.958  48.812 0.0000000000
44443  -7.551  26.226  48.861 0.0000000000
44444  -7.626  26.547  49.457 0.0000000000
45600  -10.900  14.950  45.047 0.0000000000
45601  -10.982  14.732  44.534 0.0000000000
45602  -11.025  14.390  45.077 0.0000000000
47373  -8.614  39.959  32.762 0.0000000000
47374  -8.661  40.317  31.907 0.0000000000
47375  -8.374  39.576  32.214 0.0000000000
47377  -8.159  38.834  32.514 0.0000000000
47378  -8.044  37.016  38.957 0.0000000000
47379  -7.877  37.439  38.189 0.0000000000
47380  -8.168  36.595  38.400 0.0000000000
47395  -8.938  23.476  39.904 0.0000000000
47396  -9.321  23.227  39.502 0.0000000000
47397  -9.294  22.812  40.081 0.0000000000
47398  -9.558  22.118  40.271 0.0000000000
47399  -9.254  22.376  40.666 0.0000000000
47400  -6.667  25.284  44.116 0.0000000000
47401  -6.619  25.040  43.494 0.0000000000
47402  -6.724  24.603  44.209 0.0000000000
47403  -8.140  19.899  45.132 0.0000000000
47404  -8.143  20.348  44.560 0.0000000000
47405  -8.356  19.657  44.615 0.0000000000
47406  -8.627  19.424  44.093 0.0000000000
47407  -8.597  18.964  44.666 0.0000000000
47408  -8.962  18.339  44.742 0.0000000000
47409  -8.718  18.555  45.296 0.0000000000
47410  -9.497  16.926  49.588 0.0000000000
47411  -9.756  16.669  49.044 0.0000000000
47412  -9.833  16.295  49.675 0.0000000000
47413  -10.180  15.646  49.779 0.0000000000
47414  -9.863  15.862  50.318 0.0000000000
50655  -6.829  29.242  53.647 0.0000000000
50656  -6.809  29.036  53.060 0.0000000000
50657  -6.784  28.486  53.774 0.0000000000
50658  -6.823  23.689  55.217 0.0000000000
50659  -6.938  24.173  54.458 0.0000000000
50660  -6.934  23.548  54.502 0.0000000000
50661  -7.084  23.412  53.799 0.0000000000
50662  -6.936  22.892  54.526 0.0000000000
50666  -7.741  17.412  55.992 0.0000000000
50667  -7.489  18.182  55.938 0.0000000000
50668  -7.813  17.988  55.266 0.0000000000
50669  -7.787  18.639  54.528 0.0000000000
50670  -8.143  17.904  54.537 0.0000000000
50671  -8.397  17.758  53.871 0.0000000000
50672  -8.392  17.192  54.596 0.0000000000
50673  -8.647  12.236  55.158 0.0000000000
50674  -8.996  12.861  54.639 0.0000000000
50675  -8.906  12.161  54.519 0.0000000000
50676  -9.166  12.128  53.887 0.0000000000
50677  -8.728  11.510  54.414 0.0000000000
50686  -5.956  0.036  62.035 0.0000000000
50687  -6.166  0.842  62.635 0.0000000000
50688  -6.276  0.909  62.161 0.0000000000
50689  -7.813  6.353  60.421 0.0000000000
50690  -7.527  6.330  61.109 0.0000000000
50691  -7.560  7.102  60.457 0.0000000000
50692  -7.271  7.796  60.557 0.0000000000
50693  -7.539  7.762  59.800 0.0000000000
50694  -7.469  8.384  59.133 0.0000000000
50695  -7.779  7.716  59.090 0.0000000000
50696  -9.067  6.586  54.837 0.0000000000
50697  -8.725  7.186  54.922 0.0000000000
50698  -8.820  7.132  54.227 0.0000000000
50699  -8.536  7.652  53.592 0.0000000000
50700  -8.812  7.111  53.506 0.0000000000
50701  -8.800  7.138  52.837 0.0000000000
50702  -9.029  6.529  53.435 0.0000000000
54030  -6.868  37.122  46.620 0.0000000000
54031  -7.069  36.786  45.955 0.0000000000
54032  -7.001  36.154  46.651 0.0000000000
54033  -7.180  33.547  47.266 0.0000000000
54034  -7.271  34.203  46.667 0.0000000000
54035  -7.395  33.160  46.636 0.0000000000
54036  -7.579  32.728  46.083 0.0000000000
54037  -7.451  32.082  46.629 0.0000000000
54038  -7.487  31.193  46.503 0.0000000000
54039  -7.310  31.591  47.130 0.0000000000
54040  -7.059  31.001  48.783 0.0000000000
54041  -7.173  30.630  48.157 0.0000000000
54042  -7.208  30.177  48.681 0.0000000000
54043  -7.353  29.360  48.636 0.0000000000
54044  -7.258  29.681  49.210 0.0000000000
55200  -11.047  13.432  47.349 0.0000000000
55201  -10.957  13.208  46.734 0.0000000000
55202  -10.858  12.801  47.270 0.0000000000
55203  -10.031  11.265  47.494 0.0000000000
55204  -10.301  11.704  46.997 0.0000000000
55205  -9.985  11.221  46.838 0.0000000000
55207  -9.642  10.765  46.735 0.0000000000
55209  -9.353  10.380  47.234 0.0000000000
55210  -8.835  9.580  48.840 0.0000000000
55211  -8.769  9.503  48.214 0.0000000000
55212  -8.516  9.036  48.733 0.0000000000
55214  -8.389  8.589  49.270 0.0000000000
56973  -8.386  41.958  35.103 0.0000000000
56974  -8.727  42.327  34.346 0.0000000000
56975  -8.637  41.429  34.483 0.0000000000
56976  -8.765  40.916  33.908 0.0000000000
56977  -8.422  40.579  34.738 0.0000000000
56978  -9.161  33.030  39.587 0.0000000000
56979  -9.119  33.790  38.898 0.0000000000
56980  -9.301  32.661  39.004 0.0000000000
56981  -9.281  30.905  37.873 0.0000000000
56982  -9.358  31.867  37.833 0.0000000000
56983  -9.291  31.523  37.201 0.0000000000
56984  -9.274  32.120  36.548 0.0000000000
56995  -7.351  26.360  39.044 0.0000000000
56996  -7.745  26.079  38.579 0.0000000000
56997  -7.653  25.520  39.185 0.0000000000
56998  -8.074  24.789  39.398 0.0000000000
56999  -7.536  24.972  39.822 0.0000000000
57000  -7.250  23.686  46.881 0.0000000000
57001  -7.196  23.367  46.294 0.0000000000
57002  -7.388  22.968  46.919 0.0000000000
57003  -7.772  21.118  47.453 0.0000000000
57004  -7.667  21.468  46.883 0.0000000000
57005  -7.853  20.751  46.884 0.0000000000
57006  -7.914  20.457  46.297 0.0000000000
57007  -8.059  20.070  46.878 0.0000000000
57008  -8.189  19.438  46.872 0.0000000000
57009  -8.147  19.723  47.461 0.0000000000
57010  -8.240  19.355  49.285 0.0000000000
57011  -8.402  19.028  48.715 0.0000000000
57012  -8.551  18.690  49.345 0.0000000000
57013  -8.853  18.109  49.393 0.0000000000
57014  -8.687  18.367  49.964 0.0000000000
60255  -7.237  26.633  56.351 0.0000000000
60256  -6.937  26.596  55.955 0.0000000000
60257  -7.145  25.987  56.608 0.0000000000
60258  -7.027  24.187  57.608 0.0000000000
60259  -6.958  24.725  56.975 0.0000000000
60260  -6.867  24.113  57.087 0.0000000000
60261  -6.777  24.014  56.497 0.0000000000
60262  -6.786  23.459  57.126 0.0000000000
60268  -7.199  15.719  58.153 0.0000000000
60269  -7.404  16.291  57.480 0.0000000000
60270  -7.564  15.532  57.430 0.0000000000
60271  -7.931  15.355  56.763 0.0000000000
60272  -7.679  14.759  57.393 0.0000000000
60273  -7.486  12.678  57.865 0.0000000000
60274  -7.791  13.296  57.240 0.0000000000
60275  -7.788  12.568  57.132 0.0000000000
60276  -8.095  12.453  56.465 0.0000000000
60277  -7.798  11.842  57.048 0.0000000000
60285  -6.671  4.142  65.385 0.0000000000
60286  -6.761  0.418  60.096 0.0000000000
60287  -6.983  1.119  60.737 0.0000000000
60288  -7.281  1.125  60.193 0.0000000000
60289  -8.507  2.768  59.549 0.0000000000
60290  -8.236  2.754  60.213 0.0000000000
60291  -8.517  3.663  59.984 0.0000000000
60292  -8.365  4.695  60.213 0.0000000000
60293  -8.612  4.678  59.526 0.0000000000
60294  -8.655  5.534  58.941 0.0000000000
60295  -8.865  4.664  58.765 0.0000000000
60296  -9.329  3.741  56.912 0.0000000000
60297  -9.241  4.611  57.237 0.0000000000
60298  -9.436  4.522  56.441 0.0000000000
60299  -9.453  5.283  55.917 0.0000000000
60300  -9.545  4.522  55.712 0.0000000000
60301  -9.577  4.589  55.012 0.0000000000
60302  -9.547  3.833  55.412 0.0000000000
60303  -9.087  1.617  55.075 0.0000000000
60304  -9.256  2.447  54.789 0.0000000000
60305  -9.117  1.784  54.494 0.0000000000
64170  -6.397  41.371  40.056 0.0000000000
64171  -6.635  41.005  39.325 0.0000000000
64172  -6.617  40.560  40.211 0.0000000000
64173  -7.336  38.563  41.447 0.0000000000
64174  -7.180  38.998  40.604 0.0000000000
64175  -7.540  38.231  40.738 0.0000000000
64176  -7.795  37.877  40.119 0.0000000000
64177  -7.897  37.395  40.922 0.0000000000
64178  -7.594  36.169  44.673 0.0000000000
64179  -7.510  36.823  43.945 0.0000000000
64180  -7.810  35.892  44.064 0.0000000000
64181  -8.555  34.080  42.830 0.0000000000
64182  -8.370  35.221  42.716 0.0000000000
64183  -8.619  34.812  42.104 0.0000000000
64184  -8.605  35.464  41.308 0.0000000000
64185  -8.825  34.322  41.482 0.0000000000
64186  -8.960  33.912  40.827 0.0000000000
64187  -8.992  33.145  41.566 0.0000000000
64188  -8.699  30.125  42.305 0.0000000000
64189  -8.978  30.752  41.682 0.0000000000
64190  -8.681  29.741  41.668 0.0000000000
64191  -8.550  29.497  40.985 0.0000000000
64192  -8.148  28.896  41.564 0.0000000000
64193  -7.736  28.274  41.468 0.0000000000
64194  -7.841  28.463  42.129 0.0000000000
64195  -7.429  27.968  44.029 0.0000000000
64196  -7.282  27.602  43.362 0.0000000000
64197  -7.109  27.284  43.985 0.0000000000
64198  -6.849  26.670  43.926 0.0000000000
64199  -7.002  26.934  44.593 0.0000000000
64200  -7.549  29.514  46.452 0.0000000000
64201  -7.642  29.120  45.858 0.0000000000
64202  -7.483  28.709  46.403 0.0000000000
64203  -7.288  26.762  47.099 0.0000000000
64204  -7.243  27.179  46.454 0.0000000000
64205  -7.144  26.457  46.520 0.0000000000
64206  -6.988  26.167  45.928 0.0000000000
64207  -7.119  25.779  46.612 0.0000000000
64208  -7.133  25.123  46.662 0.0000000000
64209  -7.291  25.413  47.248 0.0000000000
64210  -7.585  24.919  49.108 0.0000000000
64211  -7.485  24.644  48.547 0.0000000000
64212  -7.580  24.260  49.182 0.0000000000
64213  -7.623  23.596  49.270 0.0000000000
64214  -7.615  23.877  49.801 0.0000000000
67688  -10.821  12.864  45.559 0.0000000000
73013  -7.018  40.261  38.087 0.0000000000
73014  -7.266  40.688  37.316 0.0000000000
73015  -7.246  39.830  37.491 0.0000000000
73016  -7.749  38.266  36.661 0.0000000000
73017  -7.672  39.089  36.421 0.0000000000
73018  -7.853  38.613  35.882 0.0000000000
73019  -8.043  38.967  35.127 0.0000000000
73020  -8.051  38.175  35.364 0.0000000000
73021  -8.860  34.894  37.461 0.0000000000
73022  -8.561  35.729  37.299 0.0000000000
73023  -8.735  35.316  36.793 0.0000000000
73024  -8.444  35.803  34.892 0.0000000000
73025  -8.429  36.199  35.367 0.0000000000
73026  -8.308  36.594  34.653 0.0000000000
73027  -8.196  37.376  34.358 0.0000000000
73028  -8.159  37.003  33.879 0.0000000000
73075  -9.808  20.792  40.575 0.0000000000
73077  -9.945  20.098  40.632 0.0000000000
73079  -9.847  19.603  41.117 0.0000000000
73080  -6.981  27.007  41.421 0.0000000000
73081  -6.974  26.941  40.792 0.0000000000
73082  -6.709  26.332  41.439 0.0000000000
73083  -6.784  24.464  42.322 0.0000000000
73084  -6.760  24.926  41.648 0.0000000000
73085  -7.078  24.225  41.757 0.0000000000
73086  -7.509  24.041  41.252 0.0000000000
73087  -7.511  23.585  41.924 0.0000000000
73088  -7.161  22.721  45.098 0.0000000000
73089  -7.030  23.191  44.445 0.0000000000
73090  -7.302  22.458  44.494 0.0000000000
73091  -8.276  21.228  43.441 0.0000000000
73092  -7.936  21.919  43.360 0.0000000000
73093  -8.363  21.726  42.894 0.0000000000
73094  -8.418  22.239  42.264 0.0000000000
73095  -8.745  21.551  42.366 0.0000000000
73096  -9.065  21.366  41.880 0.0000000000
73097  -8.975  20.858  42.421 0.0000000000
73098  -9.125  19.019  43.030 0.0000000000
73099  -9.233  19.463  42.525 0.0000000000
73100  -9.416  18.761  42.556 0.0000000000
73101  -9.690  18.544  42.103 0.0000000000
73102  -9.653  18.073  42.635 0.0000000000
73103  -9.925  17.405  42.761 0.0000000000
73104  -9.708  17.655  43.195 0.0000000000
73105  -9.801  17.161  44.846 0.0000000000
73106  -9.987  16.925  44.314 0.0000000000
73107  -10.150  16.589  44.928 0.0000000000
73108  -10.443  16.050  44.957 0.0000000000
73109  -10.311  16.325  45.533 0.0000000000
73110  -8.784  18.173  47.067 0.0000000000
73111  -9.002  17.890  46.498 0.0000000000
73112  -9.198  17.615  47.156 0.0000000000
73113  -10.257  16.174  47.929 0.0000000000
73114  -10.109  16.552  47.277 0.0000000000
73115  -10.440  15.960  47.362 0.0000000000
73116  -10.589  15.753  46.763 0.0000000000
73117  -10.725  15.377  47.397 0.0000000000
73118  -10.958  14.757  47.405 0.0000000000
73119  -10.847  14.936  48.026 0.0000000000
73120  -10.675  14.249  49.854 0.0000000000
73121  -10.852  14.031  49.309 0.0000000000
73122  -10.755  13.551  49.897 0.0000000000
73123  -10.733  12.852  49.852 0.0000000000
73124  -10.599  13.068  50.480 0.0000000000
77168  -6.681  38.647  46.627 0.0000000000
77171  -6.794  37.490  48.596 0.0000000000
77172  -6.812  36.834  49.247 0.0000000000
77173  -6.690  36.071  49.243 0.0000000000
77174  -6.812  36.150  49.869 0.0000000000
82841  -6.912  31.295  52.403 0.0000000000
82843  -6.922  31.978  51.922 0.0000000000
82844  -6.845  32.695  51.435 0.0000000000
82845  -6.826  31.738  51.287 0.0000000000
82846  -6.832  31.652  50.664 0.0000000000
82847  -6.852  30.946  51.150 0.0000000000
82848  -7.084  28.724  51.763 0.0000000000
82849  -7.174  29.320  51.050 0.0000000000
82850  -7.270  28.543  51.121 0.0000000000
82851  -7.404  28.354  50.525 0.0000000000
82852  -7.329  27.743  51.227 0.0000000000
82853  -6.738  26.325  54.906 0.0000000000
82854  -6.779  26.914  54.111 0.0000000000
82855  -6.768  26.170  54.312 0.0000000000
82856  -7.157  25.175  52.982 0.0000000000
82857  -7.102  25.868  52.908 0.0000000000
82858  -7.297  25.735  52.234 0.0000000000
82859  -7.406  26.325  51.459 0.0000000000
82860  -7.445  25.584  51.567 0.0000000000
82861  -7.552  25.487  50.917 0.0000000000
82862  -7.473  24.930  51.666 0.0000000000
82863  -7.365  23.087  52.459 0.0000000000
82864  -7.463  23.606  51.728 0.0000000000
82865  -7.513  22.944  51.784 0.0000000000
82866  -7.676  22.843  51.163 0.0000000000
82867  -7.601  22.281  51.839 0.0000000000
82871  -6.689  21.040  58.410 0.0000000000
82872  -6.765  21.737  58.408 0.0000000000
82873  -6.657  21.635  57.878 0.0000000000
82874  -6.641  22.208  57.295 0.0000000000
82875  -6.620  21.520  57.260 0.0000000000
82878  -6.725  18.705  58.030 0.0000000000
82879  -7.035  19.793  55.899 0.0000000000
82880  -6.876  19.926  56.599 0.0000000000
82881  -6.930  20.539  55.872 0.0000000000
82882  -6.794  21.258  55.938 0.0000000000
82883  -6.980  21.088  55.223 0.0000000000
82884  -7.076  21.605  54.581 0.0000000000
82885  -7.177  20.919  54.502 0.0000000000
82886  -7.702  19.847  53.154 0.0000000000
82887  -7.527  20.586  53.211 0.0000000000
82888  -7.711  20.440  52.520 0.0000000000
82889  -7.756  20.970  51.888 0.0000000000
82890  -7.892  20.267  51.825 0.0000000000
82891  -8.022  20.079  51.127 0.0000000000
82892  -8.072  19.506  51.730 0.0000000000
82893  -8.742  17.547  52.638 0.0000000000
82894  -8.616  18.092  51.899 0.0000000000
82895  -8.887  17.419  51.974 0.0000000000
82896  -9.008  17.342  51.331 0.0000000000
82897  -9.080  16.789  52.040 0.0000000000
82898  -8.539  15.115  55.387 0.0000000000
82899  -8.668  15.716  54.709 0.0000000000
82900  -8.791  15.013  54.735 0.0000000000
82901  -9.372  14.092  53.448 0.0000000000
82902  -9.234  14.846  53.366 0.0000000000
82903  -9.432  14.746  52.758 0.0000000000
82904  -9.432  15.366  52.123 0.0000000000
82905  -9.641  14.653  52.172 0.0000000000
82906  -9.894  14.615  51.603 0.0000000000
82907  -9.827  13.952  52.218 0.0000000000
82908  -9.625  12.049  52.615 0.0000000000
82909  -9.970  12.595  52.132 0.0000000000
82910  -9.838  11.964  52.004 0.0000000000
82911  -10.028  11.850  51.420 0.0000000000
82912  -9.595  11.349  51.866 0.0000000000
82936  -6.240  -0.122  63.925 0.0000000000
82937  -6.456  0.532  64.536 0.0000000000
82938  -6.360  0.647  64.074 0.0000000000
82939  -6.498  2.509  63.712 0.0000000000
82940  -6.451  2.413  64.192 0.0000000000
82941  -6.566  3.430  64.070 0.0000000000
82942  -6.573  4.310  64.410 0.0000000000
82943  -6.574  4.411  63.928 0.0000000000
82944  -7.272  2.765  61.832 0.0000000000
82945  -7.008  2.728  62.300 0.0000000000
82946  -7.230  3.647  62.207 0.0000000000
82947  -6.966  6.323  62.340 0.0000000000
82948  -6.913  5.454  62.729 0.0000000000
82949  -6.755  6.303  62.930 0.0000000000
82950  -6.628  6.176  63.451 0.0000000000
82951  -6.638  7.085  63.103 0.0000000000
82952  -6.572  7.817  63.233 0.0000000000
82953  -6.655  7.835  62.634 0.0000000000
82954  -6.906  9.134  60.821 0.0000000000
82955  -6.728  9.208  61.523 0.0000000000
82956  -6.811  9.846  60.910 0.0000000000
82957  -6.778  10.586  60.973 0.0000000000
82958  -6.937  10.473  60.234 0.0000000000
82959  -7.083  11.027  59.591 0.0000000000
82960  -7.069  10.353  59.500 0.0000000000
82961  -7.420  9.463  57.835 0.0000000000
82962  -7.356  10.113  57.967 0.0000000000
82963  -7.498  9.985  57.244 0.0000000000
82964  -7.690  10.491  56.737 0.0000000000
82965  -7.611  9.874  56.552 0.0000000000
82966  -8.548  6.882  57.684 0.0000000000
82967  -8.210  7.533  57.729 0.0000000000
82968  -8.396  7.427  57.030 0.0000000000
82969  -8.099  8.378  55.019 0.0000000000
82970  -7.948  8.534  55.729 0.0000000000
82971  -7.849  9.045  55.149 0.0000000000
82972  -7.813  9.673  55.266 0.0000000000
82973  -7.925  9.614  54.580 0.0000000000
82974  -8.213  10.238  54.041 0.0000000000
82975  -8.061  9.594  53.875 0.0000000000
82976  -8.359  8.919  52.394 0.0000000000
82977  -8.427  9.598  52.494 0.0000000000
82978  -8.571  9.582  51.812 0.0000000000
82979  -9.009  10.169  51.358 0.0000000000
82980  -8.701  9.596  51.169 0.0000000000
82981  -8.856  9.660  50.601 0.0000000000
82982  -8.512  9.051  51.091 0.0000000000
82983  -8.679  7.299  51.590 0.0000000000
82984  -8.530  7.881  51.042 0.0000000000
82985  -8.582  7.379  51.009 0.0000000000
82986  -8.504  7.395  50.407 0.0000000000
82987  -8.665  6.852  50.969 0.0000000000
82988  -9.350  4.742  53.671 0.0000000000
82989  -9.203  5.400  53.205 0.0000000000
82990  -9.193  4.825  53.036 0.0000000000
92322  -6.745  35.895  47.948 0.0000000000
92323  -6.917  35.544  47.316 0.0000000000
92324  -6.850  34.897  47.926 0.0000000000
92325  -6.973  33.878  47.897 0.0000000000
92326  -7.060  32.840  47.860 0.0000000000
92327  -7.093  31.978  47.728 0.0000000000
92328  -6.936  32.317  48.416 0.0000000000
92329  -6.918  31.826  48.938 0.0000000000
92330  -6.954  31.348  49.419 0.0000000000
93024  -10.778  12.515  48.455 0.0000000000
93025  -10.693  12.340  47.789 0.0000000000
93026  -10.476  11.878  48.316 0.0000000000
93027  -10.112  11.319  48.160 0.0000000000
93028  -9.723  10.817  48.012 0.0000000000
93029  -9.345  10.368  47.866 0.0000000000
93030  -9.409  10.454  48.470 0.0000000000
93031  -9.124  10.123  48.906 0.0000000000
93032  -8.942  9.724  49.426 0.0000000000
94089  -8.137  42.444  35.672 0.0000000000
94090  -7.994  41.547  35.870 0.0000000000
94091  -9.115  30.851  39.734 0.0000000000
94092  -9.298  31.548  39.109 0.0000000000
94093  -9.141  30.563  39.130 0.0000000000
94094  -9.125  30.330  38.509 0.0000000000
94095  -9.017  30.100  37.911 0.0000000000
94097  -8.708  29.426  37.939 0.0000000000
94101  -7.646  27.648  38.454 0.0000000000
94102  -7.307  27.185  39.001 0.0000000000
94103  -7.092  26.615  39.580 0.0000000000
94104  -7.574  22.937  48.087 0.0000000000
94105  -7.535  22.581  47.472 0.0000000000
94106  -7.700  22.209  48.054 0.0000000000
94107  -7.792  21.490  48.035 0.0000000000
94108  -7.898  20.773  48.032 0.0000000000
94109  -8.065  20.077  48.006 0.0000000000
94110  -7.995  20.442  48.628 0.0000000000
94111  -8.101  20.071  49.244 0.0000000000
94112  -8.161  19.721  49.884 0.0000000000
96058  -7.353  25.409  57.268 0.0000000000
96061  -7.158  23.592  58.090 0.0000000000
96066  -7.064  14.325  58.725 0.0000000000
96067  -7.396  14.160  58.003 0.0000000000
96068  -7.218  13.562  58.521 0.0000000000
96069  -7.256  12.812  58.510 0.0000000000
96070  -7.353  12.124  58.395 0.0000000000
96076  -7.388  0.519  59.062 0.0000000000
96077  -7.600  1.186  59.655 0.0000000000
96078  -7.912  1.249  59.099 0.0000000000
96079  -8.387  2.014  59.033 0.0000000000
96080  -8.751  2.811  58.829 0.0000000000
96081  -8.956  3.737  58.528 0.0000000000
96082  -8.946  2.865  58.091 0.0000000000
96083  -9.143  2.882  57.299 0.0000000000
96084  -9.300  2.930  56.528 0.0000000000
96085  -9.409  3.012  55.798 0.0000000000
96086  -9.148  2.195  56.112 0.0000000000
96087  -8.997  1.473  55.707 0.0000000000
96088  -8.877  0.788  55.333 0.0000000000
98406  -6.475  40.430  41.888 0.0000000000
98407  -6.664  40.069  41.103 0.0000000000
98408  -6.785  39.611  42.031 0.0000000000
98409  -7.102  38.816  42.196 0.0000000000
98410  -7.409  38.022  42.312 0.0000000000
98411  -7.878  34.170  44.825 0.0000000000
98412  -8.022  34.870  44.119 0.0000000000
98413  -8.151  33.761  44.184 0.0000000000
98414  -8.466  33.357  43.554 0.0000000000
98415  -8.733  32.887  42.921 0.0000000000
98416  -8.935  32.392  42.282 0.0000000000
98417  -8.809  31.659  42.985 0.0000000000
98418  -8.715  30.546  42.978 0.0000000000
98419  -8.366  29.510  42.926 0.0000000000
98420  -7.947  28.732  42.809 0.0000000000
98421  -8.041  29.093  43.511 0.0000000000
98422  -7.749  28.723  44.093 0.0000000000
98423  -7.522  28.319  44.641 0.0000000000
98424  -7.416  28.668  47.563 0.0000000000
98425  -7.411  28.274  46.994 0.0000000000
98426  -7.402  27.900  47.624 0.0000000000
98427  -7.402  27.115  47.594 0.0000000000
98428  -7.361  26.355  47.713 0.0000000000
98429  -7.386  25.692  47.794 0.0000000000
98430  -7.460  25.942  48.318 0.0000000000
98431  -7.569  25.565  48.981 0.0000000000
98432  -7.610  25.216  49.676 0.0000000000
100512  -10.723  15.628  43.979 0.0000000000
103703  -9.112  41.584  32.273 0.0000000000
103705  -8.938  41.129  31.663 0.0000000000
103712  -7.426  38.619  38.544 0.0000000000
103713  -7.362  39.007  37.740 0.0000000000
103714  -7.594  38.226  37.974 0.0000000000
103715  -7.786  37.849  37.424 0.0000000000
103716  -7.986  37.419  36.887 0.0000000000
103717  -9.125  34.040  36.401 0.0000000000
103718  -8.872  34.921  36.264 0.0000000000
103719  -8.913  34.538  35.733 0.0000000000
103720  -8.673  35.027  35.054 0.0000000000
103749  -9.814  21.925  39.898 0.0000000000
103750  -9.724  21.439  40.447 0.0000000000
103751  -9.613  20.992  40.961 0.0000000000
103752  -6.667  26.112  42.683 0.0000000000
103753  -6.624  25.878  42.115 0.0000000000
103754  -6.582  25.443  42.795 0.0000000000
103755  -6.655  24.743  42.916 0.0000000000
103756  -6.875  24.037  43.023 0.0000000000
103757  -7.724  21.250  45.209 0.0000000000
103758  -7.638  21.725  44.541 0.0000000000
103759  -7.924  21.028  44.553 0.0000000000
103760  -8.212  20.787  44.008 0.0000000000
103761  -8.573  20.559  43.496 0.0000000000
103762  -8.863  20.376  42.962 0.0000000000
103763  -8.718  19.920  43.549 0.0000000000
103764  -8.888  19.187  43.566 0.0000000000
103765  -9.158  18.518  43.578 0.0000000000
103766  -9.485  17.887  43.640 0.0000000000
103767  -9.243  18.099  44.161 0.0000000000
103768  -9.386  17.742  44.810 0.0000000000
103769  -9.574  17.442  45.431 0.0000000000
103770  -9.200  17.605  48.300 0.0000000000
103771  -9.409  17.339  47.777 0.0000000000
103772  -9.627  16.994  48.427 0.0000000000
103773  -10.037  16.402  48.478 0.0000000000
103774  -10.400  15.782  48.583 0.0000000000
103775  -10.691  15.142  48.644 0.0000000000
103776  -10.467  15.394  49.214 0.0000000000
103777  -10.475  14.951  49.816 0.0000000000
103778  -10.429  14.466  50.437 0.0000000000
109610  -6.856  30.664  52.962 0.0000000000
109611  -6.835  30.379  52.349 0.0000000000
109612  -6.911  30.261  51.685 0.0000000000
109613  -6.878  29.620  52.333 0.0000000000
109614  -6.924  28.884  52.405 0.0000000000
109615  -6.994  28.127  52.552 0.0000000000
109616  -6.829  24.967  55.148 0.0000000000
109617  -6.845  25.467  54.410 0.0000000000
109618  -6.913  24.809  54.439 0.0000000000
109619  -7.024  24.625  53.677 0.0000000000
109620  -7.178  24.490  53.024 0.0000000000
109621  -7.330  24.382  52.361 0.0000000000
109622  -7.220  23.902  53.061 0.0000000000
109623  -7.226  23.231  53.130 0.0000000000
109624  -7.288  22.556  53.188 0.0000000000
109630  -7.109  17.718  57.318 0.0000000000
109631  -6.964  18.477  57.336 0.0000000000
109632  -7.197  18.358  56.605 0.0000000000
109633  -7.252  18.977  55.879 0.0000000000
109634  -7.247  19.621  55.153 0.0000000000
109635  -7.303  20.198  54.468 0.0000000000
109636  -7.499  19.426  54.490 0.0000000000
109637  -7.736  19.228  53.818 0.0000000000
109638  -7.964  19.043  53.090 0.0000000000
109639  -8.151  18.892  52.377 0.0000000000
109640  -8.337  18.312  53.139 0.0000000000
109641  -8.589  17.645  53.242 0.0000000000
109642  -8.763  16.955  53.301 0.0000000000
109643  -8.708  13.730  55.341 0.0000000000
109644  -8.909  14.320  54.729 0.0000000000
109645  -8.989  13.605  54.708 0.0000000000
109646  -9.244  13.493  54.076 0.0000000000
109647  -9.475  13.420  53.428 0.0000000000
109648  -9.726  13.349  52.801 0.0000000000
109649  -9.505  12.759  53.366 0.0000000000
109650  -9.403  12.095  53.260 0.0000000000
109651  -9.177  11.479  53.141 0.0000000000
109666  -6.012  -0.099  62.944 0.0000000000
109667  -6.204  0.653  63.577 0.0000000000
109668  -6.124  0.689  63.094 0.0000000000
109669  -6.369  1.615  63.213 0.0000000000
109670  -6.605  2.612  63.230 0.0000000000
109671  -7.730  4.634  61.452 0.0000000000
109672  -7.378  4.584  61.998 0.0000000000
109673  -7.486  5.511  61.607 0.0000000000
109674  -7.232  6.327  61.740 0.0000000000
109675  -6.992  7.141  61.820 0.0000000000
109676  -6.791  7.855  61.994 0.0000000000
109677  -6.988  7.836  61.332 0.0000000000
109678  -7.044  8.460  60.701 0.0000000000
109679  -7.079  9.037  60.045 0.0000000000
109680  -7.132  9.645  59.374 0.0000000000
109681  -7.253  8.994  59.230 0.0000000000
109682  -7.395  8.924  58.472 0.0000000000
109683  -7.537  8.827  57.774 0.0000000000
109684  -8.856  6.731  56.239 0.0000000000
109685  -8.518  7.355  56.304 0.0000000000
109686  -8.618  7.263  55.611 0.0000000000
109687  -8.379  7.780  54.959 0.0000000000
109688  -8.167  8.332  54.398 0.0000000000
109689  -8.100  8.952  53.760 0.0000000000
109690  -8.261  8.280  53.712 0.0000000000
109691  -8.341  8.245  53.006 0.0000000000
109692  -8.415  8.298  52.318 0.0000000000
109693  -8.465  8.375  51.688 0.0000000000
109694  -8.565  7.748  52.245 0.0000000000
109695  -8.759  7.192  52.192 0.0000000000
109696  -8.825  6.693  52.170 0.0000000000
109697  -9.185  3.531  53.286 0.0000000000
109698  -9.183  4.226  52.910 0.0000000000
115578  -6.830  38.340  45.206 0.0000000000
115579  -7.017  38.038  44.492 0.0000000000
115580  -7.075  37.411  45.235 0.0000000000
115581  -7.323  36.459  45.302 0.0000000000
115582  -7.530  35.523  45.386 0.0000000000
115583  -7.135  35.197  46.683 0.0000000000
115584  -7.365  34.840  46.068 0.0000000000
115585  -7.641  34.526  45.457 0.0000000000
115586  -7.740  33.430  45.460 0.0000000000
115587  -7.823  32.339  45.462 0.0000000000
115588  -7.857  31.225  45.418 0.0000000000
115589  -7.826  30.323  45.437 0.0000000000
115590  -7.664  30.795  45.970 0.0000000000
115591  -7.538  30.336  46.484 0.0000000000
115592  -7.445  29.900  47.008 0.0000000000
115593  -7.199  31.108  47.679 0.0000000000
115594  -7.318  30.261  47.593 0.0000000000
115595  -7.394  29.449  47.541 0.0000000000
115596  -7.437  29.010  48.056 0.0000000000
115597  -7.465  28.555  48.652 0.0000000000
115598  -7.525  28.086  49.302 0.0000000000
117216  -11.061  14.252  46.189 0.0000000000
117217  -11.011  14.029  45.625 0.0000000000
117218  -11.018  13.609  46.205 0.0000000000
117219  -10.881  13.033  46.128 0.0000000000
117220  -10.669  12.474  46.027 0.0000000000
117221  -10.605  12.238  47.142 0.0000000000
117222  -10.497  12.059  46.521 0.0000000000
117231  -9.045  9.952  47.715 0.0000000000
119700  -9.039  42.699  33.545 0.0000000000
119701  -9.168  42.118  32.876 0.0000000000
119702  -8.978  41.213  33.081 0.0000000000
119703  -8.746  40.424  33.325 0.0000000000
119704  -8.486  39.633  33.590 0.0000000000
119705  -8.633  35.206  39.274 0.0000000000
119706  -8.468  35.689  38.558 0.0000000000
119707  -8.808  34.781  38.700 0.0000000000
119708  -9.005  34.395  38.184 0.0000000000
119709  -9.181  33.964  37.674 0.0000000000
119710  -9.346  32.298  38.433 0.0000000000
119711  -9.325  32.964  37.752 0.0000000000
119712  -9.251  33.500  37.085 0.0000000000
119713  -9.295  33.041  36.522 0.0000000000
119733  -8.566  24.583  39.048 0.0000000000
119734  -8.534  24.138  39.653 0.0000000000
119735  -8.471  23.711  40.297 0.0000000000
119736  -6.906  24.489  45.487 0.0000000000
119737  -6.836  24.180  44.890 0.0000000000
119738  -6.982  23.770  45.609 0.0000000000
119739  -7.143  23.052  45.734 0.0000000000
119740  -7.323  22.324  45.715 0.0000000000
119741  -7.521  22.216  46.890 0.0000000000
119742  -7.504  21.887  46.303 0.0000000000
119743  -7.568  21.602  45.746 0.0000000000
119744  -7.799  20.880  45.746 0.0000000000
119745  -7.999  20.173  45.691 0.0000000000
119746  -8.228  19.527  45.754 0.0000000000
119747  -8.501  18.867  45.828 0.0000000000
119748  -8.337  19.175  46.358 0.0000000000
119749  -8.442  18.793  46.955 0.0000000000
119750  -8.623  18.476  47.595 0.0000000000
119751  -8.242  19.354  48.088 0.0000000000
119752  -8.523  18.753  48.156 0.0000000000
119753  -8.831  18.187  48.201 0.0000000000
119754  -9.021  17.874  48.791 0.0000000000
119755  -9.163  17.531  49.464 0.0000000000
119756  -9.257  17.145  50.138 0.0000000000
124293  -6.873  27.971  55.049 0.0000000000
124294  -6.762  27.852  54.533 0.0000000000
124295  -6.796  27.189  55.282 0.0000000000
124296  -6.752  26.471  55.481 0.0000000000
124297  -6.767  25.777  55.584 0.0000000000
124298  -7.050  25.348  56.824 0.0000000000
124299  -6.853  25.251  56.308 0.0000000000
124300  -6.785  25.122  55.775 0.0000000000
124301  -6.775  24.527  55.835 0.0000000000
124302  -6.767  23.876  55.902 0.0000000000
124303  -6.740  23.212  55.960 0.0000000000
124312  -7.299  17.005  57.395 0.0000000000
124313  -7.647  16.850  56.701 0.0000000000
124314  -7.954  16.688  56.033 0.0000000000
124315  -8.271  16.572  55.357 0.0000000000
124316  -8.119  15.981  56.068 0.0000000000
124317  -8.259  15.240  56.058 0.0000000000
124318  -8.378  14.529  56.042 0.0000000000
124319  -7.754  14.018  57.330 0.0000000000
124320  -8.090  13.902  56.676 0.0000000000
124321  -8.408  13.813  56.032 0.0000000000
124322  -8.432  13.088  55.895 0.0000000000
124323  -8.386  12.332  55.816 0.0000000000
124324  -8.288  11.619  55.713 0.0000000000
124335  -6.571  6.019  64.900 0.0000000000
124336  -6.268  0.258  61.081 0.0000000000
124337  -6.456  0.973  61.695 0.0000000000
124338  -6.691  1.038  61.230 0.0000000000
124339  -7.177  1.905  61.340 0.0000000000
124340  -7.585  2.787  61.345 0.0000000000
124341  -7.786  1.912  60.272 0.0000000000
124342  -7.922  2.777  60.815 0.0000000000
124343  -7.902  3.706  61.202 0.0000000000
124344  -8.066  4.677  60.859 0.0000000000
124345  -8.129  5.589  60.410 0.0000000000
124346  -8.119  6.342  59.756 0.0000000000
124347  -8.100  7.016  59.101 0.0000000000
124348  -8.391  6.309  59.066 0.0000000000
124349  -8.631  6.257  58.346 0.0000000000
124350  -8.821  6.203  57.627 0.0000000000
124351  -9.071  4.637  57.998 0.0000000000
124352  -9.064  5.439  57.478 0.0000000000
124353  -9.013  6.115  56.879 0.0000000000
124354  -9.203  6.017  56.125 0.0000000000
124355  -9.322  5.978  55.423 0.0000000000
124356  -9.338  5.960  54.660 0.0000000000
124357  -9.277  5.959  53.968 0.0000000000
124358  -9.491  5.304  54.465 0.0000000000
124359  -9.532  4.665  54.326 0.0000000000
124360  -9.410  4.032  54.096 0.0000000000
124361  -9.429  3.135  55.097 0.0000000000
124362  -9.378  3.252  54.459 0.0000000000
124363  -9.302  3.375  53.860 0.0000000000
124364  -9.152  2.724  53.644 0.0000000000
129666  -6.783  42.330  38.406 0.0000000000
129667  -7.077  41.916  37.746 0.0000000000
129668  -6.795  41.472  38.481 0.0000000000
129669  -6.811  40.638  38.685 0.0000000000
129670  -7.000  39.821  38.939 0.0000000000
129671  -6.884  39.754  40.441 0.0000000000
129672  -7.074  39.407  39.810 0.0000000000
129673  -7.287  39.043  39.138 0.0000000000
129674  -7.623  38.269  39.325 0.0000000000
129675  -7.956  37.449  39.521 0.0000000000
129676  -8.217  36.587  39.694 0.0000000000
129677  -7.211  37.706  43.855 0.0000000000
129678  -7.472  37.470  43.099 0.0000000000
129679  -7.740  37.166  42.434 0.0000000000
129680  -8.089  35.568  43.380 0.0000000000
129681  -8.082  36.234  42.596 0.0000000000
129682  -8.009  36.888  41.789 0.0000000000
129683  -8.239  36.477  41.116 0.0000000000
129684  -8.405  36.080  40.486 0.0000000000
129685  -8.470  35.696  39.868 0.0000000000
129686  -8.817  34.683  40.034 0.0000000000
129687  -9.080  33.497  40.187 0.0000000000
129688  -9.164  32.221  40.260 0.0000000000
129689  -9.065  31.867  41.663 0.0000000000
129690  -9.085  31.455  40.990 0.0000000000
129691  -9.120  31.073  40.362 0.0000000000
129692  -8.856  30.111  40.359 0.0000000000
129693  -8.478  29.333  40.344 0.0000000000
129694  -7.988  28.648  40.348 0.0000000000
129695  -7.609  28.104  40.269 0.0000000000
129696  -7.640  28.178  40.877 0.0000000000
129697  -7.344  27.656  41.424 0.0000000000
129698  -7.082  27.198  41.993 0.0000000000
129699  -7.551  28.028  42.738 0.0000000000
129700  -7.195  27.386  42.670 0.0000000000
129701  -6.883  26.764  42.608 0.0000000000
129702  -6.764  26.341  43.291 0.0000000000
129703  -6.689  25.954  44.015 0.0000000000
129704  -6.724  25.560  44.746 0.0000000000
129705  -7.757  29.492  45.337 0.0000000000
129706  -7.572  28.705  45.247 0.0000000000
129707  -7.349  27.949  45.209 0.0000000000
129708  -7.359  27.924  46.386 0.0000000000
129709  -7.260  27.599  45.804 0.0000000000
129710  -7.145  27.223  45.220 0.0000000000
129711  -6.944  26.545  45.231 0.0000000000
129712  -6.838  25.865  45.364 0.0000000000
129713  -6.848  25.180  45.420 0.0000000000
129714  -7.006  24.809  46.031 0.0000000000
129715  -7.178  24.423  46.730 0.0000000000
129716  -7.353  24.017  47.436 0.0000000000
129717  -7.392  25.038  47.883 0.0000000000
129718  -7.399  24.351  47.990 0.0000000000
129719  -7.485  23.657  48.075 0.0000000000
129720  -7.613  23.288  48.674 0.0000000000
129721  -7.733  22.918  49.266 0.0000000000
129722  -7.787  22.549  49.933 0.0000000000
133860  -6.094  -0.885  63.310 0.0000000000
133863  -5.970  -0.880  62.818 0.0000000000
133864  -5.873  -0.828  62.339 0.0000000000
133865  -5.793  -0.802  61.890 0.0000000000
133866  -5.796  -0.708  61.434 0.0000000000
133875  -5.881  -0.587  60.948 0.0000000000
134123  -11.059  13.816  45.078 0.0000000000
140759  -7.344  41.516  37.167 0.0000000000
140760  -7.612  41.095  36.609 0.0000000000
140761  -7.881  40.670  36.018 0.0000000000
140762  -7.450  39.430  36.936 0.0000000000
140763  -7.757  39.889  36.199 0.0000000000
140764  -8.077  40.219  35.483 0.0000000000
140765  -8.187  39.792  34.930 0.0000000000
140766  -8.283  39.358  34.370 0.0000000000
140767  -8.261  38.871  33.825 0.0000000000
140768  -8.325  36.137  37.826 0.0000000000
140769  -8.280  36.563  37.093 0.0000000000
140770  -8.205  36.987  36.393 0.0000000000
140771  -8.573  35.739  36.110 0.0000000000
140772  -8.350  36.582  35.908 0.0000000000
140773  -8.177  37.393  35.635 0.0000000000
140774  -8.165  37.775  34.822 0.0000000000
140775  -8.156  38.129  34.068 0.0000000000
140776  -8.167  38.468  33.288 0.0000000000
140841  -7.268  27.520  40.174 0.0000000000
140842  -6.950  26.815  40.169 0.0000000000
140843  -6.905  25.988  40.242 0.0000000000
140844  -6.623  25.641  41.566 0.0000000000
140845  -6.789  25.390  40.956 0.0000000000
140846  -7.132  25.194  40.349 0.0000000000
140847  -7.513  24.506  40.533 0.0000000000
140848  -7.984  23.907  40.749 0.0000000000
140849  -8.452  23.249  40.964 0.0000000000
140850  -6.842  23.904  44.301 0.0000000000
140851  -6.959  23.648  43.758 0.0000000000
140852  -7.211  23.336  43.121 0.0000000000
140853  -7.561  22.207  43.895 0.0000000000
140854  -7.592  22.626  43.249 0.0000000000
140855  -7.567  23.097  42.585 0.0000000000
140856  -7.996  22.911  42.084 0.0000000000
140857  -8.440  22.764  41.600 0.0000000000
140858  -8.869  22.585  41.117 0.0000000000
140859  -9.173  21.893  41.271 0.0000000000
140860  -9.384  21.196  41.393 0.0000000000
140861  -9.515  20.507  41.461 0.0000000000
140862  -9.143  20.162  42.471 0.0000000000
140863  -9.376  19.955  41.999 0.0000000000
140864  -9.571  19.795  41.534 0.0000000000
140865  -9.759  19.066  41.607 0.0000000000
140866  -9.972  18.358  41.687 0.0000000000
140867  -10.181  17.705  41.765 0.0000000000
140868  -10.185  17.248  42.302 0.0000000000
140869  -10.241  16.855  42.821 0.0000000000
140870  -10.350  16.510  43.368 0.0000000000
140871  -9.844  17.275  43.759 0.0000000000
140872  -10.185  16.714  43.824 0.0000000000
140873  -10.466  16.164  43.916 0.0000000000
140874  -10.614  15.828  44.430 0.0000000000
140875  -10.705  15.496  44.999 0.0000000000
140876  -10.832  15.183  45.584 0.0000000000
140877  -8.866  18.229  45.900 0.0000000000
140878  -9.300  17.668  45.984 0.0000000000
140879  -9.761  17.164  46.070 0.0000000000
140880  -9.662  17.108  47.228 0.0000000000
140881  -9.937  16.860  46.677 0.0000000000
140882  -10.170  16.624  46.133 0.0000000000
140883  -10.469  16.065  46.140 0.0000000000
140884  -10.728  15.478  46.174 0.0000000000
140885  -10.936  14.859  46.196 0.0000000000
140886  -11.029  14.502  46.789 0.0000000000
140887  -11.085  14.089  47.397 0.0000000000
140888  -11.069  13.625  47.996 0.0000000000
140889  -10.892  14.490  48.676 0.0000000000
140890  -11.001  13.832  48.679 0.0000000000
140891  -10.978  13.157  48.568 0.0000000000
140892  -10.793  12.704  49.138 0.0000000000
140893  -10.576  12.222  49.710 0.0000000000
140894  -10.303  11.762  50.222 0.0000000000
145805  -6.260  41.143  41.773 0.0000000000
145806  -6.363  40.665  42.704 0.0000000000
145807  -6.472  40.162  43.615 0.0000000000
145808  -6.563  39.672  44.412 0.0000000000
145816  -6.489  39.889  45.152 0.0000000000
145817  -6.645  39.100  45.190 0.0000000000
145818  -6.751  38.468  45.969 0.0000000000
145819  -6.760  37.893  46.630 0.0000000000
145820  -6.777  37.279  47.297 0.0000000000
145821  -6.744  38.111  48.003 0.0000000000
145822  -6.753  37.355  48.010 0.0000000000
145823  -6.736  36.654  47.974 0.0000000000
145824  -6.671  36.001  48.606 0.0000000000
145825  -6.636  35.296  49.234 0.0000000000
145826  -6.635  34.640  49.862 0.0000000000
152414  -6.725  34.922  50.488 0.0000000000
152415  -6.658  34.136  50.412 0.0000000000
152656  -6.954  33.637  51.506 0.0000000000
152657  -6.742  33.421  50.955 0.0000000000
152658  -6.667  33.166  50.323 0.0000000000
152659  -6.752  32.349  50.194 0.0000000000
152660  -6.890  31.530  50.022 0.0000000000
152661  -7.043  30.673  49.921 0.0000000000
152662  -6.981  30.124  50.989 0.0000000000
152663  -7.112  29.988  50.433 0.0000000000
152664  -7.221  29.860  49.838 0.0000000000
152665  -7.370  29.033  49.847 0.0000000000
152666  -7.481  28.190  49.934 0.0000000000
152667  -7.563  27.392  50.023 0.0000000000
152668  -6.760  27.714  53.969 0.0000000000
152669  -6.880  27.537  53.343 0.0000000000
152670  -7.030  27.363  52.669 0.0000000000
152671  -6.869  26.013  53.613 0.0000000000
152672  -7.054  26.590  52.795 0.0000000000
152673  -7.214  27.163  52.002 0.0000000000
152674  -7.372  26.996  51.349 0.0000000000
152675  -7.509  26.823  50.725 0.0000000000
152676  -7.600  26.669  50.096 0.0000000000
152677  -7.606  26.022  50.185 0.0000000000
152678  -7.605  25.342  50.273 0.0000000000
152679  -7.588  24.668  50.348 0.0000000000
152680  -7.456  24.267  51.681 0.0000000000
152681  -7.546  24.149  51.046 0.0000000000
152682  -7.589  24.000  50.405 0.0000000000
152683  -7.651  23.344  50.484 0.0000000000
152684  -7.756  22.715  50.567 0.0000000000
152685  -7.814  22.030  50.584 0.0000000000
152688  -7.021  22.962  58.213 0.0000000000
152690  -6.878  22.362  58.305 0.0000000000
152691  -6.815  22.943  57.762 0.0000000000
152692  -6.700  22.843  57.195 0.0000000000
152693  -6.677  22.710  56.611 0.0000000000
152694  -6.709  22.572  55.958 0.0000000000
152697  -6.618  20.221  57.904 0.0000000000
152698  -6.827  19.244  57.278 0.0000000000
152699  -6.722  20.064  57.297 0.0000000000
152700  -6.652  20.820  57.275 0.0000000000
152701  -6.664  21.394  56.602 0.0000000000
152702  -6.717  21.945  55.938 0.0000000000
152703  -6.809  22.418  55.245 0.0000000000
152704  -6.971  22.217  54.563 0.0000000000
152705  -7.171  22.044  53.894 0.0000000000
152706  -7.365  21.920  53.205 0.0000000000
152707  -7.351  20.762  53.833 0.0000000000
152708  -7.434  21.277  53.216 0.0000000000
152709  -7.527  21.786  52.527 0.0000000000
152710  -7.694  21.638  51.879 0.0000000000
152711  -7.858  21.484  51.258 0.0000000000
152712  -7.943  21.310  50.580 0.0000000000
152713  -8.044  20.604  50.556 0.0000000000
152714  -8.105  19.923  50.525 0.0000000000
152715  -8.243  19.211  50.484 0.0000000000
152716  -8.326  18.779  51.765 0.0000000000
152717  -8.458  18.664  51.164 0.0000000000
152718  -8.590  18.563  50.538 0.0000000000
152719  -8.896  17.895  50.631 0.0000000000
152720  -9.111  17.256  50.712 0.0000000000
152721  -9.346  16.606  50.787 0.0000000000
152722  -8.556  16.464  54.684 0.0000000000
152723  -8.745  16.357  53.999 0.0000000000
152724  -8.905  16.252  53.328 0.0000000000
152725  -9.023  14.924  54.045 0.0000000000
152726  -9.056  15.551  53.379 0.0000000000
152727  -9.068  16.158  52.677 0.0000000000
152728  -9.231  16.078  52.089 0.0000000000
152729  -9.420  15.999  51.458 0.0000000000
152730  -9.636  15.926  50.866 0.0000000000
152731  -9.912  15.226  50.966 0.0000000000
152732  -10.165  14.544  51.033 0.0000000000
152733  -10.361  13.852  51.067 0.0000000000
152734  -9.976  13.295  52.198 0.0000000000
152735  -10.200  13.246  51.627 0.0000000000
152736  -10.431  13.142  51.064 0.0000000000
152737  -10.362  12.449  51.003 0.0000000000
152738  -10.191  11.779  50.877 0.0000000000
152739  -9.925  11.214  50.667 0.0000000000
152768  -6.661  1.402  65.056 0.0000000000
152769  -6.654  2.276  65.132 0.0000000000
152770  -6.391  1.470  64.167 0.0000000000
152771  -6.529  2.367  64.674 0.0000000000
152772  -6.606  3.258  65.099 0.0000000000
152773  -6.600  4.223  64.905 0.0000000000
152774  -6.580  5.187  64.699 0.0000000000
152775  -6.568  6.049  64.428 0.0000000000
152776  -6.638  1.793  62.270 0.0000000000
152777  -6.788  2.712  62.738 0.0000000000
152778  -6.750  3.649  63.169 0.0000000000
152779  -7.093  4.563  62.494 0.0000000000
152780  -6.846  4.549  63.008 0.0000000000
152781  -6.665  4.508  63.494 0.0000000000
152782  -6.620  5.310  63.741 0.0000000000
152783  -6.578  6.095  63.946 0.0000000000
152784  -6.569  6.946  64.156 0.0000000000
152785  -6.511  7.821  63.793 0.0000000000
152786  -6.514  8.549  63.367 0.0000000000
152788  -6.658  8.508  62.125 0.0000000000
152789  -6.571  9.271  62.196 0.0000000000
152794  -7.071  11.754  59.697 0.0000000000
152795  -7.222  11.570  58.946 0.0000000000
152796  -7.423  11.395  58.236 0.0000000000
152797  -7.200  10.220  58.757 0.0000000000
152798  -7.396  10.725  58.099 0.0000000000
152799  -7.609  11.241  57.555 0.0000000000
152800  -7.767  11.114  56.890 0.0000000000
152801  -7.966  11.023  56.218 0.0000000000
152802  -8.142  10.951  55.544 0.0000000000
152803  -8.001  7.633  58.410 0.0000000000
152804  -7.844  8.196  57.738 0.0000000000
152805  -7.709  8.680  57.095 0.0000000000
152806  -8.140  7.990  56.366 0.0000000000
152807  -7.829  8.620  56.417 0.0000000000
152808  -7.645  9.249  56.471 0.0000000000
152809  -7.711  9.786  55.913 0.0000000000
152810  -7.940  10.307  55.360 0.0000000000
152811  -8.302  10.904  54.878 0.0000000000
152812  -8.496  10.891  54.228 0.0000000000
152813  -8.707  10.867  53.603 0.0000000000
152814  -8.898  10.836  52.969 0.0000000000
152815  -8.252  9.612  53.188 0.0000000000
152816  -8.635  10.247  52.687 0.0000000000
152817  -9.090  10.822  52.286 0.0000000000
152818  -9.304  10.745  51.642 0.0000000000
152819  -9.463  10.710  51.027 0.0000000000
152820  -9.578  10.699  50.425 0.0000000000
152821  -9.241  10.215  50.195 0.0000000000
152822  -8.927  9.698  50.018 0.0000000000
152823  -8.660  9.128  49.913 0.0000000000
152824  -8.499  8.426  51.084 0.0000000000
152825  -8.491  8.487  50.456 0.0000000000
152826  -8.435  8.533  49.868 0.0000000000
152827  -8.416  7.939  49.848 0.0000000000
152830  -9.156  5.959  53.342 0.0000000000
152831  -9.034  6.047  52.684 0.0000000000
152832  -8.928  6.155  52.053 0.0000000000
152833  -9.067  4.936  52.405 0.0000000000
152834  -8.992  5.597  51.935 0.0000000000
152835  -8.832  6.262  51.436 0.0000000000
