#!ascii label  , from subject fsaverage vox2ras=TkReg
513
119  -4.366  48.016  -21.024 0.0000000000
518  -13.488  47.805  -20.065 0.0000000000
519  -10.284  38.670  -20.379 0.0000000000
1138  -8.875  50.033  -21.339 0.0000000000
1139  -11.748  43.575  -21.186 0.0000000000
1140  -6.343  43.771  -22.258 0.0000000000
2197  -15.834  41.481  -19.657 0.0000000000
3057  -6.512  53.105  -21.971 0.0000000000
3058  -5.702  49.453  -22.054 0.0000000000
3059  -7.566  46.756  -20.934 0.0000000000
3060  -4.839  46.296  -22.638 0.0000000000
3061  -4.526  43.502  -23.471 0.0000000000
4849  -11.719  51.148  -19.912 0.0000000000
4853  -15.295  46.170  -16.566 0.0000000000
4855  -14.600  44.695  -20.004 0.0000000000
4856  -11.164  41.231  -20.133 0.0000000000
4857  -13.067  40.425  -21.734 0.0000000000
4858  -12.788  38.350  -20.230 0.0000000000
4860  -12.041  35.946  -19.931 0.0000000000
4862  -9.811  35.827  -20.930 0.0000000000
6655  -9.503  52.644  -21.788 0.0000000000
6656  -11.146  49.103  -21.856 0.0000000000
6657  -12.159  45.848  -22.149 0.0000000000
6658  -10.463  46.760  -21.094 0.0000000000
6659  -9.391  43.948  -20.270 0.0000000000
6660  -8.435  41.118  -21.105 0.0000000000
6661  -7.821  38.457  -21.898 0.0000000000
6662  -5.776  40.944  -23.325 0.0000000000
9154  -13.542  42.643  -22.238 0.0000000000
9155  -14.805  39.442  -22.002 0.0000000000
10737  -4.937  50.649  -21.950 0.0000000000
10738  -4.624  48.808  -21.993 0.0000000000
10739  -5.182  47.796  -22.277 0.0000000000
10740  -4.403  47.248  -22.039 0.0000000000
10741  -4.277  45.905  -22.261 0.0000000000
10742  -4.288  46.702  -21.072 0.0000000000
12529  -12.666  49.475  -19.948 0.0000000000
12530  -12.799  50.450  -18.270 0.0000000000
12531  -13.655  48.728  -18.311 0.0000000000
12532  -14.614  47.881  -16.579 0.0000000000
12533  -14.416  47.005  -18.351 0.0000000000
12534  -15.108  45.437  -18.326 0.0000000000
12535  -14.021  46.208  -20.106 0.0000000000
12536  -10.721  39.946  -20.129 0.0000000000
12537  -12.009  39.792  -20.115 0.0000000000
12538  -11.603  38.651  -19.997 0.0000000000
12539  -12.454  37.205  -19.937 0.0000000000
12540  -11.156  37.314  -20.142 0.0000000000
12541  -10.949  35.947  -20.328 0.0000000000
12542  -10.011  37.248  -20.679 0.0000000000
14929  -7.709  51.623  -21.772 0.0000000000
14930  -8.056  53.098  -21.874 0.0000000000
14931  -9.272  51.459  -21.923 0.0000000000
14932  -10.469  50.829  -21.832 0.0000000000
14933  -10.209  49.572  -21.761 0.0000000000
14934  -10.791  47.936  -21.927 0.0000000000
14935  -9.766  48.359  -21.147 0.0000000000
14936  -6.836  45.224  -21.526 0.0000000000
14937  -8.466  45.349  -20.533 0.0000000000
14938  -7.881  43.881  -20.975 0.0000000000
14939  -8.908  42.517  -20.543 0.0000000000
14940  -7.359  42.400  -21.626 0.0000000000
14941  -7.048  41.061  -22.158 0.0000000000
14942  -6.044  42.354  -22.821 0.0000000000
14944  -4.363  41.951  -23.805 0.0000000000
20321  -16.237  42.321  -18.034 0.0000000000
20326  -11.853  44.671  -22.022 0.0000000000
20327  -12.854  44.249  -22.183 0.0000000000
20328  -12.500  43.162  -22.178 0.0000000000
20329  -13.604  38.823  -21.993 0.0000000000
20330  -13.782  39.887  -22.365 0.0000000000
20331  -14.330  38.325  -22.410 0.0000000000
20348  -6.509  38.219  -23.229 0.0000000000
20349  -7.533  36.884  -22.341 0.0000000000
23934  -5.244  52.563  -21.880 0.0000000000
23935  -6.130  51.384  -22.025 0.0000000000
23936  -7.240  49.951  -21.431 0.0000000000
23937  -8.246  48.464  -20.896 0.0000000000
23938  -6.644  48.196  -21.492 0.0000000000
23939  -5.955  46.576  -22.031 0.0000000000
23940  -5.465  45.177  -22.739 0.0000000000
23941  -5.299  43.710  -23.197 0.0000000000
23942  -4.664  44.993  -23.055 0.0000000000
23943  -4.123  44.489  -22.689 0.0000000000
27159  -10.913  52.917  -19.634 0.0000000000
27169  -16.025  44.630  -16.592 0.0000000000
27170  -15.721  43.900  -18.183 0.0000000000
27171  -15.261  43.049  -19.852 0.0000000000
27172  -11.547  42.520  -20.485 0.0000000000
27173  -12.434  42.024  -21.420 0.0000000000
27174  -12.351  40.905  -20.614 0.0000000000
27175  -13.047  39.400  -20.862 0.0000000000
27176  -13.636  37.894  -21.188 0.0000000000
27178  -13.512  36.896  -20.397 0.0000000000
27179  -13.247  35.841  -19.987 0.0000000000
27180  -12.912  34.672  -19.732 0.0000000000
27182  -11.824  34.705  -19.952 0.0000000000
27183  -10.755  34.519  -20.456 0.0000000000
30885  -6.874  54.676  -21.425 0.0000000000
30886  -8.353  54.366  -21.216 0.0000000000
30887  -9.743  53.756  -20.688 0.0000000000
30888  -10.735  51.850  -21.131 0.0000000000
30889  -11.535  50.230  -21.160 0.0000000000
30890  -12.261  48.502  -21.311 0.0000000000
30891  -12.739  46.881  -21.472 0.0000000000
30892  -11.651  47.439  -22.027 0.0000000000
30893  -11.311  46.264  -22.001 0.0000000000
30894  -11.087  45.147  -21.120 0.0000000000
30895  -9.178  46.894  -20.551 0.0000000000
30896  -10.001  45.389  -20.415 0.0000000000
30897  -10.761  43.986  -20.350 0.0000000000
30898  -10.262  42.601  -20.144 0.0000000000
30899  -9.841  41.276  -20.334 0.0000000000
30900  -9.391  39.903  -20.715 0.0000000000
30901  -9.077  38.582  -21.006 0.0000000000
30902  -8.103  39.804  -21.553 0.0000000000
30903  -6.774  39.641  -22.671 0.0000000000
30904  -5.614  39.526  -23.835 0.0000000000
30905  -5.119  42.271  -23.624 0.0000000000
30906  -4.854  40.735  -24.037 0.0000000000
37702  -13.348  45.268  -21.472 0.0000000000
37703  -14.045  43.713  -21.440 0.0000000000
37704  -14.723  42.098  -21.264 0.0000000000
37705  -13.180  41.489  -22.354 0.0000000000
37706  -14.217  41.014  -22.124 0.0000000000
37707  -15.261  40.538  -21.135 0.0000000000
37729  -8.804  37.087  -21.383 0.0000000000
37730  -8.572  35.529  -21.654 0.0000000000
41456  -4.349  48.811  -21.068 0.0000000000
41457  -4.468  49.321  -21.603 0.0000000000
41458  -4.413  48.412  -21.596 0.0000000000
41459  -4.507  47.997  -22.042 0.0000000000
41460  -4.322  47.642  -21.595 0.0000000000
41461  -4.289  46.987  -21.614 0.0000000000
41462  -4.330  47.353  -21.036 0.0000000000
43249  -13.132  48.628  -20.025 0.0000000000
43250  -13.208  49.089  -19.160 0.0000000000
43251  -13.616  48.277  -19.194 0.0000000000
43252  -14.041  47.876  -18.316 0.0000000000
43253  -14.008  47.430  -19.209 0.0000000000
43254  -14.298  46.626  -19.270 0.0000000000
43255  -13.762  47.027  -20.107 0.0000000000
43256  -10.494  39.309  -20.247 0.0000000000
43257  -11.148  39.302  -20.061 0.0000000000
43258  -10.917  38.691  -20.124 0.0000000000
43259  -11.397  37.985  -20.049 0.0000000000
43260  -10.732  37.993  -20.268 0.0000000000
43261  -10.610  37.299  -20.384 0.0000000000
43262  -10.157  37.963  -20.518 0.0000000000
45649  -8.336  50.856  -21.519 0.0000000000
45650  -8.536  51.599  -21.801 0.0000000000
45651  -9.118  50.779  -21.637 0.0000000000
45652  -9.763  50.531  -21.865 0.0000000000
45653  -9.604  49.843  -21.525 0.0000000000
45654  -10.028  48.964  -21.499 0.0000000000
45655  -9.389  49.194  -21.206 0.0000000000
45656  -6.560  44.522  -21.901 0.0000000000
45657  -7.335  44.552  -21.238 0.0000000000
45658  -7.094  43.852  -21.568 0.0000000000
45659  -7.628  43.213  -21.233 0.0000000000
45660  -6.855  43.072  -21.929 0.0000000000
45661  -6.694  42.320  -22.235 0.0000000000
45662  -6.212  43.039  -22.560 0.0000000000
51041  -16.044  41.911  -18.873 0.0000000000
51042  -16.475  41.529  -18.006 0.0000000000
51043  -16.300  41.139  -18.784 0.0000000000
51045  -16.083  40.703  -19.552 0.0000000000
51046  -11.798  44.129  -21.625 0.0000000000
51047  -12.152  43.934  -22.072 0.0000000000
51048  -12.095  43.389  -21.726 0.0000000000
51049  -13.818  38.056  -22.190 0.0000000000
51050  -13.911  38.535  -22.327 0.0000000000
51051  -14.172  37.802  -22.432 0.0000000000
51068  -5.948  38.123  -23.859 0.0000000000
51069  -6.407  37.411  -23.471 0.0000000000
55248  -4.860  52.185  -21.486 0.0000000000
55249  -5.292  50.080  -22.093 0.0000000000
55250  -5.450  51.058  -22.179 0.0000000000
55251  -5.922  50.400  -22.017 0.0000000000
55252  -6.667  50.674  -21.787 0.0000000000
55253  -6.394  49.690  -21.795 0.0000000000
55254  -6.933  49.053  -21.435 0.0000000000
55255  -6.160  48.850  -21.796 0.0000000000
55256  -5.019  47.019  -22.406 0.0000000000
55257  -5.609  47.224  -22.168 0.0000000000
55258  -5.321  46.448  -22.505 0.0000000000
55259  -5.696  45.836  -22.369 0.0000000000
55260  -5.141  45.748  -22.743 0.0000000000
55261  -5.034  45.118  -23.030 0.0000000000
55262  -4.745  45.650  -22.838 0.0000000000
55263  -4.178  45.623  -21.900 0.0000000000
55264  -4.210  45.195  -22.471 0.0000000000
55265  -4.104  44.952  -22.067 0.0000000000
60624  -11.319  51.993  -19.786 0.0000000000
60625  -11.527  52.579  -18.956 0.0000000000
60626  -11.866  51.685  -19.083 0.0000000000
60627  -13.461  50.118  -17.497 0.0000000000
60628  -13.079  50.995  -17.506 0.0000000000
60634  -14.940  47.032  -16.566 0.0000000000
60640  -15.692  45.414  -16.595 0.0000000000
60641  -14.907  45.074  -19.166 0.0000000000
60642  -15.410  44.666  -18.287 0.0000000000
60643  -15.206  44.287  -19.136 0.0000000000
60644  -15.507  43.488  -19.027 0.0000000000
60645  -14.946  43.860  -19.937 0.0000000000
60646  -11.363  41.858  -20.263 0.0000000000
60647  -11.936  41.678  -20.533 0.0000000000
60648  -11.808  41.082  -20.242 0.0000000000
60649  -12.404  39.085  -20.178 0.0000000000
60650  -12.599  39.615  -20.388 0.0000000000
60651  -12.939  38.886  -20.491 0.0000000000
60652  -13.355  38.665  -20.991 0.0000000000
60653  -13.272  38.156  -20.607 0.0000000000
60654  -13.600  37.430  -20.773 0.0000000000
60655  -13.184  37.605  -20.263 0.0000000000
60656  -12.230  36.577  -19.907 0.0000000000
60657  -12.864  36.497  -19.943 0.0000000000
60658  -12.673  35.926  -19.865 0.0000000000
60659  -13.090  35.279  -19.821 0.0000000000
60660  -12.501  35.306  -19.826 0.0000000000
60661  -12.392  34.706  -19.792 0.0000000000
60662  -11.946  35.320  -19.938 0.0000000000
60663  -10.386  35.907  -20.612 0.0000000000
60664  -10.851  35.249  -20.406 0.0000000000
60665  -10.297  35.170  -20.675 0.0000000000
60666  -10.200  34.430  -20.749 0.0000000000
60667  -9.730  35.118  -21.014 0.0000000000
67824  -6.004  53.836  -21.727 0.0000000000
67826  -6.691  53.952  -21.746 0.0000000000
67827  -8.815  52.928  -21.841 0.0000000000
67828  -8.191  53.760  -21.612 0.0000000000
67829  -8.942  53.494  -21.515 0.0000000000
67830  -9.088  54.058  -20.995 0.0000000000
67831  -9.608  53.173  -21.275 0.0000000000
67832  -10.228  52.785  -20.909 0.0000000000
67833  -10.135  52.239  -21.518 0.0000000000
67834  -10.849  49.942  -21.784 0.0000000000
67835  -11.050  50.484  -21.535 0.0000000000
67836  -11.357  49.671  -21.565 0.0000000000
67837  -11.890  49.378  -21.230 0.0000000000
67838  -11.657  48.827  -21.688 0.0000000000
67839  -11.897  48.028  -21.777 0.0000000000
67840  -11.423  48.241  -21.954 0.0000000000
67841  -10.601  47.362  -21.563 0.0000000000
67842  -11.008  47.111  -21.953 0.0000000000
67843  -10.885  46.503  -21.549 0.0000000000
67844  -11.186  45.701  -21.571 0.0000000000
67845  -10.756  45.922  -21.101 0.0000000000
67846  -7.877  47.610  -20.823 0.0000000000
67847  -8.734  47.696  -20.642 0.0000000000
67848  -8.395  46.845  -20.615 0.0000000000
67849  -8.934  44.670  -20.380 0.0000000000
67850  -9.259  45.383  -20.359 0.0000000000
67851  -9.705  44.654  -20.255 0.0000000000
67852  -10.376  44.657  -20.363 0.0000000000
67853  -10.118  43.958  -20.180 0.0000000000
67854  -10.512  43.302  -20.194 0.0000000000
67855  -9.833  43.259  -20.176 0.0000000000
67856  -8.686  41.813  -20.809 0.0000000000
67857  -9.378  41.897  -20.429 0.0000000000
67858  -9.171  41.193  -20.657 0.0000000000
67859  -9.610  40.592  -20.531 0.0000000000
67860  -8.928  40.517  -20.886 0.0000000000
67861  -8.771  39.854  -21.080 0.0000000000
67862  -8.267  40.466  -21.338 0.0000000000
67863  -6.366  40.986  -22.779 0.0000000000
67864  -6.899  40.376  -22.435 0.0000000000
67865  -6.277  40.294  -22.996 0.0000000000
67866  -6.175  39.592  -23.274 0.0000000000
67867  -5.695  40.244  -23.584 0.0000000000
67868  -4.894  43.633  -23.406 0.0000000000
67869  -5.209  43.000  -23.499 0.0000000000
67870  -4.813  42.888  -23.649 0.0000000000
67872  -4.601  41.331  -23.935 0.0000000000
84016  -12.416  46.378  -21.916 0.0000000000
84017  -13.000  46.066  -21.533 0.0000000000
84018  -12.727  45.579  -21.912 0.0000000000
84019  -13.226  43.417  -22.315 0.0000000000
84020  -13.438  43.979  -21.932 0.0000000000
84021  -13.778  43.159  -21.978 0.0000000000
84022  -14.398  42.903  -21.354 0.0000000000
84023  -14.112  42.358  -21.870 0.0000000000
84024  -12.774  41.212  -21.577 0.0000000000
84025  -12.777  41.740  -22.000 0.0000000000
84026  -13.080  40.974  -22.128 0.0000000000
84027  -14.272  39.691  -22.294 0.0000000000
84028  -13.988  40.474  -22.325 0.0000000000
84029  -14.552  40.213  -22.049 0.0000000000
84030  -14.779  40.796  -21.712 0.0000000000
84031  -15.050  40.020  -21.615 0.0000000000
84032  -15.544  39.778  -20.999 0.0000000000
84033  -15.298  39.286  -21.552 0.0000000000
84083  -8.444  38.514  -21.409 0.0000000000
84084  -8.944  37.856  -21.185 0.0000000000
84085  -8.305  37.776  -21.612 0.0000000000
84087  -8.035  36.160  -21.946 0.0000000000
93053  -4.716  51.167  -21.559 0.0000000000
93054  -4.587  50.226  -21.562 0.0000000000
93055  -4.794  49.739  -21.932 0.0000000000
93056  -5.064  49.192  -22.107 0.0000000000
93057  -5.456  48.615  -22.083 0.0000000000
93058  -4.876  48.336  -22.192 0.0000000000
93059  -4.720  47.537  -22.306 0.0000000000
93060  -4.582  46.791  -22.367 0.0000000000
93061  -4.496  46.136  -22.518 0.0000000000
93062  -4.308  46.617  -22.101 0.0000000000
93063  -4.248  46.321  -21.709 0.0000000000
96279  -12.190  50.308  -19.928 0.0000000000
96280  -12.214  50.796  -19.116 0.0000000000
96281  -12.739  49.940  -19.129 0.0000000000
96282  -13.253  49.559  -18.277 0.0000000000
96283  -13.770  49.178  -17.433 0.0000000000
96284  -14.365  48.770  -16.622 0.0000000000
96285  -14.117  48.320  -17.423 0.0000000000
96286  -14.453  47.434  -17.439 0.0000000000
96287  -14.799  46.568  -17.466 0.0000000000
96288  -15.217  45.795  -17.455 0.0000000000
96289  -14.768  46.212  -18.358 0.0000000000
96290  -14.603  45.850  -19.223 0.0000000000
96291  -14.313  45.444  -20.035 0.0000000000
96292  -10.944  40.546  -20.127 0.0000000000
96293  -11.603  40.479  -20.106 0.0000000000
96294  -11.358  39.903  -20.031 0.0000000000
96295  -11.798  39.229  -20.034 0.0000000000
96296  -12.234  38.531  -20.036 0.0000000000
96297  -12.633  37.807  -20.027 0.0000000000
96298  -12.040  37.915  -19.963 0.0000000000
96299  -11.811  37.270  -19.959 0.0000000000
96300  -11.565  36.596  -20.039 0.0000000000
96301  -11.489  35.956  -20.053 0.0000000000
96302  -11.024  36.615  -20.250 0.0000000000
96303  -10.479  36.600  -20.527 0.0000000000
96304  -9.877  36.519  -20.863 0.0000000000
100599  -7.075  52.372  -21.963 0.0000000000
100600  -7.272  53.164  -21.938 0.0000000000
100601  -7.882  52.431  -21.924 0.0000000000
100602  -8.723  52.310  -21.996 0.0000000000
100603  -9.406  52.125  -22.023 0.0000000000
100604  -10.033  51.736  -21.866 0.0000000000
100605  -9.892  51.194  -21.997 0.0000000000
100606  -10.325  50.236  -21.901 0.0000000000
100607  -10.708  49.301  -21.897 0.0000000000
100608  -10.983  48.491  -21.979 0.0000000000
100609  -10.535  48.738  -21.816 0.0000000000
100610  -10.343  48.171  -21.502 0.0000000000
100611  -10.102  47.577  -21.116 0.0000000000
100612  -7.182  45.954  -21.188 0.0000000000
100613  -8.024  46.062  -20.672 0.0000000000
100614  -7.646  45.294  -20.943 0.0000000000
100615  -8.186  44.571  -20.687 0.0000000000
100616  -8.640  43.904  -20.547 0.0000000000
100617  -9.112  43.224  -20.382 0.0000000000
100618  -8.376  43.206  -20.744 0.0000000000
100619  -8.145  42.487  -21.000 0.0000000000
100620  -7.904  41.771  -21.309 0.0000000000
100621  -7.749  41.099  -21.591 0.0000000000
100622  -7.211  41.704  -21.895 0.0000000000
100623  -6.532  41.676  -22.499 0.0000000000
100624  -5.929  41.673  -23.056 0.0000000000
100625  -4.207  43.301  -23.389 0.0000000000
100626  -4.474  42.751  -23.654 0.0000000000
100627  -4.221  42.515  -23.544 0.0000000000
110305  -16.440  42.702  -17.234 0.0000000000
110314  -11.974  45.253  -22.210 0.0000000000
110315  -12.493  45.061  -22.176 0.0000000000
110316  -12.315  44.483  -22.217 0.0000000000
110317  -12.635  43.690  -22.305 0.0000000000
110318  -12.999  42.923  -22.357 0.0000000000
110319  -13.314  39.605  -21.936 0.0000000000
110320  -13.377  40.132  -22.183 0.0000000000
110321  -13.657  39.267  -22.250 0.0000000000
110322  -14.029  39.147  -22.419 0.0000000000
110323  -14.525  38.911  -22.281 0.0000000000
110324  -15.041  38.720  -21.949 0.0000000000
110325  -14.846  38.157  -22.200 0.0000000000
110354  -7.158  38.313  -22.540 0.0000000000
110355  -7.663  37.682  -22.143 0.0000000000
110356  -7.033  37.547  -22.772 0.0000000000
110357  -6.931  36.707  -22.987 0.0000000000
117283  -5.445  53.548  -21.565 0.0000000000
117284  -5.819  52.941  -21.961 0.0000000000
117285  -5.096  51.629  -21.973 0.0000000000
117286  -5.653  52.020  -22.110 0.0000000000
117287  -6.331  52.261  -22.046 0.0000000000
117288  -6.898  51.552  -21.868 0.0000000000
117289  -7.497  50.835  -21.583 0.0000000000
117290  -8.071  50.082  -21.290 0.0000000000
117291  -8.582  49.310  -21.034 0.0000000000
117292  -7.777  49.226  -21.130 0.0000000000
117293  -7.441  48.345  -21.114 0.0000000000
117294  -7.110  47.490  -21.203 0.0000000000
117295  -5.875  48.037  -21.949 0.0000000000
117296  -6.321  47.372  -21.722 0.0000000000
117297  -6.744  46.647  -21.449 0.0000000000
117298  -6.387  45.897  -21.789 0.0000000000
117299  -6.113  45.182  -22.150 0.0000000000
117300  -5.890  44.459  -22.516 0.0000000000
117301  -5.762  43.729  -22.816 0.0000000000
117302  -5.395  44.429  -22.924 0.0000000000
117303  -4.963  44.367  -23.198 0.0000000000
117304  -4.587  44.273  -23.271 0.0000000000
117305  -4.393  45.487  -22.749 0.0000000000
117306  -4.355  44.781  -22.933 0.0000000000
117307  -4.281  44.023  -23.150 0.0000000000
117308  -4.083  43.805  -22.901 0.0000000000
124814  -12.385  51.297  -18.257 0.0000000000
124834  -15.544  45.030  -17.443 0.0000000000
124835  -15.865  44.252  -17.404 0.0000000000
124836  -16.168  43.467  -17.313 0.0000000000
124837  -15.989  43.108  -18.112 0.0000000000
124838  -15.795  42.718  -18.934 0.0000000000
124839  -15.523  42.271  -19.765 0.0000000000
124840  -11.659  43.047  -20.797 0.0000000000
124841  -12.092  42.806  -21.284 0.0000000000
124842  -12.063  42.232  -20.878 0.0000000000
124843  -12.410  41.458  -21.001 0.0000000000
124844  -12.771  40.669  -21.143 0.0000000000
124845  -12.249  40.325  -20.293 0.0000000000
124846  -12.759  40.134  -20.720 0.0000000000
124847  -13.108  39.898  -21.289 0.0000000000
124848  -13.354  39.124  -21.469 0.0000000000
124849  -13.640  38.361  -21.645 0.0000000000
124850  -13.849  37.606  -21.833 0.0000000000
124852  -13.860  37.168  -21.425 0.0000000000
124853  -13.846  36.691  -20.958 0.0000000000
124854  -13.832  36.201  -20.515 0.0000000000
124855  -13.027  37.064  -20.065 0.0000000000
124856  -13.387  36.371  -20.143 0.0000000000
124865  -11.389  35.301  -20.133 0.0000000000
124866  -11.289  34.628  -20.194 0.0000000000
134298  -7.413  53.869  -21.736 0.0000000000
134299  -7.600  54.573  -21.365 0.0000000000
134304  -10.353  53.341  -20.217 0.0000000000
134305  -10.796  52.372  -20.406 0.0000000000
134306  -11.233  51.482  -20.556 0.0000000000
134307  -10.651  51.334  -21.562 0.0000000000
134308  -11.207  51.009  -21.137 0.0000000000
134309  -11.685  50.700  -20.599 0.0000000000
134310  -12.081  49.863  -20.626 0.0000000000
134311  -12.506  49.008  -20.697 0.0000000000
134312  -12.890  48.158  -20.779 0.0000000000
134313  -13.108  47.376  -20.893 0.0000000000
134314  -12.485  47.696  -21.443 0.0000000000
134315  -12.165  47.178  -21.842 0.0000000000
134316  -11.913  46.611  -22.087 0.0000000000
134317  -11.194  47.661  -22.086 0.0000000000
134318  -11.427  46.861  -22.132 0.0000000000
134319  -11.694  46.070  -22.185 0.0000000000
134320  -11.580  45.463  -21.987 0.0000000000
134321  -11.484  44.905  -21.604 0.0000000000
134322  -11.420  44.323  -21.153 0.0000000000
134323  -9.054  48.468  -20.911 0.0000000000
134324  -9.463  47.668  -20.802 0.0000000000
134325  -9.874  46.882  -20.726 0.0000000000
134326  -8.840  46.110  -20.442 0.0000000000
134327  -9.596  46.148  -20.469 0.0000000000
134328  -10.249  46.071  -20.708 0.0000000000
134329  -10.610  45.289  -20.668 0.0000000000
134330  -10.945  44.543  -20.702 0.0000000000
134331  -11.304  43.790  -20.732 0.0000000000
134332  -11.127  43.240  -20.420 0.0000000000
134333  -10.929  42.664  -20.195 0.0000000000
134334  -10.734  41.924  -20.164 0.0000000000
134335  -9.584  42.567  -20.268 0.0000000000
134336  -10.065  41.917  -20.214 0.0000000000
134337  -10.533  41.230  -20.165 0.0000000000
134338  -10.292  40.573  -20.282 0.0000000000
134339  -10.066  39.931  -20.383 0.0000000000
134340  -9.840  39.274  -20.549 0.0000000000
134341  -9.701  38.641  -20.667 0.0000000000
134342  -9.244  39.253  -20.865 0.0000000000
134343  -8.613  39.181  -21.228 0.0000000000
134344  -7.941  39.128  -21.756 0.0000000000
134345  -7.563  40.451  -21.895 0.0000000000
134346  -7.407  39.759  -22.123 0.0000000000
134347  -7.283  39.033  -22.337 0.0000000000
134348  -6.660  38.933  -22.937 0.0000000000
134349  -6.059  38.902  -23.557 0.0000000000
134350  -5.492  38.763  -24.171 0.0000000000
134351  -5.657  43.021  -23.110 0.0000000000
134352  -5.559  42.372  -23.311 0.0000000000
134353  -5.427  41.654  -23.533 0.0000000000
134354  -4.719  42.120  -23.781 0.0000000000
134355  -4.989  41.514  -23.823 0.0000000000
134356  -5.270  40.867  -23.752 0.0000000000
134357  -5.206  40.157  -24.001 0.0000000000
134358  -5.119  39.412  -24.287 0.0000000000
154066  -13.372  46.553  -20.885 0.0000000000
154067  -13.659  45.733  -20.889 0.0000000000
154068  -13.980  44.981  -20.816 0.0000000000
154069  -13.080  44.776  -21.929 0.0000000000
154070  -13.697  44.495  -21.469 0.0000000000
154071  -14.319  44.224  -20.779 0.0000000000
154072  -14.666  43.426  -20.713 0.0000000000
154073  -14.950  42.610  -20.617 0.0000000000
154074  -15.268  41.822  -20.511 0.0000000000
154075  -12.432  42.610  -21.858 0.0000000000
154076  -12.834  42.333  -22.344 0.0000000000
154077  -13.329  42.130  -22.401 0.0000000000
154078  -13.465  40.695  -22.413 0.0000000000
154079  -13.667  41.267  -22.376 0.0000000000
154080  -13.862  41.817  -22.204 0.0000000000
154081  -14.469  41.561  -21.778 0.0000000000
154082  -15.014  41.319  -21.172 0.0000000000
154083  -15.558  41.019  -20.406 0.0000000000
154084  -15.840  40.201  -20.300 0.0000000000
154085  -16.087  39.486  -20.215 0.0000000000
154147  -9.544  37.925  -20.816 0.0000000000
154148  -9.406  37.177  -21.015 0.0000000000
154149  -9.272  36.384  -21.213 0.0000000000
154150  -8.151  36.985  -21.781 0.0000000000
154151  -8.666  36.270  -21.536 0.0000000000
154152  -9.213  35.709  -21.292 0.0000000000
