#!ascii label  , from subject fsaverage vox2ras=TkReg
679
345  37.792  -37.560  -14.281 0.0000000000
612  26.750  -29.807  -20.047 0.0000000000
1365  23.795  -24.909  -22.888 0.0000000000
1366  30.182  -27.067  -21.049 0.0000000000
1367  26.823  -23.048  -26.373 0.0000000000
1756  22.917  -16.898  -28.267 0.0000000000
1773  37.348  -35.104  -18.591 0.0000000000
2471  22.095  -30.569  -17.405 0.0000000000
2473  34.385  -32.787  -15.438 0.0000000000
2474  36.615  -29.926  -17.755 0.0000000000
3285  23.002  -22.406  -23.496 0.0000000000
3286  25.159  -24.063  -24.717 0.0000000000
3287  23.615  -21.367  -25.520 0.0000000000
3915  37.860  -36.353  -16.482 0.0000000000
5531  23.245  -27.922  -20.115 0.0000000000
5532  22.205  -27.994  -17.657 0.0000000000
5533  24.303  -30.642  -19.092 0.0000000000
5534  25.833  -32.818  -16.914 0.0000000000
5535  28.740  -31.927  -17.131 0.0000000000
5536  32.717  -34.032  -14.721 0.0000000000
5537  30.923  -30.922  -17.625 0.0000000000
5538  31.549  -25.765  -21.801 0.0000000000
5539  33.634  -28.244  -18.993 0.0000000000
5544  26.251  -18.804  -29.349 0.0000000000
6093  37.037  -38.631  -12.281 0.0000000000
7064  22.824  -25.477  -20.560 0.0000000000
7065  25.152  -27.435  -21.943 0.0000000000
7066  28.580  -28.504  -20.469 0.0000000000
7067  26.856  -26.620  -23.299 0.0000000000
7068  28.584  -25.430  -24.313 0.0000000000
7069  30.077  -24.086  -25.173 0.0000000000
7936  22.630  -18.663  -26.243 0.0000000000
7977  36.375  -33.624  -20.723 0.0000000000
9974  35.508  -36.121  -12.909 0.0000000000
9975  36.873  -34.956  -14.249 0.0000000000
9976  32.429  -29.677  -18.265 0.0000000000
9977  35.664  -31.417  -16.456 0.0000000000
9978  37.692  -33.660  -15.999 0.0000000000
9979  37.992  -32.416  -17.930 0.0000000000
9980  37.795  -31.158  -20.039 0.0000000000
9982  24.722  -20.130  -27.650 0.0000000000
9983  28.484  -21.762  -27.657 0.0000000000
10966  23.238  -21.906  -24.456 0.0000000000
10967  22.945  -20.718  -24.758 0.0000000000
11591  37.655  -39.423  -13.573 0.0000000000
11593  37.675  -38.892  -14.716 0.0000000000
11594  37.524  -38.295  -15.787 0.0000000000
11595  37.905  -36.990  -15.311 0.0000000000
13211  24.765  -29.130  -20.474 0.0000000000
13212  23.649  -29.307  -19.666 0.0000000000
13213  25.546  -30.337  -19.639 0.0000000000
13214  26.419  -31.391  -18.446 0.0000000000
13215  27.760  -30.828  -18.647 0.0000000000
13216  29.931  -31.463  -17.371 0.0000000000
13217  28.828  -30.259  -18.831 0.0000000000
13995  36.442  -39.115  -11.409 0.0000000000
15611  22.896  -24.040  -21.926 0.0000000000
15612  22.820  -24.347  -20.649 0.0000000000
15613  23.157  -25.253  -21.724 0.0000000000
15614  23.516  -26.466  -21.442 0.0000000000
15615  24.398  -26.196  -22.467 0.0000000000
15616  25.965  -27.069  -22.641 0.0000000000
15617  25.222  -25.810  -23.368 0.0000000000
15618  25.962  -23.560  -25.596 0.0000000000
15619  26.893  -24.908  -24.887 0.0000000000
15620  27.818  -24.354  -25.521 0.0000000000
15621  29.393  -24.750  -24.755 0.0000000000
15622  28.564  -23.820  -26.108 0.0000000000
17501  36.773  -36.935  -17.946 0.0000000000
17502  35.530  -38.042  -18.274 0.0000000000
17503  36.248  -36.220  -19.002 0.0000000000
17504  35.655  -35.369  -20.066 0.0000000000
17505  36.865  -34.419  -19.690 0.0000000000
22354  21.997  -29.262  -17.626 0.0000000000
22360  22.461  -31.804  -16.950 0.0000000000
22361  28.251  -33.638  -15.520 0.0000000000
22368  33.573  -33.425  -15.060 0.0000000000
22369  34.216  -35.064  -13.667 0.0000000000
22370  35.069  -34.475  -14.116 0.0000000000
22371  36.262  -35.586  -13.503 0.0000000000
22372  35.809  -33.846  -14.625 0.0000000000
22373  29.408  -27.785  -20.732 0.0000000000
22374  30.534  -28.954  -19.302 0.0000000000
22375  31.232  -28.294  -19.591 0.0000000000
22376  35.200  -29.031  -18.186 0.0000000000
22377  34.741  -29.755  -17.698 0.0000000000
22378  36.171  -30.669  -17.058 0.0000000000
22379  36.873  -32.497  -16.002 0.0000000000
22380  37.289  -31.781  -16.872 0.0000000000
22381  37.884  -33.062  -16.903 0.0000000000
22382  37.593  -31.117  -17.699 0.0000000000
22384  37.794  -29.815  -19.533 0.0000000000
22388  22.699  -17.801  -27.267 0.0000000000
22389  23.364  -19.301  -26.964 0.0000000000
22390  23.772  -18.588  -28.021 0.0000000000
22391  28.214  -19.619  -29.082 0.0000000000
22392  27.374  -20.300  -28.542 0.0000000000
22393  29.181  -21.060  -28.154 0.0000000000
22394  30.063  -22.353  -27.096 0.0000000000
24345  23.269  -23.615  -23.226 0.0000000000
24346  24.428  -24.509  -23.849 0.0000000000
24347  23.747  -23.188  -24.239 0.0000000000
24348  24.292  -22.699  -25.193 0.0000000000
24349  24.962  -22.193  -26.126 0.0000000000
25478  37.207  -37.618  -16.921 0.0000000000
25479  37.685  -35.760  -17.490 0.0000000000
28387  22.545  -26.765  -19.058 0.0000000000
28389  22.519  -27.959  -18.912 0.0000000000
28390  22.703  -29.374  -18.716 0.0000000000
28391  23.079  -30.657  -18.320 0.0000000000
28392  23.678  -31.887  -17.631 0.0000000000
28393  25.077  -31.753  -18.122 0.0000000000
28394  27.300  -32.397  -17.030 0.0000000000
28395  29.765  -33.286  -15.673 0.0000000000
28396  31.672  -34.501  -14.485 0.0000000000
28397  30.909  -32.926  -15.874 0.0000000000
28398  31.916  -32.381  -16.190 0.0000000000
28399  32.770  -31.816  -16.505 0.0000000000
28400  30.945  -26.427  -21.368 0.0000000000
28401  31.929  -27.594  -19.919 0.0000000000
28402  32.503  -26.900  -20.296 0.0000000000
28403  34.139  -27.497  -19.376 0.0000000000
28404  35.683  -28.212  -18.765 0.0000000000
28405  36.938  -29.220  -18.477 0.0000000000
28410  24.368  -17.814  -28.981 0.0000000000
28411  25.113  -17.167  -29.885 0.0000000000
29576  37.414  -39.913  -12.455 0.0000000000
29577  37.544  -38.094  -13.264 0.0000000000
31842  22.771  -25.636  -19.211 0.0000000000
31843  22.931  -26.644  -20.288 0.0000000000
31844  24.080  -27.714  -21.037 0.0000000000
31845  25.907  -28.663  -21.127 0.0000000000
31846  27.706  -29.187  -20.287 0.0000000000
31847  26.805  -28.196  -21.608 0.0000000000
31848  27.718  -27.560  -22.028 0.0000000000
31849  28.527  -26.905  -22.342 0.0000000000
31850  26.071  -25.423  -24.134 0.0000000000
31851  27.732  -26.053  -23.872 0.0000000000
31852  29.372  -26.195  -22.676 0.0000000000
31853  30.107  -25.485  -23.021 0.0000000000
31854  30.773  -24.784  -23.418 0.0000000000
40156  33.252  -35.606  -13.324 0.0000000000
40157  34.599  -36.689  -12.368 0.0000000000
40158  35.707  -37.820  -11.772 0.0000000000
40159  36.445  -37.312  -12.481 0.0000000000
40160  37.069  -36.760  -13.284 0.0000000000
40161  37.497  -36.171  -14.162 0.0000000000
40162  29.752  -29.661  -19.003 0.0000000000
40163  31.738  -30.346  -17.930 0.0000000000
40164  33.475  -31.169  -16.890 0.0000000000
40165  33.042  -28.977  -18.603 0.0000000000
40166  34.134  -30.471  -17.277 0.0000000000
40167  35.082  -32.111  -15.895 0.0000000000
40168  36.411  -33.159  -15.283 0.0000000000
40169  37.334  -34.342  -15.066 0.0000000000
40170  37.827  -35.590  -15.177 0.0000000000
40171  37.963  -34.994  -16.190 0.0000000000
40172  38.012  -34.362  -17.237 0.0000000000
40173  37.898  -33.812  -18.301 0.0000000000
40174  37.734  -30.416  -18.560 0.0000000000
40175  37.964  -31.781  -19.012 0.0000000000
40176  37.657  -33.168  -19.399 0.0000000000
40177  37.272  -32.508  -20.457 0.0000000000
40180  23.094  -20.009  -25.847 0.0000000000
40181  24.112  -20.751  -26.589 0.0000000000
40182  25.731  -21.621  -27.086 0.0000000000
40183  25.451  -19.477  -28.542 0.0000000000
40184  26.545  -20.975  -27.886 0.0000000000
40185  27.620  -22.448  -27.069 0.0000000000
40186  29.385  -23.104  -26.610 0.0000000000
40187  30.751  -23.348  -25.571 0.0000000000
41686  22.869  -20.995  -24.224 0.0000000000
42311  37.749  -38.489  -13.948 0.0000000000
42312  37.693  -39.149  -14.154 0.0000000000
42313  37.806  -38.223  -14.484 0.0000000000
42314  37.816  -37.945  -15.039 0.0000000000
42315  37.874  -37.263  -14.789 0.0000000000
43931  25.709  -29.532  -20.403 0.0000000000
43932  25.125  -29.776  -20.108 0.0000000000
43933  26.151  -30.093  -19.855 0.0000000000
43934  26.629  -30.634  -19.227 0.0000000000
43935  27.262  -30.334  -19.355 0.0000000000
43936  28.323  -30.546  -18.738 0.0000000000
43937  27.708  -30.034  -19.475 0.0000000000
46331  23.189  -24.437  -22.424 0.0000000000
46332  23.036  -24.633  -21.849 0.0000000000
46333  23.441  -25.081  -22.336 0.0000000000
46334  23.671  -25.728  -22.150 0.0000000000
46335  24.064  -25.529  -22.697 0.0000000000
46336  24.810  -26.040  -22.937 0.0000000000
46337  24.459  -25.354  -23.168 0.0000000000
46338  26.407  -23.296  -25.991 0.0000000000
46339  26.854  -24.011  -25.635 0.0000000000
46340  27.295  -23.724  -25.936 0.0000000000
46341  28.196  -24.086  -25.818 0.0000000000
46342  27.732  -23.425  -26.280 0.0000000000
48221  37.065  -36.025  -18.312 0.0000000000
48222  36.487  -36.574  -18.526 0.0000000000
48223  36.846  -35.682  -18.852 0.0000000000
48224  36.607  -35.351  -19.343 0.0000000000
48225  37.110  -34.779  -19.143 0.0000000000
53074  21.985  -29.939  -17.604 0.0000000000
53075  21.851  -29.228  -17.037 0.0000000000
53076  21.754  -29.880  -17.049 0.0000000000
53078  21.760  -30.507  -16.901 0.0000000000
53080  22.250  -31.155  -17.182 0.0000000000
53088  33.984  -33.124  -15.238 0.0000000000
53089  34.320  -33.951  -14.544 0.0000000000
53090  34.730  -33.622  -14.768 0.0000000000
53091  35.459  -34.177  -14.355 0.0000000000
53092  35.122  -33.324  -14.970 0.0000000000
53093  29.818  -27.416  -20.861 0.0000000000
53094  30.340  -27.986  -20.093 0.0000000000
53095  30.689  -27.633  -20.255 0.0000000000
53096  35.941  -29.456  -17.920 0.0000000000
53097  35.718  -29.840  -17.626 0.0000000000
53098  36.408  -30.310  -17.401 0.0000000000
53099  36.792  -31.209  -16.913 0.0000000000
53100  36.997  -30.880  -17.269 0.0000000000
53101  37.471  -31.407  -17.334 0.0000000000
53102  37.147  -30.525  -17.642 0.0000000000
53108  22.785  -17.331  -27.768 0.0000000000
53109  23.177  -18.157  -27.627 0.0000000000
53110  23.331  -17.715  -28.143 0.0000000000
53112  28.700  -20.344  -28.594 0.0000000000
55933  22.908  -22.641  -22.885 0.0000000000
55934  22.968  -23.235  -22.703 0.0000000000
55935  23.124  -23.014  -23.389 0.0000000000
55936  23.508  -23.402  -23.734 0.0000000000
55937  23.270  -22.758  -23.901 0.0000000000
55938  23.393  -21.626  -24.998 0.0000000000
55939  23.645  -22.292  -24.832 0.0000000000
55940  23.897  -22.035  -25.318 0.0000000000
55941  24.555  -22.469  -25.629 0.0000000000
55942  24.176  -21.770  -25.826 0.0000000000
57821  37.691  -37.367  -16.122 0.0000000000
57822  37.378  -37.970  -16.363 0.0000000000
57823  37.587  -37.054  -16.638 0.0000000000
57824  37.462  -36.731  -17.152 0.0000000000
57825  37.781  -36.064  -16.988 0.0000000000
62671  22.749  -27.326  -19.621 0.0000000000
62672  22.513  -27.362  -19.022 0.0000000000
62673  22.855  -27.973  -19.556 0.0000000000
62674  23.937  -30.010  -19.410 0.0000000000
62675  23.188  -29.386  -19.203 0.0000000000
62676  23.329  -30.029  -18.989 0.0000000000
62677  22.810  -29.987  -18.508 0.0000000000
62678  23.670  -30.650  -18.702 0.0000000000
62679  24.027  -31.318  -18.385 0.0000000000
62680  24.653  -31.184  -18.667 0.0000000000
62681  27.558  -31.610  -17.828 0.0000000000
62682  26.874  -31.860  -17.772 0.0000000000
62683  28.014  -32.165  -17.081 0.0000000000
62684  28.523  -32.753  -16.373 0.0000000000
62685  29.270  -32.527  -16.438 0.0000000000
62686  30.337  -33.102  -15.775 0.0000000000
62687  29.828  -32.346  -16.525 0.0000000000
62688  30.448  -31.216  -17.477 0.0000000000
62689  30.954  -31.933  -16.763 0.0000000000
62690  31.433  -31.656  -16.909 0.0000000000
62691  32.356  -32.088  -16.361 0.0000000000
62692  31.867  -31.386  -17.046 0.0000000000
62693  31.230  -26.106  -21.586 0.0000000000
62694  31.743  -26.616  -20.808 0.0000000000
62695  32.081  -26.278  -21.002 0.0000000000
62699  34.940  -27.852  -19.013 0.0000000000
65021  37.040  -39.488  -11.848 0.0000000000
65022  37.226  -40.092  -11.947 0.0000000000
65023  37.274  -39.289  -12.328 0.0000000000
65024  37.474  -39.040  -12.849 0.0000000000
65025  37.350  -38.354  -12.798 0.0000000000
69874  22.802  -24.959  -20.616 0.0000000000
69876  22.790  -25.060  -20.018 0.0000000000
69878  22.772  -25.564  -19.871 0.0000000000
69879  22.734  -26.121  -19.810 0.0000000000
69880  22.879  -26.068  -20.458 0.0000000000
69881  24.223  -26.945  -21.758 0.0000000000
69882  23.791  -27.079  -21.254 0.0000000000
69883  24.593  -27.586  -21.481 0.0000000000
69884  24.943  -28.252  -21.176 0.0000000000
69885  25.481  -28.057  -21.577 0.0000000000
69886  26.336  -28.422  -21.378 0.0000000000
69887  25.937  -27.860  -21.860 0.0000000000
69888  26.367  -26.874  -22.966 0.0000000000
69889  26.787  -27.436  -22.457 0.0000000000
69890  27.219  -27.127  -22.695 0.0000000000
69891  28.129  -27.240  -22.216 0.0000000000
69892  27.666  -26.843  -22.937 0.0000000000
69893  24.796  -24.308  -24.291 0.0000000000
69894  25.179  -24.955  -24.028 0.0000000000
69895  25.593  -24.736  -24.472 0.0000000000
69896  27.781  -25.251  -24.769 0.0000000000
69897  27.352  -25.526  -24.460 0.0000000000
69898  28.161  -25.752  -24.107 0.0000000000
69899  28.533  -26.175  -23.346 0.0000000000
69900  28.910  -25.832  -23.527 0.0000000000
69901  29.738  -25.849  -22.854 0.0000000000
69902  29.276  -25.484  -23.738 0.0000000000
69903  29.756  -24.448  -24.949 0.0000000000
69904  30.052  -24.800  -24.118 0.0000000000
69905  30.412  -24.424  -24.312 0.0000000000
69906  31.102  -24.426  -23.625 0.0000000000
69907  30.722  -24.065  -24.506 0.0000000000
75544  35.209  -37.653  -18.801 0.0000000000
75551  36.055  -34.530  -20.436 0.0000000000
90099  22.347  -27.411  -17.715 0.0000000000
90121  24.771  -32.405  -17.399 0.0000000000
90122  24.060  -32.461  -17.198 0.0000000000
90123  25.141  -32.959  -16.813 0.0000000000
90143  32.238  -34.299  -14.567 0.0000000000
90144  32.488  -35.065  -13.913 0.0000000000
90145  32.971  -34.835  -14.020 0.0000000000
90146  34.879  -35.609  -13.230 0.0000000000
90147  34.403  -35.890  -13.017 0.0000000000
90148  35.074  -36.405  -12.628 0.0000000000
90149  35.186  -37.254  -12.002 0.0000000000
90150  35.637  -36.988  -12.306 0.0000000000
90151  36.116  -37.554  -12.111 0.0000000000
90152  36.047  -36.714  -12.649 0.0000000000
90153  36.595  -35.277  -13.871 0.0000000000
90154  36.735  -36.133  -13.389 0.0000000000
90155  37.012  -35.823  -13.800 0.0000000000
90156  37.296  -36.462  -13.718 0.0000000000
90157  37.265  -35.531  -14.221 0.0000000000
90158  28.138  -28.852  -20.391 0.0000000000
90159  28.740  -29.376  -19.613 0.0000000000
90160  29.176  -29.028  -19.742 0.0000000000
90161  31.472  -29.306  -18.797 0.0000000000
90162  31.132  -29.646  -18.623 0.0000000000
90163  32.131  -30.030  -18.089 0.0000000000
90164  32.615  -30.745  -17.392 0.0000000000
90165  32.990  -30.398  -17.551 0.0000000000
90166  32.802  -27.882  -19.433 0.0000000000
90167  32.487  -28.261  -19.255 0.0000000000
90168  33.321  -28.646  -18.779 0.0000000000
90169  35.238  -30.575  -17.080 0.0000000000
90170  34.449  -30.115  -17.486 0.0000000000
90171  34.967  -30.917  -16.836 0.0000000000
90172  34.635  -31.266  -16.617 0.0000000000
90173  35.379  -31.776  -16.169 0.0000000000
90174  35.772  -32.593  -15.574 0.0000000000
90175  36.081  -32.259  -15.863 0.0000000000
90176  37.360  -33.040  -15.987 0.0000000000
90177  37.181  -33.388  -15.559 0.0000000000
90178  37.529  -34.011  -15.506 0.0000000000
90179  37.630  -34.965  -15.102 0.0000000000
90180  37.767  -34.672  -15.574 0.0000000000
90181  37.905  -35.306  -15.673 0.0000000000
90182  37.878  -34.389  -16.033 0.0000000000
90183  37.960  -32.742  -17.408 0.0000000000
90184  37.990  -33.733  -17.077 0.0000000000
90185  38.016  -33.421  -17.614 0.0000000000
90186  37.974  -34.082  -17.771 0.0000000000
90187  38.018  -33.130  -18.121 0.0000000000
90188  37.090  -28.876  -18.856 0.0000000000
90189  37.445  -29.770  -18.507 0.0000000000
90190  37.524  -29.444  -18.920 0.0000000000
90191  37.890  -30.449  -19.755 0.0000000000
90192  37.926  -30.762  -19.247 0.0000000000
90193  37.884  -31.464  -19.510 0.0000000000
90194  37.867  -32.509  -19.175 0.0000000000
90195  37.753  -32.174  -19.736 0.0000000000
90196  37.483  -32.830  -19.939 0.0000000000
90197  37.601  -31.844  -20.287 0.0000000000
90204  22.816  -19.686  -25.569 0.0000000000
90205  22.865  -19.314  -26.074 0.0000000000
90206  23.995  -19.692  -27.360 0.0000000000
90207  23.708  -20.016  -26.763 0.0000000000
90208  24.439  -20.450  -27.082 0.0000000000
90209  24.920  -21.218  -26.880 0.0000000000
90210  25.206  -20.902  -27.327 0.0000000000
90211  25.305  -18.330  -29.241 0.0000000000
90212  24.911  -18.692  -28.798 0.0000000000
90213  25.858  -19.159  -28.972 0.0000000000
90214  27.847  -21.035  -28.122 0.0000000000
90215  26.866  -20.660  -28.231 0.0000000000
90216  27.441  -21.387  -27.804 0.0000000000
90217  27.180  -21.706  -27.516 0.0000000000
90218  28.054  -22.105  -27.389 0.0000000000
90219  28.542  -22.781  -26.889 0.0000000000
90220  28.919  -22.454  -27.188 0.0000000000
90222  30.407  -22.929  -26.366 0.0000000000
93465  22.916  -21.844  -23.581 0.0000000000
93466  23.096  -22.154  -23.965 0.0000000000
93467  22.971  -21.571  -24.103 0.0000000000
93468  23.070  -21.292  -24.615 0.0000000000
93469  23.191  -21.016  -25.151 0.0000000000
94593  37.562  -40.110  -13.763 0.0000000000
94594  37.529  -39.845  -14.316 0.0000000000
94595  37.435  -39.513  -14.936 0.0000000000
94596  37.305  -39.174  -15.537 0.0000000000
94597  37.625  -38.598  -15.239 0.0000000000
94598  37.776  -37.670  -15.587 0.0000000000
94599  37.900  -36.693  -15.871 0.0000000000
97507  23.953  -28.532  -20.343 0.0000000000
97508  23.477  -28.622  -19.890 0.0000000000
97509  24.177  -29.236  -20.080 0.0000000000
97510  24.511  -29.889  -19.794 0.0000000000
97511  24.932  -30.524  -19.390 0.0000000000
97512  25.325  -31.041  -18.892 0.0000000000
97513  25.994  -30.863  -19.078 0.0000000000
97514  27.111  -31.145  -18.569 0.0000000000
97515  28.276  -31.337  -17.918 0.0000000000
97516  29.342  -31.687  -17.260 0.0000000000
97517  28.867  -31.073  -18.001 0.0000000000
97518  29.437  -30.820  -18.108 0.0000000000
97519  29.908  -30.566  -18.208 0.0000000000
98918  36.765  -39.686  -11.421 0.0000000000
98919  36.734  -38.886  -11.816 0.0000000000
101827  22.813  -23.662  -21.424 0.0000000000
101829  22.832  -24.209  -21.299 0.0000000000
101830  22.891  -24.801  -21.209 0.0000000000
101831  22.946  -25.375  -21.142 0.0000000000
101832  23.067  -25.974  -21.081 0.0000000000
101833  23.315  -25.863  -21.612 0.0000000000
101834  23.937  -26.326  -21.973 0.0000000000
101835  24.710  -26.799  -22.231 0.0000000000
101836  25.550  -27.264  -22.298 0.0000000000
101837  25.121  -26.651  -22.617 0.0000000000
101838  25.579  -26.467  -23.002 0.0000000000
101839  26.013  -26.248  -23.413 0.0000000000
101840  25.546  -23.812  -25.208 0.0000000000
101841  26.020  -24.518  -24.857 0.0000000000
101842  26.463  -24.256  -25.244 0.0000000000
101843  27.381  -24.629  -25.244 0.0000000000
101844  28.183  -24.951  -25.009 0.0000000000
101845  28.996  -25.100  -24.567 0.0000000000
101846  28.619  -24.632  -25.236 0.0000000000
101847  29.001  -24.325  -25.466 0.0000000000
101848  29.338  -24.020  -25.708 0.0000000000
105229  36.441  -37.833  -17.633 0.0000000000
105231  36.173  -37.541  -18.071 0.0000000000
105232  35.888  -37.193  -18.564 0.0000000000
105233  35.575  -36.770  -19.136 0.0000000000
105234  35.297  -36.358  -19.673 0.0000000000
105235  35.968  -35.820  -19.514 0.0000000000
105236  36.338  -34.978  -19.894 0.0000000000
105237  36.651  -34.009  -20.204 0.0000000000
113964  22.093  -28.630  -17.650 0.0000000000
113965  22.187  -28.019  -17.021 0.0000000000
113966  21.995  -28.627  -17.059 0.0000000000
113967  22.019  -28.637  -16.417 0.0000000000
113977  27.024  -33.176  -16.269 0.0000000000
113978  26.320  -33.359  -16.205 0.0000000000
113990  33.160  -33.738  -14.879 0.0000000000
113991  33.437  -34.569  -14.157 0.0000000000
113992  33.898  -34.261  -14.341 0.0000000000
113993  34.647  -34.758  -13.897 0.0000000000
113994  35.329  -35.320  -13.477 0.0000000000
113995  35.897  -35.878  -13.160 0.0000000000
113996  35.752  -35.027  -13.751 0.0000000000
113997  36.106  -34.706  -14.052 0.0000000000
113998  36.408  -34.385  -14.391 0.0000000000
113999  28.997  -28.140  -20.616 0.0000000000
114000  29.543  -28.673  -19.861 0.0000000000
114001  29.940  -28.332  -19.974 0.0000000000
114002  30.889  -28.622  -19.443 0.0000000000
114003  31.831  -28.959  -18.950 0.0000000000
114004  34.434  -28.634  -18.548 0.0000000000
114005  34.187  -28.984  -18.343 0.0000000000
114006  34.987  -29.404  -17.931 0.0000000000
114007  35.495  -30.212  -17.342 0.0000000000
114008  35.947  -31.037  -16.745 0.0000000000
114009  36.340  -31.912  -16.204 0.0000000000
114010  36.584  -31.567  -16.557 0.0000000000
114011  37.081  -32.167  -16.397 0.0000000000
114012  37.495  -32.711  -16.402 0.0000000000
114013  37.798  -33.362  -16.445 0.0000000000
114014  37.637  -32.393  -16.850 0.0000000000
114015  37.744  -32.083  -17.291 0.0000000000
114016  37.845  -31.763  -17.760 0.0000000000
114018  37.586  -29.158  -19.325 0.0000000000
114022  37.673  -30.829  -20.594 0.0000000000
114026  22.666  -18.226  -26.808 0.0000000000
114027  22.915  -18.954  -26.571 0.0000000000
114028  23.034  -18.562  -27.127 0.0000000000
114029  23.537  -18.957  -27.472 0.0000000000
114030  24.239  -19.380  -27.858 0.0000000000
114031  27.236  -19.258  -29.330 0.0000000000
114032  26.849  -19.583  -28.962 0.0000000000
114033  27.799  -19.947  -28.820 0.0000000000
114034  28.281  -20.712  -28.351 0.0000000000
114035  28.843  -21.428  -27.941 0.0000000000
114036  29.344  -22.103  -27.427 0.0000000000
114037  29.695  -21.759  -27.695 0.0000000000
118243  22.860  -23.486  -22.060 0.0000000000
118244  23.064  -23.844  -22.582 0.0000000000
118245  23.489  -24.265  -23.027 0.0000000000
118246  24.077  -24.695  -23.347 0.0000000000
118247  23.780  -24.060  -23.555 0.0000000000
118248  24.053  -23.825  -24.047 0.0000000000
118249  24.362  -23.597  -24.532 0.0000000000
118250  23.454  -22.527  -24.378 0.0000000000
118251  23.999  -22.925  -24.739 0.0000000000
118252  24.700  -23.363  -24.995 0.0000000000
118253  25.055  -23.124  -25.464 0.0000000000
118254  25.464  -22.880  -25.869 0.0000000000
118255  25.863  -22.625  -26.292 0.0000000000
120886  37.149  -38.899  -16.056 0.0000000000
120887  36.943  -38.569  -16.583 0.0000000000
120888  36.711  -38.215  -17.111 0.0000000000
120889  37.004  -37.274  -17.435 0.0000000000
120890  37.274  -36.383  -17.733 0.0000000000
120891  37.557  -35.431  -18.019 0.0000000000
127675  22.681  -26.268  -18.458 0.0000000000
127677  22.488  -26.810  -18.495 0.0000000000
127678  22.388  -27.387  -18.393 0.0000000000
127679  22.306  -27.984  -18.269 0.0000000000
127680  22.970  -28.608  -19.382 0.0000000000
127681  22.580  -28.711  -18.811 0.0000000000
127682  22.288  -28.675  -18.260 0.0000000000
127683  22.273  -29.306  -18.157 0.0000000000
127684  22.358  -29.968  -18.052 0.0000000000
127685  22.544  -30.637  -17.882 0.0000000000
127686  22.776  -31.226  -17.634 0.0000000000
127687  23.378  -31.315  -18.031 0.0000000000
127688  24.384  -31.855  -17.894 0.0000000000
127689  25.471  -32.288  -17.528 0.0000000000
127690  25.738  -31.583  -18.324 0.0000000000
127691  26.153  -32.079  -17.655 0.0000000000
127692  26.584  -32.622  -16.977 0.0000000000
127693  27.781  -32.971  -16.299 0.0000000000
127694  29.044  -33.473  -15.579 0.0000000000
127695  30.164  -34.052  -14.983 0.0000000000
127696  31.097  -34.706  -14.399 0.0000000000
127697  30.760  -33.910  -15.074 0.0000000000
127698  31.325  -33.730  -15.170 0.0000000000
127699  31.835  -33.509  -15.299 0.0000000000
127700  30.363  -32.146  -16.634 0.0000000000
127701  31.432  -32.680  -16.023 0.0000000000
127702  32.294  -33.267  -15.450 0.0000000000
127703  32.766  -32.934  -15.621 0.0000000000
127704  33.225  -32.606  -15.774 0.0000000000
127705  33.638  -32.291  -15.944 0.0000000000
127706  30.555  -26.743  -21.206 0.0000000000
127707  31.048  -27.280  -20.454 0.0000000000
127708  31.398  -26.949  -20.624 0.0000000000
127709  32.226  -27.247  -20.106 0.0000000000
127710  33.080  -27.540  -19.617 0.0000000000
127711  32.815  -26.535  -20.487 0.0000000000
127712  33.372  -27.197  -19.792 0.0000000000
127713  33.889  -27.868  -19.190 0.0000000000
127714  34.684  -28.248  -18.772 0.0000000000
127715  35.440  -28.614  -18.473 0.0000000000
127716  36.148  -29.081  -18.219 0.0000000000
127717  36.794  -29.555  -18.100 0.0000000000
127718  36.337  -28.708  -18.546 0.0000000000
127719  36.541  -28.334  -18.905 0.0000000000
127727  23.126  -16.488  -28.755 0.0000000000
127728  23.564  -17.324  -28.629 0.0000000000
127729  23.827  -16.957  -29.139 0.0000000000
127730  24.761  -17.471  -29.456 0.0000000000
127731  25.623  -18.004  -29.625 0.0000000000
127734  26.666  -18.510  -29.718 0.0000000000
127735  27.628  -18.863  -29.560 0.0000000000
130747  37.563  -39.696  -12.993 0.0000000000
130748  37.640  -38.766  -13.395 0.0000000000
130749  37.687  -37.829  -13.769 0.0000000000
136897  22.640  -26.191  -19.120 0.0000000000
136898  22.717  -26.702  -19.667 0.0000000000
136899  23.051  -27.250  -20.228 0.0000000000
136900  23.185  -26.584  -20.908 0.0000000000
136901  23.412  -27.177  -20.750 0.0000000000
136902  23.662  -27.835  -20.581 0.0000000000
136903  24.422  -28.399  -20.760 0.0000000000
136904  25.325  -28.917  -20.810 0.0000000000
136905  26.265  -29.273  -20.619 0.0000000000
136906  27.292  -29.520  -20.171 0.0000000000
136907  26.749  -29.002  -20.808 0.0000000000
136908  27.176  -28.711  -20.972 0.0000000000
136909  27.656  -28.369  -21.115 0.0000000000
136910  26.395  -27.642  -22.162 0.0000000000
136911  27.253  -27.889  -21.830 0.0000000000
136912  28.102  -28.037  -21.281 0.0000000000
136913  28.516  -27.678  -21.422 0.0000000000
136914  28.891  -27.327  -21.573 0.0000000000
136915  29.273  -26.983  -21.716 0.0000000000
136916  24.789  -25.161  -23.577 0.0000000000
136917  25.651  -25.613  -23.757 0.0000000000
136918  26.445  -26.021  -23.779 0.0000000000
136919  26.477  -25.162  -24.539 0.0000000000
136920  26.917  -25.782  -24.128 0.0000000000
136921  27.338  -26.339  -23.598 0.0000000000
136922  28.101  -26.534  -23.160 0.0000000000
136923  28.933  -26.554  -22.516 0.0000000000
136924  29.706  -26.605  -21.852 0.0000000000
136925  30.123  -26.266  -22.037 0.0000000000
136926  30.481  -25.951  -22.232 0.0000000000
136927  30.836  -25.608  -22.394 0.0000000000
136928  29.697  -25.116  -23.920 0.0000000000
136929  30.367  -25.143  -23.209 0.0000000000
136930  31.188  -25.249  -22.584 0.0000000000
136931  31.499  -24.879  -22.800 0.0000000000
161395  23.025  -31.861  -17.322 0.0000000000
161396  23.395  -32.480  -16.945 0.0000000000
161425  33.754  -35.353  -13.472 0.0000000000
161426  33.969  -36.158  -12.831 0.0000000000
161431  36.082  -38.453  -11.567 0.0000000000
161432  36.451  -38.230  -11.929 0.0000000000
161433  36.784  -37.988  -12.309 0.0000000000
161434  36.419  -36.431  -13.015 0.0000000000
161435  36.771  -37.042  -12.875 0.0000000000
161436  37.088  -37.693  -12.786 0.0000000000
161437  37.325  -37.414  -13.249 0.0000000000
161438  37.517  -37.151  -13.702 0.0000000000
161439  37.676  -36.902  -14.164 0.0000000000
161440  28.219  -29.715  -19.567 0.0000000000
161441  29.321  -29.974  -18.898 0.0000000000
161442  30.348  -30.285  -18.330 0.0000000000
161443  30.147  -29.285  -19.164 0.0000000000
161444  30.764  -29.991  -18.448 0.0000000000
161445  31.336  -30.648  -17.782 0.0000000000
161446  32.270  -31.110  -17.204 0.0000000000
161447  33.134  -31.510  -16.681 0.0000000000
161448  33.972  -31.966  -16.159 0.0000000000
161449  31.569  -27.965  -19.745 0.0000000000
161450  32.149  -28.604  -19.099 0.0000000000
161451  32.753  -29.321  -18.436 0.0000000000
161452  33.909  -29.354  -18.121 0.0000000000
161453  33.639  -29.699  -17.926 0.0000000000
161454  33.342  -30.063  -17.718 0.0000000000
161455  33.822  -30.809  -17.080 0.0000000000
161456  34.309  -31.621  -16.381 0.0000000000
161457  34.751  -32.431  -15.667 0.0000000000
161458  35.460  -32.948  -15.279 0.0000000000
161459  36.108  -33.470  -14.947 0.0000000000
161460  36.680  -34.052  -14.752 0.0000000000
161461  36.663  -32.829  -15.642 0.0000000000
161462  36.937  -33.716  -15.131 0.0000000000
161463  37.119  -34.658  -14.650 0.0000000000
161464  37.470  -35.280  -14.628 0.0000000000
161465  37.676  -35.880  -14.650 0.0000000000
161466  37.795  -36.603  -14.680 0.0000000000
161467  37.886  -36.299  -15.218 0.0000000000
161468  37.945  -36.012  -15.740 0.0000000000
161469  37.954  -35.691  -16.296 0.0000000000
161470  37.948  -34.049  -16.544 0.0000000000
161471  37.998  -34.668  -16.711 0.0000000000
161472  37.942  -35.378  -16.844 0.0000000000
161473  37.904  -35.072  -17.387 0.0000000000
161474  37.783  -34.771  -17.949 0.0000000000
161475  37.635  -34.443  -18.525 0.0000000000
161476  37.294  -30.149  -18.058 0.0000000000
161477  37.674  -30.768  -18.121 0.0000000000
161478  37.926  -31.421  -18.275 0.0000000000
161479  37.777  -30.108  -19.017 0.0000000000
161480  37.947  -31.083  -18.763 0.0000000000
161481  37.997  -32.095  -18.468 0.0000000000
161482  37.958  -32.826  -18.635 0.0000000000
161483  37.787  -33.517  -18.850 0.0000000000
161484  37.478  -34.120  -19.072 0.0000000000
161485  37.315  -33.811  -19.570 0.0000000000
161486  37.095  -33.431  -20.107 0.0000000000
161487  36.861  -33.058  -20.616 0.0000000000
161488  37.391  -31.502  -20.824 0.0000000000
161494  22.825  -20.093  -24.982 0.0000000000
161495  22.975  -20.389  -25.236 0.0000000000
161496  23.346  -20.707  -25.670 0.0000000000
161497  23.223  -19.635  -26.455 0.0000000000
161498  23.513  -20.369  -26.240 0.0000000000
161499  23.844  -21.070  -26.042 0.0000000000
161500  24.534  -21.468  -26.364 0.0000000000
161501  25.401  -21.909  -26.604 0.0000000000
161502  26.258  -22.352  -26.708 0.0000000000
161503  24.079  -18.184  -28.497 0.0000000000
161504  24.528  -19.023  -28.334 0.0000000000
161505  25.102  -19.817  -28.117 0.0000000000
161506  26.485  -19.933  -28.638 0.0000000000
161507  26.055  -20.261  -28.280 0.0000000000
161508  25.660  -20.596  -27.819 0.0000000000
161509  26.110  -21.320  -27.492 0.0000000000
161510  26.699  -22.033  -27.138 0.0000000000
161511  27.187  -22.732  -26.699 0.0000000000
161512  28.177  -23.119  -26.592 0.0000000000
161513  28.977  -23.448  -26.356 0.0000000000
161514  29.711  -23.718  -25.942 0.0000000000
161515  29.791  -22.708  -26.838 0.0000000000
161516  30.144  -23.299  -26.138 0.0000000000
161517  30.375  -23.728  -25.389 0.0000000000
