#!ascii label  , from subject fsaverage vox2ras=TkReg
1170
13  12.561  53.602  27.843 0.0000000000
264  8.895  57.145  20.502 0.0000000000
266  10.630  65.233  -2.795 0.0000000000
392  15.335  57.794  16.261 0.0000000000
525  9.347  62.620  9.049 0.0000000000
742  8.779  55.221  31.443 0.0000000000
743  8.074  55.494  26.506 0.0000000000
744  9.405  59.005  26.110 0.0000000000
1155  18.791  59.973  11.724 0.0000000000
1156  13.433  63.034  13.016 0.0000000000
1157  14.156  61.869  6.406 0.0000000000
1159  8.549  60.615  -0.676 0.0000000000
1630  16.649  64.583  1.318 0.0000000000
1874  14.085  56.211  22.789 0.0000000000
2021  8.170  51.564  37.219 0.0000000000
2022  11.298  50.501  33.487 0.0000000000
2217  10.489  61.536  19.582 0.0000000000
2218  8.843  61.120  14.540 0.0000000000
2220  10.301  64.376  3.357 0.0000000000
2221  9.813  58.403  4.754 0.0000000000
2662  10.818  54.956  29.889 0.0000000000
2663  9.085  57.306  29.097 0.0000000000
2664  11.069  57.017  27.732 0.0000000000
3076  16.488  59.933  8.842 0.0000000000
3077  17.796  60.364  5.556 0.0000000000
3670  7.929  56.247  23.439 0.0000000000
3671  8.503  53.787  23.167 0.0000000000
3672  9.062  54.466  20.388 0.0000000000
4433  9.627  51.477  35.425 0.0000000000
4905  14.356  56.808  19.400 0.0000000000
4906  12.229  59.393  21.165 0.0000000000
4907  12.910  59.868  17.999 0.0000000000
4908  11.357  63.656  11.029 0.0000000000
4909  10.541  63.402  14.221 0.0000000000
4910  9.656  62.318  11.827 0.0000000000
4911  9.716  59.105  12.503 0.0000000000
4912  9.645  59.834  9.370 0.0000000000
4913  13.450  65.068  -0.584 0.0000000000
4914  12.930  65.022  2.232 0.0000000000
4915  10.538  65.374  0.428 0.0000000000
4917  10.365  59.821  1.963 0.0000000000
5944  7.275  54.355  32.012 0.0000000000
5945  7.370  53.947  29.454 0.0000000000
5946  7.698  56.119  29.541 0.0000000000
5947  8.062  57.680  26.496 0.0000000000
5948  8.229  58.794  23.546 0.0000000000
6687  16.995  58.934  13.621 0.0000000000
6688  14.232  60.819  14.554 0.0000000000
6689  15.944  61.204  11.981 0.0000000000
6690  13.636  61.877  9.883 0.0000000000
6691  11.401  63.079  8.034 0.0000000000
6692  8.455  64.683  -4.852 0.0000000000
6693  8.535  64.352  -1.497 0.0000000000
6694  8.427  61.909  -3.263 0.0000000000
7635  8.991  52.910  26.330 0.0000000000
7642  19.118  62.348  2.908 0.0000000000
7643  19.985  63.531  0.702 0.0000000000
7644  16.479  62.859  -0.999 0.0000000000
7645  13.377  63.222  -3.355 0.0000000000
7648  10.605  64.293  -6.233 0.0000000000
8240  13.941  55.351  25.681 0.0000000000
8638  8.238  53.248  34.107 0.0000000000
8639  10.182  53.036  32.573 0.0000000000
8640  12.002  52.065  30.685 0.0000000000
9213  11.951  58.443  24.520 0.0000000000
9214  9.734  60.463  22.798 0.0000000000
9215  8.768  60.231  20.154 0.0000000000
9216  11.679  62.528  16.171 0.0000000000
9217  9.282  62.214  17.016 0.0000000000
9218  8.938  59.162  16.993 0.0000000000
9222  15.115  62.993  3.342 0.0000000000
9223  12.198  63.993  5.096 0.0000000000
9224  9.768  63.323  6.111 0.0000000000
9225  9.325  63.331  1.094 0.0000000000
9226  9.843  61.794  4.195 0.0000000000
9227  9.203  60.463  6.830 0.0000000000
9228  8.977  57.159  7.132 0.0000000000
10342  11.702  54.334  28.849 0.0000000000
10343  10.932  56.052  28.885 0.0000000000
10344  11.906  55.405  27.902 0.0000000000
11350  8.388  56.647  22.044 0.0000000000
11351  8.427  55.296  21.893 0.0000000000
11352  9.067  55.781  20.481 0.0000000000
11354  9.308  56.376  18.918 0.0000000000
12585  14.834  57.335  17.743 0.0000000000
12586  13.588  58.486  18.689 0.0000000000
12587  14.065  58.815  17.035 0.0000000000
12588  10.188  63.274  10.074 0.0000000000
12589  10.180  63.338  11.524 0.0000000000
12590  9.565  62.463  10.395 0.0000000000
12591  9.635  61.171  10.614 0.0000000000
12592  9.297  61.383  9.291 0.0000000000
12593  11.806  65.141  -1.647 0.0000000000
12594  11.749  65.505  -0.108 0.0000000000
12595  10.484  65.444  -1.159 0.0000000000
13747  7.922  54.832  31.866 0.0000000000
13748  7.459  55.271  30.812 0.0000000000
13749  8.103  55.926  30.625 0.0000000000
13750  9.307  58.222  27.599 0.0000000000
13751  8.529  57.776  27.944 0.0000000000
13752  8.587  58.537  26.388 0.0000000000
13753  8.093  58.222  24.972 0.0000000000
13754  8.628  59.197  24.893 0.0000000000
14985  18.009  59.622  12.685 0.0000000000
14986  16.609  60.392  12.897 0.0000000000
14987  17.205  60.323  11.647 0.0000000000
14988  15.245  60.724  7.435 0.0000000000
14989  14.895  60.807  9.310 0.0000000000
14990  13.743  61.609  8.129 0.0000000000
14991  12.516  62.486  8.894 0.0000000000
14992  12.721  62.583  7.253 0.0000000000
14993  7.839  63.651  -5.855 0.0000000000
14994  8.199  63.594  -4.003 0.0000000000
16770  7.841  54.810  28.095 0.0000000000
16771  8.157  53.486  27.931 0.0000000000
16772  8.476  54.319  26.440 0.0000000000
16774  9.162  52.599  23.041 0.0000000000
16786  21.511  62.752  1.966 0.0000000000
16789  18.181  62.007  -1.201 0.0000000000
16790  16.502  61.836  -2.082 0.0000000000
16791  14.851  62.914  -2.015 0.0000000000
16792  15.010  62.142  -3.371 0.0000000000
19052  7.519  52.027  36.045 0.0000000000
19053  7.473  52.961  34.493 0.0000000000
19054  8.132  52.472  35.615 0.0000000000
19055  10.420  51.053  34.414 0.0000000000
19056  9.808  52.277  33.909 0.0000000000
19057  10.759  51.810  32.984 0.0000000000
19058  11.151  52.618  31.663 0.0000000000
19059  11.719  51.265  32.115 0.0000000000
20475  14.327  56.011  24.490 0.0000000000
20476  13.095  56.971  25.228 0.0000000000
20477  13.148  57.384  23.654 0.0000000000
20478  11.381  60.603  20.423 0.0000000000
20479  11.056  60.251  22.042 0.0000000000
20480  10.107  61.042  21.102 0.0000000000
20481  8.985  60.574  21.602 0.0000000000
20482  9.296  61.295  19.944 0.0000000000
20483  14.080  62.176  13.903 0.0000000000
20484  12.918  61.767  15.388 0.0000000000
20485  12.662  62.975  14.640 0.0000000000
20486  9.529  62.578  14.406 0.0000000000
20487  9.800  62.947  15.590 0.0000000000
20488  8.993  61.904  15.693 0.0000000000
20489  8.847  60.889  16.968 0.0000000000
20490  8.678  60.313  15.650 0.0000000000
20491  8.748  58.343  15.893 0.0000000000
20492  8.720  59.326  14.728 0.0000000000
20498  17.900  63.746  2.169 0.0000000000
20499  17.116  62.574  2.982 0.0000000000
20500  16.030  64.030  2.460 0.0000000000
20501  11.487  64.897  2.830 0.0000000000
20502  12.536  64.464  3.691 0.0000000000
20503  11.099  64.499  4.332 0.0000000000
20504  10.800  64.083  5.686 0.0000000000
20505  9.941  64.014  4.741 0.0000000000
20506  8.226  62.749  -1.071 0.0000000000
20507  8.699  63.978  -0.182 0.0000000000
20508  8.831  62.218  0.063 0.0000000000
20509  10.442  59.174  3.609 0.0000000000
20510  10.190  60.931  3.122 0.0000000000
20511  10.025  60.134  4.663 0.0000000000
20512  9.637  61.113  5.641 0.0000000000
20513  9.486  59.370  5.803 0.0000000000
20514  8.930  58.788  6.991 0.0000000000
20515  9.027  57.676  5.847 0.0000000000
23224  9.856  55.256  30.746 0.0000000000
23225  8.945  56.325  30.303 0.0000000000
23226  9.923  56.383  29.695 0.0000000000
23227  10.073  57.392  28.491 0.0000000000
23228  10.297  58.219  27.145 0.0000000000
23968  17.779  59.895  10.292 0.0000000000
23969  18.546  59.834  8.884 0.0000000000
23970  17.159  60.011  7.143 0.0000000000
23971  15.856  61.073  5.669 0.0000000000
25038  7.811  55.887  24.910 0.0000000000
25039  8.310  54.770  24.804 0.0000000000
25040  8.053  54.968  23.276 0.0000000000
25041  8.479  54.030  21.760 0.0000000000
26409  8.882  51.667  36.394 0.0000000000
26410  9.641  50.693  37.189 0.0000000000
26411  10.387  50.290  36.116 0.0000000000
26412  11.137  49.689  35.076 0.0000000000
27261  14.047  56.430  21.128 0.0000000000
27262  13.087  57.718  21.950 0.0000000000
27263  13.262  58.097  20.332 0.0000000000
27264  12.505  59.580  19.634 0.0000000000
27265  11.741  60.822  18.873 0.0000000000
27266  12.389  63.494  12.053 0.0000000000
27267  11.904  63.646  13.763 0.0000000000
27268  11.001  63.752  12.771 0.0000000000
27269  9.959  63.144  13.100 0.0000000000
27270  9.360  61.854  13.339 0.0000000000
27271  9.075  60.113  13.540 0.0000000000
27272  9.598  60.749  12.195 0.0000000000
27273  9.947  59.565  10.857 0.0000000000
27274  10.268  58.347  9.594 0.0000000000
27275  15.057  65.007  0.409 0.0000000000
27276  14.871  65.027  1.788 0.0000000000
27277  13.307  65.366  0.808 0.0000000000
27278  11.672  65.352  1.355 0.0000000000
27279  10.475  65.014  1.905 0.0000000000
27280  9.279  58.860  -0.475 0.0000000000
27281  9.467  60.249  0.370 0.0000000000
29230  6.811  53.401  31.886 0.0000000000
29232  7.016  54.318  30.781 0.0000000000
29233  7.350  55.163  29.591 0.0000000000
29234  7.769  55.941  28.180 0.0000000000
29235  8.291  56.886  29.371 0.0000000000
29236  7.999  57.003  28.054 0.0000000000
29237  7.891  56.642  26.565 0.0000000000
29238  7.778  57.095  24.958 0.0000000000
29239  8.014  57.584  23.552 0.0000000000
29240  8.368  58.042  22.016 0.0000000000
30963  15.969  58.274  14.747 0.0000000000
30964  14.561  59.238  15.277 0.0000000000
30965  15.523  59.815  13.934 0.0000000000
30966  15.399  61.295  13.363 0.0000000000
30967  14.735  62.144  12.418 0.0000000000
30968  16.101  60.502  10.546 0.0000000000
30969  14.847  61.513  10.919 0.0000000000
30970  13.709  62.577  11.444 0.0000000000
30971  12.548  62.968  10.416 0.0000000000
30972  11.356  63.251  9.431 0.0000000000
30973  10.214  63.202  8.631 0.0000000000
30974  9.452  65.281  -3.872 0.0000000000
30975  9.361  65.247  -2.183 0.0000000000
30976  8.650  64.686  -3.113 0.0000000000
30977  8.204  63.248  -2.437 0.0000000000
30978  8.138  61.113  -1.925 0.0000000000
33342  8.968  53.570  24.724 0.0000000000
33359  20.905  61.982  3.106 0.0000000000
33360  19.738  63.470  1.957 0.0000000000
33361  18.372  64.057  0.992 0.0000000000
33362  19.819  62.410  -0.385 0.0000000000
33363  18.356  63.114  -0.190 0.0000000000
33364  16.635  64.053  0.078 0.0000000000
33365  15.002  64.095  -0.878 0.0000000000
33366  13.395  64.198  -1.914 0.0000000000
33367  11.950  64.464  -3.177 0.0000000000
33374  13.559  62.603  -4.774 0.0000000000
33375  12.020  63.656  -4.831 0.0000000000
33376  10.727  64.767  -4.490 0.0000000000
33377  9.376  64.874  -5.665 0.0000000000
35018  13.207  54.448  26.702 0.0000000000
36166  7.060  53.281  33.209 0.0000000000
36167  7.686  53.889  33.092 0.0000000000
36168  8.486  54.147  32.689 0.0000000000
36169  8.866  52.495  34.847 0.0000000000
36170  9.141  53.250  33.433 0.0000000000
36171  9.507  54.204  32.013 0.0000000000
36172  10.482  54.011  31.178 0.0000000000
36173  11.349  53.459  30.184 0.0000000000
36174  12.200  52.776  29.086 0.0000000000
37881  12.425  56.211  26.545 0.0000000000
37882  11.566  57.784  26.188 0.0000000000
37883  10.593  59.031  25.455 0.0000000000
37884  12.113  58.976  22.797 0.0000000000
37885  10.837  59.674  23.716 0.0000000000
37886  9.590  59.752  24.497 0.0000000000
37887  8.794  59.947  23.352 0.0000000000
37888  8.536  59.517  21.920 0.0000000000
37889  8.716  58.811  20.315 0.0000000000
37890  13.395  60.281  16.205 0.0000000000
37891  12.194  61.210  17.108 0.0000000000
37892  10.973  61.985  17.892 0.0000000000
37893  11.192  63.342  15.269 0.0000000000
37894  10.367  62.834  16.757 0.0000000000
37895  9.706  62.100  18.403 0.0000000000
37896  8.939  61.263  18.513 0.0000000000
37897  8.907  59.839  18.502 0.0000000000
37898  9.061  58.094  18.704 0.0000000000
37899  9.069  57.314  17.283 0.0000000000
37908  18.280  61.029  4.039 0.0000000000
37909  16.348  61.549  4.079 0.0000000000
37910  14.645  62.340  4.696 0.0000000000
37911  14.161  64.274  2.899 0.0000000000
37912  13.538  63.504  4.157 0.0000000000
37913  13.162  63.010  5.645 0.0000000000
37914  11.814  63.445  6.509 0.0000000000
37915  10.473  63.437  7.075 0.0000000000
37916  9.508  62.760  7.525 0.0000000000
37917  9.409  65.074  -0.731 0.0000000000
37918  9.630  64.649  0.822 0.0000000000
37919  9.734  64.115  2.303 0.0000000000
37920  9.744  61.541  1.367 0.0000000000
37921  9.784  62.531  2.621 0.0000000000
37922  9.704  63.309  3.773 0.0000000000
37923  9.578  62.678  5.167 0.0000000000
37924  9.380  61.991  6.506 0.0000000000
37925  9.070  61.564  7.876 0.0000000000
37926  9.117  60.116  8.106 0.0000000000
37927  9.393  58.481  8.228 0.0000000000
41062  12.116  53.996  28.339 0.0000000000
41063  11.800  54.886  28.411 0.0000000000
41064  12.241  54.510  27.860 0.0000000000
42070  8.654  56.884  21.289 0.0000000000
42071  8.710  56.192  21.281 0.0000000000
42072  9.001  56.464  20.500 0.0000000000
42073  9.252  56.074  19.731 0.0000000000
42074  9.142  56.757  19.659 0.0000000000
43305  15.096  57.563  17.006 0.0000000000
43306  14.442  58.086  17.397 0.0000000000
43307  14.639  58.313  16.592 0.0000000000
43308  9.704  63.020  9.583 0.0000000000
43309  9.788  62.963  10.239 0.0000000000
43310  9.443  62.536  9.689 0.0000000000
43311  9.391  61.939  9.872 0.0000000000
43312  9.239  62.045  9.176 0.0000000000
43313  11.198  65.188  -2.221 0.0000000000
43314  11.107  65.423  -1.435 0.0000000000
43315  10.499  65.366  -1.987 0.0000000000
44467  8.306  55.063  31.639 0.0000000000
44468  8.009  55.394  31.222 0.0000000000
44469  8.421  55.626  31.059 0.0000000000
44470  9.358  58.593  26.877 0.0000000000
44471  8.936  58.439  27.046 0.0000000000
44472  8.977  58.806  26.308 0.0000000000
44473  8.636  58.857  25.619 0.0000000000
44474  9.022  59.204  25.568 0.0000000000
45705  18.393  59.855  12.225 0.0000000000
45706  17.618  60.066  12.148 0.0000000000
45707  17.954  60.047  11.573 0.0000000000
45708  14.670  61.295  6.870 0.0000000000
45709  14.472  61.164  7.776 0.0000000000
45710  13.890  61.692  7.239 0.0000000000
45711  13.172  62.098  7.623 0.0000000000
45712  13.418  62.230  6.829 0.0000000000
45714  7.997  63.031  -5.453 0.0000000000
47490  8.067  55.238  27.291 0.0000000000
47491  8.163  54.635  27.357 0.0000000000
47492  8.251  54.922  26.494 0.0000000000
47509  17.375  61.651  -2.154 0.0000000000
47510  16.613  61.625  -2.655 0.0000000000
47511  15.755  61.993  -2.692 0.0000000000
47512  15.864  61.735  -3.283 0.0000000000
49772  7.842  51.854  36.662 0.0000000000
49773  7.795  52.280  35.870 0.0000000000
49774  8.128  52.000  36.426 0.0000000000
49775  10.854  50.777  33.936 0.0000000000
49776  10.576  51.452  33.646 0.0000000000
49777  11.034  51.181  33.210 0.0000000000
49778  11.249  51.563  32.555 0.0000000000
49779  11.490  50.897  32.788 0.0000000000
51195  14.195  56.129  23.630 0.0000000000
51196  13.718  56.670  24.075 0.0000000000
51197  13.623  56.797  23.218 0.0000000000
51198  10.907  61.139  20.013 0.0000000000
51199  10.770  60.936  20.803 0.0000000000
51200  10.318  61.305  20.333 0.0000000000
51201  9.632  61.246  20.552 0.0000000000
51202  9.864  61.541  19.812 0.0000000000
51203  13.790  62.634  13.491 0.0000000000
51204  13.445  62.585  14.265 0.0000000000
51205  13.094  63.058  13.812 0.0000000000
51206  9.137  61.928  14.489 0.0000000000
51207  9.215  62.264  15.076 0.0000000000
51208  8.890  61.538  15.091 0.0000000000
51209  8.779  61.161  15.657 0.0000000000
51210  8.728  60.720  15.112 0.0000000000
51211  8.661  59.815  15.182 0.0000000000
51212  8.726  60.267  14.623 0.0000000000
51218  17.260  64.232  1.769 0.0000000000
51219  16.946  63.868  2.314 0.0000000000
51220  16.410  64.486  1.985 0.0000000000
51221  10.850  64.701  3.108 0.0000000000
51222  11.272  64.687  3.605 0.0000000000
51223  10.726  64.461  3.853 0.0000000000
51224  10.524  64.343  4.549 0.0000000000
51225  10.221  64.118  4.080 0.0000000000
51226  8.344  61.689  -0.847 0.0000000000
51227  8.452  62.508  -0.467 0.0000000000
51228  8.678  61.479  -0.277 0.0000000000
51229  10.168  58.787  4.212 0.0000000000
51230  10.208  59.627  4.151 0.0000000000
51231  9.924  59.221  4.762 0.0000000000
51232  9.744  59.758  5.256 0.0000000000
51233  9.556  58.861  5.285 0.0000000000
51234  9.242  58.500  5.812 0.0000000000
51235  9.394  58.043  5.246 0.0000000000
54067  10.346  55.165  30.353 0.0000000000
54068  9.884  55.825  30.224 0.0000000000
54069  10.385  55.717  29.831 0.0000000000
54070  10.985  56.576  28.384 0.0000000000
54071  10.494  56.798  28.797 0.0000000000
54072  10.568  57.242  28.160 0.0000000000
54073  10.177  57.803  27.838 0.0000000000
54074  10.664  57.696  27.505 0.0000000000
55308  18.496  60.054  6.432 0.0000000000
55309  18.229  59.914  7.190 0.0000000000
55310  17.495  60.205  6.337 0.0000000000
55311  16.489  60.506  6.373 0.0000000000
55312  16.802  60.718  5.534 0.0000000000
57090  7.827  56.059  24.143 0.0000000000
57091  7.931  55.459  24.082 0.0000000000
57092  7.967  55.620  23.344 0.0000000000
57093  8.737  54.852  21.127 0.0000000000
57094  8.403  54.604  21.789 0.0000000000
57095  8.702  54.222  21.064 0.0000000000
57096  8.643  53.609  21.027 0.0000000000
59373  9.294  50.787  37.714 0.0000000000
59378  10.739  50.035  35.592 0.0000000000
60795  14.188  56.623  20.280 0.0000000000
60796  13.635  57.280  20.707 0.0000000000
60797  13.789  57.495  19.893 0.0000000000
60798  13.244  59.215  18.371 0.0000000000
60799  13.063  59.033  19.211 0.0000000000
60800  12.700  59.708  18.843 0.0000000000
60801  12.119  60.230  19.212 0.0000000000
60802  12.337  60.331  18.424 0.0000000000
60803  11.864  63.599  11.552 0.0000000000
60804  11.686  63.734  12.441 0.0000000000
60805  11.216  63.745  11.901 0.0000000000
60806  9.813  62.909  11.682 0.0000000000
60807  10.023  63.298  12.330 0.0000000000
60808  9.745  62.818  12.488 0.0000000000
60809  9.639  62.590  13.225 0.0000000000
60810  9.560  62.122  12.619 0.0000000000
60811  9.431  61.300  12.773 0.0000000000
60812  9.621  61.569  11.977 0.0000000000
60813  9.662  60.518  10.037 0.0000000000
60814  9.775  60.368  10.797 0.0000000000
60815  9.862  59.734  10.123 0.0000000000
60816  10.124  58.979  10.230 0.0000000000
60817  9.904  59.024  9.451 0.0000000000
60818  14.272  65.056  -0.057 0.0000000000
60819  14.231  65.253  0.627 0.0000000000
60820  13.415  65.321  0.163 0.0000000000
60821  11.113  65.504  0.164 0.0000000000
60822  11.744  65.451  0.640 0.0000000000
60823  11.095  65.462  0.924 0.0000000000
60824  11.025  65.244  1.642 0.0000000000
60825  10.473  65.252  1.206 0.0000000000
64282  7.019  53.942  31.968 0.0000000000
64283  6.869  53.889  31.311 0.0000000000
64284  7.107  54.421  31.408 0.0000000000
64285  7.597  55.704  30.188 0.0000000000
64286  7.360  55.278  30.217 0.0000000000
64287  7.520  55.684  29.541 0.0000000000
64288  7.590  55.550  28.882 0.0000000000
64289  7.704  56.088  28.863 0.0000000000
64290  9.001  56.831  29.747 0.0000000000
64291  8.559  56.658  29.918 0.0000000000
64292  8.666  57.144  29.265 0.0000000000
64293  8.263  57.810  27.238 0.0000000000
64294  8.224  57.411  28.008 0.0000000000
64295  8.058  57.376  27.272 0.0000000000
64296  7.953  56.895  27.330 0.0000000000
64297  7.942  57.179  26.531 0.0000000000
64298  7.833  56.887  25.773 0.0000000000
64299  7.887  57.432  25.739 0.0000000000
64300  8.179  58.514  24.250 0.0000000000
64301  8.006  57.948  24.276 0.0000000000
64302  8.113  58.239  23.582 0.0000000000
64303  8.161  57.780  22.800 0.0000000000
64304  8.221  58.430  22.802 0.0000000000
67995  16.401  58.543  14.079 0.0000000000
67996  15.660  58.978  14.232 0.0000000000
67997  16.244  59.327  13.744 0.0000000000
67998  16.329  60.931  12.473 0.0000000000
67999  16.023  60.843  13.108 0.0000000000
68000  15.739  61.387  12.652 0.0000000000
68001  15.114  61.794  12.901 0.0000000000
68002  15.348  61.687  12.159 0.0000000000
68003  17.174  59.867  9.605 0.0000000000
68004  16.868  60.079  10.375 0.0000000000
68005  16.245  60.141  9.715 0.0000000000
68006  14.219  61.347  9.601 0.0000000000
68007  14.813  61.133  10.140 0.0000000000
68008  14.240  61.677  10.415 0.0000000000
68009  14.290  62.067  11.185 0.0000000000
68010  13.697  62.227  10.671 0.0000000000
68011  13.137  62.785  10.942 0.0000000000
68012  13.116  62.418  10.161 0.0000000000
68013  11.923  62.817  8.423 0.0000000000
68014  11.892  62.904  9.178 0.0000000000
68015  11.297  63.081  8.739 0.0000000000
68016  10.719  63.221  9.061 0.0000000000
68017  10.735  63.175  8.371 0.0000000000
68018  8.917  65.073  -4.348 0.0000000000
68019  8.996  65.121  -3.510 0.0000000000
68020  8.551  64.767  -3.960 0.0000000000
68021  8.288  62.804  -3.629 0.0000000000
68022  8.257  63.429  -3.193 0.0000000000
68023  8.257  62.560  -2.874 0.0000000000
68024  8.155  62.237  -2.146 0.0000000000
68025  8.284  61.562  -2.572 0.0000000000
73350  7.111  53.503  30.006 0.0000000000
73353  8.581  53.225  27.170 0.0000000000
73358  8.388  54.280  23.987 0.0000000000
73359  8.645  54.197  24.773 0.0000000000
73360  8.750  53.710  23.908 0.0000000000
73362  9.404  52.431  23.825 0.0000000000
73398  20.773  63.297  1.299 0.0000000000
73399  20.574  63.165  1.924 0.0000000000
73400  19.889  63.674  1.341 0.0000000000
73401  19.037  63.919  1.432 0.0000000000
73402  19.134  63.788  0.780 0.0000000000
73405  19.754  61.849  -0.861 0.0000000000
73406  17.332  62.346  -1.111 0.0000000000
73407  18.264  62.489  -0.722 0.0000000000
73408  17.430  62.908  -0.616 0.0000000000
73409  17.472  63.570  -0.060 0.0000000000
73410  16.562  63.477  -0.496 0.0000000000
73411  15.795  64.079  -0.447 0.0000000000
73412  15.729  63.469  -0.950 0.0000000000
73413  14.080  63.028  -2.645 0.0000000000
73414  14.127  63.579  -1.962 0.0000000000
73415  13.326  63.684  -2.606 0.0000000000
73416  12.593  64.308  -2.533 0.0000000000
73417  12.614  63.863  -3.294 0.0000000000
73437  12.065  63.448  -5.615 0.0000000000
73438  11.302  64.004  -5.583 0.0000000000
73439  11.371  64.204  -4.682 0.0000000000
73440  10.665  64.484  -5.400 0.0000000000
73441  10.040  64.834  -5.115 0.0000000000
73442  9.970  64.659  -6.015 0.0000000000
80194  7.013  52.769  33.885 0.0000000000
80195  7.831  53.178  34.318 0.0000000000
80196  7.550  53.393  33.774 0.0000000000
80197  7.948  53.599  33.610 0.0000000000
80198  8.083  54.051  32.948 0.0000000000
80199  8.383  53.689  33.387 0.0000000000
80200  9.200  51.626  35.956 0.0000000000
80201  8.848  52.104  35.597 0.0000000000
80202  9.260  52.020  35.152 0.0000000000
80203  9.988  52.628  33.224 0.0000000000
80204  9.492  52.786  33.690 0.0000000000
80205  9.672  53.197  32.987 0.0000000000
80206  9.319  53.701  32.729 0.0000000000
80207  9.843  53.634  32.344 0.0000000000
80208  9.995  54.151  31.607 0.0000000000
80209  10.342  53.508  31.890 0.0000000000
80210  11.593  52.349  31.183 0.0000000000
80211  11.208  53.018  30.903 0.0000000000
80212  11.662  52.772  30.400 0.0000000000
80213  11.772  53.143  29.637 0.0000000000
80214  12.094  52.421  29.874 0.0000000000
84465  13.603  54.928  26.203 0.0000000000
84466  12.873  55.404  26.640 0.0000000000
84467  13.211  55.780  26.063 0.0000000000
84468  12.478  57.743  24.886 0.0000000000
84469  12.301  57.436  25.635 0.0000000000
84470  11.799  58.142  25.310 0.0000000000
84471  11.100  58.443  25.884 0.0000000000
84472  11.268  58.783  24.995 0.0000000000
84473  12.657  58.565  21.567 0.0000000000
84474  12.627  58.368  22.396 0.0000000000
84475  12.157  59.199  21.987 0.0000000000
84476  10.368  60.451  22.426 0.0000000000
84477  10.959  59.978  22.871 0.0000000000
84478  10.254  60.170  23.265 0.0000000000
84479  10.168  59.803  24.135 0.0000000000
84480  9.655  60.116  23.672 0.0000000000
84481  9.147  59.938  23.961 0.0000000000
84482  9.220  60.298  23.123 0.0000000000
84483  8.785  60.438  20.855 0.0000000000
84484  8.687  60.102  21.786 0.0000000000
84485  8.641  59.853  21.060 0.0000000000
84486  8.575  59.187  21.126 0.0000000000
84487  8.679  59.539  20.272 0.0000000000
84488  14.349  60.049  14.834 0.0000000000
84489  13.975  59.768  15.726 0.0000000000
84490  13.690  60.548  15.313 0.0000000000
84491  12.292  62.191  15.815 0.0000000000
84492  12.491  61.496  16.226 0.0000000000
84493  11.897  61.891  16.627 0.0000000000
84494  11.599  61.627  17.548 0.0000000000
84495  11.297  62.239  16.990 0.0000000000
84496  11.133  63.630  14.069 0.0000000000
84497  11.557  63.531  14.528 0.0000000000
84498  10.816  63.448  14.783 0.0000000000
84499  9.503  62.656  16.321 0.0000000000
84500  10.066  63.011  16.167 0.0000000000
84501  9.756  62.630  16.943 0.0000000000
84502  10.020  62.506  17.574 0.0000000000
84503  9.422  62.234  17.742 0.0000000000
84504  9.219  61.774  18.490 0.0000000000
84505  9.086  61.773  17.743 0.0000000000
84506  8.851  60.080  16.953 0.0000000000
84507  8.890  60.327  17.717 0.0000000000
84508  8.992  59.534  17.717 0.0000000000
84509  8.964  58.968  18.613 0.0000000000
84510  9.064  58.642  17.789 0.0000000000
84511  9.115  57.692  17.908 0.0000000000
84512  8.998  58.229  17.141 0.0000000000
84513  8.719  57.900  15.492 0.0000000000
84514  8.801  57.406  16.053 0.0000000000
84518  9.377  59.621  13.027 0.0000000000
84519  9.133  59.294  13.697 0.0000000000
84533  19.614  61.539  3.438 0.0000000000
84534  19.203  60.911  4.122 0.0000000000
84535  18.692  61.589  3.452 0.0000000000
84536  16.106  62.780  3.095 0.0000000000
84537  16.663  61.995  3.428 0.0000000000
84538  15.739  62.261  3.616 0.0000000000
84539  15.484  61.930  4.313 0.0000000000
84540  14.897  62.563  3.914 0.0000000000
84541  13.859  65.066  1.958 0.0000000000
84542  14.479  64.694  2.388 0.0000000000
84543  13.553  64.756  2.657 0.0000000000
84544  12.335  64.214  4.407 0.0000000000
84545  13.061  64.038  3.959 0.0000000000
84546  12.867  63.762  4.648 0.0000000000
84547  13.390  63.294  4.839 0.0000000000
84548  12.686  63.572  5.388 0.0000000000
84549  12.456  63.250  6.109 0.0000000000
84550  12.031  63.761  5.745 0.0000000000
84551  10.248  63.805  5.890 0.0000000000
84552  10.733  63.730  6.374 0.0000000000
84553  10.104  63.447  6.599 0.0000000000
84554  9.915  63.180  7.382 0.0000000000
84555  9.633  63.006  6.809 0.0000000000
84556  8.900  64.881  -1.843 0.0000000000
84557  9.326  65.169  -1.413 0.0000000000
84558  8.874  64.769  -1.068 0.0000000000
84559  9.035  63.660  0.417 0.0000000000
84560  9.203  64.362  0.261 0.0000000000
84561  9.366  64.148  0.950 0.0000000000
84562  9.716  64.440  1.560 0.0000000000
84563  9.587  63.784  1.680 0.0000000000
84564  9.993  60.064  1.129 0.0000000000
84565  9.614  60.901  0.786 0.0000000000
84566  10.045  60.680  1.633 0.0000000000
84567  10.042  61.383  3.646 0.0000000000
84568  9.974  61.738  2.862 0.0000000000
84569  9.811  62.139  3.418 0.0000000000
84570  9.713  62.925  3.216 0.0000000000
84571  9.683  62.550  3.971 0.0000000000
84572  9.597  62.976  4.489 0.0000000000
84573  9.668  62.231  4.702 0.0000000000
84574  9.420  60.779  6.236 0.0000000000
84575  9.484  61.535  6.086 0.0000000000
84576  9.272  61.238  6.686 0.0000000000
84577  9.142  61.722  7.181 0.0000000000
84578  9.094  61.096  7.318 0.0000000000
84579  9.071  60.891  8.001 0.0000000000
84580  9.039  60.284  7.449 0.0000000000
84581  8.841  58.021  7.073 0.0000000000
84582  9.015  58.599  7.587 0.0000000000
84583  9.203  57.813  7.642 0.0000000000
84584  9.732  57.708  8.282 0.0000000000
92344  11.249  54.665  29.339 0.0000000000
92345  10.870  55.506  29.374 0.0000000000
92346  11.337  55.218  28.881 0.0000000000
92347  11.423  55.754  28.419 0.0000000000
92348  11.533  56.264  27.864 0.0000000000
93091  18.699  60.220  5.669 0.0000000000
94158  8.133  56.451  22.763 0.0000000000
94159  8.114  55.821  22.682 0.0000000000
94160  8.414  55.972  21.990 0.0000000000
94161  8.754  55.512  21.204 0.0000000000
94162  9.087  55.114  20.444 0.0000000000
94163  9.279  54.704  19.731 0.0000000000
94164  9.310  55.400  19.717 0.0000000000
94165  9.373  55.690  18.967 0.0000000000
94166  9.343  55.993  18.180 0.0000000000
96381  14.576  57.070  18.583 0.0000000000
96382  13.958  57.643  19.050 0.0000000000
96383  14.175  57.850  18.223 0.0000000000
96384  13.818  58.670  17.865 0.0000000000
96385  13.456  59.344  17.513 0.0000000000
96386  10.729  63.489  10.564 0.0000000000
96387  10.729  63.608  11.309 0.0000000000
96388  10.208  63.317  10.774 0.0000000000
96389  9.793  62.971  10.955 0.0000000000
96390  9.598  62.411  11.100 0.0000000000
96391  9.629  61.781  11.204 0.0000000000
96392  9.529  61.855  10.521 0.0000000000
96393  9.493  61.264  9.912 0.0000000000
96394  9.455  60.649  9.338 0.0000000000
96395  12.610  65.090  -1.139 0.0000000000
96396  12.594  65.389  -0.430 0.0000000000
96397  11.806  65.399  -0.905 0.0000000000
96398  11.071  65.529  -0.609 0.0000000000
96399  10.520  65.451  -0.371 0.0000000000
98473  7.571  54.635  31.984 0.0000000000
98474  7.334  54.823  31.425 0.0000000000
98475  7.644  55.129  31.359 0.0000000000
98476  7.754  55.617  30.745 0.0000000000
98477  7.866  56.087  30.136 0.0000000000
98478  9.201  57.764  28.374 0.0000000000
98479  8.771  57.610  28.568 0.0000000000
98480  8.885  58.089  27.800 0.0000000000
98481  8.567  58.182  27.164 0.0000000000
98482  8.270  58.143  26.477 0.0000000000
98483  8.043  57.976  25.754 0.0000000000
98484  8.300  58.445  25.683 0.0000000000
98485  8.358  58.749  24.890 0.0000000000
98486  8.385  59.042  24.199 0.0000000000
100701  17.522  59.286  13.127 0.0000000000
100702  16.780  59.659  13.229 0.0000000000
100703  17.255  59.959  12.731 0.0000000000
100704  16.922  60.477  12.304 0.0000000000
100705  16.554  60.734  11.819 0.0000000000
100706  15.830  60.200  8.072 0.0000000000
100707  15.635  60.306  9.037 0.0000000000
100708  15.044  60.657  8.348 0.0000000000
100709  14.362  61.144  8.716 0.0000000000
100710  13.633  61.643  9.037 0.0000000000
100711  13.091  62.147  9.389 0.0000000000
100712  13.087  62.051  8.511 0.0000000000
100713  12.566  62.463  8.068 0.0000000000
100714  12.048  62.853  7.672 0.0000000000
100715  8.050  64.231  -5.323 0.0000000000
100716  8.241  64.242  -4.418 0.0000000000
100717  8.058  63.683  -4.889 0.0000000000
100718  8.225  62.967  -4.465 0.0000000000
100719  8.459  62.143  -4.047 0.0000000000
103914  7.593  54.392  28.830 0.0000000000
103915  7.732  53.711  28.705 0.0000000000
103916  7.957  54.178  28.061 0.0000000000
103917  8.381  53.967  27.241 0.0000000000
103918  8.742  53.658  26.372 0.0000000000
103919  8.562  53.276  22.403 0.0000000000
103920  8.817  53.195  23.114 0.0000000000
103921  8.884  52.694  22.316 0.0000000000
103944  21.658  62.786  1.286 0.0000000000
103945  20.746  63.092  0.610 0.0000000000
103947  18.964  61.745  -1.285 0.0000000000
103948  18.181  61.671  -1.698 0.0000000000
103949  17.313  61.930  -1.621 0.0000000000
103950  16.458  62.307  -1.543 0.0000000000
103951  15.655  62.838  -1.483 0.0000000000
103952  15.665  62.273  -2.080 0.0000000000
103953  14.896  62.477  -2.693 0.0000000000
103954  14.190  62.628  -3.379 0.0000000000
108021  7.221  52.657  34.634 0.0000000000
108022  7.488  52.505  35.297 0.0000000000
108023  7.776  52.756  35.058 0.0000000000
108024  8.142  52.907  34.836 0.0000000000
108025  10.014  51.290  34.932 0.0000000000
108026  9.691  51.887  34.672 0.0000000000
108027  10.090  51.715  34.177 0.0000000000
108028  10.271  52.031  33.452 0.0000000000
108029  10.476  52.416  32.786 0.0000000000
108030  10.665  52.858  32.120 0.0000000000
108031  10.967  52.219  32.328 0.0000000000
108032  11.469  51.957  31.912 0.0000000000
108033  11.891  51.647  31.414 0.0000000000
110583  14.188  55.712  25.116 0.0000000000
110584  13.558  56.157  25.496 0.0000000000
110585  13.783  56.476  24.887 0.0000000000
110586  13.168  57.201  24.478 0.0000000000
110587  12.574  57.972  24.091 0.0000000000
110588  11.844  60.029  20.788 0.0000000000
110589  11.682  59.896  21.636 0.0000000000
110590  11.237  60.460  21.258 0.0000000000
110591  10.607  60.750  21.601 0.0000000000
110592  9.882  60.812  21.918 0.0000000000
110593  9.259  60.635  22.263 0.0000000000
110594  9.468  60.910  21.364 0.0000000000
110595  9.154  60.895  20.704 0.0000000000
110596  8.926  60.839  20.035 0.0000000000
110597  14.140  61.530  14.304 0.0000000000
110598  13.554  61.307  15.050 0.0000000000
110599  13.468  61.983  14.655 0.0000000000
110600  12.797  62.411  15.005 0.0000000000
110601  12.114  62.785  15.391 0.0000000000
110602  10.015  63.054  14.303 0.0000000000
110603  10.212  63.160  14.856 0.0000000000
110604  9.636  62.801  14.991 0.0000000000
110605  9.329  62.503  15.699 0.0000000000
110606  9.129  62.106  16.324 0.0000000000
110607  8.993  61.619  16.998 0.0000000000
110608  8.886  61.427  16.290 0.0000000000
110609  8.785  60.636  16.270 0.0000000000
110610  8.783  59.725  16.300 0.0000000000
110611  8.843  58.768  16.410 0.0000000000
110612  8.660  59.380  15.725 0.0000000000
110613  8.664  58.853  15.315 0.0000000000
110614  8.775  58.390  14.909 0.0000000000
110624  18.532  63.127  2.540 0.0000000000
110625  18.123  62.443  2.935 0.0000000000
110626  17.522  63.204  2.632 0.0000000000
110627  16.548  63.340  2.724 0.0000000000
110628  15.587  63.504  2.883 0.0000000000
110629  12.166  64.984  2.530 0.0000000000
110630  12.708  64.760  2.983 0.0000000000
110631  12.034  64.762  3.308 0.0000000000
110632  11.790  64.519  4.043 0.0000000000
110633  11.629  64.343  4.764 0.0000000000
110634  11.508  64.125  5.430 0.0000000000
110635  10.950  64.327  5.011 0.0000000000
110636  10.347  64.105  5.213 0.0000000000
110637  9.882  63.680  5.412 0.0000000000
110638  8.288  63.710  -1.230 0.0000000000
110639  8.567  64.223  -0.829 0.0000000000
110640  8.407  63.455  -0.654 0.0000000000
110641  8.671  63.120  -0.073 0.0000000000
110642  9.084  62.788  0.536 0.0000000000
110643  10.546  59.509  2.835 0.0000000000
110644  10.332  60.403  2.543 0.0000000000
110645  10.374  60.072  3.395 0.0000000000
110646  10.207  60.554  3.947 0.0000000000
110647  9.998  61.003  4.451 0.0000000000
110648  9.791  61.498  4.989 0.0000000000
110649  9.834  60.647  5.174 0.0000000000
110650  9.596  60.275  5.746 0.0000000000
110651  9.359  59.882  6.321 0.0000000000
110652  9.112  59.585  6.915 0.0000000000
110653  9.168  59.037  6.370 0.0000000000
110654  8.950  58.220  6.436 0.0000000000
110655  8.834  57.381  6.502 0.0000000000
115630  9.326  55.270  31.117 0.0000000000
115631  8.877  55.798  30.885 0.0000000000
115632  9.380  55.859  30.585 0.0000000000
115633  9.419  56.397  30.035 0.0000000000
115634  9.482  56.934  29.490 0.0000000000
115635  10.439  56.294  29.325 0.0000000000
115636  9.990  56.923  29.165 0.0000000000
115637  9.569  57.404  28.842 0.0000000000
115638  9.677  57.829  28.124 0.0000000000
115639  9.818  58.221  27.449 0.0000000000
115640  9.833  58.682  26.668 0.0000000000
117363  19.161  60.137  11.223 0.0000000000
117364  18.327  60.036  11.027 0.0000000000
117365  18.688  60.044  10.455 0.0000000000
117366  18.150  59.863  9.632 0.0000000000
117367  17.528  59.764  8.823 0.0000000000
117368  18.886  59.872  8.132 0.0000000000
117369  17.881  59.812  8.024 0.0000000000
117370  16.819  59.915  7.975 0.0000000000
117371  16.130  60.332  7.196 0.0000000000
117372  15.537  60.900  6.552 0.0000000000
117373  14.967  61.558  5.983 0.0000000000
119862  7.964  55.712  25.684 0.0000000000
119863  8.187  55.142  25.668 0.0000000000
119864  7.997  55.319  24.829 0.0000000000
119865  8.110  54.873  24.041 0.0000000000
119866  8.242  54.375  23.221 0.0000000000
119867  8.146  55.116  22.551 0.0000000000
119868  8.233  54.460  22.455 0.0000000000
119869  8.370  53.895  22.436 0.0000000000
119870  8.533  53.416  21.695 0.0000000000
123056  8.511  51.177  37.739 0.0000000000
123057  8.498  51.639  36.885 0.0000000000
123058  8.898  51.213  37.301 0.0000000000
123059  9.246  51.178  36.807 0.0000000000
123060  9.574  51.069  36.278 0.0000000000
123062  10.010  50.516  36.648 0.0000000000
123063  9.980  50.887  35.709 0.0000000000
123064  10.382  50.647  35.177 0.0000000000
123065  10.742  50.342  34.709 0.0000000000
123066  11.154  50.105  34.249 0.0000000000
125049  14.049  56.273  21.961 0.0000000000
125050  13.547  56.913  22.326 0.0000000000
125051  13.565  57.099  21.510 0.0000000000
125052  13.152  57.915  21.132 0.0000000000
125053  12.755  58.744  20.770 0.0000000000
125054  13.412  58.287  19.529 0.0000000000
125055  12.881  58.888  20.001 0.0000000000
125056  12.364  59.463  20.412 0.0000000000
125057  11.978  60.118  19.991 0.0000000000
125058  11.536  60.710  19.598 0.0000000000
125059  11.106  61.275  19.246 0.0000000000
125060  12.965  63.300  12.586 0.0000000000
125061  12.701  63.419  13.363 0.0000000000
125062  12.204  63.607  12.956 0.0000000000
125063  11.438  63.734  13.300 0.0000000000
125064  10.766  63.644  13.579 0.0000000000
125065  10.572  63.639  12.172 0.0000000000
125066  10.396  63.541  12.964 0.0000000000
125067  10.272  63.397  13.684 0.0000000000
125068  9.840  62.929  13.778 0.0000000000
125069  9.444  62.309  13.852 0.0000000000
125070  9.104  61.525  13.933 0.0000000000
125071  8.886  60.673  14.036 0.0000000000
125072  9.165  60.988  13.437 0.0000000000
125073  9.356  60.454  12.890 0.0000000000
125074  9.589  59.943  12.284 0.0000000000
125075  9.690  60.990  11.395 0.0000000000
125076  9.784  60.156  11.523 0.0000000000
125077  9.919  59.349  11.677 0.0000000000
125078  10.189  58.798  11.050 0.0000000000
125081  15.849  64.849  0.889 0.0000000000
125082  15.747  64.887  1.552 0.0000000000
125083  15.014  65.111  1.109 0.0000000000
125084  14.103  65.229  1.303 0.0000000000
125085  13.155  65.250  1.514 0.0000000000
125086  12.531  65.440  0.368 0.0000000000
125087  12.427  65.381  1.087 0.0000000000
125088  12.296  65.208  1.803 0.0000000000
125089  11.570  65.154  2.075 0.0000000000
125090  10.968  64.995  2.388 0.0000000000
125091  10.402  64.693  2.606 0.0000000000
125092  8.858  59.687  -0.566 0.0000000000
125093  8.893  60.399  -0.173 0.0000000000
125094  9.324  59.568  -0.032 0.0000000000
125095  9.910  59.448  0.658 0.0000000000
125096  10.371  59.249  1.421 0.0000000000
125099  10.643  58.981  2.247 0.0000000000
125100  10.634  58.662  3.026 0.0000000000
125101  10.426  58.351  3.672 0.0000000000
125102  10.094  58.008  4.248 0.0000000000
125103  9.694  57.656  4.754 0.0000000000
129811  6.894  53.700  30.664 0.0000000000
129812  7.079  54.133  30.127 0.0000000000
129813  7.215  54.844  30.833 0.0000000000
129814  7.152  54.776  30.249 0.0000000000
129815  7.303  54.580  29.566 0.0000000000
129816  7.547  54.982  28.851 0.0000000000
129817  7.793  55.382  28.101 0.0000000000
129818  7.962  55.783  27.355 0.0000000000
129819  8.502  56.163  30.495 0.0000000000
129820  8.177  56.421  30.046 0.0000000000
129821  7.958  56.516  29.470 0.0000000000
129822  8.410  57.358  28.682 0.0000000000
129823  8.086  56.972  28.746 0.0000000000
129824  7.866  56.565  28.814 0.0000000000
129825  7.871  56.545  28.121 0.0000000000
129826  7.917  56.340  27.380 0.0000000000
129827  7.899  56.054  26.531 0.0000000000
129828  7.839  56.299  25.723 0.0000000000
129829  7.736  56.475  24.939 0.0000000000
129830  7.788  56.671  24.208 0.0000000000
129831  7.903  57.682  24.973 0.0000000000
129832  7.874  57.345  24.246 0.0000000000
129833  7.946  56.903  23.506 0.0000000000
129834  8.115  57.097  22.788 0.0000000000
129835  8.364  57.324  22.042 0.0000000000
129836  8.608  57.585  21.254 0.0000000000
134511  15.612  58.003  15.462 0.0000000000
134512  14.891  58.499  15.745 0.0000000000
134513  15.233  58.712  14.947 0.0000000000
134514  14.958  59.501  14.498 0.0000000000
134515  14.854  60.339  14.189 0.0000000000
134516  16.098  60.102  13.421 0.0000000000
134517  15.440  60.608  13.624 0.0000000000
134518  14.792  61.068  13.925 0.0000000000
134519  14.739  61.743  13.655 0.0000000000
134520  14.445  62.191  13.203 0.0000000000
134521  14.067  62.540  12.741 0.0000000000
134522  17.478  60.120  10.971 0.0000000000
134523  16.711  60.399  11.089 0.0000000000
134524  16.082  60.834  11.302 0.0000000000
134525  15.483  60.609  9.915 0.0000000000
134526  15.443  60.985  10.715 0.0000000000
134527  15.447  61.335  11.431 0.0000000000
134528  14.898  61.954  11.648 0.0000000000
134529  14.265  62.389  11.917 0.0000000000
134530  13.644  62.859  12.233 0.0000000000
134531  13.107  63.108  11.737 0.0000000000
134532  12.514  63.262  11.226 0.0000000000
134533  11.967  63.423  10.708 0.0000000000
134534  12.507  62.642  9.664 0.0000000000
134535  11.971  63.106  9.904 0.0000000000
134536  11.382  63.420  10.215 0.0000000000
134537  10.726  63.362  9.835 0.0000000000
134538  10.186  63.213  9.380 0.0000000000
134539  9.674  63.034  8.895 0.0000000000
134540  10.039  65.277  -3.335 0.0000000000
134541  9.935  65.368  -2.504 0.0000000000
134542  9.402  65.357  -3.024 0.0000000000
134543  8.947  65.049  -2.658 0.0000000000
134544  8.595  64.507  -2.282 0.0000000000
134545  8.344  64.182  -3.545 0.0000000000
134546  8.375  64.064  -2.714 0.0000000000
134547  8.320  63.845  -1.928 0.0000000000
134548  8.188  62.972  -1.681 0.0000000000
134549  8.176  61.924  -1.476 0.0000000000
134550  8.251  60.826  -1.258 0.0000000000
134556  8.506  60.892  -2.994 0.0000000000
134557  8.314  60.451  -2.344 0.0000000000
134558  8.261  59.993  -1.719 0.0000000000
134559  8.503  59.782  -1.081 0.0000000000
141180  8.448  54.589  25.623 0.0000000000
141181  8.752  53.983  25.570 0.0000000000
141182  9.029  53.276  25.527 0.0000000000
141183  9.101  53.094  23.875 0.0000000000
141184  9.260  52.867  24.678 0.0000000000
141228  20.460  61.385  3.609 0.0000000000
141229  20.038  62.204  2.952 0.0000000000
141230  21.222  62.479  2.568 0.0000000000
141231  20.349  62.784  2.500 0.0000000000
141232  19.495  63.030  2.495 0.0000000000
141233  18.844  63.628  2.055 0.0000000000
141234  18.203  64.075  1.633 0.0000000000
141235  17.547  64.301  1.162 0.0000000000
141237  20.666  62.545  0.083 0.0000000000
141238  19.913  63.002  0.122 0.0000000000
141239  19.033  62.177  -0.800 0.0000000000
141240  19.101  62.766  -0.330 0.0000000000
141241  19.157  63.350  0.220 0.0000000000
141242  18.366  63.684  0.368 0.0000000000
141243  17.546  64.058  0.548 0.0000000000
141244  16.678  64.418  0.695 0.0000000000
141245  15.837  64.561  0.236 0.0000000000
141246  15.032  64.665  -0.306 0.0000000000
141247  14.237  64.655  -0.750 0.0000000000
141248  14.916  63.511  -1.438 0.0000000000
141249  14.206  64.153  -1.372 0.0000000000
141250  13.419  64.674  -1.265 0.0000000000
141251  12.582  64.740  -1.814 0.0000000000
141252  11.889  64.833  -2.388 0.0000000000
141253  11.335  64.984  -3.002 0.0000000000
141272  15.129  61.918  -3.979 0.0000000000
141273  14.302  62.338  -4.076 0.0000000000
141274  13.489  62.839  -4.117 0.0000000000
141276  12.743  63.120  -4.851 0.0000000000
141277  12.632  63.458  -4.122 0.0000000000
141278  11.980  64.054  -3.990 0.0000000000
141279  11.379  64.612  -3.827 0.0000000000
141280  10.723  65.028  -3.610 0.0000000000
141281  10.029  65.108  -4.201 0.0000000000
141282  9.438  65.040  -4.754 0.0000000000
141283  8.843  64.891  -5.261 0.0000000000
141284  9.285  64.702  -6.540 0.0000000000
141285  8.739  64.751  -6.191 0.0000000000
141286  8.295  64.595  -5.802 0.0000000000
141287  7.910  64.110  -6.270 0.0000000000
146072  12.869  53.987  27.250 0.0000000000
146128  16.637  57.961  14.692 0.0000000000
146129  17.086  58.277  14.057 0.0000000000
146132  17.656  58.698  13.596 0.0000000000
146133  18.183  59.109  13.197 0.0000000000
146134  18.682  59.472  12.781 0.0000000000
146135  19.071  59.857  12.400 0.0000000000
149471  6.901  53.381  32.549 0.0000000000
149472  7.165  53.818  32.605 0.0000000000
149473  7.235  53.111  33.864 0.0000000000
149474  7.348  53.609  33.194 0.0000000000
149475  7.462  54.128  32.570 0.0000000000
149476  7.811  54.348  32.472 0.0000000000
149477  8.191  54.520  32.288 0.0000000000
149478  8.625  54.654  32.030 0.0000000000
149479  8.502  52.106  36.016 0.0000000000
149480  8.490  52.556  35.271 0.0000000000
149481  8.540  52.864  34.538 0.0000000000
149482  9.368  52.426  34.446 0.0000000000
149483  8.995  52.846  34.167 0.0000000000
149484  8.674  53.257  33.812 0.0000000000
149485  8.811  53.704  33.070 0.0000000000
149486  8.989  54.198  32.373 0.0000000000
149487  9.171  54.730  31.733 0.0000000000
149488  9.668  54.740  31.329 0.0000000000
149489  10.159  54.660  30.948 0.0000000000
149490  10.633  54.429  30.525 0.0000000000
149491  10.788  53.297  31.401 0.0000000000
149492  10.914  53.696  30.713 0.0000000000
149493  11.074  54.162  30.025 0.0000000000
149494  11.492  53.898  29.459 0.0000000000
149495  11.909  53.538  28.915 0.0000000000
149496  12.349  53.181  28.374 0.0000000000
149731  11.992  50.509  32.245 0.0000000000
149732  12.270  50.892  31.554 0.0000000000
149733  12.437  51.324  30.837 0.0000000000
149736  12.535  51.652  30.084 0.0000000000
154605  12.532  54.925  27.252 0.0000000000
154606  12.104  55.850  27.258 0.0000000000
154607  11.703  56.644  27.133 0.0000000000
154608  12.760  56.602  25.860 0.0000000000
154609  11.972  57.019  26.362 0.0000000000
154610  11.260  57.417  26.979 0.0000000000
154611  10.903  58.076  26.696 0.0000000000
154612  10.444  58.704  26.295 0.0000000000
154613  9.978  59.114  25.820 0.0000000000
154614  13.099  57.486  22.821 0.0000000000
154615  12.623  58.144  23.260 0.0000000000
154616  12.059  58.728  23.686 0.0000000000
154617  11.606  59.686  22.406 0.0000000000
154618  11.522  59.391  23.264 0.0000000000
154619  11.411  59.107  24.166 0.0000000000
154620  10.648  59.389  24.592 0.0000000000
154621  10.083  59.486  25.047 0.0000000000
154622  9.526  59.453  25.284 0.0000000000
154623  9.068  59.564  24.747 0.0000000000
154624  8.680  59.572  24.134 0.0000000000
154625  8.446  59.408  23.460 0.0000000000
154626  8.864  60.274  22.530 0.0000000000
154627  8.604  59.780  22.653 0.0000000000
154628  8.347  59.136  22.739 0.0000000000
154629  8.390  58.807  21.963 0.0000000000
154630  8.569  58.420  21.181 0.0000000000
154631  8.839  57.948  20.395 0.0000000000
154632  14.283  59.014  16.160 0.0000000000
154633  13.711  59.537  16.625 0.0000000000
154634  13.140  60.055  17.088 0.0000000000
154635  13.074  61.036  15.790 0.0000000000
154636  12.808  60.784  16.648 0.0000000000
154637  12.556  60.535  17.547 0.0000000000
154638  11.956  60.982  18.001 0.0000000000
154639  11.347  61.426  18.429 0.0000000000
154640  10.707  61.768  18.758 0.0000000000
154641  12.330  63.382  14.172 0.0000000000
154642  11.907  63.248  14.935 0.0000000000
154643  11.441  63.045  15.709 0.0000000000
154644  10.445  63.240  15.441 0.0000000000
154645  10.759  63.141  16.011 0.0000000000
154646  11.021  62.793  16.503 0.0000000000
154647  10.638  62.527  17.303 0.0000000000
154648  10.330  62.176  18.187 0.0000000000
154649  10.076  61.908  19.049 0.0000000000
154650  9.460  61.730  19.203 0.0000000000
154651  9.023  61.330  19.225 0.0000000000
154652  8.854  60.750  19.339 0.0000000000
154653  8.903  61.086  17.739 0.0000000000
154654  8.850  60.600  18.565 0.0000000000
154655  8.807  60.057  19.357 0.0000000000
154656  8.823  59.283  19.421 0.0000000000
154657  8.916  58.445  19.515 0.0000000000
154658  9.031  57.588  19.578 0.0000000000
154659  9.171  57.191  18.746 0.0000000000
154660  9.230  56.801  18.026 0.0000000000
154661  9.143  56.436  17.456 0.0000000000
154662  8.918  57.827  16.569 0.0000000000
154663  8.973  56.918  16.743 0.0000000000
154668  8.851  59.773  14.158 0.0000000000
154669  8.922  58.859  14.313 0.0000000000
154687  18.887  60.449  4.854 0.0000000000
154688  17.991  60.608  4.737 0.0000000000
154689  17.663  61.758  3.363 0.0000000000
154690  17.308  61.248  3.980 0.0000000000
154691  17.036  60.900  4.728 0.0000000000
154692  16.115  61.290  4.864 0.0000000000
154693  15.229  61.734  5.149 0.0000000000
154694  14.404  62.146  5.546 0.0000000000
154695  15.459  64.614  2.174 0.0000000000
154696  15.059  64.160  2.623 0.0000000000
154697  14.661  63.689  3.141 0.0000000000
154698  13.306  64.380  3.298 0.0000000000
154699  13.817  63.862  3.517 0.0000000000
154700  14.239  63.259  3.739 0.0000000000
154701  14.110  62.917  4.328 0.0000000000
154702  13.897  62.716  5.153 0.0000000000
154703  13.656  62.452  5.993 0.0000000000
154704  12.913  62.757  6.445 0.0000000000
154705  12.238  63.011  6.896 0.0000000000
154706  11.612  63.227  7.267 0.0000000000
154707  11.398  63.828  6.106 0.0000000000
154708  11.189  63.547  6.833 0.0000000000
154709  10.936  63.283  7.573 0.0000000000
154710  10.312  63.219  7.871 0.0000000000
154711  9.794  63.033  8.119 0.0000000000
154712  9.366  62.660  8.278 0.0000000000
154713  9.852  65.385  -1.669 0.0000000000
154714  9.905  65.320  -0.953 0.0000000000
154715  9.962  65.261  -0.136 0.0000000000
154716  9.009  64.650  -0.435 0.0000000000
154717  9.547  64.873  0.072 0.0000000000
154718  10.019  65.086  0.663 0.0000000000
154719  10.003  64.893  1.418 0.0000000000
154720  10.029  64.638  2.084 0.0000000000
154721  9.987  64.251  2.851 0.0000000000
154722  9.084  61.190  0.159 0.0000000000
154723  9.301  61.847  0.635 0.0000000000
154724  9.484  62.421  1.192 0.0000000000
154725  10.038  61.263  2.221 0.0000000000
154726  9.811  62.094  1.983 0.0000000000
154727  9.621  62.955  1.814 0.0000000000
154728  9.636  63.325  2.441 0.0000000000
154729  9.764  63.656  3.053 0.0000000000
154730  9.899  63.922  3.610 0.0000000000
154731  9.797  63.624  4.284 0.0000000000
154732  9.637  63.437  4.930 0.0000000000
154733  9.604  63.076  5.622 0.0000000000
154734  9.622  61.897  5.438 0.0000000000
154735  9.520  62.339  5.858 0.0000000000
154736  9.535  62.732  6.319 0.0000000000
154737  9.362  62.438  7.004 0.0000000000
154738  9.209  62.196  7.715 0.0000000000
154739  9.119  62.100  8.457 0.0000000000
154740  9.109  61.473  8.584 0.0000000000
154741  9.217  60.759  8.692 0.0000000000
154742  9.340  59.981  8.729 0.0000000000
154743  8.979  59.427  7.533 0.0000000000
154744  9.167  59.301  8.143 0.0000000000
154745  9.548  59.168  8.791 0.0000000000
154746  9.858  58.384  8.879 0.0000000000
154749  9.285  57.233  5.240 0.0000000000
