#!ascii label  , from subject fsaverage vox2ras=TkReg
1927
39  31.030  -41.118  -9.030 0.0000000000
155  30.584  -62.247  -9.315 0.0000000000
336  26.170  -14.510  -31.673 0.0000000000
342  23.103  -64.028  -5.675 0.0000000000
343  33.775  -51.751  -7.780 0.0000000000
344  29.654  -45.740  -15.383 0.0000000000
612  26.750  -29.807  -20.047 0.0000000000
613  32.728  -24.288  -22.677 0.0000000000
821  27.938  -47.071  -6.006 0.0000000000
822  29.435  -52.356  -5.418 0.0000000000
823  34.212  -45.962  -7.047 0.0000000000
825  35.630  -39.482  -10.676 0.0000000000
1366  30.182  -27.067  -21.049 0.0000000000
1367  26.823  -23.048  -26.373 0.0000000000
1391  31.852  -38.729  -19.362 0.0000000000
1756  22.917  -16.898  -28.267 0.0000000000
1758  24.960  -9.490  -33.272 0.0000000000
1767  23.962  -59.064  -6.592 0.0000000000
1768  29.280  -58.271  -4.810 0.0000000000
1769  32.410  -57.332  -8.535 0.0000000000
1770  29.906  -54.027  -12.880 0.0000000000
1771  33.256  -49.627  -12.360 0.0000000000
1772  35.020  -42.350  -15.638 0.0000000000
1773  37.348  -35.104  -18.591 0.0000000000
1988  23.077  -48.321  -7.580 0.0000000000
1989  25.940  -41.507  -8.867 0.0000000000
2463  24.685  -35.811  -13.820 0.0000000000
2472  30.542  -34.917  -14.296 0.0000000000
2473  34.385  -32.787  -15.438 0.0000000000
2474  36.615  -29.926  -17.755 0.0000000000
2476  29.937  -20.328  -28.568 0.0000000000
2741  29.784  -43.953  -6.996 0.0000000000
2742  31.317  -46.443  -5.858 0.0000000000
2743  33.005  -43.343  -7.564 0.0000000000
2744  35.253  -42.780  -8.754 0.0000000000
2745  33.535  -40.371  -9.509 0.0000000000
3310  29.307  -60.512  -11.652 0.0000000000
3903  23.897  -56.688  -6.574 0.0000000000
3904  32.329  -52.010  -5.945 0.0000000000
3905  29.540  -55.330  -5.212 0.0000000000
3906  31.998  -55.117  -5.898 0.0000000000
3907  31.629  -58.192  -5.860 0.0000000000
3908  33.265  -54.657  -8.177 0.0000000000
3909  32.985  -53.585  -10.585 0.0000000000
3910  34.073  -51.088  -9.974 0.0000000000
3912  36.195  -43.803  -13.336 0.0000000000
3913  37.114  -40.177  -15.135 0.0000000000
3914  36.150  -38.804  -17.240 0.0000000000
3915  37.860  -36.353  -16.482 0.0000000000
4363  22.701  -44.883  -8.512 0.0000000000
4364  24.721  -44.720  -7.434 0.0000000000
4365  23.668  -41.453  -9.099 0.0000000000
5534  25.833  -32.818  -16.914 0.0000000000
5535  28.740  -31.927  -17.131 0.0000000000
5536  32.717  -34.032  -14.721 0.0000000000
5537  30.923  -30.922  -17.625 0.0000000000
5538  31.549  -25.765  -21.801 0.0000000000
5539  33.634  -28.244  -18.993 0.0000000000
5540  34.654  -26.742  -19.798 0.0000000000
5541  37.243  -28.548  -19.220 0.0000000000
5542  35.575  -25.223  -20.886 0.0000000000
5543  23.997  -15.521  -30.231 0.0000000000
5544  26.251  -18.804  -29.349 0.0000000000
5545  28.057  -17.400  -30.383 0.0000000000
5611  29.439  -49.666  -14.194 0.0000000000
6085  25.765  -50.525  -6.165 0.0000000000
6086  26.515  -53.312  -5.757 0.0000000000
6087  28.965  -49.768  -5.366 0.0000000000
6088  32.079  -49.174  -5.710 0.0000000000
6089  34.353  -48.841  -7.249 0.0000000000
6090  35.258  -48.343  -9.327 0.0000000000
6091  35.843  -45.459  -8.843 0.0000000000
6092  36.785  -42.055  -10.543 0.0000000000
7066  28.580  -28.504  -20.469 0.0000000000
7067  26.856  -26.620  -23.299 0.0000000000
7068  28.584  -25.430  -24.313 0.0000000000
7069  30.077  -24.086  -25.173 0.0000000000
7071  30.105  -15.927  -30.587 0.0000000000
7098  25.489  -64.446  -4.219 0.0000000000
7111  30.389  -42.131  -17.274 0.0000000000
7112  28.281  -43.921  -17.037 0.0000000000
7113  29.363  -40.217  -19.135 0.0000000000
7936  22.630  -18.663  -26.243 0.0000000000
7939  22.465  -12.425  -30.547 0.0000000000
7942  25.225  -11.877  -32.499 0.0000000000
7961  23.809  -60.966  -6.717 0.0000000000
7962  26.747  -55.755  -5.858 0.0000000000
7963  26.703  -58.348  -5.671 0.0000000000
7964  26.198  -61.230  -5.039 0.0000000000
7965  28.902  -61.335  -4.447 0.0000000000
7967  31.431  -59.966  -8.876 0.0000000000
7968  30.428  -58.365  -11.182 0.0000000000
7969  31.635  -56.006  -10.950 0.0000000000
7970  31.499  -51.703  -12.749 0.0000000000
7971  31.600  -47.716  -13.981 0.0000000000
7972  35.094  -47.446  -11.549 0.0000000000
7973  34.037  -45.895  -13.633 0.0000000000
7974  32.367  -44.132  -15.575 0.0000000000
7975  33.387  -40.720  -17.635 0.0000000000
7976  34.872  -37.225  -19.331 0.0000000000
8551  25.335  -47.738  -6.344 0.0000000000
8552  27.158  -44.360  -7.094 0.0000000000
8553  28.436  -41.533  -8.840 0.0000000000
9943  23.475  -38.284  -11.363 0.0000000000
9944  25.889  -38.709  -11.158 0.0000000000
9945  28.331  -38.736  -11.243 0.0000000000
9971  27.602  -35.483  -13.977 0.0000000000
9972  31.291  -38.102  -11.520 0.0000000000
9973  33.584  -37.207  -12.013 0.0000000000
9974  35.508  -36.121  -12.909 0.0000000000
9975  36.873  -34.956  -14.249 0.0000000000
9976  32.429  -29.677  -18.265 0.0000000000
9977  35.664  -31.417  -16.456 0.0000000000
9978  37.692  -33.660  -15.999 0.0000000000
9979  37.992  -32.416  -17.930 0.0000000000
9982  24.722  -20.130  -27.650 0.0000000000
9983  28.484  -21.762  -27.657 0.0000000000
9984  31.354  -22.551  -25.983 0.0000000000
9985  31.575  -18.827  -29.270 0.0000000000
9986  32.553  -20.913  -26.768 0.0000000000
9987  33.822  -22.640  -23.580 0.0000000000
10063  28.858  -56.680  -13.067 0.0000000000
10421  30.499  -42.494  -7.945 0.0000000000
10422  31.449  -43.676  -7.153 0.0000000000
10423  32.088  -42.207  -8.175 0.0000000000
10424  33.364  -41.893  -8.543 0.0000000000
10425  32.336  -40.773  -9.236 0.0000000000
10989  29.582  -62.429  -10.743 0.0000000000
10990  30.033  -61.429  -10.541 0.0000000000
11583  23.725  -55.370  -6.562 0.0000000000
11584  33.179  -51.971  -6.706 0.0000000000
11585  32.128  -53.594  -5.968 0.0000000000
11586  33.059  -53.447  -6.852 0.0000000000
11587  32.792  -54.907  -6.879 0.0000000000
11588  33.539  -53.206  -7.986 0.0000000000
11589  33.649  -52.890  -9.104 0.0000000000
11590  34.046  -51.484  -8.852 0.0000000000
11594  37.524  -38.295  -15.787 0.0000000000
12044  23.286  -43.158  -8.560 0.0000000000
13214  26.419  -31.391  -18.446 0.0000000000
13215  27.760  -30.828  -18.647 0.0000000000
13216  29.931  -31.463  -17.371 0.0000000000
13217  28.828  -30.259  -18.831 0.0000000000
13218  32.237  -25.020  -22.214 0.0000000000
13219  33.100  -26.150  -20.696 0.0000000000
13220  33.598  -25.405  -21.158 0.0000000000
13221  35.117  -25.974  -20.329 0.0000000000
13222  34.126  -24.645  -21.625 0.0000000000
13223  25.006  -15.087  -31.147 0.0000000000
13224  25.985  -16.614  -30.656 0.0000000000
13225  27.035  -15.945  -31.106 0.0000000000
13291  29.443  -47.606  -14.705 0.0000000000
13292  28.563  -48.726  -14.852 0.0000000000
13293  28.584  -46.692  -15.439 0.0000000000
13981  26.893  -48.748  -5.981 0.0000000000
13982  27.461  -50.165  -5.708 0.0000000000
13983  28.535  -48.431  -5.620 0.0000000000
13984  32.833  -46.227  -6.296 0.0000000000
13985  31.744  -47.771  -5.679 0.0000000000
13986  33.183  -47.602  -6.247 0.0000000000
13987  33.365  -48.997  -6.341 0.0000000000
13988  34.398  -47.365  -7.105 0.0000000000
13989  35.204  -47.169  -8.007 0.0000000000
13990  35.095  -45.757  -7.856 0.0000000000
13991  35.519  -41.155  -9.675 0.0000000000
13992  36.109  -42.414  -9.574 0.0000000000
13993  36.377  -40.713  -10.526 0.0000000000
13995  36.442  -39.115  -11.409 0.0000000000
15618  25.962  -23.560  -25.596 0.0000000000
15619  26.893  -24.908  -24.887 0.0000000000
15620  27.818  -24.354  -25.521 0.0000000000
15621  29.393  -24.750  -24.755 0.0000000000
15622  28.564  -23.820  -26.108 0.0000000000
15691  31.029  -40.416  -18.326 0.0000000000
15692  29.640  -41.104  -18.148 0.0000000000
15693  30.448  -39.495  -19.162 0.0000000000
17426  23.716  -8.711  -32.921 0.0000000000
17428  23.482  -9.727  -32.479 0.0000000000
17429  23.421  -10.883  -32.038 0.0000000000
17430  24.929  -10.636  -32.897 0.0000000000
17468  23.899  -59.971  -6.825 0.0000000000
17469  27.970  -52.770  -5.470 0.0000000000
17470  26.674  -54.511  -5.833 0.0000000000
17471  28.060  -54.035  -5.536 0.0000000000
17472  29.490  -56.734  -5.032 0.0000000000
17473  28.072  -56.870  -5.279 0.0000000000
17474  27.984  -58.221  -5.038 0.0000000000
17475  26.508  -59.707  -5.481 0.0000000000
17476  27.783  -59.736  -4.801 0.0000000000
17477  27.480  -61.353  -4.555 0.0000000000
17478  29.102  -59.789  -4.595 0.0000000000
17479  32.282  -57.858  -7.114 0.0000000000
17480  31.344  -59.615  -5.901 0.0000000000
17481  31.855  -59.269  -7.143 0.0000000000
17483  31.907  -58.618  -8.719 0.0000000000
17484  31.573  -57.952  -9.950 0.0000000000
17485  32.195  -56.707  -9.818 0.0000000000
17486  33.128  -51.625  -11.509 0.0000000000
17487  32.399  -52.731  -11.766 0.0000000000
17488  32.402  -50.671  -12.590 0.0000000000
17489  31.435  -49.652  -13.428 0.0000000000
17490  32.524  -48.701  -13.239 0.0000000000
17491  35.947  -46.526  -10.144 0.0000000000
17492  35.279  -47.958  -10.432 0.0000000000
17493  35.928  -46.177  -11.281 0.0000000000
17494  35.686  -43.122  -14.478 0.0000000000
17495  35.177  -44.943  -13.450 0.0000000000
17496  34.513  -44.166  -14.563 0.0000000000
17497  33.285  -44.988  -14.615 0.0000000000
17498  33.714  -43.288  -15.695 0.0000000000
17499  32.829  -42.467  -16.637 0.0000000000
17500  34.273  -41.600  -16.668 0.0000000000
17501  36.773  -36.935  -17.946 0.0000000000
17502  35.530  -38.042  -18.274 0.0000000000
17503  36.248  -36.220  -19.002 0.0000000000
17504  35.655  -35.369  -20.066 0.0000000000
18849  24.332  -49.658  -6.455 0.0000000000
18850  24.064  -48.138  -6.818 0.0000000000
18851  25.488  -43.057  -8.017 0.0000000000
18852  25.888  -44.521  -7.213 0.0000000000
18853  26.661  -42.960  -7.933 0.0000000000
18854  27.925  -42.864  -7.884 0.0000000000
18855  27.210  -41.531  -8.840 0.0000000000
22294  24.246  -37.131  -12.486 0.0000000000
22295  25.463  -37.235  -12.487 0.0000000000
22296  27.065  -38.752  -11.209 0.0000000000
22297  26.693  -37.242  -12.543 0.0000000000
22361  28.251  -33.638  -15.520 0.0000000000
22362  26.809  -33.952  -15.429 0.0000000000
22363  29.104  -35.221  -14.114 0.0000000000
22364  29.658  -36.869  -12.744 0.0000000000
22365  31.082  -36.516  -12.889 0.0000000000
22366  32.465  -37.670  -11.739 0.0000000000
22367  32.268  -36.098  -13.100 0.0000000000
22368  33.573  -33.425  -15.060 0.0000000000
22369  34.216  -35.064  -13.667 0.0000000000
22370  35.069  -34.475  -14.116 0.0000000000
22371  36.262  -35.586  -13.503 0.0000000000
22372  35.809  -33.846  -14.625 0.0000000000
22373  29.408  -27.785  -20.732 0.0000000000
22374  30.534  -28.954  -19.302 0.0000000000
22375  31.232  -28.294  -19.591 0.0000000000
22376  35.200  -29.031  -18.186 0.0000000000
22377  34.741  -29.755  -17.698 0.0000000000
22378  36.171  -30.669  -17.058 0.0000000000
22379  36.873  -32.497  -16.002 0.0000000000
22380  37.289  -31.781  -16.872 0.0000000000
22381  37.884  -33.062  -16.903 0.0000000000
22382  37.593  -31.117  -17.699 0.0000000000
22383  37.472  -27.912  -20.130 0.0000000000
22384  37.794  -29.815  -19.533 0.0000000000
22388  22.699  -17.801  -27.267 0.0000000000
22389  23.364  -19.301  -26.964 0.0000000000
22390  23.772  -18.588  -28.021 0.0000000000
22391  28.214  -19.619  -29.082 0.0000000000
22392  27.374  -20.300  -28.542 0.0000000000
22393  29.181  -21.060  -28.154 0.0000000000
22394  30.063  -22.353  -27.096 0.0000000000
22395  30.765  -21.675  -27.557 0.0000000000
22397  30.798  -17.386  -29.944 0.0000000000
22402  33.123  -21.611  -25.098 0.0000000000
22403  34.345  -21.836  -24.078 0.0000000000
22404  35.180  -23.091  -22.737 0.0000000000
22591  30.186  -56.178  -12.050 0.0000000000
22592  29.637  -57.549  -12.157 0.0000000000
22593  29.384  -55.421  -12.918 0.0000000000
23365  28.961  -45.401  -6.354 0.0000000000
23366  29.650  -46.713  -5.823 0.0000000000
23367  30.627  -45.164  -6.336 0.0000000000
23368  32.255  -44.935  -6.619 0.0000000000
23369  33.709  -44.667  -7.193 0.0000000000
23370  34.801  -44.386  -7.882 0.0000000000
23371  34.233  -43.074  -8.122 0.0000000000
23372  34.497  -41.539  -9.035 0.0000000000
23373  34.688  -39.912  -9.993 0.0000000000
24349  24.962  -22.193  -26.126 0.0000000000
24389  29.014  -61.553  -11.688 0.0000000000
24390  28.679  -59.646  -12.544 0.0000000000
24391  32.692  -36.990  -20.475 0.0000000000
24392  31.244  -37.675  -20.397 0.0000000000
25434  25.154  -8.400  -33.628 0.0000000000
25457  23.995  -57.940  -6.529 0.0000000000
25458  30.945  -52.165  -5.479 0.0000000000
25459  29.579  -53.864  -5.350 0.0000000000
25460  30.945  -53.719  -5.434 0.0000000000
25461  30.889  -55.204  -5.370 0.0000000000
25462  30.734  -56.717  -5.202 0.0000000000
25463  30.632  -58.305  -5.042 0.0000000000
25464  31.848  -56.643  -5.870 0.0000000000
25465  32.590  -56.480  -6.943 0.0000000000
25466  32.886  -56.044  -8.323 0.0000000000
25467  32.762  -55.521  -9.607 0.0000000000
25468  33.234  -54.259  -9.324 0.0000000000
25469  33.500  -52.416  -10.224 0.0000000000
25470  33.789  -50.438  -11.210 0.0000000000
25474  36.666  -42.009  -14.295 0.0000000000
25475  36.176  -41.358  -15.405 0.0000000000
25476  35.590  -40.669  -16.440 0.0000000000
25477  36.707  -39.515  -16.205 0.0000000000
25478  37.207  -37.618  -16.921 0.0000000000
25479  37.685  -35.760  -17.490 0.0000000000
26285  22.909  -46.663  -8.033 0.0000000000
26286  23.945  -46.487  -7.316 0.0000000000
26287  23.663  -44.870  -7.887 0.0000000000
26288  24.368  -43.113  -8.180 0.0000000000
26289  24.776  -41.453  -8.944 0.0000000000
28394  27.300  -32.397  -17.030 0.0000000000
28395  29.765  -33.286  -15.673 0.0000000000
28396  31.672  -34.501  -14.485 0.0000000000
28397  30.909  -32.926  -15.874 0.0000000000
28398  31.916  -32.381  -16.190 0.0000000000
28399  32.770  -31.816  -16.505 0.0000000000
28400  30.945  -26.427  -21.368 0.0000000000
28401  31.929  -27.594  -19.919 0.0000000000
28402  32.503  -26.900  -20.296 0.0000000000
28403  34.139  -27.497  -19.376 0.0000000000
28404  35.683  -28.212  -18.765 0.0000000000
28405  36.938  -29.220  -18.477 0.0000000000
28406  36.085  -27.500  -19.341 0.0000000000
28407  36.465  -26.816  -19.978 0.0000000000
28408  36.791  -26.211  -20.679 0.0000000000
28409  23.346  -16.091  -29.249 0.0000000000
28410  24.368  -17.814  -28.981 0.0000000000
28411  25.113  -17.167  -29.885 0.0000000000
28412  27.046  -18.121  -29.973 0.0000000000
28413  29.025  -18.862  -29.479 0.0000000000
28531  29.629  -51.844  -13.577 0.0000000000
28532  28.984  -53.253  -13.557 0.0000000000
28533  28.630  -50.917  -14.322 0.0000000000
29557  24.581  -52.305  -6.369 0.0000000000
29558  24.952  -53.722  -6.272 0.0000000000
29559  26.149  -51.996  -5.941 0.0000000000
29560  27.766  -51.542  -5.447 0.0000000000
29561  29.200  -51.061  -5.325 0.0000000000
29562  30.122  -48.069  -5.497 0.0000000000
29563  30.548  -49.399  -5.354 0.0000000000
29564  30.759  -50.762  -5.428 0.0000000000
29565  32.186  -50.573  -5.804 0.0000000000
29566  33.319  -50.434  -6.504 0.0000000000
29567  34.091  -50.264  -7.549 0.0000000000
29568  34.476  -50.039  -8.601 0.0000000000
29569  34.927  -48.652  -8.249 0.0000000000
29570  35.700  -46.884  -9.067 0.0000000000
29571  36.325  -45.207  -9.819 0.0000000000
29572  35.685  -44.137  -8.710 0.0000000000
29573  36.337  -43.835  -9.641 0.0000000000
31846  27.706  -29.187  -20.287 0.0000000000
31847  26.805  -28.196  -21.608 0.0000000000
31848  27.718  -27.560  -22.028 0.0000000000
31849  28.527  -26.905  -22.342 0.0000000000
31850  26.071  -25.423  -24.134 0.0000000000
31851  27.732  -26.053  -23.872 0.0000000000
31852  29.372  -26.195  -22.676 0.0000000000
31853  30.107  -25.485  -23.021 0.0000000000
31854  30.773  -24.784  -23.418 0.0000000000
31855  31.423  -24.033  -23.820 0.0000000000
31856  27.609  -13.933  -31.799 0.0000000000
31857  28.224  -15.241  -31.259 0.0000000000
31920  24.184  -64.241  -4.791 0.0000000000
31951  29.976  -43.989  -16.215 0.0000000000
31952  28.826  -44.844  -16.137 0.0000000000
31953  29.133  -42.970  -17.081 0.0000000000
31954  28.711  -42.044  -17.941 0.0000000000
31955  28.752  -41.374  -18.912 0.0000000000
31956  30.197  -38.576  -20.225 0.0000000000
31957  29.595  -39.469  -20.235 0.0000000000
34159  22.143  -16.303  -27.535 0.0000000000
34163  22.453  -14.521  -29.439 0.0000000000
34164  23.059  -13.950  -30.399 0.0000000000
34165  24.199  -13.542  -31.407 0.0000000000
34172  22.159  -11.105  -30.810 0.0000000000
34173  23.663  -12.156  -31.655 0.0000000000
34174  25.528  -13.147  -32.088 0.0000000000
34175  27.067  -12.664  -32.280 0.0000000000
34223  23.566  -62.406  -6.311 0.0000000000
34224  25.245  -54.993  -6.230 0.0000000000
34225  25.408  -56.127  -6.258 0.0000000000
34226  25.418  -57.424  -6.250 0.0000000000
34227  28.122  -55.494  -5.469 0.0000000000
34228  26.737  -57.064  -5.802 0.0000000000
34229  25.356  -58.618  -6.240 0.0000000000
34230  25.291  -59.727  -6.244 0.0000000000
34231  25.020  -61.016  -5.907 0.0000000000
34232  24.659  -62.637  -5.334 0.0000000000
34233  25.824  -62.843  -4.655 0.0000000000
34234  27.255  -62.927  -4.300 0.0000000000
34235  28.619  -62.872  -4.373 0.0000000000
34236  30.370  -59.791  -4.981 0.0000000000
34237  30.109  -61.256  -4.988 0.0000000000
34241  31.037  -61.143  -9.145 0.0000000000
34242  30.593  -60.383  -10.331 0.0000000000
34243  31.052  -59.228  -10.086 0.0000000000
34244  30.978  -57.091  -11.083 0.0000000000
34245  30.859  -54.961  -12.063 0.0000000000
34246  32.301  -54.776  -10.900 0.0000000000
34247  31.605  -53.926  -11.891 0.0000000000
34248  30.638  -52.791  -12.845 0.0000000000
34249  30.532  -50.693  -13.557 0.0000000000
34250  30.471  -48.662  -14.046 0.0000000000
34251  30.604  -46.668  -14.662 0.0000000000
34252  34.622  -49.709  -9.675 0.0000000000
34253  34.561  -49.201  -10.879 0.0000000000
34254  34.188  -48.522  -11.971 0.0000000000
34255  35.666  -45.582  -12.409 0.0000000000
34256  34.663  -46.724  -12.620 0.0000000000
34257  33.605  -47.730  -12.956 0.0000000000
34258  32.879  -46.802  -13.854 0.0000000000
34259  31.973  -45.915  -14.649 0.0000000000
34260  30.956  -44.922  -15.489 0.0000000000
34261  31.357  -43.175  -16.446 0.0000000000
34262  31.863  -41.473  -17.506 0.0000000000
34263  32.518  -39.680  -18.521 0.0000000000
34264  34.872  -39.902  -17.490 0.0000000000
34265  34.082  -38.966  -18.502 0.0000000000
34266  33.372  -38.044  -19.485 0.0000000000
34267  34.235  -36.313  -20.298 0.0000000000
35917  24.437  -51.026  -6.337 0.0000000000
35918  25.588  -49.187  -6.117 0.0000000000
35919  26.611  -47.330  -6.188 0.0000000000
35920  25.051  -46.269  -6.799 0.0000000000
35921  26.257  -45.967  -6.596 0.0000000000
35922  27.541  -45.666  -6.496 0.0000000000
35923  28.469  -44.131  -7.027 0.0000000000
35924  29.184  -42.715  -7.889 0.0000000000
35925  29.717  -41.350  -8.941 0.0000000000
40064  23.688  -39.783  -10.131 0.0000000000
40065  24.822  -39.886  -10.019 0.0000000000
40067  24.709  -38.532  -11.222 0.0000000000
40068  25.982  -40.077  -9.900 0.0000000000
40069  27.176  -40.180  -9.949 0.0000000000
40070  28.499  -40.160  -9.996 0.0000000000
40071  29.828  -39.978  -10.107 0.0000000000
40148  25.280  -34.183  -15.339 0.0000000000
40149  26.141  -35.678  -13.878 0.0000000000
40150  28.161  -37.138  -12.604 0.0000000000
40151  29.840  -38.475  -11.377 0.0000000000
40152  31.321  -39.651  -10.267 0.0000000000
40153  32.533  -39.251  -10.467 0.0000000000
40154  33.680  -38.770  -10.764 0.0000000000
40155  34.753  -38.301  -11.190 0.0000000000
40156  33.252  -35.606  -13.324 0.0000000000
40157  34.599  -36.689  -12.368 0.0000000000
40158  35.707  -37.820  -11.772 0.0000000000
40159  36.445  -37.312  -12.481 0.0000000000
40162  29.752  -29.661  -19.003 0.0000000000
40163  31.738  -30.346  -17.930 0.0000000000
40164  33.475  -31.169  -16.890 0.0000000000
40165  33.042  -28.977  -18.603 0.0000000000
40166  34.134  -30.471  -17.277 0.0000000000
40167  35.082  -32.111  -15.895 0.0000000000
40168  36.411  -33.159  -15.283 0.0000000000
40169  37.334  -34.342  -15.066 0.0000000000
40171  37.963  -34.994  -16.190 0.0000000000
40172  38.012  -34.362  -17.237 0.0000000000
40173  37.898  -33.812  -18.301 0.0000000000
40174  37.734  -30.416  -18.560 0.0000000000
40175  37.964  -31.781  -19.012 0.0000000000
40180  23.094  -20.009  -25.847 0.0000000000
40181  24.112  -20.751  -26.589 0.0000000000
40182  25.731  -21.621  -27.086 0.0000000000
40183  25.451  -19.477  -28.542 0.0000000000
40184  26.545  -20.975  -27.886 0.0000000000
40185  27.620  -22.448  -27.069 0.0000000000
40186  29.385  -23.104  -26.610 0.0000000000
40187  30.751  -23.348  -25.571 0.0000000000
40188  31.981  -23.307  -24.263 0.0000000000
40189  29.123  -16.682  -30.574 0.0000000000
40190  29.884  -18.170  -29.719 0.0000000000
40191  30.769  -19.562  -28.963 0.0000000000
40193  32.118  -20.083  -28.333 0.0000000000
40194  31.460  -20.924  -27.933 0.0000000000
40195  31.917  -21.686  -26.363 0.0000000000
40196  32.513  -22.479  -24.689 0.0000000000
40197  33.282  -23.451  -23.124 0.0000000000
40198  34.587  -23.879  -22.165 0.0000000000
40199  36.061  -24.549  -21.526 0.0000000000
40423  29.892  -59.566  -11.385 0.0000000000
40424  29.135  -58.709  -12.310 0.0000000000
40425  28.467  -57.763  -13.234 0.0000000000
40426  28.516  -54.629  -13.703 0.0000000000
40427  28.288  -55.880  -13.870 0.0000000000
40432  28.061  -45.864  -16.270 0.0000000000
41141  30.774  -41.818  -8.529 0.0000000000
41142  31.302  -42.387  -8.040 0.0000000000
41143  31.573  -41.662  -8.604 0.0000000000
41144  32.245  -41.542  -8.664 0.0000000000
41145  31.694  -40.939  -9.142 0.0000000000
41709  30.149  -62.410  -10.019 0.0000000000
41710  30.400  -61.890  -9.953 0.0000000000
42304  33.488  -51.899  -7.200 0.0000000000
42305  33.127  -52.703  -6.773 0.0000000000
42306  33.419  -52.615  -7.294 0.0000000000
42307  33.326  -53.372  -7.363 0.0000000000
42308  33.669  -52.474  -7.906 0.0000000000
42309  33.815  -52.359  -8.457 0.0000000000
42310  33.950  -51.626  -8.307 0.0000000000
43934  26.629  -30.634  -19.227 0.0000000000
43935  27.262  -30.334  -19.355 0.0000000000
43936  28.323  -30.546  -18.738 0.0000000000
43937  27.708  -30.034  -19.475 0.0000000000
43938  32.500  -24.652  -22.435 0.0000000000
43939  32.853  -25.226  -21.655 0.0000000000
43940  33.138  -24.838  -21.880 0.0000000000
43941  33.841  -25.048  -21.385 0.0000000000
43942  33.444  -24.439  -22.115 0.0000000000
43943  25.418  -14.747  -31.342 0.0000000000
43944  26.018  -15.555  -31.193 0.0000000000
43945  26.545  -15.263  -31.369 0.0000000000
44011  29.574  -46.688  -15.011 0.0000000000
44012  29.002  -47.162  -15.080 0.0000000000
44013  29.107  -46.190  -15.386 0.0000000000
44701  27.433  -47.904  -5.965 0.0000000000
44702  27.762  -48.578  -5.797 0.0000000000
44703  28.278  -47.714  -5.827 0.0000000000
44704  33.513  -46.095  -6.627 0.0000000000
44705  33.036  -46.867  -6.264 0.0000000000
44706  33.732  -46.760  -6.661 0.0000000000
44707  33.822  -47.463  -6.647 0.0000000000
44708  34.342  -46.665  -7.078 0.0000000000
44709  34.777  -46.589  -7.469 0.0000000000
44710  34.657  -45.870  -7.427 0.0000000000
44711  35.601  -40.292  -10.171 0.0000000000
44712  35.975  -40.937  -10.099 0.0000000000
44713  36.034  -40.086  -10.563 0.0000000000
44714  36.430  -39.886  -10.992 0.0000000000
44715  36.054  -39.292  -11.057 0.0000000000
46338  26.407  -23.296  -25.991 0.0000000000
46339  26.854  -24.011  -25.635 0.0000000000
46340  27.295  -23.724  -25.936 0.0000000000
46341  28.196  -24.086  -25.818 0.0000000000
46342  27.732  -23.425  -26.280 0.0000000000
46411  31.357  -39.603  -18.810 0.0000000000
46412  30.693  -39.930  -18.744 0.0000000000
46413  31.039  -39.113  -19.257 0.0000000000
48146  24.317  -9.114  -33.168 0.0000000000
48147  23.540  -9.178  -32.681 0.0000000000
48148  24.272  -9.637  -32.917 0.0000000000
48149  24.201  -10.226  -32.811 0.0000000000
48150  24.967  -10.068  -33.079 0.0000000000
48184  23.268  -59.336  -6.673 0.0000000000
48186  23.292  -59.829  -6.800 0.0000000000
48187  23.213  -60.209  -6.993 0.0000000000
48188  24.001  -59.525  -6.736 0.0000000000
48189  28.722  -52.464  -5.438 0.0000000000
48190  28.034  -53.356  -5.533 0.0000000000
48191  28.751  -53.186  -5.452 0.0000000000
48192  29.380  -57.510  -4.884 0.0000000000
48193  28.707  -57.515  -4.983 0.0000000000
48194  28.614  -58.249  -4.866 0.0000000000
48195  27.861  -59.016  -4.932 0.0000000000
48196  28.556  -59.013  -4.729 0.0000000000
48197  28.420  -59.781  -4.613 0.0000000000
48198  29.238  -58.986  -4.704 0.0000000000
48199  32.423  -57.616  -7.813 0.0000000000
48200  32.070  -58.551  -7.159 0.0000000000
48201  32.177  -58.331  -7.825 0.0000000000
48202  31.937  -59.004  -7.893 0.0000000000
48203  32.147  -57.989  -8.567 0.0000000000
48204  32.025  -57.667  -9.227 0.0000000000
48205  32.340  -57.041  -9.162 0.0000000000
48206  33.168  -50.628  -11.941 0.0000000000
48207  32.809  -51.185  -12.074 0.0000000000
48208  32.819  -50.117  -12.522 0.0000000000
48209  32.416  -49.680  -12.949 0.0000000000
48210  32.897  -49.151  -12.840 0.0000000000
48211  36.254  -45.674  -10.565 0.0000000000
48212  35.967  -46.370  -10.704 0.0000000000
48214  35.362  -42.724  -15.063 0.0000000000
48215  35.109  -43.619  -14.559 0.0000000000
48216  34.786  -43.254  -15.088 0.0000000000
48217  34.124  -43.725  -15.137 0.0000000000
48218  34.415  -42.854  -15.632 0.0000000000
48219  34.002  -42.476  -16.158 0.0000000000
48220  34.705  -42.028  -16.136 0.0000000000
48221  37.065  -36.025  -18.312 0.0000000000
48222  36.487  -36.574  -18.526 0.0000000000
48223  36.846  -35.682  -18.852 0.0000000000
48224  36.607  -35.351  -19.343 0.0000000000
48225  37.110  -34.779  -19.143 0.0000000000
49568  23.088  -49.139  -7.340 0.0000000000
49569  23.693  -49.024  -6.933 0.0000000000
49570  23.570  -48.214  -7.177 0.0000000000
49571  25.747  -42.257  -8.421 0.0000000000
49572  26.057  -43.013  -7.961 0.0000000000
49573  26.337  -42.261  -8.381 0.0000000000
49574  26.920  -42.258  -8.352 0.0000000000
49575  26.533  -41.516  -8.843 0.0000000000
53013  24.092  -35.805  -13.797 0.0000000000
53014  24.503  -36.504  -13.143 0.0000000000
53015  25.129  -36.552  -13.129 0.0000000000
53016  26.087  -37.248  -12.511 0.0000000000
53017  25.719  -36.529  -13.176 0.0000000000
53081  29.444  -34.216  -14.888 0.0000000000
53082  28.695  -34.365  -14.809 0.0000000000
53083  29.829  -35.073  -14.212 0.0000000000
53084  30.142  -35.928  -13.486 0.0000000000
53085  30.860  -35.717  -13.604 0.0000000000
53086  31.699  -36.319  -12.983 0.0000000000
53087  31.434  -35.513  -13.705 0.0000000000
53088  33.984  -33.124  -15.238 0.0000000000
53089  34.320  -33.951  -14.544 0.0000000000
53090  34.730  -33.622  -14.768 0.0000000000
53091  35.459  -34.177  -14.355 0.0000000000
53092  35.122  -33.324  -14.970 0.0000000000
53093  29.818  -27.416  -20.861 0.0000000000
53094  30.340  -27.986  -20.093 0.0000000000
53095  30.689  -27.633  -20.255 0.0000000000
53096  35.941  -29.456  -17.920 0.0000000000
53097  35.718  -29.840  -17.626 0.0000000000
53098  36.408  -30.310  -17.401 0.0000000000
53099  36.792  -31.209  -16.913 0.0000000000
53100  36.997  -30.880  -17.269 0.0000000000
53101  37.471  -31.407  -17.334 0.0000000000
53102  37.147  -30.525  -17.642 0.0000000000
53108  22.785  -17.331  -27.768 0.0000000000
53109  23.177  -18.157  -27.627 0.0000000000
53110  23.331  -17.715  -28.143 0.0000000000
53111  29.084  -19.994  -28.821 0.0000000000
53112  28.700  -20.344  -28.594 0.0000000000
53113  29.584  -20.697  -28.407 0.0000000000
53114  30.080  -21.421  -27.939 0.0000000000
53115  30.382  -21.039  -28.124 0.0000000000
53122  34.020  -21.276  -24.772 0.0000000000
53311  30.037  -55.042  -12.472 0.0000000000
53312  29.726  -55.795  -12.531 0.0000000000
53313  29.598  -54.691  -12.886 0.0000000000
54301  29.420  -44.654  -6.653 0.0000000000
54302  29.826  -45.280  -6.328 0.0000000000
54303  30.250  -44.540  -6.654 0.0000000000
54304  32.244  -43.512  -7.325 0.0000000000
54305  31.838  -44.289  -6.844 0.0000000000
54306  32.652  -44.125  -7.062 0.0000000000
54307  33.021  -44.820  -6.886 0.0000000000
54308  33.411  -43.992  -7.359 0.0000000000
54309  33.990  -43.872  -7.647 0.0000000000
54310  33.637  -43.202  -7.816 0.0000000000
54311  33.477  -41.157  -8.979 0.0000000000
54312  33.950  -41.717  -8.770 0.0000000000
54313  34.054  -40.956  -9.194 0.0000000000
54314  34.605  -40.739  -9.479 0.0000000000
54315  34.122  -40.131  -9.740 0.0000000000
55941  24.555  -22.469  -25.629 0.0000000000
55942  24.176  -21.770  -25.826 0.0000000000
56006  29.480  -61.484  -11.192 0.0000000000
56007  29.294  -62.007  -11.236 0.0000000000
56008  29.103  -61.025  -11.683 0.0000000000
56009  28.822  -60.595  -12.129 0.0000000000
56010  28.955  -60.074  -12.126 0.0000000000
56012  32.410  -36.459  -20.933 0.0000000000
57748  24.673  -7.549  -33.669 0.0000000000
57749  24.578  -8.080  -33.553 0.0000000000
57750  25.207  -7.864  -33.772 0.0000000000
57787  23.295  -58.190  -6.569 0.0000000000
57788  23.987  -57.312  -6.530 0.0000000000
57789  31.656  -52.099  -5.651 0.0000000000
57790  30.994  -52.961  -5.455 0.0000000000
57791  31.642  -52.906  -5.640 0.0000000000
57792  32.098  -54.347  -5.960 0.0000000000
57793  31.543  -54.408  -5.620 0.0000000000
57794  31.521  -55.157  -5.604 0.0000000000
57795  30.813  -55.944  -5.313 0.0000000000
57796  31.381  -55.929  -5.540 0.0000000000
57797  31.327  -56.681  -5.499 0.0000000000
57798  31.892  -55.870  -5.852 0.0000000000
57799  33.093  -54.792  -7.519 0.0000000000
57800  32.721  -55.690  -6.935 0.0000000000
57801  32.965  -55.547  -7.563 0.0000000000
57802  32.801  -56.292  -7.624 0.0000000000
57803  33.103  -55.343  -8.239 0.0000000000
57804  33.100  -55.177  -8.806 0.0000000000
57805  33.287  -54.493  -8.718 0.0000000000
57806  33.856  -51.959  -9.570 0.0000000000
57807  33.599  -52.677  -9.657 0.0000000000
57808  33.793  -51.732  -10.147 0.0000000000
57809  33.656  -51.477  -10.725 0.0000000000
57810  33.962  -50.783  -10.585 0.0000000000
57816  36.880  -41.107  -14.739 0.0000000000
57817  36.444  -41.696  -14.854 0.0000000000
57818  36.686  -40.816  -15.284 0.0000000000
57819  36.440  -40.493  -15.809 0.0000000000
57820  36.923  -39.845  -15.691 0.0000000000
57821  37.691  -37.367  -16.122 0.0000000000
57822  37.378  -37.970  -16.363 0.0000000000
57823  37.587  -37.054  -16.638 0.0000000000
57824  37.462  -36.731  -17.152 0.0000000000
57825  37.781  -36.064  -16.988 0.0000000000
59168  22.797  -45.768  -8.257 0.0000000000
59169  23.290  -45.757  -7.927 0.0000000000
59170  23.173  -44.877  -8.195 0.0000000000
59171  23.492  -42.248  -8.771 0.0000000000
59172  23.809  -43.150  -8.345 0.0000000000
59173  24.029  -42.283  -8.622 0.0000000000
59174  24.593  -42.282  -8.527 0.0000000000
59175  24.255  -41.493  -8.988 0.0000000000
62681  27.558  -31.610  -17.828 0.0000000000
62682  26.874  -31.860  -17.772 0.0000000000
62683  28.014  -32.165  -17.081 0.0000000000
62684  28.523  -32.753  -16.373 0.0000000000
62685  29.270  -32.527  -16.438 0.0000000000
62686  30.337  -33.102  -15.775 0.0000000000
62687  29.828  -32.346  -16.525 0.0000000000
62688  30.448  -31.216  -17.477 0.0000000000
62689  30.954  -31.933  -16.763 0.0000000000
62690  31.433  -31.656  -16.909 0.0000000000
62691  32.356  -32.088  -16.361 0.0000000000
62692  31.867  -31.386  -17.046 0.0000000000
62693  31.230  -26.106  -21.586 0.0000000000
62694  31.743  -26.616  -20.808 0.0000000000
62695  32.081  -26.278  -21.002 0.0000000000
62696  33.903  -26.451  -20.200 0.0000000000
62697  33.646  -26.824  -19.996 0.0000000000
62698  34.401  -27.143  -19.564 0.0000000000
62699  34.940  -27.852  -19.013 0.0000000000
62700  35.201  -27.455  -19.252 0.0000000000
62701  35.862  -27.866  -19.040 0.0000000000
62702  35.377  -27.092  -19.496 0.0000000000
62703  35.370  -25.596  -20.625 0.0000000000
62704  35.792  -26.385  -20.101 0.0000000000
62705  36.023  -26.023  -20.389 0.0000000000
62706  36.638  -26.488  -20.324 0.0000000000
62707  36.264  -25.674  -20.736 0.0000000000
62708  23.705  -15.808  -29.744 0.0000000000
62709  24.238  -16.671  -29.632 0.0000000000
62710  24.624  -16.376  -30.099 0.0000000000
62711  27.069  -17.088  -30.647 0.0000000000
62712  26.615  -17.375  -30.347 0.0000000000
62713  27.550  -17.799  -30.222 0.0000000000
62714  28.110  -18.492  -29.780 0.0000000000
62715  28.519  -18.166  -29.962 0.0000000000
62911  29.518  -50.724  -13.952 0.0000000000
62912  29.135  -51.374  -13.977 0.0000000000
62913  28.980  -50.209  -14.277 0.0000000000
64981  25.158  -51.479  -6.249 0.0000000000
64982  25.321  -52.124  -6.241 0.0000000000
64983  25.983  -51.249  -6.059 0.0000000000
64984  28.216  -49.990  -5.506 0.0000000000
64985  27.609  -50.898  -5.561 0.0000000000
64986  28.361  -50.688  -5.366 0.0000000000
64987  28.513  -51.295  -5.352 0.0000000000
64988  29.120  -50.443  -5.299 0.0000000000
64989  30.499  -46.589  -5.807 0.0000000000
64990  29.885  -47.425  -5.633 0.0000000000
64991  30.704  -47.258  -5.617 0.0000000000
64992  31.934  -48.486  -5.694 0.0000000000
64993  31.183  -48.579  -5.520 0.0000000000
64994  31.314  -49.283  -5.467 0.0000000000
64995  30.715  -50.062  -5.396 0.0000000000
64996  31.481  -49.952  -5.531 0.0000000000
64997  31.519  -50.666  -5.576 0.0000000000
64998  32.194  -49.860  -5.746 0.0000000000
64999  33.882  -48.939  -6.749 0.0000000000
65000  33.419  -49.711  -6.408 0.0000000000
65001  33.847  -49.659  -6.846 0.0000000000
65002  33.738  -50.354  -6.958 0.0000000000
65003  34.229  -49.585  -7.401 0.0000000000
65004  34.489  -49.530  -7.915 0.0000000000
65005  34.674  -48.767  -7.717 0.0000000000
65006  35.529  -46.336  -8.388 0.0000000000
65007  35.474  -47.044  -8.528 0.0000000000
65008  35.807  -46.204  -8.867 0.0000000000
65009  36.009  -46.040  -9.423 0.0000000000
65010  36.113  -45.335  -9.326 0.0000000000
65011  35.032  -43.598  -8.316 0.0000000000
65012  35.267  -44.256  -8.277 0.0000000000
65013  35.486  -43.448  -8.691 0.0000000000
65014  36.480  -42.223  -10.054 0.0000000000
65015  36.253  -43.136  -9.582 0.0000000000
65016  36.569  -42.957  -10.076 0.0000000000
65017  36.615  -43.679  -10.155 0.0000000000
65018  36.832  -42.771  -10.609 0.0000000000
69888  26.367  -26.874  -22.966 0.0000000000
69889  26.787  -27.436  -22.457 0.0000000000
69890  27.219  -27.127  -22.695 0.0000000000
69891  28.129  -27.240  -22.216 0.0000000000
69892  27.666  -26.843  -22.937 0.0000000000
69896  27.781  -25.251  -24.769 0.0000000000
69897  27.352  -25.526  -24.460 0.0000000000
69898  28.161  -25.752  -24.107 0.0000000000
69899  28.533  -26.175  -23.346 0.0000000000
69900  28.910  -25.832  -23.527 0.0000000000
69901  29.738  -25.849  -22.854 0.0000000000
69902  29.276  -25.484  -23.738 0.0000000000
69903  29.756  -24.448  -24.949 0.0000000000
69904  30.052  -24.800  -24.118 0.0000000000
69905  30.412  -24.424  -24.312 0.0000000000
69906  31.102  -24.426  -23.625 0.0000000000
69907  30.722  -24.065  -24.506 0.0000000000
69908  28.290  -13.647  -31.747 0.0000000000
69909  28.565  -14.256  -31.487 0.0000000000
70044  24.810  -64.355  -4.486 0.0000000000
70045  23.953  -65.037  -4.499 0.0000000000
70111  30.193  -43.051  -16.764 0.0000000000
70112  29.491  -43.449  -16.671 0.0000000000
70113  29.707  -42.496  -17.161 0.0000000000
70114  29.412  -40.606  -18.622 0.0000000000
70115  29.127  -41.573  -18.058 0.0000000000
70116  28.998  -41.137  -18.529 0.0000000000
70117  28.735  -41.620  -18.469 0.0000000000
70118  29.025  -40.780  -18.971 0.0000000000
70119  31.098  -37.218  -20.880 0.0000000000
70120  30.718  -38.118  -20.266 0.0000000000
70121  30.632  -37.639  -20.812 0.0000000000
75301  22.278  -14.875  -28.961 0.0000000000
75304  22.304  -13.417  -29.966 0.0000000000
75305  22.767  -13.210  -30.413 0.0000000000
75306  23.649  -13.790  -30.936 0.0000000000
75307  23.243  -12.961  -30.981 0.0000000000
75326  24.243  -11.368  -32.305 0.0000000000
75327  23.475  -11.480  -31.847 0.0000000000
75328  24.394  -12.035  -32.189 0.0000000000
75329  24.642  -12.711  -32.010 0.0000000000
75330  25.384  -12.528  -32.334 0.0000000000
75331  26.386  -12.961  -32.286 0.0000000000
75332  26.083  -12.307  -32.547 0.0000000000
75439  23.147  -61.028  -7.075 0.0000000000
75441  23.120  -61.613  -6.950 0.0000000000
75442  22.961  -62.321  -6.800 0.0000000000
75443  23.722  -61.670  -6.562 0.0000000000
75444  25.737  -53.530  -6.017 0.0000000000
75445  25.145  -54.343  -6.243 0.0000000000
75446  25.882  -54.166  -5.992 0.0000000000
75447  26.785  -55.037  -5.817 0.0000000000
75448  26.105  -55.260  -6.029 0.0000000000
75449  26.086  -55.942  -6.028 0.0000000000
75450  25.379  -56.813  -6.237 0.0000000000
75451  26.066  -56.613  -6.026 0.0000000000
75452  29.544  -54.616  -5.322 0.0000000000
75453  28.856  -54.674  -5.395 0.0000000000
75454  28.828  -55.409  -5.299 0.0000000000
75455  27.380  -57.623  -5.420 0.0000000000
75456  27.453  -56.933  -5.515 0.0000000000
75457  26.764  -57.731  -5.707 0.0000000000
75458  26.051  -57.841  -5.998 0.0000000000
75459  26.015  -58.454  -5.987 0.0000000000
75460  25.332  -59.121  -6.286 0.0000000000
75461  25.994  -59.082  -5.943 0.0000000000
75462  26.395  -60.422  -5.261 0.0000000000
75463  25.827  -60.372  -5.665 0.0000000000
75464  25.572  -61.118  -5.471 0.0000000000
75465  24.853  -61.833  -5.655 0.0000000000
75466  25.429  -61.967  -5.188 0.0000000000
75467  25.232  -62.731  -4.939 0.0000000000
75468  26.026  -62.036  -4.806 0.0000000000
75469  28.166  -61.389  -4.457 0.0000000000
75470  27.355  -62.156  -4.411 0.0000000000
75471  28.072  -62.134  -4.340 0.0000000000
75472  27.927  -62.910  -4.267 0.0000000000
75473  28.749  -62.106  -4.423 0.0000000000
75474  31.175  -58.271  -5.388 0.0000000000
75475  30.455  -59.072  -4.973 0.0000000000
75476  31.038  -59.029  -5.356 0.0000000000
75477  31.218  -60.299  -5.905 0.0000000000
75478  30.788  -60.429  -5.407 0.0000000000
75479  30.604  -61.169  -5.408 0.0000000000
75480  29.962  -61.999  -4.994 0.0000000000
75488  31.247  -60.684  -8.924 0.0000000000
75489  31.059  -60.248  -9.603 0.0000000000
75490  31.296  -59.571  -9.519 0.0000000000
75491  31.612  -56.910  -10.499 0.0000000000
75492  31.309  -57.545  -10.539 0.0000000000
75493  31.277  -56.486  -11.055 0.0000000000
75494  30.895  -56.005  -11.591 0.0000000000
75495  31.297  -55.508  -11.555 0.0000000000
75496  32.893  -54.607  -10.089 0.0000000000
75497  32.562  -55.149  -10.262 0.0000000000
75498  32.700  -54.221  -10.812 0.0000000000
75499  31.958  -52.178  -12.290 0.0000000000
75500  31.988  -53.289  -11.886 0.0000000000
75501  31.566  -52.832  -12.353 0.0000000000
75502  31.184  -53.356  -12.410 0.0000000000
75503  31.083  -52.309  -12.780 0.0000000000
75504  30.551  -51.721  -13.222 0.0000000000
75505  31.023  -51.200  -13.174 0.0000000000
75506  31.498  -48.673  -13.689 0.0000000000
75507  30.973  -49.140  -13.770 0.0000000000
75508  30.973  -48.128  -14.032 0.0000000000
75509  30.495  -47.634  -14.330 0.0000000000
75510  31.131  -47.134  -14.334 0.0000000000
75511  34.876  -49.203  -8.930 0.0000000000
75512  34.572  -49.898  -9.139 0.0000000000
75513  34.957  -49.041  -9.491 0.0000000000
75514  35.241  -47.720  -11.011 0.0000000000
75515  34.933  -48.616  -10.608 0.0000000000
75516  34.817  -48.292  -11.190 0.0000000000
75517  34.397  -48.874  -11.426 0.0000000000
75518  34.627  -47.947  -11.787 0.0000000000
75521  35.961  -44.747  -12.835 0.0000000000
75522  34.620  -45.484  -13.509 0.0000000000
75523  34.916  -45.869  -13.001 0.0000000000
75524  34.379  -46.335  -13.102 0.0000000000
75525  34.141  -47.187  -12.832 0.0000000000
75526  33.831  -46.771  -13.286 0.0000000000
75527  33.281  -47.279  -13.419 0.0000000000
75528  33.470  -46.340  -13.738 0.0000000000
75529  32.840  -44.570  -15.113 0.0000000000
75530  32.625  -45.446  -14.668 0.0000000000
75531  32.188  -45.033  -15.099 0.0000000000
75532  31.495  -45.414  -15.056 0.0000000000
75533  31.663  -44.545  -15.537 0.0000000000
75534  31.124  -44.028  -15.989 0.0000000000
75535  31.885  -43.707  -16.007 0.0000000000
75536  33.088  -41.546  -17.204 0.0000000000
75537  32.344  -42.003  -17.061 0.0000000000
75538  32.630  -41.063  -17.627 0.0000000000
75539  32.183  -40.539  -18.015 0.0000000000
75540  32.934  -40.207  -18.079 0.0000000000
75541  35.843  -39.733  -16.880 0.0000000000
75542  35.254  -40.310  -16.959 0.0000000000
75543  35.516  -39.401  -17.366 0.0000000000
75544  35.209  -37.653  -18.801 0.0000000000
75545  34.847  -38.591  -18.390 0.0000000000
75546  34.457  -38.140  -18.920 0.0000000000
75547  33.715  -38.514  -18.990 0.0000000000
75548  34.085  -37.639  -19.475 0.0000000000
75549  33.754  -37.203  -19.928 0.0000000000
75550  34.536  -36.766  -19.849 0.0000000000
79584  23.763  -51.917  -6.528 0.0000000000
79585  23.701  -51.247  -6.544 0.0000000000
79586  24.886  -48.718  -6.301 0.0000000000
79587  24.969  -49.465  -6.227 0.0000000000
79588  25.492  -48.495  -6.190 0.0000000000
79589  26.103  -48.274  -6.119 0.0000000000
79590  25.977  -47.525  -6.232 0.0000000000
79591  24.379  -45.591  -7.298 0.0000000000
79592  24.489  -46.381  -7.023 0.0000000000
79593  24.906  -45.507  -7.098 0.0000000000
79594  26.508  -44.449  -7.150 0.0000000000
79595  26.070  -45.235  -6.879 0.0000000000
79596  26.692  -45.091  -6.809 0.0000000000
79597  26.861  -45.808  -6.565 0.0000000000
79598  27.325  -45.008  -6.751 0.0000000000
79599  27.992  -44.907  -6.711 0.0000000000
79600  27.843  -44.246  -7.044 0.0000000000
79601  28.158  -42.197  -8.336 0.0000000000
79602  28.545  -42.823  -7.877 0.0000000000
79603  28.816  -42.147  -8.355 0.0000000000
79604  29.462  -42.058  -8.404 0.0000000000
79605  29.070  -41.465  -8.905 0.0000000000
89914  23.012  -38.866  -10.853 0.0000000000
89915  23.615  -38.987  -10.734 0.0000000000
89916  24.255  -39.808  -10.071 0.0000000000
89917  24.225  -39.080  -10.667 0.0000000000
89921  25.174  -37.872  -11.851 0.0000000000
89922  24.572  -37.853  -11.846 0.0000000000
89923  25.302  -38.641  -11.174 0.0000000000
89924  25.375  -39.314  -10.549 0.0000000000
89925  25.971  -39.437  -10.482 0.0000000000
89926  26.571  -40.140  -9.911 0.0000000000
89927  26.556  -39.471  -10.523 0.0000000000
89928  27.692  -38.754  -11.230 0.0000000000
89929  27.806  -39.525  -10.572 0.0000000000
89930  28.413  -39.468  -10.626 0.0000000000
89931  29.170  -40.094  -10.040 0.0000000000
89932  29.071  -39.360  -10.671 0.0000000000
90124  27.192  -34.665  -14.685 0.0000000000
90125  26.052  -34.074  -15.387 0.0000000000
90126  26.442  -34.784  -14.639 0.0000000000
90127  25.741  -34.901  -14.599 0.0000000000
90128  26.870  -35.607  -13.939 0.0000000000
90129  27.245  -36.417  -13.238 0.0000000000
90130  27.964  -36.286  -13.303 0.0000000000
90131  30.488  -37.532  -12.106 0.0000000000
90132  29.759  -37.667  -12.057 0.0000000000
90133  30.579  -38.307  -11.436 0.0000000000
90134  30.603  -39.076  -10.787 0.0000000000
90135  31.346  -38.886  -10.877 0.0000000000
90136  31.935  -39.460  -10.364 0.0000000000
90137  31.965  -38.727  -10.955 0.0000000000
90138  33.034  -37.446  -11.874 0.0000000000
90139  33.083  -38.241  -11.217 0.0000000000
90140  33.668  -38.004  -11.335 0.0000000000
90141  34.218  -38.553  -10.947 0.0000000000
90142  34.197  -37.746  -11.551 0.0000000000
90143  32.238  -34.299  -14.567 0.0000000000
90144  32.488  -35.065  -13.913 0.0000000000
90145  32.971  -34.835  -14.020 0.0000000000
90146  34.879  -35.609  -13.230 0.0000000000
90147  34.403  -35.890  -13.017 0.0000000000
90148  35.074  -36.405  -12.628 0.0000000000
90149  35.186  -37.254  -12.002 0.0000000000
90150  35.637  -36.988  -12.306 0.0000000000
90151  36.116  -37.554  -12.111 0.0000000000
90152  36.047  -36.714  -12.649 0.0000000000
90153  36.595  -35.277  -13.871 0.0000000000
90154  36.735  -36.133  -13.389 0.0000000000
90155  37.012  -35.823  -13.800 0.0000000000
90158  28.138  -28.852  -20.391 0.0000000000
90159  28.740  -29.376  -19.613 0.0000000000
90160  29.176  -29.028  -19.742 0.0000000000
90161  31.472  -29.306  -18.797 0.0000000000
90162  31.132  -29.646  -18.623 0.0000000000
90163  32.131  -30.030  -18.089 0.0000000000
90164  32.615  -30.745  -17.392 0.0000000000
90165  32.990  -30.398  -17.551 0.0000000000
90166  32.802  -27.882  -19.433 0.0000000000
90167  32.487  -28.261  -19.255 0.0000000000
90168  33.321  -28.646  -18.779 0.0000000000
90169  35.238  -30.575  -17.080 0.0000000000
90170  34.449  -30.115  -17.486 0.0000000000
90171  34.967  -30.917  -16.836 0.0000000000
90172  34.635  -31.266  -16.617 0.0000000000
90173  35.379  -31.776  -16.169 0.0000000000
90174  35.772  -32.593  -15.574 0.0000000000
90175  36.081  -32.259  -15.863 0.0000000000
90176  37.360  -33.040  -15.987 0.0000000000
90177  37.181  -33.388  -15.559 0.0000000000
90178  37.529  -34.011  -15.506 0.0000000000
90182  37.878  -34.389  -16.033 0.0000000000
90183  37.960  -32.742  -17.408 0.0000000000
90184  37.990  -33.733  -17.077 0.0000000000
90185  38.016  -33.421  -17.614 0.0000000000
90186  37.974  -34.082  -17.771 0.0000000000
90187  38.018  -33.130  -18.121 0.0000000000
90188  37.090  -28.876  -18.856 0.0000000000
90189  37.445  -29.770  -18.507 0.0000000000
90190  37.524  -29.444  -18.920 0.0000000000
90192  37.926  -30.762  -19.247 0.0000000000
90194  37.867  -32.509  -19.175 0.0000000000
90205  22.865  -19.314  -26.074 0.0000000000
90206  23.995  -19.692  -27.360 0.0000000000
90207  23.708  -20.016  -26.763 0.0000000000
90208  24.439  -20.450  -27.082 0.0000000000
90209  24.920  -21.218  -26.880 0.0000000000
90210  25.206  -20.902  -27.327 0.0000000000
90211  25.305  -18.330  -29.241 0.0000000000
90212  24.911  -18.692  -28.798 0.0000000000
90213  25.858  -19.159  -28.972 0.0000000000
90214  27.847  -21.035  -28.122 0.0000000000
90215  26.866  -20.660  -28.231 0.0000000000
90216  27.441  -21.387  -27.804 0.0000000000
90217  27.180  -21.706  -27.516 0.0000000000
90218  28.054  -22.105  -27.389 0.0000000000
90219  28.542  -22.781  -26.889 0.0000000000
90220  28.919  -22.454  -27.188 0.0000000000
90221  30.739  -22.524  -26.579 0.0000000000
90222  30.407  -22.929  -26.366 0.0000000000
90223  31.064  -22.961  -25.774 0.0000000000
90224  31.383  -23.317  -24.908 0.0000000000
90225  31.678  -22.916  -25.135 0.0000000000
90226  29.184  -15.604  -30.945 0.0000000000
90227  28.595  -15.949  -30.931 0.0000000000
90228  29.568  -16.299  -30.566 0.0000000000
90229  31.195  -18.108  -29.592 0.0000000000
90230  30.295  -17.757  -29.878 0.0000000000
90231  30.792  -18.461  -29.466 0.0000000000
90232  30.426  -18.874  -29.355 0.0000000000
90233  31.153  -19.197  -29.111 0.0000000000
90237  32.867  -20.482  -27.003 0.0000000000
90238  32.746  -20.093  -27.760 0.0000000000
90239  32.408  -20.526  -27.590 0.0000000000
90240  31.734  -20.514  -28.163 0.0000000000
90241  32.014  -20.918  -27.419 0.0000000000
90242  31.654  -21.378  -27.235 0.0000000000
90243  32.176  -21.289  -26.587 0.0000000000
90244  33.376  -22.101  -24.326 0.0000000000
90245  32.837  -22.041  -24.880 0.0000000000
90246  33.165  -22.511  -24.104 0.0000000000
90247  32.913  -22.926  -23.881 0.0000000000
90248  33.550  -23.035  -23.346 0.0000000000
90249  33.990  -23.588  -22.616 0.0000000000
90250  34.233  -23.191  -22.870 0.0000000000
90252  35.595  -23.782  -22.099 0.0000000000
90811  30.543  -59.364  -10.828 0.0000000000
90812  30.302  -59.962  -10.869 0.0000000000
90813  30.145  -58.924  -11.322 0.0000000000
90814  29.269  -57.094  -12.637 0.0000000000
90815  29.392  -58.113  -12.289 0.0000000000
90816  29.021  -57.755  -12.695 0.0000000000
90817  28.755  -58.216  -12.761 0.0000000000
90818  28.641  -57.242  -13.141 0.0000000000
90819  28.551  -52.857  -13.949 0.0000000000
90820  28.740  -53.933  -13.600 0.0000000000
90821  28.353  -53.513  -14.039 0.0000000000
90834  28.494  -44.364  -16.597 0.0000000000
90835  28.356  -45.280  -16.203 0.0000000000
90836  28.146  -44.881  -16.609 0.0000000000
92485  30.194  -43.205  -7.480 0.0000000000
92486  30.627  -43.812  -7.069 0.0000000000
92487  31.014  -43.080  -7.564 0.0000000000
92488  31.822  -42.958  -7.685 0.0000000000
92489  32.628  -42.774  -7.867 0.0000000000
92490  33.195  -42.603  -8.070 0.0000000000
92491  32.742  -42.047  -8.343 0.0000000000
92492  32.872  -41.352  -8.803 0.0000000000
92493  32.961  -40.638  -9.299 0.0000000000
93508  29.887  -62.901  -10.145 0.0000000000
93509  29.805  -61.984  -10.652 0.0000000000
93510  29.706  -61.023  -11.146 0.0000000000
94577  23.815  -56.062  -6.544 0.0000000000
94578  32.781  -51.975  -6.284 0.0000000000
94579  32.247  -52.831  -5.939 0.0000000000
94580  32.731  -52.799  -6.282 0.0000000000
94581  32.610  -53.556  -6.348 0.0000000000
94582  32.557  -54.275  -6.388 0.0000000000
94583  32.426  -55.027  -6.328 0.0000000000
94584  32.907  -54.203  -6.855 0.0000000000
94585  33.207  -54.092  -7.386 0.0000000000
94586  33.407  -53.956  -8.048 0.0000000000
94587  33.450  -53.819  -8.558 0.0000000000
94588  33.623  -53.055  -8.535 0.0000000000
94589  33.882  -52.188  -8.999 0.0000000000
94590  34.094  -51.301  -9.403 0.0000000000
94596  37.305  -39.174  -15.537 0.0000000000
94599  37.900  -36.693  -15.871 0.0000000000
95406  23.037  -44.005  -8.466 0.0000000000
95407  22.789  -43.150  -8.802 0.0000000000
95408  23.032  -42.275  -8.942 0.0000000000
95409  23.107  -41.393  -9.258 0.0000000000
97514  27.111  -31.145  -18.569 0.0000000000
97515  28.276  -31.337  -17.918 0.0000000000
97516  29.342  -31.687  -17.260 0.0000000000
97517  28.867  -31.073  -18.001 0.0000000000
97518  29.437  -30.820  -18.108 0.0000000000
97519  29.908  -30.566  -18.208 0.0000000000
97520  31.891  -25.392  -22.036 0.0000000000
97521  32.337  -25.927  -21.234 0.0000000000
97522  32.600  -25.575  -21.443 0.0000000000
97523  33.376  -25.741  -20.940 0.0000000000
97524  34.146  -26.047  -20.430 0.0000000000
97525  34.890  -26.375  -20.036 0.0000000000
97526  34.362  -25.646  -20.693 0.0000000000
97527  34.564  -25.299  -20.922 0.0000000000
97528  34.810  -24.963  -21.175 0.0000000000
97529  24.482  -15.291  -30.697 0.0000000000
97530  24.958  -16.091  -30.509 0.0000000000
97531  25.461  -15.821  -30.905 0.0000000000
97532  26.505  -16.319  -30.971 0.0000000000
97533  27.536  -16.683  -30.772 0.0000000000
97651  29.443  -48.677  -14.458 0.0000000000
97652  28.979  -49.185  -14.524 0.0000000000
97653  28.954  -48.145  -14.779 0.0000000000
97654  28.501  -47.601  -15.154 0.0000000000
97655  28.276  -47.256  -15.513 0.0000000000
98893  26.364  -49.651  -6.028 0.0000000000
98894  26.640  -50.311  -5.963 0.0000000000
98895  27.224  -49.437  -5.832 0.0000000000
98896  28.052  -49.248  -5.646 0.0000000000
98897  28.835  -49.089  -5.483 0.0000000000
98898  32.091  -46.330  -6.029 0.0000000000
98899  31.511  -47.122  -5.698 0.0000000000
98900  32.317  -46.988  -5.939 0.0000000000
98901  32.440  -47.700  -5.902 0.0000000000
98902  32.664  -48.384  -5.961 0.0000000000
98903  32.787  -49.070  -6.006 0.0000000000
98904  33.342  -48.280  -6.323 0.0000000000
98905  33.901  -48.219  -6.700 0.0000000000
98906  34.430  -48.088  -7.171 0.0000000000
98907  34.794  -48.029  -7.624 0.0000000000
98908  34.827  -47.282  -7.530 0.0000000000
98909  35.176  -46.473  -7.911 0.0000000000
98910  35.510  -45.617  -8.325 0.0000000000
98911  35.408  -41.938  -9.218 0.0000000000
98912  35.672  -42.630  -9.093 0.0000000000
98913  35.864  -41.732  -9.635 0.0000000000
98914  36.287  -41.531  -10.087 0.0000000000
98915  36.628  -41.352  -10.532 0.0000000000
98916  36.918  -41.165  -11.018 0.0000000000
98917  36.713  -40.486  -10.952 0.0000000000
98918  36.765  -39.686  -11.421 0.0000000000
98919  36.734  -38.886  -11.816 0.0000000000
101840  25.546  -23.812  -25.208 0.0000000000
101841  26.020  -24.518  -24.857 0.0000000000
101842  26.463  -24.256  -25.244 0.0000000000
101843  27.381  -24.629  -25.244 0.0000000000
101844  28.183  -24.951  -25.009 0.0000000000
101845  28.996  -25.100  -24.567 0.0000000000
101846  28.619  -24.632  -25.236 0.0000000000
101847  29.001  -24.325  -25.466 0.0000000000
101848  29.338  -24.020  -25.708 0.0000000000
101931  26.172  -64.491  -4.012 0.0000000000
101971  30.694  -41.278  -17.808 0.0000000000
101972  29.962  -41.591  -17.720 0.0000000000
101973  30.314  -40.699  -18.275 0.0000000000
101974  30.047  -40.238  -18.675 0.0000000000
101975  29.833  -39.840  -19.131 0.0000000000
105087  21.513  -12.225  -29.569 0.0000000000
105088  21.830  -11.944  -30.044 0.0000000000
105097  22.896  -9.269  -32.134 0.0000000000
105098  22.708  -9.741  -31.860 0.0000000000
105100  23.360  -10.232  -32.234 0.0000000000
105101  24.133  -10.741  -32.521 0.0000000000
105102  24.964  -11.239  -32.699 0.0000000000
105103  25.869  -11.660  -32.668 0.0000000000
105104  25.786  -11.054  -32.836 0.0000000000
105169  23.130  -60.640  -7.059 0.0000000000
105170  23.820  -60.456  -6.814 0.0000000000
105171  27.242  -53.064  -5.555 0.0000000000
105172  26.571  -53.920  -5.776 0.0000000000
105173  27.292  -53.631  -5.638 0.0000000000
105174  27.353  -54.226  -5.669 0.0000000000
105175  27.391  -54.891  -5.700 0.0000000000
105176  29.508  -56.040  -5.123 0.0000000000
105177  28.822  -56.078  -5.206 0.0000000000
105178  28.752  -56.813  -5.101 0.0000000000
105179  28.015  -57.560  -5.174 0.0000000000
105180  27.353  -58.275  -5.336 0.0000000000
105181  26.653  -59.010  -5.578 0.0000000000
105182  27.235  -58.981  -5.246 0.0000000000
105183  27.138  -59.725  -5.083 0.0000000000
105184  27.015  -60.495  -4.940 0.0000000000
105185  26.811  -61.315  -4.750 0.0000000000
105186  27.657  -60.547  -4.680 0.0000000000
105187  28.330  -60.573  -4.529 0.0000000000
105188  28.999  -60.585  -4.525 0.0000000000
105189  32.023  -58.011  -6.478 0.0000000000
105190  31.498  -58.878  -5.896 0.0000000000
105191  31.826  -58.743  -6.482 0.0000000000
105192  31.666  -59.462  -6.505 0.0000000000
105193  31.485  -60.114  -6.582 0.0000000000
105195  31.643  -59.987  -7.227 0.0000000000
105196  31.705  -59.700  -7.986 0.0000000000
105197  31.679  -59.321  -8.802 0.0000000000
105198  31.509  -58.947  -9.437 0.0000000000
105199  31.764  -58.278  -9.366 0.0000000000
105200  31.856  -57.300  -9.860 0.0000000000
105201  31.922  -56.435  -10.355 0.0000000000
105202  33.084  -52.696  -11.003 0.0000000000
105203  32.736  -53.196  -11.183 0.0000000000
105204  32.820  -52.247  -11.618 0.0000000000
105205  32.419  -51.781  -12.156 0.0000000000
105206  31.980  -51.264  -12.644 0.0000000000
105207  31.484  -50.672  -13.113 0.0000000000
105208  31.948  -50.244  -13.029 0.0000000000
105209  31.997  -49.264  -13.300 0.0000000000
105210  32.053  -48.208  -13.645 0.0000000000
105211  35.609  -47.438  -9.737 0.0000000000
105212  35.296  -48.172  -9.870 0.0000000000
105213  35.656  -47.261  -10.280 0.0000000000
105214  35.616  -47.034  -10.896 0.0000000000
105215  35.542  -46.774  -11.464 0.0000000000
105216  35.973  -43.486  -13.885 0.0000000000
105217  35.708  -44.371  -13.420 0.0000000000
105218  35.424  -43.996  -14.000 0.0000000000
105219  34.872  -44.535  -14.036 0.0000000000
105220  34.298  -45.052  -14.048 0.0000000000
105221  33.670  -45.442  -14.145 0.0000000000
105222  33.933  -44.600  -14.604 0.0000000000
105223  33.506  -44.171  -15.134 0.0000000000
105224  33.059  -43.739  -15.615 0.0000000000
105225  32.578  -43.282  -16.110 0.0000000000
105226  33.292  -42.888  -16.181 0.0000000000
105227  33.564  -42.067  -16.685 0.0000000000
105228  33.831  -41.174  -17.156 0.0000000000
105229  36.441  -37.833  -17.633 0.0000000000
105230  35.842  -38.433  -17.754 0.0000000000
105231  36.173  -37.541  -18.071 0.0000000000
105232  35.888  -37.193  -18.564 0.0000000000
105233  35.575  -36.770  -19.136 0.0000000000
105234  35.297  -36.358  -19.673 0.0000000000
105235  35.968  -35.820  -19.514 0.0000000000
107655  23.717  -50.545  -6.613 0.0000000000
107656  23.701  -49.796  -6.760 0.0000000000
107657  24.291  -48.875  -6.584 0.0000000000
107658  24.702  -47.946  -6.534 0.0000000000
107659  25.119  -43.847  -7.657 0.0000000000
107660  25.273  -44.621  -7.307 0.0000000000
107661  25.713  -43.781  -7.589 0.0000000000
107662  26.308  -43.721  -7.538 0.0000000000
107663  26.926  -43.664  -7.496 0.0000000000
107664  27.579  -43.600  -7.446 0.0000000000
107665  27.292  -42.908  -7.907 0.0000000000
107666  27.530  -42.211  -8.348 0.0000000000
107667  27.843  -41.539  -8.837 0.0000000000
113857  23.855  -36.440  -13.158 0.0000000000
113858  24.857  -37.199  -12.477 0.0000000000
113859  25.757  -37.950  -11.837 0.0000000000
113860  26.474  -38.732  -11.173 0.0000000000
113861  26.342  -38.009  -11.834 0.0000000000
113862  26.955  -38.008  -11.862 0.0000000000
113863  27.584  -38.017  -11.871 0.0000000000
113977  27.024  -33.176  -16.269 0.0000000000
113978  26.320  -33.359  -16.205 0.0000000000
113979  27.533  -33.812  -15.461 0.0000000000
113980  27.954  -34.511  -14.751 0.0000000000
113981  28.343  -35.358  -14.031 0.0000000000
113982  28.672  -36.187  -13.373 0.0000000000
113983  29.362  -36.070  -13.426 0.0000000000
113984  30.390  -36.715  -12.805 0.0000000000
113985  31.215  -37.291  -12.228 0.0000000000
113986  31.892  -37.892  -11.621 0.0000000000
113987  31.807  -37.106  -12.301 0.0000000000
113988  32.382  -36.911  -12.383 0.0000000000
113989  32.909  -36.686  -12.509 0.0000000000
113990  33.160  -33.738  -14.879 0.0000000000
113991  33.437  -34.569  -14.157 0.0000000000
113992  33.898  -34.261  -14.341 0.0000000000
113993  34.647  -34.758  -13.897 0.0000000000
113994  35.329  -35.320  -13.477 0.0000000000
113995  35.897  -35.878  -13.160 0.0000000000
113996  35.752  -35.027  -13.751 0.0000000000
113997  36.106  -34.706  -14.052 0.0000000000
113998  36.408  -34.385  -14.391 0.0000000000
113999  28.997  -28.140  -20.616 0.0000000000
114000  29.543  -28.673  -19.861 0.0000000000
114001  29.940  -28.332  -19.974 0.0000000000
114002  30.889  -28.622  -19.443 0.0000000000
114003  31.831  -28.959  -18.950 0.0000000000
114004  34.434  -28.634  -18.548 0.0000000000
114005  34.187  -28.984  -18.343 0.0000000000
114006  34.987  -29.404  -17.931 0.0000000000
114007  35.495  -30.212  -17.342 0.0000000000
114008  35.947  -31.037  -16.745 0.0000000000
114009  36.340  -31.912  -16.204 0.0000000000
114010  36.584  -31.567  -16.557 0.0000000000
114011  37.081  -32.167  -16.397 0.0000000000
114012  37.495  -32.711  -16.402 0.0000000000
114013  37.798  -33.362  -16.445 0.0000000000
114014  37.637  -32.393  -16.850 0.0000000000
114015  37.744  -32.083  -17.291 0.0000000000
114016  37.845  -31.763  -17.760 0.0000000000
114017  37.354  -28.210  -19.654 0.0000000000
114018  37.586  -29.158  -19.325 0.0000000000
114019  37.640  -28.861  -19.788 0.0000000000
114026  22.666  -18.226  -26.808 0.0000000000
114027  22.915  -18.954  -26.571 0.0000000000
114028  23.034  -18.562  -27.127 0.0000000000
114029  23.537  -18.957  -27.472 0.0000000000
114030  24.239  -19.380  -27.858 0.0000000000
114031  27.236  -19.258  -29.330 0.0000000000
114032  26.849  -19.583  -28.962 0.0000000000
114033  27.799  -19.947  -28.820 0.0000000000
114034  28.281  -20.712  -28.351 0.0000000000
114035  28.843  -21.428  -27.941 0.0000000000
114036  29.344  -22.103  -27.427 0.0000000000
114037  29.695  -21.759  -27.695 0.0000000000
114038  30.453  -22.043  -27.345 0.0000000000
114039  31.045  -22.108  -26.789 0.0000000000
114040  30.919  -16.274  -30.375 0.0000000000
114041  30.517  -16.674  -30.284 0.0000000000
114042  31.274  -17.014  -30.029 0.0000000000
114043  31.572  -17.720  -29.718 0.0000000000
114044  31.953  -18.410  -29.398 0.0000000000
114049  33.011  -20.881  -26.170 0.0000000000
114050  32.764  -21.268  -25.964 0.0000000000
114051  33.344  -21.217  -25.320 0.0000000000
114052  33.733  -21.696  -24.530 0.0000000000
114053  34.096  -22.240  -23.815 0.0000000000
114054  34.495  -22.825  -23.129 0.0000000000
114055  34.770  -22.450  -23.371 0.0000000000
114391  30.267  -57.240  -11.648 0.0000000000
114392  30.068  -57.944  -11.718 0.0000000000
114393  29.915  -56.881  -12.117 0.0000000000
114394  29.551  -56.550  -12.468 0.0000000000
114395  29.098  -56.101  -12.902 0.0000000000
114405  28.208  -43.606  -17.414 0.0000000000
115957  28.478  -46.236  -6.114 0.0000000000
115958  28.787  -46.910  -5.879 0.0000000000
115959  29.336  -46.068  -6.051 0.0000000000
115960  30.167  -45.921  -6.047 0.0000000000
115961  30.967  -45.808  -6.067 0.0000000000
115962  31.054  -44.421  -6.709 0.0000000000
115963  31.439  -45.037  -6.427 0.0000000000
115964  31.808  -45.669  -6.138 0.0000000000
115965  32.593  -45.592  -6.402 0.0000000000
115966  33.311  -45.422  -6.748 0.0000000000
115967  33.945  -45.302  -7.095 0.0000000000
115968  34.464  -45.206  -7.441 0.0000000000
115969  34.263  -44.547  -7.497 0.0000000000
115970  34.534  -43.737  -7.964 0.0000000000
115971  34.769  -42.939  -8.426 0.0000000000
115972  33.802  -42.459  -8.297 0.0000000000
115973  34.376  -42.309  -8.550 0.0000000000
115974  34.917  -42.134  -8.841 0.0000000000
115975  35.017  -41.353  -9.332 0.0000000000
115976  35.117  -40.520  -9.805 0.0000000000
115977  35.173  -39.687  -10.299 0.0000000000
118253  25.055  -23.124  -25.464 0.0000000000
118254  25.464  -22.880  -25.869 0.0000000000
118255  25.863  -22.625  -26.292 0.0000000000
118345  29.482  -62.928  -10.723 0.0000000000
118346  29.211  -62.519  -11.235 0.0000000000
118348  28.692  -61.193  -12.117 0.0000000000
118349  28.590  -60.260  -12.538 0.0000000000
118350  28.468  -59.288  -12.963 0.0000000000
118351  32.254  -37.867  -19.936 0.0000000000
118352  31.506  -38.193  -19.871 0.0000000000
118353  31.957  -37.335  -20.431 0.0000000000
118354  31.704  -36.843  -20.911 0.0000000000
120784  23.850  -8.229  -33.089 0.0000000000
120785  24.364  -8.556  -33.317 0.0000000000
120786  25.037  -8.942  -33.484 0.0000000000
120838  23.197  -58.839  -6.602 0.0000000000
120839  24.046  -58.480  -6.569 0.0000000000
120840  30.180  -52.272  -5.410 0.0000000000
120841  29.515  -53.090  -5.397 0.0000000000
120842  30.325  -52.984  -5.380 0.0000000000
120843  30.249  -53.789  -5.322 0.0000000000
120844  30.239  -54.550  -5.331 0.0000000000
120845  31.603  -53.638  -5.664 0.0000000000
120846  30.932  -54.460  -5.425 0.0000000000
120847  30.210  -55.258  -5.239 0.0000000000
120848  30.205  -55.970  -5.174 0.0000000000
120849  30.123  -56.736  -5.034 0.0000000000
120850  30.069  -57.482  -4.958 0.0000000000
120851  29.973  -58.283  -4.875 0.0000000000
120852  30.657  -57.517  -5.130 0.0000000000
120853  31.226  -57.497  -5.416 0.0000000000
120854  31.712  -57.478  -5.829 0.0000000000
120855  32.353  -55.802  -6.334 0.0000000000
120856  32.234  -56.630  -6.314 0.0000000000
120857  32.151  -57.374  -6.374 0.0000000000
120858  32.500  -57.157  -7.068 0.0000000000
120859  32.628  -56.982  -7.686 0.0000000000
120860  32.666  -56.742  -8.394 0.0000000000
120861  32.596  -56.465  -9.060 0.0000000000
120862  32.870  -55.813  -8.939 0.0000000000
120863  33.029  -54.910  -9.452 0.0000000000
120864  33.157  -53.975  -9.944 0.0000000000
120865  33.460  -53.610  -9.155 0.0000000000
120866  33.416  -53.355  -9.779 0.0000000000
120867  33.270  -53.020  -10.413 0.0000000000
120868  33.354  -52.068  -10.839 0.0000000000
120869  33.446  -51.081  -11.343 0.0000000000
120870  33.583  -50.055  -11.812 0.0000000000
120878  36.451  -42.937  -13.775 0.0000000000
120879  36.219  -42.588  -14.356 0.0000000000
120880  35.957  -42.253  -14.913 0.0000000000
120881  35.649  -41.902  -15.480 0.0000000000
120882  35.299  -41.562  -16.007 0.0000000000
120883  35.890  -41.013  -15.933 0.0000000000
120884  36.146  -40.110  -16.353 0.0000000000
120885  36.449  -39.165  -16.725 0.0000000000
120886  37.149  -38.899  -16.056 0.0000000000
120887  36.943  -38.569  -16.583 0.0000000000
120888  36.711  -38.215  -17.111 0.0000000000
120889  37.004  -37.274  -17.435 0.0000000000
120890  37.274  -36.383  -17.733 0.0000000000
120891  37.557  -35.431  -18.019 0.0000000000
122771  23.018  -47.511  -7.815 0.0000000000
122772  23.503  -47.395  -7.408 0.0000000000
122773  23.413  -46.590  -7.659 0.0000000000
122774  23.833  -45.695  -7.599 0.0000000000
122775  24.193  -44.807  -7.614 0.0000000000
122776  23.525  -44.037  -8.190 0.0000000000
122777  24.025  -43.990  -7.979 0.0000000000
122778  24.547  -43.922  -7.802 0.0000000000
122779  24.930  -43.090  -8.090 0.0000000000
122780  25.180  -42.261  -8.469 0.0000000000
122781  25.346  -41.477  -8.903 0.0000000000
127691  26.153  -32.079  -17.655 0.0000000000
127692  26.584  -32.622  -16.977 0.0000000000
127693  27.781  -32.971  -16.299 0.0000000000
127694  29.044  -33.473  -15.579 0.0000000000
127695  30.164  -34.052  -14.983 0.0000000000
127696  31.097  -34.706  -14.399 0.0000000000
127697  30.760  -33.910  -15.074 0.0000000000
127698  31.325  -33.730  -15.170 0.0000000000
127699  31.835  -33.509  -15.299 0.0000000000
127700  30.363  -32.146  -16.634 0.0000000000
127701  31.432  -32.680  -16.023 0.0000000000
127702  32.294  -33.267  -15.450 0.0000000000
127703  32.766  -32.934  -15.621 0.0000000000
127704  33.225  -32.606  -15.774 0.0000000000
127705  33.638  -32.291  -15.944 0.0000000000
127706  30.555  -26.743  -21.206 0.0000000000
127707  31.048  -27.280  -20.454 0.0000000000
127708  31.398  -26.949  -20.624 0.0000000000
127709  32.226  -27.247  -20.106 0.0000000000
127710  33.080  -27.540  -19.617 0.0000000000
127711  32.815  -26.535  -20.487 0.0000000000
127712  33.372  -27.197  -19.792 0.0000000000
127713  33.889  -27.868  -19.190 0.0000000000
127714  34.684  -28.248  -18.772 0.0000000000
127715  35.440  -28.614  -18.473 0.0000000000
127716  36.148  -29.081  -18.219 0.0000000000
127717  36.794  -29.555  -18.100 0.0000000000
127718  36.337  -28.708  -18.546 0.0000000000
127719  36.541  -28.334  -18.905 0.0000000000
127720  36.698  -27.970  -19.263 0.0000000000
127721  35.594  -26.723  -19.792 0.0000000000
127722  36.280  -27.126  -19.637 0.0000000000
127723  36.857  -27.638  -19.617 0.0000000000
127724  37.049  -27.320  -20.003 0.0000000000
127725  37.153  -27.035  -20.403 0.0000000000
127727  23.126  -16.488  -28.755 0.0000000000
127728  23.564  -17.324  -28.629 0.0000000000
127729  23.827  -16.957  -29.139 0.0000000000
127730  24.761  -17.471  -29.456 0.0000000000
127731  25.623  -18.004  -29.625 0.0000000000
127732  25.595  -16.926  -30.327 0.0000000000
127733  26.056  -17.684  -30.022 0.0000000000
127734  26.666  -18.510  -29.718 0.0000000000
127735  27.628  -18.863  -29.560 0.0000000000
127736  28.598  -19.247  -29.296 0.0000000000
127737  29.541  -19.592  -29.016 0.0000000000
128011  29.766  -52.941  -13.241 0.0000000000
128012  29.437  -53.594  -13.214 0.0000000000
128013  29.241  -52.464  -13.627 0.0000000000
128014  28.782  -52.081  -13.940 0.0000000000
128015  28.384  -51.690  -14.310 0.0000000000
128016  28.547  -49.776  -14.616 0.0000000000
130693  23.977  -53.214  -6.526 0.0000000000
130694  24.175  -53.912  -6.436 0.0000000000
130695  24.774  -53.013  -6.336 0.0000000000
130696  25.574  -52.837  -6.113 0.0000000000
130697  26.364  -52.663  -5.833 0.0000000000
130698  26.804  -51.075  -5.806 0.0000000000
130699  26.960  -51.809  -5.651 0.0000000000
130700  27.119  -52.431  -5.581 0.0000000000
130701  27.867  -52.203  -5.430 0.0000000000
130702  28.581  -51.917  -5.367 0.0000000000
130703  29.348  -51.672  -5.366 0.0000000000
130704  29.086  -47.564  -5.706 0.0000000000
130705  29.322  -48.251  -5.529 0.0000000000
130706  29.620  -48.912  -5.396 0.0000000000
130707  30.950  -47.899  -5.551 0.0000000000
130708  30.436  -48.728  -5.392 0.0000000000
130709  29.744  -49.560  -5.311 0.0000000000
130710  29.927  -50.216  -5.322 0.0000000000
130711  29.935  -50.871  -5.358 0.0000000000
130712  30.130  -51.518  -5.397 0.0000000000
130713  30.882  -51.424  -5.451 0.0000000000
130714  31.578  -51.383  -5.606 0.0000000000
130715  32.218  -51.293  -5.884 0.0000000000
130716  32.819  -49.799  -6.014 0.0000000000
130717  32.793  -50.502  -6.120 0.0000000000
130718  32.787  -51.229  -6.228 0.0000000000
130719  33.266  -51.151  -6.637 0.0000000000
130720  33.639  -51.114  -7.108 0.0000000000
130721  33.916  -51.033  -7.655 0.0000000000
130722  34.095  -50.907  -8.186 0.0000000000
130723  34.313  -50.165  -8.063 0.0000000000
130724  34.723  -49.361  -8.412 0.0000000000
130725  35.124  -48.516  -8.781 0.0000000000
130726  35.094  -47.951  -8.093 0.0000000000
130727  35.362  -47.786  -8.646 0.0000000000
130728  35.506  -47.596  -9.201 0.0000000000
130729  35.860  -46.704  -9.590 0.0000000000
130730  36.157  -45.865  -9.997 0.0000000000
130731  36.479  -45.030  -10.411 0.0000000000
130732  34.999  -45.090  -7.840 0.0000000000
130733  35.416  -44.919  -8.300 0.0000000000
130734  35.781  -44.781  -8.741 0.0000000000
130735  35.896  -43.291  -9.122 0.0000000000
130736  36.029  -43.983  -9.165 0.0000000000
130737  36.104  -44.648  -9.209 0.0000000000
130738  36.386  -44.489  -9.774 0.0000000000
130739  36.579  -44.345  -10.292 0.0000000000
136906  27.292  -29.520  -20.171 0.0000000000
136907  26.749  -29.002  -20.808 0.0000000000
136908  27.176  -28.711  -20.972 0.0000000000
136909  27.656  -28.369  -21.115 0.0000000000
136910  26.395  -27.642  -22.162 0.0000000000
136911  27.253  -27.889  -21.830 0.0000000000
136912  28.102  -28.037  -21.281 0.0000000000
136913  28.516  -27.678  -21.422 0.0000000000
136914  28.891  -27.327  -21.573 0.0000000000
136915  29.273  -26.983  -21.716 0.0000000000
136918  26.445  -26.021  -23.779 0.0000000000
136919  26.477  -25.162  -24.539 0.0000000000
136920  26.917  -25.782  -24.128 0.0000000000
136921  27.338  -26.339  -23.598 0.0000000000
136922  28.101  -26.534  -23.160 0.0000000000
136923  28.933  -26.554  -22.516 0.0000000000
136924  29.706  -26.605  -21.852 0.0000000000
136925  30.123  -26.266  -22.037 0.0000000000
136926  30.481  -25.951  -22.232 0.0000000000
136927  30.836  -25.608  -22.394 0.0000000000
136928  29.697  -25.116  -23.920 0.0000000000
136929  30.367  -25.143  -23.209 0.0000000000
136930  31.188  -25.249  -22.584 0.0000000000
136931  31.499  -24.879  -22.800 0.0000000000
136932  31.777  -24.518  -23.039 0.0000000000
136933  32.082  -24.140  -23.240 0.0000000000
136934  26.917  -14.248  -31.784 0.0000000000
136935  27.194  -14.905  -31.513 0.0000000000
136936  27.840  -14.594  -31.534 0.0000000000
136937  28.782  -14.915  -31.228 0.0000000000
136938  29.685  -15.213  -30.936 0.0000000000
137106  23.604  -64.145  -5.207 0.0000000000
137191  29.769  -44.826  -15.803 0.0000000000
137192  29.207  -45.290  -15.729 0.0000000000
137193  29.315  -44.306  -16.213 0.0000000000
137194  28.986  -43.954  -16.533 0.0000000000
137195  28.641  -43.495  -16.947 0.0000000000
137196  29.354  -42.022  -17.576 0.0000000000
137197  28.849  -42.473  -17.499 0.0000000000
137198  28.466  -43.008  -17.431 0.0000000000
137199  28.395  -42.532  -17.940 0.0000000000
137202  30.856  -38.572  -19.772 0.0000000000
137203  30.261  -39.083  -19.637 0.0000000000
137204  29.742  -39.426  -19.649 0.0000000000
137205  30.246  -38.154  -20.799 0.0000000000
137206  29.761  -39.024  -20.193 0.0000000000
137207  29.438  -39.813  -19.696 0.0000000000
137208  29.192  -40.373  -19.563 0.0000000000
143542  22.427  -18.025  -26.416 0.0000000000
143543  22.388  -17.540  -26.885 0.0000000000
143544  22.415  -17.043  -27.405 0.0000000000
143545  22.476  -16.581  -27.894 0.0000000000
143554  22.561  -16.079  -28.381 0.0000000000
143555  22.713  -15.675  -28.864 0.0000000000
143556  22.915  -15.315  -29.368 0.0000000000
143557  23.173  -14.991  -29.858 0.0000000000
143558  22.016  -13.750  -29.481 0.0000000000
143559  22.654  -14.200  -29.877 0.0000000000
143560  23.544  -14.732  -30.357 0.0000000000
143561  23.978  -14.529  -30.778 0.0000000000
143562  24.481  -14.259  -31.272 0.0000000000
143563  25.168  -14.059  -31.604 0.0000000000
143584  22.270  -11.701  -30.619 0.0000000000
143585  22.729  -10.939  -31.417 0.0000000000
143586  22.882  -11.652  -31.300 0.0000000000
143587  23.073  -12.304  -31.129 0.0000000000
143588  23.956  -12.869  -31.566 0.0000000000
143589  24.856  -13.338  -31.811 0.0000000000
143590  25.743  -13.783  -31.915 0.0000000000
143591  26.596  -13.581  -32.005 0.0000000000
143592  27.328  -13.312  -32.046 0.0000000000
143729  23.379  -63.222  -5.995 0.0000000000
143730  24.354  -54.598  -6.391 0.0000000000
143731  24.506  -55.176  -6.406 0.0000000000
143732  24.569  -55.865  -6.430 0.0000000000
143733  25.987  -54.767  -5.986 0.0000000000
143734  25.356  -55.583  -6.230 0.0000000000
143735  24.680  -56.406  -6.464 0.0000000000
143736  24.693  -57.093  -6.461 0.0000000000
143737  24.738  -57.643  -6.426 0.0000000000
143738  24.703  -58.241  -6.416 0.0000000000
143739  28.821  -53.928  -5.429 0.0000000000
143740  28.080  -54.784  -5.537 0.0000000000
143741  27.413  -55.576  -5.684 0.0000000000
143742  28.150  -56.137  -5.394 0.0000000000
143743  27.439  -56.254  -5.613 0.0000000000
143744  26.769  -56.393  -5.808 0.0000000000
143745  26.079  -57.281  -5.994 0.0000000000
143746  25.334  -58.036  -6.225 0.0000000000
143747  24.669  -58.857  -6.454 0.0000000000
143748  24.671  -59.314  -6.493 0.0000000000
143749  24.590  -59.810  -6.556 0.0000000000
143750  24.476  -60.379  -6.502 0.0000000000
143751  25.932  -59.688  -5.865 0.0000000000
143752  25.129  -60.356  -6.078 0.0000000000
143753  24.426  -60.988  -6.307 0.0000000000
143754  24.291  -61.723  -6.130 0.0000000000
143755  24.138  -62.509  -5.799 0.0000000000
143756  23.912  -63.304  -5.498 0.0000000000
143757  24.448  -63.420  -5.081 0.0000000000
143758  25.013  -63.540  -4.757 0.0000000000
143759  25.668  -63.635  -4.477 0.0000000000
143760  26.654  -62.119  -4.536 0.0000000000
143761  26.529  -62.897  -4.423 0.0000000000
143762  26.407  -63.713  -4.254 0.0000000000
143763  27.053  -63.727  -4.112 0.0000000000
143766  29.887  -59.006  -4.774 0.0000000000
143767  29.778  -59.801  -4.727 0.0000000000
143768  29.664  -60.569  -4.703 0.0000000000
143769  30.841  -59.762  -5.303 0.0000000000
143770  30.249  -60.529  -4.998 0.0000000000
143771  29.500  -61.327  -4.629 0.0000000000
143772  29.385  -62.082  -4.644 0.0000000000
143783  30.830  -61.730  -9.225 0.0000000000
143784  30.653  -61.389  -9.813 0.0000000000
143785  30.846  -60.764  -9.779 0.0000000000
143786  30.822  -59.801  -10.229 0.0000000000
143787  30.755  -58.777  -10.666 0.0000000000
143788  31.300  -58.492  -10.088 0.0000000000
143789  31.029  -58.143  -10.609 0.0000000000
143790  30.676  -57.704  -11.125 0.0000000000
143791  30.614  -56.652  -11.564 0.0000000000
143792  30.522  -55.629  -12.020 0.0000000000
143793  30.374  -54.445  -12.495 0.0000000000
143794  32.480  -56.166  -9.696 0.0000000000
143795  32.258  -55.804  -10.323 0.0000000000
143796  31.970  -55.385  -10.970 0.0000000000
143797  32.354  -53.735  -11.353 0.0000000000
143798  31.981  -54.385  -11.412 0.0000000000
143799  31.610  -54.952  -11.443 0.0000000000
143800  31.194  -54.453  -11.977 0.0000000000
143801  30.777  -53.965  -12.427 0.0000000000
143802  30.270  -53.399  -12.847 0.0000000000
143803  30.158  -52.332  -13.197 0.0000000000
143804  30.033  -51.197  -13.597 0.0000000000
143805  29.987  -50.252  -13.856 0.0000000000
143806  30.973  -50.209  -13.452 0.0000000000
143807  30.461  -49.735  -13.795 0.0000000000
143808  29.946  -49.190  -14.133 0.0000000000
143809  29.975  -48.177  -14.357 0.0000000000
143810  30.049  -47.170  -14.652 0.0000000000
143811  30.128  -46.235  -14.979 0.0000000000
143812  34.235  -50.783  -8.692 0.0000000000
143813  34.315  -50.630  -9.227 0.0000000000
143814  34.340  -50.377  -9.810 0.0000000000
143815  34.999  -48.845  -10.084 0.0000000000
143816  34.619  -49.450  -10.294 0.0000000000
143817  34.299  -50.109  -10.425 0.0000000000
143818  34.181  -49.801  -11.052 0.0000000000
143819  33.977  -49.449  -11.607 0.0000000000
143820  33.733  -49.076  -12.127 0.0000000000
143822  35.840  -45.879  -11.876 0.0000000000
143823  35.414  -46.528  -11.965 0.0000000000
143824  35.435  -45.269  -12.934 0.0000000000
143825  35.170  -46.217  -12.485 0.0000000000
143826  34.897  -47.098  -12.101 0.0000000000
143827  34.403  -47.574  -12.344 0.0000000000
143828  33.910  -48.155  -12.493 0.0000000000
143829  33.432  -48.625  -12.664 0.0000000000
143830  33.078  -48.199  -13.119 0.0000000000
143831  32.666  -47.716  -13.544 0.0000000000
143832  32.244  -47.218  -13.938 0.0000000000
143833  33.064  -45.893  -14.220 0.0000000000
143834  32.442  -46.396  -14.227 0.0000000000
143835  31.760  -46.732  -14.284 0.0000000000
143836  31.286  -46.292  -14.649 0.0000000000
143837  30.795  -45.842  -15.009 0.0000000000
143838  30.282  -45.357  -15.385 0.0000000000
143839  30.448  -44.447  -15.860 0.0000000000
143840  30.643  -43.528  -16.413 0.0000000000
143841  30.836  -42.636  -16.864 0.0000000000
143842  32.059  -42.780  -16.568 0.0000000000
143843  31.604  -42.326  -16.980 0.0000000000
143844  31.098  -41.806  -17.372 0.0000000000
143845  31.426  -40.982  -17.896 0.0000000000
143846  31.757  -40.045  -18.414 0.0000000000
143847  32.179  -39.202  -18.907 0.0000000000
143848  34.925  -41.160  -16.569 0.0000000000
143849  34.559  -40.735  -17.119 0.0000000000
143850  34.124  -40.274  -17.627 0.0000000000
143851  35.205  -39.015  -17.857 0.0000000000
143852  34.454  -39.377  -18.053 0.0000000000
143853  33.725  -39.827  -18.068 0.0000000000
143854  33.322  -39.388  -18.499 0.0000000000
143855  32.896  -38.852  -18.994 0.0000000000
143856  32.561  -38.354  -19.454 0.0000000000
143857  33.016  -37.536  -19.983 0.0000000000
143858  33.441  -36.715  -20.383 0.0000000000
143860  34.998  -35.889  -20.193 0.0000000000
148735  23.868  -52.526  -6.522 0.0000000000
148736  24.509  -51.713  -6.341 0.0000000000
148737  25.094  -50.763  -6.260 0.0000000000
148738  24.364  -50.356  -6.363 0.0000000000
148739  25.015  -50.112  -6.221 0.0000000000
148740  25.675  -49.809  -6.194 0.0000000000
148741  26.215  -48.949  -6.067 0.0000000000
148742  26.740  -48.064  -6.079 0.0000000000
148743  27.273  -47.201  -6.102 0.0000000000
148744  24.020  -47.294  -7.018 0.0000000000
148745  24.590  -47.164  -6.748 0.0000000000
148746  25.202  -46.998  -6.557 0.0000000000
148747  25.478  -45.384  -6.963 0.0000000000
148748  25.655  -46.124  -6.668 0.0000000000
148749  25.828  -46.792  -6.444 0.0000000000
148750  26.457  -46.642  -6.381 0.0000000000
148751  27.107  -46.493  -6.319 0.0000000000
148752  27.766  -46.365  -6.235 0.0000000000
148753  28.247  -45.524  -6.420 0.0000000000
148754  28.714  -44.749  -6.684 0.0000000000
148755  29.119  -44.038  -7.005 0.0000000000
148756  28.240  -43.507  -7.433 0.0000000000
148757  28.892  -43.400  -7.440 0.0000000000
148758  29.522  -43.317  -7.441 0.0000000000
148759  29.828  -42.603  -7.911 0.0000000000
148760  30.111  -41.948  -8.465 0.0000000000
148761  30.375  -41.221  -8.973 0.0000000000
161145  23.085  -40.553  -9.726 0.0000000000
161147  23.124  -39.691  -10.262 0.0000000000
161148  23.681  -40.608  -9.599 0.0000000000
161149  24.270  -40.653  -9.507 0.0000000000
161150  24.861  -40.692  -9.448 0.0000000000
161151  25.424  -40.731  -9.436 0.0000000000
161154  23.256  -37.591  -11.992 0.0000000000
161155  23.608  -37.023  -12.530 0.0000000000
161156  23.926  -37.740  -11.916 0.0000000000
161157  24.088  -38.404  -11.292 0.0000000000
161158  24.803  -39.194  -10.613 0.0000000000
161159  25.399  -40.003  -9.969 0.0000000000
161160  25.998  -40.787  -9.391 0.0000000000
161161  26.563  -40.835  -9.354 0.0000000000
161162  27.159  -40.863  -9.351 0.0000000000
161163  27.820  -40.855  -9.383 0.0000000000
161164  27.175  -39.505  -10.549 0.0000000000
161165  27.814  -40.184  -9.976 0.0000000000
161166  28.475  -40.807  -9.435 0.0000000000
161167  29.089  -40.743  -9.483 0.0000000000
161168  29.756  -40.668  -9.497 0.0000000000
161169  30.421  -40.565  -9.553 0.0000000000
161394  24.321  -35.041  -14.499 0.0000000000
161398  25.590  -33.495  -16.129 0.0000000000
161399  24.775  -33.581  -16.092 0.0000000000
161401  24.517  -34.278  -15.285 0.0000000000
161402  25.046  -35.000  -14.540 0.0000000000
161403  25.391  -35.743  -13.855 0.0000000000
161404  26.484  -36.501  -13.205 0.0000000000
161405  27.421  -37.229  -12.569 0.0000000000
161406  28.315  -37.946  -11.910 0.0000000000
161407  28.907  -36.995  -12.686 0.0000000000
161408  29.041  -37.819  -11.974 0.0000000000
161409  29.052  -38.626  -11.308 0.0000000000
161410  29.858  -39.222  -10.724 0.0000000000
161411  30.598  -39.843  -10.164 0.0000000000
161412  31.203  -40.399  -9.653 0.0000000000
161413  31.849  -40.223  -9.752 0.0000000000
161414  32.440  -40.020  -9.842 0.0000000000
161415  33.051  -39.796  -9.976 0.0000000000
161416  32.534  -38.486  -11.088 0.0000000000
161417  33.119  -38.987  -10.613 0.0000000000
161418  33.658  -39.562  -10.147 0.0000000000
161419  34.240  -39.345  -10.341 0.0000000000
161420  34.759  -39.106  -10.612 0.0000000000
161421  35.241  -38.871  -10.912 0.0000000000
161422  31.991  -35.292  -13.791 0.0000000000
161423  32.773  -35.862  -13.208 0.0000000000
161424  33.481  -36.427  -12.662 0.0000000000
161425  33.754  -35.353  -13.472 0.0000000000
161426  33.969  -36.158  -12.831 0.0000000000
161427  34.082  -36.954  -12.159 0.0000000000
161428  34.703  -37.496  -11.774 0.0000000000
161429  35.252  -38.068  -11.467 0.0000000000
161430  35.674  -38.666  -11.216 0.0000000000
161431  36.082  -38.453  -11.567 0.0000000000
161432  36.451  -38.230  -11.929 0.0000000000
161433  36.784  -37.988  -12.309 0.0000000000
161434  36.419  -36.431  -13.015 0.0000000000
161435  36.771  -37.042  -12.875 0.0000000000
161440  28.219  -29.715  -19.567 0.0000000000
161441  29.321  -29.974  -18.898 0.0000000000
161442  30.348  -30.285  -18.330 0.0000000000
161443  30.147  -29.285  -19.164 0.0000000000
161444  30.764  -29.991  -18.448 0.0000000000
161445  31.336  -30.648  -17.782 0.0000000000
161446  32.270  -31.110  -17.204 0.0000000000
161447  33.134  -31.510  -16.681 0.0000000000
161448  33.972  -31.966  -16.159 0.0000000000
161449  31.569  -27.965  -19.745 0.0000000000
161450  32.149  -28.604  -19.099 0.0000000000
161451  32.753  -29.321  -18.436 0.0000000000
161452  33.909  -29.354  -18.121 0.0000000000
161453  33.639  -29.699  -17.926 0.0000000000
161454  33.342  -30.063  -17.718 0.0000000000
161455  33.822  -30.809  -17.080 0.0000000000
161456  34.309  -31.621  -16.381 0.0000000000
161457  34.751  -32.431  -15.667 0.0000000000
161458  35.460  -32.948  -15.279 0.0000000000
161459  36.108  -33.470  -14.947 0.0000000000
161460  36.680  -34.052  -14.752 0.0000000000
161461  36.663  -32.829  -15.642 0.0000000000
161462  36.937  -33.716  -15.131 0.0000000000
161463  37.119  -34.658  -14.650 0.0000000000
161469  37.954  -35.691  -16.296 0.0000000000
161470  37.948  -34.049  -16.544 0.0000000000
161471  37.998  -34.668  -16.711 0.0000000000
161472  37.942  -35.378  -16.844 0.0000000000
161473  37.904  -35.072  -17.387 0.0000000000
161474  37.783  -34.771  -17.949 0.0000000000
161475  37.635  -34.443  -18.525 0.0000000000
161476  37.294  -30.149  -18.058 0.0000000000
161477  37.674  -30.768  -18.121 0.0000000000
161478  37.926  -31.421  -18.275 0.0000000000
161479  37.777  -30.108  -19.017 0.0000000000
161480  37.947  -31.083  -18.763 0.0000000000
161481  37.997  -32.095  -18.468 0.0000000000
161482  37.958  -32.826  -18.635 0.0000000000
161483  37.787  -33.517  -18.850 0.0000000000
161484  37.478  -34.120  -19.072 0.0000000000
161497  23.223  -19.635  -26.455 0.0000000000
161498  23.513  -20.369  -26.240 0.0000000000
161499  23.844  -21.070  -26.042 0.0000000000
161500  24.534  -21.468  -26.364 0.0000000000
161501  25.401  -21.909  -26.604 0.0000000000
161502  26.258  -22.352  -26.708 0.0000000000
161503  24.079  -18.184  -28.497 0.0000000000
161504  24.528  -19.023  -28.334 0.0000000000
161505  25.102  -19.817  -28.117 0.0000000000
161506  26.485  -19.933  -28.638 0.0000000000
161507  26.055  -20.261  -28.280 0.0000000000
161508  25.660  -20.596  -27.819 0.0000000000
161509  26.110  -21.320  -27.492 0.0000000000
161510  26.699  -22.033  -27.138 0.0000000000
161511  27.187  -22.732  -26.699 0.0000000000
161512  28.177  -23.119  -26.592 0.0000000000
161513  28.977  -23.448  -26.356 0.0000000000
161514  29.711  -23.718  -25.942 0.0000000000
161515  29.791  -22.708  -26.838 0.0000000000
161516  30.144  -23.299  -26.138 0.0000000000
161517  30.375  -23.728  -25.389 0.0000000000
161518  30.980  -23.725  -24.729 0.0000000000
161519  31.701  -23.704  -24.028 0.0000000000
161520  32.359  -23.730  -23.439 0.0000000000
161521  27.617  -15.631  -31.259 0.0000000000
161522  28.063  -16.314  -30.906 0.0000000000
161523  28.562  -17.068  -30.470 0.0000000000
161524  29.961  -17.037  -30.227 0.0000000000
161525  29.448  -17.385  -30.128 0.0000000000
161526  28.967  -17.790  -30.106 0.0000000000
161527  29.475  -18.486  -29.637 0.0000000000
161528  29.957  -19.235  -29.171 0.0000000000
161529  30.336  -19.957  -28.790 0.0000000000
161532  32.204  -19.113  -29.038 0.0000000000
161534  32.507  -19.678  -28.515 0.0000000000
161535  31.831  -19.474  -28.865 0.0000000000
161536  31.479  -19.889  -28.713 0.0000000000
161537  31.076  -20.270  -28.536 0.0000000000
161538  30.694  -20.666  -28.360 0.0000000000
161539  31.105  -21.254  -27.749 0.0000000000
161540  31.370  -21.703  -26.985 0.0000000000
161541  31.666  -22.124  -26.180 0.0000000000
161542  32.530  -21.659  -25.713 0.0000000000
161543  32.207  -22.101  -25.562 0.0000000000
161544  31.947  -22.499  -25.339 0.0000000000
161545  32.278  -22.877  -24.462 0.0000000000
161546  32.642  -23.338  -23.649 0.0000000000
161547  33.019  -23.861  -22.903 0.0000000000
161548  33.710  -24.010  -22.373 0.0000000000
161549  34.339  -24.272  -21.899 0.0000000000
161550  35.051  -24.583  -21.454 0.0000000000
161551  34.868  -23.453  -22.464 0.0000000000
161552  35.301  -24.179  -21.763 0.0000000000
161553  35.832  -24.914  -21.191 0.0000000000
161554  36.487  -25.352  -21.099 0.0000000000
162223  30.315  -60.888  -10.451 0.0000000000
162224  29.997  -60.510  -10.996 0.0000000000
162225  29.574  -60.021  -11.477 0.0000000000
162226  29.809  -58.539  -11.809 0.0000000000
162227  29.504  -59.127  -11.877 0.0000000000
162228  29.193  -59.536  -12.010 0.0000000000
162229  28.862  -59.161  -12.466 0.0000000000
162230  28.601  -58.744  -12.901 0.0000000000
162231  28.361  -58.332  -13.345 0.0000000000
162232  29.162  -54.358  -13.208 0.0000000000
162233  28.932  -55.040  -13.243 0.0000000000
162234  28.699  -55.653  -13.369 0.0000000000
162236  28.405  -55.241  -13.774 0.0000000000
162237  28.535  -56.287  -13.479 0.0000000000
162238  28.388  -56.902  -13.527 0.0000000000
162239  28.297  -57.367  -13.716 0.0000000000
162250  28.689  -45.779  -15.752 0.0000000000
162251  28.257  -46.207  -15.876 0.0000000000
