#!ascii label  , from subject fsaverage vox2ras=TkReg
807
286  9.750  -79.178  28.344 0.0000000000
405  19.494  -70.069  32.140 0.0000000000
406  8.946  -67.348  34.487 0.0000000000
766  13.670  -81.182  32.136 0.0000000000
1222  17.528  -64.326  32.368 0.0000000000
1223  20.133  -72.236  26.501 0.0000000000
1667  5.026  -79.797  28.212 0.0000000000
1668  6.927  -76.200  25.372 0.0000000000
1905  20.178  -76.390  32.797 0.0000000000
1907  15.269  -65.862  35.363 0.0000000000
1908  10.907  -64.859  32.301 0.0000000000
2301  17.458  -77.962  27.530 0.0000000000
2302  13.980  -77.878  22.996 0.0000000000
3142  15.340  -62.718  31.908 0.0000000000
3143  19.374  -64.432  30.557 0.0000000000
3737  8.021  -80.187  31.015 0.0000000000
3738  5.618  -80.486  30.863 0.0000000000
3739  6.865  -78.870  29.132 0.0000000000
3740  5.424  -77.809  27.320 0.0000000000
3741  8.414  -77.855  26.771 0.0000000000
4189  12.099  -65.723  35.615 0.0000000000
4190  13.081  -64.643  34.445 0.0000000000
4191  10.065  -66.023  33.391 0.0000000000
5107  19.618  -73.349  31.996 0.0000000000
5108  19.387  -77.511  29.885 0.0000000000
5109  19.772  -74.538  29.190 0.0000000000
5110  19.879  -73.430  23.647 0.0000000000
5111  18.060  -76.438  23.800 0.0000000000
5112  16.460  -76.308  21.245 0.0000000000
5113  12.576  -75.795  21.701 0.0000000000
5114  15.005  -74.554  19.716 0.0000000000
5987  9.883  -81.695  33.234 0.0000000000
5988  11.415  -80.630  30.341 0.0000000000
6808  19.007  -66.805  32.570 0.0000000000
6809  20.092  -71.146  29.412 0.0000000000
6810  20.229  -67.651  30.104 0.0000000000
6811  21.071  -68.796  27.302 0.0000000000
8331  17.924  -66.930  34.186 0.0000000000
8332  16.380  -65.013  33.784 0.0000000000
8333  14.153  -63.635  33.190 0.0000000000
8334  11.976  -63.807  31.238 0.0000000000
8337  5.789  -67.680  34.172 0.0000000000
8340  6.536  -67.768  32.563 0.0000000000
9459  18.151  -79.803  31.505 0.0000000000
9460  15.635  -79.786  29.552 0.0000000000
9461  13.677  -79.849  27.623 0.0000000000
9462  18.889  -75.511  26.478 0.0000000000
9463  16.032  -78.617  25.172 0.0000000000
9464  11.877  -78.526  25.574 0.0000000000
9465  10.306  -76.999  24.083 0.0000000000
9466  9.138  -74.904  22.956 0.0000000000
10822  14.242  -62.431  31.138 0.0000000000
10823  16.469  -62.376  31.157 0.0000000000
11417  8.886  -79.605  29.649 0.0000000000
11418  7.457  -79.468  30.066 0.0000000000
11419  8.317  -78.963  28.764 0.0000000000
11420  7.725  -78.351  27.927 0.0000000000
11421  9.131  -78.525  27.472 0.0000000000
11869  10.539  -66.380  35.118 0.0000000000
11870  10.994  -65.683  34.629 0.0000000000
11871  9.508  -66.703  33.945 0.0000000000
12787  19.466  -71.765  32.041 0.0000000000
12788  19.854  -73.967  30.607 0.0000000000
12789  19.725  -72.319  30.582 0.0000000000
12790  19.618  -73.946  22.025 0.0000000000
12791  18.531  -75.328  22.064 0.0000000000
12792  17.907  -75.229  20.751 0.0000000000
12793  15.665  -75.616  20.249 0.0000000000
12794  17.152  -74.835  19.591 0.0000000000
13817  13.169  -81.773  33.479 0.0000000000
13819  11.715  -81.564  32.664 0.0000000000
13820  10.598  -81.125  31.682 0.0000000000
13821  12.428  -81.073  31.298 0.0000000000
15187  18.372  -65.421  32.576 0.0000000000
15188  19.631  -67.205  31.376 0.0000000000
15189  19.162  -65.571  31.627 0.0000000000
15191  20.691  -66.514  29.103 0.0000000000
16975  5.266  -80.019  29.609 0.0000000000
16982  6.140  -76.911  26.354 0.0000000000
18329  16.696  -66.227  34.841 0.0000000000
18330  17.204  -65.911  34.083 0.0000000000
18331  15.742  -65.456  34.580 0.0000000000
18332  11.917  -64.562  33.516 0.0000000000
18333  13.578  -64.193  33.781 0.0000000000
18334  12.460  -64.033  32.967 0.0000000000
18335  13.028  -63.498  32.354 0.0000000000
18336  11.423  -64.370  31.811 0.0000000000
18343  5.800  -67.461  35.111 0.0000000000
18344  5.661  -66.313  34.846 0.0000000000
18351  5.511  -66.759  33.092 0.0000000000
18353  7.141  -67.609  31.810 0.0000000000
21083  19.262  -79.651  32.732 0.0000000000
21084  19.768  -78.344  31.956 0.0000000000
21085  18.350  -77.741  28.633 0.0000000000
21086  17.621  -78.735  29.482 0.0000000000
21087  16.639  -78.884  28.450 0.0000000000
21088  14.674  -80.039  28.699 0.0000000000
21089  15.801  -79.248  27.478 0.0000000000
21090  20.169  -71.580  27.984 0.0000000000
21091  19.712  -73.329  27.852 0.0000000000
21092  19.557  -73.965  26.398 0.0000000000
21093  16.167  -77.707  23.108 0.0000000000
21094  17.054  -77.631  24.374 0.0000000000
21095  15.003  -78.437  23.975 0.0000000000
21096  13.826  -78.980  25.190 0.0000000000
21097  12.950  -78.301  24.195 0.0000000000
21098  11.048  -77.791  24.730 0.0000000000
21099  12.076  -77.492  23.349 0.0000000000
21100  12.079  -74.322  21.550 0.0000000000
21101  10.904  -75.106  22.367 0.0000000000
21102  10.411  -74.132  22.033 0.0000000000
23268  15.111  -81.351  32.962 0.0000000000
24088  16.510  -63.380  32.225 0.0000000000
24089  18.454  -64.278  31.529 0.0000000000
24090  17.485  -63.176  31.375 0.0000000000
24091  18.551  -63.128  30.515 0.0000000000
25159  7.249  -80.933  32.353 0.0000000000
25160  6.125  -81.067  32.210 0.0000000000
25161  6.645  -80.164  31.235 0.0000000000
25162  6.037  -79.531  30.200 0.0000000000
25163  5.573  -79.082  29.091 0.0000000000
25164  5.038  -78.805  27.959 0.0000000000
25165  6.238  -78.333  28.241 0.0000000000
25166  6.908  -77.633  27.188 0.0000000000
25167  7.602  -76.944  26.065 0.0000000000
25973  13.780  -65.601  35.639 0.0000000000
25974  14.260  -65.124  34.955 0.0000000000
25975  12.546  -65.139  35.064 0.0000000000
25976  11.470  -65.077  34.113 0.0000000000
25977  10.453  -65.402  32.834 0.0000000000
27625  19.985  -74.829  32.283 0.0000000000
27626  19.960  -77.034  31.271 0.0000000000
27627  20.018  -75.570  30.776 0.0000000000
27628  19.661  -76.145  29.374 0.0000000000
27629  18.957  -76.517  28.094 0.0000000000
27630  20.086  -72.910  25.067 0.0000000000
27631  19.353  -74.608  24.950 0.0000000000
27632  19.014  -75.064  23.545 0.0000000000
27633  17.348  -76.593  22.494 0.0000000000
27634  15.109  -77.216  22.007 0.0000000000
27635  13.150  -77.024  22.110 0.0000000000
27636  14.365  -76.386  21.143 0.0000000000
27637  13.692  -75.106  20.746 0.0000000000
27638  13.335  -73.675  20.616 0.0000000000
29331  8.167  -81.663  33.539 0.0000000000
29332  8.793  -80.972  32.102 0.0000000000
29333  9.668  -80.355  30.630 0.0000000000
29334  10.521  -79.906  29.244 0.0000000000
29964  8.526  -67.920  35.074 0.0000000000
31246  19.352  -68.317  32.312 0.0000000000
31247  19.845  -70.576  30.823 0.0000000000
31248  19.795  -68.859  31.087 0.0000000000
31249  20.270  -69.411  29.749 0.0000000000
31250  20.520  -69.929  28.343 0.0000000000
31251  19.967  -65.943  30.436 0.0000000000
31252  20.724  -68.196  28.762 0.0000000000
31253  20.629  -70.527  26.860 0.0000000000
31254  20.680  -71.229  25.297 0.0000000000
35273  19.161  -71.512  33.025 0.0000000000
35274  19.118  -69.883  33.119 0.0000000000
35282  18.533  -68.229  34.126 0.0000000000
35283  18.929  -68.206  33.267 0.0000000000
35284  18.426  -66.827  33.398 0.0000000000
35285  17.786  -65.650  33.279 0.0000000000
35286  16.951  -64.637  33.136 0.0000000000
35287  14.765  -64.671  34.260 0.0000000000
35288  15.299  -64.180  33.579 0.0000000000
35289  15.858  -63.729  32.905 0.0000000000
35290  14.806  -63.137  32.558 0.0000000000
35291  13.599  -62.896  31.738 0.0000000000
35300  6.798  -68.383  34.771 0.0000000000
35301  7.241  -68.120  34.075 0.0000000000
35308  5.531  -66.575  33.938 0.0000000000
35309  6.094  -67.742  33.322 0.0000000000
35310  7.775  -67.803  33.320 0.0000000000
35311  8.446  -67.268  32.689 0.0000000000
35312  9.009  -66.685  32.049 0.0000000000
35313  9.473  -66.097  31.489 0.0000000000
38614  17.287  -80.809  32.628 0.0000000000
38615  15.958  -80.564  31.662 0.0000000000
38616  18.842  -78.691  30.604 0.0000000000
38617  16.855  -79.698  30.519 0.0000000000
38618  14.638  -80.549  30.765 0.0000000000
38619  13.565  -80.557  29.961 0.0000000000
38620  12.481  -80.262  28.936 0.0000000000
38621  11.587  -79.585  27.837 0.0000000000
38622  19.868  -72.785  29.211 0.0000000000
38623  19.388  -75.115  27.799 0.0000000000
38624  18.219  -76.798  26.840 0.0000000000
38625  18.536  -76.014  25.138 0.0000000000
38626  17.672  -77.249  25.624 0.0000000000
38627  16.789  -78.312  26.441 0.0000000000
38628  14.891  -79.318  26.316 0.0000000000
38629  12.703  -79.271  26.511 0.0000000000
38630  10.819  -78.801  26.988 0.0000000000
38631  10.074  -78.124  26.169 0.0000000000
38632  9.345  -77.402  25.457 0.0000000000
38633  8.566  -76.482  24.818 0.0000000000
38634  11.409  -76.430  22.719 0.0000000000
38635  9.671  -75.913  23.437 0.0000000000
38636  8.049  -75.525  24.119 0.0000000000
42137  9.328  -79.364  28.978 0.0000000000
42138  8.610  -79.244  29.182 0.0000000000
42139  9.038  -79.047  28.530 0.0000000000
42140  8.740  -78.750  28.125 0.0000000000
42141  9.444  -78.848  27.896 0.0000000000
42587  9.527  -67.139  35.082 0.0000000000
42588  10.334  -66.685  35.388 0.0000000000
42589  9.764  -66.814  34.810 0.0000000000
42590  9.981  -66.506  34.549 0.0000000000
42591  9.263  -67.045  34.218 0.0000000000
43507  19.496  -70.945  32.052 0.0000000000
43508  19.615  -72.024  31.319 0.0000000000
43509  19.632  -71.186  31.383 0.0000000000
43510  19.419  -73.986  21.279 0.0000000000
43511  18.882  -74.677  21.277 0.0000000000
43512  18.571  -74.648  20.610 0.0000000000
43513  17.533  -75.113  20.153 0.0000000000
44537  13.416  -81.464  32.820 0.0000000000
44538  12.446  -81.666  33.100 0.0000000000
44539  12.709  -81.402  32.382 0.0000000000
44540  12.036  -81.351  31.954 0.0000000000
44541  13.018  -81.161  31.715 0.0000000000
45907  17.985  -64.862  32.468 0.0000000000
45908  18.773  -65.480  32.130 0.0000000000
45909  18.415  -64.831  32.085 0.0000000000
47695  5.183  -79.906  28.911 0.0000000000
47696  5.257  -80.428  29.047 0.0000000000
47697  5.230  -80.303  28.287 0.0000000000
47701  4.875  -79.713  27.512 0.0000000000
47702  6.520  -76.530  25.863 0.0000000000
47703  5.817  -76.542  25.892 0.0000000000
47704  6.187  -76.152  25.383 0.0000000000
47706  6.597  -75.790  24.859 0.0000000000
49048  16.427  -66.395  35.270 0.0000000000
49049  16.020  -66.019  35.118 0.0000000000
49050  16.281  -65.832  34.726 0.0000000000
49051  15.513  -65.672  34.954 0.0000000000
49052  11.386  -64.659  32.933 0.0000000000
49053  12.166  -64.301  33.251 0.0000000000
49054  11.680  -64.384  32.674 0.0000000000
49055  11.928  -64.148  32.404 0.0000000000
49056  11.160  -64.591  32.073 0.0000000000
51803  20.044  -78.076  32.708 0.0000000000
51804  20.123  -77.383  32.372 0.0000000000
51805  17.844  -77.811  28.045 0.0000000000
51806  17.495  -78.313  28.495 0.0000000000
51807  17.063  -78.441  27.959 0.0000000000
51808  16.203  -79.066  27.960 0.0000000000
51809  16.687  -78.627  27.453 0.0000000000
51810  20.156  -71.882  27.263 0.0000000000
51811  19.920  -72.756  27.156 0.0000000000
51812  19.866  -73.134  26.422 0.0000000000
51813  15.062  -77.931  22.962 0.0000000000
51814  15.587  -78.115  23.514 0.0000000000
51815  14.514  -78.190  23.455 0.0000000000
51816  13.951  -78.438  24.044 0.0000000000
51817  13.470  -78.097  23.575 0.0000000000
51818  12.505  -77.923  23.755 0.0000000000
51819  12.984  -77.711  23.136 0.0000000000
51820  11.895  -73.722  21.450 0.0000000000
51821  11.289  -74.174  21.817 0.0000000000
51822  11.042  -73.672  21.653 0.0000000000
54140  14.863  -81.720  33.572 0.0000000000
54141  15.772  -81.523  33.369 0.0000000000
55507  15.957  -63.040  32.071 0.0000000000
55508  17.005  -63.290  31.777 0.0000000000
55509  16.447  -62.875  31.677 0.0000000000
55511  17.564  -62.586  30.918 0.0000000000
57292  7.556  -80.534  31.693 0.0000000000
57293  6.887  -80.527  31.780 0.0000000000
57294  7.299  -80.166  31.170 0.0000000000
57295  7.188  -79.166  29.624 0.0000000000
57296  6.758  -79.463  30.190 0.0000000000
57297  6.460  -79.176  29.691 0.0000000000
57298  5.816  -79.302  29.627 0.0000000000
57299  6.176  -78.915  29.193 0.0000000000
57300  5.895  -78.699  28.696 0.0000000000
57301  6.581  -78.596  28.679 0.0000000000
57302  8.095  -78.132  27.365 0.0000000000
57303  7.345  -77.999  27.563 0.0000000000
57304  7.739  -77.712  27.020 0.0000000000
57305  7.244  -77.277  26.633 0.0000000000
57306  7.975  -77.395  26.429 0.0000000000
58649  12.926  -65.609  35.681 0.0000000000
58650  13.171  -65.346  35.403 0.0000000000
58651  12.337  -65.428  35.349 0.0000000000
58652  10.499  -65.773  33.999 0.0000000000
58653  11.235  -65.369  34.338 0.0000000000
58654  10.742  -65.505  33.743 0.0000000000
58655  10.911  -65.213  33.513 0.0000000000
58656  10.260  -65.720  33.127 0.0000000000
61402  19.797  -74.097  32.076 0.0000000000
61403  20.022  -75.246  31.528 0.0000000000
61404  19.904  -74.453  31.371 0.0000000000
61405  19.855  -74.266  29.864 0.0000000000
61406  19.901  -75.095  29.973 0.0000000000
61407  19.731  -75.367  29.247 0.0000000000
61408  19.337  -76.331  28.723 0.0000000000
61409  19.468  -75.618  28.576 0.0000000000
61410  20.020  -73.170  24.378 0.0000000000
61411  19.643  -74.059  24.305 0.0000000000
61412  19.468  -74.241  23.571 0.0000000000
61413  17.592  -75.935  21.566 0.0000000000
61414  17.972  -75.963  22.229 0.0000000000
61415  16.924  -76.501  21.839 0.0000000000
61416  16.224  -77.037  22.160 0.0000000000
61417  15.761  -76.820  21.600 0.0000000000
61418  14.712  -76.860  21.534 0.0000000000
61419  15.331  -76.476  21.103 0.0000000000
61420  15.279  -75.145  19.952 0.0000000000
61421  14.598  -75.414  20.421 0.0000000000
61422  14.306  -74.826  20.229 0.0000000000
61423  13.471  -74.397  20.613 0.0000000000
61424  14.133  -74.126  20.066 0.0000000000
64495  10.515  -81.859  33.682 0.0000000000
64497  9.577  -81.935  34.013 0.0000000000
64499  8.955  -81.657  33.418 0.0000000000
64500  8.442  -81.312  32.832 0.0000000000
64501  9.249  -81.372  32.672 0.0000000000
64502  11.005  -80.856  30.997 0.0000000000
64503  10.116  -80.793  31.170 0.0000000000
64504  10.546  -80.518  30.461 0.0000000000
64505  10.093  -80.119  29.931 0.0000000000
64506  10.976  -80.308  29.788 0.0000000000
68602  19.216  -67.550  32.442 0.0000000000
68603  19.586  -68.619  31.706 0.0000000000
68604  19.472  -67.759  31.874 0.0000000000
68605  19.931  -67.401  30.748 0.0000000000
68606  20.010  -68.281  30.566 0.0000000000
68607  20.254  -68.530  29.905 0.0000000000
68608  20.392  -69.649  29.063 0.0000000000
68609  20.464  -68.785  29.248 0.0000000000
68610  18.907  -64.329  31.065 0.0000000000
68611  19.266  -65.009  31.076 0.0000000000
68612  19.719  -65.159  30.502 0.0000000000
68613  21.010  -67.655  28.258 0.0000000000
68614  20.747  -67.344  28.946 0.0000000000
68615  20.941  -68.501  28.044 0.0000000000
68616  20.785  -69.416  27.768 0.0000000000
68617  20.873  -69.643  27.072 0.0000000000
68618  20.672  -70.841  26.082 0.0000000000
68619  20.937  -70.001  26.292 0.0000000000
73965  5.845  -80.768  31.515 0.0000000000
73967  5.507  -81.049  31.113 0.0000000000
73987  5.189  -78.281  27.700 0.0000000000
73988  4.736  -78.601  27.385 0.0000000000
73989  4.902  -78.057  27.111 0.0000000000
78004  18.972  -70.617  33.476 0.0000000000
78005  19.109  -70.699  33.059 0.0000000000
78006  18.983  -69.796  33.539 0.0000000000
78025  17.670  -67.016  34.555 0.0000000000
78026  18.008  -67.603  34.588 0.0000000000
78027  18.235  -67.538  34.161 0.0000000000
78028  18.727  -68.184  33.697 0.0000000000
78029  18.470  -67.467  33.775 0.0000000000
78030  18.713  -67.493  33.350 0.0000000000
78031  18.172  -66.844  33.837 0.0000000000
78032  16.830  -65.453  33.954 0.0000000000
78033  17.496  -65.777  33.684 0.0000000000
78034  17.114  -65.283  33.554 0.0000000000
78035  17.368  -65.105  33.258 0.0000000000
78036  16.659  -64.804  33.429 0.0000000000
78037  13.683  -64.821  34.749 0.0000000000
78038  14.539  -64.893  34.594 0.0000000000
78039  13.939  -64.593  34.445 0.0000000000
78040  13.855  -63.921  33.495 0.0000000000
78041  14.396  -64.134  33.718 0.0000000000
78042  14.707  -63.869  33.409 0.0000000000
78043  15.587  -63.935  33.254 0.0000000000
78044  15.015  -63.621  33.083 0.0000000000
78045  15.333  -63.404  32.744 0.0000000000
78046  14.464  -63.379  32.855 0.0000000000
78047  12.482  -63.612  31.793 0.0000000000
78048  13.319  -63.181  32.043 0.0000000000
78049  12.749  -63.293  31.500 0.0000000000
78050  13.070  -62.978  31.182 0.0000000000
78051  12.264  -63.529  30.968 0.0000000000
78070  5.835  -67.536  34.682 0.0000000000
78071  6.147  -68.002  34.894 0.0000000000
78072  6.196  -68.088  34.441 0.0000000000
78073  7.032  -68.194  34.445 0.0000000000
78074  6.441  -68.014  34.070 0.0000000000
78093  5.797  -67.466  32.787 0.0000000000
78094  5.707  -67.308  33.167 0.0000000000
78095  6.265  -67.804  32.906 0.0000000000
78096  6.866  -67.970  33.234 0.0000000000
78097  7.137  -67.850  32.871 0.0000000000
78098  8.067  -67.622  32.957 0.0000000000
78099  7.464  -67.772  32.480 0.0000000000
78101  8.184  -67.298  31.841 0.0000000000
78102  8.436  -67.038  31.470 0.0000000000
78103  9.230  -66.411  31.722 0.0000000000
86290  18.749  -79.797  32.069 0.0000000000
86291  18.352  -80.353  32.581 0.0000000000
86292  17.753  -80.305  31.972 0.0000000000
86293  16.650  -80.667  32.127 0.0000000000
86294  17.065  -80.219  31.538 0.0000000000
86295  19.718  -77.316  30.527 0.0000000000
86296  19.579  -77.954  30.851 0.0000000000
86297  19.136  -78.115  30.216 0.0000000000
86298  16.650  -79.215  29.448 0.0000000000
86299  17.267  -79.221  30.001 0.0000000000
86300  16.226  -79.651  29.987 0.0000000000
86301  15.725  -80.118  30.551 0.0000000000
86302  15.125  -80.183  30.147 0.0000000000
86303  14.058  -80.560  30.356 0.0000000000
86304  14.610  -80.259  29.738 0.0000000000
86305  14.193  -79.970  28.198 0.0000000000
86306  13.627  -80.240  28.823 0.0000000000
86307  13.115  -80.031  28.292 0.0000000000
86308  12.024  -79.944  28.400 0.0000000000
86309  12.615  -79.782  27.719 0.0000000000
86310  19.987  -70.846  30.114 0.0000000000
86311  19.902  -71.697  30.016 0.0000000000
86312  19.960  -71.975  29.259 0.0000000000
86313  19.375  -74.446  27.146 0.0000000000
86314  19.548  -74.239  27.826 0.0000000000
86315  19.125  -75.273  27.144 0.0000000000
86316  18.874  -75.974  27.254 0.0000000000
86317  18.558  -76.204  26.633 0.0000000000
86318  18.708  -75.614  24.308 0.0000000000
86319  18.963  -75.319  25.036 0.0000000000
86320  18.298  -76.267  24.445 0.0000000000
86321  16.511  -78.140  24.750 0.0000000000
86322  17.370  -77.506  25.000 0.0000000000
86323  16.950  -78.032  25.395 0.0000000000
86324  17.219  -77.792  25.996 0.0000000000
86325  16.480  -78.513  25.833 0.0000000000
86326  15.935  -78.936  26.327 0.0000000000
86327  15.434  -78.985  25.709 0.0000000000
86328  12.834  -78.768  25.358 0.0000000000
86329  13.280  -79.126  25.856 0.0000000000
86330  12.306  -78.878  26.058 0.0000000000
86331  11.718  -79.018  26.754 0.0000000000
86332  11.335  -78.646  26.295 0.0000000000
86333  10.428  -78.440  26.573 0.0000000000
86334  10.941  -78.302  25.834 0.0000000000
86335  10.681  -77.432  24.395 0.0000000000
86336  10.196  -77.602  25.092 0.0000000000
86337  9.803  -77.221  24.760 0.0000000000
86338  8.949  -76.995  25.130 0.0000000000
86339  9.388  -76.754  24.450 0.0000000000
86340  12.874  -76.444  21.874 0.0000000000
86341  12.284  -76.733  22.379 0.0000000000
86342  11.996  -76.116  22.172 0.0000000000
86343  10.032  -74.959  22.682 0.0000000000
86344  10.249  -75.519  22.866 0.0000000000
86345  9.377  -75.377  23.188 0.0000000000
86346  8.842  -75.733  23.778 0.0000000000
86347  8.559  -75.245  23.521 0.0000000000
86348  7.780  -75.183  23.748 0.0000000000
86349  8.295  -74.886  23.178 0.0000000000
93208  14.758  -62.502  31.606 0.0000000000
93209  15.912  -62.544  31.554 0.0000000000
93210  15.306  -62.297  31.254 0.0000000000
94279  8.438  -79.882  30.329 0.0000000000
94280  7.719  -79.825  30.538 0.0000000000
94281  8.160  -79.495  29.870 0.0000000000
94282  7.892  -79.200  29.426 0.0000000000
94283  7.589  -78.907  28.983 0.0000000000
94284  7.278  -78.599  28.540 0.0000000000
94285  8.018  -78.669  28.346 0.0000000000
94286  8.431  -78.444  27.720 0.0000000000
94287  8.803  -78.229  27.112 0.0000000000
95093  11.322  -65.990  35.409 0.0000000000
95094  11.543  -65.664  35.155 0.0000000000
95095  10.741  -66.052  34.866 0.0000000000
95096  10.232  -66.165  34.274 0.0000000000
95097  9.790  -66.367  33.671 0.0000000000
96745  19.496  -72.560  32.019 0.0000000000
96746  19.765  -73.669  31.306 0.0000000000
96747  19.683  -72.845  31.315 0.0000000000
96748  19.781  -73.152  30.569 0.0000000000
96749  19.829  -73.453  29.826 0.0000000000
96750  19.748  -73.692  22.854 0.0000000000
96751  19.274  -74.443  22.802 0.0000000000
96752  19.083  -74.663  21.986 0.0000000000
96753  18.234  -75.326  21.363 0.0000000000
96754  17.185  -75.778  20.961 0.0000000000
96755  16.032  -75.997  20.708 0.0000000000
96756  16.806  -75.564  20.395 0.0000000000
96757  16.402  -75.263  19.888 0.0000000000
96758  16.057  -74.798  19.527 0.0000000000
98601  12.176  -81.919  33.758 0.0000000000
98602  11.456  -81.779  33.365 0.0000000000
98603  10.792  -81.653  32.949 0.0000000000
98604  10.222  -81.426  32.450 0.0000000000
98605  11.135  -81.398  32.193 0.0000000000
98606  11.513  -81.135  31.494 0.0000000000
98607  11.887  -80.892  30.856 0.0000000000
101065  18.703  -66.071  32.599 0.0000000000
101066  19.303  -66.986  31.992 0.0000000000
101067  19.069  -66.228  32.080 0.0000000000
101068  19.432  -66.359  31.539 0.0000000000
101069  19.800  -66.531  30.959 0.0000000000
101070  19.797  -64.602  29.970 0.0000000000
101071  20.108  -65.400  29.879 0.0000000000
101072  20.482  -65.604  29.284 0.0000000000
101073  20.972  -66.744  28.477 0.0000000000
101074  21.179  -67.955  27.546 0.0000000000
101075  21.140  -69.140  26.525 0.0000000000
104283  5.378  -80.219  30.299 0.0000000000
104284  5.331  -80.801  30.398 0.0000000000
104285  5.298  -80.595  29.757 0.0000000000
104286  5.431  -81.001  29.156 0.0000000000
104296  5.779  -77.337  26.840 0.0000000000
104297  5.152  -77.526  26.774 0.0000000000
104298  5.446  -77.015  26.361 0.0000000000
106720  17.067  -66.668  34.937 0.0000000000
106721  17.366  -66.508  34.520 0.0000000000
106722  17.579  -66.394  34.171 0.0000000000
106723  16.956  -66.044  34.457 0.0000000000
106724  16.527  -65.611  34.342 0.0000000000
106725  16.082  -65.200  34.200 0.0000000000
106726  12.520  -64.555  33.994 0.0000000000
106727  13.347  -64.431  34.104 0.0000000000
106728  12.738  -64.328  33.714 0.0000000000
106729  12.988  -64.050  33.456 0.0000000000
106730  13.298  -63.773  33.174 0.0000000000
106731  13.592  -63.494  32.847 0.0000000000
106732  12.709  -63.737  32.712 0.0000000000
106733  12.169  -63.904  32.104 0.0000000000
106734  11.719  -64.114  31.506 0.0000000000
106747  5.721  -66.887  34.980 0.0000000000
106748  5.674  -67.006  34.500 0.0000000000
106762  5.969  -67.536  32.366 0.0000000000
106763  6.807  -67.799  32.137 0.0000000000
111679  19.545  -79.025  32.312 0.0000000000
111680  19.101  -79.195  31.628 0.0000000000
111681  18.869  -77.632  29.242 0.0000000000
111682  18.575  -78.185  29.613 0.0000000000
111683  18.038  -78.266  29.015 0.0000000000
111684  17.091  -78.778  28.960 0.0000000000
111685  16.143  -79.356  28.985 0.0000000000
111686  15.140  -79.918  29.137 0.0000000000
111687  15.679  -79.509  28.533 0.0000000000
111688  15.241  -79.669  28.067 0.0000000000
111689  14.754  -79.691  27.569 0.0000000000
111690  20.155  -71.342  28.712 0.0000000000
111691  19.928  -72.209  28.587 0.0000000000
111692  19.929  -72.442  27.891 0.0000000000
111693  19.635  -73.606  27.123 0.0000000000
111694  19.227  -74.754  26.410 0.0000000000
111695  17.218  -77.163  23.400 0.0000000000
111696  17.583  -77.062  24.052 0.0000000000
111697  16.670  -77.705  23.751 0.0000000000
111698  16.078  -78.153  24.119 0.0000000000
111699  15.505  -78.573  24.578 0.0000000000
111700  14.931  -78.923  25.122 0.0000000000
111701  14.400  -78.749  24.568 0.0000000000
111702  13.385  -78.633  24.686 0.0000000000
111703  12.411  -78.437  24.863 0.0000000000
111704  11.477  -78.193  25.110 0.0000000000
111705  11.998  -78.075  24.415 0.0000000000
111706  11.564  -77.673  24.020 0.0000000000
111707  11.203  -77.250  23.696 0.0000000000
111708  12.268  -75.051  21.588 0.0000000000
111709  11.712  -75.430  22.029 0.0000000000
111710  11.522  -74.764  21.916 0.0000000000
111711  10.673  -74.576  22.225 0.0000000000
111712  9.803  -74.494  22.472 0.0000000000
111713  8.890  -74.499  22.644 0.0000000000
111714  9.488  -74.120  22.170 0.0000000000
115732  13.927  -81.940  33.836 0.0000000000
115733  14.122  -81.551  33.220 0.0000000000
115734  14.385  -81.218  32.600 0.0000000000
117646  17.027  -63.816  32.302 0.0000000000
117647  17.991  -64.252  31.989 0.0000000000
117648  17.525  -63.748  31.880 0.0000000000
117649  18.017  -63.702  31.453 0.0000000000
117650  18.480  -63.674  31.033 0.0000000000
117651  16.993  -62.734  31.295 0.0000000000
117652  18.002  -63.086  30.959 0.0000000000
117653  18.975  -63.733  30.538 0.0000000000
120145  7.028  -81.369  32.975 0.0000000000
120147  6.650  -80.985  32.364 0.0000000000
120148  6.350  -80.588  31.742 0.0000000000
120149  6.056  -80.239  31.168 0.0000000000
120150  7.011  -79.800  30.688 0.0000000000
120151  6.378  -79.817  30.703 0.0000000000
120152  5.793  -79.974  30.586 0.0000000000
120153  5.546  -79.736  30.003 0.0000000000
120154  5.317  -79.509  29.420 0.0000000000
120155  5.197  -79.412  28.753 0.0000000000
120156  4.976  -79.319  28.121 0.0000000000
120157  5.299  -78.937  28.554 0.0000000000
120158  5.517  -78.495  28.245 0.0000000000
120159  5.779  -78.075  27.818 0.0000000000
120160  6.971  -78.292  28.118 0.0000000000
120161  6.534  -77.981  27.725 0.0000000000
120162  6.098  -77.658  27.316 0.0000000000
120163  6.468  -77.243  26.787 0.0000000000
120164  6.858  -76.868  26.238 0.0000000000
120165  7.269  -76.574  25.717 0.0000000000
122045  14.527  -65.726  35.520 0.0000000000
122046  14.763  -65.526  35.132 0.0000000000
122047  14.012  -65.393  35.280 0.0000000000
122048  13.436  -65.056  35.083 0.0000000000
122049  12.803  -64.867  34.751 0.0000000000
122050  11.748  -65.339  34.888 0.0000000000
122051  11.957  -65.024  34.609 0.0000000000
122052  12.264  -64.808  34.302 0.0000000000
122053  11.704  -64.837  33.782 0.0000000000
122054  11.154  -64.940  33.209 0.0000000000
122055  10.663  -65.113  32.562 0.0000000000
125899  20.095  -75.621  32.502 0.0000000000
125900  20.127  -76.703  32.028 0.0000000000
125901  20.093  -76.011  31.757 0.0000000000
125902  19.996  -76.361  30.989 0.0000000000
125903  19.844  -76.618  30.268 0.0000000000
125904  19.933  -74.779  30.675 0.0000000000
125905  19.914  -75.873  30.079 0.0000000000
125906  19.548  -76.842  29.570 0.0000000000
125907  19.109  -77.022  28.938 0.0000000000
125908  18.673  -77.156  28.331 0.0000000000
125909  18.242  -77.341  27.679 0.0000000000
125910  20.114  -72.596  25.784 0.0000000000
125911  19.812  -73.461  25.690 0.0000000000
125912  19.770  -73.789  24.971 0.0000000000
125913  19.177  -74.889  24.269 0.0000000000
125914  18.498  -75.785  23.627 0.0000000000
125915  18.785  -75.193  22.816 0.0000000000
125916  18.262  -75.881  22.953 0.0000000000
125917  17.730  -76.543  23.149 0.0000000000
125918  16.746  -77.185  22.741 0.0000000000
125919  15.584  -77.520  22.535 0.0000000000
125920  14.514  -77.600  22.472 0.0000000000
125921  13.479  -77.504  22.529 0.0000000000
125922  14.104  -77.185  22.002 0.0000000000
125923  13.791  -76.727  21.615 0.0000000000
125924  13.458  -76.123  21.395 0.0000000000
125925  14.965  -75.967  20.665 0.0000000000
125926  14.027  -75.769  20.908 0.0000000000
125927  13.133  -75.435  21.241 0.0000000000
125928  12.824  -74.690  21.155 0.0000000000
125929  12.700  -73.971  21.097 0.0000000000
125930  12.488  -73.342  21.028 0.0000000000
130084  7.696  -81.299  32.952 0.0000000000
130085  7.956  -80.908  32.276 0.0000000000
130086  8.386  -80.567  31.542 0.0000000000
130087  9.671  -81.079  31.902 0.0000000000
130088  9.232  -80.649  31.350 0.0000000000
130089  8.817  -80.255  30.829 0.0000000000
130090  9.238  -79.970  30.126 0.0000000000
130091  9.685  -79.731  29.436 0.0000000000
130092  10.093  -79.518  28.793 0.0000000000
131802  8.711  -67.637  34.771 0.0000000000
135280  19.437  -69.144  32.217 0.0000000000
135281  19.666  -70.312  31.486 0.0000000000
135282  19.660  -69.448  31.601 0.0000000000
135283  19.836  -69.720  30.946 0.0000000000
135284  20.004  -69.972  30.278 0.0000000000
135285  19.742  -68.013  31.239 0.0000000000
135286  20.036  -69.154  30.416 0.0000000000
135287  20.214  -70.290  29.598 0.0000000000
135288  20.292  -70.497  28.889 0.0000000000
135289  20.343  -70.753  28.171 0.0000000000
135290  20.380  -71.042  27.415 0.0000000000
135291  18.835  -64.883  31.616 0.0000000000
135292  19.573  -65.690  31.100 0.0000000000
135293  20.138  -66.783  30.296 0.0000000000
135294  20.338  -66.226  29.761 0.0000000000
135295  20.462  -67.054  29.635 0.0000000000
135296  20.501  -67.911  29.457 0.0000000000
135297  20.644  -69.074  28.552 0.0000000000
135298  20.596  -70.235  27.589 0.0000000000
135299  20.379  -71.403  26.672 0.0000000000
135300  20.387  -71.726  25.935 0.0000000000
135301  20.386  -72.068  25.156 0.0000000000
135302  20.342  -72.367  24.468 0.0000000000
135303  20.959  -70.363  25.515 0.0000000000
135304  20.686  -71.549  24.589 0.0000000000
135305  20.254  -72.645  23.723 0.0000000000
135306  20.157  -72.903  22.941 0.0000000000
141949  4.699  -79.218  27.530 0.0000000000
146825  19.687  -73.956  32.711 0.0000000000
146826  19.523  -73.204  32.576 0.0000000000
146828  19.271  -72.306  33.047 0.0000000000
146829  19.381  -72.433  32.518 0.0000000000
146830  19.266  -71.616  32.551 0.0000000000
146831  19.294  -70.819  32.585 0.0000000000
146832  19.284  -69.941  32.626 0.0000000000
146856  18.728  -68.959  34.053 0.0000000000
146857  18.906  -68.977  33.615 0.0000000000
146858  19.054  -68.962  33.151 0.0000000000
146859  19.234  -69.065  32.703 0.0000000000
146860  19.134  -68.264  32.807 0.0000000000
146861  18.954  -67.516  32.887 0.0000000000
146862  18.687  -66.812  32.986 0.0000000000
146863  17.827  -66.289  33.785 0.0000000000
146864  18.097  -66.204  33.398 0.0000000000
146865  18.392  -66.159  32.969 0.0000000000
146866  18.051  -65.543  32.941 0.0000000000
146867  17.663  -64.971  32.905 0.0000000000
146868  17.267  -64.508  32.728 0.0000000000
146869  14.982  -65.301  34.777 0.0000000000
146870  15.300  -65.049  34.409 0.0000000000
146871  15.585  -64.793  34.051 0.0000000000
146872  14.164  -64.376  34.069 0.0000000000
146873  14.971  -64.398  33.900 0.0000000000
146874  15.859  -64.571  33.685 0.0000000000
146875  16.196  -64.345  33.377 0.0000000000
146876  16.447  -64.179  33.006 0.0000000000
146877  16.702  -63.985  32.657 0.0000000000
146878  16.177  -63.569  32.551 0.0000000000
146879  15.650  -63.223  32.411 0.0000000000
146880  15.092  -62.933  32.224 0.0000000000
146881  13.915  -63.214  32.539 0.0000000000
146882  14.194  -62.955  32.214 0.0000000000
146883  14.439  -62.696  31.931 0.0000000000
146884  13.903  -62.657  31.417 0.0000000000
146885  13.412  -62.754  30.885 0.0000000000
146911  7.674  -68.248  34.867 0.0000000000
146912  7.912  -68.048  34.537 0.0000000000
146913  8.123  -67.848  34.210 0.0000000000
146933  5.597  -66.447  34.366 0.0000000000
146934  5.626  -67.169  34.013 0.0000000000
146935  5.498  -66.645  33.524 0.0000000000
146936  5.657  -67.258  33.559 0.0000000000
146937  5.985  -67.700  33.761 0.0000000000
146938  6.651  -68.001  33.655 0.0000000000
146939  7.524  -67.974  33.697 0.0000000000
146940  8.441  -67.605  33.903 0.0000000000
146941  8.702  -67.348  33.576 0.0000000000
146942  9.002  -67.008  33.308 0.0000000000
146943  9.332  -66.663  33.030 0.0000000000
146944  7.838  -67.484  32.186 0.0000000000
146945  8.783  -66.968  32.350 0.0000000000
146946  9.546  -66.327  32.722 0.0000000000
146947  9.756  -66.005  32.426 0.0000000000
146948  9.956  -65.715  32.136 0.0000000000
146949  10.179  -65.441  31.868 0.0000000000
146957  9.740  -65.851  31.238 0.0000000000
146958  10.444  -65.186  31.634 0.0000000000
146959  10.693  -64.935  31.460 0.0000000000
146960  10.962  -64.672  31.207 0.0000000000
146961  11.249  -64.391  30.917 0.0000000000
156799  17.909  -80.851  33.156 0.0000000000
156800  16.844  -81.255  33.228 0.0000000000
156801  16.227  -81.108  32.766 0.0000000000
156802  15.562  -80.954  32.322 0.0000000000
156803  14.862  -80.852  31.864 0.0000000000
156804  19.896  -77.682  31.603 0.0000000000
156805  19.414  -78.573  31.240 0.0000000000
156806  18.512  -79.256  31.041 0.0000000000
156807  18.232  -78.716  30.044 0.0000000000
156808  17.912  -79.248  30.527 0.0000000000
156809  17.495  -79.749  31.009 0.0000000000
156810  16.393  -80.148  31.053 0.0000000000
156811  15.314  -80.492  31.160 0.0000000000
156812  14.169  -80.889  31.422 0.0000000000
156813  13.550  -80.870  31.023 0.0000000000
156814  12.984  -80.805  30.619 0.0000000000
156815  12.438  -80.665  30.200 0.0000000000
156816  14.151  -80.313  29.325 0.0000000000
156817  13.032  -80.488  29.479 0.0000000000
156818  11.965  -80.442  29.643 0.0000000000
156819  11.464  -80.122  29.085 0.0000000000
156820  11.067  -79.708  28.544 0.0000000000
156821  10.664  -79.347  28.105 0.0000000000
156822  19.781  -71.438  30.706 0.0000000000
156823  19.842  -72.583  29.896 0.0000000000
156824  19.805  -73.674  29.204 0.0000000000
156825  19.808  -73.087  28.528 0.0000000000
156826  19.704  -73.977  28.505 0.0000000000
156827  19.593  -74.826  28.515 0.0000000000
156828  19.182  -75.835  27.917 0.0000000000
156829  18.587  -76.624  27.464 0.0000000000
156830  17.845  -77.412  27.159 0.0000000000
156831  19.471  -74.292  25.681 0.0000000000
156832  19.111  -75.045  25.725 0.0000000000
156833  18.703  -75.771  25.777 0.0000000000
156834  17.876  -76.944  24.647 0.0000000000
156835  18.100  -76.664  25.315 0.0000000000
156836  18.319  -76.421  25.992 0.0000000000
156837  17.918  -77.014  26.253 0.0000000000
156838  17.512  -77.578  26.586 0.0000000000
156839  17.110  -78.125  27.000 0.0000000000
156840  16.321  -78.792  26.929 0.0000000000
156841  15.405  -79.349  26.908 0.0000000000
156842  14.295  -79.609  26.956 0.0000000000
156843  14.349  -79.202  25.732 0.0000000000
156844  13.812  -79.426  26.382 0.0000000000
156845  13.185  -79.630  27.023 0.0000000000
156846  12.123  -79.425  27.162 0.0000000000
156847  11.218  -79.172  27.408 0.0000000000
156848  10.317  -78.984  27.653 0.0000000000
156849  9.946  -78.646  27.225 0.0000000000
156850  9.604  -78.311  26.822 0.0000000000
156851  9.219  -77.970  26.465 0.0000000000
156852  10.573  -77.966  25.446 0.0000000000
156853  9.704  -77.777  25.792 0.0000000000
156854  8.838  -77.589  26.104 0.0000000000
156855  8.480  -77.195  25.791 0.0000000000
156856  8.156  -76.738  25.463 0.0000000000
156857  7.798  -76.286  25.128 0.0000000000
156858  12.593  -77.277  22.708 0.0000000000
156859  11.722  -77.003  22.986 0.0000000000
156860  10.846  -76.730  23.372 0.0000000000
156861  11.125  -75.789  22.525 0.0000000000
156862  10.520  -76.138  23.079 0.0000000000
156863  9.914  -76.467  23.772 0.0000000000
156864  9.111  -76.229  24.100 0.0000000000
156865  8.307  -75.981  24.468 0.0000000000
156866  7.536  -75.819  24.734 0.0000000000
156867  7.211  -75.424  24.306 0.0000000000
