#!ascii label  , from subject fsaverage vox2ras=TkReg
683
11  46.940  -21.102  -26.588 0.0000000000
344  29.654  -45.740  -15.383 0.0000000000
615  39.958  -27.440  -22.273 0.0000000000
623  34.496  -41.012  -21.261 0.0000000000
1391  31.852  -38.729  -19.362 0.0000000000
1392  28.748  -42.590  -18.855 0.0000000000
1394  37.481  -34.921  -23.169 0.0000000000
1772  35.020  -42.350  -15.638 0.0000000000
2453  43.130  -15.372  -24.889 0.0000000000
2481  42.249  -23.762  -20.733 0.0000000000
2507  41.249  -31.823  -20.486 0.0000000000
2508  44.850  -29.043  -20.795 0.0000000000
3312  31.068  -36.831  -21.367 0.0000000000
3914  36.150  -38.804  -17.240 0.0000000000
5613  27.971  -47.919  -15.592 0.0000000000
5614  31.249  -41.785  -20.354 0.0000000000
5615  30.441  -45.328  -18.693 0.0000000000
5616  33.560  -44.127  -19.602 0.0000000000
5620  37.324  -40.499  -21.893 0.0000000000
5621  39.065  -31.408  -22.813 0.0000000000
5622  39.617  -33.725  -22.177 0.0000000000
5623  40.390  -29.692  -21.234 0.0000000000
5624  41.787  -27.916  -20.296 0.0000000000
5625  40.845  -25.665  -20.972 0.0000000000
7111  30.389  -42.131  -17.274 0.0000000000
7112  28.281  -43.921  -17.037 0.0000000000
7113  29.363  -40.217  -19.135 0.0000000000
7114  30.233  -39.121  -21.152 0.0000000000
7115  32.796  -38.596  -22.318 0.0000000000
7116  35.971  -38.068  -22.733 0.0000000000
7117  34.871  -35.492  -23.621 0.0000000000
7974  32.367  -44.132  -15.575 0.0000000000
7975  33.387  -40.720  -17.635 0.0000000000
7976  34.872  -37.225  -19.331 0.0000000000
9917  44.099  -17.507  -24.386 0.0000000000
9997  41.583  -20.833  -21.669 0.0000000000
9998  42.992  -19.155  -22.433 0.0000000000
9999  43.214  -23.034  -21.219 0.0000000000
10066  28.212  -46.533  -17.220 0.0000000000
10067  29.997  -49.072  -17.148 0.0000000000
10075  38.729  -37.298  -22.710 0.0000000000
10078  43.033  -30.040  -20.156 0.0000000000
10079  43.553  -26.584  -20.491 0.0000000000
10080  45.158  -26.639  -21.558 0.0000000000
13293  28.584  -46.692  -15.439 0.0000000000
13294  32.906  -41.458  -20.883 0.0000000000
13295  32.346  -43.210  -19.999 0.0000000000
13296  33.937  -42.601  -20.416 0.0000000000
13297  35.132  -43.654  -20.030 0.0000000000
13298  35.534  -42.131  -20.822 0.0000000000
13299  36.809  -41.867  -21.220 0.0000000000
13300  35.859  -40.804  -21.546 0.0000000000
13301  39.586  -29.428  -22.453 0.0000000000
13302  39.658  -30.631  -22.031 0.0000000000
13303  40.144  -28.511  -21.658 0.0000000000
13304  40.650  -27.552  -20.910 0.0000000000
13305  40.401  -26.379  -21.432 0.0000000000
15691  31.029  -40.416  -18.326 0.0000000000
15692  29.640  -41.104  -18.148 0.0000000000
15693  30.448  -39.495  -19.162 0.0000000000
15695  30.379  -37.817  -21.359 0.0000000000
15696  31.019  -37.495  -22.115 0.0000000000
15697  31.289  -38.837  -21.870 0.0000000000
15698  32.311  -37.196  -22.790 0.0000000000
15699  33.697  -37.073  -23.007 0.0000000000
15700  33.437  -35.567  -23.518 0.0000000000
17498  33.714  -43.288  -15.695 0.0000000000
17499  32.829  -42.467  -16.637 0.0000000000
17500  34.273  -41.600  -16.668 0.0000000000
17502  35.530  -38.042  -18.274 0.0000000000
22429  42.423  -17.867  -22.997 0.0000000000
22430  43.005  -16.971  -23.621 0.0000000000
22431  43.426  -18.153  -23.365 0.0000000000
22432  43.677  -16.538  -24.592 0.0000000000
22599  28.194  -43.226  -17.876 0.0000000000
22600  27.981  -45.213  -17.107 0.0000000000
22601  28.431  -44.570  -17.979 0.0000000000
22602  31.762  -46.377  -18.434 0.0000000000
22603  30.191  -46.984  -17.896 0.0000000000
22604  31.409  -48.153  -17.558 0.0000000000
22621  36.864  -36.530  -23.017 0.0000000000
22622  37.406  -37.817  -22.794 0.0000000000
22623  38.218  -36.054  -23.013 0.0000000000
22624  40.371  -32.847  -21.333 0.0000000000
22625  40.139  -34.814  -22.001 0.0000000000
22626  40.862  -33.986  -21.157 0.0000000000
22628  41.697  -33.079  -20.607 0.0000000000
22629  42.640  -31.871  -20.218 0.0000000000
22630  41.996  -31.242  -20.213 0.0000000000
22631  42.126  -25.755  -20.415 0.0000000000
22632  42.725  -27.113  -20.212 0.0000000000
22633  42.786  -25.181  -20.479 0.0000000000
22634  43.699  -24.472  -21.173 0.0000000000
22635  42.810  -23.322  -20.991 0.0000000000
22838  45.062  -27.412  -21.261 0.0000000000
24391  32.692  -36.990  -20.475 0.0000000000
24392  31.244  -37.675  -20.397 0.0000000000
25475  36.176  -41.358  -15.405 0.0000000000
25476  35.590  -40.669  -16.440 0.0000000000
25477  36.707  -39.515  -16.205 0.0000000000
28536  29.708  -42.197  -19.585 0.0000000000
28537  29.403  -44.012  -18.761 0.0000000000
28538  30.824  -43.523  -19.517 0.0000000000
28539  32.117  -44.788  -19.266 0.0000000000
28540  33.225  -45.729  -18.877 0.0000000000
28549  38.371  -33.164  -23.078 0.0000000000
28550  38.748  -34.290  -22.766 0.0000000000
28551  39.225  -32.601  -22.441 0.0000000000
28552  39.933  -31.847  -21.710 0.0000000000
28553  40.758  -30.807  -20.895 0.0000000000
28554  41.403  -30.257  -20.482 0.0000000000
28555  41.013  -28.793  -20.569 0.0000000000
28556  41.293  -26.717  -20.518 0.0000000000
28557  41.553  -24.556  -20.638 0.0000000000
31951  29.976  -43.989  -16.215 0.0000000000
31952  28.826  -44.844  -16.137 0.0000000000
31953  29.133  -42.970  -17.081 0.0000000000
31954  28.711  -42.044  -17.941 0.0000000000
31955  28.752  -41.374  -18.912 0.0000000000
31956  30.197  -38.576  -20.225 0.0000000000
31957  29.595  -39.469  -20.235 0.0000000000
31958  29.391  -40.794  -19.889 0.0000000000
31959  30.573  -40.439  -20.753 0.0000000000
31960  32.003  -40.120  -21.377 0.0000000000
31961  33.633  -39.853  -21.747 0.0000000000
31962  35.074  -39.642  -22.050 0.0000000000
31963  34.384  -38.397  -22.558 0.0000000000
31964  35.330  -36.821  -23.116 0.0000000000
31965  36.308  -35.302  -23.482 0.0000000000
31967  35.995  -33.887  -23.948 0.0000000000
31968  37.170  -33.642  -23.576 0.0000000000
31969  38.028  -31.987  -23.569 0.0000000000
34260  30.956  -44.922  -15.489 0.0000000000
34261  31.357  -43.175  -16.446 0.0000000000
34262  31.863  -41.473  -17.506 0.0000000000
34263  32.518  -39.680  -18.521 0.0000000000
34264  34.872  -39.902  -17.490 0.0000000000
34265  34.082  -38.966  -18.502 0.0000000000
34266  33.372  -38.044  -19.485 0.0000000000
39987  44.630  -16.458  -26.025 0.0000000000
39988  45.188  -17.379  -26.338 0.0000000000
39989  44.336  -17.965  -24.352 0.0000000000
39990  46.344  -18.959  -27.108 0.0000000000
40225  40.766  -24.159  -21.503 0.0000000000
40226  41.262  -23.230  -21.133 0.0000000000
40227  42.007  -22.245  -21.240 0.0000000000
40229  42.322  -19.934  -21.917 0.0000000000
40230  42.515  -21.415  -21.507 0.0000000000
40231  43.029  -20.597  -22.079 0.0000000000
40232  43.962  -19.830  -22.804 0.0000000000
40233  43.625  -22.662  -21.512 0.0000000000
40432  28.061  -45.864  -16.270 0.0000000000
40433  27.854  -47.236  -16.364 0.0000000000
40434  28.122  -48.580  -16.591 0.0000000000
40435  29.137  -45.898  -17.983 0.0000000000
40436  28.927  -47.844  -17.284 0.0000000000
40459  36.668  -39.262  -22.362 0.0000000000
40460  38.057  -39.130  -22.384 0.0000000000
40462  39.293  -35.417  -22.637 0.0000000000
40463  39.751  -36.462  -22.196 0.0000000000
40470  43.900  -29.655  -20.337 0.0000000000
40471  42.320  -29.242  -20.082 0.0000000000
40472  43.344  -28.231  -20.227 0.0000000000
40473  44.172  -27.681  -20.693 0.0000000000
40474  44.307  -26.413  -20.910 0.0000000000
40475  44.168  -25.205  -21.092 0.0000000000
40476  45.283  -25.601  -21.978 0.0000000000
40718  46.274  -24.867  -23.389 0.0000000000
44013  29.107  -46.190  -15.386 0.0000000000
44014  33.612  -41.281  -20.999 0.0000000000
44015  33.450  -41.900  -20.715 0.0000000000
44016  34.229  -41.792  -20.826 0.0000000000
44017  34.786  -42.326  -20.651 0.0000000000
44018  34.842  -41.641  -20.995 0.0000000000
44019  35.640  -41.428  -21.211 0.0000000000
44020  35.240  -40.855  -21.397 0.0000000000
44021  39.762  -28.413  -22.219 0.0000000000
44022  39.843  -29.037  -22.076 0.0000000000
44023  40.028  -27.877  -21.810 0.0000000000
44024  40.191  -27.590  -21.612 0.0000000000
44025  40.180  -26.904  -21.853 0.0000000000
46411  31.357  -39.603  -18.810 0.0000000000
46412  30.693  -39.930  -18.744 0.0000000000
46413  31.039  -39.113  -19.257 0.0000000000
46415  31.147  -36.824  -22.188 0.0000000000
46416  31.668  -36.596  -22.678 0.0000000000
46417  31.607  -37.315  -22.508 0.0000000000
46418  32.238  -36.493  -22.919 0.0000000000
46419  32.909  -36.395  -23.131 0.0000000000
46420  32.823  -35.634  -23.300 0.0000000000
48214  35.362  -42.724  -15.063 0.0000000000
48216  34.786  -43.254  -15.088 0.0000000000
48217  34.124  -43.725  -15.137 0.0000000000
48218  34.415  -42.854  -15.632 0.0000000000
48219  34.002  -42.476  -16.158 0.0000000000
48220  34.705  -42.028  -16.136 0.0000000000
53149  42.891  -16.610  -23.837 0.0000000000
53150  43.238  -16.340  -24.326 0.0000000000
53151  43.392  -16.733  -24.243 0.0000000000
53152  43.401  -15.910  -24.727 0.0000000000
53319  28.380  -42.898  -18.325 0.0000000000
53320  28.300  -43.885  -17.963 0.0000000000
53321  28.592  -43.559  -18.387 0.0000000000
53322  32.308  -46.885  -18.167 0.0000000000
53323  31.538  -47.186  -17.993 0.0000000000
53324  32.177  -47.659  -17.753 0.0000000000
53341  37.202  -35.675  -23.154 0.0000000000
53342  37.406  -36.339  -23.020 0.0000000000
53343  37.940  -35.344  -23.073 0.0000000000
53344  40.777  -32.549  -21.071 0.0000000000
53345  40.651  -33.312  -21.172 0.0000000000
53346  41.058  -32.874  -20.921 0.0000000000
53347  41.219  -33.424  -20.833 0.0000000000
53348  41.457  -32.430  -20.608 0.0000000000
53349  41.843  -32.052  -20.415 0.0000000000
53350  41.606  -31.630  -20.546 0.0000000000
53351  42.114  -24.845  -20.567 0.0000000000
53352  42.527  -25.369  -20.493 0.0000000000
53353  42.603  -24.380  -20.822 0.0000000000
53354  42.865  -24.246  -20.902 0.0000000000
53355  42.500  -23.554  -20.813 0.0000000000
53557  45.510  -27.258  -21.657 0.0000000000
53558  45.025  -28.060  -20.996 0.0000000000
56012  32.410  -36.459  -20.933 0.0000000000
57819  36.440  -40.493  -15.809 0.0000000000
62919  30.458  -41.980  -19.972 0.0000000000
62920  30.141  -42.888  -19.535 0.0000000000
62921  31.009  -42.699  -19.901 0.0000000000
62922  33.033  -43.517  -19.915 0.0000000000
62923  32.272  -43.893  -19.684 0.0000000000
62924  32.845  -44.478  -19.490 0.0000000000
62925  32.777  -45.133  -19.108 0.0000000000
62926  33.426  -44.977  -19.283 0.0000000000
62927  33.987  -45.419  -19.046 0.0000000000
62928  34.159  -44.667  -19.462 0.0000000000
62929  35.810  -43.492  -20.231 0.0000000000
62936  36.944  -41.240  -21.548 0.0000000000
62940  37.981  -40.093  -21.884 0.0000000000
62941  38.698  -32.393  -22.979 0.0000000000
62942  38.874  -32.825  -22.750 0.0000000000
62943  38.994  -32.046  -22.593 0.0000000000
62944  40.053  -30.113  -21.558 0.0000000000
62945  39.869  -31.120  -21.749 0.0000000000
62946  40.145  -30.700  -21.312 0.0000000000
62947  40.268  -31.457  -21.223 0.0000000000
62948  40.498  -30.241  -21.010 0.0000000000
62949  40.851  -29.932  -20.728 0.0000000000
62950  40.746  -29.074  -20.847 0.0000000000
62951  40.862  -26.450  -20.961 0.0000000000
62952  40.893  -27.244  -20.755 0.0000000000
62953  41.107  -26.075  -20.707 0.0000000000
62954  41.428  -25.623  -20.564 0.0000000000
62955  41.154  -25.181  -20.809 0.0000000000
70111  30.193  -43.051  -16.764 0.0000000000
70112  29.491  -43.449  -16.671 0.0000000000
70113  29.707  -42.496  -17.161 0.0000000000
70114  29.412  -40.606  -18.622 0.0000000000
70115  29.127  -41.573  -18.058 0.0000000000
70116  28.998  -41.137  -18.529 0.0000000000
70117  28.735  -41.620  -18.469 0.0000000000
70118  29.025  -40.780  -18.971 0.0000000000
70119  31.098  -37.218  -20.880 0.0000000000
70120  30.718  -38.118  -20.266 0.0000000000
70121  30.632  -37.639  -20.812 0.0000000000
70122  30.158  -38.525  -21.189 0.0000000000
70123  29.916  -38.736  -20.708 0.0000000000
70124  29.782  -39.315  -20.658 0.0000000000
70125  29.481  -40.182  -20.051 0.0000000000
70126  29.890  -39.998  -20.484 0.0000000000
70127  29.848  -40.642  -20.282 0.0000000000
70128  30.309  -39.790  -20.926 0.0000000000
70129  32.079  -38.738  -22.108 0.0000000000
70130  31.639  -39.494  -21.624 0.0000000000
70131  32.245  -39.466  -21.793 0.0000000000
70132  32.738  -40.017  -21.581 0.0000000000
70133  33.088  -39.294  -22.062 0.0000000000
70134  34.001  -39.120  -22.301 0.0000000000
70135  33.612  -38.429  -22.422 0.0000000000
70136  34.236  -36.299  -23.306 0.0000000000
70137  34.579  -36.929  -23.117 0.0000000000
70138  35.005  -36.220  -23.326 0.0000000000
70139  35.873  -36.055  -23.348 0.0000000000
70140  35.604  -35.401  -23.618 0.0000000000
70146  36.522  -33.138  -23.999 0.0000000000
70147  36.590  -33.736  -23.776 0.0000000000
70148  37.173  -33.001  -23.805 0.0000000000
70149  37.749  -32.777  -23.522 0.0000000000
70150  37.574  -32.203  -23.859 0.0000000000
75529  32.840  -44.570  -15.113 0.0000000000
75531  32.188  -45.033  -15.099 0.0000000000
75532  31.495  -45.414  -15.056 0.0000000000
75533  31.663  -44.545  -15.537 0.0000000000
75534  31.124  -44.028  -15.989 0.0000000000
75535  31.885  -43.707  -16.007 0.0000000000
75536  33.088  -41.546  -17.204 0.0000000000
75537  32.344  -42.003  -17.061 0.0000000000
75538  32.630  -41.063  -17.627 0.0000000000
75539  32.183  -40.539  -18.015 0.0000000000
75540  32.934  -40.207  -18.079 0.0000000000
75541  35.843  -39.733  -16.880 0.0000000000
75542  35.254  -40.310  -16.959 0.0000000000
75543  35.516  -39.401  -17.366 0.0000000000
75544  35.209  -37.653  -18.801 0.0000000000
75545  34.847  -38.591  -18.390 0.0000000000
75546  34.457  -38.140  -18.920 0.0000000000
75547  33.715  -38.514  -18.990 0.0000000000
75548  34.085  -37.639  -19.475 0.0000000000
75549  33.754  -37.203  -19.928 0.0000000000
75550  34.536  -36.766  -19.849 0.0000000000
89723  44.353  -15.820  -26.045 0.0000000000
89728  45.636  -18.114  -26.600 0.0000000000
90316  40.447  -24.734  -21.719 0.0000000000
90318  41.265  -21.353  -21.551 0.0000000000
90319  41.066  -22.565  -21.440 0.0000000000
90320  41.302  -22.045  -21.411 0.0000000000
90321  41.605  -22.689  -21.143 0.0000000000
90322  41.861  -21.473  -21.414 0.0000000000
90326  42.628  -18.405  -22.598 0.0000000000
90327  42.240  -18.764  -22.365 0.0000000000
90328  42.612  -19.516  -22.149 0.0000000000
90329  42.331  -20.621  -21.762 0.0000000000
90330  42.682  -20.287  -21.985 0.0000000000
90331  42.982  -21.079  -21.853 0.0000000000
90332  43.207  -19.801  -22.254 0.0000000000
90333  43.976  -17.967  -23.748 0.0000000000
90334  43.480  -18.858  -23.001 0.0000000000
90335  43.675  -17.893  -23.618 0.0000000000
90336  43.888  -18.791  -23.464 0.0000000000
90337  44.287  -17.857  -24.349 0.0000000000
90834  28.494  -44.364  -16.597 0.0000000000
90835  28.356  -45.280  -16.203 0.0000000000
90836  28.146  -44.881  -16.609 0.0000000000
90837  28.042  -45.814  -17.221 0.0000000000
90838  27.913  -46.150  -16.738 0.0000000000
90839  27.969  -46.853  -16.803 0.0000000000
90840  27.926  -47.888  -16.470 0.0000000000
90841  28.164  -47.526  -16.896 0.0000000000
90842  29.871  -44.735  -18.686 0.0000000000
90843  29.189  -45.029  -18.318 0.0000000000
90844  29.721  -45.654  -18.304 0.0000000000
90845  30.009  -48.126  -17.454 0.0000000000
90846  29.488  -47.430  -17.566 0.0000000000
90847  29.434  -48.375  -17.226 0.0000000000
90848  28.851  -48.811  -16.970 0.0000000000
90849  29.381  -49.513  -16.918 0.0000000000
90901  35.399  -38.912  -22.408 0.0000000000
90902  36.028  -39.377  -22.223 0.0000000000
90903  36.196  -38.767  -22.511 0.0000000000
90904  38.254  -37.357  -22.822 0.0000000000
90905  37.788  -38.279  -22.703 0.0000000000
90906  38.443  -38.171  -22.624 0.0000000000
90907  38.726  -38.606  -22.302 0.0000000000
90908  39.049  -37.839  -22.453 0.0000000000
90909  39.147  -34.143  -22.448 0.0000000000
90910  39.047  -34.840  -22.671 0.0000000000
90911  39.368  -34.556  -22.423 0.0000000000
90912  40.256  -35.397  -21.792 0.0000000000
90913  40.093  -35.443  -22.027 0.0000000000
90914  40.182  -35.971  -21.794 0.0000000000
90926  42.838  -31.159  -20.141 0.0000000000
90928  43.300  -30.593  -20.138 0.0000000000
90929  43.692  -30.147  -20.293 0.0000000000
90930  43.360  -30.066  -20.134 0.0000000000
90931  41.559  -29.172  -20.288 0.0000000000
90932  41.905  -29.578  -20.254 0.0000000000
90933  42.040  -28.709  -20.216 0.0000000000
90934  42.934  -27.040  -20.206 0.0000000000
90935  42.945  -27.830  -20.230 0.0000000000
90936  43.468  -27.144  -20.448 0.0000000000
90937  43.699  -28.023  -20.494 0.0000000000
90938  43.763  -27.477  -20.504 0.0000000000
90939  44.358  -26.561  -21.035 0.0000000000
90940  43.727  -26.597  -20.614 0.0000000000
90941  43.552  -23.737  -21.189 0.0000000000
90942  43.856  -24.714  -21.144 0.0000000000
90943  43.950  -23.479  -21.565 0.0000000000
90944  44.087  -23.734  -21.593 0.0000000000
90945  43.394  -22.870  -21.341 0.0000000000
91549  45.583  -26.098  -22.218 0.0000000000
91550  46.179  -25.752  -22.956 0.0000000000
91551  45.795  -25.242  -22.546 0.0000000000
91552  46.073  -24.893  -22.829 0.0000000000
91553  45.219  -26.044  -21.775 0.0000000000
97655  28.276  -47.256  -15.513 0.0000000000
97656  32.140  -41.525  -20.676 0.0000000000
97657  31.844  -42.476  -20.194 0.0000000000
97658  32.608  -42.245  -20.411 0.0000000000
97659  33.203  -42.819  -20.241 0.0000000000
97660  33.786  -43.402  -20.006 0.0000000000
97661  34.363  -43.879  -19.871 0.0000000000
97662  34.444  -43.233  -20.138 0.0000000000
97663  35.280  -42.948  -20.437 0.0000000000
97664  35.983  -42.779  -20.587 0.0000000000
97666  36.126  -42.119  -21.034 0.0000000000
97667  36.419  -41.336  -21.427 0.0000000000
97668  36.753  -40.633  -21.718 0.0000000000
97669  39.282  -30.358  -22.450 0.0000000000
97670  39.395  -31.073  -22.450 0.0000000000
97671  39.579  -29.892  -22.049 0.0000000000
97672  39.894  -29.530  -21.703 0.0000000000
97673  40.199  -29.082  -21.376 0.0000000000
97674  40.431  -28.796  -21.133 0.0000000000
97675  40.403  -28.003  -21.266 0.0000000000
97676  40.496  -27.074  -21.305 0.0000000000
97677  40.618  -26.024  -21.146 0.0000000000
101971  30.694  -41.278  -17.808 0.0000000000
101972  29.962  -41.591  -17.720 0.0000000000
101973  30.314  -40.699  -18.275 0.0000000000
101974  30.047  -40.238  -18.675 0.0000000000
101975  29.833  -39.840  -19.131 0.0000000000
101976  31.157  -36.492  -21.827 0.0000000000
101977  30.624  -37.233  -21.328 0.0000000000
101978  30.787  -37.080  -21.695 0.0000000000
101979  30.586  -37.661  -21.717 0.0000000000
101980  30.522  -38.357  -21.648 0.0000000000
101981  30.759  -38.903  -21.573 0.0000000000
101982  31.142  -38.081  -22.107 0.0000000000
101983  31.738  -37.961  -22.335 0.0000000000
101984  32.471  -37.944  -22.543 0.0000000000
101985  33.311  -37.840  -22.740 0.0000000000
101986  32.992  -37.132  -22.887 0.0000000000
101987  33.614  -36.343  -23.248 0.0000000000
101988  34.086  -35.479  -23.622 0.0000000000
105223  33.506  -44.171  -15.134 0.0000000000
105224  33.059  -43.739  -15.615 0.0000000000
105225  32.578  -43.282  -16.110 0.0000000000
105226  33.292  -42.888  -16.181 0.0000000000
105227  33.564  -42.067  -16.685 0.0000000000
105228  33.831  -41.174  -17.156 0.0000000000
105229  36.441  -37.833  -17.633 0.0000000000
105230  35.842  -38.433  -17.754 0.0000000000
105231  36.173  -37.541  -18.071 0.0000000000
105232  35.888  -37.193  -18.564 0.0000000000
105233  35.575  -36.770  -19.136 0.0000000000
114100  42.298  -16.692  -23.503 0.0000000000
114101  42.780  -17.477  -23.386 0.0000000000
114102  42.867  -17.940  -23.168 0.0000000000
114103  43.219  -18.779  -22.828 0.0000000000
114104  43.326  -17.625  -23.355 0.0000000000
114105  43.678  -17.226  -23.993 0.0000000000
114106  43.906  -17.077  -24.465 0.0000000000
114405  28.208  -43.606  -17.414 0.0000000000
114406  27.984  -44.497  -17.058 0.0000000000
114407  28.065  -44.109  -17.496 0.0000000000
114408  28.132  -44.841  -17.561 0.0000000000
114409  28.300  -45.507  -17.611 0.0000000000
114410  31.134  -45.810  -18.623 0.0000000000
114411  30.336  -46.181  -18.268 0.0000000000
114412  30.890  -46.720  -18.146 0.0000000000
114413  30.784  -47.626  -17.725 0.0000000000
114414  30.601  -48.560  -17.349 0.0000000000
114445  36.324  -37.327  -22.953 0.0000000000
114446  36.733  -37.912  -22.821 0.0000000000
114447  37.304  -37.003  -22.993 0.0000000000
114448  37.851  -36.851  -22.951 0.0000000000
114449  38.486  -36.624  -22.873 0.0000000000
114450  39.963  -33.212  -21.712 0.0000000000
114451  39.812  -34.253  -22.148 0.0000000000
114452  40.244  -34.100  -21.778 0.0000000000
114453  40.523  -34.177  -21.471 0.0000000000
114454  40.807  -34.533  -21.365 0.0000000000
114456  40.992  -34.581  -21.121 0.0000000000
114460  42.057  -32.646  -20.336 0.0000000000
114461  42.217  -31.874  -20.312 0.0000000000
114462  42.551  -30.562  -20.233 0.0000000000
114463  41.896  -26.972  -20.250 0.0000000000
114464  42.038  -27.959  -20.267 0.0000000000
114465  42.237  -26.590  -20.240 0.0000000000
114466  42.690  -26.219  -20.412 0.0000000000
114467  43.224  -25.910  -20.671 0.0000000000
114468  43.553  -25.601  -20.664 0.0000000000
114469  43.210  -24.927  -20.730 0.0000000000
114470  43.171  -24.084  -20.970 0.0000000000
114471  43.038  -23.162  -21.117 0.0000000000
114835  45.587  -26.740  -21.956 0.0000000000
114836  45.110  -26.991  -21.420 0.0000000000
118351  32.254  -37.867  -19.936 0.0000000000
118352  31.506  -38.193  -19.871 0.0000000000
118353  31.957  -37.335  -20.431 0.0000000000
118354  31.704  -36.843  -20.911 0.0000000000
118355  31.546  -36.342  -21.423 0.0000000000
120880  35.957  -42.253  -14.913 0.0000000000
120881  35.649  -41.902  -15.480 0.0000000000
120882  35.299  -41.562  -16.007 0.0000000000
120883  35.890  -41.013  -15.933 0.0000000000
120884  36.146  -40.110  -16.353 0.0000000000
120885  36.449  -39.165  -16.725 0.0000000000
120887  36.943  -38.569  -16.583 0.0000000000
120888  36.711  -38.215  -17.111 0.0000000000
128022  29.160  -42.347  -19.257 0.0000000000
128023  28.984  -43.319  -18.756 0.0000000000
128024  29.560  -43.094  -19.152 0.0000000000
128025  30.070  -43.816  -19.143 0.0000000000
128026  30.612  -44.462  -19.058 0.0000000000
128027  31.579  -43.306  -19.770 0.0000000000
128028  31.489  -44.155  -19.407 0.0000000000
128029  31.277  -45.002  -19.036 0.0000000000
128030  31.903  -45.504  -18.862 0.0000000000
128031  32.536  -46.017  -18.653 0.0000000000
128032  33.152  -46.422  -18.470 0.0000000000
128037  34.957  -44.384  -19.630 0.0000000000
128053  38.084  -33.868  -23.128 0.0000000000
128054  38.129  -34.612  -22.993 0.0000000000
128055  38.519  -33.745  -22.888 0.0000000000
128056  38.975  -33.465  -22.545 0.0000000000
128057  39.461  -33.054  -22.244 0.0000000000
128058  39.510  -31.501  -22.112 0.0000000000
128059  39.582  -32.142  -22.016 0.0000000000
128060  39.797  -32.690  -21.857 0.0000000000
128061  40.124  -32.372  -21.527 0.0000000000
128062  40.589  -31.835  -21.106 0.0000000000
128063  40.880  -31.483  -20.841 0.0000000000
128064  41.323  -31.083  -20.508 0.0000000000
128065  41.067  -30.398  -20.570 0.0000000000
128066  41.231  -29.562  -20.408 0.0000000000
128067  41.369  -28.435  -20.367 0.0000000000
128068  40.776  -28.202  -20.769 0.0000000000
128069  41.135  -27.903  -20.604 0.0000000000
128070  41.522  -27.341  -20.361 0.0000000000
128071  41.688  -26.132  -20.434 0.0000000000
128072  41.735  -25.250  -20.506 0.0000000000
128073  41.956  -24.073  -20.682 0.0000000000
137191  29.769  -44.826  -15.803 0.0000000000
137192  29.207  -45.290  -15.729 0.0000000000
137193  29.315  -44.306  -16.213 0.0000000000
137194  28.986  -43.954  -16.533 0.0000000000
137195  28.641  -43.495  -16.947 0.0000000000
137196  29.354  -42.022  -17.576 0.0000000000
137197  28.849  -42.473  -17.499 0.0000000000
137198  28.466  -43.008  -17.431 0.0000000000
137199  28.395  -42.532  -17.940 0.0000000000
137200  28.443  -42.258  -18.375 0.0000000000
137201  28.640  -41.977  -18.814 0.0000000000
137202  30.856  -38.572  -19.772 0.0000000000
137203  30.261  -39.083  -19.637 0.0000000000
137204  29.742  -39.426  -19.649 0.0000000000
137205  30.246  -38.154  -20.799 0.0000000000
137206  29.761  -39.024  -20.193 0.0000000000
137207  29.438  -39.813  -19.696 0.0000000000
137208  29.192  -40.373  -19.563 0.0000000000
137209  28.975  -41.114  -19.353 0.0000000000
137210  28.944  -41.783  -19.278 0.0000000000
137211  29.386  -41.551  -19.704 0.0000000000
137212  30.001  -41.363  -20.112 0.0000000000
137213  30.844  -41.140  -20.525 0.0000000000
137214  30.918  -39.667  -21.284 0.0000000000
137215  31.196  -40.306  -21.062 0.0000000000
137216  31.586  -40.966  -20.814 0.0000000000
137217  32.401  -40.841  -21.074 0.0000000000
137218  33.160  -40.632  -21.333 0.0000000000
137219  33.973  -40.498  -21.473 0.0000000000
137220  34.658  -40.350  -21.608 0.0000000000
137221  34.305  -39.774  -21.860 0.0000000000
137222  34.771  -39.012  -22.305 0.0000000000
137223  35.115  -38.300  -22.629 0.0000000000
137224  33.937  -37.784  -22.755 0.0000000000
137225  34.618  -37.750  -22.797 0.0000000000
137226  35.594  -37.498  -22.932 0.0000000000
137227  36.090  -36.704  -23.105 0.0000000000
137228  36.375  -35.911  -23.254 0.0000000000
137229  36.943  -35.190  -23.396 0.0000000000
137232  34.431  -34.841  -23.795 0.0000000000
137235  35.335  -34.669  -23.782 0.0000000000
137236  35.933  -34.608  -23.666 0.0000000000
137237  36.757  -34.328  -23.516 0.0000000000
137238  37.419  -34.141  -23.379 0.0000000000
137239  37.893  -33.420  -23.281 0.0000000000
137240  38.173  -32.573  -23.250 0.0000000000
137241  38.676  -31.628  -23.076 0.0000000000
137243  38.634  -31.016  -23.359 0.0000000000
137244  39.011  -30.700  -22.909 0.0000000000
137245  39.282  -29.847  -22.880 0.0000000000
137246  39.467  -28.938  -22.674 0.0000000000
143811  30.128  -46.235  -14.979 0.0000000000
143837  30.795  -45.842  -15.009 0.0000000000
143838  30.282  -45.357  -15.385 0.0000000000
143839  30.448  -44.447  -15.860 0.0000000000
143840  30.643  -43.528  -16.413 0.0000000000
143841  30.836  -42.636  -16.864 0.0000000000
143842  32.059  -42.780  -16.568 0.0000000000
143843  31.604  -42.326  -16.980 0.0000000000
143844  31.098  -41.806  -17.372 0.0000000000
143845  31.426  -40.982  -17.896 0.0000000000
143846  31.757  -40.045  -18.414 0.0000000000
143847  32.179  -39.202  -18.907 0.0000000000
143848  34.925  -41.160  -16.569 0.0000000000
143849  34.559  -40.735  -17.119 0.0000000000
143850  34.124  -40.274  -17.627 0.0000000000
143851  35.205  -39.015  -17.857 0.0000000000
143852  34.454  -39.377  -18.053 0.0000000000
143853  33.725  -39.827  -18.068 0.0000000000
143854  33.322  -39.388  -18.499 0.0000000000
143855  32.896  -38.852  -18.994 0.0000000000
143856  32.561  -38.354  -19.454 0.0000000000
143857  33.016  -37.536  -19.983 0.0000000000
143858  33.441  -36.715  -20.383 0.0000000000
160916  43.619  -15.394  -25.392 0.0000000000
160917  43.921  -15.937  -25.328 0.0000000000
160918  44.284  -16.615  -25.254 0.0000000000
160919  44.547  -17.290  -25.217 0.0000000000
160921  44.956  -17.274  -25.883 0.0000000000
160922  44.721  -17.304  -25.312 0.0000000000
160923  44.884  -17.386  -25.562 0.0000000000
160924  45.237  -17.707  -26.093 0.0000000000
160925  44.315  -17.993  -24.347 0.0000000000
160926  46.339  -18.984  -27.049 0.0000000000
161629  40.255  -25.861  -21.795 0.0000000000
161630  40.533  -25.310  -21.463 0.0000000000
161631  40.807  -24.828  -21.191 0.0000000000
161632  40.800  -23.064  -21.548 0.0000000000
161633  41.014  -23.656  -21.267 0.0000000000
161634  41.044  -24.489  -21.025 0.0000000000
161635  41.364  -23.982  -20.911 0.0000000000
161636  41.731  -23.434  -20.972 0.0000000000
161637  42.137  -22.969  -21.095 0.0000000000
161640  41.721  -19.704  -21.945 0.0000000000
161641  42.139  -18.209  -22.605 0.0000000000
161642  41.972  -19.296  -22.247 0.0000000000
161643  41.873  -20.342  -21.817 0.0000000000
161644  42.103  -21.077  -21.509 0.0000000000
161645  42.187  -21.858  -21.419 0.0000000000
161646  42.428  -22.602  -21.183 0.0000000000
161647  42.686  -22.372  -21.330 0.0000000000
161648  42.952  -22.005  -21.457 0.0000000000
161649  43.461  -21.591  -21.864 0.0000000000
161650  43.550  -19.540  -22.574 0.0000000000
161651  43.612  -20.351  -22.450 0.0000000000
161652  43.422  -21.249  -22.095 0.0000000000
161653  43.597  -20.724  -22.336 0.0000000000
161654  44.237  -20.039  -22.925 0.0000000000
161655  43.666  -22.625  -21.543 0.0000000000
162250  28.689  -45.779  -15.752 0.0000000000
162251  28.257  -46.207  -15.876 0.0000000000
162252  28.027  -46.895  -15.881 0.0000000000
162253  27.944  -45.490  -16.697 0.0000000000
162254  27.867  -46.590  -16.270 0.0000000000
162255  27.859  -47.564  -15.945 0.0000000000
162256  27.824  -48.274  -16.068 0.0000000000
162257  27.899  -49.006  -16.160 0.0000000000
162259  28.822  -44.268  -18.349 0.0000000000
162260  28.715  -45.208  -17.983 0.0000000000
162261  28.570  -46.216  -17.611 0.0000000000
162262  29.603  -46.479  -17.962 0.0000000000
162263  29.065  -46.776  -17.657 0.0000000000
162264  28.524  -47.142  -17.293 0.0000000000
162265  28.452  -48.236  -16.925 0.0000000000
162266  28.396  -49.283  -16.619 0.0000000000
162331  35.542  -40.168  -21.831 0.0000000000
162332  36.311  -40.038  -21.942 0.0000000000
162333  36.991  -39.985  -22.073 0.0000000000
162334  37.090  -38.537  -22.620 0.0000000000
162335  37.404  -39.177  -22.424 0.0000000000
162336  37.890  -39.650  -22.165 0.0000000000
162337  38.341  -39.467  -22.102 0.0000000000
162340  38.396  -35.207  -22.806 0.0000000000
162341  38.732  -35.698  -22.819 0.0000000000
162342  39.122  -36.158  -22.708 0.0000000000
162343  39.786  -35.250  -22.371 0.0000000000
162344  39.670  -35.894  -22.476 0.0000000000
162345  39.336  -36.982  -22.484 0.0000000000
162346  39.454  -37.477  -22.166 0.0000000000
162365  44.189  -29.820  -20.234 0.0000000000
162366  44.329  -29.052  -20.466 0.0000000000
162367  41.852  -30.346  -20.103 0.0000000000
162368  42.113  -30.431  -20.298 0.0000000000
162369  42.597  -29.772  -20.078 0.0000000000
162370  42.516  -28.091  -20.208 0.0000000000
162371  42.898  -28.623  -20.288 0.0000000000
162372  43.229  -29.280  -20.238 0.0000000000
162373  43.637  -29.014  -20.352 0.0000000000
162374  44.197  -28.515  -20.507 0.0000000000
162375  44.530  -27.923  -20.754 0.0000000000
162376  44.567  -27.394  -20.882 0.0000000000
162377  44.715  -26.825  -21.027 0.0000000000
162378  44.806  -26.118  -21.519 0.0000000000
162379  43.911  -25.760  -20.812 0.0000000000
162380  44.276  -25.593  -21.063 0.0000000000
162381  44.796  -25.353  -21.597 0.0000000000
162382  44.652  -25.091  -21.535 0.0000000000
162383  44.302  -24.837  -21.287 0.0000000000
162384  45.244  -25.589  -21.959 0.0000000000
163112  46.193  -24.466  -23.469 0.0000000000
163113  47.177  -23.175  -25.134 0.0000000000
