#!ascii label  , from subject fsaverage vox2ras=TkReg
1136
20  -16.506  -45.284  54.675 0.0000000000
309  -15.419  -43.893  45.585 0.0000000000
487  -8.702  -37.725  56.086 0.0000000000
489  -4.708  -41.220  63.973 0.0000000000
787  -17.437  -41.036  52.527 0.0000000000
788  -18.367  -41.040  47.674 0.0000000000
789  -16.519  -45.471  49.869 0.0000000000
938  -7.585  -51.833  55.680 0.0000000000
1066  -6.155  -34.203  57.741 0.0000000000
1073  -10.669  -40.896  63.904 0.0000000000
1936  -12.865  -48.001  56.263 0.0000000000
1937  -11.308  -47.316  52.303 0.0000000000
1938  -7.155  -48.478  54.381 0.0000000000
2107  -15.419  -39.786  56.193 0.0000000000
2112  -3.131  -34.974  66.492 0.0000000000
2113  -4.588  -34.646  62.139 0.0000000000
2114  -5.823  -39.589  59.454 0.0000000000
2115  -13.239  -39.877  60.141 0.0000000000
2707  -17.519  -43.316  53.690 0.0000000000
2708  -17.789  -43.543  51.309 0.0000000000
2709  -16.677  -45.559  52.257 0.0000000000
2986  -6.318  -31.390  59.685 0.0000000000
3805  -17.597  -43.036  46.379 0.0000000000
3806  -18.460  -40.616  45.124 0.0000000000
3807  -17.039  -42.173  44.144 0.0000000000
4253  -10.010  -48.299  55.292 0.0000000000
4254  -7.685  -48.830  56.531 0.0000000000
4634  -10.846  -36.929  54.902 0.0000000000
4635  -13.978  -38.352  54.626 0.0000000000
4636  -12.324  -38.551  56.167 0.0000000000
4648  -4.113  -41.665  66.645 0.0000000000
4650  -3.471  -38.431  65.038 0.0000000000
4651  -3.539  -34.736  64.147 0.0000000000
4652  -4.297  -38.147  62.787 0.0000000000
4653  -5.029  -37.712  60.619 0.0000000000
4654  -5.187  -40.427  61.588 0.0000000000
4656  -11.942  -40.301  62.015 0.0000000000
4658  -15.913  -41.415  60.031 0.0000000000
6025  -16.756  -38.829  51.141 0.0000000000
6026  -17.676  -38.744  48.882 0.0000000000
6027  -17.960  -41.137  50.169 0.0000000000
6028  -17.772  -43.519  48.774 0.0000000000
6029  -16.061  -44.871  47.571 0.0000000000
6296  -6.834  -50.441  57.367 0.0000000000
6525  -5.448  -34.159  55.589 0.0000000000
6526  -5.607  -36.498  56.151 0.0000000000
6536  -6.476  -42.397  66.294 0.0000000000
6537  -7.025  -41.632  63.756 0.0000000000
6538  -9.562  -41.638  65.985 0.0000000000
8410  -14.791  -46.876  55.551 0.0000000000
8411  -14.337  -47.148  53.297 0.0000000000
8412  -12.135  -47.907  54.306 0.0000000000
8413  -8.976  -47.561  53.386 0.0000000000
8414  -7.170  -48.323  52.355 0.0000000000
8415  -7.121  -50.166  55.290 0.0000000000
8416  -7.767  -50.155  53.336 0.0000000000
8885  -15.501  -38.474  52.950 0.0000000000
8886  -16.573  -40.355  54.447 0.0000000000
8887  -17.082  -42.411  55.827 0.0000000000
8903  -3.672  -31.491  66.280 0.0000000000
8904  -4.282  -31.405  63.870 0.0000000000
8905  -5.334  -31.434  61.764 0.0000000000
8906  -5.801  -34.443  60.167 0.0000000000
8907  -5.366  -37.078  58.357 0.0000000000
8908  -6.937  -38.749  57.552 0.0000000000
8909  -7.982  -40.799  61.588 0.0000000000
8910  -9.204  -39.935  59.708 0.0000000000
8911  -10.625  -39.153  57.935 0.0000000000
8912  -14.350  -39.679  58.174 0.0000000000
8913  -16.507  -41.866  57.964 0.0000000000
8914  -16.205  -44.867  57.053 0.0000000000
9702  -14.068  -46.769  51.049 0.0000000000
9703  -13.661  -45.953  49.018 0.0000000000
10387  -17.091  -44.362  54.212 0.0000000000
10388  -17.255  -44.510  53.008 0.0000000000
10389  -16.611  -45.476  53.489 0.0000000000
10666  -6.056  -29.949  60.577 0.0000000000
11485  -16.665  -43.672  45.825 0.0000000000
11486  -17.373  -42.675  45.215 0.0000000000
11487  -16.300  -43.170  44.846 0.0000000000
11933  -9.259  -48.837  56.971 0.0000000000
11934  -8.086  -49.166  57.592 0.0000000000
12312  -7.961  -36.940  55.387 0.0000000000
12314  -9.756  -37.308  55.518 0.0000000000
12315  -11.498  -37.843  55.496 0.0000000000
12316  -10.492  -38.077  56.168 0.0000000000
12328  -4.367  -41.484  65.301 0.0000000000
12329  -3.625  -40.223  65.742 0.0000000000
12330  -3.937  -40.030  64.468 0.0000000000
12331  -3.884  -38.305  63.906 0.0000000000
12332  -4.310  -39.828  63.225 0.0000000000
12333  -4.625  -39.536  62.116 0.0000000000
12334  -4.917  -40.830  62.775 0.0000000000
13882  -17.139  -39.937  51.843 0.0000000000
13883  -17.497  -39.982  50.714 0.0000000000
13884  -17.722  -41.111  51.362 0.0000000000
13885  -17.359  -44.644  50.562 0.0000000000
13886  -17.822  -43.622  50.031 0.0000000000
13887  -17.236  -44.604  49.338 0.0000000000
13888  -17.128  -44.379  48.161 0.0000000000
13889  -16.328  -45.215  48.703 0.0000000000
14712  -6.393  -32.930  57.537 0.0000000000
14713  -6.012  -32.924  56.422 0.0000000000
14714  -5.769  -34.172  56.617 0.0000000000
14715  -5.450  -35.364  55.870 0.0000000000
14716  -5.554  -35.403  56.889 0.0000000000
14731  -6.228  -42.676  67.669 0.0000000000
14732  -7.550  -42.519  67.365 0.0000000000
14733  -7.929  -42.108  66.198 0.0000000000
17175  -18.182  -39.929  48.283 0.0000000000
17176  -18.066  -38.656  47.675 0.0000000000
17177  -18.432  -39.757  47.012 0.0000000000
18517  -13.771  -47.540  55.940 0.0000000000
18518  -13.469  -47.617  54.874 0.0000000000
18519  -12.489  -47.986  55.314 0.0000000000
18520  -8.330  -48.138  54.892 0.0000000000
18521  -9.458  -47.947  54.390 0.0000000000
18522  -7.850  -47.806  53.927 0.0000000000
18523  -7.435  -47.575  52.953 0.0000000000
18524  -6.988  -48.381  53.375 0.0000000000
18525  -7.231  -51.145  56.576 0.0000000000
18526  -6.972  -50.282  56.368 0.0000000000
18527  -7.359  -50.995  55.527 0.0000000000
19660  -14.954  -37.514  52.322 0.0000000000
19661  -14.174  -37.463  53.183 0.0000000000
19662  -14.648  -39.076  55.365 0.0000000000
19663  -15.408  -39.200  54.543 0.0000000000
19664  -16.000  -40.050  55.329 0.0000000000
19665  -16.942  -41.357  55.158 0.0000000000
19666  -16.536  -40.946  56.082 0.0000000000
19707  -3.363  -33.150  66.351 0.0000000000
19708  -4.007  -34.699  63.112 0.0000000000
19709  -3.897  -33.027  63.976 0.0000000000
19710  -4.410  -33.046  62.886 0.0000000000
19711  -4.733  -31.402  62.796 0.0000000000
19712  -4.972  -32.966  61.900 0.0000000000
19713  -5.549  -32.958  60.955 0.0000000000
19714  -5.229  -34.568  61.156 0.0000000000
19715  -5.118  -38.811  59.901 0.0000000000
19716  -5.270  -37.383  59.480 0.0000000000
19717  -5.288  -38.434  58.768 0.0000000000
19718  -5.582  -38.113  57.708 0.0000000000
19719  -6.264  -39.155  58.424 0.0000000000
19720  -8.728  -41.319  63.874 0.0000000000
19721  -7.451  -41.212  62.589 0.0000000000
19722  -9.286  -40.925  62.800 0.0000000000
19723  -12.608  -40.063  61.059 0.0000000000
19724  -10.556  -40.221  60.818 0.0000000000
19725  -11.206  -39.889  59.904 0.0000000000
19726  -9.894  -39.540  58.804 0.0000000000
19727  -11.913  -39.606  58.969 0.0000000000
19728  -12.559  -39.360  58.060 0.0000000000
19729  -13.745  -39.759  59.157 0.0000000000
19731  -16.212  -41.666  59.032 0.0000000000
19733  -16.643  -43.433  57.570 0.0000000000
21690  -12.870  -47.474  52.755 0.0000000000
21691  -14.201  -47.088  52.137 0.0000000000
21692  -12.618  -47.063  51.660 0.0000000000
21694  -12.215  -46.209  49.714 0.0000000000
21696  -13.302  -45.430  48.135 0.0000000000
23305  -17.615  -42.128  53.131 0.0000000000
23306  -17.829  -42.263  51.945 0.0000000000
23307  -17.681  -43.420  52.504 0.0000000000
23308  -17.341  -44.601  51.790 0.0000000000
23309  -16.659  -45.571  51.095 0.0000000000
23805  -6.593  -31.558  58.542 0.0000000000
23806  -6.450  -32.832  58.711 0.0000000000
25281  -18.173  -42.158  47.012 0.0000000000
25282  -18.449  -40.895  46.411 0.0000000000
25283  -18.095  -41.858  45.734 0.0000000000
25284  -17.930  -41.511  44.549 0.0000000000
25285  -17.655  -41.039  43.403 0.0000000000
26087  -11.540  -48.274  55.728 0.0000000000
26088  -10.432  -48.588  56.301 0.0000000000
26089  -8.894  -48.537  55.929 0.0000000000
26090  -7.412  -48.587  55.441 0.0000000000
26773  -13.343  -37.490  53.995 0.0000000000
26774  -12.412  -37.591  54.761 0.0000000000
26775  -13.106  -38.387  55.404 0.0000000000
26776  -14.000  -39.091  56.211 0.0000000000
26796  -4.070  -41.668  67.959 0.0000000000
26798  -3.518  -40.334  66.883 0.0000000000
26799  -3.283  -38.540  66.195 0.0000000000
26800  -3.175  -36.674  65.700 0.0000000000
26801  -3.232  -34.828  65.295 0.0000000000
26802  -3.413  -36.514  64.535 0.0000000000
26803  -3.858  -36.389  63.451 0.0000000000
26804  -4.387  -36.370  62.397 0.0000000000
26805  -4.927  -36.209  61.420 0.0000000000
26806  -4.699  -37.917  61.706 0.0000000000
26807  -4.864  -39.198  60.979 0.0000000000
26808  -5.443  -40.016  60.510 0.0000000000
26810  -11.339  -40.554  62.943 0.0000000000
26812  -13.720  -40.307  62.036 0.0000000000
26813  -14.373  -40.293  61.129 0.0000000000
26814  -14.838  -40.316  60.167 0.0000000000
27991  -11.048  -46.862  51.301 0.0000000000
29419  -16.400  -37.759  50.528 0.0000000000
29420  -16.967  -37.685  49.390 0.0000000000
29421  -17.230  -38.801  50.057 0.0000000000
29422  -17.861  -39.984  49.490 0.0000000000
29423  -18.203  -41.184  48.896 0.0000000000
29424  -17.974  -42.356  50.737 0.0000000000
29425  -18.097  -42.402  49.524 0.0000000000
29426  -18.159  -42.320  48.225 0.0000000000
29427  -17.685  -43.361  47.564 0.0000000000
29428  -16.950  -44.080  46.964 0.0000000000
29429  -15.778  -44.415  46.534 0.0000000000
30050  -7.142  -49.757  58.107 0.0000000000
30052  -7.044  -51.236  57.635 0.0000000000
30053  -7.625  -51.939  56.779 0.0000000000
30585  -6.165  -36.388  55.348 0.0000000000
30586  -6.887  -37.319  55.928 0.0000000000
30606  -4.949  -42.451  67.823 0.0000000000
30607  -5.104  -42.353  66.410 0.0000000000
30608  -5.394  -42.029  65.025 0.0000000000
30609  -5.690  -41.644  63.773 0.0000000000
30610  -6.685  -42.072  64.964 0.0000000000
30611  -8.241  -41.741  65.015 0.0000000000
30612  -10.064  -41.232  64.932 0.0000000000
33855  -18.619  -39.602  45.764 0.0000000000
35512  -15.760  -46.108  55.100 0.0000000000
35513  -15.627  -46.394  53.957 0.0000000000
35514  -14.594  -47.048  54.448 0.0000000000
35515  -13.224  -47.583  53.790 0.0000000000
35516  -11.774  -47.663  53.313 0.0000000000
35517  -11.113  -48.121  54.814 0.0000000000
35518  -10.576  -47.834  53.868 0.0000000000
35519  -10.138  -47.459  52.883 0.0000000000
35520  -8.430  -47.199  52.481 0.0000000000
35523  -7.047  -49.573  57.034 0.0000000000
35524  -6.967  -49.378  55.974 0.0000000000
35525  -7.007  -49.292  54.871 0.0000000000
35526  -7.465  -50.986  54.576 0.0000000000
35527  -7.415  -50.096  54.331 0.0000000000
35528  -7.210  -49.234  53.856 0.0000000000
35529  -7.511  -49.178  52.882 0.0000000000
36899  -15.694  -37.657  51.466 0.0000000000
36900  -16.157  -38.685  52.111 0.0000000000
36901  -16.629  -39.678  52.768 0.0000000000
36902  -14.783  -38.375  53.766 0.0000000000
36903  -16.022  -39.395  53.702 0.0000000000
36904  -17.045  -40.693  53.489 0.0000000000
36905  -17.306  -41.766  54.153 0.0000000000
36906  -17.294  -42.842  54.769 0.0000000000
36907  -17.026  -43.910  55.314 0.0000000000
36956  -3.548  -33.108  65.124 0.0000000000
36957  -3.947  -31.396  65.018 0.0000000000
36958  -4.330  -29.906  65.077 0.0000000000
36959  -4.752  -29.868  63.897 0.0000000000
36960  -5.180  -29.886  62.799 0.0000000000
36961  -5.649  -29.955  61.668 0.0000000000
36962  -5.869  -31.400  60.787 0.0000000000
36963  -6.106  -32.906  59.889 0.0000000000
36964  -6.133  -34.361  58.976 0.0000000000
36965  -5.434  -36.087  60.402 0.0000000000
36966  -5.702  -35.919  59.238 0.0000000000
36967  -5.724  -35.665  58.023 0.0000000000
36968  -5.413  -36.766  57.257 0.0000000000
36969  -6.131  -37.721  56.771 0.0000000000
36970  -7.754  -38.285  56.817 0.0000000000
36971  -5.979  -41.226  62.556 0.0000000000
36972  -6.306  -40.858  61.472 0.0000000000
36973  -6.754  -40.390  60.418 0.0000000000
36974  -9.965  -40.548  61.804 0.0000000000
36975  -8.510  -40.389  60.649 0.0000000000
36976  -7.254  -39.934  59.452 0.0000000000
36977  -7.965  -39.491  58.567 0.0000000000
36978  -8.727  -39.040  57.731 0.0000000000
36979  -9.569  -38.562  56.970 0.0000000000
36980  -11.446  -38.831  57.049 0.0000000000
36981  -13.250  -39.160  57.132 0.0000000000
36982  -14.908  -39.690  57.216 0.0000000000
36983  -15.302  -40.422  59.215 0.0000000000
36984  -15.789  -40.552  58.197 0.0000000000
36985  -16.170  -40.762  57.159 0.0000000000
36986  -16.820  -42.224  56.918 0.0000000000
36987  -16.849  -43.670  56.478 0.0000000000
36988  -16.363  -45.089  55.860 0.0000000000
36989  -15.601  -45.965  56.365 0.0000000000
39342  -15.590  -46.514  52.741 0.0000000000
39343  -15.583  -46.437  51.630 0.0000000000
39344  -15.401  -46.226  50.476 0.0000000000
39345  -12.412  -46.690  50.646 0.0000000000
39346  -13.860  -46.415  50.015 0.0000000000
39347  -15.171  -45.943  49.362 0.0000000000
39348  -14.923  -45.512  48.286 0.0000000000
39349  -14.565  -45.013  47.324 0.0000000000
41107  -16.812  -44.837  54.456 0.0000000000
41108  -16.890  -44.945  53.868 0.0000000000
41109  -16.547  -45.379  54.071 0.0000000000
42205  -16.065  -43.829  45.662 0.0000000000
42206  -16.485  -43.428  45.315 0.0000000000
42207  -15.873  -43.561  45.210 0.0000000000
43032  -8.353  -37.358  55.733 0.0000000000
43033  -8.906  -37.147  55.487 0.0000000000
43034  -9.263  -37.532  55.834 0.0000000000
43035  -10.110  -37.726  55.871 0.0000000000
43036  -9.602  -37.895  56.216 0.0000000000
43048  -4.515  -41.344  64.655 0.0000000000
43049  -4.148  -40.855  64.813 0.0000000000
43050  -4.294  -40.709  64.213 0.0000000000
43051  -4.125  -39.941  63.859 0.0000000000
43052  -4.434  -40.605  63.573 0.0000000000
43053  -4.589  -40.420  62.968 0.0000000000
43054  -4.823  -41.003  63.359 0.0000000000
44602  -17.303  -40.504  52.177 0.0000000000
44603  -17.459  -40.496  51.606 0.0000000000
44604  -17.599  -41.074  51.934 0.0000000000
44605  -16.978  -45.120  50.221 0.0000000000
44606  -17.283  -44.667  49.956 0.0000000000
44607  -16.904  -45.067  49.616 0.0000000000
44608  -16.861  -44.947  48.986 0.0000000000
44609  -16.469  -45.393  49.297 0.0000000000
45432  -6.288  -33.551  57.644 0.0000000000
45433  -6.113  -33.565  57.075 0.0000000000
45434  -5.966  -34.194  57.170 0.0000000000
45435  -5.676  -34.783  56.780 0.0000000000
45436  -5.852  -34.824  57.322 0.0000000000
47895  -18.322  -40.491  47.992 0.0000000000
47896  -18.327  -39.862  47.629 0.0000000000
47897  -18.410  -40.424  47.322 0.0000000000
49237  -13.297  -47.783  56.090 0.0000000000
49238  -13.138  -47.794  55.620 0.0000000000
49239  -12.669  -47.983  55.783 0.0000000000
49240  -7.583  -48.155  54.661 0.0000000000
49241  -8.087  -47.946  54.425 0.0000000000
49242  -7.430  -48.108  54.166 0.0000000000
49243  -7.246  -48.010  53.658 0.0000000000
49244  -7.030  -48.439  53.892 0.0000000000
49245  -7.464  -51.473  56.162 0.0000000000
49246  -7.300  -51.062  56.070 0.0000000000
49247  -7.483  -51.380  55.715 0.0000000000
50380  -13.902  -36.942  52.918 0.0000000000
50381  -13.483  -36.963  53.326 0.0000000000
50382  -15.038  -39.419  55.743 0.0000000000
50383  -15.352  -39.485  55.332 0.0000000000
50384  -15.718  -39.908  55.753 0.0000000000
50385  -16.281  -40.487  55.718 0.0000000000
50386  -16.037  -40.325  56.177 0.0000000000
50421  -3.137  -35.785  66.701 0.0000000000
50427  -3.209  -34.046  66.404 0.0000000000
50428  -4.286  -34.673  62.612 0.0000000000
50429  -4.175  -33.788  63.047 0.0000000000
50430  -4.466  -33.790  62.545 0.0000000000
50431  -4.689  -32.992  62.411 0.0000000000
50432  -4.781  -33.811  62.030 0.0000000000
50433  -5.093  -33.776  61.517 0.0000000000
50434  -4.887  -34.640  61.643 0.0000000000
50435  -5.348  -39.244  59.617 0.0000000000
50436  -5.168  -38.626  59.335 0.0000000000
50437  -5.498  -39.040  59.084 0.0000000000
50438  -5.647  -38.853  58.538 0.0000000000
50439  -6.032  -39.372  58.921 0.0000000000
50440  -9.699  -41.100  63.902 0.0000000000
50441  -8.981  -41.127  63.327 0.0000000000
50442  -10.005  -40.905  63.391 0.0000000000
50443  -12.928  -39.963  60.583 0.0000000000
50444  -11.967  -40.000  60.468 0.0000000000
50445  -12.249  -39.871  60.009 0.0000000000
50446  -11.534  -39.742  59.447 0.0000000000
50447  -12.477  -39.764  59.558 0.0000000000
50448  -12.846  -39.661  59.079 0.0000000000
50449  -13.483  -39.801  59.642 0.0000000000
52410  -12.109  -47.405  52.530 0.0000000000
52411  -12.754  -47.273  52.219 0.0000000000
52412  -11.999  -47.209  52.018 0.0000000000
54202  -17.617  -42.702  53.408 0.0000000000
54203  -17.693  -42.763  52.836 0.0000000000
54204  -17.597  -43.354  53.099 0.0000000000
54205  -17.029  -45.077  52.615 0.0000000000
54206  -17.330  -44.579  52.387 0.0000000000
54207  -17.034  -45.110  52.023 0.0000000000
54208  -17.051  -45.127  51.448 0.0000000000
54209  -16.671  -45.584  51.662 0.0000000000
55032  -6.381  -30.754  59.624 0.0000000000
55033  -6.521  -30.826  59.062 0.0000000000
55034  -6.490  -31.470  59.145 0.0000000000
55035  -6.566  -32.200  58.669 0.0000000000
55036  -6.425  -32.121  59.213 0.0000000000
57495  -17.920  -42.610  46.694 0.0000000000
57496  -18.141  -42.000  46.368 0.0000000000
57497  -17.866  -42.448  46.071 0.0000000000
57498  -17.216  -42.447  44.674 0.0000000000
57499  -17.669  -42.123  44.889 0.0000000000
57500  -17.509  -41.889  44.331 0.0000000000
57501  -17.783  -41.303  43.981 0.0000000000
57502  -17.338  -41.668  43.804 0.0000000000
57504  -16.834  -41.857  43.631 0.0000000000
58838  -11.210  -48.523  56.528 0.0000000000
58839  -10.604  -48.702  56.816 0.0000000000
58840  -8.469  -48.829  56.749 0.0000000000
58841  -9.079  -48.688  56.433 0.0000000000
58842  -8.303  -48.665  56.240 0.0000000000
58843  -8.079  -48.498  55.704 0.0000000000
58844  -7.581  -48.706  55.972 0.0000000000
59980  -12.112  -37.129  54.475 0.0000000000
59981  -11.627  -37.243  54.824 0.0000000000
59982  -11.881  -38.200  55.803 0.0000000000
59983  -12.308  -38.100  55.445 0.0000000000
59984  -12.707  -38.456  55.788 0.0000000000
59985  -13.492  -38.733  55.776 0.0000000000
59986  -13.123  -38.786  56.178 0.0000000000
60018  -4.064  -41.683  67.303 0.0000000000
60019  -3.753  -41.088  67.360 0.0000000000
60020  -3.750  -41.085  66.759 0.0000000000
60021  -3.541  -39.357  65.339 0.0000000000
60022  -3.430  -39.392  65.972 0.0000000000
60023  -3.349  -38.504  65.630 0.0000000000
60024  -3.211  -37.637  65.924 0.0000000000
60025  -3.288  -37.574  65.358 0.0000000000
60026  -3.277  -36.640  65.113 0.0000000000
60027  -3.441  -37.476  64.785 0.0000000000
60028  -4.108  -38.262  63.336 0.0000000000
60029  -3.867  -37.377  63.644 0.0000000000
60030  -4.090  -37.292  63.115 0.0000000000
60031  -4.121  -36.360  62.917 0.0000000000
60032  -4.331  -37.202  62.607 0.0000000000
60033  -4.571  -37.146  62.078 0.0000000000
60034  -4.506  -38.000  62.254 0.0000000000
60035  -4.842  -40.087  61.792 0.0000000000
60036  -4.763  -39.428  61.510 0.0000000000
60037  -4.952  -39.874  61.256 0.0000000000
60038  -5.047  -39.661  60.726 0.0000000000
60039  -5.312  -40.229  61.048 0.0000000000
60046  -14.086  -40.292  61.604 0.0000000000
60048  -15.099  -40.723  61.109 0.0000000000
64687  -16.573  -38.297  50.837 0.0000000000
64688  -16.839  -38.254  50.312 0.0000000000
64689  -16.995  -38.824  50.614 0.0000000000
64690  -17.767  -40.544  50.462 0.0000000000
64691  -17.688  -39.979  50.096 0.0000000000
64692  -17.933  -40.580  49.826 0.0000000000
64693  -18.063  -40.577  49.223 0.0000000000
64694  -18.085  -41.180  49.527 0.0000000000
64695  -17.871  -42.914  51.641 0.0000000000
64696  -17.929  -42.339  51.356 0.0000000000
64697  -17.917  -42.958  51.027 0.0000000000
64698  -17.795  -43.583  49.401 0.0000000000
64699  -17.983  -43.023  49.783 0.0000000000
64700  -18.004  -42.975  49.146 0.0000000000
64701  -18.145  -42.369  48.872 0.0000000000
64702  -17.987  -42.934  48.502 0.0000000000
64703  -17.989  -42.880  47.876 0.0000000000
64704  -17.735  -43.460  48.153 0.0000000000
64705  -16.621  -44.674  47.857 0.0000000000
64706  -17.015  -44.240  47.561 0.0000000000
64707  -16.487  -44.518  47.268 0.0000000000
64708  -16.379  -44.289  46.689 0.0000000000
64709  -15.935  -44.641  47.041 0.0000000000
66042  -7.262  -51.614  57.744 0.0000000000
66043  -7.306  -51.556  57.233 0.0000000000
67175  -5.688  -33.535  55.991 0.0000000000
67182  -5.484  -35.944  56.022 0.0000000000
67183  -5.672  -35.916  55.563 0.0000000000
67184  -5.829  -36.451  55.739 0.0000000000
67185  -6.486  -36.862  55.615 0.0000000000
67186  -6.119  -36.955  55.956 0.0000000000
67228  -6.322  -42.568  66.964 0.0000000000
67229  -5.654  -42.545  67.006 0.0000000000
67230  -5.758  -42.420  66.289 0.0000000000
67231  -5.266  -42.209  65.714 0.0000000000
67232  -5.913  -42.277  65.593 0.0000000000
67233  -6.040  -42.092  64.979 0.0000000000
67234  -6.577  -42.238  65.608 0.0000000000
67235  -8.703  -41.906  66.031 0.0000000000
67236  -8.081  -41.903  65.582 0.0000000000
67237  -8.953  -41.694  65.495 0.0000000000
67238  -9.161  -41.497  64.974 0.0000000000
67239  -9.804  -41.441  65.459 0.0000000000
74565  -17.343  -38.216  49.150 0.0000000000
74567  -17.582  -38.191  48.564 0.0000000000
74568  -18.250  -38.567  47.037 0.0000000000
74573  -18.463  -40.752  45.792 0.0000000000
74574  -18.553  -40.253  46.073 0.0000000000
74575  -18.597  -40.099  45.428 0.0000000000
78592  -15.288  -46.509  55.352 0.0000000000
78593  -15.222  -46.621  54.777 0.0000000000
78594  -14.675  -46.975  55.006 0.0000000000
78595  -12.808  -47.860  54.582 0.0000000000
78596  -13.368  -47.625  54.303 0.0000000000
78597  -12.668  -47.766  54.045 0.0000000000
78598  -12.509  -47.676  53.525 0.0000000000
78599  -11.946  -47.799  53.810 0.0000000000
78600  -10.804  -48.335  55.494 0.0000000000
78601  -11.384  -48.204  55.239 0.0000000000
78602  -10.559  -48.178  55.049 0.0000000000
78603  -9.191  -47.742  53.890 0.0000000000
78604  -10.020  -47.897  54.094 0.0000000000
78605  -9.786  -47.699  53.613 0.0000000000
78606  -10.354  -47.660  53.372 0.0000000000
78607  -9.558  -47.517  53.150 0.0000000000
78608  -9.321  -47.315  52.705 0.0000000000
78609  -8.733  -47.389  52.924 0.0000000000
78610  -7.108  -47.946  52.635 0.0000000000
78611  -7.305  -47.579  52.432 0.0000000000
78615  -6.888  -50.077  57.753 0.0000000000
78616  -7.103  -49.679  57.568 0.0000000000
78617  -6.903  -50.000  57.225 0.0000000000
78618  -7.053  -50.230  55.867 0.0000000000
78619  -6.948  -49.836  56.204 0.0000000000
78620  -6.939  -49.770  55.633 0.0000000000
78621  -6.934  -49.313  55.393 0.0000000000
78622  -7.023  -49.730  55.112 0.0000000000
78624  -7.491  -51.438  54.644 0.0000000000
78626  -7.735  -50.594  53.485 0.0000000000
78627  -7.636  -50.535  54.009 0.0000000000
78628  -7.620  -50.105  53.868 0.0000000000
78629  -7.325  -49.677  54.100 0.0000000000
78630  -7.503  -49.664  53.634 0.0000000000
78631  -7.343  -49.192  53.370 0.0000000000
78632  -7.664  -49.667  53.128 0.0000000000
82016  -15.127  -37.059  51.604 0.0000000000
82017  -15.213  -37.985  52.629 0.0000000000
82018  -15.574  -38.069  52.204 0.0000000000
82019  -15.816  -38.545  52.517 0.0000000000
82020  -16.392  -39.189  52.427 0.0000000000
82021  -16.110  -39.066  52.834 0.0000000000
82022  -13.673  -37.955  54.277 0.0000000000
82023  -14.085  -37.933  53.880 0.0000000000
82024  -14.398  -38.359  54.206 0.0000000000
82025  -16.033  -39.749  54.506 0.0000000000
82026  -15.717  -39.288  54.128 0.0000000000
82027  -16.327  -39.882  54.072 0.0000000000
82028  -16.600  -40.037  53.628 0.0000000000
82029  -16.830  -40.543  53.971 0.0000000000
82030  -17.211  -41.245  53.832 0.0000000000
82031  -17.015  -41.051  54.308 0.0000000000
82032  -17.045  -41.889  55.511 0.0000000000
82033  -17.203  -42.091  54.998 0.0000000000
82034  -17.193  -42.616  55.319 0.0000000000
82035  -17.189  -43.385  55.062 0.0000000000
82036  -17.123  -43.148  55.601 0.0000000000
82158  -3.362  -34.782  64.713 0.0000000000
82159  -3.362  -33.961  65.177 0.0000000000
82160  -3.508  -33.914  64.595 0.0000000000
82161  -4.094  -32.193  63.907 0.0000000000
82162  -3.906  -32.184  64.483 0.0000000000
82163  -4.089  -31.422  64.422 0.0000000000
82164  -4.122  -30.611  65.032 0.0000000000
82165  -4.301  -30.619  64.417 0.0000000000
82166  -4.538  -29.860  64.455 0.0000000000
82167  -4.499  -30.601  63.835 0.0000000000
82168  -5.050  -31.395  62.295 0.0000000000
82169  -4.963  -30.645  62.778 0.0000000000
82170  -5.229  -30.648  62.227 0.0000000000
82171  -5.412  -29.934  62.221 0.0000000000
82172  -5.491  -30.681  61.717 0.0000000000
82173  -5.742  -30.669  61.206 0.0000000000
82174  -5.606  -31.428  61.283 0.0000000000
82175  -5.695  -33.694  60.550 0.0000000000
82176  -5.849  -32.924  60.432 0.0000000000
82177  -5.968  -33.666  60.041 0.0000000000
82178  -6.197  -33.686  59.439 0.0000000000
82179  -6.004  -34.398  59.612 0.0000000000
82180  -5.026  -36.982  61.027 0.0000000000
82181  -5.190  -36.121  60.930 0.0000000000
82182  -5.268  -36.853  60.481 0.0000000000
82183  -5.313  -37.207  58.915 0.0000000000
82184  -5.474  -36.649  59.347 0.0000000000
82185  -5.530  -36.518  58.759 0.0000000000
82186  -5.789  -35.789  58.640 0.0000000000
82187  -5.525  -36.361  58.147 0.0000000000
82188  -5.489  -36.245  57.607 0.0000000000
82189  -5.398  -36.923  57.799 0.0000000000
82190  -6.169  -38.486  57.549 0.0000000000
82191  -5.821  -37.913  57.214 0.0000000000
82192  -6.481  -38.282  57.130 0.0000000000
82193  -6.859  -38.091  56.734 0.0000000000
82194  -7.318  -38.575  57.183 0.0000000000
82195  -6.304  -41.684  63.703 0.0000000000
82196  -5.784  -41.431  63.162 0.0000000000
82197  -6.486  -41.474  63.135 0.0000000000
82198  -7.690  -41.023  62.083 0.0000000000
82199  -6.885  -41.100  62.028 0.0000000000
82200  -7.096  -40.861  61.509 0.0000000000
82201  -6.553  -40.613  60.942 0.0000000000
82202  -7.326  -40.637  61.001 0.0000000000
82203  -11.652  -40.438  62.508 0.0000000000
82204  -10.665  -40.574  62.395 0.0000000000
82205  -10.977  -40.418  61.911 0.0000000000
82206  -9.859  -40.118  60.246 0.0000000000
82207  -9.532  -40.313  60.733 0.0000000000
82208  -8.845  -40.156  60.157 0.0000000000
82209  -7.856  -40.180  60.036 0.0000000000
82210  -8.202  -39.951  59.586 0.0000000000
82211  -7.619  -39.705  58.997 0.0000000000
82212  -8.554  -39.735  59.138 0.0000000000
82213  -10.265  -39.363  58.359 0.0000000000
82214  -9.261  -39.321  58.253 0.0000000000
82215  -9.653  -39.102  57.837 0.0000000000
82216  -9.148  -38.800  57.342 0.0000000000
82217  -10.039  -38.865  57.419 0.0000000000
82218  -10.505  -38.689  57.000 0.0000000000
82219  -11.025  -38.993  57.500 0.0000000000
82220  -13.465  -39.462  58.117 0.0000000000
82221  -12.913  -39.213  57.610 0.0000000000
82222  -13.832  -39.405  57.635 0.0000000000
82223  -14.127  -39.391  57.176 0.0000000000
82224  -14.647  -39.690  57.682 0.0000000000
82225  -15.446  -40.769  60.130 0.0000000000
82226  -15.073  -40.352  59.694 0.0000000000
82227  -15.653  -40.891  59.645 0.0000000000
82228  -16.347  -41.759  58.490 0.0000000000
82229  -16.004  -41.047  58.611 0.0000000000
82230  -16.208  -41.150  58.095 0.0000000000
82231  -15.979  -40.650  57.657 0.0000000000
82232  -16.401  -41.306  57.549 0.0000000000
82233  -16.568  -41.449  57.036 0.0000000000
82234  -16.664  -42.033  57.430 0.0000000000
82235  -16.463  -44.180  57.308 0.0000000000
82236  -16.736  -43.560  57.011 0.0000000000
82237  -16.561  -44.287  56.721 0.0000000000
82238  -16.662  -44.400  56.161 0.0000000000
82239  -16.280  -44.985  56.441 0.0000000000
82240  -16.001  -45.527  56.089 0.0000000000
82241  -15.949  -45.421  56.707 0.0000000000
88110  -14.994  -46.850  53.615 0.0000000000
88111  -15.614  -46.476  53.357 0.0000000000
88112  -14.987  -46.851  53.014 0.0000000000
88113  -14.156  -46.918  51.589 0.0000000000
88114  -14.914  -46.786  51.865 0.0000000000
88115  -14.862  -46.666  51.329 0.0000000000
88116  -15.510  -46.341  51.049 0.0000000000
88117  -14.764  -46.551  50.770 0.0000000000
88119  -11.708  -46.794  50.998 0.0000000000
88120  -11.599  -46.575  50.498 0.0000000000
88121  -12.938  -46.098  49.343 0.0000000000
88122  -13.041  -46.330  49.836 0.0000000000
88123  -13.765  -46.191  49.506 0.0000000000
88124  -14.542  -46.208  49.699 0.0000000000
88125  -14.447  -45.998  49.181 0.0000000000
88126  -15.068  -45.740  48.816 0.0000000000
88127  -14.320  -45.754  48.652 0.0000000000
88129  -13.909  -45.236  47.737 0.0000000000
88131  -14.430  -44.741  46.858 0.0000000000
92425  -17.327  -43.868  53.951 0.0000000000
92426  -17.425  -43.920  53.367 0.0000000000
92427  -17.175  -44.473  53.608 0.0000000000
92428  -16.953  -45.022  53.257 0.0000000000
92429  -16.661  -45.517  52.884 0.0000000000
92926  -6.176  -30.654  60.168 0.0000000000
94401  -17.198  -43.414  46.087 0.0000000000
94402  -17.541  -42.872  45.794 0.0000000000
94403  -17.040  -43.192  45.524 0.0000000000
94404  -16.876  -42.972  45.001 0.0000000000
94405  -16.693  -42.689  44.489 0.0000000000
95207  -10.013  -48.846  57.167 0.0000000000
95209  -8.640  -48.977  57.272 0.0000000000
95210  -7.896  -49.016  57.056 0.0000000000
95891  -9.431  -36.864  55.234 0.0000000000
95892  -10.294  -37.091  55.218 0.0000000000
95893  -11.166  -37.409  55.165 0.0000000000
95894  -10.618  -37.550  55.515 0.0000000000
95895  -11.001  -37.943  55.822 0.0000000000
95896  -11.396  -38.279  56.146 0.0000000000
95916  -4.215  -41.599  65.953 0.0000000000
95917  -3.822  -41.043  66.135 0.0000000000
95918  -3.961  -40.947  65.479 0.0000000000
95919  -3.800  -40.156  65.070 0.0000000000
95920  -3.712  -39.292  64.737 0.0000000000
95921  -3.667  -38.396  64.472 0.0000000000
95922  -3.900  -39.219  64.160 0.0000000000
95923  -4.104  -39.114  63.596 0.0000000000
95924  -4.296  -39.042  63.021 0.0000000000
95925  -4.453  -38.891  62.451 0.0000000000
95926  -4.480  -39.690  62.694 0.0000000000
95927  -4.737  -40.264  62.386 0.0000000000
95928  -5.062  -40.632  62.174 0.0000000000
98716  -16.939  -39.366  51.482 0.0000000000
98717  -17.155  -39.396  50.955 0.0000000000
98718  -17.310  -39.947  51.285 0.0000000000
98719  -17.608  -40.512  51.059 0.0000000000
98720  -17.842  -41.116  50.817 0.0000000000
98721  -17.610  -44.100  50.936 0.0000000000
98722  -17.802  -43.572  50.668 0.0000000000
98723  -17.615  -44.140  50.270 0.0000000000
98724  -17.552  -44.155  49.675 0.0000000000
98725  -17.527  -44.087  49.063 0.0000000000
98726  -17.479  -43.992  48.452 0.0000000000
98727  -17.194  -44.487  48.733 0.0000000000
98728  -16.750  -44.810  48.430 0.0000000000
98729  -16.211  -45.047  48.143 0.0000000000
100208  -6.464  -32.308  57.396 0.0000000000
100210  -6.248  -32.952  56.969 0.0000000000
100211  -5.916  -33.553  56.532 0.0000000000
100212  -5.593  -34.157  56.096 0.0000000000
100213  -5.434  -34.787  55.714 0.0000000000
100214  -5.486  -34.750  56.225 0.0000000000
100215  -5.415  -35.362  56.369 0.0000000000
100216  -5.409  -35.965  56.491 0.0000000000
100241  -6.146  -42.724  68.385 0.0000000000
100243  -6.910  -42.659  67.574 0.0000000000
100244  -6.997  -42.512  66.888 0.0000000000
100245  -7.170  -42.289  66.278 0.0000000000
100246  -7.720  -42.345  66.765 0.0000000000
100247  -8.495  -42.111  66.656 0.0000000000
104643  -17.967  -39.342  48.572 0.0000000000
104644  -17.875  -38.738  48.294 0.0000000000
104645  -18.131  -39.291  47.965 0.0000000000
104646  -18.296  -39.165  47.333 0.0000000000
104647  -18.426  -39.100  46.721 0.0000000000
104648  -18.429  -40.507  44.487 0.0000000000
107059  -14.285  -47.218  55.736 0.0000000000
107060  -14.122  -47.312  55.181 0.0000000000
107061  -13.626  -47.571  55.428 0.0000000000
107062  -12.973  -47.819  55.121 0.0000000000
107063  -12.315  -47.990  54.828 0.0000000000
107064  -9.152  -48.213  55.090 0.0000000000
107065  -9.725  -48.113  54.846 0.0000000000
107066  -8.859  -48.015  54.641 0.0000000000
107067  -8.609  -47.816  54.168 0.0000000000
107068  -8.360  -47.609  53.681 0.0000000000
107069  -8.159  -47.469  53.190 0.0000000000
107070  -7.644  -47.672  53.433 0.0000000000
107071  -7.078  -47.961  53.141 0.0000000000
107072  -7.059  -48.327  52.865 0.0000000000
107073  -6.931  -50.789  56.983 0.0000000000
107074  -6.853  -50.344  56.857 0.0000000000
107075  -7.026  -50.713  56.478 0.0000000000
107076  -7.134  -50.646  55.965 0.0000000000
107077  -7.239  -50.588  55.415 0.0000000000
107083  -7.905  -50.196  52.799 0.0000000000
109114  -14.737  -37.029  52.041 0.0000000000
109115  -14.321  -36.977  52.477 0.0000000000
109116  -14.559  -37.476  52.746 0.0000000000
109117  -14.857  -37.936  53.053 0.0000000000
109118  -14.284  -38.719  55.005 0.0000000000
109119  -14.678  -38.734  54.606 0.0000000000
109120  -15.006  -39.120  54.950 0.0000000000
109121  -15.714  -39.624  54.926 0.0000000000
109122  -16.289  -40.192  54.898 0.0000000000
109123  -16.783  -40.846  54.801 0.0000000000
109124  -16.539  -40.664  55.259 0.0000000000
109125  -16.739  -41.157  55.628 0.0000000000
109126  -16.870  -41.657  55.994 0.0000000000
109199  -3.530  -32.299  66.317 0.0000000000
109200  -3.766  -34.735  63.573 0.0000000000
109201  -3.707  -33.910  64.033 0.0000000000
109202  -3.914  -33.881  63.525 0.0000000000
109203  -4.126  -33.025  63.435 0.0000000000
109204  -4.323  -32.200  63.357 0.0000000000
109205  -4.486  -31.393  63.332 0.0000000000
109206  -4.592  -32.195  62.855 0.0000000000
109207  -4.848  -32.157  62.340 0.0000000000
109208  -5.154  -32.189  61.821 0.0000000000
109209  -5.447  -32.202  61.313 0.0000000000
109210  -5.260  -32.978  61.431 0.0000000000
109211  -5.396  -33.745  61.033 0.0000000000
109212  -5.517  -34.535  60.669 0.0000000000
109213  -5.033  -38.278  60.220 0.0000000000
109214  -5.177  -37.545  60.047 0.0000000000
109215  -5.116  -38.126  59.638 0.0000000000
109216  -5.169  -37.931  59.088 0.0000000000
109217  -5.240  -37.770  58.541 0.0000000000
109218  -5.340  -37.616  58.013 0.0000000000
109219  -5.434  -38.279  58.221 0.0000000000
109220  -5.888  -38.699  58.028 0.0000000000
109221  -6.579  -38.961  57.957 0.0000000000
109222  -7.822  -41.506  63.803 0.0000000000
109223  -7.234  -41.427  63.157 0.0000000000
109224  -8.048  -41.302  63.233 0.0000000000
109225  -8.314  -41.098  62.683 0.0000000000
109226  -8.621  -40.898  62.185 0.0000000000
109227  -12.258  -40.166  61.537 0.0000000000
109228  -11.275  -40.268  61.408 0.0000000000
109229  -11.648  -40.125  60.944 0.0000000000
109230  -10.906  -40.053  60.360 0.0000000000
109231  -10.206  -39.917  59.818 0.0000000000
109232  -9.562  -39.732  59.244 0.0000000000
109233  -10.565  -39.750  59.368 0.0000000000
109234  -10.900  -39.576  58.908 0.0000000000
109235  -11.252  -39.437  58.444 0.0000000000
109236  -11.605  -39.257  58.003 0.0000000000
109237  -12.250  -39.483  58.525 0.0000000000
109238  -13.188  -39.561  58.597 0.0000000000
109239  -14.035  -39.689  58.664 0.0000000000
109241  -16.074  -41.541  59.530 0.0000000000
109243  -16.412  -42.392  58.843 0.0000000000
109244  -16.527  -42.520  58.306 0.0000000000
109245  -16.666  -42.639  57.786 0.0000000000
109246  -16.541  -43.294  58.090 0.0000000000
112770  -13.629  -47.350  53.030 0.0000000000
112771  -14.287  -47.114  52.711 0.0000000000
112772  -13.507  -47.292  52.456 0.0000000000
112773  -13.422  -47.103  51.885 0.0000000000
112774  -13.351  -46.928  51.338 0.0000000000
112779  -12.796  -45.824  48.933 0.0000000000
112780  -13.487  -45.700  48.569 0.0000000000
115819  -17.546  -41.569  52.847 0.0000000000
115820  -17.691  -41.635  52.235 0.0000000000
115821  -17.719  -42.177  52.570 0.0000000000
115822  -17.788  -42.818  52.267 0.0000000000
115823  -17.744  -43.478  51.912 0.0000000000
115824  -17.505  -43.966  52.762 0.0000000000
115825  -17.560  -44.032  52.161 0.0000000000
115826  -17.597  -44.052  51.560 0.0000000000
115827  -17.365  -44.604  51.193 0.0000000000
115828  -17.044  -45.121  50.852 0.0000000000
115829  -16.609  -45.533  50.467 0.0000000000
116983  -6.565  -31.626  57.893 0.0000000000
116984  -6.559  -32.264  58.031 0.0000000000
116985  -6.457  -32.889  58.134 0.0000000000
116986  -6.363  -33.513  58.245 0.0000000000
120429  -18.316  -41.612  47.333 0.0000000000
120430  -18.413  -40.978  47.023 0.0000000000
120431  -18.342  -41.559  46.734 0.0000000000
120432  -18.317  -41.379  46.081 0.0000000000
120433  -18.292  -41.242  45.479 0.0000000000
120434  -17.786  -42.328  45.461 0.0000000000
120435  -18.028  -41.716  45.147 0.0000000000
120436  -18.250  -41.094  44.822 0.0000000000
120437  -18.147  -40.914  44.204 0.0000000000
120438  -18.042  -40.685  43.602 0.0000000000
122308  -12.427  -48.199  56.494 0.0000000000
122309  -12.212  -48.157  55.978 0.0000000000
122310  -11.739  -48.342  56.240 0.0000000000
122311  -11.006  -48.438  56.003 0.0000000000
122312  -10.247  -48.489  55.776 0.0000000000
122313  -9.825  -48.713  56.622 0.0000000000
122314  -9.651  -48.571  56.112 0.0000000000
122315  -9.461  -48.422  55.594 0.0000000000
122316  -8.635  -48.338  55.399 0.0000000000
122317  -7.852  -48.328  55.164 0.0000000000
122318  -7.246  -48.490  54.899 0.0000000000
123907  -13.060  -36.987  53.703 0.0000000000
123908  -12.592  -37.039  54.102 0.0000000000
123909  -12.881  -37.527  54.384 0.0000000000
123910  -13.234  -37.996  54.680 0.0000000000
123911  -11.958  -37.710  55.128 0.0000000000
123912  -12.763  -38.027  55.067 0.0000000000
123913  -13.552  -38.366  55.008 0.0000000000
123914  -13.904  -38.728  55.407 0.0000000000
123915  -14.319  -39.060  55.767 0.0000000000
123916  -14.723  -39.361  56.179 0.0000000000
123964  -3.375  -39.437  67.047 0.0000000000
123965  -3.551  -40.349  66.307 0.0000000000
123966  -3.375  -39.432  66.546 0.0000000000
123967  -3.270  -38.560  66.746 0.0000000000
123968  -3.188  -37.676  66.452 0.0000000000
123969  -3.135  -36.729  66.271 0.0000000000
123970  -3.116  -35.766  66.073 0.0000000000
123971  -3.141  -34.856  65.898 0.0000000000
123972  -3.173  -35.774  65.475 0.0000000000
123973  -3.287  -35.699  64.887 0.0000000000
123974  -3.442  -35.627  64.328 0.0000000000
123975  -3.642  -37.402  64.214 0.0000000000
123976  -3.624  -36.457  63.981 0.0000000000
123977  -3.648  -35.549  63.764 0.0000000000
123978  -3.906  -35.512  63.241 0.0000000000
123979  -4.168  -35.507  62.747 0.0000000000
123980  -4.468  -35.480  62.259 0.0000000000
123981  -4.777  -35.427  61.791 0.0000000000
123982  -4.663  -36.284  61.928 0.0000000000
123983  -4.799  -37.065  61.579 0.0000000000
123984  -4.886  -37.830  61.181 0.0000000000
123985  -4.639  -38.741  61.887 0.0000000000
123986  -4.798  -38.631  61.316 0.0000000000
123987  -4.912  -38.447  60.753 0.0000000000
123988  -4.993  -39.012  60.418 0.0000000000
123989  -5.208  -39.460  60.162 0.0000000000
123990  -5.607  -39.840  59.959 0.0000000000
123991  -11.593  -40.697  63.906 0.0000000000
123992  -11.019  -40.700  63.431 0.0000000000
123993  -11.862  -40.566  63.462 0.0000000000
123994  -12.252  -40.437  62.990 0.0000000000
123995  -12.565  -40.339  62.542 0.0000000000
123998  -12.869  -40.227  62.002 0.0000000000
123999  -13.171  -40.158  61.572 0.0000000000
124000  -13.483  -40.095  61.113 0.0000000000
124001  -13.807  -40.029  60.634 0.0000000000
124002  -14.078  -40.002  60.154 0.0000000000
124003  -14.597  -40.289  60.654 0.0000000000
124004  -15.261  -40.739  60.619 0.0000000000
126750  -10.498  -47.192  52.090 0.0000000000
126751  -11.198  -47.101  51.798 0.0000000000
126752  -10.346  -46.973  51.593 0.0000000000
130323  -16.697  -37.716  49.963 0.0000000000
130324  -17.093  -38.237  49.740 0.0000000000
130325  -17.450  -38.767  49.494 0.0000000000
130326  -17.375  -39.395  50.359 0.0000000000
130327  -17.585  -39.378  49.770 0.0000000000
130328  -17.768  -39.336  49.186 0.0000000000
130329  -18.017  -39.945  48.914 0.0000000000
130330  -18.196  -40.527  48.646 0.0000000000
130331  -18.291  -41.106  48.296 0.0000000000
130332  -17.804  -41.699  51.645 0.0000000000
130333  -17.906  -41.761  51.062 0.0000000000
130334  -17.981  -41.734  50.463 0.0000000000
130335  -17.947  -42.997  50.400 0.0000000000
130336  -18.038  -42.379  50.133 0.0000000000
130337  -18.072  -41.764  49.858 0.0000000000
130338  -18.167  -41.788  49.225 0.0000000000
130339  -18.235  -41.741  48.566 0.0000000000
130340  -18.283  -41.680  47.949 0.0000000000
130341  -18.177  -42.246  47.616 0.0000000000
130342  -17.940  -42.769  47.284 0.0000000000
130343  -17.649  -43.216  46.958 0.0000000000
130344  -17.429  -43.902  47.854 0.0000000000
130345  -17.361  -43.753  47.257 0.0000000000
130346  -17.291  -43.592  46.656 0.0000000000
130347  -16.803  -43.887  46.374 0.0000000000
130348  -16.231  -44.088  46.161 0.0000000000
130349  -15.613  -44.181  46.040 0.0000000000
132034  -6.858  -50.113  58.298 0.0000000000
132035  -6.837  -50.502  57.897 0.0000000000
132037  -6.878  -50.909  58.037 0.0000000000
132038  -6.927  -50.865  57.523 0.0000000000
132039  -7.099  -51.191  57.105 0.0000000000
132040  -7.415  -51.536  56.675 0.0000000000
132041  -7.608  -51.893  56.205 0.0000000000
133481  -5.571  -35.368  55.372 0.0000000000
133482  -5.955  -35.883  55.104 0.0000000000
133484  -6.995  -36.677  55.310 0.0000000000
133485  -7.436  -37.148  55.641 0.0000000000
133486  -7.791  -37.558  55.999 0.0000000000
133537  -4.475  -42.139  67.909 0.0000000000
133538  -4.487  -42.164  67.210 0.0000000000
133539  -5.553  -42.624  67.727 0.0000000000
133540  -5.025  -42.432  67.133 0.0000000000
133541  -4.584  -42.081  66.499 0.0000000000
133542  -4.713  -41.976  65.809 0.0000000000
133543  -4.843  -41.860  65.122 0.0000000000
133544  -4.977  -41.649  64.455 0.0000000000
133545  -5.150  -41.480  63.828 0.0000000000
133546  -5.529  -41.838  64.403 0.0000000000
133547  -6.170  -41.892  64.368 0.0000000000
133548  -6.814  -41.872  64.375 0.0000000000
133549  -7.282  -42.102  65.619 0.0000000000
133550  -7.400  -41.929  64.988 0.0000000000
133551  -7.596  -41.732  64.372 0.0000000000
133552  -8.476  -41.537  64.429 0.0000000000
133553  -9.424  -41.298  64.468 0.0000000000
133554  -10.362  -41.056  64.424 0.0000000000
142659  -17.795  -38.138  47.990 0.0000000000
142665  -18.482  -40.341  46.697 0.0000000000
142666  -18.542  -39.686  46.387 0.0000000000
147538  -16.171  -45.682  54.894 0.0000000000
147539  -16.120  -45.851  54.312 0.0000000000
147540  -15.706  -46.243  54.541 0.0000000000
147541  -15.152  -46.733  54.206 0.0000000000
147542  -14.484  -47.122  53.871 0.0000000000
147543  -14.006  -47.362  54.644 0.0000000000
147544  -13.965  -47.371  54.117 0.0000000000
147545  -13.820  -47.365  53.582 0.0000000000
147546  -13.078  -47.524  53.280 0.0000000000
147547  -12.358  -47.566  53.005 0.0000000000
147548  -11.540  -47.491  52.797 0.0000000000
147549  -12.048  -48.114  55.478 0.0000000000
147550  -11.883  -48.094  55.030 0.0000000000
147551  -11.635  -48.014  54.566 0.0000000000
147552  -10.291  -48.052  54.595 0.0000000000
147553  -10.841  -47.990  54.340 0.0000000000
147554  -11.399  -47.895  54.083 0.0000000000
147555  -11.165  -47.754  53.610 0.0000000000
147556  -10.946  -47.581  53.100 0.0000000000
147557  -10.721  -47.386  52.583 0.0000000000
147558  -9.909  -47.246  52.371 0.0000000000
147561  -7.872  -47.340  52.743 0.0000000000
147567  -7.573  -49.430  57.876 0.0000000000
147568  -7.450  -49.299  57.345 0.0000000000
147569  -7.292  -49.168  56.785 0.0000000000
147570  -6.929  -49.902  56.720 0.0000000000
147571  -6.997  -49.475  56.550 0.0000000000
147572  -7.209  -49.029  56.255 0.0000000000
147573  -7.112  -48.917  55.684 0.0000000000
147574  -7.029  -48.885  55.152 0.0000000000
147575  -7.033  -48.885  54.597 0.0000000000
147576  -7.475  -51.427  55.119 0.0000000000
147577  -7.417  -50.986  55.042 0.0000000000
147578  -7.335  -50.559  54.961 0.0000000000
147579  -7.499  -51.003  54.020 0.0000000000
147580  -7.448  -50.537  54.480 0.0000000000
147581  -7.239  -50.126  54.813 0.0000000000
147582  -7.167  -49.701  54.598 0.0000000000
147583  -7.103  -49.277  54.342 0.0000000000
147584  -7.046  -48.858  54.086 0.0000000000
147585  -7.061  -48.805  53.616 0.0000000000
147586  -7.175  -48.734  53.095 0.0000000000
147587  -7.341  -48.721  52.612 0.0000000000
147588  -7.870  -49.688  52.646 0.0000000000
147589  -7.731  -49.197  52.438 0.0000000000
151662  -16.048  -37.700  51.005 0.0000000000
151663  -16.254  -38.242  51.310 0.0000000000
151664  -15.349  -37.586  51.891 0.0000000000
151665  -15.934  -38.204  51.783 0.0000000000
151666  -16.462  -38.765  51.637 0.0000000000
151667  -16.675  -39.293  51.974 0.0000000000
151668  -16.887  -39.825  52.313 0.0000000000
151669  -17.085  -40.319  52.645 0.0000000000
151670  -13.777  -37.460  53.589 0.0000000000
151671  -14.457  -37.909  53.463 0.0000000000
151672  -15.150  -38.416  53.374 0.0000000000
151673  -15.068  -38.767  54.172 0.0000000000
151674  -15.420  -38.853  53.748 0.0000000000
151675  -15.774  -38.956  53.303 0.0000000000
151676  -16.358  -39.542  53.241 0.0000000000
151677  -16.849  -40.165  53.126 0.0000000000
151678  -17.247  -40.841  53.003 0.0000000000
151679  -17.377  -41.403  53.345 0.0000000000
151680  -17.461  -41.961  53.649 0.0000000000
151681  -17.475  -42.509  53.935 0.0000000000
151682  -17.133  -41.561  54.668 0.0000000000
151683  -17.335  -42.298  54.460 0.0000000000
151684  -17.412  -43.069  54.223 0.0000000000
151685  -17.270  -43.642  54.505 0.0000000000
151686  -17.060  -44.138  54.779 0.0000000000
151687  -16.813  -44.626  54.985 0.0000000000
151832  -3.262  -34.050  65.774 0.0000000000
151833  -3.430  -33.096  65.751 0.0000000000
151834  -3.603  -32.257  65.667 0.0000000000
151835  -3.709  -33.071  64.533 0.0000000000
151836  -3.737  -32.193  65.103 0.0000000000
151837  -3.776  -31.415  65.653 0.0000000000
151838  -3.968  -30.662  65.635 0.0000000000
151839  -4.182  -29.939  65.683 0.0000000000
151842  -4.825  -29.128  64.534 0.0000000000
151843  -4.998  -29.158  63.915 0.0000000000
151844  -4.722  -30.611  63.298 0.0000000000
151845  -4.964  -29.882  63.335 0.0000000000
151846  -5.186  -29.182  63.346 0.0000000000
151847  -5.390  -29.212  62.752 0.0000000000
151850  -5.861  -29.923  61.140 0.0000000000
151851  -5.977  -30.657  60.692 0.0000000000
151852  -6.110  -31.416  60.232 0.0000000000
151853  -5.724  -32.213  60.807 0.0000000000
151854  -5.998  -32.168  60.324 0.0000000000
151855  -6.239  -32.161  59.773 0.0000000000
151856  -6.316  -32.902  59.338 0.0000000000
151857  -6.317  -33.585  58.866 0.0000000000
151858  -6.185  -34.294  58.346 0.0000000000
151859  -5.069  -35.359  61.305 0.0000000000
151860  -5.365  -35.309  60.787 0.0000000000
151861  -5.614  -35.315  60.281 0.0000000000
151862  -5.385  -36.767  59.927 0.0000000000
151863  -5.585  -36.038  59.813 0.0000000000
151864  -5.799  -35.222  59.741 0.0000000000
151865  -5.931  -35.121  59.147 0.0000000000
151866  -5.980  -35.028  58.531 0.0000000000
151867  -5.957  -34.949  57.913 0.0000000000
151868  -5.650  -35.539  57.459 0.0000000000
151869  -5.434  -36.132  57.055 0.0000000000
151870  -5.470  -36.618  56.700 0.0000000000
151871  -5.425  -37.446  57.491 0.0000000000
151872  -5.612  -37.256  56.940 0.0000000000
151873  -5.844  -37.112  56.443 0.0000000000
151874  -6.466  -37.549  56.351 0.0000000000
151875  -7.288  -37.826  56.374 0.0000000000
151876  -8.197  -38.002  56.444 0.0000000000
151877  -5.287  -41.262  63.187 0.0000000000
151878  -5.413  -41.079  62.616 0.0000000000
151879  -5.518  -40.884  62.049 0.0000000000
151880  -6.688  -41.272  62.554 0.0000000000
151881  -6.139  -41.033  62.005 0.0000000000
151882  -5.678  -40.679  61.491 0.0000000000
151883  -5.829  -40.495  60.970 0.0000000000
151884  -6.023  -40.274  60.442 0.0000000000
151885  -6.232  -40.061  59.915 0.0000000000
151886  -10.298  -40.736  62.894 0.0000000000
151887  -9.637  -40.736  62.310 0.0000000000
151888  -8.943  -40.685  61.689 0.0000000000
151889  -10.259  -40.383  61.304 0.0000000000
151890  -9.239  -40.509  61.231 0.0000000000
151891  -8.252  -40.584  61.106 0.0000000000
151892  -7.554  -40.406  60.502 0.0000000000
151893  -6.972  -40.171  59.922 0.0000000000
151894  -6.478  -39.825  59.408 0.0000000000
151895  -6.729  -39.585  58.893 0.0000000000
151896  -7.061  -39.380  58.443 0.0000000000
151897  -7.425  -39.164  58.008 0.0000000000
151898  -8.862  -39.509  58.700 0.0000000000
151899  -8.306  -39.271  58.114 0.0000000000
151900  -7.844  -38.936  57.642 0.0000000000
151901  -8.249  -38.693  57.255 0.0000000000
151902  -8.674  -38.455  56.894 0.0000000000
151903  -9.115  -38.183  56.525 0.0000000000
151904  -10.019  -38.323  56.570 0.0000000000
151905  -10.934  -38.488  56.569 0.0000000000
151906  -11.850  -38.666  56.600 0.0000000000
151907  -11.983  -39.096  57.557 0.0000000000
151908  -12.381  -38.953  57.089 0.0000000000
151909  -12.715  -38.866  56.621 0.0000000000
151910  -13.612  -39.120  56.676 0.0000000000
151911  -14.468  -39.394  56.709 0.0000000000
151912  -15.176  -39.750  56.696 0.0000000000
151913  -14.325  -39.973  59.672 0.0000000000
151914  -14.561  -39.982  59.194 0.0000000000
151915  -14.838  -40.006  58.729 0.0000000000
151916  -15.830  -40.989  59.154 0.0000000000
151917  -15.515  -40.474  58.713 0.0000000000
151918  -15.120  -40.055  58.215 0.0000000000
151919  -15.401  -40.109  57.670 0.0000000000
151920  -15.612  -40.186  57.197 0.0000000000
151921  -15.831  -40.261  56.690 0.0000000000
151922  -16.353  -40.853  56.639 0.0000000000
151923  -16.718  -41.535  56.554 0.0000000000
151924  -16.939  -42.312  56.385 0.0000000000
151925  -16.782  -42.823  57.257 0.0000000000
151926  -16.894  -42.946  56.725 0.0000000000
151927  -17.011  -43.035  56.175 0.0000000000
151928  -16.958  -43.788  55.896 0.0000000000
151929  -16.753  -44.512  55.574 0.0000000000
151930  -16.444  -45.187  55.270 0.0000000000
151931  -16.077  -45.617  55.501 0.0000000000
151932  -15.655  -46.049  55.734 0.0000000000
151933  -15.186  -46.479  55.982 0.0000000000
151935  -15.127  -46.395  56.581 0.0000000000
151936  -14.694  -46.848  56.171 0.0000000000
151937  -14.242  -47.203  56.385 0.0000000000
151938  -13.834  -47.518  56.516 0.0000000000
158982  -16.143  -45.947  53.697 0.0000000000
158983  -16.187  -46.025  53.108 0.0000000000
158984  -16.171  -46.035  52.532 0.0000000000
158985  -14.942  -46.844  52.417 0.0000000000
158986  -15.566  -46.493  52.169 0.0000000000
158987  -16.177  -46.033  51.943 0.0000000000
158988  -16.135  -46.048  51.340 0.0000000000
158989  -16.074  -45.955  50.759 0.0000000000
158990  -15.991  -45.875  50.159 0.0000000000
158991  -11.871  -46.986  51.490 0.0000000000
158992  -12.510  -46.875  51.153 0.0000000000
158993  -13.214  -46.752  50.812 0.0000000000
158994  -12.316  -46.451  50.162 0.0000000000
158995  -13.129  -46.552  50.308 0.0000000000
158996  -13.940  -46.616  50.490 0.0000000000
158997  -14.646  -46.428  50.229 0.0000000000
158998  -15.295  -46.105  49.915 0.0000000000
158999  -15.873  -45.792  49.581 0.0000000000
159000  -15.774  -45.623  49.028 0.0000000000
159001  -15.643  -45.440  48.471 0.0000000000
159002  -15.505  -45.225  47.938 0.0000000000
159003  -14.095  -45.503  48.167 0.0000000000
159004  -14.709  -45.276  47.807 0.0000000000
159005  -15.378  -45.009  47.419 0.0000000000
159006  -15.211  -44.741  46.930 0.0000000000
159007  -15.046  -44.508  46.478 0.0000000000
