#!ascii label  , from subject fsaverage vox2ras=TkReg
679
245  51.538  -5.063  43.513 0.0000000000
246  52.472  -4.849  34.376 0.0000000000
500  52.047  -3.870  24.432 0.0000000000
724  50.114  -4.836  48.346 0.0000000000
726  46.146  -8.162  38.703 0.0000000000
1098  46.871  -6.653  30.412 0.0000000000
1099  52.521  -3.728  29.877 0.0000000000
1100  47.853  -7.052  25.733 0.0000000000
1101  50.756  -8.873  23.284 0.0000000000
1595  52.045  -5.226  38.656 0.0000000000
1596  46.535  -7.794  34.461 0.0000000000
3019  47.120  -6.545  27.977 0.0000000000
3021  47.692  -9.372  25.619 0.0000000000
3611  51.008  -4.998  46.104 0.0000000000
3616  54.446  -3.485  40.600 0.0000000000
3617  51.776  -5.097  40.995 0.0000000000
3618  43.587  -9.590  36.621 0.0000000000
3619  46.300  -7.910  36.614 0.0000000000
3620  43.773  -9.028  34.680 0.0000000000
3621  43.911  -8.466  32.682 0.0000000000
4736  52.167  -3.419  27.187 0.0000000000
4743  52.000  -10.845  25.429 0.0000000000
5910  48.492  -4.511  49.801 0.0000000000
5911  48.194  -6.807  48.604 0.0000000000
5912  48.518  -6.833  45.926 0.0000000000
5913  48.639  -6.611  43.275 0.0000000000
5914  48.742  -6.543  41.034 0.0000000000
5915  46.082  -8.335  40.820 0.0000000000
6584  49.608  -5.946  32.373 0.0000000000
6585  52.641  -4.282  32.218 0.0000000000
6586  49.684  -5.324  30.035 0.0000000000
6587  49.561  -5.073  27.397 0.0000000000
6588  49.731  -5.390  24.852 0.0000000000
6589  50.583  -6.208  22.946 0.0000000000
6590  49.065  -7.823  24.190 0.0000000000
6591  49.651  -10.258  25.109 0.0000000000
7560  54.862  -3.460  38.650 0.0000000000
7561  52.190  -5.096  36.583 0.0000000000
7562  48.867  -6.488  38.691 0.0000000000
7563  49.094  -6.543  36.453 0.0000000000
7564  49.375  -6.371  34.424 0.0000000000
7565  46.764  -7.269  32.457 0.0000000000
7566  44.361  -8.104  30.539 0.0000000000
11291  51.359  -5.017  44.859 0.0000000000
11292  51.947  -3.906  45.906 0.0000000000
11293  52.388  -4.071  44.707 0.0000000000
11295  52.762  -4.266  43.341 0.0000000000
11296  52.964  -4.296  42.145 0.0000000000
11297  51.698  -5.050  42.281 0.0000000000
11299  43.685  -9.304  35.641 0.0000000000
12413  54.009  -4.066  35.603 0.0000000000
12416  52.015  -3.600  25.766 0.0000000000
12417  53.649  -2.640  27.309 0.0000000000
12422  52.285  -4.174  23.302 0.0000000000
13693  47.195  -7.606  44.415 0.0000000000
13694  48.567  -6.680  44.572 0.0000000000
13695  47.215  -7.535  43.084 0.0000000000
13696  47.220  -7.462  41.981 0.0000000000
14813  48.214  -6.298  31.368 0.0000000000
14814  49.666  -5.663  31.247 0.0000000000
14815  48.230  -6.020  30.199 0.0000000000
14816  47.446  -6.728  26.780 0.0000000000
14817  48.334  -5.871  27.661 0.0000000000
14818  48.458  -5.984  26.427 0.0000000000
14819  49.524  -5.197  26.072 0.0000000000
14820  48.778  -6.203  25.296 0.0000000000
14821  49.226  -6.576  24.293 0.0000000000
14822  48.386  -7.423  24.866 0.0000000000
14823  48.151  -10.538  26.094 0.0000000000
14824  48.633  -9.814  25.259 0.0000000000
14825  49.251  -10.895  26.095 0.0000000000
14826  50.361  -11.139  26.330 0.0000000000
16591  49.435  -4.651  49.254 0.0000000000
16592  48.740  -3.527  48.999 0.0000000000
16593  49.739  -3.523  48.560 0.0000000000
16608  53.512  -4.491  39.728 0.0000000000
16609  54.646  -3.547  39.613 0.0000000000
16610  53.578  -4.541  38.686 0.0000000000
16611  53.750  -4.471  37.754 0.0000000000
16612  52.094  -5.215  37.643 0.0000000000
16613  47.398  -7.305  39.816 0.0000000000
16614  48.830  -6.458  39.942 0.0000000000
16615  47.429  -7.279  38.676 0.0000000000
16616  46.461  -7.856  35.568 0.0000000000
16617  47.714  -7.222  36.504 0.0000000000
16618  47.873  -7.229  35.451 0.0000000000
16619  49.219  -6.463  35.439 0.0000000000
16620  47.992  -7.150  34.467 0.0000000000
16621  48.042  -6.887  33.428 0.0000000000
16622  46.707  -7.581  33.485 0.0000000000
16624  44.142  -8.251  31.643 0.0000000000
19966  52.634  -4.008  31.069 0.0000000000
19988  50.485  -7.529  22.919 0.0000000000
19989  51.234  -6.716  22.263 0.0000000000
19990  51.320  -8.064  22.481 0.0000000000
23864  45.781  -7.247  29.407 0.0000000000
23865  46.927  -6.490  29.198 0.0000000000
23866  46.010  -7.304  28.304 0.0000000000
23867  46.418  -7.437  27.241 0.0000000000
23868  46.953  -7.789  26.288 0.0000000000
23869  47.543  -8.169  25.516 0.0000000000
23870  46.895  -8.962  26.126 0.0000000000
24931  50.642  -4.888  47.273 0.0000000000
24932  50.628  -3.644  47.816 0.0000000000
24933  51.356  -3.808  46.882 0.0000000000
24942  53.211  -4.416  40.853 0.0000000000
24943  51.953  -5.161  39.800 0.0000000000
24944  44.928  -8.918  37.665 0.0000000000
24945  46.120  -8.023  37.641 0.0000000000
24946  44.981  -8.751  36.664 0.0000000000
24947  45.059  -8.587  35.623 0.0000000000
24948  45.125  -8.416  34.574 0.0000000000
24949  45.239  -8.140  33.571 0.0000000000
24950  43.838  -8.741  33.678 0.0000000000
26956  52.359  -3.486  28.604 0.0000000000
26958  53.936  -2.670  28.668 0.0000000000
26969  51.234  -10.048  24.096 0.0000000000
26970  51.754  -9.382  23.146 0.0000000000
29148  47.283  -4.523  50.096 0.0000000000
29149  47.990  -5.478  50.410 0.0000000000
29150  48.768  -5.704  49.619 0.0000000000
29151  49.309  -5.857  48.585 0.0000000000
29153  48.413  -6.877  47.272 0.0000000000
29154  49.640  -5.962  47.342 0.0000000000
29155  49.828  -5.947  46.050 0.0000000000
29156  49.965  -5.867  44.765 0.0000000000
29157  50.145  -5.826  43.421 0.0000000000
29158  50.196  -5.825  42.278 0.0000000000
29159  48.687  -6.563  42.135 0.0000000000
29160  47.249  -7.408  40.820 0.0000000000
29161  46.092  -8.264  39.816 0.0000000000
29164  44.890  -9.138  38.559 0.0000000000
30722  51.032  -5.488  33.386 0.0000000000
30723  52.639  -4.565  33.340 0.0000000000
30724  51.131  -5.208  32.334 0.0000000000
30725  51.111  -4.903  31.110 0.0000000000
30726  51.037  -4.563  29.850 0.0000000000
30727  48.274  -5.849  28.930 0.0000000000
30728  49.572  -5.150  28.737 0.0000000000
30729  50.895  -4.363  28.625 0.0000000000
30730  50.739  -4.273  27.224 0.0000000000
30731  50.684  -4.342  25.831 0.0000000000
30732  50.807  -4.571  24.546 0.0000000000
30733  51.091  -4.952  23.467 0.0000000000
30734  50.042  -5.751  23.817 0.0000000000
30735  49.829  -6.989  23.503 0.0000000000
30736  49.839  -8.305  23.624 0.0000000000
30737  48.360  -8.618  24.913 0.0000000000
30738  49.223  -9.085  24.424 0.0000000000
30739  50.206  -9.617  24.151 0.0000000000
30740  50.781  -10.619  25.175 0.0000000000
33138  53.859  -4.270  36.654 0.0000000000
33139  52.367  -4.985  35.516 0.0000000000
33140  50.283  -5.776  41.069 0.0000000000
33141  50.335  -5.796  39.860 0.0000000000
33142  50.395  -5.841  38.668 0.0000000000
33143  47.580  -7.160  37.597 0.0000000000
33144  48.977  -6.518  37.534 0.0000000000
33145  50.497  -5.855  37.530 0.0000000000
33146  50.621  -5.826  36.517 0.0000000000
33147  50.728  -5.802  35.477 0.0000000000
33148  50.879  -5.679  34.414 0.0000000000
33149  49.502  -6.198  33.413 0.0000000000
33150  48.162  -6.598  32.419 0.0000000000
33151  46.818  -6.941  31.451 0.0000000000
33152  45.364  -7.834  32.533 0.0000000000
33153  45.487  -7.605  31.477 0.0000000000
33154  45.597  -7.391  30.429 0.0000000000
37294  51.514  -5.392  22.550 0.0000000000
42011  51.471  -5.039  44.213 0.0000000000
42012  51.914  -4.558  44.800 0.0000000000
42013  52.085  -4.608  44.125 0.0000000000
42014  52.577  -4.155  44.074 0.0000000000
42015  52.235  -4.662  43.401 0.0000000000
42016  52.297  -4.685  42.833 0.0000000000
42017  51.625  -5.050  42.911 0.0000000000
43133  53.265  -4.473  34.986 0.0000000000
43134  54.085  -3.940  35.067 0.0000000000
43135  53.334  -4.333  34.467 0.0000000000
43136  52.010  -3.713  25.069 0.0000000000
43137  52.683  -3.204  25.759 0.0000000000
43138  52.710  -3.324  25.097 0.0000000000
43140  52.745  -3.468  24.463 0.0000000000
43142  52.141  -4.018  23.851 0.0000000000
44414  47.203  -7.563  43.768 0.0000000000
45533  47.523  -6.467  30.911 0.0000000000
45534  48.235  -6.137  30.800 0.0000000000
45535  47.525  -6.333  30.337 0.0000000000
45536  47.640  -6.864  26.253 0.0000000000
45537  47.942  -6.371  26.641 0.0000000000
45538  48.117  -6.483  26.070 0.0000000000
45539  48.588  -6.100  25.833 0.0000000000
45540  48.309  -6.621  25.505 0.0000000000
45541  48.545  -6.782  25.046 0.0000000000
45542  48.096  -7.232  25.284 0.0000000000
45544  48.702  -10.726  26.068 0.0000000000
45545  49.054  -11.219  26.562 0.0000000000
45546  49.635  -11.346  26.720 0.0000000000
47311  49.805  -4.772  48.809 0.0000000000
47312  49.616  -4.067  48.979 0.0000000000
47313  50.052  -4.185  48.542 0.0000000000
47328  52.800  -4.876  39.200 0.0000000000
47329  53.566  -4.521  39.174 0.0000000000
47330  52.845  -4.897  38.657 0.0000000000
47331  52.877  -4.895  38.180 0.0000000000
47332  52.094  -5.231  38.144 0.0000000000
47333  46.795  -7.706  39.293 0.0000000000
47334  47.417  -7.299  39.245 0.0000000000
47335  46.765  -7.674  38.720 0.0000000000
47336  46.506  -7.820  35.018 0.0000000000
47337  47.174  -7.526  35.504 0.0000000000
47338  47.221  -7.517  35.022 0.0000000000
47339  47.936  -7.206  34.944 0.0000000000
47340  47.284  -7.475  34.492 0.0000000000
47341  47.348  -7.388  33.947 0.0000000000
47342  46.619  -7.710  33.978 0.0000000000
50686  52.597  -3.873  30.490 0.0000000000
50687  53.476  -3.554  31.105 0.0000000000
50688  53.391  -3.442  30.512 0.0000000000
50708  50.587  -8.232  23.043 0.0000000000
50709  50.881  -7.780  22.684 0.0000000000
50710  51.039  -8.464  22.865 0.0000000000
55133  45.367  -7.653  28.946 0.0000000000
55134  45.882  -7.265  28.841 0.0000000000
55135  45.515  -7.719  28.437 0.0000000000
55137  45.964  -7.870  27.470 0.0000000000
55138  46.230  -7.998  27.011 0.0000000000
55139  46.664  -7.585  26.742 0.0000000000
55140  46.547  -8.178  26.541 0.0000000000
55141  46.894  -8.366  26.163 0.0000000000
55142  46.536  -8.759  26.450 0.0000000000
56911  50.818  -4.966  46.720 0.0000000000
56912  51.034  -4.387  47.103 0.0000000000
56913  51.298  -4.442  46.563 0.0000000000
56928  52.413  -4.715  41.612 0.0000000000
56929  53.067  -4.337  41.508 0.0000000000
56930  52.502  -4.740  40.987 0.0000000000
56931  52.647  -4.789  40.346 0.0000000000
56932  51.882  -5.106  40.379 0.0000000000
56933  44.281  -9.280  37.134 0.0000000000
56934  44.954  -8.833  37.170 0.0000000000
56935  44.315  -9.171  36.637 0.0000000000
56936  43.727  -9.163  35.160 0.0000000000
56937  44.397  -8.953  35.635 0.0000000000
56938  44.424  -8.813  35.143 0.0000000000
56939  45.095  -8.507  35.091 0.0000000000
56940  44.465  -8.714  34.636 0.0000000000
56941  44.518  -8.604  34.133 0.0000000000
56942  43.802  -8.887  34.169 0.0000000000
60286  52.246  -3.447  27.910 0.0000000000
60287  53.131  -3.077  28.616 0.0000000000
60288  52.987  -3.050  27.918 0.0000000000
60308  51.637  -10.537  24.683 0.0000000000
60309  51.795  -10.231  24.136 0.0000000000
64106  48.063  -6.718  49.242 0.0000000000
64107  48.346  -6.204  49.716 0.0000000000
64108  48.572  -6.292  49.196 0.0000000000
64109  49.059  -5.795  49.134 0.0000000000
64110  48.772  -6.354  48.617 0.0000000000
64114  47.849  -7.272  45.838 0.0000000000
64115  47.805  -7.305  46.486 0.0000000000
64116  48.473  -6.882  46.590 0.0000000000
64117  49.050  -6.435  47.338 0.0000000000
64118  49.127  -6.451  46.684 0.0000000000
64119  49.737  -5.974  46.717 0.0000000000
64120  49.179  -6.420  46.032 0.0000000000
64121  48.569  -6.672  43.930 0.0000000000
64122  49.255  -6.267  44.694 0.0000000000
64123  49.308  -6.238  44.032 0.0000000000
64124  50.018  -5.843  44.092 0.0000000000
64125  49.385  -6.231  43.335 0.0000000000
64126  49.417  -6.251  42.743 0.0000000000
64127  48.671  -6.580  42.707 0.0000000000
64128  46.608  -7.902  41.394 0.0000000000
64129  47.217  -7.444  41.399 0.0000000000
64130  46.621  -7.871  40.865 0.0000000000
64131  46.650  -7.832  40.344 0.0000000000
64132  46.094  -8.299  40.327 0.0000000000
67478  50.331  -5.740  32.852 0.0000000000
67479  51.081  -5.351  32.834 0.0000000000
67480  50.362  -5.606  32.301 0.0000000000
67481  49.704  -5.499  30.619 0.0000000000
67482  50.386  -5.304  31.161 0.0000000000
67483  50.403  -5.127  30.555 0.0000000000
67484  51.104  -4.728  30.517 0.0000000000
67485  50.377  -4.968  29.946 0.0000000000
67486  47.014  -6.494  28.594 0.0000000000
67487  47.579  -6.200  29.054 0.0000000000
67488  47.646  -6.191  28.421 0.0000000000
67489  48.954  -5.489  27.508 0.0000000000
67490  48.932  -5.484  28.168 0.0000000000
67491  49.564  -5.086  28.056 0.0000000000
67492  50.239  -4.750  28.682 0.0000000000
67493  50.189  -4.696  27.994 0.0000000000
67494  50.821  -4.302  27.923 0.0000000000
67495  50.138  -4.682  27.305 0.0000000000
67496  49.606  -5.259  25.443 0.0000000000
67497  50.090  -4.769  25.927 0.0000000000
67498  50.150  -4.849  25.284 0.0000000000
67499  50.711  -4.433  25.187 0.0000000000
67500  50.241  -4.971  24.667 0.0000000000
67501  50.367  -5.127  24.095 0.0000000000
67502  49.877  -5.552  24.320 0.0000000000
67503  49.134  -7.193  24.164 0.0000000000
67504  49.516  -6.762  23.871 0.0000000000
67505  49.447  -7.402  23.834 0.0000000000
67506  49.819  -7.651  23.507 0.0000000000
67507  49.426  -8.058  23.899 0.0000000000
67508  47.574  -8.775  25.537 0.0000000000
67509  47.938  -8.397  25.206 0.0000000000
67510  48.018  -9.004  25.263 0.0000000000
67511  49.134  -10.040  25.162 0.0000000000
67512  48.924  -9.460  24.836 0.0000000000
67513  49.392  -9.697  24.682 0.0000000000
67514  49.703  -9.348  24.261 0.0000000000
67515  49.928  -9.955  24.619 0.0000000000
67516  50.482  -10.170  24.603 0.0000000000
67517  50.203  -10.464  25.094 0.0000000000
67519  50.969  -11.196  26.503 0.0000000000
72811  47.940  -4.486  49.991 0.0000000000
72812  47.457  -4.133  49.575 0.0000000000
72813  48.071  -4.047  49.511 0.0000000000
72866  54.771  -3.495  39.115 0.0000000000
72873  52.985  -4.790  37.137 0.0000000000
72874  53.827  -4.365  37.202 0.0000000000
72875  53.049  -4.709  36.622 0.0000000000
72876  53.118  -4.642  36.079 0.0000000000
72877  52.247  -5.071  36.034 0.0000000000
72878  49.484  -6.179  41.642 0.0000000000
72879  50.263  -5.791  41.679 0.0000000000
72880  49.511  -6.160  41.054 0.0000000000
72881  48.836  -6.474  39.300 0.0000000000
72882  49.573  -6.120  39.875 0.0000000000
72883  49.595  -6.132  39.241 0.0000000000
72884  50.357  -5.832  39.243 0.0000000000
72885  49.596  -6.191  38.647 0.0000000000
72886  46.192  -7.958  37.125 0.0000000000
72887  46.830  -7.583  37.607 0.0000000000
72888  46.915  -7.529  37.097 0.0000000000
72889  48.418  -6.877  36.491 0.0000000000
72890  48.301  -6.875  37.004 0.0000000000
72891  49.033  -6.532  36.983 0.0000000000
72892  49.722  -6.199  37.529 0.0000000000
72893  49.771  -6.201  36.961 0.0000000000
72894  50.558  -5.844  37.014 0.0000000000
72895  49.847  -6.174  36.453 0.0000000000
72896  49.288  -6.405  34.939 0.0000000000
72897  49.927  -6.176  35.472 0.0000000000
72898  50.041  -6.108  34.967 0.0000000000
72899  50.804  -5.750  34.940 0.0000000000
72900  50.115  -6.049  34.444 0.0000000000
72901  50.190  -5.972  33.927 0.0000000000
72902  49.422  -6.299  33.933 0.0000000000
72903  47.421  -7.086  32.934 0.0000000000
72904  48.093  -6.731  32.928 0.0000000000
72905  47.456  -6.923  32.433 0.0000000000
72906  47.487  -6.758  31.938 0.0000000000
72907  46.786  -7.102  31.949 0.0000000000
72908  44.543  -8.333  33.109 0.0000000000
72909  45.276  -7.996  33.033 0.0000000000
72910  44.609  -8.176  32.619 0.0000000000
72911  44.268  -8.155  31.087 0.0000000000
72912  44.807  -7.926  31.576 0.0000000000
72913  44.904  -7.820  31.024 0.0000000000
72914  45.558  -7.488  30.943 0.0000000000
72915  44.990  -7.731  30.489 0.0000000000
72916  45.056  -7.668  29.962 0.0000000000
72917  44.488  -8.076  30.031 0.0000000000
82936  52.663  -4.420  32.801 0.0000000000
82937  53.431  -4.084  33.388 0.0000000000
82938  53.450  -3.962  32.821 0.0000000000
83003  50.780  -5.540  23.161 0.0000000000
83004  51.258  -5.165  23.020 0.0000000000
83005  51.012  -5.824  22.747 0.0000000000
83006  51.625  -7.038  21.978 0.0000000000
83007  51.641  -6.331  21.988 0.0000000000
83012  52.027  -9.054  22.668 0.0000000000
94051  51.209  -5.009  45.478 0.0000000000
94052  51.513  -4.482  46.023 0.0000000000
94053  51.753  -4.479  45.487 0.0000000000
94054  52.187  -3.992  45.346 0.0000000000
94059  53.262  -3.785  43.150 0.0000000000
94060  53.405  -3.846  42.546 0.0000000000
94061  52.867  -4.274  42.758 0.0000000000
94062  52.359  -4.689  42.218 0.0000000000
94063  51.701  -5.105  41.631 0.0000000000
94065  43.634  -9.452  36.117 0.0000000000
94067  42.980  -9.478  35.171 0.0000000000
94068  43.038  -9.339  34.678 0.0000000000
94069  43.065  -9.184  34.172 0.0000000000
96076  52.079  -3.489  26.478 0.0000000000
96077  52.880  -3.051  27.223 0.0000000000
96078  52.779  -3.101  26.513 0.0000000000
96079  53.503  -2.696  26.550 0.0000000000
98374  47.186  -7.644  45.087 0.0000000000
98375  47.858  -7.222  45.160 0.0000000000
98376  48.550  -6.760  45.271 0.0000000000
98377  47.868  -7.159  44.487 0.0000000000
98378  47.880  -7.116  43.854 0.0000000000
98379  47.879  -7.080  43.189 0.0000000000
98380  47.915  -7.034  42.649 0.0000000000
98381  47.214  -7.499  42.528 0.0000000000
98382  46.585  -7.930  41.952 0.0000000000
100391  48.904  -6.139  31.882 0.0000000000
100392  49.634  -5.812  31.831 0.0000000000
100393  48.932  -5.976  31.297 0.0000000000
100394  48.957  -5.805  30.693 0.0000000000
100395  48.962  -5.657  30.095 0.0000000000
100396  47.264  -6.622  27.376 0.0000000000
100397  47.719  -6.204  27.799 0.0000000000
100398  47.789  -6.285  27.204 0.0000000000
100399  48.376  -5.925  27.033 0.0000000000
100400  48.975  -5.521  26.863 0.0000000000
100401  49.535  -5.121  26.727 0.0000000000
100402  48.994  -5.610  26.244 0.0000000000
100403  49.088  -5.691  25.647 0.0000000000
100404  49.244  -5.778  25.072 0.0000000000
100405  49.414  -5.965  24.551 0.0000000000
100406  48.988  -6.355  24.798 0.0000000000
100407  48.829  -6.983  24.582 0.0000000000
100408  48.720  -7.615  24.510 0.0000000000
100409  47.868  -9.952  25.811 0.0000000000
100410  48.139  -9.583  25.421 0.0000000000
100411  48.375  -10.163  25.688 0.0000000000
100412  48.910  -10.378  25.605 0.0000000000
100413  49.412  -10.559  25.599 0.0000000000
100414  49.972  -10.728  25.648 0.0000000000
100415  49.752  -11.024  26.175 0.0000000000
103591  48.998  -4.537  49.593 0.0000000000
103592  48.641  -4.014  49.415 0.0000000000
103593  49.167  -4.026  49.238 0.0000000000
103594  49.275  -3.492  48.830 0.0000000000
103622  54.055  -4.036  40.208 0.0000000000
103623  54.545  -3.531  40.107 0.0000000000
103624  54.132  -4.089  39.670 0.0000000000
103625  54.203  -4.092  39.156 0.0000000000
103626  54.240  -4.081  38.689 0.0000000000
103627  54.319  -4.036  38.233 0.0000000000
103628  53.628  -4.530  38.227 0.0000000000
103629  52.935  -4.853  37.675 0.0000000000
103630  52.141  -5.152  37.115 0.0000000000
103631  48.067  -6.889  40.398 0.0000000000
103632  48.791  -6.514  40.491 0.0000000000
103633  48.112  -6.868  39.846 0.0000000000
103634  48.122  -6.868  39.288 0.0000000000
103635  48.121  -6.863  38.710 0.0000000000
103636  46.388  -7.905  36.097 0.0000000000
103637  47.025  -7.552  36.555 0.0000000000
103638  47.113  -7.551  36.025 0.0000000000
103639  47.813  -7.227  35.997 0.0000000000
103640  48.498  -6.870  35.954 0.0000000000
103641  49.171  -6.528  35.926 0.0000000000
103642  48.529  -6.863  35.410 0.0000000000
103643  48.611  -6.836  34.952 0.0000000000
103644  48.648  -6.768  34.461 0.0000000000
103645  48.689  -6.666  33.956 0.0000000000
103646  48.007  -7.035  33.939 0.0000000000
103647  47.381  -7.242  33.436 0.0000000000
103648  46.775  -7.432  32.979 0.0000000000
103649  43.301  -8.688  32.142 0.0000000000
103650  44.017  -8.358  32.183 0.0000000000
103651  43.470  -8.596  31.626 0.0000000000
109666  52.645  -4.143  31.630 0.0000000000
109667  53.467  -3.837  32.199 0.0000000000
109668  53.475  -3.702  31.620 0.0000000000
109706  50.477  -6.847  22.895 0.0000000000
109707  50.889  -6.479  22.585 0.0000000000
109708  50.841  -7.105  22.591 0.0000000000
109709  51.244  -7.368  22.331 0.0000000000
109710  51.629  -7.720  22.112 0.0000000000
117122  46.287  -6.905  29.885 0.0000000000
117123  46.890  -6.553  29.812 0.0000000000
117124  46.336  -6.868  29.312 0.0000000000
117125  46.423  -6.862  28.733 0.0000000000
117126  46.532  -6.896  28.160 0.0000000000
117127  45.728  -7.776  27.948 0.0000000000
117128  46.195  -7.355  27.774 0.0000000000
117129  46.715  -6.970  27.559 0.0000000000
117130  46.932  -7.079  26.999 0.0000000000
117131  47.147  -7.239  26.482 0.0000000000
117132  47.369  -7.447  26.000 0.0000000000
117133  47.651  -7.632  25.554 0.0000000000
117134  47.245  -7.985  25.888 0.0000000000
117135  47.227  -8.567  25.830 0.0000000000
117136  47.275  -9.166  25.854 0.0000000000
117138  46.966  -9.557  26.199 0.0000000000
117139  47.400  -9.750  25.972 0.0000000000
117140  47.611  -10.343  26.203 0.0000000000
119611  50.383  -4.914  47.849 0.0000000000
119612  50.415  -4.250  48.076 0.0000000000
119613  50.719  -4.330  47.625 0.0000000000
119614  50.994  -3.724  47.391 0.0000000000
119616  51.668  -3.848  46.393 0.0000000000
119635  54.266  -3.427  41.150 0.0000000000
119636  53.554  -3.885  41.938 0.0000000000
119637  53.706  -3.946  41.342 0.0000000000
119638  53.871  -4.013  40.779 0.0000000000
119639  53.379  -4.468  40.254 0.0000000000
119640  52.745  -4.832  39.763 0.0000000000
119641  51.984  -5.217  39.201 0.0000000000
119642  45.534  -8.540  38.172 0.0000000000
119643  46.135  -8.081  38.188 0.0000000000
119644  45.517  -8.472  37.688 0.0000000000
119645  45.515  -8.413  37.158 0.0000000000
119646  45.613  -8.333  36.655 0.0000000000
119647  44.356  -9.066  36.134 0.0000000000
119648  45.012  -8.662  36.164 0.0000000000
119649  45.687  -8.277  36.126 0.0000000000
119650  45.737  -8.237  35.593 0.0000000000
119651  45.800  -8.173  35.045 0.0000000000
119652  45.847  -8.085  34.500 0.0000000000
119653  45.886  -7.985  33.978 0.0000000000
119654  45.207  -8.274  34.095 0.0000000000
119655  44.572  -8.475  33.626 0.0000000000
119656  43.875  -8.598  33.185 0.0000000000
119657  43.079  -9.027  33.669 0.0000000000
119658  43.146  -8.894  33.179 0.0000000000
119659  43.204  -8.786  32.666 0.0000000000
124336  52.454  -3.580  29.256 0.0000000000
124337  53.348  -3.301  29.917 0.0000000000
124338  53.272  -3.167  29.287 0.0000000000
124341  53.806  -2.629  28.007 0.0000000000
124367  50.935  -9.460  23.655 0.0000000000
124368  51.228  -9.098  23.177 0.0000000000
124369  51.451  -9.702  23.630 0.0000000000
124370  52.057  -9.966  23.659 0.0000000000
129584  47.701  -4.958  50.397 0.0000000000
129585  48.253  -5.002  50.122 0.0000000000
129586  48.035  -6.094  50.257 0.0000000000
129587  48.409  -5.593  50.034 0.0000000000
129588  48.730  -5.090  49.815 0.0000000000
129589  49.140  -5.179  49.453 0.0000000000
129590  49.468  -5.317  49.006 0.0000000000
129591  49.769  -5.359  48.514 0.0000000000
129594  47.648  -7.273  47.945 0.0000000000
129596  47.729  -7.289  47.255 0.0000000000
129597  48.319  -6.854  47.944 0.0000000000
129598  48.931  -6.407  47.983 0.0000000000
129599  49.525  -5.913  47.963 0.0000000000
129600  50.005  -5.425  47.946 0.0000000000
129601  50.161  -5.465  47.349 0.0000000000
129602  50.298  -5.480  46.749 0.0000000000
129603  50.435  -5.476  46.087 0.0000000000
129604  49.229  -6.324  45.334 0.0000000000
129605  49.902  -5.906  45.389 0.0000000000
129606  50.569  -5.460  45.483 0.0000000000
129607  50.669  -5.456  44.836 0.0000000000
129608  50.763  -5.447  44.202 0.0000000000
129609  50.840  -5.437  43.523 0.0000000000
129610  50.886  -5.417  42.927 0.0000000000
129611  50.180  -5.831  42.837 0.0000000000
129612  49.461  -6.200  42.220 0.0000000000
129613  48.704  -6.560  41.583 0.0000000000
129614  47.937  -6.992  42.065 0.0000000000
129615  47.950  -6.964  41.490 0.0000000000
129616  47.978  -6.924  40.929 0.0000000000
129617  47.311  -7.367  40.277 0.0000000000
129618  46.728  -7.765  39.837 0.0000000000
129619  46.132  -8.229  39.245 0.0000000000
129626  45.550  -8.760  39.622 0.0000000000
129627  45.557  -8.702  39.131 0.0000000000
129628  45.559  -8.612  38.609 0.0000000000
129629  44.911  -9.016  38.109 0.0000000000
129630  44.245  -9.416  37.596 0.0000000000
133856  51.727  -5.191  33.876 0.0000000000
133857  52.575  -4.707  33.859 0.0000000000
133858  51.824  -5.043  33.368 0.0000000000
133859  51.882  -4.893  32.872 0.0000000000
133860  51.887  -4.749  32.299 0.0000000000
133861  50.371  -5.480  31.758 0.0000000000
133862  51.126  -5.062  31.715 0.0000000000
133863  51.856  -4.611  31.678 0.0000000000
133864  51.823  -4.476  31.085 0.0000000000
133865  51.808  -4.312  30.462 0.0000000000
133866  51.760  -4.158  29.851 0.0000000000
133867  47.539  -6.221  29.700 0.0000000000
133868  48.249  -5.920  29.565 0.0000000000
133869  48.940  -5.557  29.464 0.0000000000
133870  48.312  -5.815  28.289 0.0000000000
133871  48.923  -5.508  28.830 0.0000000000
133872  49.628  -5.217  29.400 0.0000000000
133873  50.276  -4.849  29.301 0.0000000000
133874  50.968  -4.449  29.252 0.0000000000
133875  51.671  -4.037  29.244 0.0000000000
133876  51.604  -3.929  28.592 0.0000000000
133877  51.508  -3.866  27.892 0.0000000000
133878  51.426  -3.838  27.153 0.0000000000
133879  50.078  -4.718  26.586 0.0000000000
133880  50.695  -4.290  26.517 0.0000000000
133881  51.372  -3.862  26.398 0.0000000000
133882  51.353  -3.971  25.762 0.0000000000
133883  51.384  -4.074  25.110 0.0000000000
133884  51.436  -4.209  24.467 0.0000000000
133885  51.484  -4.406  23.873 0.0000000000
133886  50.937  -4.747  23.981 0.0000000000
133887  50.563  -5.313  23.606 0.0000000000
133888  50.301  -5.951  23.357 0.0000000000
133889  49.633  -6.152  24.051 0.0000000000
133890  49.883  -6.347  23.607 0.0000000000
133891  50.163  -6.591  23.231 0.0000000000
133892  50.158  -7.244  23.177 0.0000000000
133893  50.194  -7.931  23.245 0.0000000000
133894  50.285  -8.593  23.433 0.0000000000
133895  47.963  -7.824  25.194 0.0000000000
133896  48.316  -8.019  24.870 0.0000000000
133897  48.740  -8.204  24.527 0.0000000000
133898  48.469  -9.230  25.030 0.0000000000
133899  48.809  -8.838  24.636 0.0000000000
133900  49.096  -8.430  24.264 0.0000000000
133901  49.497  -8.671  24.033 0.0000000000
133902  49.970  -8.923  23.832 0.0000000000
133903  50.446  -9.206  23.725 0.0000000000
133904  50.697  -9.870  24.114 0.0000000000
133905  51.056  -10.355  24.624 0.0000000000
133906  51.390  -10.748  25.290 0.0000000000
133907  50.564  -10.875  25.745 0.0000000000
133908  51.157  -10.966  25.900 0.0000000000
140515  48.206  -3.624  49.036 0.0000000000
140521  50.201  -3.580  48.236 0.0000000000
140588  54.431  -3.888  37.740 0.0000000000
140589  54.518  -3.768  37.206 0.0000000000
140590  54.567  -3.744  36.665 0.0000000000
140591  53.890  -4.192  36.119 0.0000000000
140592  53.199  -4.562  35.538 0.0000000000
140593  52.433  -4.916  34.951 0.0000000000
140594  50.963  -5.410  42.317 0.0000000000
140595  50.990  -5.436  41.687 0.0000000000
140596  51.003  -5.461  41.040 0.0000000000
140597  49.535  -6.133  40.485 0.0000000000
140598  50.311  -5.768  40.470 0.0000000000
140599  51.040  -5.455  40.403 0.0000000000
140600  51.110  -5.477  39.828 0.0000000000
140601  51.185  -5.498  39.246 0.0000000000
140602  51.224  -5.506  38.644 0.0000000000
140603  46.780  -7.632  38.145 0.0000000000
140604  47.464  -7.235  38.114 0.0000000000
140605  48.195  -6.849  38.133 0.0000000000
140606  47.642  -7.184  37.051 0.0000000000
140607  48.271  -6.838  37.570 0.0000000000
140608  48.918  -6.502  38.109 0.0000000000
140609  49.665  -6.195  38.090 0.0000000000
140610  50.455  -5.835  38.129 0.0000000000
140611  51.275  -5.531  38.119 0.0000000000
140612  51.301  -5.535  37.583 0.0000000000
140613  51.329  -5.519  37.086 0.0000000000
140614  51.367  -5.513  36.526 0.0000000000
140615  49.884  -6.176  35.957 0.0000000000
140616  50.655  -5.825  36.013 0.0000000000
140617  51.426  -5.484  35.975 0.0000000000
140618  51.498  -5.432  35.439 0.0000000000
140619  51.594  -5.343  34.925 0.0000000000
140620  51.660  -5.277  34.394 0.0000000000
140621  50.967  -5.601  33.910 0.0000000000
140622  50.290  -5.866  33.389 0.0000000000
140623  49.584  -6.075  32.880 0.0000000000
140624  48.753  -6.532  33.437 0.0000000000
140625  48.829  -6.401  32.908 0.0000000000
140626  48.879  -6.273  32.393 0.0000000000
140627  48.193  -6.451  31.901 0.0000000000
140628  47.509  -6.610  31.434 0.0000000000
140629  46.846  -6.781  30.958 0.0000000000
140630  45.905  -7.887  33.479 0.0000000000
140631  46.036  -7.754  32.966 0.0000000000
140632  46.094  -7.593  32.449 0.0000000000
140633  44.712  -8.031  32.120 0.0000000000
140634  45.424  -7.718  32.006 0.0000000000
140635  46.107  -7.425  31.938 0.0000000000
140636  46.160  -7.284  31.445 0.0000000000
140637  46.194  -7.133  30.939 0.0000000000
140638  46.229  -7.003  30.431 0.0000000000
140639  45.678  -7.304  29.919 0.0000000000
140640  45.223  -7.631  29.453 0.0000000000
152767  53.393  -4.198  33.931 0.0000000000
152848  51.648  -4.570  23.378 0.0000000000
152849  51.844  -4.762  22.874 0.0000000000
152851  51.314  -6.060  22.346 0.0000000000
152852  51.787  -5.647  22.103 0.0000000000
152857  51.519  -8.746  22.744 0.0000000000
152858  51.819  -8.412  22.317 0.0000000000
