#!ascii label  , from subject fsaverage vox2ras=TkReg
787
8  37.092  -13.013  1.811 0.0000000000
315  31.890  -24.485  13.890 0.0000000000
589  34.113  -24.431  5.199 0.0000000000
679  36.080  -16.373  -3.437 0.0000000000
1304  35.635  -14.217  12.187 0.0000000000
1305  34.257  -18.755  7.473 0.0000000000
1306  34.516  -19.480  11.007 0.0000000000
1719  34.310  -19.464  14.731 0.0000000000
2153  38.416  -13.254  5.628 0.0000000000
2400  35.983  -19.068  -0.512 0.0000000000
2401  35.032  -18.890  3.491 0.0000000000
2404  32.445  -24.526  9.336 0.0000000000
2599  36.430  -14.936  -0.751 0.0000000000
3224  34.668  -13.987  13.812 0.0000000000
3225  36.553  -16.799  11.971 0.0000000000
3226  35.967  -16.606  13.671 0.0000000000
5355  35.943  -15.665  4.987 0.0000000000
5356  36.344  -15.784  6.929 0.0000000000
5357  33.546  -21.717  6.131 0.0000000000
5358  34.171  -21.766  4.146 0.0000000000
5359  35.131  -24.386  3.248 0.0000000000
5362  32.952  -22.104  14.372 0.0000000000
5363  32.951  -22.226  12.147 0.0000000000
5364  32.010  -24.559  11.597 0.0000000000
5694  36.396  -21.499  -1.809 0.0000000000
5695  36.580  -20.313  -3.380 0.0000000000
6956  36.767  -14.101  10.607 0.0000000000
6957  36.775  -16.152  8.668 0.0000000000
6958  36.923  -16.569  10.348 0.0000000000
6959  34.355  -19.055  9.278 0.0000000000
6960  33.148  -21.813  8.065 0.0000000000
7851  35.260  -16.455  15.315 0.0000000000
7853  34.096  -19.109  16.606 0.0000000000
7854  32.908  -21.821  16.351 0.0000000000
7857  31.938  -24.396  16.085 0.0000000000
9023  37.903  -13.050  3.781 0.0000000000
9756  36.312  -16.194  0.723 0.0000000000
9757  36.037  -15.879  2.891 0.0000000000
9758  35.667  -18.992  1.564 0.0000000000
9759  35.722  -21.743  0.181 0.0000000000
9760  34.506  -18.672  5.554 0.0000000000
9761  34.930  -21.788  2.200 0.0000000000
9766  34.543  -19.586  12.925 0.0000000000
9767  33.003  -21.953  10.113 0.0000000000
9768  33.169  -24.494  7.227 0.0000000000
9771  35.690  -26.193  5.066 0.0000000000
10162  36.077  -17.826  -2.088 0.0000000000
10163  36.785  -18.871  -4.894 0.0000000000
10279  36.590  -13.962  0.553 0.0000000000
10904  34.391  -13.843  14.622 0.0000000000
10905  35.692  -15.236  13.861 0.0000000000
10906  35.258  -15.161  14.661 0.0000000000
13035  37.732  -14.704  7.254 0.0000000000
13036  37.850  -14.868  8.112 0.0000000000
13037  33.676  -23.175  5.554 0.0000000000
13038  34.049  -23.149  4.567 0.0000000000
13039  34.598  -24.385  4.222 0.0000000000
13040  35.987  -25.312  3.080 0.0000000000
13041  35.375  -25.360  4.080 0.0000000000
13042  32.322  -23.318  14.184 0.0000000000
13043  32.314  -23.399  12.972 0.0000000000
13044  31.912  -24.488  12.771 0.0000000000
13375  37.311  -21.813  -3.002 0.0000000000
15434  36.208  -14.189  11.372 0.0000000000
15435  37.541  -15.235  10.669 0.0000000000
15436  37.126  -15.365  11.485 0.0000000000
15437  35.568  -18.144  11.518 0.0000000000
15438  35.542  -18.075  10.670 0.0000000000
15439  34.435  -19.262  10.166 0.0000000000
15440  33.539  -20.465  8.613 0.0000000000
15441  33.602  -20.570  9.603 0.0000000000
17239  34.100  -18.863  17.526 0.0000000000
17240  33.519  -20.532  16.478 0.0000000000
17241  33.567  -20.288  17.439 0.0000000000
17248  32.509  -22.971  17.235 0.0000000000
21824  38.226  -13.179  4.700 0.0000000000
21825  36.730  -14.428  3.397 0.0000000000
21826  37.033  -14.384  4.416 0.0000000000
21827  35.306  -17.246  4.257 0.0000000000
21828  35.544  -17.373  3.264 0.0000000000
21829  35.387  -18.996  2.494 0.0000000000
21830  35.533  -20.407  0.841 0.0000000000
21831  35.235  -20.415  1.852 0.0000000000
21832  35.322  -17.339  8.166 0.0000000000
21833  35.211  -17.178  7.261 0.0000000000
21834  34.330  -18.697  6.491 0.0000000000
21835  34.919  -23.129  2.676 0.0000000000
21836  34.524  -21.792  3.211 0.0000000000
21837  35.349  -23.097  1.705 0.0000000000
21838  35.823  -23.007  0.655 0.0000000000
21847  34.952  -17.924  15.050 0.0000000000
21848  35.109  -18.111  14.106 0.0000000000
21849  34.438  -19.569  13.822 0.0000000000
21850  32.440  -23.330  10.758 0.0000000000
21851  32.966  -22.110  11.157 0.0000000000
21852  32.550  -23.229  9.732 0.0000000000
21853  32.728  -23.211  8.637 0.0000000000
21854  32.799  -24.523  8.271 0.0000000000
21861  35.090  -26.294  6.012 0.0000000000
22839  36.189  -17.669  0.176 0.0000000000
22840  36.209  -17.070  -0.686 0.0000000000
22841  36.079  -18.443  -1.295 0.0000000000
22842  37.515  -20.545  -4.547 0.0000000000
22843  36.663  -19.588  -4.113 0.0000000000
22844  37.619  -19.819  -5.298 0.0000000000
23111  36.161  -15.697  -2.097 0.0000000000
24236  35.141  -14.123  12.982 0.0000000000
24237  36.677  -15.378  12.333 0.0000000000
24238  36.231  -15.379  13.107 0.0000000000
24239  36.259  -16.716  12.813 0.0000000000
24240  35.478  -18.154  12.363 0.0000000000
28070  38.432  -13.368  6.535 0.0000000000
28071  37.357  -14.395  5.401 0.0000000000
28072  37.569  -14.545  6.325 0.0000000000
28073  36.094  -15.687  5.966 0.0000000000
28074  35.160  -17.127  5.294 0.0000000000
28075  33.753  -20.232  6.788 0.0000000000
28076  33.956  -20.221  5.788 0.0000000000
28077  33.831  -21.709  5.152 0.0000000000
28078  34.471  -23.144  3.647 0.0000000000
28079  35.608  -24.290  2.313 0.0000000000
28081  36.551  -25.157  2.106 0.0000000000
28084  33.631  -20.852  14.528 0.0000000000
28085  33.680  -20.962  13.537 0.0000000000
28086  32.981  -22.223  13.274 0.0000000000
28087  32.363  -23.377  11.852 0.0000000000
28088  32.203  -24.540  10.428 0.0000000000
28680  36.009  -20.361  -1.258 0.0000000000
28681  36.077  -19.748  -2.032 0.0000000000
28682  36.517  -20.891  -2.581 0.0000000000
28683  37.467  -21.200  -3.828 0.0000000000
31593  37.904  -14.994  8.961 0.0000000000
31594  37.785  -15.116  9.844 0.0000000000
31595  36.935  -16.360  9.505 0.0000000000
31596  35.399  -17.519  9.023 0.0000000000
31597  36.739  -16.737  11.138 0.0000000000
31598  35.518  -17.779  9.877 0.0000000000
31599  34.281  -18.866  8.411 0.0000000000
31600  33.603  -20.334  7.679 0.0000000000
31601  33.307  -21.758  7.070 0.0000000000
31602  33.298  -23.177  6.556 0.0000000000
31603  31.708  -25.665  13.772 0.0000000000
31604  31.808  -25.602  12.605 0.0000000000
33927  34.905  -15.067  15.478 0.0000000000
33929  34.996  -16.232  16.177 0.0000000000
33930  34.733  -17.771  15.875 0.0000000000
33932  34.603  -17.600  16.756 0.0000000000
33933  34.202  -19.213  15.704 0.0000000000
33934  33.570  -20.691  15.492 0.0000000000
33935  32.933  -21.949  15.363 0.0000000000
33936  32.355  -23.197  15.237 0.0000000000
33943  32.976  -21.678  17.325 0.0000000000
33944  32.372  -23.121  16.242 0.0000000000
33945  31.890  -24.428  14.996 0.0000000000
33946  31.661  -25.615  14.896 0.0000000000
37313  37.516  -13.069  2.785 0.0000000000
39504  36.526  -14.621  1.289 0.0000000000
39505  36.536  -14.541  2.331 0.0000000000
39506  36.165  -16.116  1.783 0.0000000000
39507  36.084  -17.701  1.084 0.0000000000
39508  35.983  -15.718  3.924 0.0000000000
39509  35.842  -17.549  2.156 0.0000000000
39510  35.871  -19.057  0.522 0.0000000000
39511  35.792  -20.345  -0.164 0.0000000000
39512  36.092  -21.691  -0.869 0.0000000000
39514  36.608  -15.954  7.807 0.0000000000
39515  35.107  -17.156  6.226 0.0000000000
39516  34.770  -18.753  4.510 0.0000000000
39517  34.200  -20.266  4.803 0.0000000000
39518  34.538  -20.241  3.870 0.0000000000
39519  34.867  -20.388  2.822 0.0000000000
39520  35.329  -21.769  1.211 0.0000000000
39532  35.597  -16.570  14.509 0.0000000000
39533  35.299  -18.149  13.225 0.0000000000
39534  34.545  -19.639  11.968 0.0000000000
39535  33.680  -20.951  12.531 0.0000000000
39536  33.681  -20.870  11.567 0.0000000000
39537  33.643  -20.721  10.596 0.0000000000
39538  33.016  -21.914  9.109 0.0000000000
39539  32.988  -23.201  7.537 0.0000000000
39540  33.612  -24.428  6.180 0.0000000000
39541  32.029  -25.697  11.351 0.0000000000
39542  32.348  -25.686  10.223 0.0000000000
39543  32.759  -25.654  9.145 0.0000000000
39546  33.232  -25.635  8.059 0.0000000000
39547  33.716  -25.612  7.002 0.0000000000
39548  34.205  -25.479  6.058 0.0000000000
39549  34.807  -25.442  5.059 0.0000000000
39550  36.273  -26.089  4.093 0.0000000000
40720  36.404  -15.612  -0.087 0.0000000000
40721  36.273  -16.435  -1.415 0.0000000000
40722  36.085  -17.093  -2.763 0.0000000000
40723  36.105  -19.149  -2.782 0.0000000000
40724  36.156  -18.442  -3.563 0.0000000000
40725  36.239  -17.715  -4.203 0.0000000000
40999  36.788  -13.478  1.188 0.0000000000
41624  34.288  -13.764  15.050 0.0000000000
41625  34.836  -14.511  14.650 0.0000000000
41626  34.660  -14.451  15.051 0.0000000000
43755  38.132  -14.260  8.229 0.0000000000
43756  38.082  -14.321  8.684 0.0000000000
43757  33.842  -23.865  5.352 0.0000000000
43758  34.054  -23.796  4.883 0.0000000000
43759  34.333  -24.395  4.725 0.0000000000
43760  34.965  -24.906  4.142 0.0000000000
43761  34.671  -24.934  4.625 0.0000000000
43762  32.080  -23.898  14.041 0.0000000000
43763  32.057  -23.890  13.503 0.0000000000
43764  31.895  -24.477  13.324 0.0000000000
44279  36.102  -16.670  -4.122 0.0000000000
46154  35.922  -14.206  11.779 0.0000000000
46155  36.838  -14.745  11.466 0.0000000000
46156  36.527  -14.780  11.874 0.0000000000
46157  35.042  -18.811  11.268 0.0000000000
46158  34.993  -18.736  10.838 0.0000000000
46159  34.489  -19.366  10.602 0.0000000000
46160  33.994  -19.898  9.910 0.0000000000
46161  34.034  -19.985  10.372 0.0000000000
47960  33.838  -19.582  17.485 0.0000000000
52544  38.348  -13.232  5.158 0.0000000000
52545  37.698  -13.780  4.587 0.0000000000
52546  37.892  -13.759  5.054 0.0000000000
52547  35.141  -18.083  3.870 0.0000000000
52548  35.280  -18.137  3.382 0.0000000000
52549  35.203  -18.958  2.980 0.0000000000
52550  35.319  -19.732  2.137 0.0000000000
52551  35.128  -19.688  2.656 0.0000000000
52552  34.693  -18.025  7.810 0.0000000000
52553  34.710  -17.976  7.350 0.0000000000
52554  34.307  -18.727  6.974 0.0000000000
52555  35.479  -23.721  1.984 0.0000000000
52556  35.139  -23.134  2.188 0.0000000000
52557  35.686  -23.674  1.510 0.0000000000
52567  34.641  -18.701  14.890 0.0000000000
52568  34.727  -18.739  14.457 0.0000000000
52569  34.383  -19.553  14.257 0.0000000000
52570  32.369  -23.912  10.040 0.0000000000
52571  32.488  -23.283  10.252 0.0000000000
52572  32.455  -23.876  9.521 0.0000000000
52573  32.583  -23.888  8.984 0.0000000000
52574  32.627  -24.517  8.816 0.0000000000
53559  36.084  -18.382  -0.157 0.0000000000
53560  36.142  -18.081  -0.560 0.0000000000
53561  36.067  -18.745  -0.879 0.0000000000
53562  38.118  -20.553  -5.063 0.0000000000
53563  37.576  -20.165  -4.947 0.0000000000
53564  38.165  -20.200  -5.454 0.0000000000
53875  36.520  -13.959  -0.214 0.0000000000
53877  36.466  -14.373  -0.829 0.0000000000
53878  36.361  -14.807  -1.496 0.0000000000
53879  36.315  -15.336  -1.405 0.0000000000
55754  34.837  -14.024  13.378 0.0000000000
55755  35.761  -14.773  13.060 0.0000000000
55756  35.459  -14.703  13.454 0.0000000000
55757  36.029  -15.900  13.817 0.0000000000
55758  36.149  -15.950  13.411 0.0000000000
55759  36.111  -16.660  13.236 0.0000000000
55760  35.914  -17.426  12.582 0.0000000000
55761  35.843  -17.397  12.996 0.0000000000
62145  38.180  -14.027  6.408 0.0000000000
62146  38.143  -14.057  6.861 0.0000000000
62147  37.095  -15.238  7.120 0.0000000000
62148  37.020  -15.130  6.681 0.0000000000
62149  36.241  -15.731  6.465 0.0000000000
62150  35.479  -16.386  5.669 0.0000000000
62151  35.613  -16.402  6.147 0.0000000000
62152  33.611  -20.975  6.444 0.0000000000
62153  33.716  -20.915  5.994 0.0000000000
62154  33.678  -21.683  5.663 0.0000000000
62155  34.538  -23.820  3.906 0.0000000000
62156  34.221  -23.130  4.124 0.0000000000
62157  34.762  -23.789  3.434 0.0000000000
62158  34.999  -23.805  2.936 0.0000000000
62159  35.380  -24.346  2.776 0.0000000000
62160  36.060  -24.776  2.194 0.0000000000
62161  35.791  -24.814  2.680 0.0000000000
62162  36.505  -25.672  3.030 0.0000000000
62163  36.787  -25.585  2.556 0.0000000000
62167  33.283  -21.504  14.439 0.0000000000
62168  33.289  -21.601  13.905 0.0000000000
62169  32.969  -22.169  13.844 0.0000000000
62170  32.104  -23.966  12.307 0.0000000000
62171  32.353  -23.387  12.439 0.0000000000
62172  32.146  -23.969  11.715 0.0000000000
62173  32.202  -23.952  11.126 0.0000000000
62174  32.098  -24.550  11.010 0.0000000000
63159  36.131  -20.946  -1.548 0.0000000000
63160  36.223  -20.657  -1.935 0.0000000000
63161  36.445  -21.189  -2.190 0.0000000000
63163  37.365  -21.508  -3.411 0.0000000000
63165  38.055  -21.234  -4.355 0.0000000000
69345  37.655  -14.501  9.889 0.0000000000
69346  37.557  -14.558  10.327 0.0000000000
69347  37.365  -15.913  10.528 0.0000000000
69348  37.451  -15.815  10.119 0.0000000000
69349  36.954  -16.457  9.925 0.0000000000
69350  36.181  -16.924  9.287 0.0000000000
69351  36.187  -17.045  9.710 0.0000000000
69352  36.782  -16.063  12.201 0.0000000000
69353  37.019  -16.082  11.751 0.0000000000
69354  36.647  -16.802  11.550 0.0000000000
69355  34.936  -18.540  10.016 0.0000000000
69356  35.535  -17.932  10.275 0.0000000000
69357  34.894  -18.407  9.581 0.0000000000
69358  34.816  -18.261  9.157 0.0000000000
69359  34.285  -18.939  8.831 0.0000000000
69360  33.880  -19.592  8.080 0.0000000000
69361  33.895  -19.668  8.497 0.0000000000
69362  33.302  -21.147  8.346 0.0000000000
69363  33.351  -21.091  7.824 0.0000000000
69364  33.201  -21.796  7.545 0.0000000000
69365  33.264  -22.485  6.794 0.0000000000
69366  33.130  -22.467  7.270 0.0000000000
74749  34.887  -16.178  16.573 0.0000000000
74750  34.933  -16.992  16.032 0.0000000000
74751  34.863  -16.921  16.451 0.0000000000
74755  34.332  -18.230  17.138 0.0000000000
74756  34.545  -17.496  17.218 0.0000000000
74757  34.369  -18.337  16.678 0.0000000000
74758  34.423  -18.423  16.218 0.0000000000
74759  34.143  -19.171  16.147 0.0000000000
74760  33.905  -19.967  15.594 0.0000000000
74761  33.851  -19.918  16.063 0.0000000000
74762  33.195  -21.214  16.377 0.0000000000
74763  33.212  -21.283  15.910 0.0000000000
74764  32.907  -21.908  15.865 0.0000000000
74765  32.633  -22.575  15.309 0.0000000000
74766  32.605  -22.553  15.819 0.0000000000
74783  33.340  -20.910  17.871 0.0000000000
74784  33.070  -21.611  17.800 0.0000000000
74785  32.192  -23.690  16.685 0.0000000000
74786  32.419  -23.061  16.738 0.0000000000
74787  32.129  -23.763  16.176 0.0000000000
74788  32.108  -23.795  15.661 0.0000000000
74789  31.908  -24.425  15.560 0.0000000000
74790  31.752  -25.048  14.939 0.0000000000
74791  31.758  -25.038  15.476 0.0000000000
88514  37.734  -13.044  3.292 0.0000000000
88515  36.994  -13.803  2.580 0.0000000000
88516  37.127  -13.729  3.140 0.0000000000
88517  36.280  -15.087  3.209 0.0000000000
88518  36.303  -15.226  2.612 0.0000000000
88519  36.075  -16.018  2.313 0.0000000000
88520  36.109  -16.928  1.434 0.0000000000
88521  35.984  -16.811  1.985 0.0000000000
88522  36.622  -14.995  5.244 0.0000000000
88523  36.569  -14.971  4.723 0.0000000000
88524  35.968  -15.693  4.457 0.0000000000
88525  35.602  -18.220  2.399 0.0000000000
88526  35.670  -17.436  2.724 0.0000000000
88527  35.766  -18.279  1.898 0.0000000000
88528  35.893  -18.344  1.338 0.0000000000
88529  35.774  -19.021  1.054 0.0000000000
88530  35.796  -19.702  0.185 0.0000000000
88531  35.701  -19.691  0.706 0.0000000000
88532  35.589  -21.099  0.452 0.0000000000
88533  35.750  -21.064  -0.027 0.0000000000
88534  35.928  -21.721  -0.362 0.0000000000
88535  36.384  -22.239  -1.095 0.0000000000
88536  36.168  -22.312  -0.593 0.0000000000
88537  37.480  -15.602  8.838 0.0000000000
88538  37.377  -15.504  8.408 0.0000000000
88539  36.696  -16.062  8.241 0.0000000000
88540  34.731  -17.898  6.397 0.0000000000
88541  35.167  -17.142  6.770 0.0000000000
88542  34.750  -17.917  5.864 0.0000000000
88543  34.827  -17.954  5.361 0.0000000000
88544  34.617  -18.702  5.033 0.0000000000
88545  34.005  -20.989  4.971 0.0000000000
88546  34.055  -20.254  5.262 0.0000000000
88547  34.145  -21.028  4.473 0.0000000000
88548  34.713  -21.782  2.712 0.0000000000
88549  34.496  -21.039  3.521 0.0000000000
88550  34.663  -21.041  3.024 0.0000000000
88551  34.705  -20.303  3.361 0.0000000000
88552  34.852  -21.085  2.508 0.0000000000
88553  35.025  -21.085  2.006 0.0000000000
88554  35.101  -21.796  1.701 0.0000000000
88582  35.161  -15.750  15.422 0.0000000000
88583  35.366  -15.823  15.001 0.0000000000
88584  35.426  -16.547  14.889 0.0000000000
88585  34.861  -18.856  13.548 0.0000000000
88586  35.215  -18.108  13.708 0.0000000000
88587  34.924  -18.861  13.100 0.0000000000
88588  34.975  -18.896  12.609 0.0000000000
88589  34.555  -19.588  12.460 0.0000000000
88590  33.315  -21.625  12.863 0.0000000000
88591  33.693  -20.979  13.039 0.0000000000
88592  33.300  -21.623  12.351 0.0000000000
88593  32.981  -22.027  10.673 0.0000000000
88594  33.319  -21.503  11.360 0.0000000000
88595  33.312  -21.405  10.897 0.0000000000
88596  33.670  -20.785  11.086 0.0000000000
88597  33.305  -21.344  10.383 0.0000000000
88598  33.285  -21.299  9.880 0.0000000000
88599  33.022  -21.926  9.617 0.0000000000
88600  32.849  -23.919  7.840 0.0000000000
88601  32.849  -23.230  8.056 0.0000000000
88602  33.040  -23.869  7.360 0.0000000000
88603  33.216  -23.838  6.842 0.0000000000
88604  33.371  -24.444  6.711 0.0000000000
88606  31.913  -25.636  11.979 0.0000000000
88611  32.539  -25.693  9.671 0.0000000000
88612  33.004  -26.140  9.107 0.0000000000
88619  33.504  -26.090  8.037 0.0000000000
88620  33.779  -26.057  7.521 0.0000000000
88621  33.480  -25.626  7.531 0.0000000000
88622  34.048  -26.022  7.007 0.0000000000
88623  35.381  -26.243  5.542 0.0000000000
88624  34.618  -25.931  6.028 0.0000000000
88625  34.923  -25.880  5.523 0.0000000000
88626  34.509  -25.461  5.548 0.0000000000
88627  35.215  -25.836  5.038 0.0000000000
88628  35.519  -25.794  4.554 0.0000000000
88629  35.997  -26.128  4.586 0.0000000000
91554  36.375  -15.457  0.978 0.0000000000
91555  36.425  -15.162  0.579 0.0000000000
91556  36.342  -15.944  0.317 0.0000000000
91557  36.134  -17.454  -1.362 0.0000000000
91558  36.237  -16.762  -1.060 0.0000000000
91559  36.156  -17.159  -1.752 0.0000000000
91560  36.150  -16.766  -2.064 0.0000000000
91561  36.072  -17.499  -2.437 0.0000000000
91562  36.289  -20.063  -2.734 0.0000000000
91563  36.114  -19.449  -2.385 0.0000000000
91564  36.301  -19.762  -3.102 0.0000000000
91565  36.721  -19.233  -4.509 0.0000000000
91566  36.342  -19.043  -3.824 0.0000000000
91567  36.422  -18.684  -4.244 0.0000000000
91568  36.208  -18.084  -3.867 0.0000000000
91569  36.454  -18.331  -4.570 0.0000000000
91570  36.529  -17.938  -4.916 0.0000000000
91571  36.863  -18.515  -5.258 0.0000000000
92231  36.512  -14.488  -0.125 0.0000000000
93356  34.492  -13.930  14.243 0.0000000000
93357  35.208  -14.625  13.854 0.0000000000
93358  35.000  -14.576  14.263 0.0000000000
93359  35.450  -15.209  14.257 0.0000000000
93360  35.746  -15.882  14.204 0.0000000000
97191  38.214  -14.124  7.366 0.0000000000
97192  38.128  -14.184  7.798 0.0000000000
97193  37.805  -14.793  7.697 0.0000000000
97194  37.194  -15.322  7.555 0.0000000000
97195  33.570  -22.459  5.825 0.0000000000
97196  33.725  -22.463  5.310 0.0000000000
97197  33.856  -23.144  5.072 0.0000000000
97198  34.278  -23.797  4.392 0.0000000000
97199  34.881  -24.402  3.735 0.0000000000
97200  35.489  -24.864  3.193 0.0000000000
97201  35.248  -24.894  3.637 0.0000000000
97202  35.686  -25.352  3.574 0.0000000000
97203  36.171  -25.708  3.545 0.0000000000
97204  32.612  -22.711  14.288 0.0000000000
97205  32.625  -22.768  13.715 0.0000000000
97206  32.309  -23.353  13.581 0.0000000000
97207  32.072  -23.931  12.890 0.0000000000
97208  31.916  -24.510  12.188 0.0000000000
97800  36.779  -21.987  -2.044 0.0000000000
97801  36.819  -21.701  -2.464 0.0000000000
97802  37.260  -22.133  -2.615 0.0000000000
101510  36.474  -14.146  11.003 0.0000000000
101511  37.272  -14.650  10.691 0.0000000000
101512  37.058  -14.712  11.072 0.0000000000
101513  37.363  -15.326  11.065 0.0000000000
101514  37.266  -15.986  10.959 0.0000000000
101515  36.077  -17.491  11.743 0.0000000000
101516  36.123  -17.482  11.335 0.0000000000
101517  35.543  -18.121  11.093 0.0000000000
101518  34.957  -18.672  10.420 0.0000000000
101519  34.405  -19.133  9.753 0.0000000000
101520  33.898  -19.748  8.963 0.0000000000
101521  33.952  -19.801  9.452 0.0000000000
101522  33.576  -20.506  9.123 0.0000000000
101523  33.296  -21.193  8.836 0.0000000000
104759  34.093  -18.971  17.070 0.0000000000
104760  33.815  -19.836  16.550 0.0000000000
104761  33.822  -19.681  17.032 0.0000000000
104762  33.528  -20.402  16.954 0.0000000000
104763  33.228  -21.080  16.890 0.0000000000
104777  31.991  -24.323  16.625 0.0000000000
104778  31.776  -25.005  16.018 0.0000000000
113012  38.147  -13.097  4.258 0.0000000000
113013  37.319  -13.721  3.633 0.0000000000
113014  37.558  -13.729  4.145 0.0000000000
113015  36.915  -14.389  3.935 0.0000000000
113016  36.375  -15.059  3.704 0.0000000000
113017  35.533  -16.426  4.638 0.0000000000
113018  35.622  -16.489  4.134 0.0000000000
113019  35.400  -17.324  3.768 0.0000000000
113020  35.451  -18.186  2.894 0.0000000000
113021  35.520  -18.988  2.044 0.0000000000
113022  35.580  -19.702  1.197 0.0000000000
113023  35.445  -19.724  1.658 0.0000000000
113024  35.385  -20.419  1.331 0.0000000000
113025  35.399  -21.098  1.010 0.0000000000
113026  36.034  -16.723  8.445 0.0000000000
113027  35.921  -16.623  8.008 0.0000000000
113028  35.249  -17.256  7.723 0.0000000000
113029  34.671  -17.906  6.863 0.0000000000
113030  34.412  -18.687  6.025 0.0000000000
113031  34.461  -22.457  3.414 0.0000000000
113032  34.345  -21.770  3.690 0.0000000000
113033  34.651  -22.475  2.929 0.0000000000
113034  34.869  -22.488  2.434 0.0000000000
113035  35.106  -22.484  1.907 0.0000000000
113036  35.332  -22.474  1.387 0.0000000000
113037  35.603  -23.055  1.186 0.0000000000
113053  35.177  -17.172  15.168 0.0000000000
113054  35.273  -17.280  14.722 0.0000000000
113055  35.019  -18.026  14.569 0.0000000000
113056  34.787  -18.818  13.979 0.0000000000
113057  34.500  -19.621  13.345 0.0000000000
113058  32.659  -22.754  11.447 0.0000000000
113059  32.955  -22.179  11.660 0.0000000000
113060  32.675  -22.717  10.954 0.0000000000
113061  32.691  -22.654  10.440 0.0000000000
113062  32.740  -22.596  9.920 0.0000000000
113063  32.801  -22.560  9.381 0.0000000000
113064  32.621  -23.212  9.201 0.0000000000
113065  32.714  -23.878  8.444 0.0000000000
113066  32.962  -24.514  7.728 0.0000000000
113077  34.780  -26.367  6.486 0.0000000000
114837  36.266  -16.935  0.459 0.0000000000
114838  36.297  -16.651  0.016 0.0000000000
114839  36.219  -17.372  -0.261 0.0000000000
114840  36.139  -17.777  -0.989 0.0000000000
114841  36.059  -18.120  -1.700 0.0000000000
114842  36.965  -20.476  -3.999 0.0000000000
114843  36.626  -19.953  -3.772 0.0000000000
114844  37.056  -20.080  -4.378 0.0000000000
114845  37.104  -19.731  -4.767 0.0000000000
114846  37.161  -19.369  -5.112 0.0000000000
114847  37.243  -18.980  -5.524 0.0000000000
114848  37.685  -19.462  -5.659 0.0000000000
115366  36.229  -15.221  -2.163 0.0000000000
115367  36.105  -16.043  -2.757 0.0000000000
117992  35.367  -14.195  12.587 0.0000000000
117993  36.259  -14.767  12.316 0.0000000000
117994  36.006  -14.787  12.683 0.0000000000
117995  36.505  -15.382  12.743 0.0000000000
117996  36.609  -16.051  12.595 0.0000000000
117997  35.931  -15.293  13.485 0.0000000000
117998  36.425  -15.990  13.048 0.0000000000
117999  36.445  -16.780  12.364 0.0000000000
118000  36.041  -17.486  12.141 0.0000000000
118001  35.528  -18.131  11.943 0.0000000000
118002  35.033  -18.867  11.705 0.0000000000
126938  38.405  -13.343  6.055 0.0000000000
126939  37.996  -13.874  5.484 0.0000000000
126940  38.052  -13.944  5.959 0.0000000000
126941  37.473  -14.465  5.886 0.0000000000
126942  36.765  -15.028  5.751 0.0000000000
126943  37.668  -14.613  6.778 0.0000000000
126944  36.854  -15.084  6.190 0.0000000000
126945  36.036  -15.673  5.469 0.0000000000
126946  35.545  -16.411  5.134 0.0000000000
126947  35.217  -17.193  4.763 0.0000000000
126948  34.981  -18.011  4.382 0.0000000000
126949  33.956  -19.499  7.129 0.0000000000
126950  34.018  -19.501  6.612 0.0000000000
126951  33.837  -20.195  6.301 0.0000000000
126952  33.863  -20.949  5.484 0.0000000000
126953  34.015  -21.727  4.662 0.0000000000
126954  33.902  -22.454  4.810 0.0000000000
126955  34.086  -22.448  4.378 0.0000000000
126956  34.276  -22.465  3.893 0.0000000000
126957  34.673  -23.133  3.150 0.0000000000
126958  35.236  -23.739  2.473 0.0000000000
126959  35.879  -24.236  1.822 0.0000000000
126964  36.254  -25.224  2.607 0.0000000000
126970  34.001  -20.127  14.669 0.0000000000
126971  34.019  -20.253  14.141 0.0000000000
126972  33.645  -20.925  14.029 0.0000000000
126973  33.319  -21.618  13.382 0.0000000000
126974  32.954  -22.242  12.665 0.0000000000
126975  32.654  -22.791  13.186 0.0000000000
126976  32.642  -22.804  12.574 0.0000000000
126977  32.642  -22.798  11.977 0.0000000000
126978  32.390  -23.355  11.271 0.0000000000
126979  32.269  -23.937  10.559 0.0000000000
126980  32.336  -24.532  9.886 0.0000000000
128358  35.955  -19.731  -0.898 0.0000000000
128359  35.979  -19.412  -1.226 0.0000000000
128360  36.073  -20.073  -1.636 0.0000000000
128361  36.261  -20.355  -2.338 0.0000000000
128362  36.587  -20.613  -3.012 0.0000000000
128363  36.865  -21.377  -2.816 0.0000000000
128364  36.932  -21.094  -3.243 0.0000000000
128365  37.008  -20.785  -3.631 0.0000000000
128366  37.508  -20.886  -4.206 0.0000000000
128367  38.067  -20.898  -4.721 0.0000000000
136221  37.966  -14.372  9.069 0.0000000000
136222  37.896  -14.400  9.491 0.0000000000
136223  37.823  -15.050  9.404 0.0000000000
136224  37.456  -15.672  9.264 0.0000000000
136225  37.666  -15.166  10.261 0.0000000000
136226  37.535  -15.776  9.689 0.0000000000
136227  36.862  -16.251  9.097 0.0000000000
136228  36.125  -16.802  8.882 0.0000000000
136229  35.370  -17.408  8.594 0.0000000000
136230  34.753  -18.079  8.273 0.0000000000
136231  36.935  -15.390  11.909 0.0000000000
136232  37.075  -16.039  11.348 0.0000000000
136233  36.824  -16.647  10.748 0.0000000000
136234  36.156  -17.443  10.908 0.0000000000
136235  36.192  -17.304  10.517 0.0000000000
136236  36.240  -17.188  10.139 0.0000000000
136237  35.461  -17.642  9.456 0.0000000000
136238  34.793  -18.162  8.729 0.0000000000
136239  34.270  -18.802  7.948 0.0000000000
136240  33.918  -19.547  7.615 0.0000000000
136241  33.687  -20.292  7.233 0.0000000000
136242  33.515  -21.017  6.900 0.0000000000
136243  33.584  -20.387  8.153 0.0000000000
136244  33.424  -21.034  7.361 0.0000000000
136245  33.393  -21.716  6.624 0.0000000000
136246  33.396  -22.472  6.323 0.0000000000
136247  33.485  -23.175  6.072 0.0000000000
136248  33.645  -23.839  5.855 0.0000000000
136249  31.772  -25.085  13.834 0.0000000000
136250  31.792  -25.056  13.255 0.0000000000
136251  31.748  -25.632  13.205 0.0000000000
142875  34.522  -14.361  15.489 0.0000000000
142877  34.779  -14.976  15.903 0.0000000000
142878  35.045  -15.620  15.860 0.0000000000
142880  34.892  -15.539  16.262 0.0000000000
142881  35.120  -16.315  15.753 0.0000000000
142882  35.042  -17.062  15.614 0.0000000000
142883  34.842  -17.840  15.468 0.0000000000
142884  34.535  -18.636  15.293 0.0000000000
142890  34.769  -16.859  16.865 0.0000000000
142891  34.677  -17.684  16.303 0.0000000000
142892  34.466  -18.529  15.755 0.0000000000
142893  34.259  -19.336  15.225 0.0000000000
142894  33.956  -20.051  15.128 0.0000000000
142895  33.606  -20.785  14.989 0.0000000000
142896  33.272  -21.408  14.936 0.0000000000
142897  33.528  -20.632  15.981 0.0000000000
142898  33.235  -21.356  15.416 0.0000000000
142899  32.956  -22.010  14.866 0.0000000000
142900  32.644  -22.620  14.791 0.0000000000
142901  32.348  -23.238  14.719 0.0000000000
142902  32.096  -23.851  14.582 0.0000000000
142921  33.614  -20.207  17.893 0.0000000000
142922  33.266  -20.971  17.390 0.0000000000
142923  32.935  -21.722  16.853 0.0000000000
142924  32.721  -22.360  17.266 0.0000000000
142925  32.660  -22.425  16.784 0.0000000000
142926  32.629  -22.474  16.304 0.0000000000
142927  32.345  -23.172  15.743 0.0000000000
142928  32.103  -23.819  15.131 0.0000000000
142929  31.901  -24.473  14.457 0.0000000000
142930  31.758  -25.079  14.383 0.0000000000
142931  31.659  -25.668  14.340 0.0000000000
152903  37.299  -13.033  2.306 0.0000000000
152905  38.117  -12.362  3.219 0.0000000000
152906  38.285  -12.376  3.710 0.0000000000
152909  38.487  -12.396  4.178 0.0000000000
152910  38.500  -12.481  4.652 0.0000000000
152911  38.578  -12.574  5.089 0.0000000000
152965  35.299  -13.608  11.528 0.0000000000
152966  35.017  -13.595  11.942 0.0000000000
152975  34.761  -13.528  12.348 0.0000000000
152976  34.547  -13.496  12.761 0.0000000000
152977  34.337  -13.344  13.180 0.0000000000
152978  34.191  -13.310  13.589 0.0000000000
152981  34.059  -13.277  14.021 0.0000000000
152982  34.010  -13.165  14.459 0.0000000000
159468  36.753  -13.777  1.570 0.0000000000
159469  36.908  -13.826  2.083 0.0000000000
159470  36.559  -14.615  1.782 0.0000000000
159471  36.338  -15.407  1.514 0.0000000000
159472  36.655  -14.481  2.871 0.0000000000
159473  36.288  -15.315  2.076 0.0000000000
159474  36.220  -16.209  1.252 0.0000000000
159475  36.184  -16.975  0.962 0.0000000000
159476  36.133  -17.711  0.615 0.0000000000
159477  36.049  -18.420  0.304 0.0000000000
159478  37.242  -14.333  4.916 0.0000000000
159479  36.427  -14.982  4.211 0.0000000000
159480  36.001  -15.789  3.416 0.0000000000
159481  35.697  -16.539  3.592 0.0000000000
159482  35.767  -16.621  3.059 0.0000000000
159483  35.899  -16.713  2.529 0.0000000000
159484  35.968  -17.619  1.630 0.0000000000
159485  36.028  -18.403  0.810 0.0000000000
159486  35.943  -19.099  -0.014 0.0000000000
159487  35.855  -19.717  -0.341 0.0000000000
159488  35.888  -20.336  -0.685 0.0000000000
159489  36.022  -20.966  -1.031 0.0000000000
159490  35.664  -20.379  0.365 0.0000000000
159491  35.868  -21.011  -0.531 0.0000000000
159492  36.254  -21.574  -1.327 0.0000000000
159493  36.580  -22.120  -1.586 0.0000000000
159496  37.875  -14.935  8.526 0.0000000000
159497  37.301  -15.427  7.970 0.0000000000
159498  36.477  -15.861  7.359 0.0000000000
159499  35.865  -16.531  7.572 0.0000000000
159500  35.775  -16.469  7.094 0.0000000000
159501  35.655  -16.446  6.608 0.0000000000
159502  35.151  -17.129  5.779 0.0000000000
159503  34.927  -17.950  4.891 0.0000000000
159504  34.904  -18.802  3.997 0.0000000000
159505  34.108  -19.481  6.121 0.0000000000
159506  34.188  -19.478  5.642 0.0000000000
159507  34.321  -19.479  5.160 0.0000000000
159508  34.306  -21.048  3.998 0.0000000000
159509  34.359  -20.259  4.322 0.0000000000
159510  34.468  -19.471  4.682 0.0000000000
159511  34.624  -19.490  4.216 0.0000000000
159512  34.795  -19.558  3.678 0.0000000000
159513  34.939  -19.653  3.153 0.0000000000
159514  35.056  -20.390  2.342 0.0000000000
159515  35.224  -21.089  1.518 0.0000000000
159516  35.517  -21.762  0.714 0.0000000000
159517  35.534  -22.413  0.918 0.0000000000
159518  35.746  -22.386  0.420 0.0000000000
159519  35.948  -22.356  -0.079 0.0000000000
159550  35.045  -15.140  15.043 0.0000000000
159551  35.540  -15.863  14.617 0.0000000000
159552  35.799  -16.590  14.108 0.0000000000
159553  35.437  -17.316  14.320 0.0000000000
159554  35.546  -17.350  13.888 0.0000000000
159555  35.695  -17.371  13.456 0.0000000000
159556  35.402  -18.170  12.767 0.0000000000
159557  35.018  -18.944  12.162 0.0000000000
159558  34.536  -19.560  11.488 0.0000000000
159559  34.062  -20.308  13.663 0.0000000000
159560  34.093  -20.311  13.200 0.0000000000
159561  34.128  -20.284  12.742 0.0000000000
159562  33.314  -21.561  11.846 0.0000000000
159563  33.702  -20.916  12.049 0.0000000000
159564  34.121  -20.265  12.269 0.0000000000
159565  34.088  -20.263  11.771 0.0000000000
159566  34.064  -20.179  11.298 0.0000000000
159567  34.044  -20.097  10.810 0.0000000000
159568  33.599  -20.641  10.089 0.0000000000
159569  33.273  -21.256  9.337 0.0000000000
159570  33.087  -21.870  8.553 0.0000000000
159571  32.845  -22.558  8.845 0.0000000000
159572  32.935  -22.551  8.286 0.0000000000
159573  33.032  -22.507  7.752 0.0000000000
159574  33.136  -23.168  7.036 0.0000000000
159575  33.431  -23.848  6.341 0.0000000000
159576  33.874  -24.447  5.685 0.0000000000
159577  31.831  -25.072  12.639 0.0000000000
159578  31.887  -25.099  12.055 0.0000000000
159579  31.972  -25.139  11.473 0.0000000000
159581  32.182  -25.696  10.789 0.0000000000
159582  32.086  -25.154  10.890 0.0000000000
159583  32.236  -25.128  10.312 0.0000000000
159584  32.397  -25.124  9.780 0.0000000000
159585  32.573  -25.110  9.230 0.0000000000
159592  33.232  -26.112  8.574 0.0000000000
159593  32.965  -25.637  8.598 0.0000000000
159594  32.756  -25.107  8.682 0.0000000000
159595  32.982  -25.121  8.134 0.0000000000
159596  33.189  -25.099  7.614 0.0000000000
159597  33.376  -25.071  7.120 0.0000000000
159598  34.338  -25.984  6.505 0.0000000000
159599  33.955  -25.531  6.547 0.0000000000
159600  33.622  -25.013  6.621 0.0000000000
159601  33.868  -24.965  6.094 0.0000000000
159602  34.155  -24.997  5.605 0.0000000000
159603  34.437  -24.969  5.109 0.0000000000
159604  35.091  -25.405  4.558 0.0000000000
159605  35.826  -25.757  4.045 0.0000000000
159606  36.646  -26.008  3.588 0.0000000000
163114  36.572  -14.315  0.890 0.0000000000
163115  36.484  -14.812  0.220 0.0000000000
163116  36.450  -15.287  -0.436 0.0000000000
163117  36.305  -16.344  -0.371 0.0000000000
163118  36.360  -16.030  -0.746 0.0000000000
163119  36.363  -15.694  -1.074 0.0000000000
163120  36.228  -16.056  -1.734 0.0000000000
163121  36.113  -16.390  -2.407 0.0000000000
163122  36.073  -16.711  -3.113 0.0000000000
163123  36.038  -19.100  -1.635 0.0000000000
163124  36.037  -18.785  -2.036 0.0000000000
163125  36.042  -18.495  -2.440 0.0000000000
163126  36.330  -19.397  -3.455 0.0000000000
163127  36.133  -18.804  -3.154 0.0000000000
163128  36.061  -18.179  -2.840 0.0000000000
163129  36.081  -17.803  -3.153 0.0000000000
163130  36.092  -17.401  -3.488 0.0000000000
163131  36.123  -17.046  -3.816 0.0000000000
163132  36.267  -17.319  -4.518 0.0000000000
