#!ascii label  , from subject fsaverage vox2ras=TkReg
340
86  35.045  -82.677  0.649 0.0000000000
577  37.205  -76.150  9.204 0.0000000000
2367  35.748  -78.439  4.623 0.0000000000
2369  32.350  -79.954  8.555 0.0000000000
2370  29.512  -82.121  4.236 0.0000000000
5270  38.845  -77.655  5.498 0.0000000000
5271  36.296  -77.022  6.779 0.0000000000
5275  30.920  -84.855  10.590 0.0000000000
5276  32.803  -82.425  10.231 0.0000000000
5277  30.338  -82.705  8.538 0.0000000000
5278  30.640  -80.555  6.307 0.0000000000
5279  28.182  -83.512  6.964 0.0000000000
5280  27.581  -84.906  4.946 0.0000000000
7390  32.296  -84.044  0.313 0.0000000000
9657  35.275  -80.524  2.452 0.0000000000
9660  36.279  -77.677  11.429 0.0000000000
9661  35.046  -82.421  11.831 0.0000000000
9662  34.400  -79.928  10.716 0.0000000000
9663  34.631  -77.667  8.698 0.0000000000
9664  33.415  -78.309  6.328 0.0000000000
9665  32.380  -79.655  3.908 0.0000000000
9666  31.919  -81.970  1.934 0.0000000000
9667  29.515  -84.133  2.388 0.0000000000
12949  38.139  -75.926  8.162 0.0000000000
12950  37.845  -76.492  7.019 0.0000000000
12951  36.731  -76.477  7.903 0.0000000000
12956  30.603  -83.805  9.595 0.0000000000
12957  29.411  -84.094  9.017 0.0000000000
12958  29.129  -83.030  7.841 0.0000000000
12959  28.106  -84.532  8.325 0.0000000000
12960  27.266  -84.944  7.441 0.0000000000
21572  37.285  -77.955  4.998 0.0000000000
21574  37.096  -78.876  4.126 0.0000000000
21575  36.839  -80.011  3.188 0.0000000000
21576  35.524  -79.343  3.556 0.0000000000
21587  34.365  -83.607  11.587 0.0000000000
21588  32.433  -81.199  9.425 0.0000000000
21589  33.576  -81.225  10.420 0.0000000000
21590  33.353  -79.871  9.683 0.0000000000
21591  34.367  -78.613  9.822 0.0000000000
21592  33.534  -78.776  8.590 0.0000000000
21593  33.974  -77.955  7.528 0.0000000000
21594  32.734  -78.979  7.422 0.0000000000
21595  29.886  -81.284  5.281 0.0000000000
21596  31.280  -79.855  5.094 0.0000000000
21597  30.846  -80.763  3.982 0.0000000000
21598  32.025  -80.798  2.900 0.0000000000
21599  30.645  -81.912  3.026 0.0000000000
21600  30.634  -82.916  2.130 0.0000000000
21601  29.412  -83.092  3.311 0.0000000000
27920  37.542  -77.178  6.004 0.0000000000
27921  35.985  -77.627  5.651 0.0000000000
27928  33.092  -83.616  10.875 0.0000000000
27929  31.826  -83.696  10.232 0.0000000000
27930  31.497  -82.547  9.343 0.0000000000
27931  31.278  -81.269  8.511 0.0000000000
27932  31.460  -80.142  7.431 0.0000000000
27933  30.247  -81.612  7.506 0.0000000000
27934  29.399  -82.056  6.553 0.0000000000
27935  28.714  -82.709  5.552 0.0000000000
27936  28.428  -83.469  4.564 0.0000000000
27937  27.684  -84.136  5.994 0.0000000000
32674  33.629  -83.290  0.274 0.0000000000
39206  36.553  -81.173  2.156 0.0000000000
39207  35.054  -81.698  1.462 0.0000000000
39216  36.527  -76.733  10.362 0.0000000000
39220  33.875  -82.434  11.021 0.0000000000
39221  34.662  -81.203  11.351 0.0000000000
39222  35.474  -79.952  11.833 0.0000000000
39223  35.302  -78.648  11.058 0.0000000000
39224  35.373  -77.527  9.998 0.0000000000
39225  35.822  -76.756  8.925 0.0000000000
39226  35.244  -77.131  7.670 0.0000000000
39227  34.812  -77.629  6.543 0.0000000000
39228  34.418  -78.141  5.351 0.0000000000
39229  31.960  -79.250  6.262 0.0000000000
39230  32.802  -78.861  5.050 0.0000000000
39231  34.017  -78.886  4.062 0.0000000000
39232  33.696  -79.938  2.995 0.0000000000
39233  33.490  -81.109  1.958 0.0000000000
39234  33.448  -82.280  1.099 0.0000000000
39235  32.072  -83.040  1.035 0.0000000000
39236  30.774  -84.012  1.251 0.0000000000
39238  28.453  -84.335  3.622 0.0000000000
41296  35.738  -82.433  0.928 0.0000000000
43667  37.830  -75.827  9.304 0.0000000000
43668  38.294  -75.682  8.804 0.0000000000
43669  37.634  -75.947  8.646 0.0000000000
43670  37.443  -76.156  8.019 0.0000000000
43671  36.954  -76.267  8.518 0.0000000000
43676  29.560  -84.602  9.600 0.0000000000
43677  28.918  -84.799  9.304 0.0000000000
43678  28.754  -84.300  8.678 0.0000000000
43679  28.314  -85.017  8.999 0.0000000000
52292  36.530  -78.198  4.804 0.0000000000
52293  37.196  -78.375  4.551 0.0000000000
52294  36.411  -78.612  4.345 0.0000000000
52295  36.320  -79.105  3.859 0.0000000000
52296  35.656  -78.840  4.115 0.0000000000
52308  32.336  -80.545  9.027 0.0000000000
52309  32.898  -80.543  9.575 0.0000000000
52310  32.861  -79.918  9.134 0.0000000000
52311  33.379  -79.289  9.146 0.0000000000
52312  32.947  -79.362  8.576 0.0000000000
52313  33.143  -78.871  8.010 0.0000000000
52314  32.528  -79.427  7.985 0.0000000000
52315  29.670  -81.686  4.740 0.0000000000
52316  30.343  -80.947  4.623 0.0000000000
52317  30.130  -81.435  4.091 0.0000000000
52318  30.686  -81.311  3.485 0.0000000000
52319  30.015  -81.921  3.621 0.0000000000
52320  30.002  -82.477  3.160 0.0000000000
52321  29.430  -82.557  3.766 0.0000000000
61892  37.063  -76.757  6.893 0.0000000000
61893  37.687  -76.844  6.505 0.0000000000
61894  36.903  -77.084  6.364 0.0000000000
61895  36.787  -77.407  5.826 0.0000000000
61896  36.140  -77.340  6.219 0.0000000000
61905  31.563  -84.818  10.861 0.0000000000
61906  32.010  -84.218  10.636 0.0000000000
61907  31.366  -84.283  10.367 0.0000000000
61908  30.455  -83.282  9.036 0.0000000000
61909  31.051  -83.196  9.434 0.0000000000
61910  30.921  -82.620  8.938 0.0000000000
61911  31.361  -81.907  8.885 0.0000000000
61912  30.788  -81.994  8.469 0.0000000000
61913  30.750  -81.411  8.003 0.0000000000
61914  30.229  -82.156  8.047 0.0000000000
61915  28.625  -83.248  7.403 0.0000000000
61916  29.207  -82.543  7.213 0.0000000000
61917  28.782  -82.779  6.753 0.0000000000
61918  29.028  -82.325  6.074 0.0000000000
61919  28.408  -83.061  6.264 0.0000000000
61920  28.192  -83.407  5.752 0.0000000000
61921  27.892  -83.788  6.504 0.0000000000
71776  32.931  -83.610  0.259 0.0000000000
87767  36.075  -80.236  2.821 0.0000000000
87768  36.694  -80.581  2.676 0.0000000000
87769  35.957  -80.835  2.300 0.0000000000
87770  35.828  -81.413  1.768 0.0000000000
87771  35.172  -81.094  1.964 0.0000000000
87794  36.351  -77.171  10.929 0.0000000000
87803  32.922  -83.023  10.542 0.0000000000
87804  33.490  -82.994  10.852 0.0000000000
87805  33.341  -82.412  10.629 0.0000000000
87806  33.992  -80.603  10.572 0.0000000000
87807  34.104  -81.256  10.861 0.0000000000
87808  34.477  -80.617  11.048 0.0000000000
87809  35.046  -80.562  11.577 0.0000000000
87810  34.924  -79.953  11.249 0.0000000000
87811  35.391  -79.315  11.478 0.0000000000
87812  34.829  -79.298  10.919 0.0000000000
87813  34.477  -78.133  9.242 0.0000000000
87814  34.851  -78.034  9.858 0.0000000000
87815  34.964  -77.542  9.327 0.0000000000
87816  35.569  -77.098  9.484 0.0000000000
87817  35.202  -77.168  8.796 0.0000000000
87818  35.520  -76.898  8.264 0.0000000000
87819  34.890  -77.340  8.178 0.0000000000
87820  33.710  -78.143  6.945 0.0000000000
87821  34.365  -77.735  7.038 0.0000000000
87822  34.145  -77.943  6.458 0.0000000000
87823  34.614  -77.880  5.953 0.0000000000
87824  33.873  -78.161  5.821 0.0000000000
87825  31.050  -80.318  6.852 0.0000000000
87826  31.678  -79.668  6.845 0.0000000000
87827  31.276  -79.860  6.275 0.0000000000
87828  31.709  -79.643  4.410 0.0000000000
87829  32.009  -79.318  5.030 0.0000000000
87830  32.530  -79.202  4.475 0.0000000000
87831  33.388  -78.822  4.553 0.0000000000
87832  33.220  -79.204  3.959 0.0000000000
87833  33.875  -79.385  3.542 0.0000000000
87834  33.031  -79.728  3.420 0.0000000000
87835  31.939  -81.382  2.397 0.0000000000
87836  32.702  -80.902  2.323 0.0000000000
87837  32.655  -81.507  1.899 0.0000000000
87838  33.444  -81.687  1.511 0.0000000000
87839  32.598  -82.102  1.521 0.0000000000
87840  32.718  -82.640  1.037 0.0000000000
87841  31.956  -82.514  1.504 0.0000000000
87842  30.053  -83.499  2.249 0.0000000000
87843  30.687  -83.467  1.669 0.0000000000
87844  30.114  -84.033  1.797 0.0000000000
87845  30.207  -84.545  1.378 0.0000000000
87846  29.600  -84.640  1.938 0.0000000000
87847  27.970  -84.201  4.758 0.0000000000
87848  28.414  -83.897  4.091 0.0000000000
87849  28.005  -84.602  4.282 0.0000000000
97037  38.741  -76.002  7.715 0.0000000000
97038  38.648  -76.301  7.177 0.0000000000
97039  37.993  -76.180  7.567 0.0000000000
97040  37.251  -76.430  7.435 0.0000000000
97041  36.501  -76.702  7.334 0.0000000000
97047  30.361  -84.952  10.363 0.0000000000
97048  30.739  -84.322  10.087 0.0000000000
97049  30.131  -84.409  9.820 0.0000000000
97050  30.017  -83.928  9.335 0.0000000000
97051  29.882  -83.404  8.726 0.0000000000
97052  29.765  -82.852  8.171 0.0000000000
97053  29.264  -83.576  8.395 0.0000000000
97054  28.611  -83.772  8.041 0.0000000000
97055  28.079  -84.018  7.639 0.0000000000
97056  27.638  -84.260  7.187 0.0000000000
97057  27.646  -84.754  7.906 0.0000000000
112558  38.010  -77.747  5.220 0.0000000000
112559  38.716  -78.046  5.072 0.0000000000
112560  37.910  -78.170  4.808 0.0000000000
112561  37.859  -78.664  4.378 0.0000000000
112562  37.733  -79.206  3.940 0.0000000000
112563  37.594  -79.795  3.503 0.0000000000
112564  36.976  -79.416  3.684 0.0000000000
112565  36.188  -79.654  3.320 0.0000000000
112566  35.334  -79.938  2.952 0.0000000000
112585  34.713  -83.014  11.669 0.0000000000
112586  32.589  -81.815  9.804 0.0000000000
112587  33.173  -81.795  10.295 0.0000000000
112588  33.019  -81.207  9.929 0.0000000000
112589  33.471  -80.602  10.107 0.0000000000
112590  33.889  -79.901  10.187 0.0000000000
112591  34.336  -79.254  10.323 0.0000000000
112592  33.821  -79.231  9.727 0.0000000000
112593  33.941  -78.706  9.184 0.0000000000
112594  34.106  -78.235  8.638 0.0000000000
112595  34.307  -77.816  8.115 0.0000000000
112596  33.729  -78.335  8.055 0.0000000000
112597  33.382  -78.463  7.463 0.0000000000
112598  33.041  -78.599  6.874 0.0000000000
112599  30.270  -80.891  5.794 0.0000000000
112600  30.935  -80.147  5.719 0.0000000000
112601  30.621  -80.484  5.178 0.0000000000
112602  31.044  -80.246  4.520 0.0000000000
112603  31.576  -80.177  3.908 0.0000000000
112604  32.193  -80.205  3.376 0.0000000000
112605  31.395  -80.732  3.402 0.0000000000
112606  31.290  -81.324  2.952 0.0000000000
112607  31.268  -81.923  2.466 0.0000000000
112608  31.272  -82.459  1.990 0.0000000000
112609  30.634  -82.445  2.574 0.0000000000
112610  30.002  -83.005  2.710 0.0000000000
112611  29.422  -83.617  2.879 0.0000000000
126585  38.983  -77.279  5.973 0.0000000000
126586  38.500  -76.654  6.672 0.0000000000
126587  38.346  -76.994  6.170 0.0000000000
126588  38.173  -77.387  5.682 0.0000000000
126589  37.401  -77.557  5.457 0.0000000000
126590  36.649  -77.786  5.291 0.0000000000
126591  35.851  -78.012  5.131 0.0000000000
126604  33.334  -84.202  11.268 0.0000000000
126605  32.658  -84.203  10.957 0.0000000000
126606  32.458  -83.648  10.538 0.0000000000
126607  32.299  -83.072  10.185 0.0000000000
126608  31.211  -83.743  9.897 0.0000000000
126609  31.644  -83.142  9.802 0.0000000000
126610  32.132  -82.471  9.769 0.0000000000
126611  31.962  -81.832  9.297 0.0000000000
126612  31.840  -81.215  8.935 0.0000000000
126613  31.782  -80.564  8.518 0.0000000000
126614  31.890  -80.003  8.007 0.0000000000
126615  31.304  -80.670  7.994 0.0000000000
126616  30.851  -80.820  7.441 0.0000000000
126617  30.430  -81.034  6.890 0.0000000000
126618  29.683  -82.325  7.663 0.0000000000
126619  29.810  -81.802  7.004 0.0000000000
126620  30.008  -81.337  6.379 0.0000000000
126621  29.623  -81.646  5.908 0.0000000000
126622  29.267  -82.011  5.397 0.0000000000
126623  29.061  -82.406  4.881 0.0000000000
126624  28.941  -82.786  4.393 0.0000000000
126625  28.538  -83.060  5.048 0.0000000000
126626  28.027  -83.791  5.244 0.0000000000
126627  27.578  -84.504  5.433 0.0000000000
126628  27.421  -84.555  6.728 0.0000000000
126629  27.243  -84.912  6.195 0.0000000000
135906  37.431  -76.063  9.893 0.0000000000
139246  34.340  -82.974  0.417 0.0000000000
139248  34.200  -83.542  0.012 0.0000000000
158572  37.443  -80.333  3.076 0.0000000000
158575  36.445  -81.713  1.657 0.0000000000
158576  35.751  -81.947  1.308 0.0000000000
158577  35.025  -82.208  1.043 0.0000000000
158603  37.106  -76.381  10.520 0.0000000000
158604  36.791  -76.391  9.771 0.0000000000
158614  33.743  -83.610  11.221 0.0000000000
158615  34.122  -83.026  11.275 0.0000000000
158616  34.483  -82.436  11.408 0.0000000000
158617  33.721  -81.812  10.742 0.0000000000
158618  34.271  -81.838  11.166 0.0000000000
158619  34.834  -81.828  11.567 0.0000000000
158620  35.217  -81.171  11.855 0.0000000000
158621  35.590  -80.563  12.135 0.0000000000
158623  35.922  -79.342  12.099 0.0000000000
158624  35.857  -78.717  11.710 0.0000000000
158625  35.789  -78.121  11.219 0.0000000000
158626  34.809  -78.621  10.430 0.0000000000
158627  35.293  -78.028  10.504 0.0000000000
158628  35.785  -77.553  10.701 0.0000000000
158629  35.940  -77.106  10.188 0.0000000000
158630  36.163  -76.723  9.624 0.0000000000
158631  36.484  -76.455  9.057 0.0000000000
158632  36.230  -76.592  8.391 0.0000000000
158633  35.956  -76.770  7.773 0.0000000000
158634  35.704  -77.002  7.226 0.0000000000
158635  34.589  -77.541  7.598 0.0000000000
158636  35.009  -77.369  7.119 0.0000000000
158637  35.526  -77.319  6.651 0.0000000000
158638  35.322  -77.617  6.059 0.0000000000
158639  35.152  -77.869  5.490 0.0000000000
158640  35.033  -78.248  4.952 0.0000000000
158641  32.094  -79.532  7.418 0.0000000000
158642  32.347  -79.093  6.837 0.0000000000
158643  32.692  -78.740  6.269 0.0000000000
158644  31.580  -79.525  5.672 0.0000000000
158645  32.333  -79.000  5.599 0.0000000000
158646  33.095  -78.533  5.676 0.0000000000
158647  33.628  -78.456  5.174 0.0000000000
158648  34.212  -78.508  4.728 0.0000000000
158649  34.879  -78.672  4.407 0.0000000000
158650  34.776  -79.096  3.814 0.0000000000
158651  34.598  -79.625  3.216 0.0000000000
158652  34.437  -80.228  2.640 0.0000000000
158653  32.839  -80.329  2.895 0.0000000000
158654  33.566  -80.520  2.439 0.0000000000
158655  34.384  -80.778  2.162 0.0000000000
158656  34.312  -81.366  1.683 0.0000000000
158657  34.246  -81.972  1.243 0.0000000000
158658  34.253  -82.479  0.826 0.0000000000
158659  33.523  -82.789  0.655 0.0000000000
158660  32.847  -83.156  0.597 0.0000000000
158661  32.200  -83.575  0.633 0.0000000000
158662  31.311  -82.972  1.557 0.0000000000
158663  31.407  -83.498  1.123 0.0000000000
158664  31.537  -84.027  0.749 0.0000000000
158665  30.880  -84.510  0.896 0.0000000000
158668  28.871  -83.236  3.906 0.0000000000
158669  28.897  -83.716  3.456 0.0000000000
158670  28.963  -84.241  3.001 0.0000000000
158671  28.056  -85.024  3.828 0.0000000000
158672  28.504  -84.868  3.197 0.0000000000
158673  29.039  -84.750  2.550 0.0000000000
