#!ascii label  , from subject fsaverage vox2ras=TkReg
670
11  46.940  -21.102  -26.588 0.0000000000
624  42.638  -35.814  -19.965 0.0000000000
1394  37.481  -34.921  -23.169 0.0000000000
2453  43.130  -15.372  -24.889 0.0000000000
2454  46.826  -17.571  -30.174 0.0000000000
2481  42.249  -23.762  -20.733 0.0000000000
2506  39.457  -39.182  -21.683 0.0000000000
2507  41.249  -31.823  -20.486 0.0000000000
2508  44.850  -29.043  -20.795 0.0000000000
2534  47.388  -30.362  -22.153 0.0000000000
2535  48.612  -24.318  -26.165 0.0000000000
5620  37.324  -40.499  -21.893 0.0000000000
5621  39.065  -31.408  -22.813 0.0000000000
5622  39.617  -33.725  -22.177 0.0000000000
5623  40.390  -29.692  -21.234 0.0000000000
5624  41.787  -27.916  -20.296 0.0000000000
5625  40.845  -25.665  -20.972 0.0000000000
5689  43.749  -36.453  -19.354 0.0000000000
5691  45.228  -32.822  -20.363 0.0000000000
5692  46.157  -29.577  -21.631 0.0000000000
5693  44.019  -32.178  -20.299 0.0000000000
7116  35.971  -38.068  -22.733 0.0000000000
7160  41.477  -38.697  -19.593 0.0000000000
9915  43.547  -13.362  -27.711 0.0000000000
9916  44.960  -16.125  -27.245 0.0000000000
9917  44.099  -17.507  -24.386 0.0000000000
9918  46.438  -18.681  -27.739 0.0000000000
9998  42.992  -19.155  -22.433 0.0000000000
9999  43.214  -23.034  -21.219 0.0000000000
10073  40.056  -40.722  -20.442 0.0000000000
10074  41.034  -37.176  -20.645 0.0000000000
10075  38.729  -37.298  -22.710 0.0000000000
10076  40.511  -35.607  -21.517 0.0000000000
10077  42.082  -33.880  -20.399 0.0000000000
10078  43.033  -30.040  -20.156 0.0000000000
10079  43.553  -26.584  -20.491 0.0000000000
10080  45.158  -26.639  -21.558 0.0000000000
10159  47.987  -27.288  -24.024 0.0000000000
10160  46.553  -26.465  -23.245 0.0000000000
10161  47.554  -23.536  -25.465 0.0000000000
10241  48.099  -20.833  -28.267 0.0000000000
13301  39.586  -29.428  -22.453 0.0000000000
13302  39.658  -30.631  -22.031 0.0000000000
13303  40.144  -28.511  -21.658 0.0000000000
13304  40.650  -27.552  -20.910 0.0000000000
13305  40.401  -26.379  -21.432 0.0000000000
13369  43.184  -35.937  -19.870 0.0000000000
13370  44.467  -34.572  -19.966 0.0000000000
13371  43.964  -34.146  -20.170 0.0000000000
13372  44.603  -32.750  -20.345 0.0000000000
13373  43.437  -33.911  -20.095 0.0000000000
22225  46.083  -16.194  -30.320 0.0000000000
22226  45.201  -15.353  -28.867 0.0000000000
22227  46.020  -16.660  -28.806 0.0000000000
22228  45.593  -17.314  -27.333 0.0000000000
22229  46.664  -18.190  -28.794 0.0000000000
22428  42.524  -15.984  -24.079 0.0000000000
22429  42.423  -17.867  -22.997 0.0000000000
22430  43.005  -16.971  -23.621 0.0000000000
22431  43.426  -18.153  -23.365 0.0000000000
22432  43.677  -16.538  -24.592 0.0000000000
22616  39.097  -40.818  -21.565 0.0000000000
22617  39.441  -41.627  -20.976 0.0000000000
22618  39.866  -39.882  -21.045 0.0000000000
22619  40.585  -39.059  -20.622 0.0000000000
22620  40.205  -38.375  -21.160 0.0000000000
22621  36.864  -36.530  -23.017 0.0000000000
22622  37.406  -37.817  -22.794 0.0000000000
22623  38.218  -36.054  -23.013 0.0000000000
22624  40.371  -32.847  -21.333 0.0000000000
22625  40.139  -34.814  -22.001 0.0000000000
22626  40.862  -33.986  -21.157 0.0000000000
22627  41.208  -34.752  -20.833 0.0000000000
22628  41.697  -33.079  -20.607 0.0000000000
22629  42.640  -31.871  -20.218 0.0000000000
22630  41.996  -31.242  -20.213 0.0000000000
22631  42.126  -25.755  -20.415 0.0000000000
22632  42.725  -27.113  -20.212 0.0000000000
22633  42.786  -25.181  -20.479 0.0000000000
22634  43.699  -24.472  -21.173 0.0000000000
22635  42.810  -23.322  -20.991 0.0000000000
22827  46.940  -31.969  -21.259 0.0000000000
22829  47.987  -30.982  -22.298 0.0000000000
22831  48.364  -29.310  -23.405 0.0000000000
22832  48.840  -27.996  -24.462 0.0000000000
22833  47.865  -28.829  -23.022 0.0000000000
22834  45.570  -29.090  -21.300 0.0000000000
22835  46.387  -28.042  -22.378 0.0000000000
22836  45.720  -27.394  -21.821 0.0000000000
22837  46.118  -26.203  -22.518 0.0000000000
22838  45.062  -27.412  -21.261 0.0000000000
23037  49.087  -23.181  -27.361 0.0000000000
23038  48.798  -21.663  -28.427 0.0000000000
23039  48.465  -22.704  -27.109 0.0000000000
23040  47.619  -21.823  -26.820 0.0000000000
23041  47.965  -23.821  -25.713 0.0000000000
28547  38.032  -41.364  -21.571 0.0000000000
28548  38.651  -39.796  -21.893 0.0000000000
28549  38.371  -33.164  -23.078 0.0000000000
28550  38.748  -34.290  -22.766 0.0000000000
28551  39.225  -32.601  -22.441 0.0000000000
28552  39.933  -31.847  -21.710 0.0000000000
28553  40.758  -30.807  -20.895 0.0000000000
28554  41.403  -30.257  -20.482 0.0000000000
28555  41.013  -28.793  -20.569 0.0000000000
28556  41.293  -26.717  -20.518 0.0000000000
28557  41.553  -24.556  -20.638 0.0000000000
28674  45.681  -33.431  -20.345 0.0000000000
28675  46.310  -31.767  -21.076 0.0000000000
28676  46.725  -29.926  -21.870 0.0000000000
28677  45.686  -31.202  -20.906 0.0000000000
28678  45.136  -30.928  -20.853 0.0000000000
28679  44.403  -30.675  -20.546 0.0000000000
28801  49.350  -24.826  -26.507 0.0000000000
31964  35.330  -36.821  -23.116 0.0000000000
31965  36.308  -35.302  -23.482 0.0000000000
31968  37.170  -33.642  -23.576 0.0000000000
31969  38.028  -31.987  -23.569 0.0000000000
32065  42.525  -37.418  -19.476 0.0000000000
32066  42.066  -37.181  -19.760 0.0000000000
39983  43.509  -14.333  -26.342 0.0000000000
39984  44.490  -14.232  -29.062 0.0000000000
39985  44.340  -14.716  -27.538 0.0000000000
39986  44.208  -15.842  -25.936 0.0000000000
39987  44.630  -16.458  -26.025 0.0000000000
39988  45.188  -17.379  -26.338 0.0000000000
39989  44.336  -17.965  -24.352 0.0000000000
39990  46.344  -18.959  -27.108 0.0000000000
40226  41.262  -23.230  -21.133 0.0000000000
40227  42.007  -22.245  -21.240 0.0000000000
40229  42.322  -19.934  -21.917 0.0000000000
40230  42.515  -21.415  -21.507 0.0000000000
40231  43.029  -20.597  -22.079 0.0000000000
40232  43.962  -19.830  -22.804 0.0000000000
40233  43.625  -22.662  -21.512 0.0000000000
40456  40.782  -39.743  -19.992 0.0000000000
40457  41.188  -38.278  -20.192 0.0000000000
40458  41.667  -36.606  -20.194 0.0000000000
40459  36.668  -39.262  -22.362 0.0000000000
40460  38.057  -39.130  -22.384 0.0000000000
40461  39.203  -38.124  -22.003 0.0000000000
40462  39.293  -35.417  -22.637 0.0000000000
40463  39.751  -36.462  -22.196 0.0000000000
40464  40.016  -37.565  -21.608 0.0000000000
40465  40.607  -36.613  -20.932 0.0000000000
40466  41.567  -35.577  -20.518 0.0000000000
40467  42.469  -34.592  -20.216 0.0000000000
40468  42.920  -33.159  -20.125 0.0000000000
40469  43.401  -31.449  -20.175 0.0000000000
40470  43.900  -29.655  -20.337 0.0000000000
40471  42.320  -29.242  -20.082 0.0000000000
40472  43.344  -28.231  -20.227 0.0000000000
40473  44.172  -27.681  -20.693 0.0000000000
40474  44.307  -26.413  -20.910 0.0000000000
40475  44.168  -25.205  -21.092 0.0000000000
40476  45.283  -25.601  -21.978 0.0000000000
40712  49.187  -26.413  -25.523 0.0000000000
40713  48.443  -26.065  -25.145 0.0000000000
40714  47.008  -28.436  -22.753 0.0000000000
40715  47.373  -26.735  -23.717 0.0000000000
40716  47.738  -25.311  -24.649 0.0000000000
40717  46.998  -25.155  -24.077 0.0000000000
40718  46.274  -24.867  -23.389 0.0000000000
40719  47.201  -23.209  -25.162 0.0000000000
40959  47.465  -19.198  -29.182 0.0000000000
40960  47.066  -20.049  -27.495 0.0000000000
40961  47.211  -21.033  -27.007 0.0000000000
44021  39.762  -28.413  -22.219 0.0000000000
44022  39.843  -29.037  -22.076 0.0000000000
44023  40.028  -27.877  -21.810 0.0000000000
44024  40.191  -27.590  -21.612 0.0000000000
44025  40.180  -26.904  -21.853 0.0000000000
44089  42.911  -35.677  -19.801 0.0000000000
44090  43.571  -35.105  -20.000 0.0000000000
44091  43.316  -34.768  -19.913 0.0000000000
44092  43.651  -33.904  -20.028 0.0000000000
44093  43.013  -34.905  -20.018 0.0000000000
52945  46.411  -16.918  -30.127 0.0000000000
52946  46.013  -16.408  -29.591 0.0000000000
52947  46.346  -17.143  -29.507 0.0000000000
52948  46.302  -17.263  -28.996 0.0000000000
52949  46.757  -17.898  -29.416 0.0000000000
53148  42.821  -15.516  -24.540 0.0000000000
53149  42.891  -16.610  -23.837 0.0000000000
53150  43.238  -16.340  -24.326 0.0000000000
53151  43.392  -16.733  -24.243 0.0000000000
53152  43.401  -15.910  -24.727 0.0000000000
53336  39.374  -39.839  -21.663 0.0000000000
53337  39.571  -40.135  -21.369 0.0000000000
53338  39.700  -39.329  -21.334 0.0000000000
53339  40.062  -38.983  -21.124 0.0000000000
53340  39.878  -38.694  -21.347 0.0000000000
53341  37.202  -35.675  -23.154 0.0000000000
53342  37.406  -36.339  -23.020 0.0000000000
53343  37.940  -35.344  -23.073 0.0000000000
53344  40.777  -32.549  -21.071 0.0000000000
53345  40.651  -33.312  -21.172 0.0000000000
53346  41.058  -32.874  -20.921 0.0000000000
53347  41.219  -33.424  -20.833 0.0000000000
53348  41.457  -32.430  -20.608 0.0000000000
53349  41.843  -32.052  -20.415 0.0000000000
53350  41.606  -31.630  -20.546 0.0000000000
53351  42.114  -24.845  -20.567 0.0000000000
53352  42.527  -25.369  -20.493 0.0000000000
53353  42.603  -24.380  -20.822 0.0000000000
53354  42.865  -24.246  -20.902 0.0000000000
53355  42.500  -23.554  -20.813 0.0000000000
53547  47.196  -31.426  -21.604 0.0000000000
53548  47.444  -31.633  -21.778 0.0000000000
53549  47.716  -30.765  -22.181 0.0000000000
53550  48.180  -30.158  -22.846 0.0000000000
53551  47.861  -29.747  -22.727 0.0000000000
53552  48.095  -29.130  -23.189 0.0000000000
53553  47.609  -29.651  -22.564 0.0000000000
53554  45.122  -28.893  -21.050 0.0000000000
53555  45.706  -28.394  -21.560 0.0000000000
53556  45.272  -28.184  -21.286 0.0000000000
53557  45.510  -27.258  -21.657 0.0000000000
53558  45.025  -28.060  -20.996 0.0000000000
53757  48.848  -23.690  -26.697 0.0000000000
53758  48.963  -22.950  -27.308 0.0000000000
53759  48.551  -23.551  -26.609 0.0000000000
53760  48.122  -23.190  -26.373 0.0000000000
53761  48.208  -24.046  -25.914 0.0000000000
62938  37.799  -40.831  -21.790 0.0000000000
62939  38.318  -40.664  -21.744 0.0000000000
62940  37.981  -40.093  -21.884 0.0000000000
62941  38.698  -32.393  -22.979 0.0000000000
62942  38.874  -32.825  -22.750 0.0000000000
62943  38.994  -32.046  -22.593 0.0000000000
62944  40.053  -30.113  -21.558 0.0000000000
62945  39.869  -31.120  -21.749 0.0000000000
62946  40.145  -30.700  -21.312 0.0000000000
62947  40.268  -31.457  -21.223 0.0000000000
62948  40.498  -30.241  -21.010 0.0000000000
62949  40.851  -29.932  -20.728 0.0000000000
62950  40.746  -29.074  -20.847 0.0000000000
62951  40.862  -26.450  -20.961 0.0000000000
62952  40.893  -27.244  -20.755 0.0000000000
62953  41.107  -26.075  -20.707 0.0000000000
62954  41.428  -25.623  -20.564 0.0000000000
62955  41.154  -25.181  -20.809 0.0000000000
63146  44.389  -35.770  -19.565 0.0000000000
63147  44.733  -33.766  -20.208 0.0000000000
63148  45.012  -34.172  -19.995 0.0000000000
63149  45.472  -33.143  -20.232 0.0000000000
63150  46.054  -32.558  -20.725 0.0000000000
63151  45.811  -32.174  -20.710 0.0000000000
63152  46.016  -31.285  -21.092 0.0000000000
63153  45.428  -32.271  -20.701 0.0000000000
63154  44.291  -32.350  -20.296 0.0000000000
63155  44.903  -31.651  -20.693 0.0000000000
63156  44.560  -31.374  -20.448 0.0000000000
63157  44.797  -30.581  -20.556 0.0000000000
63158  44.208  -31.436  -20.450 0.0000000000
63360  49.659  -24.269  -27.111 0.0000000000
63361  49.754  -25.150  -26.608 0.0000000000
70139  35.873  -36.055  -23.348 0.0000000000
70149  37.749  -32.777  -23.522 0.0000000000
70354  41.732  -38.800  -19.409 0.0000000000
70355  42.249  -38.098  -19.299 0.0000000000
70356  42.009  -38.008  -19.559 0.0000000000
70357  42.230  -37.275  -19.602 0.0000000000
70358  41.760  -37.929  -19.650 0.0000000000
89712  43.188  -13.303  -27.221 0.0000000000
89713  43.188  -13.795  -26.404 0.0000000000
89714  43.434  -13.733  -27.113 0.0000000000
89717  44.911  -14.377  -29.866 0.0000000000
89718  45.082  -15.788  -27.979 0.0000000000
89719  44.757  -15.146  -28.113 0.0000000000
89720  44.629  -15.309  -27.529 0.0000000000
89721  44.124  -15.004  -26.761 0.0000000000
89722  44.573  -15.736  -26.643 0.0000000000
89723  44.353  -15.820  -26.045 0.0000000000
89724  44.848  -16.488  -26.590 0.0000000000
89725  46.083  -17.656  -27.815 0.0000000000
89726  45.593  -17.581  -26.775 0.0000000000
89727  45.971  -18.031  -27.144 0.0000000000
89728  45.636  -18.114  -26.600 0.0000000000
89729  46.371  -18.820  -27.436 0.0000000000
90320  41.302  -22.045  -21.411 0.0000000000
90321  41.605  -22.689  -21.143 0.0000000000
90322  41.861  -21.473  -21.414 0.0000000000
90326  42.628  -18.405  -22.598 0.0000000000
90327  42.240  -18.764  -22.365 0.0000000000
90328  42.612  -19.516  -22.149 0.0000000000
90329  42.331  -20.621  -21.762 0.0000000000
90330  42.682  -20.287  -21.985 0.0000000000
90331  42.982  -21.079  -21.853 0.0000000000
90332  43.207  -19.801  -22.254 0.0000000000
90333  43.976  -17.967  -23.748 0.0000000000
90334  43.480  -18.858  -23.001 0.0000000000
90335  43.675  -17.893  -23.618 0.0000000000
90336  43.888  -18.791  -23.464 0.0000000000
90337  44.287  -17.857  -24.349 0.0000000000
90889  39.924  -41.054  -20.759 0.0000000000
90890  39.761  -42.010  -20.702 0.0000000000
90891  39.888  -41.449  -20.333 0.0000000000
90893  40.307  -40.885  -20.120 0.0000000000
90894  40.577  -40.405  -19.889 0.0000000000
90895  40.412  -40.039  -20.172 0.0000000000
90896  40.796  -38.090  -20.685 0.0000000000
90897  40.801  -38.662  -20.351 0.0000000000
90898  41.003  -37.925  -20.376 0.0000000000
90899  41.424  -37.459  -20.223 0.0000000000
90900  41.248  -36.884  -20.509 0.0000000000
90903  36.196  -38.767  -22.511 0.0000000000
90904  38.254  -37.357  -22.822 0.0000000000
90905  37.788  -38.279  -22.703 0.0000000000
90906  38.443  -38.171  -22.624 0.0000000000
90907  38.726  -38.606  -22.302 0.0000000000
90908  39.049  -37.839  -22.453 0.0000000000
90909  39.147  -34.143  -22.448 0.0000000000
90910  39.047  -34.840  -22.671 0.0000000000
90911  39.368  -34.556  -22.423 0.0000000000
90912  40.256  -35.397  -21.792 0.0000000000
90913  40.093  -35.443  -22.027 0.0000000000
90914  40.182  -35.971  -21.794 0.0000000000
90915  39.997  -36.859  -21.913 0.0000000000
90916  40.347  -36.508  -21.602 0.0000000000
90917  40.332  -36.998  -21.356 0.0000000000
90918  40.589  -36.242  -21.319 0.0000000000
90919  41.641  -34.218  -20.595 0.0000000000
90920  41.416  -35.152  -20.717 0.0000000000
90921  41.894  -34.560  -20.426 0.0000000000
90922  41.884  -35.181  -20.413 0.0000000000
90923  42.128  -34.510  -20.290 0.0000000000
90924  42.797  -33.818  -20.173 0.0000000000
90925  42.471  -33.531  -20.235 0.0000000000
90926  42.838  -31.159  -20.141 0.0000000000
90927  42.912  -32.079  -20.099 0.0000000000
90928  43.300  -30.593  -20.138 0.0000000000
90929  43.692  -30.147  -20.293 0.0000000000
90930  43.360  -30.066  -20.134 0.0000000000
90931  41.559  -29.172  -20.288 0.0000000000
90932  41.905  -29.578  -20.254 0.0000000000
90933  42.040  -28.709  -20.216 0.0000000000
90934  42.934  -27.040  -20.206 0.0000000000
90935  42.945  -27.830  -20.230 0.0000000000
90936  43.468  -27.144  -20.448 0.0000000000
90937  43.699  -28.023  -20.494 0.0000000000
90938  43.763  -27.477  -20.504 0.0000000000
90939  44.358  -26.561  -21.035 0.0000000000
90940  43.727  -26.597  -20.614 0.0000000000
90941  43.552  -23.737  -21.189 0.0000000000
90942  43.856  -24.714  -21.144 0.0000000000
90943  43.950  -23.479  -21.565 0.0000000000
90944  44.087  -23.734  -21.593 0.0000000000
90945  43.394  -22.870  -21.341 0.0000000000
91534  48.471  -27.613  -24.290 0.0000000000
91535  48.984  -27.183  -25.009 0.0000000000
91536  48.649  -26.687  -24.765 0.0000000000
91537  48.865  -26.107  -25.270 0.0000000000
91538  48.281  -26.521  -24.613 0.0000000000
91539  46.438  -29.656  -21.750 0.0000000000
91540  46.932  -29.355  -22.223 0.0000000000
91541  46.539  -29.048  -22.193 0.0000000000
91542  46.457  -27.185  -22.871 0.0000000000
91543  46.764  -27.502  -23.044 0.0000000000
91544  47.051  -26.508  -23.460 0.0000000000
91545  47.476  -26.020  -24.068 0.0000000000
91546  47.114  -25.753  -23.954 0.0000000000
91547  47.401  -25.215  -24.400 0.0000000000
91548  46.864  -25.793  -23.605 0.0000000000
91549  45.583  -26.098  -22.218 0.0000000000
91550  46.179  -25.752  -22.956 0.0000000000
91551  45.795  -25.242  -22.546 0.0000000000
91552  46.073  -24.893  -22.829 0.0000000000
91553  45.219  -26.044  -21.775 0.0000000000
92150  48.608  -21.378  -28.243 0.0000000000
92152  48.206  -20.487  -28.852 0.0000000000
92153  48.030  -19.582  -29.331 0.0000000000
92154  47.739  -19.992  -28.544 0.0000000000
92155  47.350  -19.524  -28.460 0.0000000000
92156  47.711  -20.470  -28.205 0.0000000000
92157  47.525  -22.656  -26.141 0.0000000000
92158  47.437  -21.514  -26.662 0.0000000000
92159  47.362  -22.260  -25.939 0.0000000000
92160  47.081  -21.745  -26.156 0.0000000000
92161  47.336  -23.396  -25.320 0.0000000000
97669  39.282  -30.358  -22.450 0.0000000000
97670  39.395  -31.073  -22.450 0.0000000000
97671  39.579  -29.892  -22.049 0.0000000000
97672  39.894  -29.530  -21.703 0.0000000000
97673  40.199  -29.082  -21.376 0.0000000000
97674  40.431  -28.796  -21.133 0.0000000000
97675  40.403  -28.003  -21.266 0.0000000000
97676  40.496  -27.074  -21.305 0.0000000000
97677  40.618  -26.024  -21.146 0.0000000000
97791  43.497  -36.039  -19.600 0.0000000000
97792  44.164  -35.413  -19.637 0.0000000000
97793  43.811  -35.307  -19.800 0.0000000000
97794  44.184  -34.479  -19.969 0.0000000000
97795  44.660  -33.484  -20.127 0.0000000000
97796  44.923  -32.727  -20.295 0.0000000000
97797  44.295  -33.448  -20.179 0.0000000000
97798  43.988  -33.163  -20.164 0.0000000000
97799  43.803  -32.905  -20.160 0.0000000000
102119  41.238  -39.504  -19.430 0.0000000000
113733  45.753  -15.492  -30.242 0.0000000000
113734  45.310  -15.148  -29.568 0.0000000000
113735  45.702  -15.847  -29.430 0.0000000000
113736  45.536  -16.034  -28.786 0.0000000000
113737  45.477  -16.225  -28.196 0.0000000000
113738  45.366  -16.655  -27.266 0.0000000000
113739  45.801  -17.034  -28.071 0.0000000000
113740  46.166  -17.709  -28.120 0.0000000000
113741  46.539  -18.467  -28.198 0.0000000000
114100  42.298  -16.692  -23.503 0.0000000000
114101  42.780  -17.477  -23.386 0.0000000000
114102  42.867  -17.940  -23.168 0.0000000000
114103  43.219  -18.779  -22.828 0.0000000000
114104  43.326  -17.625  -23.355 0.0000000000
114105  43.678  -17.226  -23.993 0.0000000000
114106  43.906  -17.077  -24.465 0.0000000000
114436  38.893  -41.528  -21.499 0.0000000000
114437  39.134  -42.015  -21.210 0.0000000000
114438  39.334  -41.150  -21.326 0.0000000000
114439  39.667  -40.751  -21.018 0.0000000000
114440  39.965  -40.292  -20.796 0.0000000000
114441  40.339  -39.972  -20.541 0.0000000000
114442  40.063  -39.583  -20.840 0.0000000000
114443  40.392  -38.624  -20.885 0.0000000000
114444  40.518  -37.920  -20.898 0.0000000000
114445  36.324  -37.327  -22.953 0.0000000000
114446  36.733  -37.912  -22.821 0.0000000000
114447  37.304  -37.003  -22.993 0.0000000000
114448  37.851  -36.851  -22.951 0.0000000000
114449  38.486  -36.624  -22.873 0.0000000000
114450  39.963  -33.212  -21.712 0.0000000000
114451  39.812  -34.253  -22.148 0.0000000000
114452  40.244  -34.100  -21.778 0.0000000000
114453  40.523  -34.177  -21.471 0.0000000000
114454  40.807  -34.533  -21.365 0.0000000000
114455  40.842  -35.340  -21.215 0.0000000000
114456  40.992  -34.581  -21.121 0.0000000000
114457  41.458  -33.853  -20.665 0.0000000000
114458  41.873  -33.384  -20.431 0.0000000000
114459  42.359  -32.732  -20.333 0.0000000000
114460  42.057  -32.646  -20.336 0.0000000000
114461  42.217  -31.874  -20.312 0.0000000000
114462  42.551  -30.562  -20.233 0.0000000000
114463  41.896  -26.972  -20.250 0.0000000000
114464  42.038  -27.959  -20.267 0.0000000000
114465  42.237  -26.590  -20.240 0.0000000000
114466  42.690  -26.219  -20.412 0.0000000000
114467  43.224  -25.910  -20.671 0.0000000000
114468  43.553  -25.601  -20.664 0.0000000000
114469  43.210  -24.927  -20.730 0.0000000000
114470  43.171  -24.084  -20.970 0.0000000000
114471  43.038  -23.162  -21.117 0.0000000000
114815  46.663  -32.898  -20.835 0.0000000000
114822  48.715  -29.589  -23.468 0.0000000000
114823  48.861  -28.777  -24.133 0.0000000000
114824  49.079  -28.166  -24.677 0.0000000000
114825  48.615  -28.509  -23.902 0.0000000000
114826  48.227  -28.307  -23.750 0.0000000000
114827  47.909  -28.166  -23.578 0.0000000000
114828  45.728  -29.468  -21.396 0.0000000000
114829  46.197  -28.851  -21.893 0.0000000000
114830  45.887  -28.743  -21.696 0.0000000000
114831  46.188  -27.936  -22.126 0.0000000000
114832  46.190  -27.127  -22.624 0.0000000000
114833  46.348  -26.532  -22.791 0.0000000000
114834  45.714  -26.899  -22.278 0.0000000000
114835  45.587  -26.740  -21.956 0.0000000000
114836  45.110  -26.991  -21.420 0.0000000000
115195  49.132  -22.350  -27.993 0.0000000000
115196  48.653  -22.028  -27.794 0.0000000000
115197  48.153  -21.778  -27.522 0.0000000000
115198  47.865  -21.387  -27.509 0.0000000000
115199  48.296  -22.498  -27.177 0.0000000000
115200  47.603  -22.830  -26.209 0.0000000000
115201  47.740  -23.663  -25.575 0.0000000000
127789  42.875  -14.884  -25.095 0.0000000000
128049  38.355  -41.971  -21.399 0.0000000000
128050  38.577  -41.074  -21.606 0.0000000000
128051  38.857  -40.203  -21.782 0.0000000000
128052  39.105  -39.447  -21.772 0.0000000000
128053  38.084  -33.868  -23.128 0.0000000000
128054  38.129  -34.612  -22.993 0.0000000000
128055  38.519  -33.745  -22.888 0.0000000000
128056  38.975  -33.465  -22.545 0.0000000000
128057  39.461  -33.054  -22.244 0.0000000000
128058  39.510  -31.501  -22.112 0.0000000000
128059  39.582  -32.142  -22.016 0.0000000000
128060  39.797  -32.690  -21.857 0.0000000000
128061  40.124  -32.372  -21.527 0.0000000000
128062  40.589  -31.835  -21.106 0.0000000000
128063  40.880  -31.483  -20.841 0.0000000000
128064  41.323  -31.083  -20.508 0.0000000000
128065  41.067  -30.398  -20.570 0.0000000000
128066  41.231  -29.562  -20.408 0.0000000000
128067  41.369  -28.435  -20.367 0.0000000000
128068  40.776  -28.202  -20.769 0.0000000000
128069  41.135  -27.903  -20.604 0.0000000000
128070  41.522  -27.341  -20.361 0.0000000000
128071  41.688  -26.132  -20.434 0.0000000000
128072  41.735  -25.250  -20.506 0.0000000000
128073  41.956  -24.073  -20.682 0.0000000000
128342  44.767  -34.851  -19.793 0.0000000000
128343  45.430  -34.276  -20.018 0.0000000000
128344  46.072  -33.475  -20.386 0.0000000000
128345  46.376  -32.731  -20.749 0.0000000000
128346  46.715  -31.820  -21.097 0.0000000000
128347  46.919  -31.003  -21.546 0.0000000000
128348  47.117  -30.373  -21.939 0.0000000000
128349  46.546  -30.815  -21.529 0.0000000000
128350  46.247  -30.519  -21.431 0.0000000000
128351  45.950  -30.413  -21.175 0.0000000000
128352  45.147  -31.917  -20.506 0.0000000000
128353  45.373  -31.040  -20.790 0.0000000000
128354  45.544  -30.347  -21.088 0.0000000000
128355  45.380  -30.180  -21.067 0.0000000000
128356  44.958  -29.876  -20.810 0.0000000000
128357  44.648  -29.873  -20.657 0.0000000000
128639  49.775  -23.524  -27.678 0.0000000000
128640  49.334  -23.942  -26.925 0.0000000000
128641  48.979  -24.565  -26.353 0.0000000000
137226  35.594  -37.498  -22.932 0.0000000000
137227  36.090  -36.704  -23.105 0.0000000000
137228  36.375  -35.911  -23.254 0.0000000000
137229  36.943  -35.190  -23.396 0.0000000000
137237  36.757  -34.328  -23.516 0.0000000000
137238  37.419  -34.141  -23.379 0.0000000000
137239  37.893  -33.420  -23.281 0.0000000000
137240  38.173  -32.573  -23.250 0.0000000000
137241  38.676  -31.628  -23.076 0.0000000000
137244  39.011  -30.700  -22.909 0.0000000000
137245  39.282  -29.847  -22.880 0.0000000000
137501  43.131  -36.859  -19.447 0.0000000000
137502  42.834  -36.727  -19.643 0.0000000000
137503  42.552  -36.476  -19.726 0.0000000000
137504  42.356  -36.533  -19.954 0.0000000000
160906  42.878  -14.100  -25.771 0.0000000000
160907  43.271  -14.879  -25.581 0.0000000000
160909  44.132  -13.530  -29.133 0.0000000000
160910  44.072  -13.837  -28.308 0.0000000000
160911  44.855  -14.560  -29.043 0.0000000000
160912  44.406  -14.454  -28.250 0.0000000000
160913  44.016  -14.249  -27.504 0.0000000000
160914  43.824  -14.408  -26.808 0.0000000000
160915  43.729  -14.761  -26.216 0.0000000000
160916  43.619  -15.394  -25.392 0.0000000000
160917  43.921  -15.937  -25.328 0.0000000000
160918  44.284  -16.615  -25.254 0.0000000000
160919  44.547  -17.290  -25.217 0.0000000000
160920  45.083  -16.900  -26.687 0.0000000000
160921  44.956  -17.274  -25.883 0.0000000000
160922  44.721  -17.304  -25.312 0.0000000000
160923  44.884  -17.386  -25.562 0.0000000000
160924  45.237  -17.707  -26.093 0.0000000000
160925  44.315  -17.993  -24.347 0.0000000000
160926  46.339  -18.984  -27.049 0.0000000000
161630  40.533  -25.310  -21.463 0.0000000000
161631  40.807  -24.828  -21.191 0.0000000000
161633  41.014  -23.656  -21.267 0.0000000000
161634  41.044  -24.489  -21.025 0.0000000000
161635  41.364  -23.982  -20.911 0.0000000000
161636  41.731  -23.434  -20.972 0.0000000000
161637  42.137  -22.969  -21.095 0.0000000000
161642  41.972  -19.296  -22.247 0.0000000000
161643  41.873  -20.342  -21.817 0.0000000000
161644  42.103  -21.077  -21.509 0.0000000000
161645  42.187  -21.858  -21.419 0.0000000000
161646  42.428  -22.602  -21.183 0.0000000000
161647  42.686  -22.372  -21.330 0.0000000000
161648  42.952  -22.005  -21.457 0.0000000000
161649  43.461  -21.591  -21.864 0.0000000000
161650  43.550  -19.540  -22.574 0.0000000000
161651  43.612  -20.351  -22.450 0.0000000000
161652  43.422  -21.249  -22.095 0.0000000000
161653  43.597  -20.724  -22.336 0.0000000000
161654  44.237  -20.039  -22.925 0.0000000000
161655  43.666  -22.625  -21.543 0.0000000000
162316  39.399  -42.538  -20.947 0.0000000000
162323  40.955  -39.671  -19.626 0.0000000000
162324  41.107  -39.007  -19.733 0.0000000000
162325  40.545  -39.507  -20.252 0.0000000000
162326  41.003  -38.998  -20.078 0.0000000000
162327  41.360  -38.301  -19.848 0.0000000000
162328  41.709  -37.543  -19.948 0.0000000000
162329  41.968  -36.736  -19.962 0.0000000000
162330  42.175  -35.991  -20.041 0.0000000000
162333  36.991  -39.985  -22.073 0.0000000000
162334  37.090  -38.537  -22.620 0.0000000000
162335  37.404  -39.177  -22.424 0.0000000000
162336  37.890  -39.650  -22.165 0.0000000000
162337  38.341  -39.467  -22.102 0.0000000000
162338  38.843  -38.999  -21.915 0.0000000000
162339  39.450  -38.619  -21.896 0.0000000000
162340  38.396  -35.207  -22.806 0.0000000000
162341  38.732  -35.698  -22.819 0.0000000000
162342  39.122  -36.158  -22.708 0.0000000000
162343  39.786  -35.250  -22.371 0.0000000000
162344  39.670  -35.894  -22.476 0.0000000000
162345  39.336  -36.982  -22.484 0.0000000000
162346  39.454  -37.477  -22.166 0.0000000000
162347  39.524  -37.932  -21.942 0.0000000000
162348  39.723  -38.208  -21.573 0.0000000000
162349  40.110  -38.033  -21.408 0.0000000000
162350  40.367  -37.450  -21.047 0.0000000000
162351  40.720  -37.261  -20.756 0.0000000000
162352  41.021  -35.542  -21.006 0.0000000000
162353  41.086  -36.282  -20.780 0.0000000000
162354  41.298  -36.313  -20.524 0.0000000000
162355  41.570  -35.925  -20.470 0.0000000000
162356  42.002  -35.644  -20.158 0.0000000000
162357  42.451  -35.184  -20.111 0.0000000000
162358  42.859  -34.329  -20.083 0.0000000000
162359  43.247  -33.475  -20.113 0.0000000000
162360  43.606  -32.510  -20.203 0.0000000000
162361  42.718  -32.707  -20.160 0.0000000000
162362  43.135  -32.373  -20.208 0.0000000000
162363  43.938  -31.517  -20.212 0.0000000000
162364  44.062  -30.748  -20.190 0.0000000000
162365  44.189  -29.820  -20.234 0.0000000000
162366  44.329  -29.052  -20.466 0.0000000000
162367  41.852  -30.346  -20.103 0.0000000000
162368  42.113  -30.431  -20.298 0.0000000000
162369  42.597  -29.772  -20.078 0.0000000000
162370  42.516  -28.091  -20.208 0.0000000000
162371  42.898  -28.623  -20.288 0.0000000000
162372  43.229  -29.280  -20.238 0.0000000000
162373  43.637  -29.014  -20.352 0.0000000000
162374  44.197  -28.515  -20.507 0.0000000000
162375  44.530  -27.923  -20.754 0.0000000000
162376  44.567  -27.394  -20.882 0.0000000000
162377  44.715  -26.825  -21.027 0.0000000000
162378  44.806  -26.118  -21.519 0.0000000000
162379  43.911  -25.760  -20.812 0.0000000000
162380  44.276  -25.593  -21.063 0.0000000000
162381  44.796  -25.353  -21.597 0.0000000000
162382  44.652  -25.091  -21.535 0.0000000000
162383  44.302  -24.837  -21.287 0.0000000000
162384  45.244  -25.589  -21.959 0.0000000000
163090  49.277  -27.424  -25.210 0.0000000000
163091  49.417  -26.684  -25.759 0.0000000000
163092  49.629  -26.010  -26.221 0.0000000000
163093  49.225  -25.600  -26.024 0.0000000000
163094  48.854  -25.290  -25.804 0.0000000000
163095  48.486  -25.005  -25.558 0.0000000000
163096  47.309  -29.356  -22.401 0.0000000000
163097  47.449  -28.724  -22.890 0.0000000000
163098  47.559  -27.823  -23.395 0.0000000000
163099  46.664  -28.262  -22.597 0.0000000000
163100  47.162  -27.650  -23.249 0.0000000000
163101  47.646  -27.246  -23.926 0.0000000000
163102  47.961  -26.524  -24.395 0.0000000000
163103  47.989  -25.632  -24.875 0.0000000000
163104  48.128  -24.718  -25.364 0.0000000000
163105  47.760  -24.515  -25.128 0.0000000000
163106  47.464  -24.539  -24.966 0.0000000000
163107  47.241  -24.123  -24.646 0.0000000000
163108  46.416  -25.522  -23.303 0.0000000000
163109  46.781  -24.787  -23.788 0.0000000000
163110  47.101  -24.345  -24.524 0.0000000000
163111  46.684  -24.487  -24.077 0.0000000000
163112  46.193  -24.466  -23.469 0.0000000000
163113  47.177  -23.175  -25.134 0.0000000000
163832  47.671  -18.784  -30.011 0.0000000000
163833  47.108  -18.498  -29.562 0.0000000000
163834  47.079  -18.826  -28.782 0.0000000000
163835  46.966  -19.096  -28.027 0.0000000000
163836  47.058  -19.310  -27.941 0.0000000000
163837  47.531  -20.942  -27.435 0.0000000000
163838  47.409  -20.335  -27.593 0.0000000000
163839  46.856  -19.735  -27.439 0.0000000000
163840  46.794  -20.257  -26.790 0.0000000000
163841  46.972  -21.095  -26.640 0.0000000000
