#!ascii label  , from subject fsaverage vox2ras=TkReg
625
14  32.645  18.694  47.165 0.0000000000
215  25.935  15.072  42.674 0.0000000000
366  30.542  8.668  50.335 0.0000000000
695  29.794  16.600  44.666 0.0000000000
848  27.058  7.994  46.546 0.0000000000
1811  28.913  12.088  46.214 0.0000000000
1812  32.036  13.986  49.166 0.0000000000
1843  35.207  14.346  51.212 0.0000000000
1844  33.409  9.297  54.220 0.0000000000
2615  31.305  17.608  45.811 0.0000000000
3522  23.801  17.100  42.111 0.0000000000
3980  28.974  8.224  48.327 0.0000000000
3981  28.230  9.905  46.471 0.0000000000
3982  30.119  10.497  48.113 0.0000000000
3983  30.419  12.847  47.689 0.0000000000
3984  31.628  11.287  50.028 0.0000000000
4051  32.921  11.791  52.031 0.0000000000
4052  31.851  8.794  52.395 0.0000000000
4703  36.393  12.153  53.478 0.0000000000
5857  27.990  15.707  43.415 0.0000000000
5858  25.975  17.326  41.802 0.0000000000
5859  27.950  18.139  42.825 0.0000000000
6135  29.148  6.584  49.918 0.0000000000
6175  30.338  6.388  51.845 0.0000000000
7428  23.898  19.255  41.434 0.0000000000
8064  25.630  13.269  43.645 0.0000000000
8065  25.966  9.652  45.383 0.0000000000
8066  27.029  11.567  44.887 0.0000000000
8067  27.687  13.573  44.177 0.0000000000
8068  29.387  14.388  45.490 0.0000000000
8069  31.044  15.463  46.696 0.0000000000
8070  32.588  16.333  47.886 0.0000000000
8155  33.959  16.623  48.950 0.0000000000
8156  33.601  14.370  50.629 0.0000000000
8157  34.563  12.155  53.335 0.0000000000
8158  35.335  9.865  55.222 0.0000000000
8159  31.783  6.366  54.016 0.0000000000
8160  33.671  6.735  55.743 0.0000000000
10295  31.950  18.206  46.533 0.0000000000
10296  31.072  19.024  45.643 0.0000000000
11200  24.831  15.042  42.829 0.0000000000
11201  23.878  16.081  42.731 0.0000000000
11202  24.888  16.071  42.181 0.0000000000
11660  29.754  8.352  49.355 0.0000000000
11661  29.580  9.311  48.287 0.0000000000
11662  30.481  9.614  49.237 0.0000000000
11663  30.889  10.853  49.066 0.0000000000
11664  31.201  9.920  50.220 0.0000000000
11731  31.884  10.044  51.209 0.0000000000
11732  31.248  8.737  51.377 0.0000000000
12383  36.948  11.108  54.316 0.0000000000
13600  28.884  16.075  43.996 0.0000000000
13601  28.009  16.886  43.032 0.0000000000
13602  28.892  17.432  43.749 0.0000000000
16323  25.965  18.434  41.658 0.0000000000
16324  24.893  18.201  41.500 0.0000000000
16325  24.949  19.321  41.336 0.0000000000
17694  25.212  12.336  44.282 0.0000000000
17697  26.581  8.860  45.955 0.0000000000
17698  28.660  10.968  46.401 0.0000000000
17699  27.667  10.719  45.685 0.0000000000
17700  28.077  11.800  45.470 0.0000000000
17701  27.451  12.561  44.575 0.0000000000
17702  28.332  12.838  45.225 0.0000000000
17703  28.560  13.933  44.810 0.0000000000
17704  29.139  13.203  45.934 0.0000000000
17705  31.240  13.420  48.425 0.0000000000
17706  30.683  14.252  47.263 0.0000000000
17707  31.505  14.762  47.921 0.0000000000
17708  31.829  15.866  47.347 0.0000000000
17709  32.323  15.220  48.491 0.0000000000
17911  33.056  15.398  49.221 0.0000000000
17912  32.812  14.263  49.987 0.0000000000
17913  33.241  10.638  53.263 0.0000000000
17914  33.717  12.114  52.809 0.0000000000
17915  34.096  10.899  53.956 0.0000000000
17916  34.957  11.014  54.372 0.0000000000
17917  34.371  9.656  54.873 0.0000000000
17918  30.026  5.249  52.227 0.0000000000
17919  30.993  6.397  52.939 0.0000000000
17920  30.613  5.157  53.340 0.0000000000
17922  32.562  5.223  55.248 0.0000000000
17923  33.962  5.569  55.519 0.0000000000
17924  35.009  7.074  56.053 0.0000000000
19868  34.480  15.491  50.009 0.0000000000
19869  34.672  16.894  49.056 0.0000000000
19870  35.317  15.724  49.939 0.0000000000
23137  30.587  17.090  45.214 0.0000000000
23138  29.667  17.940  44.378 0.0000000000
23139  30.348  18.489  44.944 0.0000000000
24770  22.826  18.205  42.233 0.0000000000
25594  28.008  8.076  47.421 0.0000000000
25595  27.664  8.890  46.517 0.0000000000
25596  28.656  9.066  47.409 0.0000000000
25597  29.238  10.197  47.303 0.0000000000
25598  29.511  11.296  47.186 0.0000000000
25599  29.699  12.479  46.941 0.0000000000
25600  30.287  11.655  47.997 0.0000000000
25601  31.086  12.059  48.815 0.0000000000
25602  31.861  12.610  49.707 0.0000000000
25723  32.564  12.956  50.612 0.0000000000
25724  32.295  11.515  51.002 0.0000000000
25725  32.507  10.267  52.269 0.0000000000
25726  32.552  8.904  53.415 0.0000000000
26897  35.760  13.241  52.374 0.0000000000
26898  36.102  14.612  51.108 0.0000000000
29023  27.007  15.337  42.947 0.0000000000
29024  25.955  16.198  42.149 0.0000000000
29025  27.016  16.474  42.452 0.0000000000
29026  27.004  17.628  42.214 0.0000000000
29027  26.945  18.802  42.092 0.0000000000
29028  28.716  18.691  43.623 0.0000000000
29671  28.283  7.267  48.185 0.0000000000
29672  29.054  7.396  49.256 0.0000000000
29673  29.828  7.591  50.269 0.0000000000
29767  30.420  7.549  51.275 0.0000000000
29768  29.776  6.505  50.829 0.0000000000
32772  24.893  17.096  41.742 0.0000000000
32773  23.856  18.158  41.751 0.0000000000
32774  22.910  19.374  41.777 0.0000000000
34505  24.757  14.104  43.406 0.0000000000
34506  25.832  14.104  43.160 0.0000000000
34509  25.349  10.566  45.017 0.0000000000
34510  27.138  9.738  45.804 0.0000000000
34511  26.467  10.566  45.166 0.0000000000
34512  25.905  11.486  44.647 0.0000000000
34513  26.439  12.389  44.194 0.0000000000
34514  26.715  13.313  43.748 0.0000000000
34515  26.912  14.315  43.369 0.0000000000
34516  27.891  14.698  43.766 0.0000000000
34517  28.792  15.095  44.419 0.0000000000
34518  29.627  15.468  45.086 0.0000000000
34519  29.920  13.663  46.576 0.0000000000
34520  30.170  14.839  46.121 0.0000000000
34521  30.460  15.996  45.650 0.0000000000
34522  31.266  16.513  46.183 0.0000000000
34523  31.981  16.946  46.847 0.0000000000
34524  32.718  17.476  47.443 0.0000000000
34771  33.353  17.707  47.991 0.0000000000
34772  33.295  16.560  48.496 0.0000000000
34773  33.740  15.533  49.814 0.0000000000
34774  34.417  14.427  51.010 0.0000000000
34775  33.366  13.193  51.408 0.0000000000
34776  34.155  13.408  52.019 0.0000000000
34777  34.966  13.196  52.322 0.0000000000
34778  35.395  12.175  53.524 0.0000000000
34779  35.901  11.077  54.433 0.0000000000
34780  36.493  9.996  55.215 0.0000000000
34781  31.113  7.538  52.310 0.0000000000
34782  31.773  7.614  53.357 0.0000000000
34783  32.645  7.775  54.326 0.0000000000
34784  31.448  5.149  54.441 0.0000000000
34785  32.585  6.494  54.977 0.0000000000
34786  33.553  8.062  55.171 0.0000000000
34787  34.666  8.361  55.716 0.0000000000
34788  35.869  8.600  55.921 0.0000000000
37150  34.070  18.069  48.335 0.0000000000
41015  32.315  18.481  46.844 0.0000000000
41016  31.861  18.935  46.453 0.0000000000
41017  32.200  19.235  46.749 0.0000000000
41042  32.986  18.949  47.401 0.0000000000
41920  25.384  15.036  42.695 0.0000000000
41921  24.881  15.572  42.484 0.0000000000
41922  25.412  15.572  42.370 0.0000000000
42380  30.172  8.531  49.806 0.0000000000
42381  30.158  8.990  49.302 0.0000000000
42382  30.509  9.123  49.793 0.0000000000
42383  30.816  9.731  49.693 0.0000000000
42384  30.887  9.271  50.288 0.0000000000
42451  31.281  9.355  50.806 0.0000000000
42452  30.953  8.727  50.856 0.0000000000
44320  29.341  16.311  44.415 0.0000000000
44321  28.925  16.739  43.833 0.0000000000
44322  29.358  16.980  44.247 0.0000000000
47043  25.994  19.010  41.609 0.0000000000
47044  25.457  18.838  41.498 0.0000000000
48415  26.525  7.983  46.299 0.0000000000
48416  26.265  8.424  46.025 0.0000000000
48417  26.824  8.378  46.243 0.0000000000
48418  28.803  11.535  46.305 0.0000000000
48419  28.353  11.388  45.916 0.0000000000
48420  28.504  11.910  45.852 0.0000000000
48421  28.217  12.330  45.347 0.0000000000
48422  28.622  12.443  45.718 0.0000000000
48423  28.731  13.031  45.523 0.0000000000
48424  29.007  12.651  46.099 0.0000000000
48425  31.616  13.702  48.821 0.0000000000
48426  31.363  14.102  48.172 0.0000000000
48427  31.746  14.370  48.528 0.0000000000
48428  31.917  14.976  48.224 0.0000000000
48429  32.176  14.635  48.851 0.0000000000
48631  32.546  14.778  49.249 0.0000000000
48632  32.418  14.180  49.547 0.0000000000
48633  33.280  9.890  53.788 0.0000000000
48634  33.627  10.645  53.636 0.0000000000
48635  33.740  10.099  54.099 0.0000000000
48636  34.203  10.227  54.467 0.0000000000
48637  33.820  9.483  54.647 0.0000000000
48639  30.330  5.166  52.739 0.0000000000
50588  34.822  14.926  50.622 0.0000000000
50589  34.865  15.550  49.994 0.0000000000
50590  35.253  15.066  50.564 0.0000000000
53920  30.957  17.331  45.514 0.0000000000
53921  30.496  17.774  45.053 0.0000000000
53922  30.889  17.985  45.377 0.0000000000
56638  23.816  16.607  42.397 0.0000000000
56639  23.395  16.618  42.721 0.0000000000
56640  23.328  17.144  42.448 0.0000000000
56642  23.313  17.656  42.177 0.0000000000
58015  28.494  8.090  47.854 0.0000000000
58016  28.321  8.623  47.442 0.0000000000
58017  28.777  8.635  47.882 0.0000000000
58018  29.855  9.878  48.209 0.0000000000
58019  29.425  9.733  47.794 0.0000000000
58020  29.674  10.291  47.723 0.0000000000
58021  29.420  10.784  47.260 0.0000000000
58022  29.839  10.873  47.653 0.0000000000
58023  29.935  11.471  47.585 0.0000000000
58024  30.228  11.076  48.080 0.0000000000
58025  31.299  11.088  49.485 0.0000000000
58026  30.999  11.441  48.948 0.0000000000
58027  31.411  11.728  49.410 0.0000000000
58028  31.464  12.389  49.260 0.0000000000
58029  31.761  11.960  49.883 0.0000000000
58231  32.114  12.118  50.258 0.0000000000
58232  31.992  11.426  50.443 0.0000000000
58233  31.927  9.472  51.866 0.0000000000
58234  32.194  10.181  51.809 0.0000000000
58235  32.217  9.493  52.342 0.0000000000
58236  32.521  9.672  52.890 0.0000000000
58237  32.180  8.856  52.928 0.0000000000
60188  36.071  12.659  52.979 0.0000000000
60189  36.306  13.318  52.259 0.0000000000
60190  36.663  12.791  52.851 0.0000000000
63835  27.515  15.502  43.147 0.0000000000
63836  27.034  15.918  42.692 0.0000000000
63837  27.525  16.063  42.917 0.0000000000
63838  27.989  17.504  42.909 0.0000000000
63839  27.502  17.292  42.603 0.0000000000
63840  27.479  17.860  42.493 0.0000000000
63841  26.991  18.222  42.134 0.0000000000
63842  27.443  18.442  42.432 0.0000000000
63843  29.542  18.544  44.280 0.0000000000
63844  29.211  18.306  44.044 0.0000000000
63845  29.052  18.941  43.982 0.0000000000
65223  27.833  7.183  47.700 0.0000000000
65226  28.716  6.929  49.107 0.0000000000
65227  29.049  6.957  49.583 0.0000000000
65228  29.433  7.458  49.754 0.0000000000
65229  29.486  7.069  50.123 0.0000000000
65431  29.834  7.001  50.619 0.0000000000
65432  29.449  6.497  50.353 0.0000000000
72003  25.964  16.738  41.974 0.0000000000
72004  25.449  16.643  41.953 0.0000000000
72005  25.435  17.199  41.761 0.0000000000
72006  24.387  18.698  41.478 0.0000000000
72007  24.371  18.088  41.572 0.0000000000
72008  23.879  18.698  41.598 0.0000000000
72009  23.365  18.782  41.764 0.0000000000
72010  23.436  19.311  41.559 0.0000000000
76115  25.067  13.245  43.812 0.0000000000
76116  24.656  13.664  43.745 0.0000000000
76117  25.181  13.693  43.512 0.0000000000
76118  25.238  14.189  43.234 0.0000000000
76119  25.751  13.660  43.401 0.0000000000
76123  25.735  9.273  45.492 0.0000000000
76127  25.633  10.068  45.244 0.0000000000
76128  27.964  9.428  46.513 0.0000000000
76129  27.419  9.298  46.114 0.0000000000
76130  27.719  9.779  46.053 0.0000000000
76131  27.337  11.139  45.237 0.0000000000
76132  27.065  10.627  45.368 0.0000000000
76133  26.750  11.049  45.058 0.0000000000
76134  26.187  10.970  44.880 0.0000000000
76135  26.464  11.482  44.745 0.0000000000
76136  26.186  11.924  44.405 0.0000000000
76137  26.716  11.974  44.562 0.0000000000
76138  27.590  13.070  44.397 0.0000000000
76139  27.102  12.992  44.172 0.0000000000
76140  27.213  13.444  43.977 0.0000000000
76141  26.809  13.821  43.548 0.0000000000
76142  27.316  13.950  43.755 0.0000000000
76143  27.396  14.485  43.543 0.0000000000
76144  27.791  14.146  43.981 0.0000000000
76145  28.986  14.159  45.144 0.0000000000
76146  28.673  14.511  44.610 0.0000000000
76147  29.088  14.726  44.946 0.0000000000
76148  29.177  15.263  44.753 0.0000000000
76149  29.512  14.970  45.285 0.0000000000
76150  30.068  12.676  47.323 0.0000000000
76151  29.790  13.085  46.785 0.0000000000
76152  30.164  13.274  47.119 0.0000000000
76153  30.858  14.889  46.986 0.0000000000
76154  30.455  14.590  46.693 0.0000000000
76155  30.626  15.227  46.441 0.0000000000
76156  30.332  15.427  45.884 0.0000000000
76157  30.786  15.760  46.156 0.0000000000
76158  30.895  16.283  45.901 0.0000000000
76159  31.181  16.012  46.432 0.0000000000
76160  32.189  15.996  47.617 0.0000000000
76161  31.951  16.403  47.080 0.0000000000
76162  32.284  16.600  47.397 0.0000000000
76163  32.350  17.218  47.195 0.0000000000
76164  32.682  16.878  47.675 0.0000000000
76771  33.026  17.035  48.026 0.0000000000
76772  32.962  16.471  48.281 0.0000000000
76773  33.294  14.913  49.879 0.0000000000
76774  33.402  15.458  49.474 0.0000000000
76775  33.673  14.956  50.226 0.0000000000
76776  34.048  14.998  50.384 0.0000000000
76777  34.019  14.435  50.829 0.0000000000
76778  32.808  12.444  51.263 0.0000000000
76779  32.958  13.174  51.005 0.0000000000
76780  33.157  12.516  51.754 0.0000000000
76781  34.175  12.109  53.133 0.0000000000
76782  33.946  12.832  52.447 0.0000000000
76783  34.360  12.735  52.705 0.0000000000
76784  34.520  13.290  52.228 0.0000000000
76785  34.782  12.709  52.883 0.0000000000
76786  35.155  12.721  52.962 0.0000000000
76787  34.967  12.161  53.480 0.0000000000
76788  35.142  10.471  54.806 0.0000000000
76789  35.446  11.120  54.431 0.0000000000
76790  35.615  10.492  54.854 0.0000000000
76791  36.166  10.493  54.895 0.0000000000
76792  35.894  9.906  55.295 0.0000000000
76793  30.417  7.022  51.598 0.0000000000
76794  30.787  7.587  51.813 0.0000000000
76795  30.712  6.948  52.125 0.0000000000
76796  31.388  6.361  53.494 0.0000000000
76797  31.365  6.975  53.172 0.0000000000
76798  31.819  6.998  53.757 0.0000000000
76799  32.208  7.665  53.872 0.0000000000
76800  32.249  7.060  54.227 0.0000000000
76802  30.753  4.463  53.949 0.0000000000
76803  31.301  4.465  54.381 0.0000000000
76804  33.128  5.951  55.552 0.0000000000
76805  32.502  5.883  55.261 0.0000000000
76806  33.077  6.611  55.411 0.0000000000
76807  33.109  7.258  55.142 0.0000000000
76808  33.632  7.401  55.488 0.0000000000
76809  34.149  8.204  55.498 0.0000000000
76810  34.175  7.517  55.791 0.0000000000
76811  35.564  7.211  56.066 0.0000000000
76812  35.440  7.813  56.061 0.0000000000
76813  36.013  7.963  56.064 0.0000000000
76814  36.453  8.728  55.907 0.0000000000
82643  33.663  17.180  48.462 0.0000000000
82644  33.723  17.891  48.185 0.0000000000
82645  34.031  17.290  48.598 0.0000000000
92257  31.623  17.899  46.160 0.0000000000
92258  31.207  18.317  45.702 0.0000000000
92259  31.550  18.653  46.058 0.0000000000
92260  31.402  19.377  46.004 0.0000000000
93886  24.364  15.032  43.127 0.0000000000
93887  23.914  15.602  43.059 0.0000000000
93888  24.370  15.577  42.797 0.0000000000
93889  24.319  16.093  42.435 0.0000000000
93890  24.339  16.536  42.157 0.0000000000
94714  29.328  8.284  48.858 0.0000000000
94715  29.293  8.766  48.317 0.0000000000
94716  29.679  8.847  48.850 0.0000000000
94717  30.028  9.444  48.762 0.0000000000
94718  30.285  10.073  48.690 0.0000000000
94719  30.468  10.688  48.614 0.0000000000
94720  30.726  10.228  49.156 0.0000000000
94721  31.086  10.406  49.581 0.0000000000
94722  31.455  10.589  50.140 0.0000000000
94843  31.784  10.716  50.596 0.0000000000
94844  31.550  10.022  50.714 0.0000000000
94845  31.599  9.354  51.304 0.0000000000
94846  31.600  8.795  51.905 0.0000000000
96017  36.632  11.647  53.946 0.0000000000
96018  36.954  12.317  53.362 0.0000000000
98206  28.444  15.867  43.699 0.0000000000
98207  28.003  16.299  43.213 0.0000000000
98208  28.479  16.457  43.474 0.0000000000
98209  28.450  17.135  43.390 0.0000000000
98210  28.392  17.792  43.287 0.0000000000
103107  25.955  17.842  41.700 0.0000000000
103108  25.427  17.733  41.615 0.0000000000
103109  25.452  18.256  41.558 0.0000000000
103110  24.916  18.738  41.445 0.0000000000
103111  24.424  19.226  41.354 0.0000000000
105575  24.922  12.790  44.186 0.0000000000
105576  25.413  12.796  43.971 0.0000000000
105580  26.012  8.842  45.754 0.0000000000
105581  26.306  9.212  45.614 0.0000000000
105582  28.472  10.410  46.436 0.0000000000
105583  27.982  10.297  46.018 0.0000000000
105584  28.176  10.845  45.973 0.0000000000
105585  27.891  11.236  45.614 0.0000000000
105586  27.561  11.633  45.120 0.0000000000
105587  27.276  12.068  44.722 0.0000000000
105588  27.752  12.155  44.988 0.0000000000
105589  27.911  12.682  44.844 0.0000000000
105590  28.007  13.208  44.667 0.0000000000
105591  28.101  13.748  44.494 0.0000000000
105592  28.451  13.397  45.025 0.0000000000
105593  28.843  13.626  45.339 0.0000000000
105594  29.271  13.795  45.707 0.0000000000
105595  30.830  13.172  48.082 0.0000000000
105596  30.534  13.549  47.485 0.0000000000
105597  30.984  13.870  47.830 0.0000000000
105598  31.134  14.504  47.575 0.0000000000
105599  31.292  15.097  47.304 0.0000000000
105600  31.443  15.643  47.023 0.0000000000
105601  31.672  15.321  47.624 0.0000000000
105602  32.081  15.518  47.917 0.0000000000
105603  32.463  15.778  48.160 0.0000000000
105967  32.867  15.899  48.542 0.0000000000
105968  32.707  15.329  48.936 0.0000000000
105969  32.936  14.839  49.604 0.0000000000
105970  33.204  14.296  50.291 0.0000000000
105971  33.126  11.232  52.624 0.0000000000
105972  33.365  12.064  52.423 0.0000000000
105973  33.472  11.310  53.106 0.0000000000
105974  33.938  11.401  53.422 0.0000000000
105975  34.349  11.547  53.685 0.0000000000
105976  34.745  11.600  53.924 0.0000000000
105977  34.530  10.947  54.218 0.0000000000
105978  34.652  10.340  54.682 0.0000000000
105979  34.819  9.762  55.118 0.0000000000
105980  30.229  5.833  52.085 0.0000000000
105981  30.661  6.382  52.387 0.0000000000
105982  30.537  5.788  52.625 0.0000000000
105983  30.919  5.744  53.133 0.0000000000
105984  31.220  5.733  53.732 0.0000000000
105986  31.981  4.483  54.632 0.0000000000
105988  33.297  5.371  55.422 0.0000000000
105989  33.830  6.061  55.797 0.0000000000
105990  34.355  6.866  55.952 0.0000000000
105991  34.484  6.300  55.876 0.0000000000
109490  34.176  16.070  49.531 0.0000000000
109491  34.295  16.759  49.067 0.0000000000
109492  34.553  16.169  49.517 0.0000000000
109493  34.950  16.227  49.453 0.0000000000
115423  30.172  16.890  44.927 0.0000000000
115424  29.784  17.295  44.495 0.0000000000
115425  30.112  17.515  44.751 0.0000000000
115426  30.003  18.207  44.639 0.0000000000
115427  29.854  18.840  44.564 0.0000000000
115428  30.745  18.719  45.301 0.0000000000
115429  30.216  19.136  44.876 0.0000000000
121156  27.544  7.983  46.888 0.0000000000
121157  27.363  8.415  46.530 0.0000000000
121158  27.865  8.454  46.912 0.0000000000
121159  28.166  8.941  46.911 0.0000000000
121160  28.489  9.473  46.883 0.0000000000
121161  29.076  9.184  47.866 0.0000000000
121162  28.968  9.622  47.352 0.0000000000
121163  28.797  9.986  46.872 0.0000000000
121164  29.014  10.576  46.802 0.0000000000
121165  29.165  11.151  46.739 0.0000000000
121166  29.255  11.709  46.690 0.0000000000
121167  29.299  12.253  46.575 0.0000000000
121168  29.609  11.869  47.075 0.0000000000
121169  29.992  12.080  47.484 0.0000000000
121170  30.334  12.246  47.876 0.0000000000
121171  30.604  11.269  48.534 0.0000000000
121172  30.701  11.821  48.431 0.0000000000
121173  30.748  12.471  48.279 0.0000000000
121174  31.151  12.728  48.673 0.0000000000
121175  31.530  13.046  49.066 0.0000000000
121176  31.926  13.309  49.451 0.0000000000
121459  32.351  13.513  49.836 0.0000000000
121460  32.231  12.813  50.056 0.0000000000
121461  32.441  12.243  50.835 0.0000000000
121462  32.626  11.717  51.485 0.0000000000
121463  32.110  10.770  51.119 0.0000000000
121464  32.429  10.981  51.672 0.0000000000
121465  32.742  11.055  52.179 0.0000000000
121466  32.851  10.413  52.769 0.0000000000
121467  32.906  9.716  53.358 0.0000000000
121468  32.919  9.135  53.904 0.0000000000
124199  35.452  13.859  51.810 0.0000000000
124200  35.603  14.514  51.180 0.0000000000
124201  35.939  13.935  51.730 0.0000000000
124202  36.499  14.084  51.688 0.0000000000
129241  26.478  15.224  42.788 0.0000000000
129242  25.951  15.665  42.395 0.0000000000
129243  26.501  15.743  42.426 0.0000000000
129244  26.508  16.317  42.278 0.0000000000
129245  26.497  16.829  42.070 0.0000000000
129246  27.529  16.654  42.735 0.0000000000
129247  27.016  17.078  42.333 0.0000000000
129248  26.487  17.382  41.940 0.0000000000
129249  26.489  17.990  41.843 0.0000000000
129250  26.515  18.613  41.805 0.0000000000
129252  29.312  17.670  44.121 0.0000000000
129253  28.802  18.069  43.693 0.0000000000
129254  28.316  18.380  43.214 0.0000000000
129257  27.855  18.704  42.756 0.0000000000
130998  27.254  7.571  46.894 0.0000000000
130999  27.687  7.589  47.383 0.0000000000
131000  28.160  7.612  47.789 0.0000000000
131001  28.627  7.732  48.281 0.0000000000
131002  28.309  6.832  48.579 0.0000000000
131003  28.678  7.293  48.729 0.0000000000
131004  28.989  7.782  48.805 0.0000000000
131005  29.393  7.865  49.335 0.0000000000
131006  29.806  7.962  49.792 0.0000000000
131007  30.180  8.132  50.360 0.0000000000
131263  30.558  8.109  50.852 0.0000000000
131264  30.170  7.524  50.773 0.0000000000
131265  30.157  7.034  51.078 0.0000000000
131266  30.068  6.499  51.341 0.0000000000
131268  29.665  5.946  51.013 0.0000000000
131269  29.954  5.866  51.542 0.0000000000
139524  25.446  16.112  42.098 0.0000000000
139525  24.880  16.567  41.950 0.0000000000
139526  24.343  17.048  41.936 0.0000000000
139527  24.877  17.673  41.615 0.0000000000
139528  24.339  17.585  41.721 0.0000000000
139529  23.833  17.625  41.929 0.0000000000
139530  23.325  18.254  41.971 0.0000000000
139531  22.842  18.798  42.016 0.0000000000
139535  23.952  19.807  41.256 0.0000000000
139538  23.469  19.851  41.350 0.0000000000
144549  24.341  14.616  43.401 0.0000000000
144550  24.800  14.568  43.121 0.0000000000
144551  25.309  14.585  42.998 0.0000000000
144552  25.880  14.575  42.906 0.0000000000
144562  27.109  8.836  46.189 0.0000000000
144563  26.851  9.260  45.884 0.0000000000
144564  26.568  9.676  45.576 0.0000000000
144565  27.408  10.189  45.741 0.0000000000
144566  26.818  10.149  45.503 0.0000000000
144567  26.198  10.096  45.286 0.0000000000
144568  25.919  10.520  45.050 0.0000000000
144569  25.620  11.036  44.825 0.0000000000
144570  25.289  11.455  44.731 0.0000000000
144571  25.514  11.875  44.512 0.0000000000
144572  25.748  12.385  44.213 0.0000000000
144573  25.973  12.829  43.945 0.0000000000
144574  26.925  12.458  44.383 0.0000000000
144575  26.599  12.855  43.976 0.0000000000
144576  26.151  13.265  43.679 0.0000000000
144577  26.265  13.733  43.369 0.0000000000
144578  26.342  14.227  43.140 0.0000000000
144579  26.433  14.741  42.972 0.0000000000
144580  26.959  14.814  43.146 0.0000000000
144581  27.471  15.029  43.366 0.0000000000
144582  27.948  15.199  43.580 0.0000000000
144583  28.222  14.315  44.301 0.0000000000
144584  28.299  14.825  44.119 0.0000000000
144585  28.376  15.340  43.923 0.0000000000
144586  28.850  15.564  44.175 0.0000000000
144587  29.270  15.793  44.574 0.0000000000
144588  29.738  16.028  44.868 0.0000000000
144589  29.413  12.825  46.422 0.0000000000
144590  29.548  13.426  46.253 0.0000000000
144591  29.643  14.016  46.073 0.0000000000
144592  30.280  13.900  46.917 0.0000000000
144593  30.057  14.237  46.356 0.0000000000
144594  29.776  14.605  45.828 0.0000000000
144595  29.924  15.179  45.567 0.0000000000
144596  30.087  15.763  45.306 0.0000000000
144597  30.164  16.335  45.114 0.0000000000
144598  30.548  16.567  45.404 0.0000000000
144599  30.952  16.801  45.689 0.0000000000
144600  31.340  17.026  45.954 0.0000000000
144601  31.565  16.164  46.767 0.0000000000
144602  31.619  16.697  46.534 0.0000000000
144603  31.638  17.272  46.321 0.0000000000
144604  31.981  17.566  46.667 0.0000000000
144605  32.381  17.807  47.003 0.0000000000
144606  32.702  18.075  47.279 0.0000000000
145339  33.054  18.206  47.527 0.0000000000
145340  33.052  17.575  47.723 0.0000000000
145341  33.335  17.120  48.223 0.0000000000
145342  33.610  16.589  48.790 0.0000000000
145343  33.178  15.964  48.843 0.0000000000
145344  33.511  16.004  49.125 0.0000000000
145345  33.858  16.093  49.346 0.0000000000
145346  34.100  15.539  49.948 0.0000000000
145347  34.515  14.967  50.505 0.0000000000
145348  34.782  14.365  51.159 0.0000000000
145349  32.685  13.630  50.328 0.0000000000
145350  33.096  13.714  50.668 0.0000000000
145351  33.505  13.798  51.004 0.0000000000
145352  33.530  12.764  52.121 0.0000000000
145353  33.751  13.319  51.732 0.0000000000
145354  33.917  13.878  51.280 0.0000000000
145355  34.304  13.910  51.505 0.0000000000
145356  34.690  13.777  51.682 0.0000000000
145357  35.098  13.742  51.764 0.0000000000
145358  35.327  13.264  52.400 0.0000000000
145359  35.602  12.672  52.934 0.0000000000
145360  35.860  12.131  53.536 0.0000000000
145361  35.192  11.607  53.991 0.0000000000
145362  35.650  11.639  54.028 0.0000000000
145363  36.178  11.637  53.957 0.0000000000
145364  36.381  11.065  54.436 0.0000000000
145365  36.733  10.568  54.772 0.0000000000
145367  30.849  8.137  51.381 0.0000000000
145368  31.181  8.165  51.937 0.0000000000
145369  31.493  8.156  52.397 0.0000000000
145370  31.060  6.948  52.635 0.0000000000
145371  31.369  7.506  52.813 0.0000000000
145372  31.801  8.105  52.914 0.0000000000
145373  32.190  8.281  53.448 0.0000000000
145374  32.554  8.378  53.937 0.0000000000
145375  33.037  8.508  54.298 0.0000000000
145376  30.381  4.540  53.463 0.0000000000
145377  31.009  5.156  53.898 0.0000000000
145378  31.644  5.793  54.291 0.0000000000
145379  31.906  5.178  54.901 0.0000000000
145380  32.014  5.752  54.736 0.0000000000
145381  32.180  6.380  54.534 0.0000000000
145382  32.660  7.131  54.723 0.0000000000
145383  33.089  7.922  54.779 0.0000000000
145384  33.478  8.768  54.752 0.0000000000
145385  33.977  8.869  55.055 0.0000000000
145386  34.521  8.986  55.363 0.0000000000
145387  35.052  9.125  55.539 0.0000000000
145388  34.822  7.669  55.971 0.0000000000
145389  35.229  8.452  55.887 0.0000000000
145390  35.583  9.225  55.643 0.0000000000
145391  36.211  9.307  55.672 0.0000000000
145392  36.784  9.408  55.603 0.0000000000
152416  33.351  18.445  47.775 0.0000000000
152417  33.719  18.692  47.964 0.0000000000
152419  34.397  17.478  48.661 0.0000000000
152425  35.723  15.198  50.539 0.0000000000
