#!ascii label  , from subject fsaverage vox2ras=TkReg
416
86  35.045  -82.677  0.649 0.0000000000
442  47.692  -78.301  6.254 0.0000000000
976  41.192  -80.731  3.843 0.0000000000
977  44.506  -81.935  2.485 0.0000000000
978  39.374  -85.388  0.306 0.0000000000
2365  48.431  -74.083  10.526 0.0000000000
2367  35.748  -78.439  4.623 0.0000000000
2896  37.803  -81.742  2.080 0.0000000000
2897  39.799  -83.061  2.148 0.0000000000
2898  37.200  -83.937  0.333 0.0000000000
4366  48.542  -75.072  6.408 0.0000000000
4368  47.560  -77.804  4.615 0.0000000000
6364  44.937  -80.088  5.527 0.0000000000
6365  46.139  -80.264  4.498 0.0000000000
6366  42.882  -81.984  3.663 0.0000000000
6367  41.824  -83.855  1.550 0.0000000000
9650  48.946  -72.875  8.652 0.0000000000
9651  48.949  -76.204  8.123 0.0000000000
9653  46.312  -76.569  8.629 0.0000000000
9654  45.814  -78.690  7.281 0.0000000000
9655  41.904  -79.043  5.479 0.0000000000
9656  38.350  -79.575  3.812 0.0000000000
9657  35.275  -80.524  2.452 0.0000000000
9665  32.380  -79.655  3.908 0.0000000000
9666  31.919  -81.970  1.934 0.0000000000
10576  36.409  -82.186  1.261 0.0000000000
10577  37.371  -82.835  1.155 0.0000000000
10578  36.145  -83.239  0.380 0.0000000000
12046  48.336  -76.797  6.447 0.0000000000
12047  47.959  -76.599  5.526 0.0000000000
12048  47.799  -78.170  5.427 0.0000000000
14446  43.015  -80.376  4.792 0.0000000000
14447  43.956  -80.863  4.656 0.0000000000
14448  42.072  -81.374  3.850 0.0000000000
14449  39.483  -84.194  1.264 0.0000000000
14450  40.793  -83.595  2.092 0.0000000000
14451  40.549  -84.707  1.029 0.0000000000
18864  45.274  -81.116  3.543 0.0000000000
18865  46.535  -79.993  3.679 0.0000000000
18866  45.839  -80.765  2.809 0.0000000000
21557  48.309  -72.550  10.784 0.0000000000
21558  48.200  -71.980  9.774 0.0000000000
21559  49.060  -73.407  9.741 0.0000000000
21560  49.433  -74.452  8.435 0.0000000000
21561  49.043  -74.940  9.319 0.0000000000
21567  44.497  -77.235  7.704 0.0000000000
21568  46.102  -77.659  7.923 0.0000000000
21569  44.234  -78.167  7.131 0.0000000000
21570  43.820  -78.999  6.397 0.0000000000
21571  42.249  -78.238  6.194 0.0000000000
21572  37.285  -77.955  4.998 0.0000000000
21573  38.625  -78.490  4.653 0.0000000000
21574  37.096  -78.876  4.126 0.0000000000
21575  36.839  -80.011  3.188 0.0000000000
21576  35.524  -79.343  3.556 0.0000000000
21596  31.280  -79.855  5.094 0.0000000000
21597  30.846  -80.763  3.982 0.0000000000
21598  32.025  -80.798  2.900 0.0000000000
23644  39.443  -81.212  2.902 0.0000000000
23645  40.396  -81.874  2.998 0.0000000000
23646  38.802  -82.380  2.068 0.0000000000
23647  38.458  -83.500  1.229 0.0000000000
23648  38.322  -84.619  0.405 0.0000000000
26290  48.217  -73.478  6.277 0.0000000000
26292  47.762  -74.974  5.437 0.0000000000
26293  47.452  -76.270  4.602 0.0000000000
27921  35.985  -77.627  5.651 0.0000000000
30208  46.594  -79.357  6.051 0.0000000000
30209  46.986  -79.364  5.373 0.0000000000
30210  45.677  -80.296  5.185 0.0000000000
30211  44.642  -81.229  4.153 0.0000000000
30212  43.657  -82.130  3.169 0.0000000000
30213  41.258  -82.464  3.096 0.0000000000
30214  42.164  -82.961  2.767 0.0000000000
30215  43.154  -83.083  2.044 0.0000000000
32675  34.773  -83.797  -0.183 0.0000000000
35937  47.178  -79.179  4.538 0.0000000000
35938  47.210  -78.671  3.715 0.0000000000
35955  35.993  -84.434  -0.343 0.0000000000
35956  37.076  -85.191  -0.360 0.0000000000
39185  47.717  -71.718  8.708 0.0000000000
39186  48.267  -72.359  7.504 0.0000000000
39187  49.043  -73.811  7.422 0.0000000000
39188  49.001  -75.716  7.377 0.0000000000
39189  48.288  -77.328  7.244 0.0000000000
39195  47.781  -75.507  9.648 0.0000000000
39196  47.872  -76.527  8.667 0.0000000000
39197  47.620  -77.586  7.843 0.0000000000
39198  47.108  -78.590  6.981 0.0000000000
39199  45.450  -79.404  6.465 0.0000000000
39200  43.422  -79.692  5.588 0.0000000000
39201  41.464  -79.892  4.625 0.0000000000
39202  40.375  -78.344  5.367 0.0000000000
39203  39.998  -79.198  4.568 0.0000000000
39204  39.736  -80.220  3.678 0.0000000000
39205  38.117  -80.687  2.945 0.0000000000
39206  36.553  -81.173  2.156 0.0000000000
39207  35.054  -81.698  1.462 0.0000000000
39228  34.418  -78.141  5.351 0.0000000000
39230  32.802  -78.861  5.050 0.0000000000
39231  34.017  -78.886  4.062 0.0000000000
39232  33.696  -79.938  2.995 0.0000000000
39233  33.490  -81.109  1.958 0.0000000000
39234  33.448  -82.280  1.099 0.0000000000
41296  35.738  -82.433  0.928 0.0000000000
41297  36.273  -82.714  0.842 0.0000000000
41298  35.613  -82.942  0.484 0.0000000000
42766  48.043  -77.589  6.346 0.0000000000
42767  48.017  -77.486  5.920 0.0000000000
42768  47.751  -78.237  5.833 0.0000000000
45166  42.081  -80.547  4.319 0.0000000000
45167  42.519  -80.843  4.321 0.0000000000
45168  41.666  -81.032  3.848 0.0000000000
45169  39.416  -84.767  0.792 0.0000000000
45170  40.012  -84.486  1.188 0.0000000000
45171  39.954  -85.062  0.690 0.0000000000
49584  44.850  -81.553  3.036 0.0000000000
49585  45.614  -81.011  3.190 0.0000000000
49586  45.226  -81.337  2.670 0.0000000000
52277  48.477  -73.319  10.737 0.0000000000
52278  48.741  -72.938  10.356 0.0000000000
52279  48.893  -73.715  10.264 0.0000000000
52280  49.182  -74.151  9.570 0.0000000000
52281  48.845  -74.463  10.031 0.0000000000
52287  43.525  -77.375  7.257 0.0000000000
52288  44.406  -77.693  7.428 0.0000000000
52289  43.361  -77.781  6.967 0.0000000000
52290  43.189  -78.218  6.672 0.0000000000
52291  42.357  -77.822  6.524 0.0000000000
52292  36.530  -78.198  4.804 0.0000000000
52293  37.196  -78.375  4.551 0.0000000000
52294  36.411  -78.612  4.345 0.0000000000
52295  36.320  -79.105  3.859 0.0000000000
52296  35.656  -78.840  4.115 0.0000000000
54766  38.589  -81.473  2.488 0.0000000000
54767  39.070  -81.784  2.493 0.0000000000
54768  38.293  -82.045  2.045 0.0000000000
54769  37.270  -83.367  0.738 0.0000000000
54770  37.909  -83.157  1.186 0.0000000000
54771  37.823  -83.697  0.774 0.0000000000
54772  38.358  -84.073  0.784 0.0000000000
54773  37.803  -84.247  0.388 0.0000000000
59176  48.438  -74.255  6.321 0.0000000000
59177  48.007  -74.235  5.845 0.0000000000
59178  48.155  -75.012  5.897 0.0000000000
59179  47.761  -77.235  5.071 0.0000000000
59180  47.702  -76.407  5.073 0.0000000000
59181  47.548  -77.060  4.639 0.0000000000
59182  47.328  -76.880  4.179 0.0000000000
59183  47.418  -77.604  4.202 0.0000000000
66376  45.766  -79.780  5.895 0.0000000000
66377  46.124  -79.831  5.629 0.0000000000
66378  45.335  -80.209  5.370 0.0000000000
66379  43.405  -81.388  4.135 0.0000000000
66380  44.333  -81.077  4.455 0.0000000000
66381  43.771  -81.648  3.901 0.0000000000
66382  44.137  -81.668  3.654 0.0000000000
66383  43.281  -82.107  3.438 0.0000000000
66384  39.987  -82.506  2.569 0.0000000000
66385  40.815  -82.201  3.102 0.0000000000
66386  40.507  -82.765  2.620 0.0000000000
66387  41.296  -83.760  1.880 0.0000000000
66388  41.459  -83.276  2.453 0.0000000000
66389  41.972  -83.394  2.159 0.0000000000
66390  42.630  -83.090  2.423 0.0000000000
66391  42.473  -83.472  1.780 0.0000000000
66392  42.971  -83.455  1.355 0.0000000000
66393  42.350  -83.874  1.129 0.0000000000
79629  46.573  -79.825  4.961 0.0000000000
79630  47.100  -79.301  4.974 0.0000000000
79631  46.752  -79.740  4.555 0.0000000000
79632  46.669  -79.754  3.284 0.0000000000
79633  46.965  -79.351  3.708 0.0000000000
79634  46.997  -79.030  3.309 0.0000000000
79675  35.384  -84.073  -0.290 0.0000000000
87715  48.610  -72.436  9.219 0.0000000000
87716  48.001  -71.863  9.222 0.0000000000
87717  48.385  -72.228  8.645 0.0000000000
87718  48.006  -72.029  8.113 0.0000000000
87719  48.592  -72.611  8.069 0.0000000000
87720  48.734  -73.060  7.441 0.0000000000
87721  49.077  -73.304  8.033 0.0000000000
87722  49.318  -75.319  8.292 0.0000000000
87723  49.273  -75.113  7.865 0.0000000000
87724  49.034  -75.994  7.787 0.0000000000
87725  48.732  -76.571  7.331 0.0000000000
87726  48.626  -76.773  7.694 0.0000000000
87738  45.466  -76.457  8.561 0.0000000000
87740  46.274  -76.054  9.055 0.0000000000
87741  46.964  -75.580  9.594 0.0000000000
87742  47.113  -76.108  9.128 0.0000000000
87743  47.859  -76.005  9.144 0.0000000000
87744  47.093  -76.603  8.685 0.0000000000
87745  45.936  -78.239  7.632 0.0000000000
87746  46.890  -77.738  7.960 0.0000000000
87747  46.754  -78.214  7.608 0.0000000000
87748  47.354  -78.128  7.410 0.0000000000
87749  46.568  -78.698  7.234 0.0000000000
87750  46.359  -79.053  6.792 0.0000000000
87751  45.644  -79.069  6.876 0.0000000000
87752  42.882  -79.015  5.930 0.0000000000
87753  43.650  -79.356  5.993 0.0000000000
87754  42.693  -79.402  5.538 0.0000000000
87755  42.423  -79.781  5.105 0.0000000000
87756  41.688  -79.467  5.076 0.0000000000
87758  40.482  -77.953  5.757 0.0000000000
87759  39.585  -77.990  5.373 0.0000000000
87760  38.493  -79.009  4.253 0.0000000000
87761  39.299  -78.850  4.596 0.0000000000
87762  39.111  -79.354  4.195 0.0000000000
87763  39.845  -79.730  4.158 0.0000000000
87764  39.018  -79.917  3.757 0.0000000000
87765  38.981  -80.467  3.294 0.0000000000
87766  38.268  -80.132  3.391 0.0000000000
87767  36.075  -80.236  2.821 0.0000000000
87768  36.694  -80.581  2.676 0.0000000000
87769  35.957  -80.835  2.300 0.0000000000
87770  35.828  -81.413  1.768 0.0000000000
87771  35.172  -81.094  1.964 0.0000000000
87824  33.873  -78.161  5.821 0.0000000000
87828  31.709  -79.643  4.410 0.0000000000
87829  32.009  -79.318  5.030 0.0000000000
87830  32.530  -79.202  4.475 0.0000000000
87831  33.388  -78.822  4.553 0.0000000000
87832  33.220  -79.204  3.959 0.0000000000
87833  33.875  -79.385  3.542 0.0000000000
87834  33.031  -79.728  3.420 0.0000000000
87835  31.939  -81.382  2.397 0.0000000000
87836  32.702  -80.902  2.323 0.0000000000
87837  32.655  -81.507  1.899 0.0000000000
87838  33.444  -81.687  1.511 0.0000000000
87839  32.598  -82.102  1.521 0.0000000000
92764  37.085  -81.988  1.673 0.0000000000
92765  37.574  -82.306  1.608 0.0000000000
92766  36.894  -82.494  1.229 0.0000000000
92767  36.745  -83.029  0.756 0.0000000000
92768  36.660  -83.570  0.334 0.0000000000
95410  48.507  -75.974  6.481 0.0000000000
95411  48.222  -75.889  5.996 0.0000000000
95412  48.176  -76.700  5.989 0.0000000000
95413  47.942  -77.376  5.490 0.0000000000
95414  47.695  -77.984  5.030 0.0000000000
99730  43.989  -80.222  5.209 0.0000000000
99731  44.455  -80.444  5.077 0.0000000000
99732  43.488  -80.622  4.738 0.0000000000
99733  42.963  -81.114  4.264 0.0000000000
99734  42.473  -81.684  3.806 0.0000000000
99735  39.611  -83.654  1.733 0.0000000000
99736  40.301  -83.343  2.172 0.0000000000
99737  40.135  -83.984  1.709 0.0000000000
99738  40.652  -84.187  1.570 0.0000000000
99739  41.175  -84.304  1.312 0.0000000000
99740  41.730  -84.322  0.928 0.0000000000
107682  45.681  -80.685  4.017 0.0000000000
107683  46.358  -80.159  4.094 0.0000000000
107684  45.946  -80.590  3.624 0.0000000000
107685  46.163  -80.422  3.228 0.0000000000
107686  46.341  -80.109  2.889 0.0000000000
112533  48.372  -72.232  10.287 0.0000000000
112534  48.798  -72.647  9.765 0.0000000000
112535  49.084  -73.126  9.180 0.0000000000
112536  49.305  -73.624  8.555 0.0000000000
112537  49.332  -73.896  9.094 0.0000000000
112538  49.392  -74.671  8.900 0.0000000000
112539  49.046  -75.542  8.713 0.0000000000
112549  45.426  -76.960  8.160 0.0000000000
112550  46.237  -77.107  8.222 0.0000000000
112551  45.331  -77.492  7.853 0.0000000000
112552  45.183  -77.985  7.553 0.0000000000
112553  44.966  -78.513  7.233 0.0000000000
112554  44.840  -78.946  6.859 0.0000000000
112555  43.994  -78.623  6.805 0.0000000000
112556  43.031  -78.636  6.332 0.0000000000
112557  42.085  -78.628  5.846 0.0000000000
112558  38.010  -77.747  5.220 0.0000000000
112559  38.716  -78.046  5.072 0.0000000000
112560  37.910  -78.170  4.808 0.0000000000
112561  37.859  -78.664  4.378 0.0000000000
112562  37.733  -79.206  3.940 0.0000000000
112563  37.594  -79.795  3.503 0.0000000000
112564  36.976  -79.416  3.684 0.0000000000
112565  36.188  -79.654  3.320 0.0000000000
112566  35.334  -79.938  2.952 0.0000000000
112602  31.044  -80.246  4.520 0.0000000000
112603  31.576  -80.177  3.908 0.0000000000
112604  32.193  -80.205  3.376 0.0000000000
112605  31.395  -80.732  3.402 0.0000000000
112606  31.290  -81.324  2.952 0.0000000000
116608  40.354  -81.020  3.304 0.0000000000
116609  40.819  -81.292  3.379 0.0000000000
116610  39.930  -81.539  2.938 0.0000000000
116611  39.560  -82.136  2.538 0.0000000000
116612  39.312  -82.726  2.096 0.0000000000
116613  38.047  -82.614  1.621 0.0000000000
116614  38.590  -82.948  1.642 0.0000000000
116615  39.118  -83.298  1.685 0.0000000000
116616  39.003  -83.860  1.284 0.0000000000
116617  38.890  -84.429  0.822 0.0000000000
116618  38.835  -85.010  0.391 0.0000000000
122782  47.878  -72.685  6.303 0.0000000000
122784  47.764  -73.463  5.826 0.0000000000
122785  47.603  -74.217  5.397 0.0000000000
122786  47.447  -74.962  4.997 0.0000000000
122787  47.887  -75.782  5.501 0.0000000000
122788  47.600  -75.664  5.047 0.0000000000
122789  47.303  -75.515  4.576 0.0000000000
122793  44.224  -82.371  1.824 0.0000000000
122794  44.851  -81.680  2.040 0.0000000000
126570  48.026  -73.725  10.968 0.0000000000
126590  36.649  -77.786  5.291 0.0000000000
126591  35.851  -78.012  5.131 0.0000000000
132460  47.224  -78.884  6.163 0.0000000000
132461  47.369  -78.904  5.764 0.0000000000
132462  46.835  -79.367  5.735 0.0000000000
132463  46.400  -79.869  5.358 0.0000000000
132464  45.941  -80.319  4.891 0.0000000000
132465  44.842  -80.621  4.907 0.0000000000
132466  45.164  -80.744  4.668 0.0000000000
132467  45.435  -80.776  4.380 0.0000000000
132468  44.940  -81.188  3.866 0.0000000000
132469  44.497  -81.638  3.366 0.0000000000
132470  44.025  -82.119  2.862 0.0000000000
132471  41.240  -81.607  3.443 0.0000000000
132472  41.607  -81.959  3.478 0.0000000000
132473  42.020  -82.233  3.408 0.0000000000
132474  40.996  -83.014  2.589 0.0000000000
132475  41.710  -82.734  2.966 0.0000000000
132476  42.458  -82.456  3.264 0.0000000000
132477  42.896  -82.590  3.013 0.0000000000
132478  43.295  -82.661  2.655 0.0000000000
132479  43.777  -82.561  2.279 0.0000000000
132480  43.649  -82.923  1.617 0.0000000000
139246  34.340  -82.974  0.417 0.0000000000
139247  34.885  -83.219  0.193 0.0000000000
148791  47.474  -78.877  5.407 0.0000000000
148792  47.484  -78.699  4.990 0.0000000000
148793  47.442  -78.525  4.565 0.0000000000
148794  46.907  -79.589  4.099 0.0000000000
148795  47.187  -79.022  4.087 0.0000000000
148796  47.395  -78.328  4.144 0.0000000000
148797  47.314  -77.962  3.732 0.0000000000
148800  45.454  -81.054  2.241 0.0000000000
148845  35.490  -83.477  0.039 0.0000000000
148846  36.097  -83.766  -0.058 0.0000000000
148847  36.635  -84.115  -0.044 0.0000000000
148849  36.561  -84.819  -0.357 0.0000000000
148850  37.169  -84.491  -0.009 0.0000000000
148851  37.709  -84.856  0.009 0.0000000000
148852  38.215  -85.240  -0.015 0.0000000000
158513  47.614  -71.827  7.538 0.0000000000
158514  47.813  -72.197  6.930 0.0000000000
158515  48.348  -72.848  6.877 0.0000000000
158516  48.691  -73.609  6.824 0.0000000000
158517  48.896  -74.357  6.904 0.0000000000
158518  49.358  -74.090  7.936 0.0000000000
158519  49.132  -74.715  7.409 0.0000000000
158520  48.862  -75.353  6.936 0.0000000000
158521  48.664  -76.245  6.915 0.0000000000
158522  48.345  -77.071  6.858 0.0000000000
158523  47.950  -77.818  6.780 0.0000000000
158532  47.848  -74.433  10.651 0.0000000000
158540  47.514  -75.045  10.146 0.0000000000
158541  48.200  -74.824  10.144 0.0000000000
158542  48.483  -75.295  9.587 0.0000000000
158543  48.564  -75.805  9.018 0.0000000000
158544  48.497  -76.343  8.492 0.0000000000
158545  47.018  -77.170  8.285 0.0000000000
158546  47.770  -77.072  8.238 0.0000000000
158547  48.390  -76.897  8.036 0.0000000000
158548  48.053  -77.481  7.575 0.0000000000
158549  47.741  -78.008  7.119 0.0000000000
158550  47.481  -78.465  6.682 0.0000000000
158551  46.910  -78.990  6.495 0.0000000000
158552  46.053  -79.422  6.318 0.0000000000
158553  45.169  -79.735  5.990 0.0000000000
158554  44.649  -79.272  6.449 0.0000000000
158555  44.447  -79.641  6.070 0.0000000000
158556  44.229  -79.922  5.598 0.0000000000
158557  43.229  -80.011  5.193 0.0000000000
158558  42.223  -80.154  4.694 0.0000000000
158559  41.318  -80.296  4.222 0.0000000000
158560  41.425  -77.871  6.122 0.0000000000
158561  41.296  -78.290  5.766 0.0000000000
158562  41.109  -78.674  5.422 0.0000000000
158563  39.480  -78.399  4.981 0.0000000000
158564  40.182  -78.736  4.977 0.0000000000
158565  40.925  -79.103  5.021 0.0000000000
158566  40.756  -79.587  4.594 0.0000000000
158567  40.586  -80.030  4.149 0.0000000000
158568  40.477  -80.509  3.711 0.0000000000
158569  39.670  -80.748  3.246 0.0000000000
158570  38.849  -81.014  2.846 0.0000000000
158571  37.900  -81.266  2.482 0.0000000000
158572  37.443  -80.333  3.076 0.0000000000
158573  37.294  -80.915  2.574 0.0000000000
158574  37.133  -81.498  2.093 0.0000000000
158575  36.445  -81.713  1.657 0.0000000000
158576  35.751  -81.947  1.308 0.0000000000
158577  35.025  -82.208  1.043 0.0000000000
158639  35.152  -77.869  5.490 0.0000000000
158640  35.033  -78.248  4.952 0.0000000000
158645  32.333  -79.000  5.599 0.0000000000
158646  33.095  -78.533  5.676 0.0000000000
158647  33.628  -78.456  5.174 0.0000000000
158648  34.212  -78.508  4.728 0.0000000000
158649  34.879  -78.672  4.407 0.0000000000
158650  34.776  -79.096  3.814 0.0000000000
158651  34.598  -79.625  3.216 0.0000000000
158652  34.437  -80.228  2.640 0.0000000000
158653  32.839  -80.329  2.895 0.0000000000
158654  33.566  -80.520  2.439 0.0000000000
158655  34.384  -80.778  2.162 0.0000000000
158656  34.312  -81.366  1.683 0.0000000000
158657  34.246  -81.972  1.243 0.0000000000
158658  34.253  -82.479  0.826 0.0000000000
158659  33.523  -82.789  0.655 0.0000000000
