#!ascii label  , from subject fsaverage vox2ras=TkReg
1740
105  44.782  -10.413  27.890 0.0000000000
106  51.561  -19.085  36.421 0.0000000000
235  45.442  -17.734  35.463 0.0000000000
246  52.472  -4.849  34.376 0.0000000000
484  57.473  -15.314  34.608 0.0000000000
485  55.038  -12.545  39.251 0.0000000000
486  54.866  -16.391  46.071 0.0000000000
1061  49.640  -14.179  31.796 0.0000000000
1063  51.170  -16.201  42.617 0.0000000000
1064  52.804  -15.217  48.336 0.0000000000
1065  52.769  -19.289  48.068 0.0000000000
1098  46.871  -6.653  30.412 0.0000000000
1099  52.521  -3.728  29.877 0.0000000000
1100  47.853  -7.052  25.733 0.0000000000
1282  54.324  -17.320  35.381 0.0000000000
1572  42.117  -9.850  30.762 0.0000000000
1573  44.336  -14.457  30.624 0.0000000000
1574  40.447  -14.484  31.642 0.0000000000
1596  46.535  -7.794  34.461 0.0000000000
1705  49.315  -21.193  37.844 0.0000000000
2097  59.159  -8.534  29.981 0.0000000000
2098  60.023  -12.614  32.444 0.0000000000
2100  58.203  -12.955  38.709 0.0000000000
2101  56.307  -15.571  40.345 0.0000000000
2102  49.886  -15.320  37.050 0.0000000000
2103  55.090  -14.111  42.845 0.0000000000
2104  53.434  -18.093  41.797 0.0000000000
2105  50.920  -20.388  43.306 0.0000000000
2979  46.576  -10.934  27.112 0.0000000000
2981  46.508  -12.768  28.769 0.0000000000
2983  50.040  -16.631  45.938 0.0000000000
3018  45.040  -8.119  28.598 0.0000000000
3019  47.120  -6.545  27.977 0.0000000000
3020  46.175  -8.598  26.818 0.0000000000
3021  47.692  -9.372  25.619 0.0000000000
3202  53.099  -18.157  35.697 0.0000000000
3204  51.789  -19.806  34.215 0.0000000000
3579  41.293  -9.969  32.682 0.0000000000
3580  40.931  -11.989  30.932 0.0000000000
3581  39.699  -12.074  32.372 0.0000000000
3620  43.773  -9.028  34.680 0.0000000000
3621  43.911  -8.466  32.682 0.0000000000
4615  59.447  -9.565  32.473 0.0000000000
4619  57.090  -12.286  39.595 0.0000000000
4620  57.405  -14.301  39.703 0.0000000000
4621  56.709  -13.379  41.063 0.0000000000
4622  44.751  -16.307  32.810 0.0000000000
4623  47.244  -15.774  33.419 0.0000000000
4624  47.645  -16.604  36.228 0.0000000000
4625  53.844  -15.034  45.295 0.0000000000
4626  53.243  -14.893  42.756 0.0000000000
4627  55.182  -15.234  44.482 0.0000000000
4628  55.665  -16.032  43.080 0.0000000000
4629  54.416  -17.422  44.208 0.0000000000
4630  52.041  -19.161  42.602 0.0000000000
4631  53.103  -18.436  45.172 0.0000000000
4733  55.198  -3.134  36.629 0.0000000000
4735  55.579  -2.639  34.498 0.0000000000
5287  58.994  -13.968  33.972 0.0000000000
5288  58.505  -14.370  31.531 0.0000000000
6517  52.556  -13.799  35.651 0.0000000000
6518  46.271  -18.552  38.673 0.0000000000
6519  48.370  -17.365  39.197 0.0000000000
6520  49.219  -17.387  42.577 0.0000000000
6521  51.855  -15.737  45.640 0.0000000000
6522  54.329  -15.528  47.444 0.0000000000
6523  53.921  -17.724  47.340 0.0000000000
6524  54.073  -16.713  49.096 0.0000000000
6584  49.608  -5.946  32.373 0.0000000000
6585  52.641  -4.282  32.218 0.0000000000
6586  49.684  -5.324  30.035 0.0000000000
6587  49.561  -5.073  27.397 0.0000000000
6916  55.825  -16.335  35.063 0.0000000000
7506  43.319  -10.047  29.079 0.0000000000
7507  44.295  -12.391  29.018 0.0000000000
7508  42.410  -12.078  29.814 0.0000000000
7509  42.288  -14.400  30.915 0.0000000000
7510  42.599  -16.748  32.691 0.0000000000
7511  38.973  -14.655  32.731 0.0000000000
7512  40.596  -17.102  32.995 0.0000000000
7513  43.369  -18.609  35.120 0.0000000000
7561  52.190  -5.096  36.583 0.0000000000
7564  49.375  -6.371  34.424 0.0000000000
7565  46.764  -7.269  32.457 0.0000000000
7566  44.361  -8.104  30.539 0.0000000000
7819  50.373  -20.087  37.139 0.0000000000
7820  50.354  -20.842  34.761 0.0000000000
8860  61.127  -10.990  30.724 0.0000000000
8861  60.802  -9.880  32.064 0.0000000000
8862  60.179  -11.368  34.140 0.0000000000
8863  59.445  -12.784  35.935 0.0000000000
8866  58.314  -14.107  36.843 0.0000000000
8867  56.812  -15.307  37.333 0.0000000000
8868  55.279  -16.385  37.710 0.0000000000
8869  54.084  -17.378  38.198 0.0000000000
8870  46.851  -14.430  30.877 0.0000000000
8871  49.820  -14.883  34.431 0.0000000000
8872  52.336  -13.866  38.117 0.0000000000
8873  50.577  -15.904  39.786 0.0000000000
8874  52.742  -14.390  40.502 0.0000000000
8875  55.034  -13.245  41.296 0.0000000000
8876  56.312  -14.603  42.187 0.0000000000
8877  55.067  -16.835  40.879 0.0000000000
8878  52.349  -18.581  39.022 0.0000000000
8879  51.076  -19.664  39.844 0.0000000000
8880  50.122  -20.875  40.647 0.0000000000
8882  51.755  -19.907  45.769 0.0000000000
9675  59.707  -13.139  30.112 0.0000000000
10659  45.634  -10.575  27.419 0.0000000000
10660  46.498  -11.907  27.876 0.0000000000
10661  45.454  -11.611  28.016 0.0000000000
10698  44.752  -9.230  28.059 0.0000000000
10699  45.558  -8.316  27.639 0.0000000000
10700  45.450  -9.441  27.354 0.0000000000
10701  46.226  -9.774  26.776 0.0000000000
10882  52.360  -18.611  36.052 0.0000000000
10883  52.315  -18.915  34.834 0.0000000000
10884  51.563  -19.337  35.211 0.0000000000
11259  41.079  -10.158  33.661 0.0000000000
11260  40.318  -10.943  32.460 0.0000000000
11261  40.005  -11.100  33.429 0.0000000000
11301  42.359  -9.410  33.710 0.0000000000
12297  55.063  -12.430  38.131 0.0000000000
12298  56.264  -12.028  38.594 0.0000000000
12299  56.165  -12.258  39.659 0.0000000000
12300  56.840  -12.756  40.412 0.0000000000
12301  56.074  -12.639  40.514 0.0000000000
12302  45.076  -17.063  34.139 0.0000000000
12303  46.209  -16.646  34.379 0.0000000000
12304  46.514  -17.200  35.800 0.0000000000
12305  54.751  -15.353  45.935 0.0000000000
12306  54.590  -15.047  44.957 0.0000000000
12307  55.122  -15.776  45.332 0.0000000000
12308  55.240  -16.233  44.586 0.0000000000
12309  54.755  -16.937  45.243 0.0000000000
12310  53.831  -17.921  44.698 0.0000000000
12311  54.222  -17.508  45.760 0.0000000000
12413  54.009  -4.066  35.603 0.0000000000
12414  55.421  -2.887  35.613 0.0000000000
12415  54.123  -3.823  34.524 0.0000000000
12967  58.245  -14.679  34.433 0.0000000000
12968  58.062  -14.792  33.210 0.0000000000
12969  57.337  -15.534  33.575 0.0000000000
14701  51.181  -14.148  33.764 0.0000000000
14702  46.709  -18.619  40.457 0.0000000000
14703  47.777  -18.060  40.715 0.0000000000
14704  48.183  -17.939  42.457 0.0000000000
14705  51.412  -15.722  47.346 0.0000000000
14706  50.992  -16.161  45.875 0.0000000000
14707  52.323  -15.394  47.056 0.0000000000
14708  53.196  -15.201  46.714 0.0000000000
14709  53.616  -15.242  47.929 0.0000000000
14710  54.295  -16.062  48.298 0.0000000000
14711  53.846  -15.669  48.942 0.0000000000
14813  48.214  -6.298  31.368 0.0000000000
14814  49.666  -5.663  31.247 0.0000000000
14815  48.230  -6.020  30.199 0.0000000000
14816  47.446  -6.728  26.780 0.0000000000
14817  48.334  -5.871  27.661 0.0000000000
14818  48.458  -5.984  26.427 0.0000000000
14822  48.386  -7.423  24.866 0.0000000000
14823  48.151  -10.538  26.094 0.0000000000
14824  48.633  -9.814  25.259 0.0000000000
14825  49.251  -10.895  26.095 0.0000000000
15367  54.970  -16.908  35.202 0.0000000000
15368  54.887  -17.242  34.150 0.0000000000
15369  54.229  -17.741  34.260 0.0000000000
16494  42.696  -9.899  29.911 0.0000000000
16495  42.827  -11.051  29.369 0.0000000000
16496  42.049  -10.965  30.059 0.0000000000
16497  40.611  -13.206  31.197 0.0000000000
16498  41.421  -13.204  30.693 0.0000000000
16499  41.343  -14.400  31.227 0.0000000000
16500  42.341  -15.587  31.764 0.0000000000
16501  41.343  -15.639  31.938 0.0000000000
16506  39.677  -17.211  33.287 0.0000000000
16507  40.869  -18.268  33.901 0.0000000000
16508  41.879  -18.027  33.801 0.0000000000
16509  42.312  -18.973  35.033 0.0000000000
16510  43.766  -19.219  36.576 0.0000000000
16618  47.873  -7.229  35.451 0.0000000000
16619  49.219  -6.463  35.439 0.0000000000
16620  47.992  -7.150  34.467 0.0000000000
16621  48.042  -6.887  33.428 0.0000000000
16622  46.707  -7.581  33.485 0.0000000000
16623  42.799  -8.987  31.695 0.0000000000
16624  44.142  -8.251  31.643 0.0000000000
16625  43.169  -8.901  30.705 0.0000000000
16626  43.605  -8.947  29.670 0.0000000000
17167  49.819  -20.606  37.457 0.0000000000
17168  49.661  -20.861  36.135 0.0000000000
17169  49.229  -21.456  36.496 0.0000000000
19599  60.361  -8.295  30.126 0.0000000000
19600  61.076  -9.167  31.074 0.0000000000
19601  60.318  -8.966  31.285 0.0000000000
19603  60.040  -10.215  33.521 0.0000000000
19604  59.846  -10.833  34.725 0.0000000000
19605  59.890  -12.082  35.107 0.0000000000
19610  57.982  -12.014  38.492 0.0000000000
19612  58.546  -12.332  38.083 0.0000000000
19613  58.916  -12.849  37.441 0.0000000000
19614  58.428  -13.518  37.885 0.0000000000
19615  57.628  -14.704  37.010 0.0000000000
19616  57.862  -14.177  38.202 0.0000000000
19617  56.893  -14.945  40.078 0.0000000000
19618  56.507  -15.418  38.840 0.0000000000
19619  55.840  -15.989  39.077 0.0000000000
19620  54.724  -16.852  37.954 0.0000000000
19621  55.224  -16.519  39.269 0.0000000000
19622  44.245  -13.412  29.776 0.0000000000
19623  45.358  -13.515  29.717 0.0000000000
19624  45.511  -14.451  30.678 0.0000000000
19625  48.614  -15.638  35.292 0.0000000000
19626  48.525  -15.393  33.872 0.0000000000
19627  49.814  -15.033  35.823 0.0000000000
19628  51.048  -14.396  36.310 0.0000000000
19629  51.099  -14.572  37.547 0.0000000000
19630  49.825  -16.867  40.988 0.0000000000
19631  49.452  -16.667  39.492 0.0000000000
19632  50.940  -16.131  41.149 0.0000000000
19633  54.244  -14.345  42.909 0.0000000000
19634  53.002  -14.664  41.656 0.0000000000
19635  54.054  -14.021  41.923 0.0000000000
19636  53.864  -13.702  40.913 0.0000000000
19637  55.038  -13.664  42.113 0.0000000000
19638  55.899  -13.675  42.048 0.0000000000
19639  55.837  -14.237  42.683 0.0000000000
19640  54.800  -17.100  42.567 0.0000000000
19641  55.472  -16.440  42.125 0.0000000000
19642  54.225  -17.448  41.361 0.0000000000
19643  53.746  -17.748  40.016 0.0000000000
19644  52.915  -18.359  40.509 0.0000000000
19645  51.638  -19.152  39.484 0.0000000000
19646  52.151  -18.912  40.894 0.0000000000
19647  51.413  -19.749  42.936 0.0000000000
19648  51.021  -20.073  41.632 0.0000000000
19649  50.482  -20.635  41.989 0.0000000000
19650  49.466  -21.454  40.853 0.0000000000
19651  49.778  -21.261  42.092 0.0000000000
19652  53.337  -18.469  47.796 0.0000000000
19653  52.902  -18.767  46.751 0.0000000000
19654  52.317  -19.598  46.967 0.0000000000
19966  52.634  -4.008  31.069 0.0000000000
19967  54.277  -3.370  32.183 0.0000000000
21622  60.591  -11.840  31.666 0.0000000000
21623  60.516  -12.135  30.411 0.0000000000
21624  59.918  -12.853  31.298 0.0000000000
23793  47.654  -11.235  26.895 0.0000000000
23795  47.690  -12.156  27.911 0.0000000000
23796  47.740  -12.903  28.934 0.0000000000
23797  48.032  -13.691  30.131 0.0000000000
23802  51.870  -15.420  48.641 0.0000000000
23803  53.058  -15.448  49.371 0.0000000000
23864  45.781  -7.247  29.407 0.0000000000
23865  46.927  -6.490  29.198 0.0000000000
23866  46.010  -7.304  28.304 0.0000000000
23867  46.418  -7.437  27.241 0.0000000000
23868  46.953  -7.789  26.288 0.0000000000
23869  47.543  -8.169  25.516 0.0000000000
23870  46.895  -8.962  26.126 0.0000000000
23871  47.136  -10.145  26.351 0.0000000000
24196  53.669  -17.747  35.478 0.0000000000
24197  53.597  -18.118  34.431 0.0000000000
24198  52.968  -18.509  34.563 0.0000000000
24873  41.660  -9.860  31.710 0.0000000000
24874  41.373  -10.909  30.809 0.0000000000
24875  40.808  -10.938  31.561 0.0000000000
24876  40.269  -12.045  31.576 0.0000000000
24877  39.894  -13.247  31.793 0.0000000000
24948  45.125  -8.416  34.574 0.0000000000
24949  45.239  -8.140  33.571 0.0000000000
24950  43.838  -8.741  33.678 0.0000000000
24951  42.490  -9.121  32.711 0.0000000000
25276  48.822  -21.885  38.186 0.0000000000
25277  48.787  -22.142  36.822 0.0000000000
26737  59.296  -9.059  31.256 0.0000000000
26744  57.275  -11.884  38.759 0.0000000000
26745  57.772  -12.506  39.276 0.0000000000
26746  57.838  -13.608  39.244 0.0000000000
26747  57.477  -13.083  39.962 0.0000000000
26748  57.182  -13.786  40.538 0.0000000000
26749  56.894  -14.415  41.064 0.0000000000
26750  44.507  -15.440  31.674 0.0000000000
26751  45.780  -15.316  31.787 0.0000000000
26752  45.978  -16.053  33.078 0.0000000000
26753  47.397  -16.195  34.870 0.0000000000
26754  48.736  -15.980  36.651 0.0000000000
26755  52.468  -15.474  44.089 0.0000000000
26756  52.226  -15.517  42.713 0.0000000000
26757  53.501  -14.985  44.027 0.0000000000
26758  54.363  -14.718  43.841 0.0000000000
26759  55.148  -14.668  43.625 0.0000000000
26760  55.727  -14.887  43.254 0.0000000000
26761  55.539  -15.569  43.853 0.0000000000
26762  55.100  -16.762  43.634 0.0000000000
26763  53.986  -17.789  43.047 0.0000000000
26764  52.708  -18.603  42.245 0.0000000000
26765  53.251  -18.282  43.485 0.0000000000
26766  52.592  -18.786  43.906 0.0000000000
26767  51.855  -19.397  44.300 0.0000000000
26953  56.187  -1.905  36.446 0.0000000000
27949  59.612  -13.321  33.296 0.0000000000
27950  59.289  -13.613  32.051 0.0000000000
27951  58.814  -14.208  32.666 0.0000000000
30565  53.734  -13.077  37.505 0.0000000000
30566  45.860  -18.249  37.019 0.0000000000
30567  46.887  -17.654  37.333 0.0000000000
30568  47.288  -17.987  38.916 0.0000000000
30569  48.796  -17.504  40.856 0.0000000000
30570  50.211  -16.792  42.631 0.0000000000
30571  49.576  -17.106  44.280 0.0000000000
30572  50.530  -16.599  44.168 0.0000000000
30573  51.472  -16.042  44.154 0.0000000000
30574  52.830  -15.318  45.451 0.0000000000
30575  54.090  -15.154  46.373 0.0000000000
30576  54.773  -15.910  46.810 0.0000000000
30577  54.496  -17.064  46.713 0.0000000000
30578  54.549  -16.583  47.564 0.0000000000
30579  54.085  -17.301  48.280 0.0000000000
30580  53.635  -18.009  48.790 0.0000000000
30581  53.722  -16.246  49.735 0.0000000000
30582  53.708  -17.538  49.664 0.0000000000
30722  51.032  -5.488  33.386 0.0000000000
30723  52.639  -4.565  33.340 0.0000000000
30724  51.131  -5.208  32.334 0.0000000000
30725  51.111  -4.903  31.110 0.0000000000
30726  51.037  -4.563  29.850 0.0000000000
30727  48.274  -5.849  28.930 0.0000000000
30728  49.572  -5.150  28.737 0.0000000000
30729  50.895  -4.363  28.625 0.0000000000
30737  48.360  -8.618  24.913 0.0000000000
31498  56.672  -15.804  34.825 0.0000000000
31499  56.628  -16.104  33.760 0.0000000000
31500  55.717  -16.653  33.963 0.0000000000
32988  44.022  -10.151  28.431 0.0000000000
32989  44.461  -11.363  28.352 0.0000000000
32990  43.632  -11.192  28.786 0.0000000000
32991  43.326  -12.274  29.386 0.0000000000
32992  43.205  -13.270  29.980 0.0000000000
32993  41.650  -12.019  30.334 0.0000000000
32994  42.275  -13.212  30.306 0.0000000000
32995  43.245  -14.403  30.716 0.0000000000
32996  43.412  -15.521  31.628 0.0000000000
32997  43.697  -16.529  32.731 0.0000000000
32998  43.990  -17.423  33.896 0.0000000000
32999  39.220  -12.253  33.294 0.0000000000
33000  39.257  -13.348  32.464 0.0000000000
33001  39.647  -14.521  32.175 0.0000000000
33003  39.614  -15.908  32.663 0.0000000000
33004  40.480  -15.761  32.257 0.0000000000
33005  41.591  -16.929  32.805 0.0000000000
33006  42.914  -17.767  33.811 0.0000000000
33007  44.414  -18.200  35.273 0.0000000000
33008  44.820  -18.760  36.766 0.0000000000
33009  45.218  -19.104  38.424 0.0000000000
33137  55.003  -3.240  37.657 0.0000000000
33138  53.859  -4.270  36.654 0.0000000000
33139  52.367  -4.985  35.516 0.0000000000
33146  50.621  -5.826  36.517 0.0000000000
33147  50.728  -5.802  35.477 0.0000000000
33148  50.879  -5.679  34.414 0.0000000000
33149  49.502  -6.198  33.413 0.0000000000
33150  48.162  -6.598  32.419 0.0000000000
33151  46.818  -6.941  31.451 0.0000000000
33152  45.364  -7.834  32.533 0.0000000000
33153  45.487  -7.605  31.477 0.0000000000
33154  45.597  -7.391  30.429 0.0000000000
33155  44.645  -8.061  29.528 0.0000000000
33156  44.175  -9.061  28.832 0.0000000000
33841  50.923  -19.587  36.770 0.0000000000
33842  50.814  -19.884  35.467 0.0000000000
33843  50.227  -20.375  35.795 0.0000000000
36827  61.470  -9.650  30.495 0.0000000000
36828  61.131  -10.351  31.515 0.0000000000
36829  60.668  -11.185  32.377 0.0000000000
36830  60.256  -9.538  32.429 0.0000000000
36831  60.519  -10.587  33.007 0.0000000000
36832  60.273  -11.976  33.334 0.0000000000
36833  59.881  -12.755  34.243 0.0000000000
36834  59.337  -13.394  34.939 0.0000000000
36835  58.606  -14.101  35.416 0.0000000000
36842  59.276  -12.182  36.759 0.0000000000
36843  58.860  -13.460  36.508 0.0000000000
36844  57.962  -14.732  35.640 0.0000000000
36845  57.173  -15.244  35.850 0.0000000000
36846  56.305  -15.791  36.096 0.0000000000
36847  55.460  -16.397  36.364 0.0000000000
36848  57.276  -14.799  38.595 0.0000000000
36849  55.983  -15.907  37.572 0.0000000000
36850  54.767  -16.834  36.552 0.0000000000
36851  54.183  -17.269  36.697 0.0000000000
36852  53.534  -17.716  36.912 0.0000000000
36853  52.729  -18.253  37.218 0.0000000000
36854  45.359  -12.550  28.805 0.0000000000
36855  46.636  -13.649  29.818 0.0000000000
36856  48.278  -14.395  31.279 0.0000000000
36857  47.096  -15.218  32.099 0.0000000000
36858  48.437  -15.017  32.534 0.0000000000
36859  49.811  -14.649  33.107 0.0000000000
36860  51.167  -14.342  35.039 0.0000000000
36861  52.370  -13.759  36.924 0.0000000000
36862  53.741  -13.121  38.743 0.0000000000
36863  47.923  -17.022  37.703 0.0000000000
36864  49.027  -16.345  38.075 0.0000000000
36865  50.166  -15.625  38.444 0.0000000000
36866  51.974  -15.384  41.397 0.0000000000
36867  51.684  -15.131  40.130 0.0000000000
36868  51.300  -14.866  38.839 0.0000000000
36869  52.482  -14.096  39.352 0.0000000000
36870  53.748  -13.330  39.886 0.0000000000
36871  55.008  -12.854  40.319 0.0000000000
36872  55.930  -13.182  41.283 0.0000000000
36873  56.535  -13.974  41.679 0.0000000000
36874  56.490  -15.073  41.407 0.0000000000
36875  56.073  -15.267  42.639 0.0000000000
36876  56.043  -15.770  41.695 0.0000000000
36877  55.709  -16.215  40.561 0.0000000000
36878  54.556  -17.143  39.592 0.0000000000
36879  53.229  -17.985  38.644 0.0000000000
36880  51.897  -18.792  37.672 0.0000000000
36881  51.214  -19.344  38.117 0.0000000000
36882  50.733  -19.834  38.477 0.0000000000
36883  50.235  -20.356  38.821 0.0000000000
36884  51.567  -19.451  41.282 0.0000000000
36885  50.638  -20.240  40.269 0.0000000000
36886  49.722  -21.017  39.221 0.0000000000
36887  49.121  -21.642  39.501 0.0000000000
36888  48.386  -22.140  39.518 0.0000000000
36890  53.525  -18.141  46.335 0.0000000000
36891  52.398  -19.086  45.596 0.0000000000
36892  51.316  -20.142  44.566 0.0000000000
36895  50.239  -21.012  43.420 0.0000000000
37267  54.229  -3.568  33.333 0.0000000000
39264  59.096  -13.768  30.912 0.0000000000
39288  51.020  -20.271  34.535 0.0000000000
41379  45.192  -10.513  27.651 0.0000000000
41380  45.549  -11.129  27.708 0.0000000000
41381  45.077  -10.995  27.877 0.0000000000
41418  44.748  -9.805  27.895 0.0000000000
41419  45.083  -9.304  27.700 0.0000000000
41420  45.126  -9.932  27.583 0.0000000000
41421  45.503  -10.013  27.333 0.0000000000
41602  51.960  -18.834  36.251 0.0000000000
41603  51.947  -18.955  35.620 0.0000000000
41604  51.548  -19.187  35.793 0.0000000000
41980  40.481  -10.580  33.511 0.0000000000
42021  41.634  -9.887  34.166 0.0000000000
43017  55.043  -12.476  38.688 0.0000000000
43018  55.643  -12.257  38.963 0.0000000000
43019  55.621  -12.374  39.482 0.0000000000
43020  56.086  -12.440  40.105 0.0000000000
43021  55.588  -12.504  39.968 0.0000000000
43022  45.240  -17.415  34.802 0.0000000000
43023  45.771  -17.127  34.919 0.0000000000
43024  45.981  -17.463  35.633 0.0000000000
43025  54.942  -15.822  46.075 0.0000000000
43026  54.980  -15.539  45.657 0.0000000000
43027  55.014  -16.097  45.722 0.0000000000
43028  55.025  -16.366  45.352 0.0000000000
43029  54.842  -16.691  45.652 0.0000000000
43030  54.499  -17.221  45.486 0.0000000000
43031  54.651  -16.972  45.963 0.0000000000
43133  53.265  -4.473  34.986 0.0000000000
43134  54.085  -3.940  35.067 0.0000000000
43135  53.334  -4.333  34.467 0.0000000000
43687  57.871  -15.021  34.536 0.0000000000
43688  57.754  -15.135  34.032 0.0000000000
43689  57.423  -15.461  34.148 0.0000000000
45421  50.449  -14.258  32.762 0.0000000000
45423  47.426  -18.306  41.475 0.0000000000
45424  47.679  -18.197  42.388 0.0000000000
45425  52.137  -15.362  47.909 0.0000000000
45426  51.850  -15.572  47.226 0.0000000000
45427  52.600  -15.248  47.748 0.0000000000
45428  52.993  -15.212  47.540 0.0000000000
45429  53.230  -15.203  48.139 0.0000000000
45430  53.791  -15.392  48.443 0.0000000000
45431  53.396  -15.334  48.674 0.0000000000
45533  47.523  -6.467  30.911 0.0000000000
45534  48.235  -6.137  30.800 0.0000000000
45535  47.525  -6.333  30.337 0.0000000000
45536  47.640  -6.864  26.253 0.0000000000
45537  47.942  -6.371  26.641 0.0000000000
45538  48.117  -6.483  26.070 0.0000000000
45539  48.588  -6.100  25.833 0.0000000000
45540  48.309  -6.621  25.505 0.0000000000
45542  48.096  -7.232  25.284 0.0000000000
45543  48.448  -11.050  26.483 0.0000000000
45544  48.702  -10.726  26.068 0.0000000000
45545  49.054  -11.219  26.562 0.0000000000
46087  54.601  -17.150  35.285 0.0000000000
46088  54.568  -17.315  34.721 0.0000000000
46089  54.238  -17.554  34.802 0.0000000000
47214  42.402  -9.868  30.332 0.0000000000
47215  42.320  -10.438  29.960 0.0000000000
47216  42.036  -10.388  30.345 0.0000000000
47217  40.513  -13.818  31.402 0.0000000000
47218  40.940  -13.770  31.142 0.0000000000
47219  40.869  -14.401  31.413 0.0000000000
47220  41.327  -15.012  31.559 0.0000000000
47221  40.871  -15.044  31.719 0.0000000000
47228  41.547  -18.670  34.395 0.0000000000
47336  46.506  -7.820  35.018 0.0000000000
47337  47.174  -7.526  35.504 0.0000000000
47338  47.221  -7.517  35.022 0.0000000000
47339  47.936  -7.206  34.944 0.0000000000
47340  47.284  -7.475  34.492 0.0000000000
47341  47.348  -7.388  33.947 0.0000000000
47342  46.619  -7.710  33.978 0.0000000000
47343  42.405  -9.361  31.222 0.0000000000
47344  42.974  -8.933  31.196 0.0000000000
47345  42.608  -9.366  30.740 0.0000000000
47346  42.839  -9.389  30.260 0.0000000000
47887  49.545  -20.891  37.655 0.0000000000
47888  49.481  -20.978  36.936 0.0000000000
47889  49.256  -21.306  37.161 0.0000000000
50319  59.754  -8.369  30.059 0.0000000000
50320  60.344  -8.663  30.680 0.0000000000
50321  59.829  -8.640  30.649 0.0000000000
50330  58.142  -12.437  38.697 0.0000000000
50331  58.283  -12.133  38.359 0.0000000000
50332  58.377  -12.622  38.437 0.0000000000
50333  58.561  -12.868  38.112 0.0000000000
50334  58.337  -13.214  38.345 0.0000000000
50335  58.142  -13.859  38.032 0.0000000000
50336  58.118  -13.535  38.568 0.0000000000
50337  56.606  -15.237  40.238 0.0000000000
50338  56.414  -15.512  39.605 0.0000000000
50339  56.107  -15.789  39.730 0.0000000000
50340  55.594  -16.261  39.184 0.0000000000
50341  55.828  -16.097  39.806 0.0000000000
50342  44.294  -13.932  30.180 0.0000000000
50343  44.840  -13.947  30.159 0.0000000000
50344  44.907  -14.451  30.625 0.0000000000
50345  49.253  -15.477  36.198 0.0000000000
50346  49.213  -15.332  35.566 0.0000000000
50347  49.831  -15.141  36.442 0.0000000000
50348  50.421  -14.797  36.678 0.0000000000
50349  50.493  -14.933  37.287 0.0000000000
50350  50.534  -16.525  41.856 0.0000000000
50351  50.362  -16.506  41.046 0.0000000000
50352  51.057  -16.181  41.859 0.0000000000
50353  54.675  -14.208  42.882 0.0000000000
50354  54.162  -14.218  42.388 0.0000000000
50355  54.597  -13.975  42.436 0.0000000000
50356  54.575  -13.745  42.046 0.0000000000
50357  55.053  -13.861  42.458 0.0000000000
50358  55.482  -13.855  42.448 0.0000000000
50359  55.489  -14.089  42.784 0.0000000000
50360  54.101  -17.611  42.195 0.0000000000
50361  54.498  -17.286  41.970 0.0000000000
50362  53.822  -17.776  41.579 0.0000000000
50363  53.554  -17.919  40.956 0.0000000000
50364  53.163  -18.238  41.172 0.0000000000
50365  52.492  -18.663  40.687 0.0000000000
50366  52.793  -18.514  41.369 0.0000000000
50367  51.173  -20.065  43.132 0.0000000000
50368  50.943  -20.206  42.451 0.0000000000
50369  50.732  -20.511  42.658 0.0000000000
50370  50.158  -20.970  42.079 0.0000000000
50371  50.401  -20.869  42.710 0.0000000000
50372  53.057  -18.871  47.952 0.0000000000
50373  52.853  -19.038  47.437 0.0000000000
50374  52.546  -19.462  47.525 0.0000000000
50686  52.597  -3.873  30.490 0.0000000000
50687  53.476  -3.554  31.105 0.0000000000
52342  60.316  -12.239  32.076 0.0000000000
52343  60.294  -12.374  31.487 0.0000000000
52344  59.968  -12.736  31.875 0.0000000000
55014  47.086  -11.084  26.988 0.0000000000
55015  47.643  -11.704  27.411 0.0000000000
55016  47.065  -11.557  27.407 0.0000000000
55017  46.503  -12.357  28.305 0.0000000000
55018  47.093  -12.456  28.334 0.0000000000
55019  47.117  -12.867  28.837 0.0000000000
55020  47.871  -13.304  29.524 0.0000000000
55021  47.228  -13.268  29.368 0.0000000000
55028  51.162  -15.690  48.108 0.0000000000
55030  52.068  -15.336  49.264 0.0000000000
55133  45.367  -7.653  28.946 0.0000000000
55134  45.882  -7.265  28.841 0.0000000000
55135  45.515  -7.719  28.437 0.0000000000
55136  45.822  -8.442  27.239 0.0000000000
55137  45.964  -7.870  27.470 0.0000000000
55138  46.230  -7.998  27.011 0.0000000000
55139  46.664  -7.585  26.742 0.0000000000
55140  46.547  -8.178  26.541 0.0000000000
55141  46.894  -8.366  26.163 0.0000000000
55142  46.536  -8.759  26.450 0.0000000000
55143  46.359  -10.337  26.891 0.0000000000
55144  46.670  -9.950  26.543 0.0000000000
55145  46.858  -10.526  26.698 0.0000000000
55146  47.366  -10.698  26.577 0.0000000000
55687  53.393  -17.973  35.579 0.0000000000
55688  53.291  -18.142  34.997 0.0000000000
55689  52.978  -18.347  35.095 0.0000000000
55690  52.035  -19.295  34.479 0.0000000000
55691  52.354  -19.120  34.342 0.0000000000
55692  52.139  -19.562  34.078 0.0000000000
56814  41.477  -9.887  32.230 0.0000000000
56815  41.221  -10.365  31.656 0.0000000000
56816  40.999  -10.400  32.101 0.0000000000
56817  39.970  -11.482  32.415 0.0000000000
56818  40.198  -11.441  31.985 0.0000000000
56819  39.956  -12.066  31.939 0.0000000000
56820  40.056  -12.633  31.682 0.0000000000
56821  39.742  -12.660  32.026 0.0000000000
56940  44.465  -8.714  34.636 0.0000000000
56941  44.518  -8.604  34.133 0.0000000000
56942  43.802  -8.887  34.169 0.0000000000
56943  41.770  -9.594  33.140 0.0000000000
56944  42.412  -9.264  33.219 0.0000000000
56945  41.873  -9.523  32.637 0.0000000000
56946  42.023  -9.457  32.162 0.0000000000
57487  48.546  -22.176  38.243 0.0000000000
57488  48.538  -22.305  37.600 0.0000000000
59930  56.733  -12.073  39.214 0.0000000000
59931  56.801  -11.934  38.715 0.0000000000
59932  57.187  -12.090  39.195 0.0000000000
59933  57.568  -12.159  39.075 0.0000000000
59934  57.469  -12.371  39.472 0.0000000000
59935  57.643  -12.810  39.602 0.0000000000
59936  57.348  -12.609  39.842 0.0000000000
59937  56.765  -13.060  40.738 0.0000000000
59938  57.066  -13.220  40.549 0.0000000000
59939  56.960  -13.565  40.834 0.0000000000
59940  57.053  -14.135  40.825 0.0000000000
59941  56.867  -13.897  41.136 0.0000000000
59942  44.590  -15.899  32.208 0.0000000000
59943  45.225  -15.807  32.298 0.0000000000
59944  45.352  -16.179  32.931 0.0000000000
59945  46.991  -16.668  35.321 0.0000000000
59946  46.795  -16.433  34.617 0.0000000000
59947  47.541  -16.406  35.521 0.0000000000
59948  48.094  -16.102  35.781 0.0000000000
59949  48.176  -16.285  36.423 0.0000000000
59950  53.149  -15.179  44.737 0.0000000000
59951  52.996  -15.203  44.069 0.0000000000
59952  53.664  -14.972  44.688 0.0000000000
59953  54.913  -15.138  44.742 0.0000000000
59954  54.463  -14.884  44.423 0.0000000000
59955  54.828  -14.894  44.242 0.0000000000
59956  54.767  -14.666  43.742 0.0000000000
59957  55.170  -14.937  44.054 0.0000000000
59958  55.421  -15.055  43.803 0.0000000000
59959  55.382  -15.384  44.175 0.0000000000
59960  54.886  -16.872  44.453 0.0000000000
59961  55.179  -16.529  44.121 0.0000000000
59962  54.738  -17.133  43.931 0.0000000000
59963  54.579  -17.336  43.392 0.0000000000
59964  54.198  -17.686  43.615 0.0000000000
59965  53.605  -18.058  43.283 0.0000000000
59966  53.842  -17.892  43.898 0.0000000000
59967  53.480  -18.157  44.962 0.0000000000
59968  53.213  -18.347  44.326 0.0000000000
59969  52.849  -18.610  44.542 0.0000000000
59970  52.177  -19.091  44.089 0.0000000000
59971  52.458  -18.913  44.747 0.0000000000
60278  55.646  -2.591  37.069 0.0000000000
60279  56.061  -2.015  36.966 0.0000000000
60280  55.727  -2.511  36.536 0.0000000000
60281  55.510  -2.744  35.061 0.0000000000
60282  55.942  -2.255  35.490 0.0000000000
60283  56.026  -2.118  34.935 0.0000000000
61942  59.342  -13.670  33.659 0.0000000000
61943  59.261  -13.790  32.992 0.0000000000
61944  58.918  -14.097  33.300 0.0000000000
61946  57.967  -14.940  32.641 0.0000000000
67139  53.202  -13.477  35.986 0.0000000000
67140  53.858  -13.044  36.918 0.0000000000
67141  53.165  -13.418  36.610 0.0000000000
67142  46.055  -18.427  37.820 0.0000000000
67143  46.592  -18.139  37.958 0.0000000000
67144  46.797  -18.258  38.816 0.0000000000
67145  48.480  -17.758  41.626 0.0000000000
67146  48.305  -17.786  40.803 0.0000000000
67147  49.022  -17.470  41.729 0.0000000000
67148  49.531  -17.171  41.807 0.0000000000
67149  49.717  -17.097  42.610 0.0000000000
67150  49.282  -17.132  45.101 0.0000000000
67151  49.083  -17.367  44.260 0.0000000000
67152  49.792  -16.891  45.098 0.0000000000
67153  51.423  -15.939  45.780 0.0000000000
67154  50.753  -16.383  45.039 0.0000000000
67155  51.170  -16.150  44.977 0.0000000000
67156  50.972  -16.329  44.152 0.0000000000
67157  51.609  -15.901  44.925 0.0000000000
67158  52.140  -15.627  44.870 0.0000000000
67159  52.348  -15.508  45.530 0.0000000000
67160  53.823  -15.186  47.117 0.0000000000
67161  53.694  -15.143  46.529 0.0000000000
67162  54.197  -15.268  46.887 0.0000000000
67163  54.512  -15.413  46.649 0.0000000000
67164  54.571  -15.692  47.144 0.0000000000
67165  54.694  -16.254  47.205 0.0000000000
67166  54.559  -15.996  47.579 0.0000000000
67167  54.216  -16.378  48.708 0.0000000000
67168  54.331  -16.684  48.358 0.0000000000
67169  54.125  -17.030  48.714 0.0000000000
67170  53.866  -17.654  48.565 0.0000000000
67171  53.908  -17.386  49.014 0.0000000000
67172  53.133  -15.628  49.861 0.0000000000
67173  53.487  -15.766  49.604 0.0000000000
67174  53.476  -16.052  50.069 0.0000000000
67478  50.331  -5.740  32.852 0.0000000000
67479  51.081  -5.351  32.834 0.0000000000
67480  50.362  -5.606  32.301 0.0000000000
67481  49.704  -5.499  30.619 0.0000000000
67482  50.386  -5.304  31.161 0.0000000000
67483  50.403  -5.127  30.555 0.0000000000
67484  51.104  -4.728  30.517 0.0000000000
67485  50.377  -4.968  29.946 0.0000000000
67486  47.014  -6.494  28.594 0.0000000000
67487  47.579  -6.200  29.054 0.0000000000
67488  47.646  -6.191  28.421 0.0000000000
67489  48.954  -5.489  27.508 0.0000000000
67490  48.932  -5.484  28.168 0.0000000000
67491  49.564  -5.086  28.056 0.0000000000
67492  50.239  -4.750  28.682 0.0000000000
67493  50.189  -4.696  27.994 0.0000000000
67508  47.574  -8.775  25.537 0.0000000000
67509  47.938  -8.397  25.206 0.0000000000
67510  48.018  -9.004  25.263 0.0000000000
67511  49.134  -10.040  25.162 0.0000000000
67512  48.924  -9.460  24.836 0.0000000000
69142  56.254  -16.080  34.927 0.0000000000
69143  56.185  -16.242  34.390 0.0000000000
69144  55.753  -16.552  34.460 0.0000000000
69145  54.581  -17.695  33.703 0.0000000000
69150  53.304  -18.553  34.025 0.0000000000
69151  53.675  -18.329  33.935 0.0000000000
72519  43.664  -10.094  28.740 0.0000000000
72520  43.804  -10.673  28.585 0.0000000000
72521  43.445  -10.576  28.871 0.0000000000
72522  42.591  -11.590  29.593 0.0000000000
72523  42.997  -11.639  29.315 0.0000000000
72524  42.857  -12.179  29.597 0.0000000000
72525  43.268  -12.770  29.653 0.0000000000
72526  42.794  -12.689  29.841 0.0000000000
72527  41.119  -11.466  30.850 0.0000000000
72528  41.455  -11.451  30.503 0.0000000000
72529  41.286  -11.995  30.625 0.0000000000
72530  41.797  -13.781  30.747 0.0000000000
72531  41.847  -13.197  30.484 0.0000000000
72532  42.246  -13.802  30.587 0.0000000000
72533  42.737  -13.816  30.454 0.0000000000
72534  42.746  -14.386  30.797 0.0000000000
72535  43.318  -14.942  31.140 0.0000000000
72536  42.823  -14.988  31.230 0.0000000000
72537  42.479  -16.178  32.206 0.0000000000
72538  43.048  -16.135  32.179 0.0000000000
72539  43.157  -16.643  32.711 0.0000000000
72540  43.842  -16.979  33.309 0.0000000000
72541  43.308  -17.126  33.273 0.0000000000
72545  38.772  -14.038  32.914 0.0000000000
72546  38.963  -13.393  32.823 0.0000000000
72547  39.092  -13.981  32.576 0.0000000000
72548  39.407  -13.911  32.261 0.0000000000
72549  39.293  -14.589  32.448 0.0000000000
72553  40.131  -17.156  33.127 0.0000000000
72554  39.617  -16.549  32.948 0.0000000000
72555  40.063  -16.500  32.762 0.0000000000
72556  40.034  -15.817  32.426 0.0000000000
72557  40.520  -16.450  32.607 0.0000000000
72558  40.973  -16.396  32.477 0.0000000000
72559  41.102  -17.023  32.887 0.0000000000
72560  42.645  -18.392  34.407 0.0000000000
72561  42.381  -17.905  33.783 0.0000000000
72562  43.177  -18.226  34.442 0.0000000000
72563  43.683  -18.039  34.484 0.0000000000
72564  43.940  -18.408  35.232 0.0000000000
72565  44.642  -18.503  36.017 0.0000000000
72566  44.098  -18.734  35.902 0.0000000000
72568  44.482  -19.223  37.481 0.0000000000
72873  52.985  -4.790  37.137 0.0000000000
72874  53.827  -4.365  37.202 0.0000000000
72875  53.049  -4.709  36.622 0.0000000000
72876  53.118  -4.642  36.079 0.0000000000
72877  52.247  -5.071  36.034 0.0000000000
72895  49.847  -6.174  36.453 0.0000000000
72896  49.288  -6.405  34.939 0.0000000000
72897  49.927  -6.176  35.472 0.0000000000
72898  50.041  -6.108  34.967 0.0000000000
72899  50.804  -5.750  34.940 0.0000000000
72900  50.115  -6.049  34.444 0.0000000000
72901  50.190  -5.972  33.927 0.0000000000
72902  49.422  -6.299  33.933 0.0000000000
72903  47.421  -7.086  32.934 0.0000000000
72904  48.093  -6.731  32.928 0.0000000000
72905  47.456  -6.923  32.433 0.0000000000
72906  47.487  -6.758  31.938 0.0000000000
72907  46.786  -7.102  31.949 0.0000000000
72908  44.543  -8.333  33.109 0.0000000000
72909  45.276  -7.996  33.033 0.0000000000
72910  44.609  -8.176  32.619 0.0000000000
72911  44.268  -8.155  31.087 0.0000000000
72912  44.807  -7.926  31.576 0.0000000000
72913  44.904  -7.820  31.024 0.0000000000
72914  45.558  -7.488  30.943 0.0000000000
72915  44.990  -7.731  30.489 0.0000000000
72916  45.056  -7.668  29.962 0.0000000000
72917  44.488  -8.076  30.031 0.0000000000
72918  43.403  -9.492  29.344 0.0000000000
72919  43.852  -9.010  29.253 0.0000000000
72920  43.689  -9.568  28.967 0.0000000000
72921  44.024  -9.611  28.612 0.0000000000
74542  50.637  -19.836  36.959 0.0000000000
74543  50.596  -19.950  36.291 0.0000000000
74544  50.257  -20.197  36.457 0.0000000000
74545  49.450  -21.375  35.727 0.0000000000
74546  49.684  -21.094  35.550 0.0000000000
81836  61.469  -9.043  30.193 0.0000000000
81837  60.928  -9.535  31.614 0.0000000000
81838  61.140  -9.730  31.354 0.0000000000
81839  60.993  -10.092  31.828 0.0000000000
81840  60.900  -10.770  31.938 0.0000000000
81841  60.797  -10.484  32.276 0.0000000000
81842  59.390  -9.272  31.865 0.0000000000
81843  59.866  -9.211  31.907 0.0000000000
81844  59.884  -9.503  32.465 0.0000000000
81845  60.167  -10.705  33.871 0.0000000000
81846  60.315  -10.370  33.289 0.0000000000
81847  60.365  -10.970  33.569 0.0000000000
81848  60.425  -11.274  33.218 0.0000000000
81849  60.256  -11.666  33.761 0.0000000000
81850  60.109  -12.373  33.855 0.0000000000
81851  60.104  -12.094  34.241 0.0000000000
81852  59.687  -12.438  35.535 0.0000000000
81853  59.705  -12.763  35.067 0.0000000000
81854  59.419  -13.109  35.414 0.0000000000
81855  58.969  -13.764  35.241 0.0000000000
81856  59.079  -13.440  35.750 0.0000000000
81875  58.658  -13.475  37.266 0.0000000000
81876  58.917  -13.157  36.993 0.0000000000
81877  58.585  -13.794  36.710 0.0000000000
81878  58.464  -14.124  36.114 0.0000000000
81879  58.181  -14.415  36.216 0.0000000000
81880  57.630  -14.969  35.750 0.0000000000
81881  57.837  -14.684  36.305 0.0000000000
81882  57.232  -14.989  37.212 0.0000000000
81883  56.997  -15.236  36.588 0.0000000000
81884  56.554  -15.555  36.719 0.0000000000
81885  55.855  -16.114  36.224 0.0000000000
81886  56.128  -15.861  36.823 0.0000000000
81887  57.645  -13.946  39.492 0.0000000000
81888  57.659  -14.225  38.969 0.0000000000
81889  57.374  -14.549  39.178 0.0000000000
81890  55.916  -15.910  38.297 0.0000000000
81891  56.249  -15.661  38.208 0.0000000000
81892  55.645  -16.129  37.659 0.0000000000
81893  55.330  -16.394  37.051 0.0000000000
81894  55.004  -16.607  37.125 0.0000000000
81895  54.475  -17.047  36.620 0.0000000000
81896  54.748  -16.818  37.214 0.0000000000
81897  54.407  -17.115  38.068 0.0000000000
81898  54.149  -17.282  37.446 0.0000000000
81899  53.806  -17.539  37.547 0.0000000000
81900  53.151  -17.966  37.039 0.0000000000
81901  53.428  -17.812  37.664 0.0000000000
81902  44.353  -11.868  28.667 0.0000000000
81903  44.875  -11.959  28.499 0.0000000000
81904  44.825  -12.467  28.889 0.0000000000
81905  46.086  -14.023  30.237 0.0000000000
81906  45.982  -13.595  29.761 0.0000000000
81907  46.722  -14.044  30.327 0.0000000000
81908  47.426  -14.062  30.487 0.0000000000
81909  47.542  -14.418  31.056 0.0000000000
81910  46.520  -15.633  32.570 0.0000000000
81911  46.446  -15.266  31.939 0.0000000000
81912  47.172  -15.516  32.757 0.0000000000
81913  49.150  -15.146  34.172 0.0000000000
81914  48.499  -15.221  33.183 0.0000000000
81915  49.166  -15.017  33.445 0.0000000000
81916  49.132  -14.854  32.814 0.0000000000
81917  49.852  -14.800  33.742 0.0000000000
81918  50.495  -14.519  34.064 0.0000000000
81919  50.495  -14.613  34.727 0.0000000000
81920  51.674  -14.116  37.208 0.0000000000
81921  51.696  -14.074  36.612 0.0000000000
81922  52.346  -13.764  37.512 0.0000000000
81923  53.068  -13.419  37.841 0.0000000000
81924  53.039  -13.479  38.437 0.0000000000
81925  47.637  -17.505  38.280 0.0000000000
81926  47.379  -17.368  37.478 0.0000000000
81927  48.160  -17.184  38.452 0.0000000000
81928  50.007  -16.292  39.636 0.0000000000
81929  49.233  -16.511  38.788 0.0000000000
81930  49.789  -16.154  38.937 0.0000000000
81931  49.577  -15.986  38.245 0.0000000000
81932  50.337  -15.789  39.087 0.0000000000
81933  52.746  -15.197  42.713 0.0000000000
81934  52.107  -15.469  42.013 0.0000000000
81935  52.614  -15.131  42.093 0.0000000000
81936  52.875  -14.537  41.069 0.0000000000
81937  52.347  -14.907  40.918 0.0000000000
81938  52.205  -14.764  40.306 0.0000000000
81939  51.516  -14.999  39.490 0.0000000000
81940  52.080  -14.602  39.723 0.0000000000
81941  51.880  -14.488  39.071 0.0000000000
81942  52.630  -14.222  39.953 0.0000000000
81943  54.443  -13.458  41.104 0.0000000000
81944  53.802  -13.523  40.431 0.0000000000
81945  54.432  -13.259  40.642 0.0000000000
81946  54.402  -13.073  40.125 0.0000000000
81947  55.017  -13.060  40.805 0.0000000000
81948  55.493  -12.892  40.902 0.0000000000
81949  55.496  -13.186  41.305 0.0000000000
81950  56.191  -14.081  42.216 0.0000000000
81951  56.249  -13.783  41.924 0.0000000000
81952  56.431  -14.260  41.964 0.0000000000
81953  56.607  -14.472  41.632 0.0000000000
81954  56.447  -14.839  41.882 0.0000000000
81955  55.820  -15.399  43.243 0.0000000000
81956  55.928  -15.060  42.981 0.0000000000
81957  55.901  -15.632  42.854 0.0000000000
81958  55.307  -16.641  41.497 0.0000000000
81959  55.767  -16.106  41.866 0.0000000000
81960  55.608  -16.341  41.298 0.0000000000
81961  55.901  -16.023  41.156 0.0000000000
81962  55.415  -16.526  40.711 0.0000000000
81963  55.182  -16.687  40.079 0.0000000000
81964  54.811  -17.002  40.255 0.0000000000
81965  53.016  -18.167  39.544 0.0000000000
81966  53.506  -17.865  39.339 0.0000000000
81967  52.783  -18.274  38.811 0.0000000000
81968  52.518  -18.390  38.131 0.0000000000
81969  52.117  -18.676  38.339 0.0000000000
81970  51.526  -19.080  37.843 0.0000000000
81971  51.742  -18.973  38.552 0.0000000000
81972  51.356  -19.417  39.679 0.0000000000
81973  51.140  -19.517  38.980 0.0000000000
81974  50.876  -19.739  39.146 0.0000000000
81975  50.498  -20.072  38.646 0.0000000000
81976  50.635  -20.005  39.329 0.0000000000
81977  52.378  -18.864  42.403 0.0000000000
81978  52.113  -19.026  41.754 0.0000000000
81979  51.798  -19.326  41.946 0.0000000000
81980  50.586  -20.453  41.183 0.0000000000
81981  50.851  -20.155  40.980 0.0000000000
81982  50.407  -20.559  40.488 0.0000000000
81983  50.185  -20.644  39.745 0.0000000000
81984  49.946  -20.925  39.936 0.0000000000
81985  49.440  -21.343  39.367 0.0000000000
81986  49.636  -21.250  40.053 0.0000000000
81987  49.028  -21.701  40.847 0.0000000000
81988  48.905  -21.802  40.192 0.0000000000
81989  48.490  -22.016  40.155 0.0000000000
81992  54.226  -17.392  47.053 0.0000000000
81993  54.062  -17.609  46.545 0.0000000000
81994  53.722  -17.945  46.853 0.0000000000
81995  52.314  -19.338  46.306 0.0000000000
81996  52.658  -18.929  46.210 0.0000000000
81997  52.076  -19.483  45.725 0.0000000000
81998  51.836  -19.614  45.102 0.0000000000
81999  51.555  -20.044  45.209 0.0000000000
82006  50.429  -20.888  44.036 0.0000000000
82936  52.663  -4.420  32.801 0.0000000000
82937  53.431  -4.084  33.388 0.0000000000
82938  53.450  -3.962  32.821 0.0000000000
82940  55.021  -2.970  32.806 0.0000000000
87907  61.364  -10.653  30.312 0.0000000000
87909  61.116  -11.224  30.160 0.0000000000
87910  60.134  -12.663  30.296 0.0000000000
87911  60.407  -12.340  29.825 0.0000000000
87912  59.994  -12.845  29.677 0.0000000000
87915  58.924  -14.018  31.798 0.0000000000
87916  59.203  -13.675  31.491 0.0000000000
87917  58.843  -14.072  31.254 0.0000000000
87975  50.537  -20.349  35.085 0.0000000000
87976  50.902  -20.044  34.976 0.0000000000
87977  50.667  -20.586  34.642 0.0000000000
92913  46.096  -10.771  27.254 0.0000000000
92914  46.563  -11.442  27.483 0.0000000000
92915  46.052  -11.291  27.583 0.0000000000
92916  45.962  -11.760  27.924 0.0000000000
92917  45.947  -12.214  28.317 0.0000000000
92984  44.880  -8.626  28.271 0.0000000000
92985  45.287  -8.212  28.122 0.0000000000
92986  45.158  -8.748  27.862 0.0000000000
92987  45.458  -8.875  27.460 0.0000000000
92988  45.790  -9.017  27.067 0.0000000000
92989  46.187  -9.161  26.744 0.0000000000
92990  45.820  -9.593  27.055 0.0000000000
92991  45.910  -10.161  27.104 0.0000000000
93316  52.754  -18.381  35.864 0.0000000000
93317  52.644  -18.526  35.209 0.0000000000
93318  52.337  -18.760  35.431 0.0000000000
93319  51.971  -19.123  35.031 0.0000000000
93320  51.610  -19.554  34.657 0.0000000000
93993  41.174  -10.053  33.164 0.0000000000
93994  40.771  -10.464  32.550 0.0000000000
93995  40.626  -10.485  33.033 0.0000000000
93996  40.116  -11.020  32.923 0.0000000000
93997  39.769  -11.546  32.866 0.0000000000
94069  43.065  -9.184  34.172 0.0000000000
94070  42.326  -9.546  34.171 0.0000000000
94071  41.698  -9.745  33.685 0.0000000000
95861  55.106  -12.428  37.541 0.0000000000
95862  55.753  -12.133  37.821 0.0000000000
95863  55.676  -12.178  38.397 0.0000000000
95864  56.210  -12.124  39.140 0.0000000000
95865  56.646  -12.242  39.661 0.0000000000
95866  56.960  -12.476  40.011 0.0000000000
95867  56.533  -12.414  40.109 0.0000000000
95868  56.463  -12.675  40.498 0.0000000000
95869  56.399  -12.954  40.831 0.0000000000
95870  44.925  -16.687  33.475 0.0000000000
95871  45.517  -16.520  33.604 0.0000000000
95872  45.637  -16.848  34.264 0.0000000000
95873  46.395  -16.905  35.126 0.0000000000
95874  47.063  -16.923  35.995 0.0000000000
95875  54.341  -15.102  45.672 0.0000000000
95876  54.244  -15.002  45.145 0.0000000000
95877  54.686  -15.182  45.455 0.0000000000
95878  54.967  -15.333  45.208 0.0000000000
95879  55.183  -15.535  44.915 0.0000000000
95880  55.330  -15.731  44.590 0.0000000000
95881  55.217  -16.004  44.981 0.0000000000
95882  55.007  -16.620  44.958 0.0000000000
95883  54.600  -17.190  44.750 0.0000000000
95884  54.096  -17.714  44.458 0.0000000000
95885  54.326  -17.457  44.990 0.0000000000
95886  54.036  -17.731  45.240 0.0000000000
95887  53.712  -17.994  45.549 0.0000000000
96071  54.634  -3.643  36.163 0.0000000000
96072  55.275  -3.030  36.125 0.0000000000
96073  54.750  -3.507  35.638 0.0000000000
96074  54.855  -3.370  35.090 0.0000000000
96075  54.907  -3.207  34.524 0.0000000000
97069  58.633  -14.304  34.278 0.0000000000
97070  58.541  -14.419  33.615 0.0000000000
97071  58.161  -14.770  33.880 0.0000000000
97072  57.695  -15.201  33.413 0.0000000000
100189  51.882  -14.037  34.693 0.0000000000
100190  46.481  -18.610  39.544 0.0000000000
100191  47.035  -18.326  39.702 0.0000000000
100192  47.240  -18.328  40.602 0.0000000000
100193  47.944  -18.031  41.554 0.0000000000
100194  48.715  -17.646  42.533 0.0000000000
100195  50.747  -16.139  46.711 0.0000000000
100196  50.530  -16.413  45.915 0.0000000000
100197  51.209  -15.948  46.632 0.0000000000
100198  51.664  -15.739  46.509 0.0000000000
100199  52.090  -15.537  46.346 0.0000000000
100200  52.539  -15.378  46.213 0.0000000000
100201  52.747  -15.292  46.888 0.0000000000
100202  53.393  -15.206  47.335 0.0000000000
100203  54.012  -15.388  47.706 0.0000000000
100204  54.328  -15.768  47.891 0.0000000000
100205  54.070  -15.550  48.176 0.0000000000
100206  54.097  -15.838  48.627 0.0000000000
100207  54.042  -16.131  49.044 0.0000000000
100391  48.904  -6.139  31.882 0.0000000000
100392  49.634  -5.812  31.831 0.0000000000
100393  48.932  -5.976  31.297 0.0000000000
100394  48.957  -5.805  30.693 0.0000000000
100395  48.962  -5.657  30.095 0.0000000000
100396  47.264  -6.622  27.376 0.0000000000
100397  47.719  -6.204  27.799 0.0000000000
100398  47.789  -6.285  27.204 0.0000000000
100399  48.376  -5.925  27.033 0.0000000000
100400  48.975  -5.521  26.863 0.0000000000
100401  49.535  -5.121  26.727 0.0000000000
100402  48.994  -5.610  26.244 0.0000000000
100409  47.868  -9.952  25.811 0.0000000000
100410  48.139  -9.583  25.421 0.0000000000
100411  48.375  -10.163  25.688 0.0000000000
100412  48.910  -10.378  25.605 0.0000000000
100413  49.412  -10.559  25.599 0.0000000000
101389  55.393  -16.602  35.181 0.0000000000
101390  55.299  -16.775  34.574 0.0000000000
101391  54.924  -17.033  34.658 0.0000000000
101392  54.555  -17.500  34.187 0.0000000000
101393  54.260  -17.923  33.756 0.0000000000
103416  43.003  -9.949  29.492 0.0000000000
103417  43.061  -10.513  29.206 0.0000000000
103418  42.671  -10.474  29.576 0.0000000000
103419  42.432  -11.009  29.706 0.0000000000
103420  42.209  -11.530  29.873 0.0000000000
103421  40.729  -12.610  31.068 0.0000000000
103422  41.084  -12.605  30.801 0.0000000000
103423  41.017  -13.196  30.926 0.0000000000
103424  41.360  -13.767  30.932 0.0000000000
103425  41.826  -14.420  31.065 0.0000000000
103426  42.315  -15.011  31.331 0.0000000000
103427  41.805  -14.996  31.430 0.0000000000
103428  41.802  -15.597  31.841 0.0000000000
103429  41.959  -16.222  32.255 0.0000000000
103434  38.622  -14.695  33.062 0.0000000000
103438  40.217  -17.799  33.552 0.0000000000
103439  40.728  -17.700  33.426 0.0000000000
103440  41.240  -17.589  33.339 0.0000000000
103441  41.380  -18.152  33.843 0.0000000000
103442  42.089  -18.546  34.394 0.0000000000
103443  42.844  -18.797  35.062 0.0000000000
103444  43.537  -18.946  35.802 0.0000000000
103445  43.014  -19.141  35.779 0.0000000000
103630  52.141  -5.152  37.115 0.0000000000
103640  48.498  -6.870  35.954 0.0000000000
103641  49.171  -6.528  35.926 0.0000000000
103642  48.529  -6.863  35.410 0.0000000000
103643  48.611  -6.836  34.952 0.0000000000
103644  48.648  -6.768  34.461 0.0000000000
103645  48.689  -6.666  33.956 0.0000000000
103646  48.007  -7.035  33.939 0.0000000000
103647  47.381  -7.242  33.436 0.0000000000
103648  46.775  -7.432  32.979 0.0000000000
103649  43.301  -8.688  32.142 0.0000000000
103650  44.017  -8.358  32.183 0.0000000000
103651  43.470  -8.596  31.626 0.0000000000
103652  43.603  -8.529  31.148 0.0000000000
103653  43.757  -8.486  30.618 0.0000000000
103654  43.933  -8.469  30.056 0.0000000000
103655  43.378  -8.910  30.160 0.0000000000
103656  43.142  -9.409  29.754 0.0000000000
104629  50.114  -20.320  37.317 0.0000000000
104630  49.992  -20.440  36.621 0.0000000000
104631  49.744  -20.693  36.777 0.0000000000
104632  49.446  -21.152  36.298 0.0000000000
104633  49.249  -21.677  35.909 0.0000000000
109005  60.840  -8.316  30.057 0.0000000000
109006  61.186  -8.804  30.452 0.0000000000
109007  60.796  -8.704  30.608 0.0000000000
109008  60.720  -9.058  31.213 0.0000000000
109009  60.648  -9.376  31.767 0.0000000000
109011  59.803  -9.827  33.037 0.0000000000
109012  59.705  -10.132  33.667 0.0000000000
109013  59.924  -10.532  34.114 0.0000000000
109014  60.049  -11.057  34.445 0.0000000000
109015  60.060  -11.756  34.628 0.0000000000
109016  59.967  -11.403  35.003 0.0000000000
109017  59.799  -11.754  35.485 0.0000000000
109018  59.607  -12.122  35.964 0.0000000000
109024  57.724  -11.702  38.162 0.0000000000
109026  58.083  -11.757  38.079 0.0000000000
109027  58.409  -11.853  37.948 0.0000000000
109028  58.696  -11.988  37.725 0.0000000000
109029  58.929  -12.234  37.425 0.0000000000
109030  58.765  -12.578  37.784 0.0000000000
109031  58.691  -13.181  37.717 0.0000000000
109032  58.403  -13.809  37.386 0.0000000000
109033  58.006  -14.415  36.908 0.0000000000
109034  58.108  -14.142  37.481 0.0000000000
109035  57.774  -14.480  37.601 0.0000000000
109036  57.458  -14.746  37.801 0.0000000000
109037  57.167  -14.637  39.936 0.0000000000
109038  57.057  -14.878  39.373 0.0000000000
109039  56.747  -15.206  39.491 0.0000000000
109040  56.166  -15.712  38.947 0.0000000000
109041  55.564  -16.188  38.403 0.0000000000
109042  55.017  -16.601  37.829 0.0000000000
109043  55.299  -16.425  38.531 0.0000000000
109044  54.959  -16.701  38.590 0.0000000000
109045  54.665  -16.959  38.709 0.0000000000
109046  44.236  -12.891  29.386 0.0000000000
109047  44.769  -12.950  29.279 0.0000000000
109048  44.769  -13.438  29.705 0.0000000000
109049  45.452  -13.983  30.184 0.0000000000
109050  46.183  -14.447  30.748 0.0000000000
109051  47.939  -15.766  34.386 0.0000000000
109052  47.889  -15.597  33.633 0.0000000000
109053  48.567  -15.512  34.622 0.0000000000
109054  49.177  -15.249  34.898 0.0000000000
109055  49.820  -14.964  35.144 0.0000000000
109056  50.460  -14.673  35.391 0.0000000000
109057  50.443  -14.729  36.051 0.0000000000
109058  51.029  -14.463  36.930 0.0000000000
109059  51.711  -14.229  37.827 0.0000000000
109060  49.099  -17.158  40.091 0.0000000000
109061  48.917  -17.022  39.360 0.0000000000
109062  49.644  -16.800  40.197 0.0000000000
109063  50.202  -16.434  40.321 0.0000000000
109064  50.762  -16.058  40.454 0.0000000000
109065  53.759  -14.594  42.832 0.0000000000
109066  53.114  -14.793  42.205 0.0000000000
109067  53.624  -14.493  42.304 0.0000000000
109068  53.539  -14.329  41.792 0.0000000000
109069  53.391  -14.171  41.230 0.0000000000
109070  53.293  -13.998  40.713 0.0000000000
109071  53.932  -13.849  41.408 0.0000000000
109072  54.484  -13.601  41.584 0.0000000000
109073  55.033  -13.461  41.704 0.0000000000
109074  55.486  -13.417  41.725 0.0000000000
109075  55.491  -13.640  42.108 0.0000000000
109076  55.887  -13.933  42.383 0.0000000000
109077  56.102  -14.399  42.456 0.0000000000
109078  55.298  -16.630  42.838 0.0000000000
109079  55.596  -16.244  42.621 0.0000000000
109080  55.105  -16.812  42.287 0.0000000000
109081  54.858  -16.967  41.728 0.0000000000
109082  54.644  -17.133  41.124 0.0000000000
109083  54.417  -17.302  40.476 0.0000000000
109084  53.985  -17.599  40.721 0.0000000000
109085  53.277  -18.048  40.271 0.0000000000
109086  52.643  -18.470  39.799 0.0000000000
109087  51.977  -18.868  39.264 0.0000000000
109088  52.233  -18.778  39.990 0.0000000000
109089  51.874  -19.066  40.187 0.0000000000
109090  51.585  -19.322  40.373 0.0000000000
109091  51.689  -19.459  42.757 0.0000000000
109092  51.477  -19.635  42.116 0.0000000000
109093  51.174  -19.927  42.262 0.0000000000
109094  50.752  -20.310  41.838 0.0000000000
109095  50.285  -20.753  41.322 0.0000000000
109096  49.782  -21.167  40.730 0.0000000000
109097  49.954  -21.071  41.417 0.0000000000
109098  49.594  -21.362  41.474 0.0000000000
109099  49.197  -21.582  41.419 0.0000000000
109100  53.620  -18.078  47.589 0.0000000000
109101  53.407  -18.258  47.070 0.0000000000
109102  53.135  -18.618  47.275 0.0000000000
109103  52.615  -19.185  46.889 0.0000000000
109104  51.995  -19.767  46.348 0.0000000000
109666  52.645  -4.143  31.630 0.0000000000
109667  53.467  -3.837  32.199 0.0000000000
109668  53.475  -3.702  31.620 0.0000000000
109669  54.312  -3.239  31.675 0.0000000000
112648  60.850  -11.402  31.173 0.0000000000
112649  60.856  -11.581  30.563 0.0000000000
112650  60.569  -11.965  30.991 0.0000000000
112651  60.227  -12.497  30.851 0.0000000000
112652  59.819  -13.017  30.723 0.0000000000
116955  48.240  -11.406  26.969 0.0000000000
116957  48.229  -11.847  27.493 0.0000000000
116960  47.100  -12.031  27.868 0.0000000000
116961  47.706  -12.545  28.422 0.0000000000
116964  48.674  -13.676  30.370 0.0000000000
116965  48.830  -13.986  31.006 0.0000000000
116973  50.217  -16.359  46.731 0.0000000000
116974  50.936  -15.891  47.429 0.0000000000
116975  51.645  -15.528  48.014 0.0000000000
116976  52.330  -15.294  48.486 0.0000000000
116977  52.965  -15.301  48.883 0.0000000000
116978  52.503  -15.285  49.088 0.0000000000
116979  52.638  -15.385  49.600 0.0000000000
117122  46.287  -6.905  29.885 0.0000000000
117123  46.890  -6.553  29.812 0.0000000000
117124  46.336  -6.868  29.312 0.0000000000
117125  46.423  -6.862  28.733 0.0000000000
117126  46.532  -6.896  28.160 0.0000000000
117127  45.728  -7.776  27.948 0.0000000000
117128  46.195  -7.355  27.774 0.0000000000
117129  46.715  -6.970  27.559 0.0000000000
117130  46.932  -7.079  26.999 0.0000000000
117131  47.147  -7.239  26.482 0.0000000000
117132  47.369  -7.447  26.000 0.0000000000
117133  47.651  -7.632  25.554 0.0000000000
117134  47.245  -7.985  25.888 0.0000000000
117135  47.227  -8.567  25.830 0.0000000000
117136  47.275  -9.166  25.854 0.0000000000
117137  46.571  -9.354  26.457 0.0000000000
117138  46.966  -9.557  26.199 0.0000000000
117139  47.400  -9.750  25.972 0.0000000000
117140  47.611  -10.343  26.203 0.0000000000
117141  47.898  -10.874  26.504 0.0000000000
117898  54.012  -17.516  35.445 0.0000000000
117899  53.972  -17.702  34.897 0.0000000000
117900  53.602  -17.918  34.926 0.0000000000
117901  53.235  -18.319  34.472 0.0000000000
117902  52.975  -18.751  34.115 0.0000000000
117903  52.634  -18.714  34.680 0.0000000000
117904  52.672  -18.930  34.225 0.0000000000
119475  41.871  -9.849  31.215 0.0000000000
119476  41.752  -10.355  30.757 0.0000000000
119477  41.436  -10.365  31.210 0.0000000000
119478  41.073  -10.922  31.185 0.0000000000
119479  40.806  -11.453  31.227 0.0000000000
119480  40.554  -10.919  31.999 0.0000000000
119481  40.507  -11.434  31.610 0.0000000000
119482  40.598  -12.017  31.241 0.0000000000
119483  40.389  -12.635  31.357 0.0000000000
119484  40.228  -13.226  31.487 0.0000000000
119485  40.126  -13.861  31.666 0.0000000000
119651  45.800  -8.173  35.045 0.0000000000
119652  45.847  -8.085  34.500 0.0000000000
119653  45.886  -7.985  33.978 0.0000000000
119654  45.207  -8.274  34.095 0.0000000000
119655  44.572  -8.475  33.626 0.0000000000
119656  43.875  -8.598  33.185 0.0000000000
119657  43.079  -9.027  33.669 0.0000000000
119658  43.146  -8.894  33.179 0.0000000000
119659  43.204  -8.786  32.666 0.0000000000
119660  42.638  -9.052  32.197 0.0000000000
119661  42.220  -9.391  31.711 0.0000000000
120418  49.098  -21.536  38.026 0.0000000000
120419  49.033  -21.638  37.322 0.0000000000
120420  48.788  -21.988  37.467 0.0000000000
123823  59.227  -8.834  30.609 0.0000000000
123838  56.301  -11.952  38.029 0.0000000000
123839  56.838  -11.797  38.187 0.0000000000
123840  57.332  -11.688  38.255 0.0000000000
123841  57.649  -11.928  38.626 0.0000000000
123842  57.891  -12.270  38.898 0.0000000000
123843  58.023  -12.720  39.024 0.0000000000
123844  58.015  -13.275  38.979 0.0000000000
123845  57.857  -13.037  39.313 0.0000000000
123846  57.687  -13.330  39.625 0.0000000000
123847  57.518  -13.650  39.929 0.0000000000
123848  57.219  -12.900  40.247 0.0000000000
123849  57.324  -13.421  40.275 0.0000000000
123850  57.377  -14.050  40.181 0.0000000000
123851  57.177  -14.385  40.400 0.0000000000
123852  56.957  -14.671  40.618 0.0000000000
123853  56.696  -14.979  40.783 0.0000000000
123854  44.417  -14.962  31.127 0.0000000000
123855  45.006  -14.932  31.119 0.0000000000
123856  45.143  -15.390  31.682 0.0000000000
123857  45.881  -15.724  32.421 0.0000000000
123858  46.631  -15.930  33.236 0.0000000000
123859  46.136  -16.339  33.749 0.0000000000
123860  46.735  -16.178  33.918 0.0000000000
123861  47.334  -15.986  34.141 0.0000000000
123862  48.010  -15.935  35.115 0.0000000000
123863  48.673  -15.795  35.982 0.0000000000
123864  49.309  -15.664  36.862 0.0000000000
123865  51.846  -15.826  43.365 0.0000000000
123866  51.687  -15.869  42.663 0.0000000000
123867  52.339  -15.508  43.415 0.0000000000
123868  52.886  -15.212  43.399 0.0000000000
123869  53.386  -14.959  43.375 0.0000000000
123870  54.057  -14.887  44.585 0.0000000000
123871  53.961  -14.832  43.932 0.0000000000
123872  53.829  -14.744  43.360 0.0000000000
123873  54.311  -14.550  43.334 0.0000000000
123874  54.735  -14.441  43.297 0.0000000000
123875  55.130  -14.396  43.234 0.0000000000
123876  55.506  -14.393  43.142 0.0000000000
123877  55.473  -14.752  43.468 0.0000000000
123878  55.644  -15.202  43.538 0.0000000000
123879  55.644  -15.763  43.520 0.0000000000
123880  55.419  -15.922  44.218 0.0000000000
123881  55.459  -16.131  43.802 0.0000000000
123882  55.406  -16.398  43.340 0.0000000000
123883  54.977  -16.973  43.124 0.0000000000
123884  54.362  -17.453  42.809 0.0000000000
123885  53.728  -17.925  42.435 0.0000000000
123886  53.094  -18.356  42.028 0.0000000000
123887  53.357  -18.206  42.661 0.0000000000
123888  52.993  -18.446  42.856 0.0000000000
123889  52.662  -18.655  43.037 0.0000000000
123890  53.517  -18.118  44.102 0.0000000000
123891  52.924  -18.519  43.684 0.0000000000
123892  52.291  -18.959  43.278 0.0000000000
123893  51.935  -19.256  43.423 0.0000000000
123894  51.647  -19.583  43.614 0.0000000000
123895  51.387  -19.911  43.810 0.0000000000
124330  55.840  -2.400  36.034 0.0000000000
124331  56.285  -1.785  35.927 0.0000000000
126655  59.810  -12.956  32.889 0.0000000000
126656  59.680  -13.099  32.236 0.0000000000
126657  59.458  -13.438  32.619 0.0000000000
126658  59.086  -13.910  32.365 0.0000000000
126659  58.666  -14.322  32.079 0.0000000000
126660  58.462  -14.509  32.941 0.0000000000
126661  58.366  -14.597  32.383 0.0000000000
133427  54.481  -12.728  37.240 0.0000000000
133428  54.409  -12.739  37.820 0.0000000000
133429  54.388  -12.742  38.409 0.0000000000
133430  45.651  -18.004  36.225 0.0000000000
133431  46.179  -17.725  36.402 0.0000000000
133432  46.382  -17.955  37.176 0.0000000000
133433  47.119  -17.840  38.111 0.0000000000
133434  47.823  -17.691  39.040 0.0000000000
133435  47.548  -18.067  39.808 0.0000000000
133436  48.055  -17.782  39.899 0.0000000000
133437  48.568  -17.478  39.987 0.0000000000
133438  49.312  -17.202  40.945 0.0000000000
133439  50.035  -16.857  41.847 0.0000000000
133440  50.697  -16.486  42.603 0.0000000000
133441  48.426  -17.792  43.350 0.0000000000
133442  48.916  -17.545  43.395 0.0000000000
133443  49.404  -17.279  43.437 0.0000000000
133444  50.295  -16.639  45.091 0.0000000000
133445  50.072  -16.846  44.263 0.0000000000
133446  49.888  -17.005  43.424 0.0000000000
133447  50.358  -16.714  43.384 0.0000000000
133448  50.831  -16.414  43.381 0.0000000000
133449  51.341  -16.122  43.363 0.0000000000
133450  51.982  -15.764  44.122 0.0000000000
133451  52.650  -15.392  44.811 0.0000000000
133452  53.330  -15.153  45.390 0.0000000000
133453  53.021  -15.255  46.066 0.0000000000
133454  53.473  -15.160  45.930 0.0000000000
133455  53.917  -15.081  45.846 0.0000000000
133456  54.435  -15.227  46.170 0.0000000000
133457  54.782  -15.587  46.384 0.0000000000
133458  54.839  -16.133  46.458 0.0000000000
133459  54.712  -16.738  46.399 0.0000000000
133460  54.729  -16.507  46.811 0.0000000000
133461  54.558  -16.822  47.152 0.0000000000
133462  54.318  -17.174  47.482 0.0000000000
133463  54.481  -16.323  47.967 0.0000000000
133464  54.352  -16.935  47.918 0.0000000000
133465  54.019  -17.523  47.816 0.0000000000
133466  53.769  -17.892  48.085 0.0000000000
133467  53.519  -18.268  48.275 0.0000000000
133468  53.251  -18.652  48.466 0.0000000000
133469  53.476  -15.532  49.155 0.0000000000
133470  53.794  -15.938  49.344 0.0000000000
133471  53.921  -16.466  49.423 0.0000000000
133472  53.645  -16.606  50.107 0.0000000000
133473  53.789  -16.848  49.745 0.0000000000
133474  53.892  -17.105  49.412 0.0000000000
133475  53.692  -17.760  49.253 0.0000000000
133476  53.358  -18.415  48.954 0.0000000000
133856  51.727  -5.191  33.876 0.0000000000
133857  52.575  -4.707  33.859 0.0000000000
133858  51.824  -5.043  33.368 0.0000000000
133859  51.882  -4.893  32.872 0.0000000000
133860  51.887  -4.749  32.299 0.0000000000
133861  50.371  -5.480  31.758 0.0000000000
133862  51.126  -5.062  31.715 0.0000000000
133863  51.856  -4.611  31.678 0.0000000000
133864  51.823  -4.476  31.085 0.0000000000
133865  51.808  -4.312  30.462 0.0000000000
133866  51.760  -4.158  29.851 0.0000000000
133867  47.539  -6.221  29.700 0.0000000000
133868  48.249  -5.920  29.565 0.0000000000
133869  48.940  -5.557  29.464 0.0000000000
133870  48.312  -5.815  28.289 0.0000000000
133871  48.923  -5.508  28.830 0.0000000000
133872  49.628  -5.217  29.400 0.0000000000
133873  50.276  -4.849  29.301 0.0000000000
133874  50.968  -4.449  29.252 0.0000000000
133875  51.671  -4.037  29.244 0.0000000000
133895  47.963  -7.824  25.194 0.0000000000
133896  48.316  -8.019  24.870 0.0000000000
133898  48.469  -9.230  25.030 0.0000000000
133899  48.809  -8.838  24.636 0.0000000000
135964  57.093  -15.564  34.722 0.0000000000
135965  57.039  -15.712  34.209 0.0000000000
135966  56.624  -15.969  34.295 0.0000000000
135967  56.178  -16.382  33.860 0.0000000000
135969  55.286  -16.957  34.062 0.0000000000
135975  53.932  -17.936  34.353 0.0000000000
135976  53.962  -18.124  33.833 0.0000000000
140154  44.398  -10.254  28.135 0.0000000000
140155  44.611  -10.857  28.109 0.0000000000
140156  44.196  -10.750  28.344 0.0000000000
140157  44.034  -11.277  28.559 0.0000000000
140158  43.911  -11.816  28.855 0.0000000000
140159  43.231  -11.095  29.048 0.0000000000
140160  43.447  -11.725  29.072 0.0000000000
140161  43.791  -12.312  29.177 0.0000000000
140162  43.743  -12.839  29.518 0.0000000000
140163  43.724  -13.338  29.862 0.0000000000
140164  43.739  -13.888  30.252 0.0000000000
140165  41.700  -10.915  30.431 0.0000000000
140166  41.828  -11.481  30.177 0.0000000000
140167  42.019  -12.055  30.063 0.0000000000
140168  41.464  -12.604  30.542 0.0000000000
140169  41.889  -12.627  30.288 0.0000000000
140170  42.338  -12.645  30.052 0.0000000000
140171  42.716  -13.249  30.151 0.0000000000
140172  43.235  -13.852  30.346 0.0000000000
140173  43.789  -14.459  30.678 0.0000000000
140174  43.856  -14.968  31.151 0.0000000000
140175  43.942  -15.479  31.644 0.0000000000
140176  44.051  -15.982  32.176 0.0000000000
140177  42.898  -15.582  31.698 0.0000000000
140178  43.540  -16.063  32.173 0.0000000000
140179  44.219  -16.415  32.762 0.0000000000
140180  44.400  -16.833  33.364 0.0000000000
140181  44.546  -17.263  34.031 0.0000000000
140182  44.720  -17.639  34.671 0.0000000000
140184  39.588  -11.637  33.318 0.0000000000
140185  39.450  -12.152  32.834 0.0000000000
140186  38.933  -12.840  33.223 0.0000000000
140187  39.195  -12.783  32.792 0.0000000000
140188  39.445  -12.719  32.393 0.0000000000
140189  39.567  -13.300  32.120 0.0000000000
140190  39.763  -13.890  31.943 0.0000000000
140191  40.038  -14.479  31.900 0.0000000000
140194  38.884  -15.305  32.916 0.0000000000
140195  39.212  -16.605  33.163 0.0000000000
140196  39.203  -15.948  32.904 0.0000000000
140197  39.257  -15.271  32.638 0.0000000000
140198  39.621  -15.212  32.386 0.0000000000
140199  39.989  -15.145  32.156 0.0000000000
140200  40.435  -15.093  31.915 0.0000000000
140201  40.918  -15.701  32.097 0.0000000000
140202  41.457  -16.288  32.340 0.0000000000
140203  42.086  -16.833  32.737 0.0000000000
140204  41.746  -17.485  33.273 0.0000000000
140205  42.259  -17.391  33.240 0.0000000000
140206  42.786  -17.278  33.261 0.0000000000
140207  43.456  -17.604  33.848 0.0000000000
140208  44.206  -17.833  34.552 0.0000000000
140209  44.927  -17.968  35.353 0.0000000000
140210  45.144  -18.264  36.110 0.0000000000
140211  45.349  -18.508  36.896 0.0000000000
140212  45.545  -18.707  37.708 0.0000000000
140213  44.291  -19.000  36.659 0.0000000000
140214  44.999  -18.978  37.567 0.0000000000
140215  45.741  -18.835  38.543 0.0000000000
140216  45.972  -18.882  39.438 0.0000000000
140586  55.521  -2.682  37.581 0.0000000000
140587  55.130  -3.184  37.145 0.0000000000
140588  54.431  -3.888  37.740 0.0000000000
140589  54.518  -3.768  37.206 0.0000000000
140590  54.567  -3.744  36.665 0.0000000000
140591  53.890  -4.192  36.119 0.0000000000
140592  53.199  -4.562  35.538 0.0000000000
140593  52.433  -4.916  34.951 0.0000000000
140614  51.367  -5.513  36.526 0.0000000000
140615  49.884  -6.176  35.957 0.0000000000
140616  50.655  -5.825  36.013 0.0000000000
140617  51.426  -5.484  35.975 0.0000000000
140618  51.498  -5.432  35.439 0.0000000000
140619  51.594  -5.343  34.925 0.0000000000
140620  51.660  -5.277  34.394 0.0000000000
140621  50.967  -5.601  33.910 0.0000000000
140622  50.290  -5.866  33.389 0.0000000000
140623  49.584  -6.075  32.880 0.0000000000
140624  48.753  -6.532  33.437 0.0000000000
140625  48.829  -6.401  32.908 0.0000000000
140626  48.879  -6.273  32.393 0.0000000000
140627  48.193  -6.451  31.901 0.0000000000
140628  47.509  -6.610  31.434 0.0000000000
140629  46.846  -6.781  30.958 0.0000000000
140630  45.905  -7.887  33.479 0.0000000000
140631  46.036  -7.754  32.966 0.0000000000
140632  46.094  -7.593  32.449 0.0000000000
140633  44.712  -8.031  32.120 0.0000000000
140634  45.424  -7.718  32.006 0.0000000000
140635  46.107  -7.425  31.938 0.0000000000
140636  46.160  -7.284  31.445 0.0000000000
140637  46.194  -7.133  30.939 0.0000000000
140638  46.229  -7.003  30.431 0.0000000000
140639  45.678  -7.304  29.919 0.0000000000
140640  45.223  -7.631  29.453 0.0000000000
140641  44.832  -8.053  29.023 0.0000000000
140642  44.134  -8.500  29.585 0.0000000000
140643  44.362  -8.527  29.131 0.0000000000
140644  44.613  -8.563  28.690 0.0000000000
140645  44.463  -9.139  28.441 0.0000000000
140646  44.390  -9.695  28.232 0.0000000000
142627  51.229  -19.336  36.588 0.0000000000
142628  51.174  -19.457  35.960 0.0000000000
142629  50.879  -19.712  36.119 0.0000000000
142630  50.524  -20.134  35.614 0.0000000000
142631  50.263  -20.570  35.226 0.0000000000
142632  49.927  -20.616  35.970 0.0000000000
142633  49.968  -20.832  35.386 0.0000000000
142634  50.074  -21.088  34.890 0.0000000000
142638  49.014  -21.789  36.685 0.0000000000
151447  61.398  -10.310  30.678 0.0000000000
151448  61.301  -9.385  30.780 0.0000000000
151449  61.296  -9.970  31.030 0.0000000000
151450  61.162  -10.652  31.125 0.0000000000
151451  60.908  -11.080  31.572 0.0000000000
151452  60.679  -11.498  32.021 0.0000000000
151453  60.440  -11.915  32.463 0.0000000000
151454  59.858  -8.929  31.303 0.0000000000
151455  60.286  -9.249  31.878 0.0000000000
151456  60.560  -9.699  32.253 0.0000000000
151457  60.175  -9.907  32.972 0.0000000000
151458  60.443  -10.030  32.753 0.0000000000
151459  60.651  -10.223  32.512 0.0000000000
151460  60.597  -10.890  32.726 0.0000000000
151461  60.448  -11.592  32.848 0.0000000000
151462  60.186  -12.328  32.918 0.0000000000
151463  59.987  -12.673  33.383 0.0000000000
151464  59.773  -13.049  33.782 0.0000000000
151465  59.508  -13.369  34.154 0.0000000000
151466  59.927  -12.432  34.690 0.0000000000
151467  59.631  -13.065  34.621 0.0000000000
151468  59.200  -13.651  34.503 0.0000000000
151469  58.834  -14.016  34.746 0.0000000000
151470  58.460  -14.414  34.917 0.0000000000
151471  58.074  -14.746  35.016 0.0000000000
151492  59.384  -12.490  36.390 0.0000000000
151493  59.077  -12.526  37.086 0.0000000000
151494  59.153  -12.842  36.705 0.0000000000
151495  59.153  -13.111  36.254 0.0000000000
151496  58.755  -13.773  35.980 0.0000000000
151497  58.271  -14.443  35.533 0.0000000000
151498  57.720  -15.032  35.107 0.0000000000
151499  57.389  -15.261  35.227 0.0000000000
151500  56.926  -15.533  35.300 0.0000000000
151501  56.501  -15.769  35.477 0.0000000000
151502  57.412  -14.964  36.418 0.0000000000
151503  56.758  -15.489  35.992 0.0000000000
151504  56.068  -16.046  35.615 0.0000000000
151505  55.621  -16.359  35.699 0.0000000000
151506  55.201  -16.659  35.788 0.0000000000
151507  54.881  -16.870  35.859 0.0000000000
151508  57.891  -13.877  38.767 0.0000000000
151509  57.597  -14.488  38.403 0.0000000000
151510  57.065  -15.050  37.948 0.0000000000
151511  56.866  -15.121  38.731 0.0000000000
151512  56.632  -15.380  38.107 0.0000000000
151513  56.389  -15.618  37.461 0.0000000000
151514  55.714  -16.139  36.917 0.0000000000
151515  55.114  -16.623  36.444 0.0000000000
151516  54.555  -17.067  35.972 0.0000000000
151517  54.205  -17.286  36.028 0.0000000000
151518  53.901  -17.505  36.067 0.0000000000
151519  53.615  -17.725  36.167 0.0000000000
151520  54.464  -17.040  37.327 0.0000000000
151521  53.849  -17.488  36.802 0.0000000000
151522  53.322  -17.928  36.299 0.0000000000
151523  52.936  -18.164  36.447 0.0000000000
151524  52.533  -18.409  36.618 0.0000000000
151525  52.124  -18.670  36.807 0.0000000000
151526  44.931  -11.461  28.165 0.0000000000
151527  45.408  -12.080  28.384 0.0000000000
151528  45.900  -12.645  28.756 0.0000000000
151529  45.310  -13.042  29.268 0.0000000000
151530  45.921  -13.122  29.261 0.0000000000
151531  46.555  -13.199  29.292 0.0000000000
151532  47.341  -13.668  29.926 0.0000000000
151533  48.128  -14.044  30.712 0.0000000000
151534  48.954  -14.307  31.533 0.0000000000
151535  45.620  -14.905  31.218 0.0000000000
151536  46.259  -14.878  31.321 0.0000000000
151537  46.940  -14.843  31.467 0.0000000000
151538  47.838  -15.399  32.958 0.0000000000
151539  47.740  -15.131  32.262 0.0000000000
151540  47.649  -14.795  31.649 0.0000000000
151541  48.319  -14.733  31.859 0.0000000000
151542  49.022  -14.628  32.145 0.0000000000
151543  49.734  -14.466  32.447 0.0000000000
151544  50.488  -14.386  33.447 0.0000000000
151545  51.174  -14.266  34.383 0.0000000000
151546  51.878  -14.097  35.350 0.0000000000
151547  51.131  -14.368  35.699 0.0000000000
151548  51.804  -14.088  36.013 0.0000000000
151549  52.489  -13.768  36.322 0.0000000000
151550  53.040  -13.443  37.208 0.0000000000
151551  53.732  -13.069  38.128 0.0000000000
151552  54.401  -12.798  39.027 0.0000000000
151553  46.702  -17.435  36.571 0.0000000000
151554  47.221  -17.128  36.738 0.0000000000
151555  47.751  -16.807  36.968 0.0000000000
151556  48.692  -16.857  38.633 0.0000000000
151557  48.471  -16.683  37.903 0.0000000000
151558  48.304  -16.484  37.165 0.0000000000
151559  48.848  -16.159  37.346 0.0000000000
151560  49.410  -15.837  37.561 0.0000000000
151561  49.996  -15.479  37.735 0.0000000000
151562  51.590  -15.824  41.928 0.0000000000
151563  51.455  -15.752  41.271 0.0000000000
151564  51.269  -15.676  40.610 0.0000000000
151565  52.504  -15.028  41.535 0.0000000000
151566  51.805  -15.295  40.763 0.0000000000
151567  51.183  -15.511  39.959 0.0000000000
151568  50.888  -15.411  39.264 0.0000000000
151569  50.758  -15.252  38.646 0.0000000000
151570  50.570  -15.100  37.950 0.0000000000
151571  51.149  -14.719  38.201 0.0000000000
151572  51.743  -14.367  38.485 0.0000000000
151573  52.397  -13.969  38.733 0.0000000000
151574  53.194  -13.848  40.206 0.0000000000
151575  53.096  -13.711  39.622 0.0000000000
151576  53.054  -13.576  39.014 0.0000000000
151577  53.724  -13.204  39.312 0.0000000000
151578  54.403  -12.922  39.601 0.0000000000
151579  55.030  -12.672  39.812 0.0000000000
151580  55.579  -12.689  40.468 0.0000000000
151581  55.969  -12.898  40.885 0.0000000000
151582  56.341  -13.242  41.205 0.0000000000
151583  55.904  -13.434  41.676 0.0000000000
151584  56.296  -13.511  41.583 0.0000000000
151585  56.625  -13.691  41.382 0.0000000000
151586  56.755  -14.191  41.392 0.0000000000
151587  56.688  -14.740  41.254 0.0000000000
151588  56.425  -15.331  40.898 0.0000000000
151589  55.792  -14.554  42.974 0.0000000000
151590  56.015  -14.717  42.724 0.0000000000
151591  56.187  -14.894  42.400 0.0000000000
151592  55.865  -15.868  42.397 0.0000000000
151593  56.103  -15.512  42.179 0.0000000000
151594  56.324  -15.164  42.047 0.0000000000
151595  56.281  -15.428  41.561 0.0000000000
151596  56.170  -15.682  41.015 0.0000000000
151597  55.982  -15.940  40.431 0.0000000000
151598  55.462  -16.360  39.933 0.0000000000
151599  54.931  -16.820  39.422 0.0000000000
151600  54.327  -17.254  38.879 0.0000000000
151601  54.155  -17.452  39.783 0.0000000000
151602  53.915  -17.567  39.092 0.0000000000
151603  53.675  -17.688  38.359 0.0000000000
151604  52.918  -18.146  37.876 0.0000000000
151605  52.292  -18.536  37.442 0.0000000000
151606  51.684  -18.956  37.000 0.0000000000
151607  51.332  -19.191  37.176 0.0000000000
151608  51.035  -19.448  37.400 0.0000000000
151609  50.791  -19.703  37.612 0.0000000000
151610  51.417  -19.243  38.796 0.0000000000
151611  50.934  -19.615  38.280 0.0000000000
151612  50.551  -19.950  37.800 0.0000000000
151613  50.308  -20.184  37.980 0.0000000000
151614  50.017  -20.465  38.109 0.0000000000
151615  49.776  -20.760  38.352 0.0000000000
151616  52.430  -18.752  41.589 0.0000000000
151617  51.849  -19.171  41.078 0.0000000000
151618  51.322  -19.581  40.561 0.0000000000
151619  51.290  -19.754  41.499 0.0000000000
151620  51.062  -19.847  40.760 0.0000000000
151621  50.846  -19.936  40.040 0.0000000000
151622  50.414  -20.320  39.538 0.0000000000
151623  49.990  -20.691  39.056 0.0000000000
151624  49.518  -21.102  38.529 0.0000000000
151625  49.243  -21.441  38.687 0.0000000000
151626  48.948  -21.749  38.823 0.0000000000
151627  48.610  -22.015  38.907 0.0000000000
151628  49.292  -21.548  40.183 0.0000000000
151629  48.766  -21.910  39.558 0.0000000000
151630  48.271  -22.268  38.932 0.0000000000
151634  54.380  -17.272  46.233 0.0000000000
151635  53.897  -17.803  46.044 0.0000000000
151636  53.312  -18.310  45.768 0.0000000000
151637  53.193  -18.427  46.544 0.0000000000
151638  53.011  -18.578  45.994 0.0000000000
151639  52.731  -18.747  45.397 0.0000000000
151640  52.122  -19.239  44.966 0.0000000000
151641  51.592  -19.741  44.454 0.0000000000
151642  51.113  -20.255  43.927 0.0000000000
151645  51.416  -20.305  45.762 0.0000000000
151648  51.190  -20.394  45.158 0.0000000000
151649  50.984  -20.477  44.607 0.0000000000
151650  50.798  -20.592  43.986 0.0000000000
151651  50.603  -20.723  43.328 0.0000000000
151652  49.981  -21.163  42.750 0.0000000000
151653  49.381  -21.494  42.097 0.0000000000
152767  53.393  -4.198  33.931 0.0000000000
152768  54.174  -3.689  33.920 0.0000000000
152769  54.929  -3.117  33.944 0.0000000000
152770  54.261  -3.466  32.763 0.0000000000
152771  54.971  -3.044  33.372 0.0000000000
152772  55.636  -2.587  33.930 0.0000000000
158742  60.784  -11.804  29.966 0.0000000000
158748  59.598  -13.219  31.729 0.0000000000
158749  59.479  -13.324  31.126 0.0000000000
158750  59.392  -13.460  30.532 0.0000000000
158766  56.997  -15.836  33.690 0.0000000000
158820  51.146  -19.583  35.362 0.0000000000
158821  51.263  -19.778  34.840 0.0000000000
158822  51.376  -20.090  34.369 0.0000000000
