#!ascii label  , from subject fsaverage vox2ras=TkReg
899
14  32.645  18.694  47.165 0.0000000000
43  22.001  16.676  50.753 0.0000000000
215  25.935  15.072  42.674 0.0000000000
216  21.539  25.319  43.942 0.0000000000
457  18.529  28.490  53.004 0.0000000000
695  29.794  16.600  44.666 0.0000000000
1002  21.035  22.640  52.455 0.0000000000
1537  22.754  15.509  45.549 0.0000000000
1538  20.273  20.855  46.737 0.0000000000
1539  22.000  19.538  42.415 0.0000000000
1811  28.913  12.088  46.214 0.0000000000
1812  32.036  13.986  49.166 0.0000000000
2026  20.287  27.498  47.848 0.0000000000
2615  31.305  17.608  45.811 0.0000000000
2920  21.530  17.328  53.407 0.0000000000
2921  21.786  20.401  54.625 0.0000000000
2922  21.574  19.495  51.678 0.0000000000
3520  23.950  15.100  43.460 0.0000000000
3521  22.262  17.425  43.797 0.0000000000
3522  23.801  17.100  42.111 0.0000000000
3982  30.119  10.497  48.113 0.0000000000
3983  30.419  12.847  47.689 0.0000000000
3984  31.628  11.287  50.028 0.0000000000
4443  20.306  23.386  44.896 0.0000000000
4444  19.714  24.290  47.150 0.0000000000
4445  21.147  26.428  45.694 0.0000000000
5857  27.990  15.707  43.415 0.0000000000
5858  25.975  17.326  41.802 0.0000000000
5859  27.950  18.139  42.825 0.0000000000
6409  20.625  23.374  55.099 0.0000000000
6410  20.252  25.800  53.125 0.0000000000
6412  21.960  28.245  44.417 0.0000000000
7423  22.358  16.130  48.080 0.0000000000
7424  21.349  18.695  48.705 0.0000000000
7425  21.498  18.006  46.198 0.0000000000
7426  20.786  20.042  44.430 0.0000000000
7427  21.140  22.454  42.998 0.0000000000
8052  21.342  15.124  52.051 0.0000000000
8061  21.969  14.497  49.484 0.0000000000
8062  22.611  13.913  47.132 0.0000000000
8063  23.700  13.373  44.901 0.0000000000
8064  25.630  13.269  43.645 0.0000000000
8066  27.029  11.567  44.887 0.0000000000
8067  27.687  13.573  44.177 0.0000000000
8068  29.387  14.388  45.490 0.0000000000
8069  31.044  15.463  46.696 0.0000000000
8070  32.588  16.333  47.886 0.0000000000
8155  33.959  16.623  48.950 0.0000000000
8156  33.601  14.370  50.629 0.0000000000
8650  20.208  21.630  49.380 0.0000000000
8651  19.542  24.944  49.998 0.0000000000
8652  19.437  28.307  50.490 0.0000000000
8653  21.452  29.149  46.292 0.0000000000
8654  20.437  30.478  48.524 0.0000000000
8655  18.416  31.061  50.640 0.0000000000
10295  31.950  18.206  46.533 0.0000000000
10600  21.777  16.993  52.125 0.0000000000
10601  21.747  18.446  52.595 0.0000000000
10602  21.891  18.104  51.163 0.0000000000
11200  24.831  15.042  42.829 0.0000000000
11201  23.878  16.081  42.731 0.0000000000
11202  24.888  16.071  42.181 0.0000000000
11663  30.889  10.853  49.066 0.0000000000
12118  18.612  27.139  53.946 0.0000000000
12123  20.868  24.381  44.372 0.0000000000
12124  20.556  24.971  45.277 0.0000000000
12125  21.326  25.853  44.874 0.0000000000
13600  28.884  16.075  43.996 0.0000000000
13601  28.009  16.886  43.032 0.0000000000
13602  28.892  17.432  43.749 0.0000000000
14518  21.573  21.579  53.523 0.0000000000
14519  21.416  22.010  54.991 0.0000000000
14520  21.282  23.239  53.940 0.0000000000
14521  20.604  24.700  54.224 0.0000000000
14522  20.653  24.283  52.844 0.0000000000
16315  22.510  15.861  46.876 0.0000000000
16316  22.032  17.113  47.141 0.0000000000
16317  22.220  16.781  45.887 0.0000000000
16318  22.029  18.450  43.081 0.0000000000
16319  21.463  18.686  44.109 0.0000000000
16320  21.333  19.789  43.339 0.0000000000
16321  20.853  21.335  43.579 0.0000000000
16322  21.426  21.020  42.634 0.0000000000
17663  21.220  15.349  53.308 0.0000000000
17686  21.573  13.723  50.109 0.0000000000
17687  21.830  13.444  48.855 0.0000000000
17688  22.291  14.189  48.296 0.0000000000
17689  22.274  13.105  47.736 0.0000000000
17691  23.347  12.607  45.559 0.0000000000
17692  24.181  12.382  44.724 0.0000000000
17693  24.541  13.242  44.096 0.0000000000
17694  25.212  12.336  44.282 0.0000000000
17698  28.660  10.968  46.401 0.0000000000
17700  28.077  11.800  45.470 0.0000000000
17701  27.451  12.561  44.575 0.0000000000
17702  28.332  12.838  45.225 0.0000000000
17703  28.560  13.933  44.810 0.0000000000
17704  29.139  13.203  45.934 0.0000000000
17705  31.240  13.420  48.425 0.0000000000
17706  30.683  14.252  47.263 0.0000000000
17707  31.505  14.762  47.921 0.0000000000
17708  31.829  15.866  47.347 0.0000000000
17709  32.323  15.220  48.491 0.0000000000
17911  33.056  15.398  49.221 0.0000000000
17912  32.812  14.263  49.987 0.0000000000
19083  20.782  19.684  47.714 0.0000000000
19084  20.792  20.068  49.104 0.0000000000
19085  20.210  21.256  47.997 0.0000000000
19086  19.871  25.963  47.377 0.0000000000
19087  19.446  24.706  48.433 0.0000000000
19088  19.558  26.345  48.700 0.0000000000
19089  19.466  26.633  50.211 0.0000000000
19090  19.853  27.989  49.162 0.0000000000
19091  21.185  29.402  44.280 0.0000000000
19092  21.610  28.669  45.234 0.0000000000
19093  20.956  29.937  45.145 0.0000000000
19095  20.170  31.154  47.255 0.0000000000
19097  19.505  30.949  49.659 0.0000000000
23137  30.587  17.090  45.214 0.0000000000
23138  29.667  17.940  44.378 0.0000000000
23139  30.348  18.489  44.944 0.0000000000
23686  21.382  17.617  54.776 0.0000000000
23687  21.488  19.171  55.501 0.0000000000
23688  21.630  18.882  54.039 0.0000000000
23689  21.687  19.971  53.102 0.0000000000
23690  21.253  20.980  52.060 0.0000000000
24766  23.274  15.222  44.456 0.0000000000
24767  22.581  16.467  44.662 0.0000000000
24768  23.089  16.221  43.609 0.0000000000
24769  22.893  17.186  42.769 0.0000000000
24770  22.826  18.205  42.233 0.0000000000
25597  29.238  10.197  47.303 0.0000000000
25598  29.511  11.296  47.186 0.0000000000
25599  29.699  12.479  46.941 0.0000000000
25600  30.287  11.655  47.997 0.0000000000
25601  31.086  12.059  48.815 0.0000000000
25602  31.861  12.610  49.707 0.0000000000
25723  32.564  12.956  50.612 0.0000000000
25724  32.295  11.515  51.002 0.0000000000
26427  20.062  22.125  45.728 0.0000000000
26428  19.862  22.550  46.891 0.0000000000
26429  20.014  23.891  45.965 0.0000000000
26430  20.303  25.483  46.281 0.0000000000
26431  20.775  26.922  46.710 0.0000000000
29023  27.007  15.337  42.947 0.0000000000
29024  25.955  16.198  42.149 0.0000000000
29025  27.016  16.474  42.452 0.0000000000
29026  27.004  17.628  42.214 0.0000000000
29028  28.716  18.691  43.623 0.0000000000
30309  21.163  20.677  55.919 0.0000000000
30310  20.404  22.030  55.774 0.0000000000
30312  19.606  24.652  54.817 0.0000000000
30313  19.645  25.988  54.242 0.0000000000
30314  19.508  27.184  53.259 0.0000000000
30315  22.312  26.283  43.584 0.0000000000
30316  22.054  26.813  44.465 0.0000000000
30317  22.283  27.731  43.601 0.0000000000
32761  22.275  16.432  49.362 0.0000000000
32762  21.936  17.721  49.754 0.0000000000
32763  21.936  17.393  48.486 0.0000000000
32764  21.418  18.283  47.453 0.0000000000
32765  20.849  19.347  46.488 0.0000000000
32766  21.765  17.670  44.931 0.0000000000
32767  21.079  19.020  45.256 0.0000000000
32768  20.459  20.411  45.554 0.0000000000
32769  20.414  21.747  44.619 0.0000000000
32770  20.691  22.870  43.930 0.0000000000
32771  21.218  23.908  43.448 0.0000000000
32772  24.893  17.096  41.742 0.0000000000
32773  23.856  18.158  41.751 0.0000000000
32774  22.910  19.374  41.777 0.0000000000
32777  22.189  20.669  41.862 0.0000000000
32778  21.728  22.098  42.134 0.0000000000
32779  21.659  23.526  42.565 0.0000000000
32780  21.847  24.885  43.083 0.0000000000
34468  21.347  16.440  54.040 0.0000000000
34469  21.425  16.206  52.771 0.0000000000
34470  21.687  15.866  51.481 0.0000000000
34495  21.326  14.009  51.335 0.0000000000
34496  21.599  14.795  50.782 0.0000000000
34497  22.054  15.558  50.215 0.0000000000
34498  22.284  15.281  48.893 0.0000000000
34499  22.549  15.005  47.587 0.0000000000
34500  22.852  14.701  46.391 0.0000000000
34501  22.693  12.854  46.598 0.0000000000
34502  23.098  13.625  45.903 0.0000000000
34503  23.267  14.434  45.206 0.0000000000
34504  23.865  14.228  44.190 0.0000000000
34505  24.757  14.104  43.406 0.0000000000
34506  25.832  14.104  43.160 0.0000000000
34513  26.439  12.389  44.194 0.0000000000
34514  26.715  13.313  43.748 0.0000000000
34515  26.912  14.315  43.369 0.0000000000
34516  27.891  14.698  43.766 0.0000000000
34517  28.792  15.095  44.419 0.0000000000
34518  29.627  15.468  45.086 0.0000000000
34519  29.920  13.663  46.576 0.0000000000
34520  30.170  14.839  46.121 0.0000000000
34521  30.460  15.996  45.650 0.0000000000
34522  31.266  16.513  46.183 0.0000000000
34523  31.981  16.946  46.847 0.0000000000
34524  32.718  17.476  47.443 0.0000000000
34771  33.353  17.707  47.991 0.0000000000
34772  33.295  16.560  48.496 0.0000000000
34773  33.740  15.533  49.814 0.0000000000
34775  33.366  13.193  51.408 0.0000000000
36202  21.444  19.104  50.151 0.0000000000
36203  20.920  20.509  50.529 0.0000000000
36204  20.461  22.091  50.877 0.0000000000
36205  19.599  22.971  48.204 0.0000000000
36206  19.679  23.328  49.709 0.0000000000
36207  20.144  23.684  51.304 0.0000000000
36208  19.892  25.340  51.599 0.0000000000
36209  19.661  27.000  51.796 0.0000000000
36210  19.147  28.509  51.917 0.0000000000
36211  21.825  27.310  45.221 0.0000000000
36212  21.607  27.806  46.107 0.0000000000
36213  21.142  28.383  47.217 0.0000000000
36214  20.675  30.582  46.221 0.0000000000
36215  21.002  29.733  47.475 0.0000000000
36216  20.622  28.926  48.377 0.0000000000
36217  20.031  29.475  49.581 0.0000000000
36218  19.146  29.813  50.700 0.0000000000
36219  18.311  29.812  51.881 0.0000000000
41015  32.315  18.481  46.844 0.0000000000
41016  31.861  18.935  46.453 0.0000000000
41320  21.950  16.861  51.369 0.0000000000
41321  21.902  17.571  51.664 0.0000000000
41322  21.983  17.379  50.954 0.0000000000
41920  25.384  15.036  42.695 0.0000000000
41921  24.881  15.572  42.484 0.0000000000
41922  25.412  15.572  42.370 0.0000000000
42838  18.568  27.831  53.510 0.0000000000
42843  21.167  24.899  44.137 0.0000000000
42844  20.999  25.126  44.614 0.0000000000
42845  21.383  25.601  44.409 0.0000000000
44320  29.341  16.311  44.415 0.0000000000
44321  28.925  16.739  43.833 0.0000000000
44322  29.358  16.980  44.247 0.0000000000
45238  21.353  22.143  52.999 0.0000000000
45239  21.503  22.414  53.798 0.0000000000
45240  21.208  22.940  53.212 0.0000000000
45241  21.018  23.751  53.392 0.0000000000
45242  20.859  23.473  52.658 0.0000000000
47035  22.709  15.680  46.208 0.0000000000
47036  22.454  16.333  46.371 0.0000000000
47037  22.520  16.178  45.739 0.0000000000
47038  21.980  18.989  42.744 0.0000000000
47039  21.677  19.088  43.214 0.0000000000
47040  21.646  19.683  42.843 0.0000000000
47041  21.361  20.417  42.969 0.0000000000
47042  21.665  20.270  42.499 0.0000000000
48408  22.065  13.272  48.258 0.0000000000
48413  24.732  12.372  44.480 0.0000000000
48418  28.803  11.535  46.305 0.0000000000
48419  28.353  11.388  45.916 0.0000000000
48420  28.504  11.910  45.852 0.0000000000
48421  28.217  12.330  45.347 0.0000000000
48422  28.622  12.443  45.718 0.0000000000
48423  28.731  13.031  45.523 0.0000000000
48424  29.007  12.651  46.099 0.0000000000
48425  31.616  13.702  48.821 0.0000000000
48426  31.363  14.102  48.172 0.0000000000
48427  31.746  14.370  48.528 0.0000000000
48428  31.917  14.976  48.224 0.0000000000
48429  32.176  14.635  48.851 0.0000000000
48631  32.546  14.778  49.249 0.0000000000
48632  32.418  14.180  49.547 0.0000000000
49803  20.487  20.239  47.228 0.0000000000
49804  20.466  20.459  47.834 0.0000000000
49805  20.217  21.054  47.312 0.0000000000
49806  20.105  26.776  47.592 0.0000000000
49807  19.668  26.196  48.024 0.0000000000
49808  19.842  26.941  48.220 0.0000000000
49809  19.709  27.166  48.919 0.0000000000
49810  20.046  27.700  48.439 0.0000000000
49812  21.130  29.677  44.704 0.0000000000
53920  30.957  17.331  45.514 0.0000000000
53921  30.496  17.774  45.053 0.0000000000
53922  30.889  17.985  45.377 0.0000000000
54835  21.428  17.501  54.057 0.0000000000
54836  21.503  18.260  54.420 0.0000000000
54837  21.551  18.073  53.725 0.0000000000
54838  21.731  18.986  52.113 0.0000000000
54839  21.733  19.225  52.871 0.0000000000
54840  21.613  19.727  52.390 0.0000000000
54841  21.529  20.480  52.604 0.0000000000
54842  21.353  20.235  51.837 0.0000000000
56635  23.544  15.171  43.924 0.0000000000
56636  23.195  15.762  44.025 0.0000000000
56637  23.501  15.637  43.490 0.0000000000
56638  23.816  16.607  42.397 0.0000000000
56639  23.395  16.618  42.721 0.0000000000
56640  23.328  17.144  42.448 0.0000000000
56641  22.815  17.680  42.479 0.0000000000
56642  23.313  17.656  42.177 0.0000000000
58020  29.674  10.291  47.723 0.0000000000
58021  29.420  10.784  47.260 0.0000000000
58022  29.839  10.873  47.653 0.0000000000
58023  29.935  11.471  47.585 0.0000000000
58024  30.228  11.076  48.080 0.0000000000
58025  31.299  11.088  49.485 0.0000000000
58026  30.999  11.441  48.948 0.0000000000
58027  31.411  11.728  49.410 0.0000000000
58028  31.464  12.389  49.260 0.0000000000
58029  31.761  11.960  49.883 0.0000000000
58231  32.114  12.118  50.258 0.0000000000
58232  31.992  11.426  50.443 0.0000000000
59403  20.122  22.817  45.257 0.0000000000
59404  19.998  23.045  45.833 0.0000000000
59405  20.166  23.648  45.416 0.0000000000
59406  20.835  25.684  45.501 0.0000000000
59407  20.467  25.247  45.799 0.0000000000
59408  20.756  25.987  45.989 0.0000000000
59409  20.529  26.189  46.489 0.0000000000
59410  21.002  26.646  46.236 0.0000000000
63835  27.515  15.502  43.147 0.0000000000
63836  27.034  15.918  42.692 0.0000000000
63837  27.525  16.063  42.917 0.0000000000
63838  27.989  17.504  42.909 0.0000000000
63839  27.502  17.292  42.603 0.0000000000
63840  27.479  17.860  42.493 0.0000000000
63843  29.542  18.544  44.280 0.0000000000
63844  29.211  18.306  44.044 0.0000000000
66588  21.598  19.759  55.064 0.0000000000
66589  21.391  19.939  55.769 0.0000000000
66590  21.580  20.550  55.315 0.0000000000
66591  21.053  22.716  55.122 0.0000000000
66592  20.959  22.045  55.535 0.0000000000
66593  20.506  22.739  55.446 0.0000000000
66595  20.050  23.397  55.282 0.0000000000
66597  20.160  24.108  54.994 0.0000000000
66598  20.462  25.252  53.716 0.0000000000
66599  20.158  25.369  54.269 0.0000000000
66600  20.071  25.946  53.762 0.0000000000
66601  19.611  26.621  53.720 0.0000000000
66602  19.898  26.545  53.211 0.0000000000
66603  22.674  26.845  43.191 0.0000000000
66604  22.469  27.063  43.678 0.0000000000
71980  22.262  16.261  48.702 0.0000000000
71981  22.061  16.912  48.915 0.0000000000
71982  22.186  16.766  48.287 0.0000000000
71983  21.796  17.552  46.696 0.0000000000
71984  21.756  17.669  47.276 0.0000000000
71985  21.501  18.158  46.798 0.0000000000
71986  21.172  18.767  46.937 0.0000000000
71987  21.191  18.639  46.326 0.0000000000
71988  22.403  16.922  44.214 0.0000000000
71989  22.160  17.046  44.791 0.0000000000
71990  21.986  17.504  44.353 0.0000000000
71991  21.104  19.376  44.264 0.0000000000
71992  21.230  18.819  44.673 0.0000000000
71993  20.925  19.506  44.824 0.0000000000
71994  20.745  19.617  45.395 0.0000000000
71995  20.632  20.251  44.965 0.0000000000
71996  20.404  21.104  45.079 0.0000000000
71997  20.586  20.863  44.505 0.0000000000
71998  20.978  21.914  43.299 0.0000000000
71999  20.722  22.097  43.752 0.0000000000
72000  20.842  22.671  43.464 0.0000000000
72001  20.928  23.403  43.679 0.0000000000
72002  21.134  23.185  43.214 0.0000000000
72003  25.964  16.738  41.974 0.0000000000
72004  25.449  16.643  41.953 0.0000000000
72005  25.435  17.199  41.761 0.0000000000
72007  24.371  18.088  41.572 0.0000000000
72008  23.879  18.698  41.598 0.0000000000
72009  23.365  18.782  41.764 0.0000000000
72010  23.436  19.311  41.559 0.0000000000
72017  22.600  20.503  41.562 0.0000000000
72018  22.312  21.227  41.632 0.0000000000
72019  21.931  21.382  41.990 0.0000000000
72020  22.096  21.887  41.754 0.0000000000
72022  21.924  23.287  42.173 0.0000000000
72023  21.958  24.052  42.394 0.0000000000
72024  21.738  24.162  42.829 0.0000000000
72025  22.077  24.676  42.667 0.0000000000
72026  22.303  25.375  42.936 0.0000000000
76023  21.291  16.603  54.678 0.0000000000
76024  21.223  16.050  54.278 0.0000000000
76025  21.254  15.270  52.667 0.0000000000
76026  21.241  15.810  53.045 0.0000000000
76027  21.325  15.653  52.408 0.0000000000
76028  21.521  16.046  52.117 0.0000000000
76029  21.442  15.496  51.768 0.0000000000
76093  21.753  14.116  49.808 0.0000000000
76094  21.603  14.228  50.438 0.0000000000
76095  21.802  14.630  50.174 0.0000000000
76096  21.797  15.154  50.559 0.0000000000
76097  22.053  15.055  49.851 0.0000000000
76098  22.199  15.476  49.474 0.0000000000
76099  22.166  14.873  49.156 0.0000000000
76100  22.411  14.036  47.681 0.0000000000
76101  22.394  14.538  47.949 0.0000000000
76102  22.576  14.466  47.362 0.0000000000
76103  22.614  14.903  47.014 0.0000000000
76104  22.732  14.304  46.758 0.0000000000
76108  23.558  12.976  45.244 0.0000000000
76109  23.173  13.086  45.744 0.0000000000
76110  23.399  13.495  45.403 0.0000000000
76111  23.196  14.035  45.553 0.0000000000
76112  23.498  13.889  45.067 0.0000000000
76113  23.532  14.321  44.721 0.0000000000
76114  23.781  13.832  44.532 0.0000000000
76115  25.067  13.245  43.812 0.0000000000
76116  24.656  13.664  43.745 0.0000000000
76117  25.181  13.693  43.512 0.0000000000
76118  25.238  14.189  43.234 0.0000000000
76119  25.751  13.660  43.401 0.0000000000
76131  27.337  11.139  45.237 0.0000000000
76135  26.464  11.482  44.745 0.0000000000
76136  26.186  11.924  44.405 0.0000000000
76137  26.716  11.974  44.562 0.0000000000
76138  27.590  13.070  44.397 0.0000000000
76139  27.102  12.992  44.172 0.0000000000
76140  27.213  13.444  43.977 0.0000000000
76141  26.809  13.821  43.548 0.0000000000
76142  27.316  13.950  43.755 0.0000000000
76143  27.396  14.485  43.543 0.0000000000
76144  27.791  14.146  43.981 0.0000000000
76145  28.986  14.159  45.144 0.0000000000
76146  28.673  14.511  44.610 0.0000000000
76147  29.088  14.726  44.946 0.0000000000
76148  29.177  15.263  44.753 0.0000000000
76149  29.512  14.970  45.285 0.0000000000
76150  30.068  12.676  47.323 0.0000000000
76151  29.790  13.085  46.785 0.0000000000
76152  30.164  13.274  47.119 0.0000000000
76153  30.858  14.889  46.986 0.0000000000
76154  30.455  14.590  46.693 0.0000000000
76155  30.626  15.227  46.441 0.0000000000
76156  30.332  15.427  45.884 0.0000000000
76157  30.786  15.760  46.156 0.0000000000
76158  30.895  16.283  45.901 0.0000000000
76159  31.181  16.012  46.432 0.0000000000
76160  32.189  15.996  47.617 0.0000000000
76161  31.951  16.403  47.080 0.0000000000
76162  32.284  16.600  47.397 0.0000000000
76163  32.350  17.218  47.195 0.0000000000
76164  32.682  16.878  47.675 0.0000000000
76771  33.026  17.035  48.026 0.0000000000
76772  32.962  16.471  48.281 0.0000000000
76773  33.294  14.913  49.879 0.0000000000
76774  33.402  15.458  49.474 0.0000000000
76775  33.673  14.956  50.226 0.0000000000
76776  34.048  14.998  50.384 0.0000000000
76777  34.019  14.435  50.829 0.0000000000
76778  32.808  12.444  51.263 0.0000000000
76779  32.958  13.174  51.005 0.0000000000
76780  33.157  12.516  51.754 0.0000000000
80283  21.672  18.212  49.269 0.0000000000
80284  21.700  18.406  49.990 0.0000000000
80285  21.396  18.882  49.432 0.0000000000
80286  20.481  20.853  49.227 0.0000000000
80287  20.860  20.318  49.758 0.0000000000
80288  20.579  21.061  49.931 0.0000000000
80289  20.687  21.281  50.736 0.0000000000
80290  20.313  21.866  50.136 0.0000000000
80291  19.790  23.429  47.048 0.0000000000
80292  19.763  22.734  47.541 0.0000000000
80293  19.587  23.633  47.665 0.0000000000
80294  19.422  24.849  49.180 0.0000000000
80295  19.501  23.992  49.057 0.0000000000
80296  19.556  24.115  49.841 0.0000000000
80297  19.863  23.481  50.499 0.0000000000
80298  19.795  24.358  50.649 0.0000000000
80299  20.001  24.499  51.449 0.0000000000
80300  19.712  25.184  50.768 0.0000000000
80301  19.481  27.545  50.333 0.0000000000
80302  19.519  26.829  50.993 0.0000000000
80303  19.444  27.642  51.101 0.0000000000
80304  19.478  27.761  51.882 0.0000000000
80305  19.333  28.457  51.185 0.0000000000
80306  22.147  27.564  44.496 0.0000000000
80307  21.944  27.120  44.794 0.0000000000
80308  21.989  27.824  44.832 0.0000000000
80309  21.576  28.898  45.721 0.0000000000
80310  21.735  28.237  45.700 0.0000000000
80311  21.596  28.497  46.227 0.0000000000
80312  21.433  28.050  46.666 0.0000000000
80313  21.406  28.755  46.820 0.0000000000
80315  20.413  31.030  45.595 0.0000000000
80317  20.377  30.806  47.905 0.0000000000
80318  20.667  30.496  47.369 0.0000000000
80319  20.761  30.117  48.011 0.0000000000
80320  20.914  29.357  47.984 0.0000000000
80321  20.607  29.713  48.512 0.0000000000
80322  20.329  29.286  48.999 0.0000000000
80323  20.281  30.049  49.084 0.0000000000
80324  18.937  31.030  50.136 0.0000000000
80325  19.337  30.388  50.197 0.0000000000
80326  18.815  30.470  50.720 0.0000000000
80327  18.731  29.806  51.339 0.0000000000
80328  18.304  30.457  51.252 0.0000000000
82643  33.663  17.180  48.462 0.0000000000
82644  33.723  17.891  48.185 0.0000000000
82645  34.031  17.290  48.598 0.0000000000
92257  31.623  17.899  46.160 0.0000000000
92258  31.207  18.317  45.702 0.0000000000
92259  31.550  18.653  46.058 0.0000000000
92806  21.653  17.217  52.730 0.0000000000
92807  21.684  17.952  53.019 0.0000000000
92808  21.740  17.745  52.372 0.0000000000
92809  21.833  18.243  51.925 0.0000000000
92810  21.768  18.820  51.400 0.0000000000
93886  24.364  15.032  43.127 0.0000000000
93887  23.914  15.602  43.059 0.0000000000
93888  24.370  15.577  42.797 0.0000000000
93889  24.319  16.093  42.435 0.0000000000
93890  24.339  16.536  42.157 0.0000000000
94718  30.285  10.073  48.690 0.0000000000
94719  30.468  10.688  48.614 0.0000000000
94720  30.726  10.228  49.156 0.0000000000
94721  31.086  10.406  49.581 0.0000000000
94722  31.455  10.589  50.140 0.0000000000
94843  31.784  10.716  50.596 0.0000000000
95547  20.548  23.897  44.616 0.0000000000
95548  20.432  24.241  45.055 0.0000000000
95549  20.688  24.677  44.831 0.0000000000
95550  20.952  25.397  45.067 0.0000000000
95551  21.216  26.155  45.282 0.0000000000
98206  28.444  15.867  43.699 0.0000000000
98207  28.003  16.299  43.213 0.0000000000
98208  28.479  16.457  43.474 0.0000000000
98209  28.450  17.135  43.390 0.0000000000
98210  28.392  17.792  43.287 0.0000000000
99858  21.758  20.973  54.098 0.0000000000
99859  21.676  21.183  54.833 0.0000000000
99860  21.666  21.780  54.346 0.0000000000
99861  21.423  22.634  54.510 0.0000000000
99862  21.097  23.344  54.669 0.0000000000
99863  20.669  24.048  54.687 0.0000000000
99864  20.977  24.014  54.129 0.0000000000
99865  20.803  24.509  53.581 0.0000000000
99866  20.467  25.023  52.980 0.0000000000
103093  22.448  15.986  47.429 0.0000000000
103094  22.209  16.627  47.606 0.0000000000
103095  22.328  16.492  47.000 0.0000000000
103096  22.105  16.928  46.526 0.0000000000
103097  21.863  17.372  46.018 0.0000000000
103098  22.125  17.933  43.405 0.0000000000
103099  21.835  18.026  43.944 0.0000000000
103100  21.742  18.532  43.564 0.0000000000
103101  21.372  19.218  43.708 0.0000000000
103102  21.052  19.957  43.811 0.0000000000
103103  20.782  20.712  43.952 0.0000000000
103104  21.051  20.593  43.426 0.0000000000
103105  21.096  21.185  43.091 0.0000000000
103106  21.229  21.738  42.790 0.0000000000
103107  25.955  17.842  41.700 0.0000000000
103108  25.427  17.733  41.615 0.0000000000
105521  21.218  14.876  52.954 0.0000000000
105522  21.289  14.703  52.294 0.0000000000
105562  21.734  13.585  49.465 0.0000000000
105563  21.875  13.917  49.183 0.0000000000
105564  22.084  14.303  48.915 0.0000000000
105565  22.082  13.800  48.614 0.0000000000
105566  22.284  13.628  47.999 0.0000000000
105567  22.413  13.468  47.411 0.0000000000
105571  23.665  12.355  45.149 0.0000000000
105572  23.939  12.848  44.790 0.0000000000
105573  24.116  13.262  44.457 0.0000000000
105574  24.404  12.800  44.434 0.0000000000
105575  24.922  12.790  44.186 0.0000000000
105576  25.413  12.796  43.971 0.0000000000
105582  28.472  10.410  46.436 0.0000000000
105584  28.176  10.845  45.973 0.0000000000
105585  27.891  11.236  45.614 0.0000000000
105586  27.561  11.633  45.120 0.0000000000
105587  27.276  12.068  44.722 0.0000000000
105588  27.752  12.155  44.988 0.0000000000
105589  27.911  12.682  44.844 0.0000000000
105590  28.007  13.208  44.667 0.0000000000
105591  28.101  13.748  44.494 0.0000000000
105592  28.451  13.397  45.025 0.0000000000
105593  28.843  13.626  45.339 0.0000000000
105594  29.271  13.795  45.707 0.0000000000
105595  30.830  13.172  48.082 0.0000000000
105596  30.534  13.549  47.485 0.0000000000
105597  30.984  13.870  47.830 0.0000000000
105598  31.134  14.504  47.575 0.0000000000
105599  31.292  15.097  47.304 0.0000000000
105600  31.443  15.643  47.023 0.0000000000
105601  31.672  15.321  47.624 0.0000000000
105602  32.081  15.518  47.917 0.0000000000
105603  32.463  15.778  48.160 0.0000000000
105967  32.867  15.899  48.542 0.0000000000
105968  32.707  15.329  48.936 0.0000000000
105969  32.936  14.839  49.604 0.0000000000
105970  33.204  14.296  50.291 0.0000000000
108075  21.057  19.207  48.208 0.0000000000
108076  21.080  19.386  48.906 0.0000000000
108077  20.758  19.901  48.363 0.0000000000
108078  20.515  20.688  48.524 0.0000000000
108079  20.163  21.484  48.679 0.0000000000
108080  19.705  25.160  47.214 0.0000000000
108081  19.531  24.517  47.747 0.0000000000
108082  19.548  25.411  47.891 0.0000000000
108083  19.418  25.519  48.557 0.0000000000
108084  19.437  25.666  49.315 0.0000000000
108085  19.508  25.792  50.102 0.0000000000
108086  19.455  26.524  49.432 0.0000000000
108087  19.557  27.355  49.616 0.0000000000
108088  19.665  28.150  49.804 0.0000000000
108089  21.514  28.880  44.347 0.0000000000
108090  21.775  28.453  44.835 0.0000000000
108091  21.477  29.027  44.798 0.0000000000
108092  21.390  29.252  45.210 0.0000000000
108093  21.215  29.492  45.723 0.0000000000
108097  19.868  31.462  47.780 0.0000000000
108098  20.052  31.156  48.468 0.0000000000
108099  20.034  30.762  49.112 0.0000000000
108100  19.585  31.364  49.068 0.0000000000
108101  19.036  31.498  49.553 0.0000000000
109490  34.176  16.070  49.531 0.0000000000
109491  34.295  16.759  49.067 0.0000000000
115423  30.172  16.890  44.927 0.0000000000
115424  29.784  17.295  44.495 0.0000000000
115425  30.112  17.515  44.751 0.0000000000
115426  30.003  18.207  44.639 0.0000000000
115427  29.854  18.840  44.564 0.0000000000
115428  30.745  18.719  45.301 0.0000000000
116704  21.366  17.828  55.499 0.0000000000
116705  21.342  18.565  55.843 0.0000000000
116706  21.448  18.319  55.156 0.0000000000
116707  21.567  18.992  54.739 0.0000000000
116708  21.670  19.586  54.338 0.0000000000
116709  21.666  18.649  53.311 0.0000000000
116710  21.705  19.405  53.579 0.0000000000
116711  21.744  20.240  53.848 0.0000000000
116712  21.640  20.773  53.308 0.0000000000
116713  21.454  21.259  52.808 0.0000000000
116714  21.141  21.776  52.255 0.0000000000
119224  23.022  15.419  44.996 0.0000000000
119225  22.685  16.015  45.059 0.0000000000
119226  22.923  15.874  44.503 0.0000000000
119227  22.832  16.313  44.102 0.0000000000
119228  22.688  16.793  43.630 0.0000000000
119229  23.465  16.109  43.090 0.0000000000
119230  22.967  16.717  43.123 0.0000000000
119231  22.529  17.308  43.245 0.0000000000
119232  22.434  17.775  42.917 0.0000000000
119233  22.371  18.309  42.653 0.0000000000
119234  22.412  18.819  42.335 0.0000000000
121164  29.014  10.576  46.802 0.0000000000
121165  29.165  11.151  46.739 0.0000000000
121166  29.255  11.709  46.690 0.0000000000
121167  29.299  12.253  46.575 0.0000000000
121168  29.609  11.869  47.075 0.0000000000
121169  29.992  12.080  47.484 0.0000000000
121170  30.334  12.246  47.876 0.0000000000
121171  30.604  11.269  48.534 0.0000000000
121172  30.701  11.821  48.431 0.0000000000
121173  30.748  12.471  48.279 0.0000000000
121174  31.151  12.728  48.673 0.0000000000
121175  31.530  13.046  49.066 0.0000000000
121176  31.926  13.309  49.451 0.0000000000
121459  32.351  13.513  49.836 0.0000000000
121460  32.231  12.813  50.056 0.0000000000
121461  32.441  12.243  50.835 0.0000000000
121462  32.626  11.717  51.485 0.0000000000
123099  20.113  21.448  46.210 0.0000000000
123100  20.063  21.675  46.816 0.0000000000
123101  19.965  22.373  46.279 0.0000000000
123102  19.894  23.273  46.357 0.0000000000
123103  19.921  24.117  46.530 0.0000000000
123104  20.241  24.434  45.611 0.0000000000
123105  20.150  24.721  46.109 0.0000000000
123106  19.952  24.924  46.670 0.0000000000
123107  20.059  25.723  46.818 0.0000000000
123108  20.290  26.474  47.021 0.0000000000
123109  20.516  27.210  47.236 0.0000000000
129241  26.478  15.224  42.788 0.0000000000
129242  25.951  15.665  42.395 0.0000000000
129243  26.501  15.743  42.426 0.0000000000
129244  26.508  16.317  42.278 0.0000000000
129245  26.497  16.829  42.070 0.0000000000
129246  27.529  16.654  42.735 0.0000000000
129247  27.016  17.078  42.333 0.0000000000
129248  26.487  17.382  41.940 0.0000000000
129252  29.312  17.670  44.121 0.0000000000
129253  28.802  18.069  43.693 0.0000000000
129254  28.316  18.380  43.214 0.0000000000
132729  21.188  19.292  56.102 0.0000000000
132730  20.952  20.011  56.221 0.0000000000
132732  21.332  21.329  55.478 0.0000000000
132733  20.857  21.348  55.894 0.0000000000
132741  20.179  24.722  54.660 0.0000000000
132742  19.650  25.309  54.555 0.0000000000
132743  19.129  25.869  54.389 0.0000000000
132744  19.129  26.597  54.093 0.0000000000
132745  19.083  27.274  53.626 0.0000000000
132746  19.005  27.922  53.101 0.0000000000
132747  21.934  25.793  43.815 0.0000000000
132748  21.771  26.054  44.218 0.0000000000
132749  22.196  26.535  44.067 0.0000000000
132750  22.300  27.279  44.097 0.0000000000
132751  22.103  28.010  44.012 0.0000000000
132753  21.896  28.409  43.435 0.0000000000
132754  21.743  28.643  43.898 0.0000000000
132755  21.315  29.212  43.838 0.0000000000
139495  22.125  16.562  50.077 0.0000000000
139496  22.070  17.225  50.237 0.0000000000
139497  22.106  17.030  49.606 0.0000000000
139498  21.893  17.581  49.137 0.0000000000
139499  21.627  18.003  48.597 0.0000000000
139500  21.977  17.246  47.801 0.0000000000
139501  21.687  17.844  48.002 0.0000000000
139502  21.396  18.477  48.098 0.0000000000
139503  21.120  18.944  47.592 0.0000000000
139504  20.844  19.490  47.088 0.0000000000
139505  20.541  20.011  46.615 0.0000000000
139506  22.348  16.614  45.244 0.0000000000
139507  21.994  17.221  45.413 0.0000000000
139508  21.665  17.779  45.564 0.0000000000
139509  21.567  18.193  44.510 0.0000000000
139510  21.436  18.249  45.095 0.0000000000
139511  21.267  18.495  45.692 0.0000000000
139512  20.954  19.126  45.840 0.0000000000
139513  20.610  19.899  46.004 0.0000000000
139514  20.320  20.652  46.109 0.0000000000
139515  20.223  21.279  45.635 0.0000000000
139516  20.235  21.917  45.170 0.0000000000
139517  20.286  22.543  44.745 0.0000000000
139518  20.614  21.479  44.098 0.0000000000
139519  20.464  22.349  44.230 0.0000000000
139520  20.498  23.119  44.427 0.0000000000
139521  20.734  23.658  44.130 0.0000000000
139522  21.025  24.159  43.895 0.0000000000
139523  21.341  24.638  43.671 0.0000000000
139524  25.446  16.112  42.098 0.0000000000
139525  24.880  16.567  41.950 0.0000000000
139526  24.343  17.048  41.936 0.0000000000
139527  24.877  17.673  41.615 0.0000000000
139528  24.339  17.585  41.721 0.0000000000
139529  23.833  17.625  41.929 0.0000000000
139530  23.325  18.254  41.971 0.0000000000
139531  22.842  18.798  42.016 0.0000000000
139532  22.435  19.374  42.040 0.0000000000
139539  22.973  19.878  41.546 0.0000000000
139540  22.504  19.955  41.788 0.0000000000
139541  22.091  20.097  42.132 0.0000000000
139542  21.789  20.834  42.201 0.0000000000
139543  21.538  21.575  42.338 0.0000000000
139544  21.396  22.271  42.526 0.0000000000
139545  21.981  22.616  41.932 0.0000000000
139546  21.617  22.781  42.316 0.0000000000
139547  21.383  22.978  42.753 0.0000000000
139548  21.415  23.692  42.998 0.0000000000
139549  21.527  24.419  43.240 0.0000000000
139550  21.699  25.132  43.528 0.0000000000
139551  22.091  25.616  43.357 0.0000000000
139552  22.487  26.086  43.122 0.0000000000
144436  21.340  17.162  55.093 0.0000000000
144437  21.326  17.064  54.389 0.0000000000
144438  21.392  16.863  53.748 0.0000000000
144439  21.253  15.905  53.668 0.0000000000
144440  21.369  16.314  53.423 0.0000000000
144441  21.468  16.773  53.078 0.0000000000
144442  21.606  16.616  52.443 0.0000000000
144443  21.749  16.428  51.794 0.0000000000
144444  21.882  16.258  51.165 0.0000000000
144518  21.272  14.142  51.979 0.0000000000
144519  21.313  14.556  51.721 0.0000000000
144520  21.453  13.898  50.684 0.0000000000
144521  21.454  14.448  51.047 0.0000000000
144522  21.442  14.966  51.434 0.0000000000
144523  21.590  15.352  51.150 0.0000000000
144524  21.814  15.710  50.863 0.0000000000
144525  22.034  16.081  50.502 0.0000000000
144526  22.216  15.971  49.845 0.0000000000
144527  22.233  15.848  49.163 0.0000000000
144528  22.381  15.702  48.515 0.0000000000
144529  22.381  14.755  48.547 0.0000000000
144530  22.442  15.168  48.212 0.0000000000
144531  22.454  15.582  47.808 0.0000000000
144532  22.572  15.422  47.238 0.0000000000
144533  22.652  15.302  46.630 0.0000000000
144534  22.821  15.107  45.993 0.0000000000
144536  22.497  12.981  47.149 0.0000000000
144537  22.689  13.358  46.828 0.0000000000
144538  22.993  12.656  46.035 0.0000000000
144539  22.839  13.207  46.277 0.0000000000
144540  22.840  13.756  46.532 0.0000000000
144541  22.953  14.177  46.171 0.0000000000
144542  23.025  14.567  45.808 0.0000000000
144543  23.020  14.991  45.375 0.0000000000
144544  23.291  14.828  44.882 0.0000000000
144545  23.535  14.802  44.322 0.0000000000
144546  23.908  14.652  43.833 0.0000000000
144547  24.233  13.710  44.054 0.0000000000
144548  24.299  14.137  43.711 0.0000000000
144549  24.341  14.616  43.401 0.0000000000
144550  24.800  14.568  43.121 0.0000000000
144551  25.309  14.585  42.998 0.0000000000
144552  25.880  14.575  42.906 0.0000000000
144571  25.514  11.875  44.512 0.0000000000
144572  25.748  12.385  44.213 0.0000000000
144573  25.973  12.829  43.945 0.0000000000
144574  26.925  12.458  44.383 0.0000000000
144575  26.599  12.855  43.976 0.0000000000
144576  26.151  13.265  43.679 0.0000000000
144577  26.265  13.733  43.369 0.0000000000
144578  26.342  14.227  43.140 0.0000000000
144579  26.433  14.741  42.972 0.0000000000
144580  26.959  14.814  43.146 0.0000000000
144581  27.471  15.029  43.366 0.0000000000
144582  27.948  15.199  43.580 0.0000000000
144583  28.222  14.315  44.301 0.0000000000
144584  28.299  14.825  44.119 0.0000000000
144585  28.376  15.340  43.923 0.0000000000
144586  28.850  15.564  44.175 0.0000000000
144587  29.270  15.793  44.574 0.0000000000
144588  29.738  16.028  44.868 0.0000000000
144589  29.413  12.825  46.422 0.0000000000
144590  29.548  13.426  46.253 0.0000000000
144591  29.643  14.016  46.073 0.0000000000
144592  30.280  13.900  46.917 0.0000000000
144593  30.057  14.237  46.356 0.0000000000
144594  29.776  14.605  45.828 0.0000000000
144595  29.924  15.179  45.567 0.0000000000
144596  30.087  15.763  45.306 0.0000000000
144597  30.164  16.335  45.114 0.0000000000
144598  30.548  16.567  45.404 0.0000000000
144599  30.952  16.801  45.689 0.0000000000
144600  31.340  17.026  45.954 0.0000000000
144601  31.565  16.164  46.767 0.0000000000
144602  31.619  16.697  46.534 0.0000000000
144603  31.638  17.272  46.321 0.0000000000
144604  31.981  17.566  46.667 0.0000000000
144605  32.381  17.807  47.003 0.0000000000
144606  32.702  18.075  47.279 0.0000000000
145339  33.054  18.206  47.527 0.0000000000
145340  33.052  17.575  47.723 0.0000000000
145341  33.335  17.120  48.223 0.0000000000
145342  33.610  16.589  48.790 0.0000000000
145343  33.178  15.964  48.843 0.0000000000
145344  33.511  16.004  49.125 0.0000000000
145345  33.858  16.093  49.346 0.0000000000
145346  34.100  15.539  49.948 0.0000000000
145349  32.685  13.630  50.328 0.0000000000
145350  33.096  13.714  50.668 0.0000000000
145351  33.505  13.798  51.004 0.0000000000
145354  33.917  13.878  51.280 0.0000000000
149578  21.936  17.889  50.494 0.0000000000
149579  21.712  18.588  50.703 0.0000000000
149580  21.455  19.269  50.880 0.0000000000
149581  21.146  19.581  49.620 0.0000000000
149582  21.161  19.784  50.317 0.0000000000
149583  21.255  19.994  51.089 0.0000000000
149584  21.042  20.723  51.228 0.0000000000
149585  20.899  21.499  51.486 0.0000000000
149586  20.729  22.297  51.676 0.0000000000
149587  19.981  21.914  47.420 0.0000000000
149588  19.914  22.087  48.120 0.0000000000
149589  19.895  22.249  48.812 0.0000000000
149590  19.518  23.847  48.330 0.0000000000
149591  19.624  23.120  48.955 0.0000000000
149592  19.927  22.487  49.550 0.0000000000
149593  20.070  22.678  50.324 0.0000000000
149594  20.291  22.894  51.096 0.0000000000
149595  20.580  23.124  51.862 0.0000000000
149596  20.430  23.963  52.084 0.0000000000
149597  20.277  24.789  52.254 0.0000000000
149598  20.114  25.599  52.342 0.0000000000
149599  19.611  25.962  50.904 0.0000000000
149600  19.784  26.201  51.687 0.0000000000
149601  19.949  26.368  52.456 0.0000000000
149602  19.654  27.200  52.523 0.0000000000
149603  19.257  27.872  52.561 0.0000000000
149604  18.879  28.495  52.554 0.0000000000
149605  21.709  26.387  44.641 0.0000000000
149606  21.597  26.609  45.087 0.0000000000
149607  21.547  26.852  45.481 0.0000000000
149608  21.812  27.992  45.275 0.0000000000
149609  21.783  27.533  45.677 0.0000000000
149610  21.391  27.102  45.929 0.0000000000
149611  21.252  27.345  46.446 0.0000000000
149612  20.993  27.642  46.932 0.0000000000
149613  20.757  27.989  47.490 0.0000000000
149614  20.572  30.693  45.058 0.0000000000
149615  20.832  30.308  45.625 0.0000000000
149616  21.084  29.834  46.245 0.0000000000
149617  20.462  30.848  46.747 0.0000000000
149618  20.934  30.139  46.869 0.0000000000
149619  21.227  29.431  46.870 0.0000000000
149620  21.155  29.011  47.387 0.0000000000
149621  20.924  28.637  47.807 0.0000000000
149622  20.507  28.212  48.128 0.0000000000
149623  20.258  28.510  48.797 0.0000000000
149624  19.985  28.775  49.405 0.0000000000
149625  19.664  28.920  50.000 0.0000000000
149626  19.845  30.251  49.680 0.0000000000
149627  19.592  29.670  50.182 0.0000000000
149628  19.319  29.061  50.622 0.0000000000
149629  19.098  29.157  51.279 0.0000000000
149630  18.757  29.199  51.930 0.0000000000
149631  18.420  29.140  52.475 0.0000000000
152416  33.351  18.445  47.775 0.0000000000
