#!ascii label  , from subject fsaverage vox2ras=TkReg
905
93  9.269  41.098  30.026 0.0000000000
213  7.216  30.289  50.377 0.0000000000
454  8.185  31.446  38.888 0.0000000000
455  6.872  42.363  41.725 0.0000000000
995  7.419  34.912  52.057 0.0000000000
996  7.161  36.305  46.135 0.0000000000
1534  7.113  24.112  53.383 0.0000000000
1535  7.253  28.999  55.802 0.0000000000
1624  8.321  46.568  30.480 0.0000000000
2016  8.594  36.731  34.559 0.0000000000
2017  8.447  31.215  44.340 0.0000000000
2018  8.734  36.855  40.116 0.0000000000
2019  8.601  42.067  35.749 0.0000000000
2020  7.389  47.512  37.133 0.0000000000
3516  7.593  26.008  56.848 0.0000000000
3667  7.392  49.344  30.983 0.0000000000
3668  8.370  48.023  28.066 0.0000000000
4415  8.364  28.983  38.494 0.0000000000
4417  8.115  31.657  36.608 0.0000000000
4418  8.353  34.466  34.335 0.0000000000
4419  8.285  34.225  36.726 0.0000000000
4420  8.099  27.746  49.447 0.0000000000
4422  7.846  30.857  47.378 0.0000000000
4423  7.201  39.309  43.919 0.0000000000
4424  7.815  36.659  43.070 0.0000000000
4425  7.900  39.631  40.865 0.0000000000
4426  8.178  39.584  37.906 0.0000000000
4427  7.527  42.316  38.683 0.0000000000
4428  8.326  44.786  36.509 0.0000000000
4429  7.211  45.012  39.659 0.0000000000
6396  8.421  28.773  40.752 0.0000000000
6397  6.763  32.678  51.376 0.0000000000
6398  7.222  33.328  48.291 0.0000000000
6399  6.888  35.781  49.288 0.0000000000
6400  6.815  38.817  47.105 0.0000000000
6401  6.621  41.943  44.807 0.0000000000
6402  6.533  44.962  42.798 0.0000000000
7416  7.353  27.166  52.175 0.0000000000
7417  6.962  23.708  55.879 0.0000000000
7418  6.924  26.652  54.869 0.0000000000
7419  6.760  29.741  53.319 0.0000000000
7420  7.288  31.888  53.876 0.0000000000
7630  9.067  43.781  29.954 0.0000000000
7631  7.798  42.365  27.978 0.0000000000
7632  7.761  45.136  27.595 0.0000000000
7633  8.609  46.625  25.287 0.0000000000
8621  9.194  36.673  32.141 0.0000000000
8622  9.228  39.064  32.364 0.0000000000
8625  8.576  31.373  41.444 0.0000000000
8626  7.749  33.776  45.227 0.0000000000
8627  8.347  34.019  42.302 0.0000000000
8628  8.619  34.086  39.325 0.0000000000
8629  8.637  36.801  37.202 0.0000000000
8630  8.502  39.350  35.020 0.0000000000
8631  9.324  41.707  32.700 0.0000000000
8632  9.274  44.474  33.195 0.0000000000
8633  8.272  47.268  33.702 0.0000000000
10747  9.535  39.903  30.110 0.0000000000
10749  9.102  40.508  29.062 0.0000000000
12095  8.195  30.210  38.691 0.0000000000
12096  8.263  30.289  37.566 0.0000000000
12097  8.111  31.580  37.720 0.0000000000
12098  8.143  33.004  36.608 0.0000000000
12099  8.278  32.859  37.789 0.0000000000
12100  7.640  29.009  49.975 0.0000000000
12101  7.924  29.298  48.547 0.0000000000
12102  7.525  30.557  48.887 0.0000000000
12103  7.083  40.836  42.777 0.0000000000
12104  7.523  39.483  42.373 0.0000000000
12105  7.336  41.031  41.192 0.0000000000
12106  7.591  41.022  39.702 0.0000000000
12107  7.157  42.419  40.114 0.0000000000
12108  7.362  43.630  39.101 0.0000000000
12109  6.864  43.708  40.643 0.0000000000
14500  6.847  33.893  51.879 0.0000000000
14501  6.841  34.297  50.377 0.0000000000
14502  6.985  35.431  50.779 0.0000000000
14506  6.799  40.365  45.872 0.0000000000
16297  7.405  24.308  52.184 0.0000000000
16298  7.603  25.895  51.557 0.0000000000
16299  7.200  25.542  52.858 0.0000000000
16302  7.170  23.343  56.958 0.0000000000
16303  7.423  27.443  56.395 0.0000000000
16304  7.069  26.396  55.975 0.0000000000
16305  6.957  27.857  55.468 0.0000000000
16306  6.882  28.156  54.138 0.0000000000
16307  6.820  29.445  54.723 0.0000000000
16308  6.820  30.883  53.702 0.0000000000
16309  7.239  30.458  54.916 0.0000000000
16762  8.731  45.172  30.207 0.0000000000
16763  8.322  44.442  28.800 0.0000000000
16764  8.178  45.827  28.976 0.0000000000
16765  9.102  48.890  27.027 0.0000000000
16766  8.827  47.280  26.688 0.0000000000
16767  9.424  48.044  25.524 0.0000000000
19010  8.503  35.555  34.346 0.0000000000
19011  8.754  35.550  33.159 0.0000000000
19012  8.902  36.697  33.280 0.0000000000
19013  9.298  37.830  32.222 0.0000000000
19014  8.905  37.932  33.457 0.0000000000
19018  8.491  29.785  45.426 0.0000000000
19020  8.612  29.899  43.859 0.0000000000
19021  8.645  29.963  42.454 0.0000000000
19022  8.592  31.323  42.867 0.0000000000
19023  7.186  34.836  47.239 0.0000000000
19024  7.450  33.542  46.730 0.0000000000
19025  7.400  34.979  45.703 0.0000000000
19026  8.280  36.822  41.636 0.0000000000
19027  8.105  35.342  42.727 0.0000000000
19028  8.478  35.427  41.223 0.0000000000
19029  8.511  34.080  40.789 0.0000000000
19030  8.804  35.464  39.704 0.0000000000
19031  8.768  35.456  38.208 0.0000000000
19032  8.858  36.857  38.595 0.0000000000
19033  8.148  40.799  36.801 0.0000000000
19034  8.260  39.403  36.437 0.0000000000
19035  8.543  40.674  35.361 0.0000000000
19036  8.806  40.584  33.894 0.0000000000
19037  9.027  41.924  34.210 0.0000000000
19038  9.413  43.069  32.929 0.0000000000
19039  9.164  43.275  34.601 0.0000000000
19040  7.863  46.146  36.798 0.0000000000
19041  8.408  46.093  35.191 0.0000000000
19042  7.839  47.398  35.416 0.0000000000
19043  7.761  48.640  34.060 0.0000000000
19046  6.898  46.337  41.605 0.0000000000
20430  7.224  43.031  26.669 0.0000000000
24756  7.028  22.594  54.046 0.0000000000
24760  8.191  26.831  56.847 0.0000000000
24761  7.985  28.395  56.368 0.0000000000
24762  7.965  29.856  55.697 0.0000000000
25033  7.934  47.961  30.805 0.0000000000
25034  8.026  47.239  29.264 0.0000000000
25035  7.749  48.655  29.431 0.0000000000
25036  8.250  49.599  28.391 0.0000000000
26380  8.404  30.326  36.536 0.0000000000
26381  8.198  31.796  35.494 0.0000000000
26382  8.320  33.264  34.273 0.0000000000
26383  8.132  33.196  35.462 0.0000000000
26384  8.219  34.396  35.524 0.0000000000
26385  8.340  35.510  35.658 0.0000000000
26389  8.214  29.570  46.966 0.0000000000
26390  8.186  31.055  45.854 0.0000000000
26391  7.158  37.777  45.046 0.0000000000
26392  7.442  36.479  44.595 0.0000000000
26393  7.493  37.976  43.455 0.0000000000
26394  7.949  38.173  41.973 0.0000000000
26395  8.418  38.323  40.481 0.0000000000
26396  8.601  38.304  38.968 0.0000000000
26397  8.133  39.669  39.319 0.0000000000
26398  7.817  40.908  38.256 0.0000000000
26399  8.026  42.185  37.208 0.0000000000
26400  8.564  43.449  36.178 0.0000000000
26401  7.955  43.522  37.685 0.0000000000
26402  7.732  44.912  38.059 0.0000000000
26403  7.381  46.318  38.527 0.0000000000
30281  8.262  28.920  39.609 0.0000000000
30282  8.329  30.119  39.853 0.0000000000
30283  6.949  31.512  50.864 0.0000000000
30284  7.211  31.808  49.373 0.0000000000
30285  6.942  33.039  49.879 0.0000000000
30286  7.004  34.660  48.768 0.0000000000
30287  6.961  36.063  47.779 0.0000000000
30289  6.843  37.256  48.291 0.0000000000
30290  6.928  37.545  46.648 0.0000000000
30291  6.956  39.061  45.491 0.0000000000
30292  6.912  40.615  44.248 0.0000000000
30293  6.642  42.231  43.317 0.0000000000
30294  6.481  43.626  42.178 0.0000000000
30295  6.420  43.493  43.811 0.0000000000
32740  8.077  26.158  50.247 0.0000000000
32741  7.726  27.463  50.837 0.0000000000
32742  7.309  28.730  51.388 0.0000000000
32744  6.920  22.394  55.314 0.0000000000
32745  6.962  23.947  54.619 0.0000000000
32746  7.127  24.968  56.438 0.0000000000
32747  6.902  25.204  55.353 0.0000000000
32748  6.980  25.372  54.179 0.0000000000
32749  7.056  26.933  53.508 0.0000000000
32750  7.012  28.505  52.794 0.0000000000
32751  6.933  30.037  51.794 0.0000000000
32752  6.795  31.210  52.309 0.0000000000
32753  6.841  32.344  52.711 0.0000000000
32754  7.286  33.442  52.959 0.0000000000
32755  7.975  31.299  54.624 0.0000000000
32756  8.030  32.712  53.623 0.0000000000
33328  9.183  42.416  29.919 0.0000000000
33329  8.707  41.775  28.992 0.0000000000
33330  8.462  43.098  28.778 0.0000000000
33331  7.666  43.760  27.730 0.0000000000
33332  7.361  44.507  26.449 0.0000000000
33333  8.161  46.541  27.771 0.0000000000
33334  8.061  45.901  26.441 0.0000000000
33335  7.720  45.392  25.183 0.0000000000
36115  8.583  34.470  33.153 0.0000000000
36116  8.964  35.668  32.096 0.0000000000
36118  9.589  37.726  31.105 0.0000000000
36119  9.589  38.861  31.167 0.0000000000
36120  9.483  40.120  31.229 0.0000000000
36128  8.503  30.013  41.111 0.0000000000
36129  8.346  31.405  40.112 0.0000000000
36130  7.524  32.060  47.786 0.0000000000
36131  7.800  32.278  46.288 0.0000000000
36132  8.108  32.487  44.845 0.0000000000
36133  7.705  35.226  44.194 0.0000000000
36134  8.094  33.941  43.780 0.0000000000
36135  8.334  32.628  43.290 0.0000000000
36136  8.506  32.742  41.854 0.0000000000
36137  8.469  32.745  40.424 0.0000000000
36138  8.360  32.785  39.085 0.0000000000
36139  8.475  34.115  37.942 0.0000000000
36140  8.469  35.452  36.917 0.0000000000
36141  8.500  36.772  35.879 0.0000000000
36142  8.550  38.207  37.572 0.0000000000
36143  8.438  38.059  36.153 0.0000000000
36144  8.590  38.043  34.776 0.0000000000
36145  8.775  39.221  33.656 0.0000000000
36146  9.207  40.357  32.500 0.0000000000
36147  9.451  41.452  31.275 0.0000000000
36148  9.475  42.782  31.290 0.0000000000
36149  9.288  44.183  31.514 0.0000000000
36150  8.902  45.557  31.783 0.0000000000
36151  8.903  44.668  34.894 0.0000000000
36152  8.779  45.893  33.502 0.0000000000
36153  8.439  46.951  32.014 0.0000000000
36154  7.938  48.330  32.338 0.0000000000
36157  6.766  45.049  41.193 0.0000000000
36158  7.084  46.400  40.084 0.0000000000
36159  7.132  47.651  38.900 0.0000000000
41467  9.419  40.488  30.065 0.0000000000
41468  9.370  40.224  29.568 0.0000000000
41469  9.185  40.793  29.532 0.0000000000
42815  8.154  30.818  38.781 0.0000000000
42816  8.139  30.873  38.217 0.0000000000
42817  8.137  31.518  38.295 0.0000000000
42818  8.164  32.254  37.762 0.0000000000
42819  8.207  32.161  38.374 0.0000000000
42820  7.397  29.651  50.149 0.0000000000
42821  7.606  29.775  49.427 0.0000000000
42822  7.381  30.433  49.632 0.0000000000
42823  6.962  41.629  42.291 0.0000000000
42824  7.215  40.961  42.025 0.0000000000
42825  7.099  41.704  41.457 0.0000000000
42826  7.210  41.734  40.622 0.0000000000
42827  7.035  42.438  40.908 0.0000000000
42828  6.998  43.066  40.371 0.0000000000
42829  6.813  43.073  41.108 0.0000000000
45220  7.057  34.435  52.080 0.0000000000
45221  6.915  34.686  51.365 0.0000000000
45222  7.161  35.191  51.462 0.0000000000
47015  7.168  23.437  53.107 0.0000000000
47017  7.239  24.216  52.795 0.0000000000
47018  7.297  24.980  52.482 0.0000000000
47019  7.146  24.850  53.126 0.0000000000
47023  7.295  28.194  56.161 0.0000000000
47024  7.139  27.653  55.992 0.0000000000
47025  7.053  28.438  55.680 0.0000000000
47026  6.883  28.644  55.104 0.0000000000
47027  6.985  29.232  55.333 0.0000000000
47028  6.973  29.976  54.865 0.0000000000
47029  7.184  29.733  55.434 0.0000000000
47482  8.491  45.853  30.335 0.0000000000
47483  8.426  45.493  29.578 0.0000000000
47484  8.263  46.178  29.727 0.0000000000
47486  9.334  48.479  26.267 0.0000000000
47487  9.635  48.915  25.669 0.0000000000
49730  8.569  36.154  34.446 0.0000000000
49731  8.673  36.124  33.778 0.0000000000
49732  8.735  36.736  33.910 0.0000000000
49733  8.941  37.299  33.394 0.0000000000
49734  8.754  37.341  34.022 0.0000000000
49738  8.448  30.494  44.873 0.0000000000
49739  8.563  29.849  44.635 0.0000000000
49740  8.535  30.558  44.117 0.0000000000
49741  8.616  30.599  43.356 0.0000000000
49742  8.539  31.262  43.601 0.0000000000
49743  7.137  35.590  46.706 0.0000000000
49744  7.272  34.936  46.481 0.0000000000
49745  7.268  35.651  45.902 0.0000000000
49746  8.539  36.844  40.902 0.0000000000
49747  8.397  36.113  41.441 0.0000000000
49748  8.620  36.138  40.677 0.0000000000
49749  8.672  35.443  40.484 0.0000000000
49750  8.814  36.146  39.900 0.0000000000
49751  8.898  36.148  39.144 0.0000000000
49752  8.866  36.864  39.327 0.0000000000
49753  8.322  41.433  36.232 0.0000000000
49754  8.356  40.715  36.092 0.0000000000
49755  8.576  41.348  35.526 0.0000000000
49756  8.790  41.326  34.793 0.0000000000
49757  8.852  42.018  34.995 0.0000000000
49758  9.118  42.600  34.397 0.0000000000
49759  8.894  42.702  35.202 0.0000000000
49760  7.603  46.830  36.970 0.0000000000
49761  7.855  46.787  36.107 0.0000000000
49762  7.592  47.475  36.253 0.0000000000
49763  7.615  48.062  35.562 0.0000000000
49764  7.402  48.130  36.369 0.0000000000
51150  7.173  43.422  25.911 0.0000000000
56626  8.132  27.618  56.618 0.0000000000
57082  7.687  48.654  30.919 0.0000000000
57083  7.783  48.294  30.141 0.0000000000
57084  7.554  49.025  30.229 0.0000000000
59322  8.455  29.014  37.959 0.0000000000
59323  8.183  30.944  37.106 0.0000000000
59324  8.327  30.310  37.031 0.0000000000
59325  8.230  30.990  36.576 0.0000000000
59326  8.283  31.022  36.033 0.0000000000
59327  8.137  31.724  36.062 0.0000000000
59328  8.098  32.523  35.459 0.0000000000
59329  8.074  32.442  36.040 0.0000000000
59330  8.191  33.637  36.633 0.0000000000
59331  8.131  33.743  36.067 0.0000000000
59332  8.228  34.313  36.126 0.0000000000
59333  8.292  34.943  35.578 0.0000000000
59334  8.314  34.885  36.209 0.0000000000
59337  8.290  27.886  48.769 0.0000000000
59338  7.852  30.078  47.947 0.0000000000
59339  8.072  29.430  47.757 0.0000000000
59340  8.015  30.197  47.170 0.0000000000
59341  8.174  30.342  46.423 0.0000000000
59342  8.014  30.967  46.611 0.0000000000
59343  7.186  38.526  44.486 0.0000000000
59344  7.316  37.870  44.229 0.0000000000
59345  7.337  38.629  43.667 0.0000000000
59346  7.716  39.566  41.621 0.0000000000
59347  7.731  38.803  42.205 0.0000000000
59348  7.952  38.888  41.455 0.0000000000
59349  8.196  38.254  41.252 0.0000000000
59350  8.164  38.990  40.696 0.0000000000
59351  8.300  39.013  39.872 0.0000000000
59352  8.027  39.665  40.084 0.0000000000
59353  7.495  41.673  39.184 0.0000000000
59354  7.694  40.957  38.990 0.0000000000
59355  7.652  41.610  38.481 0.0000000000
59356  7.833  41.549  37.738 0.0000000000
59357  7.731  42.230  37.967 0.0000000000
59358  7.988  42.846  37.465 0.0000000000
59359  7.684  42.887  38.198 0.0000000000
59360  7.285  44.310  39.383 0.0000000000
59361  7.572  44.262  38.600 0.0000000000
59362  7.458  44.963  38.864 0.0000000000
59363  7.557  45.621  38.311 0.0000000000
59364  7.344  45.665  39.117 0.0000000000
66532  8.336  28.836  40.180 0.0000000000
66533  8.251  29.531  39.727 0.0000000000
66534  8.385  29.433  40.300 0.0000000000
66535  6.844  32.088  51.114 0.0000000000
66536  6.948  32.256  50.364 0.0000000000
66537  6.834  32.839  50.658 0.0000000000
66538  6.859  35.035  49.854 0.0000000000
66539  6.923  34.470  49.572 0.0000000000
66540  6.932  35.163  49.046 0.0000000000
66541  6.988  35.317  48.286 0.0000000000
66542  6.922  35.916  48.549 0.0000000000
66548  6.829  38.025  47.645 0.0000000000
66549  6.861  37.403  47.486 0.0000000000
66550  6.856  38.209  46.819 0.0000000000
66551  6.916  38.346  46.050 0.0000000000
66552  6.865  38.970  46.286 0.0000000000
66553  6.726  41.150  45.346 0.0000000000
66554  6.848  40.494  45.055 0.0000000000
66555  6.738  41.295  44.551 0.0000000000
66556  6.768  41.419  43.779 0.0000000000
66557  6.618  42.101  44.066 0.0000000000
66558  6.488  42.864  43.581 0.0000000000
66559  6.483  42.738  44.312 0.0000000000
71930  7.471  26.519  51.850 0.0000000000
71931  7.690  26.660  51.186 0.0000000000
71932  7.523  27.324  51.503 0.0000000000
71933  7.483  28.084  51.113 0.0000000000
71934  7.324  27.930  51.801 0.0000000000
71938  6.974  22.924  56.196 0.0000000000
71939  6.911  22.280  55.946 0.0000000000
71940  6.949  23.054  55.553 0.0000000000
71941  6.955  23.163  54.931 0.0000000000
71942  6.947  23.835  55.250 0.0000000000
71943  7.560  25.299  57.089 0.0000000000
71944  7.285  24.756  56.873 0.0000000000
71945  7.309  25.508  56.651 0.0000000000
71946  6.959  26.530  55.449 0.0000000000
71947  6.963  25.798  55.695 0.0000000000
71948  6.925  25.877  55.108 0.0000000000
71949  6.900  25.271  54.765 0.0000000000
71950  6.944  25.983  54.484 0.0000000000
71951  7.006  26.113  53.867 0.0000000000
71952  6.965  26.769  54.176 0.0000000000
71953  6.828  28.987  53.762 0.0000000000
71954  6.940  28.367  53.448 0.0000000000
71955  6.887  29.140  53.078 0.0000000000
71956  6.967  29.267  52.388 0.0000000000
71957  6.799  29.883  52.570 0.0000000000
71958  6.851  30.638  52.077 0.0000000000
71959  6.791  30.501  52.784 0.0000000000
71960  7.002  31.422  53.805 0.0000000000
71961  6.848  31.630  53.176 0.0000000000
71962  7.041  32.132  53.357 0.0000000000
71963  7.005  32.949  52.862 0.0000000000
71964  7.280  32.681  53.366 0.0000000000
71965  8.376  30.216  55.415 0.0000000000
71966  7.961  30.556  55.176 0.0000000000
71967  8.403  30.895  54.908 0.0000000000
73327  9.150  43.090  29.918 0.0000000000
73328  8.869  42.740  29.321 0.0000000000
73329  8.820  43.417  29.266 0.0000000000
73330  8.015  44.784  28.222 0.0000000000
73331  8.000  44.090  28.205 0.0000000000
73332  7.686  44.445  27.626 0.0000000000
73333  7.393  44.099  27.116 0.0000000000
73334  7.573  44.826  27.027 0.0000000000
73335  8.074  47.587  28.660 0.0000000000
73336  8.062  46.894  28.499 0.0000000000
73337  8.308  47.269  27.907 0.0000000000
73338  8.774  46.882  25.942 0.0000000000
73339  8.476  46.562  26.536 0.0000000000
73340  8.321  46.261  25.870 0.0000000000
73341  7.887  45.610  25.824 0.0000000000
73342  8.144  46.023  25.219 0.0000000000
73343  8.024  45.785  24.606 0.0000000000
73344  8.446  46.413  24.662 0.0000000000
80065  8.321  33.892  34.305 0.0000000000
80066  8.442  33.867  33.704 0.0000000000
80067  8.457  34.461  33.752 0.0000000000
80068  8.983  36.126  32.648 0.0000000000
80069  8.867  35.597  32.629 0.0000000000
80070  9.098  36.173  32.125 0.0000000000
80072  9.298  36.783  31.626 0.0000000000
80073  9.520  37.254  31.118 0.0000000000
80074  9.432  37.210  31.634 0.0000000000
80075  9.258  38.435  32.290 0.0000000000
80076  9.443  38.355  31.695 0.0000000000
80077  9.424  38.977  31.742 0.0000000000
80078  9.595  39.505  31.193 0.0000000000
80079  9.411  39.640  31.802 0.0000000000
80098  8.620  30.670  41.977 0.0000000000
80099  8.594  29.982  41.787 0.0000000000
80100  8.575  30.633  41.301 0.0000000000
80101  8.417  30.698  40.613 0.0000000000
80102  8.465  31.392  40.764 0.0000000000
80103  7.221  32.591  48.845 0.0000000000
80104  7.363  31.932  48.584 0.0000000000
80105  7.353  32.694  48.050 0.0000000000
80106  7.586  33.647  45.983 0.0000000000
80107  7.608  32.893  46.519 0.0000000000
80108  7.762  33.027  45.759 0.0000000000
80109  7.949  32.387  45.564 0.0000000000
80110  7.936  33.145  45.018 0.0000000000
80111  7.625  36.559  43.814 0.0000000000
80112  7.590  35.833  44.379 0.0000000000
80113  7.737  35.907  43.624 0.0000000000
80114  8.237  34.701  42.535 0.0000000000
80115  8.092  34.645  43.281 0.0000000000
80116  8.229  33.974  43.054 0.0000000000
80117  8.239  33.251  43.587 0.0000000000
80118  8.338  33.322  42.825 0.0000000000
80119  8.445  32.711  42.566 0.0000000000
80120  8.422  33.385  42.061 0.0000000000
80121  8.575  34.080  40.051 0.0000000000
80122  8.495  33.400  40.581 0.0000000000
80123  8.499  33.414  39.863 0.0000000000
80124  8.415  32.758  39.749 0.0000000000
80125  8.477  33.436  39.158 0.0000000000
80126  8.427  33.452  38.462 0.0000000000
80127  8.553  34.071  38.591 0.0000000000
80128  8.719  36.112  37.706 0.0000000000
80129  8.618  35.418  37.546 0.0000000000
80130  8.569  36.087  37.034 0.0000000000
80131  8.437  36.082  36.386 0.0000000000
80132  8.548  36.774  36.509 0.0000000000
80133  8.402  38.942  38.425 0.0000000000
80134  8.590  38.262  38.246 0.0000000000
80135  8.347  38.914  37.704 0.0000000000
80136  8.391  39.363  35.708 0.0000000000
80137  8.366  38.725  36.283 0.0000000000
80138  8.440  38.682  35.554 0.0000000000
80139  8.489  38.030  35.437 0.0000000000
80140  8.556  38.698  34.896 0.0000000000
80141  8.688  38.664  34.212 0.0000000000
80142  8.625  39.308  34.345 0.0000000000
80143  9.052  41.169  33.288 0.0000000000
80144  8.994  40.478  33.199 0.0000000000
80145  9.229  41.020  32.613 0.0000000000
80146  9.367  40.924  31.937 0.0000000000
80147  9.422  41.596  31.959 0.0000000000
80148  9.479  42.112  31.251 0.0000000000
80149  9.453  42.257  32.015 0.0000000000
80150  9.394  43.763  33.058 0.0000000000
80151  9.439  43.636  32.220 0.0000000000
80152  9.352  44.331  32.352 0.0000000000
80153  9.122  44.873  31.634 0.0000000000
80154  9.158  45.046  32.507 0.0000000000
80155  8.480  44.144  36.360 0.0000000000
80156  8.796  44.085  35.537 0.0000000000
80157  8.612  44.727  35.715 0.0000000000
80158  8.347  46.681  34.437 0.0000000000
80159  8.617  46.022  34.355 0.0000000000
80160  8.533  46.606  33.590 0.0000000000
80161  8.660  46.457  32.758 0.0000000000
80162  8.418  47.161  32.847 0.0000000000
80163  8.215  47.661  32.166 0.0000000000
80164  8.143  47.823  32.986 0.0000000000
80170  6.476  44.338  42.537 0.0000000000
80171  6.599  44.360  41.712 0.0000000000
80172  6.628  45.028  41.989 0.0000000000
80174  6.980  46.400  40.865 0.0000000000
80175  7.075  47.081  40.222 0.0000000000
80176  7.130  47.072  39.450 0.0000000000
84330  8.243  42.059  28.512 0.0000000000
84331  8.467  41.364  28.582 0.0000000000
84332  8.058  41.645  28.127 0.0000000000
93073  9.599  39.338  30.105 0.0000000000
95497  8.302  29.595  38.584 0.0000000000
95498  8.342  29.594  38.036 0.0000000000
95499  8.221  30.266  38.125 0.0000000000
95500  8.151  30.917  37.654 0.0000000000
95501  8.120  31.606  37.147 0.0000000000
95502  8.094  32.341  36.599 0.0000000000
95503  8.129  32.268  37.174 0.0000000000
95504  8.216  32.920  37.203 0.0000000000
95505  8.289  33.541  37.225 0.0000000000
95506  7.875  28.382  49.727 0.0000000000
95507  8.033  28.518  49.002 0.0000000000
95508  7.821  29.148  49.239 0.0000000000
95509  7.710  29.947  48.704 0.0000000000
95510  7.676  30.695  48.134 0.0000000000
95511  7.195  40.069  43.290 0.0000000000
95512  7.353  39.390  43.146 0.0000000000
95513  7.332  40.160  42.535 0.0000000000
95514  7.450  40.267  41.789 0.0000000000
95515  7.626  40.319  41.030 0.0000000000
95516  7.748  40.352  40.273 0.0000000000
95517  7.468  41.056  40.421 0.0000000000
95518  7.353  41.701  39.877 0.0000000000
95519  7.338  42.369  39.389 0.0000000000
95520  7.442  42.965  38.909 0.0000000000
95521  7.208  43.028  39.626 0.0000000000
95522  7.097  43.679  39.889 0.0000000000
95523  7.015  44.341  40.157 0.0000000000
99826  6.758  33.300  51.647 0.0000000000
99827  6.769  33.480  50.909 0.0000000000
99828  6.793  34.127  51.144 0.0000000000
99829  6.846  34.889  50.621 0.0000000000
99830  6.866  35.654  50.012 0.0000000000
99836  6.793  39.589  46.520 0.0000000000
99839  6.673  41.758  45.569 0.0000000000
99840  6.551  42.571  45.054 0.0000000000
103062  7.704  25.193  51.219 0.0000000000
103063  7.504  25.097  51.866 0.0000000000
103064  7.387  25.713  52.195 0.0000000000
103065  7.294  26.398  52.524 0.0000000000
103069  7.043  22.795  56.804 0.0000000000
103070  7.043  23.534  56.439 0.0000000000
103071  7.460  26.710  56.585 0.0000000000
103072  7.297  26.234  56.458 0.0000000000
103073  7.222  26.920  56.190 0.0000000000
103074  7.036  27.099  55.734 0.0000000000
103075  6.908  27.258  55.206 0.0000000000
103076  6.933  27.400  54.516 0.0000000000
103077  6.881  28.003  54.825 0.0000000000
103078  6.793  28.791  54.453 0.0000000000
103079  6.760  29.591  54.032 0.0000000000
103080  6.748  30.301  53.520 0.0000000000
103081  6.824  30.168  54.220 0.0000000000
103082  6.981  30.696  54.344 0.0000000000
103083  7.246  31.193  54.380 0.0000000000
103900  8.923  44.494  30.007 0.0000000000
103901  8.705  44.109  29.352 0.0000000000
103902  8.580  44.810  29.450 0.0000000000
103903  8.274  45.146  28.864 0.0000000000
103904  8.037  45.489  28.277 0.0000000000
103905  8.725  48.454  27.552 0.0000000000
103906  8.676  47.684  27.349 0.0000000000
103907  9.050  48.068  26.856 0.0000000000
103908  9.141  47.629  26.102 0.0000000000
103909  9.063  47.289  25.390 0.0000000000
103910  8.911  47.029  24.743 0.0000000000
103911  9.384  47.732  24.841 0.0000000000
107944  8.416  34.994  34.348 0.0000000000
107945  8.502  35.000  33.766 0.0000000000
107946  8.605  35.537  33.732 0.0000000000
107947  8.843  36.122  33.193 0.0000000000
107948  9.059  36.683  32.693 0.0000000000
107949  9.304  37.214  32.161 0.0000000000
107950  9.135  37.234  32.759 0.0000000000
107951  9.109  37.901  32.846 0.0000000000
107952  9.051  38.503  32.915 0.0000000000
107963  8.636  29.248  42.905 0.0000000000
107964  8.642  29.936  43.099 0.0000000000
107965  8.636  30.656  42.657 0.0000000000
107966  8.603  31.399  42.140 0.0000000000
107967  7.213  34.071  47.718 0.0000000000
107968  7.366  33.434  47.479 0.0000000000
107969  7.315  34.185  46.966 0.0000000000
107970  7.426  34.279  46.216 0.0000000000
107971  7.569  34.362  45.472 0.0000000000
107972  8.037  36.755  42.349 0.0000000000
107973  7.955  35.997  42.912 0.0000000000
107974  8.178  36.064  42.185 0.0000000000
107975  8.293  35.393  41.977 0.0000000000
107976  8.370  34.726  41.766 0.0000000000
107977  8.423  34.060  41.546 0.0000000000
107978  8.511  34.753  41.018 0.0000000000
107979  8.650  34.775  40.270 0.0000000000
107980  8.747  34.768  39.501 0.0000000000
107981  8.735  34.774  38.768 0.0000000000
107982  8.828  35.471  38.936 0.0000000000
107983  8.858  36.145  38.403 0.0000000000
107984  8.752  36.829  37.901 0.0000000000
107985  8.072  40.183  37.363 0.0000000000
107986  8.195  39.498  37.178 0.0000000000
107987  8.163  40.089  36.628 0.0000000000
107988  8.352  40.038  35.899 0.0000000000
107989  8.502  39.978  35.184 0.0000000000
107990  8.629  39.930  34.484 0.0000000000
107991  8.706  40.633  34.617 0.0000000000
107992  8.914  41.265  34.017 0.0000000000
107993  9.172  41.828  33.434 0.0000000000
107994  9.380  42.394  32.811 0.0000000000
107995  9.270  42.465  33.592 0.0000000000
107996  9.341  43.162  33.776 0.0000000000
107997  9.283  43.877  33.890 0.0000000000
107998  8.106  45.473  36.630 0.0000000000
107999  8.378  45.431  35.856 0.0000000000
108000  8.123  46.112  35.971 0.0000000000
108001  8.121  46.712  35.274 0.0000000000
108002  8.073  47.321  34.564 0.0000000000
108003  8.011  47.930  33.873 0.0000000000
108004  7.825  47.999  34.729 0.0000000000
108005  7.605  48.668  34.859 0.0000000000
108008  6.723  45.667  42.181 0.0000000000
110502  7.407  42.662  27.406 0.0000000000
119202  7.069  23.340  53.708 0.0000000000
119207  7.905  25.740  57.141 0.0000000000
119210  7.831  26.449  56.915 0.0000000000
119211  7.782  27.173  56.686 0.0000000000
119212  7.694  27.935  56.463 0.0000000000
119213  7.586  28.743  56.147 0.0000000000
119214  7.566  29.488  55.786 0.0000000000
119215  7.979  29.152  56.045 0.0000000000
119216  8.418  29.509  55.844 0.0000000000
119851  8.147  47.268  30.655 0.0000000000
119852  8.140  46.914  29.882 0.0000000000
119853  7.978  47.591  30.033 0.0000000000
119854  7.902  47.934  29.377 0.0000000000
119855  8.027  48.342  28.741 0.0000000000
119856  7.541  49.478  29.594 0.0000000000
119857  7.929  49.146  28.886 0.0000000000
119858  8.331  48.788  28.215 0.0000000000
119859  8.706  49.241  27.735 0.0000000000
122988  8.435  29.669  37.489 0.0000000000
122989  8.500  29.673  36.982 0.0000000000
122992  8.337  31.061  35.471 0.0000000000
122993  8.296  31.848  34.844 0.0000000000
122994  8.365  32.585  34.254 0.0000000000
122995  8.212  32.565  34.853 0.0000000000
122996  8.215  33.246  34.883 0.0000000000
122997  8.231  33.885  34.905 0.0000000000
122998  8.062  33.144  35.983 0.0000000000
122999  8.159  33.834  35.482 0.0000000000
123000  8.263  34.476  34.910 0.0000000000
123001  8.331  34.995  34.943 0.0000000000
123002  8.424  35.570  34.994 0.0000000000
123003  8.490  36.150  35.085 0.0000000000
123009  8.188  28.668  48.302 0.0000000000
123010  8.324  28.831  47.550 0.0000000000
123012  8.346  29.701  46.182 0.0000000000
123013  8.328  30.420  45.634 0.0000000000
123014  8.340  31.135  45.090 0.0000000000
123015  7.163  37.002  45.649 0.0000000000
123016  7.296  36.410  45.347 0.0000000000
123017  7.306  37.127  44.789 0.0000000000
123018  7.475  37.217  44.031 0.0000000000
123019  7.669  37.321  43.247 0.0000000000
123020  7.511  38.721  42.941 0.0000000000
123021  7.696  38.087  42.698 0.0000000000
123022  7.874  37.427  42.487 0.0000000000
123023  8.137  37.501  41.793 0.0000000000
123024  8.391  37.554  41.013 0.0000000000
123025  8.606  37.590  40.261 0.0000000000
123026  8.769  37.603  39.533 0.0000000000
123027  8.558  38.328  39.693 0.0000000000
123028  8.377  38.991  39.119 0.0000000000
123029  8.187  39.651  38.601 0.0000000000
123030  7.833  40.349  39.481 0.0000000000
123031  7.930  40.277  38.718 0.0000000000
123032  7.994  40.246  38.048 0.0000000000
123033  7.949  40.875  37.534 0.0000000000
123034  8.058  41.525  36.965 0.0000000000
123035  8.317  42.146  36.471 0.0000000000
123036  8.600  42.760  35.979 0.0000000000
123037  8.302  42.812  36.710 0.0000000000
123038  8.265  43.491  36.939 0.0000000000
123039  8.186  44.170  37.127 0.0000000000
123040  7.655  43.565  38.412 0.0000000000
123041  7.873  44.211  37.858 0.0000000000
123042  8.039  44.846  37.281 0.0000000000
123043  7.845  45.521  37.436 0.0000000000
123044  7.616  46.205  37.646 0.0000000000
123045  7.387  46.899  37.834 0.0000000000
132657  8.296  28.954  39.042 0.0000000000
132658  8.257  29.578  39.147 0.0000000000
132659  8.252  30.176  39.271 0.0000000000
132660  8.210  30.786  39.415 0.0000000000
132661  7.072  30.926  50.645 0.0000000000
132662  7.219  31.068  49.883 0.0000000000
132663  7.075  31.672  50.117 0.0000000000
132664  7.073  32.430  49.616 0.0000000000
132665  7.075  33.204  49.083 0.0000000000
132666  6.875  33.647  50.119 0.0000000000
132667  6.985  33.825  49.289 0.0000000000
132668  7.100  33.984  48.463 0.0000000000
132669  7.111  34.740  47.992 0.0000000000
132670  7.064  35.459  47.495 0.0000000000
132671  7.039  36.199  46.933 0.0000000000
132673  7.057  36.153  50.245 0.0000000000
132674  6.955  36.343  49.538 0.0000000000
132676  6.917  37.117  49.017 0.0000000000
132677  6.899  36.520  48.809 0.0000000000
132678  6.885  36.676  48.077 0.0000000000
132679  6.937  36.792  47.258 0.0000000000
132680  7.037  36.896  46.452 0.0000000000
132681  7.041  37.674  45.802 0.0000000000
132682  7.053  38.416  45.267 0.0000000000
132683  7.072  39.161  44.704 0.0000000000
132684  6.868  39.708  45.671 0.0000000000
132685  6.962  39.810  44.861 0.0000000000
132686  7.045  39.960  44.072 0.0000000000
132687  6.980  40.723  43.502 0.0000000000
132688  6.822  41.535  43.024 0.0000000000
132689  6.742  42.278  42.521 0.0000000000
132690  6.691  42.962  41.938 0.0000000000
132691  6.572  42.915  42.769 0.0000000000
132692  6.424  43.574  43.027 0.0000000000
132693  6.449  44.240  43.306 0.0000000000
132694  6.473  43.374  44.482 0.0000000000
132695  6.494  44.113  44.008 0.0000000000
139434  8.132  26.959  49.848 0.0000000000
139435  7.833  26.040  50.922 0.0000000000
139436  7.920  26.812  50.501 0.0000000000
139437  7.936  27.602  50.154 0.0000000000
139438  7.713  28.259  50.418 0.0000000000
139439  7.449  28.873  50.688 0.0000000000
139440  7.241  29.511  50.869 0.0000000000
139447  6.959  22.504  54.682 0.0000000000
139448  6.986  23.266  54.306 0.0000000000
139449  7.018  24.045  53.994 0.0000000000
139450  7.354  23.985  57.106 0.0000000000
139451  7.138  24.184  56.649 0.0000000000
139452  6.976  24.327  56.160 0.0000000000
139453  7.115  25.675  56.179 0.0000000000
139454  6.988  25.103  55.924 0.0000000000
139455  6.922  24.475  55.591 0.0000000000
139456  6.904  24.591  55.010 0.0000000000
139457  6.927  24.698  54.407 0.0000000000
139458  7.032  24.750  53.775 0.0000000000
139459  7.089  25.463  53.546 0.0000000000
139460  7.139  26.270  53.204 0.0000000000
139461  7.186  27.063  52.851 0.0000000000
139462  6.987  27.573  53.820 0.0000000000
139463  7.069  27.745  53.118 0.0000000000
139464  7.198  27.824  52.483 0.0000000000
139465  7.139  28.633  52.107 0.0000000000
139466  7.099  29.375  51.619 0.0000000000
139467  7.072  30.169  51.074 0.0000000000
139468  6.941  30.773  51.360 0.0000000000
139469  6.844  31.344  51.604 0.0000000000
139470  6.770  31.958  51.809 0.0000000000
139471  6.783  31.055  53.023 0.0000000000
139472  6.779  31.811  52.536 0.0000000000
139473  6.757  32.516  52.060 0.0000000000
139474  6.839  33.134  52.298 0.0000000000
139475  7.024  33.678  52.467 0.0000000000
139476  7.339  34.137  52.522 0.0000000000
139477  7.592  30.162  55.411 0.0000000000
139478  7.587  30.875  54.841 0.0000000000
139479  7.595  31.597  54.308 0.0000000000
139481  8.013  31.998  54.102 0.0000000000
139482  7.626  32.360  53.778 0.0000000000
139483  7.641  33.141  53.334 0.0000000000
139484  7.676  33.799  52.884 0.0000000000
141142  9.206  41.766  30.005 0.0000000000
141143  9.030  41.448  29.494 0.0000000000
141144  8.929  42.100  29.425 0.0000000000
141145  8.554  42.448  28.907 0.0000000000
141146  8.105  42.754  28.389 0.0000000000
141147  8.389  43.754  28.740 0.0000000000
141148  8.034  43.424  28.244 0.0000000000
141149  7.694  43.072  27.853 0.0000000000
141150  7.344  43.385  27.269 0.0000000000
141151  7.223  43.770  26.552 0.0000000000
141152  7.228  44.208  25.785 0.0000000000
141153  8.111  46.537  29.121 0.0000000000
141154  8.042  46.189  28.368 0.0000000000
141155  7.967  45.847  27.661 0.0000000000
141156  8.454  46.894  27.199 0.0000000000
141157  8.156  46.212  27.085 0.0000000000
141158  7.839  45.525  27.017 0.0000000000
141159  7.653  45.239  26.401 0.0000000000
141160  7.511  44.928  25.796 0.0000000000
141161  7.440  44.646  25.110 0.0000000000
149317  8.474  33.232  33.668 0.0000000000
149320  8.586  35.002  33.181 0.0000000000
149321  8.730  35.072  32.628 0.0000000000
149328  9.646  38.256  30.550 0.0000000000
149329  9.461  37.760  31.653 0.0000000000
149330  9.608  38.269  31.123 0.0000000000
149331  9.655  38.789  30.578 0.0000000000
149332  9.631  39.406  30.641 0.0000000000
149333  9.563  40.003  30.635 0.0000000000
149334  9.464  40.608  30.630 0.0000000000
149355  8.506  28.726  41.361 0.0000000000
149356  8.621  29.292  42.223 0.0000000000
149357  8.554  29.350  41.567 0.0000000000
149358  8.480  29.393  40.915 0.0000000000
149359  8.411  30.056  40.444 0.0000000000
149360  8.294  30.748  40.012 0.0000000000
149361  8.254  31.419  39.509 0.0000000000
149362  7.366  31.202  49.106 0.0000000000
149363  7.504  31.329  48.346 0.0000000000
149364  7.686  31.460  47.594 0.0000000000
149365  7.484  32.777  47.267 0.0000000000
149366  7.666  32.180  47.028 0.0000000000
149367  7.853  31.559  46.840 0.0000000000
149368  8.003  31.654  46.101 0.0000000000
149369  8.149  31.748  45.366 0.0000000000
149370  8.296  31.852  44.603 0.0000000000
149371  7.427  35.731  45.129 0.0000000000
149372  7.542  35.121  44.954 0.0000000000
149373  7.730  34.505  44.708 0.0000000000
149374  7.902  35.272  43.452 0.0000000000
149375  7.917  34.585  44.001 0.0000000000
149376  7.946  33.892  44.484 0.0000000000
149377  8.111  33.238  44.292 0.0000000000
149378  8.242  32.570  44.095 0.0000000000
149379  8.408  31.927  43.837 0.0000000000
149380  8.494  31.993  43.097 0.0000000000
149381  8.538  32.046  42.362 0.0000000000
149382  8.513  32.069  41.656 0.0000000000
149383  8.489  33.410  41.313 0.0000000000
149384  8.509  32.747  41.155 0.0000000000
149385  8.474  32.083  40.969 0.0000000000
149386  8.410  32.089  40.300 0.0000000000
149387  8.328  32.085  39.652 0.0000000000
149388  8.261  32.114  39.001 0.0000000000
149389  8.311  32.820  38.433 0.0000000000
149390  8.375  33.484  37.841 0.0000000000
149391  8.394  34.177  37.332 0.0000000000
149392  8.633  34.773  38.080 0.0000000000
149393  8.490  34.788  37.443 0.0000000000
149394  8.386  34.849  36.822 0.0000000000
149395  8.382  35.495  36.283 0.0000000000
149396  8.445  36.135  35.701 0.0000000000
149397  8.516  36.753  35.220 0.0000000000
149398  8.765  37.587  38.782 0.0000000000
149399  8.713  37.546  38.078 0.0000000000
149400  8.612  37.487  37.393 0.0000000000
149401  8.343  38.813  36.994 0.0000000000
149402  8.446  38.111  36.876 0.0000000000
149403  8.509  37.449  36.695 0.0000000000
149404  8.488  37.410  36.007 0.0000000000
149405  8.517  37.391  35.333 0.0000000000
149406  8.592  37.370  34.669 0.0000000000
149407  8.728  37.988  34.107 0.0000000000
149408  8.842  38.580  33.545 0.0000000000
149409  9.015  39.155  33.005 0.0000000000
149410  8.752  39.897  33.790 0.0000000000
149411  8.991  39.809  33.104 0.0000000000
149412  9.212  39.728  32.440 0.0000000000
149413  9.315  40.262  31.888 0.0000000000
149414  9.429  40.776  31.269 0.0000000000
149415  9.405  41.269  30.625 0.0000000000
149416  9.422  41.917  30.581 0.0000000000
149417  9.408  42.613  30.532 0.0000000000
149418  9.358  43.284  30.632 0.0000000000
149419  9.461  42.945  32.105 0.0000000000
149420  9.449  43.490  31.416 0.0000000000
149421  9.229  43.988  30.687 0.0000000000
149422  9.046  44.689  30.796 0.0000000000
149423  8.841  45.363  30.965 0.0000000000
149424  8.587  46.030  31.091 0.0000000000
149425  8.892  43.373  35.406 0.0000000000
149426  9.083  43.986  34.706 0.0000000000
149427  9.113  44.583  34.036 0.0000000000
149428  8.677  45.376  35.070 0.0000000000
149429  8.876  45.287  34.225 0.0000000000
149430  9.046  45.184  33.377 0.0000000000
149431  8.906  45.752  32.651 0.0000000000
149432  8.648  46.242  31.903 0.0000000000
149433  8.401  46.731  31.217 0.0000000000
149434  8.209  47.452  31.392 0.0000000000
149435  7.982  48.149  31.525 0.0000000000
149436  7.692  48.828  31.642 0.0000000000
149437  7.852  48.501  33.204 0.0000000000
149438  7.619  49.010  32.483 0.0000000000
149443  6.652  43.716  41.380 0.0000000000
149444  6.784  44.372  40.919 0.0000000000
149445  6.962  45.053  40.389 0.0000000000
149446  6.804  45.715  41.414 0.0000000000
149447  6.933  45.714  40.658 0.0000000000
149448  7.152  45.691  39.903 0.0000000000
149449  7.232  46.365  39.312 0.0000000000
149450  7.251  47.003  38.660 0.0000000000
149451  7.244  47.586  38.012 0.0000000000
149460  7.254  48.194  37.259 0.0000000000
154443  8.888  41.101  29.039 0.0000000000
