#!ascii label  , from subject fsaverage vox2ras=TkReg
1049
153  -45.000  -18.529  -29.510 0.0000000000
613  -44.495  -10.377  -39.806 0.0000000000
623  -42.382  -31.265  -20.970 0.0000000000
1367  -43.333  -5.317  -40.992 0.0000000000
1392  -45.906  -30.523  -22.438 0.0000000000
1393  -44.803  -24.100  -23.658 0.0000000000
1394  -42.221  -24.929  -21.318 0.0000000000
1395  -43.075  -17.103  -25.447 0.0000000000
2475  -44.018  -14.695  -35.106 0.0000000000
2476  -39.144  -6.298  -41.744 0.0000000000
2477  -41.060  -8.946  -36.358 0.0000000000
2478  -42.121  -12.102  -30.597 0.0000000000
2499  -42.685  -56.680  -18.674 0.0000000000
2500  -40.766  -51.540  -18.515 0.0000000000
2501  -39.095  -46.221  -18.987 0.0000000000
2502  -40.245  -41.331  -22.469 0.0000000000
2504  -42.624  -36.525  -22.474 0.0000000000
3312  -45.979  -24.142  -25.421 0.0000000000
3313  -45.174  -20.866  -26.240 0.0000000000
3314  -44.128  -20.625  -24.498 0.0000000000
3315  -44.129  -17.641  -27.351 0.0000000000
5538  -46.807  -9.931  -39.954 0.0000000000
5542  -44.519  -12.391  -37.501 0.0000000000
5544  -38.710  -3.935  -42.430 0.0000000000
5549  -41.520  -10.370  -33.846 0.0000000000
5550  -40.035  -9.589  -31.620 0.0000000000
5551  -40.665  -11.527  -28.664 0.0000000000
5552  -38.385  -9.783  -30.053 0.0000000000
5604  -41.983  -53.951  -19.151 0.0000000000
5609  -39.719  -43.520  -20.746 0.0000000000
5610  -41.342  -40.523  -21.116 0.0000000000
5614  -44.239  -30.881  -21.188 0.0000000000
5615  -44.217  -33.794  -22.095 0.0000000000
5616  -42.638  -34.044  -21.880 0.0000000000
5617  -41.118  -36.776  -21.965 0.0000000000
5618  -41.037  -34.402  -22.221 0.0000000000
5620  -40.779  -31.754  -21.752 0.0000000000
5621  -41.586  -21.280  -21.949 0.0000000000
7068  -45.872  -7.366  -39.884 0.0000000000
7069  -43.987  -7.794  -41.531 0.0000000000
7114  -45.252  -27.448  -23.073 0.0000000000
7115  -43.900  -27.701  -21.604 0.0000000000
7116  -42.298  -28.321  -20.910 0.0000000000
7117  -43.601  -24.346  -22.089 0.0000000000
7118  -42.881  -20.685  -22.855 0.0000000000
7119  -41.842  -17.240  -23.838 0.0000000000
9981  -44.363  -16.643  -32.372 0.0000000000
9982  -40.730  -3.234  -41.564 0.0000000000
9983  -41.245  -5.875  -42.354 0.0000000000
9984  -41.863  -8.330  -41.044 0.0000000000
9986  -40.261  -7.738  -38.987 0.0000000000
9987  -42.563  -9.957  -38.244 0.0000000000
9988  -42.657  -11.653  -35.707 0.0000000000
9989  -42.962  -13.332  -33.055 0.0000000000
9990  -43.535  -15.247  -29.955 0.0000000000
9991  -42.599  -14.285  -27.782 0.0000000000
9992  -41.327  -14.101  -26.130 0.0000000000
10054  -42.565  -57.701  -20.155 0.0000000000
10055  -41.271  -55.034  -20.262 0.0000000000
10056  -40.126  -52.727  -20.055 0.0000000000
10058  -39.667  -49.061  -18.205 0.0000000000
10060  -38.443  -47.678  -20.401 0.0000000000
10061  -38.369  -45.113  -21.692 0.0000000000
10062  -38.169  -42.811  -22.458 0.0000000000
10069  -41.348  -38.670  -21.926 0.0000000000
10070  -39.743  -39.541  -22.345 0.0000000000
10075  -40.757  -29.122  -21.476 0.0000000000
10991  -45.764  -19.902  -28.855 0.0000000000
10992  -45.812  -21.063  -27.180 0.0000000000
10993  -45.247  -19.576  -27.851 0.0000000000
10994  -44.674  -19.231  -26.795 0.0000000000
10995  -44.527  -18.044  -28.431 0.0000000000
13218  -45.699  -10.169  -40.128 0.0000000000
13219  -47.104  -11.225  -39.481 0.0000000000
13220  -45.861  -11.285  -39.304 0.0000000000
13221  -45.757  -12.472  -38.156 0.0000000000
13222  -44.614  -11.295  -38.709 0.0000000000
13229  -39.816  -8.776  -33.360 0.0000000000
13230  -38.896  -8.805  -32.295 0.0000000000
13231  -39.266  -9.566  -30.722 0.0000000000
13294  -43.341  -31.126  -20.942 0.0000000000
13295  -43.376  -32.609  -21.259 0.0000000000
13296  -42.472  -32.680  -21.316 0.0000000000
13297  -41.829  -34.226  -21.971 0.0000000000
13298  -41.671  -32.861  -21.590 0.0000000000
13299  -40.875  -33.165  -22.012 0.0000000000
13300  -41.518  -31.536  -21.247 0.0000000000
15618  -44.012  -5.154  -39.755 0.0000000000
15619  -45.204  -6.237  -39.295 0.0000000000
15620  -44.554  -6.221  -40.589 0.0000000000
15621  -45.102  -7.418  -40.935 0.0000000000
15622  -43.725  -6.478  -41.520 0.0000000000
15694  -45.388  -24.111  -24.536 0.0000000000
15695  -45.576  -25.843  -24.275 0.0000000000
15696  -45.012  -25.828  -23.413 0.0000000000
15697  -44.654  -27.484  -22.292 0.0000000000
15698  -44.390  -25.853  -22.541 0.0000000000
15699  -43.768  -26.046  -21.897 0.0000000000
15700  -44.285  -24.201  -22.803 0.0000000000
15701  -43.620  -18.856  -24.928 0.0000000000
15702  -43.497  -20.545  -23.591 0.0000000000
15703  -43.040  -18.751  -24.044 0.0000000000
15704  -42.448  -18.932  -23.352 0.0000000000
15705  -42.518  -17.110  -24.628 0.0000000000
22383  -45.117  -14.958  -35.704 0.0000000000
22385  -45.000  -15.929  -34.508 0.0000000000
22386  -45.170  -17.044  -33.411 0.0000000000
22387  -44.137  -15.675  -33.808 0.0000000000
22390  -39.589  -2.498  -41.482 0.0000000000
22391  -38.773  -5.097  -42.408 0.0000000000
22392  -39.835  -4.852  -42.521 0.0000000000
22393  -40.101  -6.142  -42.323 0.0000000000
22394  -41.595  -7.197  -42.098 0.0000000000
22395  -40.547  -7.307  -41.413 0.0000000000
22401  -40.756  -8.313  -37.658 0.0000000000
22402  -41.437  -8.795  -38.629 0.0000000000
22403  -41.807  -9.468  -37.263 0.0000000000
22404  -42.780  -10.791  -36.970 0.0000000000
22405  -42.008  -10.249  -36.065 0.0000000000
22406  -41.719  -11.228  -32.303 0.0000000000
22407  -42.162  -11.838  -33.532 0.0000000000
22408  -42.606  -12.661  -31.830 0.0000000000
22409  -43.201  -14.276  -31.608 0.0000000000
22410  -42.914  -13.581  -30.205 0.0000000000
22411  -43.121  -14.703  -28.939 0.0000000000
22412  -42.360  -13.126  -29.119 0.0000000000
22413  -39.900  -11.492  -27.914 0.0000000000
22414  -40.971  -12.772  -27.325 0.0000000000
22415  -40.241  -12.815  -26.615 0.0000000000
22570  -42.952  -57.215  -19.611 0.0000000000
22571  -41.400  -52.832  -18.967 0.0000000000
22572  -41.875  -54.496  -19.829 0.0000000000
22573  -41.187  -53.305  -19.678 0.0000000000
22574  -40.651  -53.899  -20.207 0.0000000000
22575  -40.518  -52.197  -19.398 0.0000000000
22581  -39.245  -47.621  -18.503 0.0000000000
22582  -39.416  -49.687  -19.081 0.0000000000
22583  -39.028  -48.380  -19.278 0.0000000000
22585  -38.784  -46.916  -19.726 0.0000000000
22586  -40.102  -42.433  -21.730 0.0000000000
22587  -39.267  -44.378  -21.365 0.0000000000
22588  -39.423  -43.309  -22.200 0.0000000000
22589  -38.337  -43.944  -22.222 0.0000000000
22590  -39.355  -42.122  -22.719 0.0000000000
22602  -43.399  -35.166  -22.676 0.0000000000
22607  -42.012  -38.544  -21.860 0.0000000000
22608  -41.900  -37.586  -21.974 0.0000000000
22609  -40.222  -37.083  -22.059 0.0000000000
22610  -40.347  -38.182  -21.964 0.0000000000
22611  -39.414  -38.574  -22.163 0.0000000000
22612  -38.696  -40.071  -22.555 0.0000000000
22621  -42.286  -26.605  -21.083 0.0000000000
22622  -41.510  -28.667  -21.006 0.0000000000
22623  -41.522  -27.103  -21.038 0.0000000000
24349  -42.748  -4.274  -40.246 0.0000000000
24394  -45.650  -22.471  -25.803 0.0000000000
24395  -45.019  -22.449  -24.894 0.0000000000
24396  -44.506  -22.411  -24.049 0.0000000000
24397  -44.638  -20.758  -25.393 0.0000000000
24398  -44.176  -19.000  -25.858 0.0000000000
24399  -43.595  -17.309  -26.387 0.0000000000
28400  -47.626  -9.814  -39.256 0.0000000000
28407  -45.419  -13.735  -36.895 0.0000000000
28408  -44.261  -13.650  -36.198 0.0000000000
28410  -38.686  -2.831  -41.999 0.0000000000
28411  -37.713  -3.197  -42.400 0.0000000000
28412  -37.700  -4.265  -42.307 0.0000000000
28413  -37.879  -5.301  -41.977 0.0000000000
28418  -40.302  -8.484  -35.590 0.0000000000
28419  -41.299  -9.613  -35.184 0.0000000000
28420  -40.584  -9.124  -34.278 0.0000000000
28421  -40.779  -9.896  -32.740 0.0000000000
28422  -41.074  -10.738  -31.129 0.0000000000
28423  -41.421  -11.676  -29.629 0.0000000000
28424  -40.375  -10.507  -30.113 0.0000000000
28425  -39.594  -10.428  -29.233 0.0000000000
28426  -38.750  -10.713  -28.653 0.0000000000
28518  -42.509  -55.290  -19.006 0.0000000000
28526  -39.811  -44.001  -19.113 0.0000000000
28527  -39.307  -44.861  -19.746 0.0000000000
28528  -40.162  -42.830  -20.044 0.0000000000
28529  -40.599  -41.855  -20.976 0.0000000000
28530  -40.850  -40.914  -21.808 0.0000000000
28536  -45.046  -30.697  -21.697 0.0000000000
28537  -45.061  -32.241  -21.898 0.0000000000
28538  -44.213  -32.432  -21.542 0.0000000000
28539  -43.491  -33.946  -21.868 0.0000000000
28540  -42.654  -35.310  -22.363 0.0000000000
28541  -41.928  -36.627  -22.130 0.0000000000
28542  -41.872  -35.539  -22.191 0.0000000000
28543  -41.021  -35.665  -22.199 0.0000000000
28544  -40.125  -35.883  -22.375 0.0000000000
28546  -40.110  -34.703  -22.632 0.0000000000
28547  -40.098  -33.446  -22.458 0.0000000000
28548  -40.031  -32.261  -22.261 0.0000000000
28549  -41.972  -23.091  -21.574 0.0000000000
28550  -41.421  -25.366  -21.134 0.0000000000
28551  -41.256  -23.547  -21.378 0.0000000000
31851  -46.392  -7.398  -38.656 0.0000000000
31852  -47.019  -8.508  -39.192 0.0000000000
31853  -46.494  -8.628  -40.150 0.0000000000
31854  -45.422  -8.833  -40.815 0.0000000000
31855  -44.275  -9.159  -40.873 0.0000000000
31957  -45.881  -27.382  -23.933 0.0000000000
31958  -45.648  -28.941  -22.716 0.0000000000
31959  -44.920  -29.088  -21.949 0.0000000000
31960  -44.139  -29.203  -21.292 0.0000000000
31961  -43.233  -29.547  -20.928 0.0000000000
31962  -42.344  -29.759  -20.824 0.0000000000
31963  -43.150  -27.970  -21.137 0.0000000000
31964  -43.006  -26.297  -21.395 0.0000000000
31965  -42.857  -24.593  -21.602 0.0000000000
31966  -43.912  -22.407  -23.174 0.0000000000
31967  -43.281  -22.577  -22.481 0.0000000000
31968  -42.613  -22.720  -21.865 0.0000000000
31969  -42.277  -20.877  -22.318 0.0000000000
31970  -41.757  -19.179  -22.784 0.0000000000
34269  -45.575  -18.851  -30.475 0.0000000000
40178  -45.354  -17.923  -31.947 0.0000000000
40179  -44.669  -17.509  -30.937 0.0000000000
40181  -41.555  -3.200  -40.555 0.0000000000
40182  -42.028  -4.187  -41.271 0.0000000000
40183  -39.765  -3.542  -42.204 0.0000000000
40184  -41.060  -4.353  -42.120 0.0000000000
40185  -42.359  -5.532  -41.857 0.0000000000
40186  -42.690  -6.932  -42.038 0.0000000000
40187  -42.872  -8.200  -41.491 0.0000000000
40188  -43.124  -9.317  -40.379 0.0000000000
40194  -39.737  -7.109  -40.421 0.0000000000
40195  -41.017  -8.135  -40.089 0.0000000000
40196  -42.188  -9.138  -39.536 0.0000000000
40197  -43.427  -10.303  -39.158 0.0000000000
40198  -43.554  -11.171  -37.918 0.0000000000
40199  -43.542  -12.120  -36.630 0.0000000000
40200  -43.278  -13.184  -35.399 0.0000000000
40201  -42.066  -11.017  -34.852 0.0000000000
40202  -42.599  -12.554  -34.584 0.0000000000
40203  -43.327  -14.079  -34.254 0.0000000000
40204  -43.544  -15.083  -32.790 0.0000000000
40205  -43.840  -16.037  -31.275 0.0000000000
40206  -44.233  -16.910  -29.742 0.0000000000
40207  -43.806  -16.350  -28.618 0.0000000000
40208  -43.358  -15.917  -27.532 0.0000000000
40209  -42.869  -15.628  -26.610 0.0000000000
40210  -41.721  -12.816  -28.167 0.0000000000
40211  -42.058  -14.133  -26.967 0.0000000000
40212  -42.315  -15.513  -25.756 0.0000000000
40213  -41.633  -15.568  -24.991 0.0000000000
40399  -42.585  -55.868  -19.824 0.0000000000
40400  -41.935  -56.444  -20.259 0.0000000000
40410  -40.220  -50.380  -18.218 0.0000000000
40411  -39.989  -50.938  -19.211 0.0000000000
40412  -39.562  -51.400  -19.992 0.0000000000
40417  -38.959  -45.594  -20.523 0.0000000000
40418  -38.387  -46.310  -21.100 0.0000000000
40442  -41.377  -39.583  -21.779 0.0000000000
40443  -40.806  -39.952  -22.274 0.0000000000
40444  -41.168  -37.797  -21.889 0.0000000000
40445  -40.634  -39.015  -22.088 0.0000000000
40446  -40.022  -40.429  -22.627 0.0000000000
40447  -39.061  -41.028  -22.770 0.0000000000
40459  -41.481  -30.203  -21.014 0.0000000000
40460  -40.669  -30.558  -21.624 0.0000000000
40461  -40.105  -30.870  -22.188 0.0000000000
40462  -40.833  -27.593  -21.438 0.0000000000
41711  -45.372  -19.239  -29.201 0.0000000000
41712  -45.511  -19.759  -28.393 0.0000000000
41713  -45.105  -19.018  -28.640 0.0000000000
41714  -44.911  -18.792  -28.128 0.0000000000
41715  -44.749  -18.236  -28.943 0.0000000000
43938  -45.107  -10.255  -40.002 0.0000000000
43939  -45.774  -10.795  -39.732 0.0000000000
43940  -45.165  -10.826  -39.562 0.0000000000
43941  -45.227  -11.289  -39.044 0.0000000000
43942  -44.589  -10.851  -39.245 0.0000000000
44014  -42.825  -31.160  -20.912 0.0000000000
44015  -42.851  -31.942  -21.008 0.0000000000
44016  -42.465  -32.004  -21.050 0.0000000000
44017  -42.076  -32.797  -21.363 0.0000000000
44018  -41.983  -32.117  -21.206 0.0000000000
44019  -41.584  -32.157  -21.370 0.0000000000
44020  -41.914  -31.379  -21.047 0.0000000000
46338  -43.705  -5.222  -40.369 0.0000000000
46339  -44.281  -5.672  -40.202 0.0000000000
46340  -43.975  -5.714  -40.791 0.0000000000
46341  -44.183  -6.299  -41.080 0.0000000000
46342  -43.568  -5.861  -41.252 0.0000000000
46414  -45.095  -24.068  -24.044 0.0000000000
46415  -45.186  -24.952  -23.957 0.0000000000
46416  -44.882  -24.981  -23.516 0.0000000000
46417  -44.737  -25.887  -22.965 0.0000000000
46418  -44.613  -24.998  -23.102 0.0000000000
46419  -44.285  -25.047  -22.668 0.0000000000
46420  -44.462  -24.141  -23.186 0.0000000000
46421  -43.394  -17.959  -25.189 0.0000000000
46422  -43.343  -18.808  -24.470 0.0000000000
46423  -43.091  -17.958  -24.749 0.0000000000
46424  -42.783  -17.960  -24.315 0.0000000000
46425  -42.808  -17.103  -24.996 0.0000000000
53103  -44.507  -14.900  -35.447 0.0000000000
53104  -45.013  -15.445  -35.048 0.0000000000
53105  -44.530  -15.325  -34.792 0.0000000000
53106  -44.543  -15.816  -34.204 0.0000000000
53107  -44.133  -15.178  -34.466 0.0000000000
53111  -38.907  -5.765  -42.145 0.0000000000
53112  -39.404  -5.689  -42.392 0.0000000000
53113  -39.565  -6.222  -42.220 0.0000000000
53114  -40.291  -6.815  -41.954 0.0000000000
53115  -39.845  -6.796  -41.681 0.0000000000
53119  -40.555  -8.411  -36.566 0.0000000000
53120  -40.417  -8.105  -37.184 0.0000000000
53121  -40.914  -8.605  -37.001 0.0000000000
53122  -41.251  -8.868  -37.446 0.0000000000
53123  -41.457  -9.191  -36.776 0.0000000000
53124  -41.950  -9.799  -36.692 0.0000000000
53125  -41.551  -9.494  -36.214 0.0000000000
53126  -41.896  -11.609  -31.533 0.0000000000
53127  -42.186  -11.935  -32.076 0.0000000000
53128  -42.360  -12.335  -31.215 0.0000000000
53129  -42.722  -13.114  -31.109 0.0000000000
53130  -42.507  -12.833  -30.453 0.0000000000
53131  -42.653  -13.333  -29.646 0.0000000000
53132  -42.261  -12.578  -29.886 0.0000000000
53133  -39.476  -11.607  -27.594 0.0000000000
53134  -40.086  -12.145  -27.277 0.0000000000
53135  -39.629  -12.271  -26.942 0.0000000000
53286  -42.700  -57.467  -18.438 0.0000000000
53288  -42.908  -57.646  -18.914 0.0000000000
53289  -43.112  -57.916  -19.436 0.0000000000
53290  -42.828  -56.939  -19.124 0.0000000000
53291  -41.072  -52.171  -18.706 0.0000000000
53292  -41.273  -53.101  -19.311 0.0000000000
53293  -40.931  -52.539  -19.159 0.0000000000
53294  -40.845  -52.760  -19.537 0.0000000000
53295  -40.618  -51.866  -18.977 0.0000000000
53299  -39.337  -45.845  -18.597 0.0000000000
53300  -39.303  -46.482  -18.335 0.0000000000
53301  -39.145  -46.893  -18.725 0.0000000000
53302  -39.102  -47.991  -18.869 0.0000000000
53303  -38.940  -47.233  -19.098 0.0000000000
53304  -38.885  -47.684  -19.441 0.0000000000
53305  -38.920  -46.534  -19.391 0.0000000000
53306  -40.321  -41.831  -22.279 0.0000000000
53307  -39.762  -42.806  -21.992 0.0000000000
53308  -39.808  -42.212  -22.364 0.0000000000
53309  -39.421  -42.735  -22.531 0.0000000000
53310  -39.773  -41.689  -22.641 0.0000000000
53322  -42.993  -35.869  -22.636 0.0000000000
53327  -42.286  -37.511  -22.200 0.0000000000
53328  -42.253  -37.021  -22.259 0.0000000000
53329  -39.711  -37.315  -22.127 0.0000000000
53330  -39.820  -37.828  -22.069 0.0000000000
53331  -39.305  -38.050  -22.226 0.0000000000
53332  -38.949  -38.727  -22.365 0.0000000000
53341  -42.237  -25.796  -21.193 0.0000000000
53342  -41.838  -26.880  -21.109 0.0000000000
53343  -41.876  -26.004  -21.077 0.0000000000
55941  -43.065  -4.292  -39.607 0.0000000000
55942  -42.424  -3.752  -39.783 0.0000000000
56014  -45.494  -20.959  -26.726 0.0000000000
56015  -45.745  -21.766  -26.463 0.0000000000
56016  -45.414  -21.694  -26.009 0.0000000000
56017  -45.355  -22.430  -25.420 0.0000000000
56018  -45.114  -21.643  -25.538 0.0000000000
56019  -44.861  -21.632  -25.088 0.0000000000
56020  -44.882  -20.824  -25.819 0.0000000000
56021  -44.422  -18.419  -27.146 0.0000000000
56022  -44.417  -19.101  -26.308 0.0000000000
56023  -44.139  -18.274  -26.541 0.0000000000
56024  -43.880  -18.133  -26.014 0.0000000000
56025  -43.847  -17.426  -26.795 0.0000000000
62693  -47.254  -9.850  -39.672 0.0000000000
62694  -47.910  -10.473  -39.193 0.0000000000
62695  -47.510  -10.502  -39.527 0.0000000000
62696  -47.121  -11.893  -39.112 0.0000000000
62703  -45.129  -12.425  -37.856 0.0000000000
62704  -45.700  -13.048  -37.599 0.0000000000
62705  -45.037  -13.000  -37.249 0.0000000000
62706  -44.813  -13.677  -36.568 0.0000000000
62707  -44.449  -12.996  -36.859 0.0000000000
62714  -37.743  -4.850  -42.213 0.0000000000
62723  -39.859  -8.268  -35.172 0.0000000000
62724  -40.478  -8.799  -34.915 0.0000000000
62725  -40.068  -8.574  -34.463 0.0000000000
62726  -39.935  -9.176  -32.476 0.0000000000
62727  -40.282  -9.302  -33.063 0.0000000000
62728  -40.388  -9.731  -32.119 0.0000000000
62729  -40.925  -10.283  -31.928 0.0000000000
62730  -40.518  -10.155  -31.303 0.0000000000
62731  -40.718  -10.596  -30.523 0.0000000000
62732  -40.207  -10.027  -30.749 0.0000000000
62733  -38.827  -9.656  -30.380 0.0000000000
62734  -39.465  -9.944  -30.003 0.0000000000
62735  -39.002  -10.100  -29.623 0.0000000000
62736  -39.184  -10.542  -28.877 0.0000000000
62737  -38.586  -10.246  -29.372 0.0000000000
62904  -39.971  -43.395  -19.538 0.0000000000
62905  -40.441  -42.559  -19.656 0.0000000000
62906  -41.224  -40.908  -20.742 0.0000000000
62907  -40.846  -41.643  -20.633 0.0000000000
62908  -40.995  -41.145  -21.066 0.0000000000
62909  -40.768  -41.405  -21.379 0.0000000000
62910  -41.111  -40.704  -21.521 0.0000000000
62919  -44.685  -30.742  -21.463 0.0000000000
62920  -44.638  -31.579  -21.499 0.0000000000
62921  -44.243  -31.681  -21.315 0.0000000000
62922  -42.985  -33.315  -21.518 0.0000000000
62923  -43.394  -33.240  -21.562 0.0000000000
62924  -43.056  -33.961  -21.895 0.0000000000
62925  -43.095  -34.615  -22.271 0.0000000000
62926  -42.673  -34.692  -22.213 0.0000000000
62927  -42.270  -35.352  -22.311 0.0000000000
62928  -42.316  -34.699  -22.110 0.0000000000
62929  -41.438  -34.309  -22.061 0.0000000000
62930  -41.531  -34.961  -22.236 0.0000000000
62931  -41.028  -35.067  -22.256 0.0000000000
62932  -40.652  -35.866  -22.212 0.0000000000
62933  -40.573  -35.183  -22.447 0.0000000000
62934  -40.125  -35.332  -22.516 0.0000000000
62935  -40.579  -34.489  -22.437 0.0000000000
62936  -40.807  -32.498  -21.854 0.0000000000
62937  -40.471  -33.259  -22.245 0.0000000000
62938  -40.439  -32.697  -22.144 0.0000000000
62939  -40.070  -32.791  -22.485 0.0000000000
62940  -40.398  -32.095  -21.980 0.0000000000
62941  -41.875  -22.145  -21.658 0.0000000000
62942  -41.664  -23.321  -21.418 0.0000000000
62943  -41.467  -22.401  -21.607 0.0000000000
69896  -45.564  -6.772  -39.641 0.0000000000
69897  -45.857  -6.757  -39.004 0.0000000000
69898  -46.248  -7.369  -39.263 0.0000000000
69899  -46.727  -7.911  -38.954 0.0000000000
69900  -46.562  -7.948  -39.497 0.0000000000
69901  -46.824  -8.552  -39.721 0.0000000000
69902  -46.234  -7.968  -40.057 0.0000000000
69903  -44.586  -7.561  -41.319 0.0000000000
69904  -45.269  -8.127  -40.947 0.0000000000
69905  -44.760  -8.261  -41.160 0.0000000000
69906  -44.879  -8.989  -40.892 0.0000000000
69907  -44.139  -8.450  -41.216 0.0000000000
70122  -45.391  -26.605  -23.669 0.0000000000
70123  -45.662  -26.611  -24.108 0.0000000000
70124  -45.598  -27.386  -23.510 0.0000000000
70125  -45.870  -28.168  -23.315 0.0000000000
70126  -45.439  -28.104  -22.837 0.0000000000
70127  -45.298  -29.015  -22.335 0.0000000000
70128  -45.126  -28.226  -22.457 0.0000000000
70129  -44.311  -27.601  -21.905 0.0000000000
70130  -44.456  -28.409  -21.735 0.0000000000
70131  -44.008  -28.482  -21.403 0.0000000000
70132  -43.687  -29.355  -21.086 0.0000000000
70133  -43.624  -28.525  -21.179 0.0000000000
70134  -43.222  -28.677  -21.013 0.0000000000
70135  -43.459  -27.861  -21.347 0.0000000000
70136  -43.654  -25.177  -21.993 0.0000000000
70137  -43.347  -26.170  -21.622 0.0000000000
70138  -43.323  -25.257  -21.702 0.0000000000
70139  -42.962  -25.421  -21.469 0.0000000000
70140  -43.274  -24.445  -21.869 0.0000000000
70141  -44.338  -21.498  -24.241 0.0000000000
70142  -44.241  -22.374  -23.588 0.0000000000
70143  -44.028  -21.455  -23.795 0.0000000000
70144  -43.209  -20.589  -23.209 0.0000000000
70145  -43.391  -21.536  -23.013 0.0000000000
70146  -43.092  -21.641  -22.631 0.0000000000
70147  -42.961  -22.657  -22.123 0.0000000000
70148  -42.795  -21.728  -22.330 0.0000000000
70149  -42.506  -21.855  -22.028 0.0000000000
70150  -42.571  -20.786  -22.554 0.0000000000
70151  -42.126  -18.059  -23.575 0.0000000000
70152  -42.072  -19.085  -22.968 0.0000000000
70153  -41.770  -18.196  -23.248 0.0000000000
90198  -44.736  -16.862  -32.891 0.0000000000
90199  -45.282  -17.416  -32.626 0.0000000000
90200  -44.827  -17.246  -32.094 0.0000000000
90201  -45.015  -17.762  -31.520 0.0000000000
90202  -44.517  -17.035  -31.567 0.0000000000
90206  -40.532  -2.752  -41.137 0.0000000000
90208  -41.179  -3.153  -41.060 0.0000000000
90209  -41.808  -3.671  -40.926 0.0000000000
90210  -41.381  -3.685  -41.486 0.0000000000
90211  -38.728  -3.369  -42.259 0.0000000000
90212  -39.232  -3.135  -42.112 0.0000000000
90213  -39.281  -3.703  -42.393 0.0000000000
90214  -40.535  -5.323  -42.445 0.0000000000
90215  -40.460  -4.525  -42.403 0.0000000000
90216  -41.133  -4.984  -42.299 0.0000000000
90217  -41.674  -4.969  -41.993 0.0000000000
90218  -41.857  -5.699  -42.151 0.0000000000
90219  -42.523  -6.237  -42.069 0.0000000000
90220  -41.995  -6.389  -42.255 0.0000000000
90221  -41.743  -7.887  -41.676 0.0000000000
90222  -42.243  -7.758  -41.841 0.0000000000
90223  -42.367  -8.304  -41.395 0.0000000000
90224  -42.978  -8.794  -41.022 0.0000000000
90225  -42.437  -8.772  -40.703 0.0000000000
90237  -39.930  -7.488  -38.560 0.0000000000
90239  -39.657  -7.220  -39.186 0.0000000000
90240  -39.383  -6.896  -39.910 0.0000000000
90241  -40.019  -7.433  -39.728 0.0000000000
90242  -40.371  -7.577  -40.251 0.0000000000
90243  -40.643  -7.938  -39.501 0.0000000000
90244  -42.024  -9.374  -38.426 0.0000000000
90245  -41.785  -8.991  -39.089 0.0000000000
90246  -42.359  -9.550  -38.853 0.0000000000
90247  -42.793  -9.757  -39.308 0.0000000000
90248  -42.941  -10.186  -38.713 0.0000000000
90249  -43.500  -10.771  -38.496 0.0000000000
90250  -43.067  -10.614  -38.056 0.0000000000
90251  -42.750  -11.212  -36.346 0.0000000000
90252  -43.070  -11.456  -36.866 0.0000000000
90253  -43.100  -11.910  -36.206 0.0000000000
90254  -43.382  -12.671  -36.014 0.0000000000
90255  -42.970  -12.413  -35.636 0.0000000000
90256  -41.397  -10.002  -34.600 0.0000000000
90257  -41.789  -10.291  -35.017 0.0000000000
90258  -41.840  -10.646  -34.396 0.0000000000
90259  -42.664  -12.529  -33.192 0.0000000000
90260  -42.355  -12.203  -34.013 0.0000000000
90261  -42.776  -12.905  -33.800 0.0000000000
90262  -42.997  -13.308  -34.381 0.0000000000
90263  -43.137  -13.721  -33.658 0.0000000000
90264  -43.400  -14.573  -33.536 0.0000000000
90265  -43.210  -14.155  -32.920 0.0000000000
90266  -43.334  -14.830  -30.779 0.0000000000
90267  -43.468  -15.194  -31.392 0.0000000000
90268  -43.666  -15.634  -30.631 0.0000000000
90269  -44.042  -16.428  -30.445 0.0000000000
90270  -43.876  -16.115  -29.896 0.0000000000
90271  -44.036  -16.636  -29.236 0.0000000000
90272  -43.692  -15.795  -29.342 0.0000000000
90273  -42.888  -14.466  -28.367 0.0000000000
90274  -43.240  -15.310  -28.243 0.0000000000
90275  -43.007  -15.142  -27.780 0.0000000000
90276  -43.130  -15.745  -27.070 0.0000000000
90277  -42.753  -14.990  -27.263 0.0000000000
90278  -41.066  -11.566  -29.165 0.0000000000
90279  -41.578  -12.223  -28.899 0.0000000000
90280  -41.237  -12.124  -28.537 0.0000000000
90281  -41.141  -13.329  -26.666 0.0000000000
90282  -41.504  -13.346  -27.059 0.0000000000
90283  -41.721  -14.097  -26.528 0.0000000000
90284  -42.145  -14.787  -26.242 0.0000000000
90285  -41.813  -14.807  -25.885 0.0000000000
90286  -42.001  -15.539  -25.371 0.0000000000
90287  -41.432  -14.868  -25.557 0.0000000000
90751  -42.269  -54.568  -19.128 0.0000000000
90752  -42.591  -55.538  -19.432 0.0000000000
90753  -42.348  -54.882  -19.506 0.0000000000
90754  -41.617  -54.821  -20.062 0.0000000000
90755  -41.966  -55.483  -20.114 0.0000000000
90756  -41.612  -55.727  -20.268 0.0000000000
90757  -41.465  -56.677  -20.303 0.0000000000
90758  -41.115  -56.104  -20.252 0.0000000000
90760  -40.784  -55.454  -20.275 0.0000000000
90761  -40.386  -53.310  -20.155 0.0000000000
90762  -40.214  -54.230  -20.273 0.0000000000
90781  -39.931  -49.725  -18.174 0.0000000000
90782  -40.112  -50.663  -18.705 0.0000000000
90783  -39.844  -50.092  -18.655 0.0000000000
90784  -39.235  -49.852  -19.569 0.0000000000
90785  -39.491  -50.505  -19.611 0.0000000000
90791  -38.513  -48.306  -20.128 0.0000000000
90796  -39.483  -44.206  -20.228 0.0000000000
90797  -39.127  -45.245  -20.139 0.0000000000
90798  -39.334  -44.620  -20.621 0.0000000000
90799  -38.857  -44.709  -21.719 0.0000000000
90800  -38.784  -45.346  -21.288 0.0000000000
90801  -38.375  -45.718  -21.386 0.0000000000
90806  -38.260  -43.372  -22.361 0.0000000000
90842  -44.580  -33.039  -21.910 0.0000000000
90843  -45.018  -32.941  -22.087 0.0000000000
90844  -44.579  -33.688  -22.204 0.0000000000
90859  -41.664  -38.605  -21.893 0.0000000000
90860  -41.644  -39.072  -21.728 0.0000000000
90861  -41.352  -39.098  -21.964 0.0000000000
90862  -41.106  -39.760  -22.050 0.0000000000
90863  -41.055  -39.270  -22.028 0.0000000000
90864  -41.531  -36.674  -22.053 0.0000000000
90865  -41.555  -37.171  -22.024 0.0000000000
90866  -41.139  -37.275  -21.893 0.0000000000
90867  -40.048  -38.793  -22.122 0.0000000000
90868  -40.445  -38.623  -21.976 0.0000000000
90869  -40.141  -39.255  -22.197 0.0000000000
90870  -40.309  -39.773  -22.282 0.0000000000
90871  -39.890  -39.975  -22.530 0.0000000000
90872  -39.587  -40.755  -22.717 0.0000000000
90873  -39.430  -40.272  -22.576 0.0000000000
90901  -42.360  -29.033  -20.865 0.0000000000
90902  -41.934  -29.942  -20.910 0.0000000000
90903  -41.863  -29.232  -20.889 0.0000000000
90904  -41.172  -28.890  -21.184 0.0000000000
90905  -41.117  -29.693  -21.130 0.0000000000
90906  -40.775  -29.903  -21.496 0.0000000000
90907  -40.395  -30.682  -21.877 0.0000000000
90908  -40.366  -30.050  -21.804 0.0000000000
90909  -41.142  -25.607  -21.176 0.0000000000
90910  -41.108  -26.438  -21.272 0.0000000000
90911  -40.877  -26.751  -21.324 0.0000000000
93513  -45.900  -20.433  -28.027 0.0000000000
93514  -45.543  -20.364  -27.539 0.0000000000
93515  -45.225  -20.244  -27.076 0.0000000000
93516  -44.975  -20.113  -26.616 0.0000000000
93517  -44.968  -19.404  -27.293 0.0000000000
93518  -44.677  -18.579  -27.609 0.0000000000
93519  -44.339  -17.843  -27.889 0.0000000000
97520  -46.294  -10.063  -40.083 0.0000000000
97521  -47.001  -10.625  -39.738 0.0000000000
97522  -46.424  -10.705  -39.797 0.0000000000
97523  -46.481  -11.256  -39.468 0.0000000000
97524  -46.484  -11.890  -38.985 0.0000000000
97525  -46.395  -12.521  -38.464 0.0000000000
97526  -45.831  -11.896  -38.774 0.0000000000
97527  -45.214  -11.863  -38.478 0.0000000000
97528  -44.641  -11.823  -38.107 0.0000000000
97539  -39.602  -8.475  -34.046 0.0000000000
97541  -39.367  -8.750  -32.724 0.0000000000
97542  -39.536  -9.126  -31.989 0.0000000000
97543  -39.691  -9.508  -31.179 0.0000000000
97544  -39.089  -9.165  -31.559 0.0000000000
97545  -38.665  -9.224  -31.109 0.0000000000
97656  -43.824  -31.014  -21.064 0.0000000000
97657  -43.800  -31.826  -21.143 0.0000000000
97658  -43.363  -31.834  -21.091 0.0000000000
97659  -42.941  -32.708  -21.262 0.0000000000
97660  -42.561  -33.382  -21.582 0.0000000000
97661  -42.262  -34.132  -21.894 0.0000000000
97662  -42.165  -33.459  -21.661 0.0000000000
97663  -41.729  -33.510  -21.783 0.0000000000
97664  -41.330  -33.645  -21.919 0.0000000000
97665  -40.983  -33.769  -22.075 0.0000000000
97666  -41.247  -32.946  -21.801 0.0000000000
97667  -41.200  -32.287  -21.609 0.0000000000
97668  -41.144  -31.698  -21.448 0.0000000000
101840  -44.282  -5.176  -39.102 0.0000000000
101841  -44.849  -5.711  -38.924 0.0000000000
101842  -44.567  -5.677  -39.561 0.0000000000
101843  -44.926  -6.190  -39.893 0.0000000000
101844  -45.237  -6.744  -40.212 0.0000000000
101845  -45.537  -7.326  -40.419 0.0000000000
101846  -44.849  -6.785  -40.843 0.0000000000
101847  -44.401  -6.928  -41.316 0.0000000000
101848  -43.900  -7.136  -41.588 0.0000000000
101976  -45.661  -24.172  -24.960 0.0000000000
101977  -45.743  -24.922  -24.811 0.0000000000
101978  -45.472  -24.946  -24.413 0.0000000000
101979  -45.295  -25.848  -23.840 0.0000000000
101980  -45.132  -26.651  -23.288 0.0000000000
101981  -44.963  -27.408  -22.655 0.0000000000
101982  -44.837  -26.612  -22.812 0.0000000000
101983  -44.508  -26.681  -22.385 0.0000000000
101984  -44.233  -26.776  -22.065 0.0000000000
101985  -43.812  -26.829  -21.731 0.0000000000
101986  -44.094  -25.910  -22.172 0.0000000000
101987  -43.973  -25.066  -22.304 0.0000000000
101988  -43.950  -24.266  -22.446 0.0000000000
101989  -43.884  -19.736  -24.677 0.0000000000
101990  -43.806  -20.553  -24.020 0.0000000000
101991  -43.626  -19.682  -24.273 0.0000000000
101992  -43.343  -19.674  -23.845 0.0000000000
101993  -43.000  -19.721  -23.452 0.0000000000
101994  -42.651  -19.768  -23.083 0.0000000000
101995  -42.747  -18.816  -23.697 0.0000000000
101996  -42.483  -17.959  -23.910 0.0000000000
101997  -42.193  -17.142  -24.258 0.0000000000
114023  -45.110  -16.520  -33.973 0.0000000000
114024  -44.614  -16.415  -33.604 0.0000000000
114025  -44.194  -16.198  -33.122 0.0000000000
114030  -40.132  -2.862  -41.565 0.0000000000
114031  -38.728  -4.448  -42.517 0.0000000000
114032  -39.285  -4.309  -42.524 0.0000000000
114033  -39.318  -4.934  -42.540 0.0000000000
114034  -39.955  -5.505  -42.540 0.0000000000
114035  -40.666  -6.056  -42.423 0.0000000000
114036  -41.375  -6.653  -42.353 0.0000000000
114037  -40.829  -6.725  -42.191 0.0000000000
114038  -41.049  -7.323  -41.851 0.0000000000
114039  -41.246  -7.857  -41.247 0.0000000000
114048  -40.163  -7.797  -37.903 0.0000000000
114049  -40.560  -8.022  -38.391 0.0000000000
114050  -40.916  -8.259  -38.946 0.0000000000
114051  -41.099  -8.566  -38.114 0.0000000000
114052  -41.657  -9.105  -37.941 0.0000000000
114053  -42.204  -9.724  -37.749 0.0000000000
114054  -42.694  -10.405  -37.585 0.0000000000
114055  -42.319  -10.078  -37.102 0.0000000000
114056  -42.365  -10.539  -36.489 0.0000000000
114057  -42.426  -10.931  -35.863 0.0000000000
114058  -41.553  -10.833  -33.076 0.0000000000
114059  -41.813  -11.060  -33.625 0.0000000000
114060  -41.942  -11.543  -32.950 0.0000000000
114061  -42.391  -12.231  -32.673 0.0000000000
114062  -42.823  -13.007  -32.461 0.0000000000
114063  -43.090  -13.825  -32.372 0.0000000000
114064  -42.929  -13.444  -31.753 0.0000000000
114065  -43.023  -13.890  -30.980 0.0000000000
114066  -43.213  -14.470  -30.172 0.0000000000
114067  -43.339  -14.990  -29.478 0.0000000000
114068  -43.056  -14.176  -29.637 0.0000000000
114069  -42.755  -13.894  -28.987 0.0000000000
114070  -42.491  -13.680  -28.471 0.0000000000
114071  -40.288  -11.485  -28.279 0.0000000000
114072  -40.867  -12.073  -28.026 0.0000000000
114073  -40.501  -12.058  -27.707 0.0000000000
114074  -40.575  -12.776  -26.936 0.0000000000
114075  -40.751  -13.332  -26.257 0.0000000000
114076  -40.886  -14.142  -25.742 0.0000000000
114077  -40.323  -13.485  -25.952 0.0000000000
114353  -43.094  -58.137  -19.792 0.0000000000
114354  -42.927  -57.497  -19.962 0.0000000000
114355  -41.702  -53.384  -19.099 0.0000000000
114356  -42.023  -54.247  -19.543 0.0000000000
114357  -41.602  -53.640  -19.435 0.0000000000
114358  -41.525  -53.889  -19.793 0.0000000000
114359  -41.270  -54.194  -20.018 0.0000000000
114360  -40.939  -54.474  -20.231 0.0000000000
114361  -40.939  -53.597  -19.962 0.0000000000
114362  -40.639  -53.044  -19.886 0.0000000000
114363  -40.382  -52.457  -19.835 0.0000000000
114373  -39.423  -48.398  -18.300 0.0000000000
114374  -39.567  -49.475  -18.647 0.0000000000
114375  -39.309  -48.751  -18.720 0.0000000000
114376  -39.204  -49.011  -19.165 0.0000000000
114377  -39.035  -49.264  -19.591 0.0000000000
114379  -38.840  -48.678  -19.663 0.0000000000
114380  -38.709  -48.034  -19.811 0.0000000000
114381  -38.631  -47.341  -20.071 0.0000000000
114382  -39.917  -42.984  -21.238 0.0000000000
114383  -39.487  -43.973  -21.097 0.0000000000
114384  -39.645  -43.341  -21.566 0.0000000000
114385  -39.343  -43.822  -21.800 0.0000000000
114386  -38.905  -44.084  -22.028 0.0000000000
114387  -38.367  -44.541  -21.989 0.0000000000
114388  -38.882  -43.531  -22.253 0.0000000000
114389  -38.819  -42.918  -22.463 0.0000000000
114390  -38.733  -42.468  -22.525 0.0000000000
114410  -43.803  -34.418  -22.398 0.0000000000
114411  -44.181  -34.329  -22.445 0.0000000000
114421  -41.981  -38.044  -21.962 0.0000000000
114422  -41.662  -38.121  -21.857 0.0000000000
114423  -40.692  -37.009  -21.972 0.0000000000
114424  -40.742  -37.516  -21.933 0.0000000000
114425  -40.292  -37.609  -21.996 0.0000000000
114426  -39.958  -38.321  -22.097 0.0000000000
114427  -39.599  -39.061  -22.244 0.0000000000
114428  -39.197  -39.767  -22.425 0.0000000000
114429  -39.030  -39.281  -22.330 0.0000000000
114445  -42.304  -27.491  -21.034 0.0000000000
114446  -41.940  -28.461  -20.919 0.0000000000
114447  -41.930  -27.689  -20.959 0.0000000000
114448  -41.579  -27.901  -21.012 0.0000000000
114449  -41.158  -28.047  -21.230 0.0000000000
118253  -43.723  -4.792  -39.374 0.0000000000
118254  -43.421  -4.730  -40.009 0.0000000000
118255  -43.065  -4.715  -40.588 0.0000000000
118356  -46.111  -21.841  -26.907 0.0000000000
118357  -45.933  -22.577  -26.218 0.0000000000
118358  -45.844  -23.389  -25.575 0.0000000000
118359  -45.516  -23.326  -25.170 0.0000000000
118360  -45.198  -23.274  -24.702 0.0000000000
118361  -44.929  -23.248  -24.243 0.0000000000
118362  -44.666  -23.255  -23.775 0.0000000000
118363  -44.753  -22.469  -24.464 0.0000000000
118364  -44.631  -21.574  -24.693 0.0000000000
118365  -44.389  -20.706  -24.954 0.0000000000
118366  -44.743  -19.980  -26.149 0.0000000000
118367  -44.430  -19.861  -25.612 0.0000000000
118368  -44.143  -19.782  -25.119 0.0000000000
118369  -43.911  -18.914  -25.415 0.0000000000
118370  -43.617  -17.996  -25.535 0.0000000000
118371  -43.333  -17.197  -25.927 0.0000000000
127706  -47.812  -9.814  -38.733 0.0000000000
127711  -47.684  -11.196  -39.358 0.0000000000
127721  -46.248  -13.161  -37.851 0.0000000000
127724  -45.225  -14.395  -36.272 0.0000000000
127725  -44.650  -14.294  -35.982 0.0000000000
127726  -44.108  -14.175  -35.643 0.0000000000
127730  -38.176  -3.033  -42.252 0.0000000000
127731  -38.172  -3.613  -42.361 0.0000000000
127733  -37.638  -3.700  -42.388 0.0000000000
127734  -38.167  -4.172  -42.481 0.0000000000
127735  -38.226  -4.684  -42.397 0.0000000000
127736  -38.304  -5.171  -42.240 0.0000000000
127737  -38.487  -5.752  -41.976 0.0000000000
127747  -40.114  -8.184  -36.228 0.0000000000
127748  -40.677  -8.742  -35.975 0.0000000000
127749  -41.164  -9.230  -35.808 0.0000000000
127750  -40.778  -9.016  -35.370 0.0000000000
127751  -40.992  -9.331  -34.797 0.0000000000
127752  -41.066  -9.708  -34.142 0.0000000000
127753  -40.192  -8.912  -33.807 0.0000000000
127754  -40.632  -9.505  -33.582 0.0000000000
127755  -41.142  -10.137  -33.355 0.0000000000
127756  -41.280  -10.553  -32.409 0.0000000000
127757  -41.437  -10.964  -31.677 0.0000000000
127758  -41.591  -11.369  -30.894 0.0000000000
127759  -41.795  -11.905  -30.072 0.0000000000
127760  -41.274  -11.171  -30.304 0.0000000000
127761  -40.873  -11.049  -29.780 0.0000000000
127762  -40.522  -10.991  -29.417 0.0000000000
127763  -39.840  -9.936  -30.347 0.0000000000
127764  -40.011  -10.421  -29.631 0.0000000000
127765  -40.138  -10.955  -28.955 0.0000000000
127766  -39.769  -10.912  -28.618 0.0000000000
127767  -39.356  -11.079  -28.305 0.0000000000
127979  -42.358  -55.742  -18.408 0.0000000000
127980  -42.632  -55.996  -18.850 0.0000000000
127981  -42.307  -55.008  -18.558 0.0000000000
127982  -42.115  -54.307  -18.689 0.0000000000
127983  -41.911  -53.661  -18.720 0.0000000000
127986  -41.697  -53.118  -18.635 0.0000000000
127987  -41.437  -52.416  -18.484 0.0000000000
127988  -41.120  -51.778  -18.275 0.0000000000
128000  -39.409  -45.087  -19.017 0.0000000000
128001  -39.160  -45.499  -19.343 0.0000000000
128002  -39.537  -44.379  -19.433 0.0000000000
128003  -39.709  -43.749  -19.893 0.0000000000
128004  -39.921  -43.184  -20.358 0.0000000000
128005  -40.633  -42.096  -20.147 0.0000000000
128006  -40.386  -42.322  -20.559 0.0000000000
128007  -40.118  -42.683  -20.838 0.0000000000
128008  -40.388  -42.161  -21.412 0.0000000000
128009  -40.562  -41.603  -21.917 0.0000000000
128010  -40.595  -41.095  -22.231 0.0000000000
128022  -45.480  -30.621  -22.100 0.0000000000
128023  -45.496  -31.379  -22.041 0.0000000000
128024  -45.097  -31.444  -21.748 0.0000000000
128025  -44.636  -32.328  -21.656 0.0000000000
128026  -44.210  -33.085  -21.761 0.0000000000
128027  -43.817  -32.457  -21.342 0.0000000000
128028  -43.816  -33.245  -21.629 0.0000000000
128029  -43.835  -33.836  -22.042 0.0000000000
128030  -43.459  -34.477  -22.286 0.0000000000
128031  -43.047  -35.247  -22.575 0.0000000000
128032  -42.607  -35.970  -22.466 0.0000000000
128033  -42.242  -36.501  -22.263 0.0000000000
128034  -42.277  -35.940  -22.291 0.0000000000
128035  -41.880  -36.135  -22.135 0.0000000000
128036  -41.506  -36.160  -22.096 0.0000000000
128037  -41.868  -34.850  -22.157 0.0000000000
128038  -41.514  -35.635  -22.169 0.0000000000
128039  -41.084  -36.291  -22.064 0.0000000000
128040  -40.674  -36.431  -22.083 0.0000000000
128041  -40.198  -36.529  -22.179 0.0000000000
128042  -39.721  -36.639  -22.327 0.0000000000
128044  -39.701  -36.109  -22.487 0.0000000000
128047  -40.505  -33.913  -22.355 0.0000000000
128048  -40.019  -34.065  -22.537 0.0000000000
128053  -42.025  -23.999  -21.395 0.0000000000
128054  -41.805  -25.104  -21.151 0.0000000000
128055  -41.720  -24.207  -21.348 0.0000000000
128056  -41.354  -24.467  -21.289 0.0000000000
128057  -40.999  -24.701  -21.355 0.0000000000
136919  -45.449  -6.287  -38.704 0.0000000000
136923  -47.072  -8.560  -38.589 0.0000000000
136924  -47.501  -9.195  -38.687 0.0000000000
136925  -47.320  -9.169  -39.289 0.0000000000
136926  -47.078  -9.177  -39.759 0.0000000000
136927  -46.694  -9.278  -40.153 0.0000000000
136928  -45.747  -8.012  -40.584 0.0000000000
136929  -46.050  -8.703  -40.532 0.0000000000
136930  -46.197  -9.397  -40.386 0.0000000000
136931  -45.615  -9.513  -40.513 0.0000000000
136932  -44.978  -9.674  -40.538 0.0000000000
136933  -44.415  -9.776  -40.373 0.0000000000
137201  -46.182  -29.692  -22.912 0.0000000000
137205  -45.877  -25.863  -24.715 0.0000000000
137208  -46.145  -28.199  -23.731 0.0000000000
137209  -45.975  -28.916  -23.056 0.0000000000
137210  -45.802  -29.750  -22.519 0.0000000000
137211  -45.449  -29.792  -22.164 0.0000000000
137212  -45.001  -29.850  -21.782 0.0000000000
137213  -44.640  -29.973  -21.489 0.0000000000
137214  -44.781  -28.265  -22.086 0.0000000000
137215  -44.566  -29.167  -21.608 0.0000000000
137216  -44.215  -30.079  -21.251 0.0000000000
137217  -43.778  -30.212  -21.032 0.0000000000
137218  -43.329  -30.331  -20.865 0.0000000000
137219  -42.802  -30.398  -20.848 0.0000000000
137220  -42.360  -30.540  -20.851 0.0000000000
137221  -42.842  -29.669  -20.805 0.0000000000
137222  -42.742  -28.931  -20.937 0.0000000000
137223  -42.749  -28.079  -20.960 0.0000000000
137224  -43.459  -26.987  -21.462 0.0000000000
137225  -43.040  -27.170  -21.216 0.0000000000
137226  -42.699  -27.299  -21.085 0.0000000000
137227  -42.679  -26.431  -21.180 0.0000000000
137228  -42.571  -25.602  -21.344 0.0000000000
137229  -42.488  -24.719  -21.380 0.0000000000
137230  -44.351  -23.254  -23.361 0.0000000000
137231  -44.078  -23.291  -22.984 0.0000000000
137232  -43.789  -23.317  -22.540 0.0000000000
137233  -43.677  -21.480  -23.360 0.0000000000
137234  -43.584  -22.438  -22.828 0.0000000000
137235  -43.468  -23.431  -22.262 0.0000000000
137236  -43.111  -23.543  -21.934 0.0000000000
137237  -42.781  -23.689  -21.688 0.0000000000
137238  -42.385  -23.791  -21.508 0.0000000000
137239  -42.217  -22.812  -21.733 0.0000000000
137240  -42.142  -21.960  -21.818 0.0000000000
137241  -41.933  -21.086  -22.086 0.0000000000
137242  -42.368  -19.901  -22.764 0.0000000000
137243  -42.062  -20.047  -22.521 0.0000000000
137244  -41.769  -20.206  -22.290 0.0000000000
143864  -45.679  -19.336  -29.646 0.0000000000
143865  -45.272  -18.757  -30.030 0.0000000000
161491  -45.422  -18.394  -31.184 0.0000000000
161492  -45.116  -18.258  -30.715 0.0000000000
161493  -44.860  -18.057  -30.218 0.0000000000
161500  -42.144  -3.680  -40.359 0.0000000000
161501  -42.425  -4.208  -40.764 0.0000000000
161502  -42.691  -4.749  -41.104 0.0000000000
161503  -39.182  -2.608  -41.751 0.0000000000
161504  -39.681  -3.011  -41.856 0.0000000000
161505  -40.212  -3.401  -41.955 0.0000000000
161506  -39.797  -4.152  -42.453 0.0000000000
161507  -40.315  -3.977  -42.190 0.0000000000
161508  -40.889  -3.743  -41.893 0.0000000000
161509  -41.489  -4.256  -41.773 0.0000000000
161510  -42.221  -4.861  -41.587 0.0000000000
161511  -42.861  -5.398  -41.469 0.0000000000
161512  -43.089  -6.077  -41.739 0.0000000000
161513  -43.206  -6.684  -41.804 0.0000000000
161514  -43.315  -7.384  -41.794 0.0000000000
161515  -42.137  -7.145  -42.194 0.0000000000
161516  -42.744  -7.579  -41.898 0.0000000000
161517  -43.416  -8.050  -41.526 0.0000000000
161518  -43.556  -8.629  -41.154 0.0000000000
161519  -43.677  -9.309  -40.669 0.0000000000
161520  -43.852  -9.850  -40.143 0.0000000000
161528  -38.069  -5.736  -41.560 0.0000000000
161529  -38.746  -6.179  -41.392 0.0000000000
161537  -39.051  -6.621  -40.732 0.0000000000
161538  -39.459  -6.703  -41.252 0.0000000000
161539  -40.106  -7.238  -40.976 0.0000000000
161540  -40.761  -7.764  -40.748 0.0000000000
161541  -41.385  -8.268  -40.550 0.0000000000
161542  -41.247  -8.438  -39.345 0.0000000000
161543  -41.608  -8.684  -39.868 0.0000000000
161544  -41.962  -8.752  -40.356 0.0000000000
161545  -42.646  -9.253  -40.000 0.0000000000
161546  -43.275  -9.917  -39.777 0.0000000000
161547  -43.928  -10.360  -39.535 0.0000000000
161548  -44.013  -10.836  -38.929 0.0000000000
161549  -44.049  -11.261  -38.315 0.0000000000
161550  -44.056  -11.745  -37.720 0.0000000000
161551  -43.146  -11.012  -37.495 0.0000000000
161552  -43.528  -11.632  -37.300 0.0000000000
161553  -44.013  -12.269  -37.075 0.0000000000
161554  -43.859  -12.926  -36.451 0.0000000000
161555  -43.736  -13.459  -35.864 0.0000000000
161556  -43.601  -13.994  -35.292 0.0000000000
161557  -41.646  -9.842  -35.536 0.0000000000
161558  -42.074  -10.578  -35.386 0.0000000000
161559  -42.348  -11.274  -35.290 0.0000000000
161560  -42.093  -11.449  -34.252 0.0000000000
161561  -42.252  -11.803  -34.787 0.0000000000
161562  -42.598  -12.131  -35.240 0.0000000000
161563  -42.894  -12.913  -34.997 0.0000000000
161564  -43.248  -13.691  -34.938 0.0000000000
161565  -43.616  -14.427  -34.711 0.0000000000
161566  -43.728  -14.981  -34.117 0.0000000000
161567  -43.806  -15.437  -33.349 0.0000000000
161568  -43.875  -15.910  -32.596 0.0000000000
161569  -43.379  -14.641  -32.203 0.0000000000
161570  -43.643  -15.571  -32.011 0.0000000000
161571  -44.093  -16.369  -31.842 0.0000000000
161572  -44.254  -16.765  -31.014 0.0000000000
161573  -44.440  -17.203  -30.322 0.0000000000
161574  -44.610  -17.737  -29.631 0.0000000000
161575  -44.443  -17.476  -29.113 0.0000000000
161576  -44.237  -17.220  -28.564 0.0000000000
161577  -43.990  -16.982  -28.046 0.0000000000
161578  -43.487  -15.511  -28.780 0.0000000000
161579  -43.580  -16.114  -28.052 0.0000000000
161580  -43.728  -16.783  -27.456 0.0000000000
161581  -43.497  -16.610  -26.947 0.0000000000
161582  -43.238  -16.451  -26.432 0.0000000000
161583  -42.953  -16.365  -25.957 0.0000000000
161584  -41.964  -12.345  -29.377 0.0000000000
161585  -42.085  -12.912  -28.641 0.0000000000
161586  -42.204  -13.528  -27.994 0.0000000000
161587  -41.412  -12.694  -27.785 0.0000000000
161588  -41.927  -13.389  -27.592 0.0000000000
161589  -42.349  -14.184  -27.392 0.0000000000
161590  -42.478  -14.850  -26.708 0.0000000000
161591  -42.605  -15.560  -26.195 0.0000000000
161592  -42.650  -16.337  -25.515 0.0000000000
161593  -42.352  -16.341  -25.093 0.0000000000
161594  -42.052  -16.350  -24.710 0.0000000000
161595  -41.666  -16.427  -24.359 0.0000000000
161596  -41.059  -14.917  -25.198 0.0000000000
161597  -41.207  -15.670  -24.639 0.0000000000
162151  -42.740  -56.210  -19.322 0.0000000000
162152  -42.782  -56.536  -19.733 0.0000000000
162153  -42.650  -56.824  -20.037 0.0000000000
162154  -42.227  -55.130  -19.839 0.0000000000
162155  -42.332  -56.142  -20.086 0.0000000000
162156  -42.252  -57.145  -20.243 0.0000000000
162157  -41.762  -57.289  -20.273 0.0000000000
162163  -40.480  -54.810  -20.308 0.0000000000
162186  -40.484  -50.959  -18.354 0.0000000000
162187  -40.364  -51.232  -18.821 0.0000000000
162188  -40.239  -51.598  -19.290 0.0000000000
162189  -40.133  -51.855  -19.777 0.0000000000
162190  -39.699  -50.295  -19.134 0.0000000000
162191  -39.856  -51.250  -19.721 0.0000000000
162192  -39.845  -52.077  -20.028 0.0000000000
162205  -38.993  -45.893  -19.727 0.0000000000
162206  -38.832  -46.230  -20.107 0.0000000000
162207  -38.601  -46.625  -20.462 0.0000000000
162208  -39.161  -44.979  -20.944 0.0000000000
162209  -38.701  -45.973  -20.886 0.0000000000
162210  -38.400  -47.012  -20.727 0.0000000000
162259  -45.481  -32.143  -22.088 0.0000000000
162281  -41.591  -39.462  -21.614 0.0000000000
162282  -41.413  -40.029  -21.536 0.0000000000
162283  -41.143  -40.239  -21.939 0.0000000000
162284  -40.835  -40.417  -22.082 0.0000000000
162285  -40.561  -40.566  -22.365 0.0000000000
162286  -41.902  -37.120  -21.994 0.0000000000
162287  -41.632  -37.644  -21.972 0.0000000000
162288  -41.247  -38.234  -21.865 0.0000000000
162289  -40.816  -37.968  -21.941 0.0000000000
162290  -40.868  -38.430  -21.910 0.0000000000
162291  -40.973  -38.878  -22.007 0.0000000000
162292  -40.726  -39.472  -22.246 0.0000000000
162293  -40.444  -40.231  -22.405 0.0000000000
162294  -40.161  -40.824  -22.635 0.0000000000
162295  -39.667  -41.169  -22.748 0.0000000000
162296  -39.222  -41.519  -22.820 0.0000000000
162297  -38.593  -41.893  -22.616 0.0000000000
162298  -38.862  -40.560  -22.654 0.0000000000
162299  -38.398  -41.365  -22.623 0.0000000000
162331  -41.915  -30.649  -21.030 0.0000000000
162332  -41.519  -30.896  -21.112 0.0000000000
162333  -41.165  -31.063  -21.351 0.0000000000
162334  -41.476  -29.410  -21.044 0.0000000000
162335  -41.126  -30.322  -21.296 0.0000000000
162336  -40.799  -31.223  -21.655 0.0000000000
162337  -40.367  -31.439  -21.902 0.0000000000
162338  -40.032  -31.493  -22.298 0.0000000000
162340  -41.471  -26.241  -21.136 0.0000000000
162341  -41.171  -27.324  -21.158 0.0000000000
162342  -40.847  -28.344  -21.387 0.0000000000
162343  -40.521  -27.862  -21.617 0.0000000000
162344  -40.485  -28.631  -21.728 0.0000000000
162345  -40.475  -29.290  -21.744 0.0000000000
162346  -40.088  -30.164  -22.100 0.0000000000
