#!ascii label  , from subject fsaverage vox2ras=TkReg
520
117  -30.078  23.344  -20.138 0.0000000000
513  -31.893  23.307  -14.535 0.0000000000
1327  -33.738  21.534  -18.985 0.0000000000
1328  -27.438  20.930  -15.244 0.0000000000
1329  -29.562  18.776  -20.718 0.0000000000
1732  -25.031  23.983  -15.719 0.0000000000
2181  -28.323  24.831  -10.462 0.0000000000
2182  -35.851  25.837  -12.065 0.0000000000
2183  -37.466  24.227  -16.100 0.0000000000
3247  -32.511  22.174  -20.230 0.0000000000
3248  -31.605  20.179  -19.899 0.0000000000
3249  -30.717  20.438  -21.596 0.0000000000
4821  -36.438  25.393  -17.521 0.0000000000
5422  -30.210  24.349  -12.455 0.0000000000
5423  -26.786  23.029  -10.702 0.0000000000
5424  -28.068  22.953  -12.826 0.0000000000
6997  -33.182  22.205  -16.677 0.0000000000
6998  -29.495  22.222  -15.025 0.0000000000
6999  -30.951  21.091  -17.388 0.0000000000
7000  -28.648  19.990  -17.745 0.0000000000
7882  -27.441  24.303  -18.590 0.0000000000
7883  -28.623  21.367  -21.488 0.0000000000
9107  -31.867  25.761  -11.402 0.0000000000
9108  -33.783  24.651  -13.174 0.0000000000
9110  -37.217  24.632  -13.988 0.0000000000
9111  -35.015  23.532  -15.201 0.0000000000
9112  -35.633  23.150  -17.341 0.0000000000
9113  -34.659  23.618  -18.828 0.0000000000
9114  -32.268  25.039  -18.906 0.0000000000
9123  -29.161  26.383  -17.865 0.0000000000
9124  -26.436  26.381  -15.200 0.0000000000
9840  -26.300  21.161  -12.960 0.0000000000
10927  -31.378  22.782  -20.291 0.0000000000
10928  -31.626  21.315  -20.863 0.0000000000
10929  -30.637  21.830  -21.073 0.0000000000
13102  -31.064  23.831  -13.477 0.0000000000
13103  -29.062  23.689  -12.662 0.0000000000
13104  -29.882  23.273  -13.750 0.0000000000
15502  -33.594  21.722  -17.836 0.0000000000
15503  -32.019  21.626  -17.101 0.0000000000
15504  -32.586  21.124  -18.274 0.0000000000
15505  -30.607  19.470  -20.403 0.0000000000
15506  -30.370  19.916  -19.010 0.0000000000
15507  -29.299  19.353  -19.200 0.0000000000
17302  -26.322  24.208  -16.995 0.0000000000
17303  -26.891  23.322  -19.154 0.0000000000
17304  -25.742  23.157  -17.601 0.0000000000
20208  -34.792  26.480  -11.137 0.0000000000
20209  -32.755  26.410  -10.787 0.0000000000
20210  -33.707  25.886  -11.699 0.0000000000
20211  -32.896  25.214  -12.321 0.0000000000
20212  -34.783  25.248  -12.586 0.0000000000
20216  -38.468  24.706  -15.594 0.0000000000
20217  -38.546  24.708  -14.610 0.0000000000
20218  -37.472  24.316  -15.096 0.0000000000
20219  -36.056  24.104  -14.506 0.0000000000
20220  -36.415  23.809  -15.660 0.0000000000
20221  -35.504  23.224  -16.251 0.0000000000
20222  -36.520  23.856  -16.716 0.0000000000
20224  -35.527  24.537  -18.084 0.0000000000
20225  -34.579  25.092  -18.356 0.0000000000
20226  -33.588  24.315  -18.961 0.0000000000
20227  -33.303  25.809  -18.311 0.0000000000
20249  -30.077  27.419  -17.311 0.0000000000
20250  -28.425  27.620  -16.165 0.0000000000
20251  -27.826  26.479  -16.589 0.0000000000
20252  -26.898  27.589  -14.888 0.0000000000
22035  -28.388  21.621  -15.138 0.0000000000
22036  -27.710  21.929  -14.023 0.0000000000
22037  -26.795  21.146  -14.066 0.0000000000
22051  -28.750  19.830  -22.387 0.0000000000
24277  -33.220  21.765  -19.789 0.0000000000
24278  -32.662  20.837  -19.445 0.0000000000
24279  -32.372  21.014  -20.319 0.0000000000
24280  -31.390  20.225  -20.981 0.0000000000
24281  -30.407  19.372  -21.493 0.0000000000
25357  -23.547  23.971  -14.965 0.0000000000
27109  -37.157  24.702  -16.961 0.0000000000
28192  -29.363  24.725  -11.483 0.0000000000
28193  -27.540  23.994  -10.611 0.0000000000
28194  -28.296  23.915  -11.605 0.0000000000
28195  -27.394  23.070  -11.752 0.0000000000
28196  -26.627  22.142  -11.894 0.0000000000
31687  -32.553  22.725  -15.571 0.0000000000
31688  -30.719  22.764  -14.844 0.0000000000
31689  -31.420  22.225  -15.956 0.0000000000
31690  -30.217  21.733  -16.169 0.0000000000
31691  -29.063  21.168  -16.309 0.0000000000
31692  -31.492  20.507  -18.667 0.0000000000
31693  -29.778  20.567  -17.645 0.0000000000
31694  -28.005  20.540  -16.411 0.0000000000
34012  -28.715  24.068  -19.643 0.0000000000
34013  -29.346  22.368  -20.855 0.0000000000
34014  -28.078  22.924  -20.235 0.0000000000
34015  -27.350  21.884  -20.733 0.0000000000
37563  -29.978  25.459  -10.951 0.0000000000
37564  -31.058  25.057  -11.929 0.0000000000
37565  -32.033  24.524  -12.882 0.0000000000
37566  -32.869  23.957  -13.840 0.0000000000
37569  -37.730  25.719  -12.534 0.0000000000
37571  -38.325  25.095  -13.568 0.0000000000
37572  -36.705  25.158  -13.006 0.0000000000
37573  -35.567  24.640  -13.507 0.0000000000
37574  -34.561  24.055  -14.162 0.0000000000
37575  -33.550  23.413  -14.879 0.0000000000
37576  -34.095  22.960  -15.893 0.0000000000
37577  -34.558  22.547  -17.017 0.0000000000
37578  -34.667  22.264  -18.104 0.0000000000
37579  -36.212  24.159  -17.565 0.0000000000
37580  -35.382  23.235  -18.186 0.0000000000
37581  -34.326  22.466  -19.060 0.0000000000
37582  -33.546  22.903  -19.527 0.0000000000
37583  -32.523  23.615  -19.642 0.0000000000
37584  -31.206  24.148  -19.461 0.0000000000
37609  -31.765  26.695  -17.903 0.0000000000
37610  -30.761  25.764  -18.451 0.0000000000
37611  -29.707  24.999  -19.048 0.0000000000
37612  -28.312  25.370  -18.283 0.0000000000
37613  -27.107  25.298  -16.866 0.0000000000
37614  -25.823  25.082  -15.411 0.0000000000
37615  -25.329  27.431  -13.791 0.0000000000
37616  -24.934  26.167  -14.149 0.0000000000
37617  -24.301  25.011  -14.495 0.0000000000
39756  -28.768  22.640  -13.913 0.0000000000
39757  -27.110  22.083  -12.930 0.0000000000
39774  -29.729  20.867  -21.810 0.0000000000
39775  -29.746  19.505  -22.178 0.0000000000
39776  -29.336  18.505  -21.890 0.0000000000
41647  -30.738  23.047  -20.243 0.0000000000
41648  -31.010  22.302  -20.681 0.0000000000
41649  -30.387  22.532  -20.648 0.0000000000
43822  -31.518  23.553  -13.996 0.0000000000
43823  -30.462  23.561  -13.632 0.0000000000
43824  -30.893  23.286  -14.140 0.0000000000
46222  -33.690  21.548  -18.471 0.0000000000
46223  -33.093  21.422  -18.061 0.0000000000
46224  -33.222  21.260  -18.666 0.0000000000
46225  -30.091  19.121  -20.554 0.0000000000
46226  -30.036  19.317  -19.885 0.0000000000
46227  -29.469  19.025  -19.980 0.0000000000
46228  -28.743  19.051  -19.263 0.0000000000
46229  -28.939  18.729  -20.032 0.0000000000
48022  -25.720  24.085  -16.333 0.0000000000
48023  -26.044  23.678  -17.306 0.0000000000
48024  -25.423  23.558  -16.639 0.0000000000
50928  -35.352  26.171  -11.599 0.0000000000
50929  -34.296  26.195  -11.374 0.0000000000
50930  -34.822  25.878  -11.844 0.0000000000
50931  -34.311  25.582  -12.110 0.0000000000
50932  -35.314  25.538  -12.303 0.0000000000
50936  -37.965  24.489  -15.831 0.0000000000
50937  -38.026  24.509  -15.398 0.0000000000
50938  -37.513  24.259  -15.638 0.0000000000
50939  -36.949  24.073  -15.378 0.0000000000
50940  -36.993  24.005  -15.898 0.0000000000
50941  -36.537  23.736  -16.212 0.0000000000
50942  -36.978  24.086  -16.402 0.0000000000
50944  -35.015  25.510  -18.059 0.0000000000
50945  -34.441  25.850  -18.054 0.0000000000
50946  -33.980  25.433  -18.365 0.0000000000
50947  -33.806  26.196  -18.008 0.0000000000
50969  -28.744  28.164  -15.959 0.0000000000
50970  -27.984  28.140  -15.267 0.0000000000
50971  -27.677  27.615  -15.491 0.0000000000
50972  -27.204  28.141  -14.637 0.0000000000
52755  -27.890  21.296  -15.177 0.0000000000
52756  -27.559  21.438  -14.602 0.0000000000
52757  -27.100  21.052  -14.631 0.0000000000
55822  -32.883  21.962  -20.057 0.0000000000
55823  -32.814  21.404  -20.058 0.0000000000
55824  -32.489  21.555  -20.351 0.0000000000
55825  -31.157  20.907  -21.241 0.0000000000
55826  -31.550  20.732  -20.995 0.0000000000
55827  -31.077  20.295  -21.343 0.0000000000
55828  -30.916  19.794  -21.261 0.0000000000
55829  -30.599  19.812  -21.676 0.0000000000
62347  -29.805  24.546  -11.958 0.0000000000
62348  -28.826  24.324  -11.541 0.0000000000
62349  -29.202  24.199  -12.027 0.0000000000
62350  -28.557  23.328  -12.760 0.0000000000
62351  -28.186  23.467  -12.247 0.0000000000
62352  -27.731  23.044  -12.289 0.0000000000
62353  -26.991  22.607  -11.815 0.0000000000
62354  -27.317  22.610  -12.342 0.0000000000
69547  -32.899  22.483  -16.136 0.0000000000
69548  -32.034  22.471  -15.804 0.0000000000
69549  -32.383  22.170  -16.360 0.0000000000
69550  -31.502  21.363  -17.237 0.0000000000
69551  -31.182  21.699  -16.643 0.0000000000
69552  -30.610  21.426  -16.756 0.0000000000
69553  -29.656  21.460  -16.256 0.0000000000
69554  -30.010  21.147  -16.864 0.0000000000
69555  -32.143  20.521  -19.657 0.0000000000
69556  -32.163  20.613  -19.086 0.0000000000
69557  -31.597  20.303  -19.299 0.0000000000
69558  -29.530  19.965  -18.419 0.0000000000
69559  -30.102  20.222  -18.384 0.0000000000
69560  -29.196  20.278  -17.705 0.0000000000
69561  -28.846  20.586  -17.003 0.0000000000
69562  -28.322  20.272  -17.055 0.0000000000
69564  -27.823  19.960  -17.097 0.0000000000
74947  -28.059  24.249  -19.188 0.0000000000
74948  -28.356  23.543  -19.905 0.0000000000
74949  -27.722  23.720  -19.492 0.0000000000
74950  -26.516  22.796  -19.317 0.0000000000
74951  -27.107  22.645  -19.996 0.0000000000
74952  -26.742  22.115  -20.181 0.0000000000
83666  -32.331  26.091  -11.090 0.0000000000
83667  -31.731  26.321  -10.614 0.0000000000
83668  -31.331  25.976  -10.916 0.0000000000
83669  -30.366  25.822  -10.689 0.0000000000
83670  -30.908  25.654  -11.198 0.0000000000
83671  -30.518  25.308  -11.448 0.0000000000
83672  -31.447  25.421  -11.657 0.0000000000
83673  -33.347  24.933  -12.763 0.0000000000
83674  -32.441  24.891  -12.618 0.0000000000
83675  -32.898  24.589  -13.039 0.0000000000
83676  -32.443  24.223  -13.352 0.0000000000
83677  -33.313  24.291  -13.501 0.0000000000
83685  -38.634  25.668  -12.826 0.0000000000
83689  -37.954  24.638  -14.356 0.0000000000
83690  -38.493  24.863  -14.091 0.0000000000
83691  -37.801  24.870  -13.800 0.0000000000
83692  -37.572  25.130  -13.271 0.0000000000
83693  -37.020  24.898  -13.498 0.0000000000
83694  -36.124  24.899  -13.246 0.0000000000
83695  -36.381  24.642  -13.692 0.0000000000
83696  -35.531  23.799  -14.857 0.0000000000
83697  -35.318  24.073  -14.329 0.0000000000
83698  -34.789  23.770  -14.680 0.0000000000
83699  -34.044  23.748  -14.511 0.0000000000
83700  -34.271  23.463  -15.023 0.0000000000
83701  -33.810  23.151  -15.379 0.0000000000
83702  -34.540  23.236  -15.532 0.0000000000
83703  -35.595  23.191  -16.812 0.0000000000
83704  -35.042  22.931  -16.628 0.0000000000
83705  -35.159  22.769  -17.192 0.0000000000
83706  -34.662  22.375  -17.565 0.0000000000
83707  -35.195  22.691  -17.690 0.0000000000
83708  -36.855  25.002  -17.286 0.0000000000
83709  -36.708  24.449  -17.313 0.0000000000
83710  -36.367  24.791  -17.585 0.0000000000
83711  -35.159  24.109  -18.422 0.0000000000
83712  -35.528  23.888  -18.142 0.0000000000
83713  -35.085  23.428  -18.550 0.0000000000
83714  -34.866  22.803  -18.609 0.0000000000
83715  -34.563  23.006  -18.977 0.0000000000
83716  -33.973  22.650  -19.356 0.0000000000
83717  -34.122  23.200  -19.226 0.0000000000
83718  -32.978  24.676  -18.968 0.0000000000
83719  -33.057  23.963  -19.294 0.0000000000
83720  -32.439  24.292  -19.274 0.0000000000
83721  -31.884  23.849  -19.585 0.0000000000
83722  -31.770  24.566  -19.168 0.0000000000
83784  -32.233  27.064  -17.652 0.0000000000
83785  -31.379  27.525  -17.391 0.0000000000
83786  -29.637  26.861  -17.607 0.0000000000
83787  -30.474  26.611  -17.919 0.0000000000
83788  -29.966  26.142  -18.195 0.0000000000
83789  -30.239  25.368  -18.751 0.0000000000
83790  -29.455  25.690  -18.472 0.0000000000
83791  -28.972  25.263  -18.782 0.0000000000
83792  -28.740  25.868  -18.071 0.0000000000
83793  -27.151  26.453  -15.844 0.0000000000
83794  -27.477  25.907  -16.740 0.0000000000
83795  -26.822  25.820  -15.956 0.0000000000
83796  -26.481  25.201  -16.071 0.0000000000
83797  -26.150  25.713  -15.302 0.0000000000
83802  -24.377  26.709  -13.583 0.0000000000
83803  -24.144  26.115  -13.783 0.0000000000
83804  -24.661  25.591  -14.297 0.0000000000
83805  -23.843  25.551  -13.958 0.0000000000
83806  -23.549  25.006  -14.241 0.0000000000
89130  -27.158  23.523  -10.669 0.0000000000
89145  -30.102  22.494  -14.933 0.0000000000
89146  -29.725  22.774  -14.383 0.0000000000
89147  -29.141  22.463  -14.461 0.0000000000
89148  -26.926  21.604  -13.492 0.0000000000
89149  -27.383  22.013  -13.462 0.0000000000
89150  -26.696  21.634  -12.940 0.0000000000
89151  -26.502  21.696  -12.425 0.0000000000
89190  -28.966  21.872  -21.181 0.0000000000
89191  -29.620  21.622  -21.379 0.0000000000
89192  -29.146  21.078  -21.709 0.0000000000
89193  -28.782  19.140  -22.626 0.0000000000
89194  -29.298  19.655  -22.350 0.0000000000
89195  -29.218  19.001  -22.429 0.0000000000
89196  -29.600  18.949  -22.108 0.0000000000
89197  -29.058  18.478  -22.303 0.0000000000
93397  -31.991  22.484  -20.302 0.0000000000
93398  -32.085  21.739  -20.540 0.0000000000
93399  -31.586  22.013  -20.645 0.0000000000
93400  -31.154  21.566  -21.009 0.0000000000
93401  -30.703  21.126  -21.398 0.0000000000
97312  -30.616  24.110  -12.958 0.0000000000
97313  -29.580  24.028  -12.541 0.0000000000
97314  -30.005  23.809  -13.084 0.0000000000
97315  -29.467  23.493  -13.204 0.0000000000
97316  -28.933  23.157  -13.292 0.0000000000
101632  -33.419  21.949  -17.237 0.0000000000
101633  -32.621  21.891  -16.884 0.0000000000
101634  -32.885  21.645  -17.450 0.0000000000
101635  -32.348  21.362  -17.675 0.0000000000
101636  -31.768  21.058  -17.841 0.0000000000
101637  -31.113  19.827  -20.188 0.0000000000
101638  -31.072  19.996  -19.524 0.0000000000
101639  -30.568  19.675  -19.731 0.0000000000
101640  -29.857  19.642  -19.127 0.0000000000
101641  -28.989  19.687  -18.465 0.0000000000
101642  -28.134  19.693  -17.796 0.0000000000
101643  -28.462  19.388  -18.512 0.0000000000
104872  -26.866  24.281  -17.836 0.0000000000
104873  -27.138  23.797  -18.875 0.0000000000
104874  -26.609  23.778  -18.080 0.0000000000
104875  -26.332  23.266  -18.335 0.0000000000
104876  -25.975  22.794  -18.559 0.0000000000
110104  -33.746  26.476  -10.943 0.0000000000
110105  -33.284  26.156  -11.245 0.0000000000
110106  -32.796  25.837  -11.559 0.0000000000
110107  -32.390  25.507  -11.855 0.0000000000
110108  -33.327  25.549  -12.015 0.0000000000
110109  -33.857  25.240  -12.473 0.0000000000
110110  -34.271  24.959  -12.925 0.0000000000
110117  -39.041  24.865  -14.871 0.0000000000
110118  -38.533  24.664  -15.140 0.0000000000
110119  -38.050  24.480  -14.927 0.0000000000
110120  -37.379  24.412  -14.547 0.0000000000
110121  -36.605  24.399  -14.197 0.0000000000
110122  -36.813  24.172  -14.764 0.0000000000
110123  -36.252  23.922  -15.078 0.0000000000
110124  -35.744  23.646  -15.405 0.0000000000
110125  -35.269  23.348  -15.724 0.0000000000
110126  -35.930  23.536  -15.975 0.0000000000
110127  -36.049  23.502  -16.515 0.0000000000
110128  -36.063  23.538  -17.023 0.0000000000
110130  -35.948  25.019  -17.811 0.0000000000
110131  -35.490  25.231  -17.964 0.0000000000
110132  -35.100  24.788  -18.256 0.0000000000
110133  -34.663  24.343  -18.662 0.0000000000
110134  -34.147  23.906  -18.962 0.0000000000
110135  -34.099  24.675  -18.679 0.0000000000
110136  -33.466  25.055  -18.654 0.0000000000
110137  -32.795  25.441  -18.588 0.0000000000
110175  -30.485  27.919  -17.084 0.0000000000
110176  -29.577  28.118  -16.596 0.0000000000
110177  -29.159  27.589  -16.882 0.0000000000
110178  -28.837  27.012  -17.065 0.0000000000
110179  -28.477  26.473  -17.331 0.0000000000
110180  -28.106  27.073  -16.385 0.0000000000
110181  -27.407  27.050  -15.682 0.0000000000
110182  -26.655  27.015  -15.069 0.0000000000
113382  -26.446  22.513  -10.717 0.0000000000
113391  -28.923  21.933  -15.086 0.0000000000
113392  -28.585  22.137  -14.535 0.0000000000
113393  -28.084  21.813  -14.601 0.0000000000
113394  -27.236  21.549  -14.052 0.0000000000
113395  -26.516  21.197  -13.520 0.0000000000
113418  -28.124  20.866  -21.715 0.0000000000
113419  -28.672  20.586  -21.985 0.0000000000
113420  -28.219  20.072  -22.229 0.0000000000
118087  -33.522  21.616  -19.436 0.0000000000
118088  -33.191  21.161  -19.244 0.0000000000
118089  -33.073  21.249  -19.664 0.0000000000
118090  -32.604  20.918  -19.918 0.0000000000
118091  -32.089  20.534  -20.189 0.0000000000
118092  -32.038  21.128  -20.629 0.0000000000
118093  -31.869  20.618  -20.654 0.0000000000
118094  -31.546  20.124  -20.480 0.0000000000
118095  -31.048  19.739  -20.788 0.0000000000
118096  -30.553  19.381  -20.987 0.0000000000
118097  -30.049  19.007  -21.172 0.0000000000
120607  -24.284  23.959  -15.262 0.0000000000
120608  -24.736  23.495  -15.992 0.0000000000
120609  -24.026  23.467  -15.582 0.0000000000
124681  -36.358  26.119  -11.847 0.0000000000
124691  -38.355  24.781  -15.984 0.0000000000
124692  -37.830  24.623  -16.245 0.0000000000
124693  -37.335  24.467  -16.554 0.0000000000
124694  -37.619  24.881  -16.634 0.0000000000
127222  -28.792  24.776  -10.961 0.0000000000
127223  -27.905  24.425  -10.536 0.0000000000
127224  -28.345  24.392  -11.047 0.0000000000
127225  -27.922  23.977  -11.136 0.0000000000
127226  -27.477  23.522  -11.197 0.0000000000
127227  -28.670  23.842  -12.136 0.0000000000
127228  -27.836  23.530  -11.714 0.0000000000
127229  -27.078  23.058  -11.250 0.0000000000
127230  -26.704  22.573  -11.280 0.0000000000
127231  -26.395  22.083  -11.306 0.0000000000
136477  -32.233  23.021  -15.053 0.0000000000
136478  -31.298  23.036  -14.702 0.0000000000
136479  -31.669  22.758  -15.251 0.0000000000
136480  -31.073  22.497  -15.392 0.0000000000
136481  -30.458  22.237  -15.509 0.0000000000
136482  -31.762  21.952  -16.520 0.0000000000
136483  -30.809  21.984  -16.072 0.0000000000
136484  -29.825  21.997  -15.594 0.0000000000
136485  -29.286  21.719  -15.694 0.0000000000
136486  -28.769  21.431  -15.767 0.0000000000
136487  -28.249  21.135  -15.800 0.0000000000
136488  -32.707  20.942  -18.877 0.0000000000
136489  -32.045  20.806  -18.469 0.0000000000
136490  -31.208  20.782  -18.021 0.0000000000
136491  -30.929  20.207  -18.851 0.0000000000
136492  -30.661  20.511  -18.205 0.0000000000
136493  -30.368  20.818  -17.541 0.0000000000
136494  -29.402  20.873  -16.939 0.0000000000
136495  -28.489  20.862  -16.355 0.0000000000
136496  -27.728  20.755  -15.827 0.0000000000
143122  -29.413  23.704  -19.955 0.0000000000
143123  -29.720  22.835  -20.516 0.0000000000
143124  -29.056  23.196  -20.263 0.0000000000
143125  -28.705  22.661  -20.579 0.0000000000
143126  -28.356  22.134  -20.871 0.0000000000
143127  -27.424  23.188  -19.783 0.0000000000
143128  -27.723  22.411  -20.492 0.0000000000
143129  -27.961  21.629  -21.129 0.0000000000
143130  -27.538  21.049  -21.408 0.0000000000
143133  -25.112  23.077  -16.913 0.0000000000
153650  -29.473  25.584  -10.432 0.0000000000
153651  -29.093  25.175  -10.697 0.0000000000
153652  -29.632  25.083  -11.199 0.0000000000
153653  -30.166  24.920  -11.702 0.0000000000
153654  -30.653  24.700  -12.197 0.0000000000
153655  -31.960  25.151  -12.126 0.0000000000
153656  -31.567  24.810  -12.413 0.0000000000
153657  -31.113  24.486  -12.681 0.0000000000
153658  -31.523  24.187  -13.146 0.0000000000
153659  -31.969  23.918  -13.634 0.0000000000
153660  -32.407  23.645  -14.174 0.0000000000
153668  -37.340  26.047  -12.050 0.0000000000
153669  -36.805  25.779  -12.301 0.0000000000
153673  -39.070  24.958  -14.371 0.0000000000
153674  -39.040  25.124  -13.857 0.0000000000
153675  -38.904  25.381  -13.350 0.0000000000
153676  -38.058  25.393  -13.046 0.0000000000
153677  -37.189  25.431  -12.761 0.0000000000
153678  -36.291  25.455  -12.528 0.0000000000
153679  -35.754  25.187  -12.774 0.0000000000
153680  -35.195  24.934  -13.059 0.0000000000
153681  -34.686  24.655  -13.339 0.0000000000
153682  -35.835  24.368  -13.982 0.0000000000
153683  -35.034  24.361  -13.809 0.0000000000
153684  -34.216  24.359  -13.613 0.0000000000
153685  -33.707  24.009  -14.007 0.0000000000
153686  -33.255  23.697  -14.365 0.0000000000
153687  -32.777  23.373  -14.730 0.0000000000
153688  -33.040  23.060  -15.216 0.0000000000
153689  -33.321  22.841  -15.729 0.0000000000
153690  -33.616  22.625  -16.275 0.0000000000
153691  -34.816  23.071  -16.067 0.0000000000
153692  -34.389  22.775  -16.452 0.0000000000
153693  -33.878  22.381  -16.836 0.0000000000
153694  -34.082  22.141  -17.420 0.0000000000
153695  -34.166  21.945  -17.997 0.0000000000
153696  -34.161  21.890  -18.559 0.0000000000
153697  -36.905  24.288  -16.904 0.0000000000
153698  -36.416  23.979  -17.173 0.0000000000
153699  -36.008  23.582  -17.486 0.0000000000
153700  -35.898  24.382  -17.895 0.0000000000
153701  -35.807  23.721  -17.843 0.0000000000
153702  -35.574  23.142  -17.795 0.0000000000
153703  -35.071  22.686  -18.167 0.0000000000
153704  -34.554  22.269  -18.654 0.0000000000
153705  -34.054  21.961  -19.041 0.0000000000
153706  -33.780  22.094  -19.444 0.0000000000
153707  -33.384  22.268  -19.708 0.0000000000
153708  -33.005  22.527  -19.856 0.0000000000
153709  -33.609  23.591  -19.269 0.0000000000
153710  -33.074  23.236  -19.605 0.0000000000
153711  -32.524  22.871  -19.950 0.0000000000
153712  -31.954  23.186  -19.962 0.0000000000
153713  -31.317  23.442  -19.901 0.0000000000
153714  -30.655  23.728  -19.808 0.0000000000
153787  -33.043  26.604  -17.872 0.0000000000
153788  -32.564  26.257  -18.136 0.0000000000
153789  -32.047  25.851  -18.448 0.0000000000
153790  -30.932  27.095  -17.633 0.0000000000
153791  -31.268  26.185  -18.203 0.0000000000
153792  -31.526  25.382  -18.703 0.0000000000
153793  -31.000  24.975  -18.919 0.0000000000
153794  -30.477  24.546  -19.292 0.0000000000
153795  -29.914  24.159  -19.626 0.0000000000
153796  -29.220  24.491  -19.387 0.0000000000
153797  -28.553  24.730  -19.018 0.0000000000
153798  -27.916  24.851  -18.479 0.0000000000
153799  -28.090  25.934  -17.498 0.0000000000
153800  -27.709  25.370  -17.631 0.0000000000
153801  -27.330  24.801  -17.795 0.0000000000
153802  -26.734  24.720  -16.941 0.0000000000
153803  -26.109  24.607  -16.201 0.0000000000
153804  -25.417  24.531  -15.573 0.0000000000
153806  -26.106  27.537  -14.332 0.0000000000
153807  -25.893  26.912  -14.492 0.0000000000
153809  -25.135  26.803  -13.992 0.0000000000
153810  -25.694  26.259  -14.636 0.0000000000
153811  -25.430  25.635  -14.745 0.0000000000
153812  -25.053  25.061  -14.872 0.0000000000
153813  -24.677  24.494  -15.052 0.0000000000
153814  -23.940  24.464  -14.695 0.0000000000
153815  -23.189  24.494  -14.501 0.0000000000
160224  -30.284  23.023  -14.269 0.0000000000
160225  -29.311  22.959  -13.835 0.0000000000
160226  -28.404  22.799  -13.373 0.0000000000
160227  -28.231  22.305  -13.971 0.0000000000
160228  -27.877  22.423  -13.432 0.0000000000
160229  -27.559  22.516  -12.892 0.0000000000
160230  -26.912  22.160  -12.394 0.0000000000
160231  -26.322  21.628  -11.887 0.0000000000
160278  -30.015  22.081  -21.021 0.0000000000
160279  -30.211  21.376  -21.437 0.0000000000
160280  -30.277  20.646  -21.759 0.0000000000
160281  -29.231  20.342  -22.113 0.0000000000
160282  -29.792  20.151  -22.081 0.0000000000
160283  -30.268  19.968  -21.914 0.0000000000
160284  -30.122  19.362  -21.905 0.0000000000
160285  -29.874  18.935  -21.707 0.0000000000
160286  -29.504  18.577  -21.389 0.0000000000
160294  -28.975  18.189  -21.448 0.0000000000
160295  -29.045  18.416  -20.811 0.0000000000
