#!ascii label  , from subject fsaverage vox2ras=TkReg
380
286  9.750  -79.178  28.344 0.0000000000
766  13.670  -81.182  32.136 0.0000000000
1668  6.927  -76.200  25.372 0.0000000000
2301  17.458  -77.962  27.530 0.0000000000
2302  13.980  -77.878  22.996 0.0000000000
2685  12.803  -82.458  34.758 0.0000000000
2686  16.408  -81.705  33.825 0.0000000000
3737  8.021  -80.187  31.015 0.0000000000
3738  5.618  -80.486  30.863 0.0000000000
3739  6.865  -78.870  29.132 0.0000000000
3740  5.424  -77.809  27.320 0.0000000000
3741  8.414  -77.855  26.771 0.0000000000
5108  19.387  -77.511  29.885 0.0000000000
5109  19.772  -74.538  29.190 0.0000000000
5111  18.060  -76.438  23.800 0.0000000000
5987  9.883  -81.695  33.234 0.0000000000
5988  11.415  -80.630  30.341 0.0000000000
9459  18.151  -79.803  31.505 0.0000000000
9460  15.635  -79.786  29.552 0.0000000000
9461  13.677  -79.849  27.623 0.0000000000
9462  18.889  -75.511  26.478 0.0000000000
9463  16.032  -78.617  25.172 0.0000000000
9464  11.877  -78.526  25.574 0.0000000000
9465  10.306  -76.999  24.083 0.0000000000
11417  8.886  -79.605  29.649 0.0000000000
11418  7.457  -79.468  30.066 0.0000000000
11419  8.317  -78.963  28.764 0.0000000000
11420  7.725  -78.351  27.927 0.0000000000
11421  9.131  -78.525  27.472 0.0000000000
12788  19.854  -73.967  30.607 0.0000000000
13817  13.169  -81.773  33.479 0.0000000000
13818  11.231  -82.019  34.057 0.0000000000
13819  11.715  -81.564  32.664 0.0000000000
13820  10.598  -81.125  31.682 0.0000000000
13821  12.428  -81.073  31.298 0.0000000000
16975  5.266  -80.019  29.609 0.0000000000
16982  6.140  -76.911  26.354 0.0000000000
21083  19.262  -79.651  32.732 0.0000000000
21084  19.768  -78.344  31.956 0.0000000000
21085  18.350  -77.741  28.633 0.0000000000
21086  17.621  -78.735  29.482 0.0000000000
21087  16.639  -78.884  28.450 0.0000000000
21088  14.674  -80.039  28.699 0.0000000000
21089  15.801  -79.248  27.478 0.0000000000
21091  19.712  -73.329  27.852 0.0000000000
21092  19.557  -73.965  26.398 0.0000000000
21093  16.167  -77.707  23.108 0.0000000000
21094  17.054  -77.631  24.374 0.0000000000
21095  15.003  -78.437  23.975 0.0000000000
21096  13.826  -78.980  25.190 0.0000000000
21097  12.950  -78.301  24.195 0.0000000000
21098  11.048  -77.791  24.730 0.0000000000
21099  12.076  -77.492  23.349 0.0000000000
23267  14.633  -82.097  34.189 0.0000000000
23268  15.111  -81.351  32.962 0.0000000000
25159  7.249  -80.933  32.353 0.0000000000
25161  6.645  -80.164  31.235 0.0000000000
25162  6.037  -79.531  30.200 0.0000000000
25163  5.573  -79.082  29.091 0.0000000000
25164  5.038  -78.805  27.959 0.0000000000
25165  6.238  -78.333  28.241 0.0000000000
25166  6.908  -77.633  27.188 0.0000000000
25167  7.602  -76.944  26.065 0.0000000000
27626  19.960  -77.034  31.271 0.0000000000
27627  20.018  -75.570  30.776 0.0000000000
27628  19.661  -76.145  29.374 0.0000000000
27629  18.957  -76.517  28.094 0.0000000000
27631  19.353  -74.608  24.950 0.0000000000
27633  17.348  -76.593  22.494 0.0000000000
27634  15.109  -77.216  22.007 0.0000000000
27635  13.150  -77.024  22.110 0.0000000000
29331  8.167  -81.663  33.539 0.0000000000
29332  8.793  -80.972  32.102 0.0000000000
29333  9.668  -80.355  30.630 0.0000000000
29334  10.521  -79.906  29.244 0.0000000000
38614  17.287  -80.809  32.628 0.0000000000
38615  15.958  -80.564  31.662 0.0000000000
38616  18.842  -78.691  30.604 0.0000000000
38617  16.855  -79.698  30.519 0.0000000000
38618  14.638  -80.549  30.765 0.0000000000
38619  13.565  -80.557  29.961 0.0000000000
38620  12.481  -80.262  28.936 0.0000000000
38621  11.587  -79.585  27.837 0.0000000000
38623  19.388  -75.115  27.799 0.0000000000
38624  18.219  -76.798  26.840 0.0000000000
38625  18.536  -76.014  25.138 0.0000000000
38626  17.672  -77.249  25.624 0.0000000000
38627  16.789  -78.312  26.441 0.0000000000
38628  14.891  -79.318  26.316 0.0000000000
38629  12.703  -79.271  26.511 0.0000000000
38630  10.819  -78.801  26.988 0.0000000000
38631  10.074  -78.124  26.169 0.0000000000
38632  9.345  -77.402  25.457 0.0000000000
38633  8.566  -76.482  24.818 0.0000000000
38634  11.409  -76.430  22.719 0.0000000000
38635  9.671  -75.913  23.437 0.0000000000
38636  8.049  -75.525  24.119 0.0000000000
42137  9.328  -79.364  28.978 0.0000000000
42138  8.610  -79.244  29.182 0.0000000000
42139  9.038  -79.047  28.530 0.0000000000
42140  8.740  -78.750  28.125 0.0000000000
42141  9.444  -78.848  27.896 0.0000000000
44537  13.416  -81.464  32.820 0.0000000000
44538  12.446  -81.666  33.100 0.0000000000
44539  12.709  -81.402  32.382 0.0000000000
44540  12.036  -81.351  31.954 0.0000000000
44541  13.018  -81.161  31.715 0.0000000000
47702  6.520  -76.530  25.863 0.0000000000
51804  20.123  -77.383  32.372 0.0000000000
51805  17.844  -77.811  28.045 0.0000000000
51806  17.495  -78.313  28.495 0.0000000000
51807  17.063  -78.441  27.959 0.0000000000
51808  16.203  -79.066  27.960 0.0000000000
51809  16.687  -78.627  27.453 0.0000000000
51813  15.062  -77.931  22.962 0.0000000000
51814  15.587  -78.115  23.514 0.0000000000
51815  14.514  -78.190  23.455 0.0000000000
51816  13.951  -78.438  24.044 0.0000000000
51817  13.470  -78.097  23.575 0.0000000000
51818  12.505  -77.923  23.755 0.0000000000
51819  12.984  -77.711  23.136 0.0000000000
54139  15.500  -81.918  33.983 0.0000000000
54140  14.863  -81.720  33.572 0.0000000000
54141  15.772  -81.523  33.369 0.0000000000
57292  7.556  -80.534  31.693 0.0000000000
57293  6.887  -80.527  31.780 0.0000000000
57294  7.299  -80.166  31.170 0.0000000000
57295  7.188  -79.166  29.624 0.0000000000
57296  6.758  -79.463  30.190 0.0000000000
57297  6.460  -79.176  29.691 0.0000000000
57298  5.816  -79.302  29.627 0.0000000000
57299  6.176  -78.915  29.193 0.0000000000
57300  5.895  -78.699  28.696 0.0000000000
57301  6.581  -78.596  28.679 0.0000000000
57302  8.095  -78.132  27.365 0.0000000000
57303  7.345  -77.999  27.563 0.0000000000
57304  7.739  -77.712  27.020 0.0000000000
57305  7.244  -77.277  26.633 0.0000000000
57306  7.975  -77.395  26.429 0.0000000000
61405  19.855  -74.266  29.864 0.0000000000
61406  19.901  -75.095  29.973 0.0000000000
61407  19.731  -75.367  29.247 0.0000000000
61408  19.337  -76.331  28.723 0.0000000000
61409  19.468  -75.618  28.576 0.0000000000
61415  16.924  -76.501  21.839 0.0000000000
61416  16.224  -77.037  22.160 0.0000000000
61417  15.761  -76.820  21.600 0.0000000000
61418  14.712  -76.860  21.534 0.0000000000
64495  10.515  -81.859  33.682 0.0000000000
64496  10.318  -82.130  34.377 0.0000000000
64497  9.577  -81.935  34.013 0.0000000000
64499  8.955  -81.657  33.418 0.0000000000
64500  8.442  -81.312  32.832 0.0000000000
64501  9.249  -81.372  32.672 0.0000000000
64502  11.005  -80.856  30.997 0.0000000000
64503  10.116  -80.793  31.170 0.0000000000
64504  10.546  -80.518  30.461 0.0000000000
64505  10.093  -80.119  29.931 0.0000000000
64506  10.976  -80.308  29.788 0.0000000000
73987  5.189  -78.281  27.700 0.0000000000
86290  18.749  -79.797  32.069 0.0000000000
86291  18.352  -80.353  32.581 0.0000000000
86292  17.753  -80.305  31.972 0.0000000000
86293  16.650  -80.667  32.127 0.0000000000
86294  17.065  -80.219  31.538 0.0000000000
86295  19.718  -77.316  30.527 0.0000000000
86296  19.579  -77.954  30.851 0.0000000000
86297  19.136  -78.115  30.216 0.0000000000
86298  16.650  -79.215  29.448 0.0000000000
86299  17.267  -79.221  30.001 0.0000000000
86300  16.226  -79.651  29.987 0.0000000000
86301  15.725  -80.118  30.551 0.0000000000
86302  15.125  -80.183  30.147 0.0000000000
86303  14.058  -80.560  30.356 0.0000000000
86304  14.610  -80.259  29.738 0.0000000000
86305  14.193  -79.970  28.198 0.0000000000
86306  13.627  -80.240  28.823 0.0000000000
86307  13.115  -80.031  28.292 0.0000000000
86308  12.024  -79.944  28.400 0.0000000000
86309  12.615  -79.782  27.719 0.0000000000
86313  19.375  -74.446  27.146 0.0000000000
86314  19.548  -74.239  27.826 0.0000000000
86315  19.125  -75.273  27.144 0.0000000000
86316  18.874  -75.974  27.254 0.0000000000
86317  18.558  -76.204  26.633 0.0000000000
86318  18.708  -75.614  24.308 0.0000000000
86319  18.963  -75.319  25.036 0.0000000000
86320  18.298  -76.267  24.445 0.0000000000
86321  16.511  -78.140  24.750 0.0000000000
86322  17.370  -77.506  25.000 0.0000000000
86323  16.950  -78.032  25.395 0.0000000000
86324  17.219  -77.792  25.996 0.0000000000
86325  16.480  -78.513  25.833 0.0000000000
86326  15.935  -78.936  26.327 0.0000000000
86327  15.434  -78.985  25.709 0.0000000000
86328  12.834  -78.768  25.358 0.0000000000
86329  13.280  -79.126  25.856 0.0000000000
86330  12.306  -78.878  26.058 0.0000000000
86331  11.718  -79.018  26.754 0.0000000000
86332  11.335  -78.646  26.295 0.0000000000
86333  10.428  -78.440  26.573 0.0000000000
86334  10.941  -78.302  25.834 0.0000000000
86335  10.681  -77.432  24.395 0.0000000000
86336  10.196  -77.602  25.092 0.0000000000
86337  9.803  -77.221  24.760 0.0000000000
86338  8.949  -76.995  25.130 0.0000000000
86339  9.388  -76.754  24.450 0.0000000000
86340  12.874  -76.444  21.874 0.0000000000
86341  12.284  -76.733  22.379 0.0000000000
86342  11.996  -76.116  22.172 0.0000000000
86344  10.249  -75.519  22.866 0.0000000000
86345  9.377  -75.377  23.188 0.0000000000
86346  8.842  -75.733  23.778 0.0000000000
94279  8.438  -79.882  30.329 0.0000000000
94280  7.719  -79.825  30.538 0.0000000000
94281  8.160  -79.495  29.870 0.0000000000
94282  7.892  -79.200  29.426 0.0000000000
94283  7.589  -78.907  28.983 0.0000000000
94284  7.278  -78.599  28.540 0.0000000000
94285  8.018  -78.669  28.346 0.0000000000
94286  8.431  -78.444  27.720 0.0000000000
94287  8.803  -78.229  27.112 0.0000000000
96749  19.829  -73.453  29.826 0.0000000000
98599  12.958  -82.111  34.112 0.0000000000
98600  11.967  -82.200  34.424 0.0000000000
98601  12.176  -81.919  33.758 0.0000000000
98602  11.456  -81.779  33.365 0.0000000000
98603  10.792  -81.653  32.949 0.0000000000
98604  10.222  -81.426  32.450 0.0000000000
98605  11.135  -81.398  32.193 0.0000000000
98606  11.513  -81.135  31.494 0.0000000000
98607  11.887  -80.892  30.856 0.0000000000
104283  5.378  -80.219  30.299 0.0000000000
104296  5.779  -77.337  26.840 0.0000000000
111679  19.545  -79.025  32.312 0.0000000000
111680  19.101  -79.195  31.628 0.0000000000
111681  18.869  -77.632  29.242 0.0000000000
111682  18.575  -78.185  29.613 0.0000000000
111683  18.038  -78.266  29.015 0.0000000000
111684  17.091  -78.778  28.960 0.0000000000
111685  16.143  -79.356  28.985 0.0000000000
111686  15.140  -79.918  29.137 0.0000000000
111687  15.679  -79.509  28.533 0.0000000000
111688  15.241  -79.669  28.067 0.0000000000
111689  14.754  -79.691  27.569 0.0000000000
111693  19.635  -73.606  27.123 0.0000000000
111694  19.227  -74.754  26.410 0.0000000000
111695  17.218  -77.163  23.400 0.0000000000
111696  17.583  -77.062  24.052 0.0000000000
111697  16.670  -77.705  23.751 0.0000000000
111698  16.078  -78.153  24.119 0.0000000000
111699  15.505  -78.573  24.578 0.0000000000
111700  14.931  -78.923  25.122 0.0000000000
111701  14.400  -78.749  24.568 0.0000000000
111702  13.385  -78.633  24.686 0.0000000000
111703  12.411  -78.437  24.863 0.0000000000
111704  11.477  -78.193  25.110 0.0000000000
111705  11.998  -78.075  24.415 0.0000000000
111706  11.564  -77.673  24.020 0.0000000000
111707  11.203  -77.250  23.696 0.0000000000
115731  13.749  -82.325  34.457 0.0000000000
115732  13.927  -81.940  33.836 0.0000000000
115733  14.122  -81.551  33.220 0.0000000000
115734  14.385  -81.218  32.600 0.0000000000
120147  6.650  -80.985  32.364 0.0000000000
120148  6.350  -80.588  31.742 0.0000000000
120149  6.056  -80.239  31.168 0.0000000000
120150  7.011  -79.800  30.688 0.0000000000
120151  6.378  -79.817  30.703 0.0000000000
120152  5.793  -79.974  30.586 0.0000000000
120153  5.546  -79.736  30.003 0.0000000000
120154  5.317  -79.509  29.420 0.0000000000
120155  5.197  -79.412  28.753 0.0000000000
120157  5.299  -78.937  28.554 0.0000000000
120158  5.517  -78.495  28.245 0.0000000000
120159  5.779  -78.075  27.818 0.0000000000
120160  6.971  -78.292  28.118 0.0000000000
120161  6.534  -77.981  27.725 0.0000000000
120162  6.098  -77.658  27.316 0.0000000000
120163  6.468  -77.243  26.787 0.0000000000
120164  6.858  -76.868  26.238 0.0000000000
120165  7.269  -76.574  25.717 0.0000000000
125900  20.127  -76.703  32.028 0.0000000000
125901  20.093  -76.011  31.757 0.0000000000
125902  19.996  -76.361  30.989 0.0000000000
125903  19.844  -76.618  30.268 0.0000000000
125904  19.933  -74.779  30.675 0.0000000000
125905  19.914  -75.873  30.079 0.0000000000
125906  19.548  -76.842  29.570 0.0000000000
125907  19.109  -77.022  28.938 0.0000000000
125908  18.673  -77.156  28.331 0.0000000000
125909  18.242  -77.341  27.679 0.0000000000
125913  19.177  -74.889  24.269 0.0000000000
125914  18.498  -75.785  23.627 0.0000000000
125916  18.262  -75.881  22.953 0.0000000000
125917  17.730  -76.543  23.149 0.0000000000
125918  16.746  -77.185  22.741 0.0000000000
125919  15.584  -77.520  22.535 0.0000000000
125920  14.514  -77.600  22.472 0.0000000000
125921  13.479  -77.504  22.529 0.0000000000
125922  14.104  -77.185  22.002 0.0000000000
125923  13.791  -76.727  21.615 0.0000000000
130078  11.073  -82.316  34.740 0.0000000000
130084  7.696  -81.299  32.952 0.0000000000
130085  7.956  -80.908  32.276 0.0000000000
130086  8.386  -80.567  31.542 0.0000000000
130087  9.671  -81.079  31.902 0.0000000000
130088  9.232  -80.649  31.350 0.0000000000
130089  8.817  -80.255  30.829 0.0000000000
130090  9.238  -79.970  30.126 0.0000000000
130091  9.685  -79.731  29.436 0.0000000000
130092  10.093  -79.518  28.793 0.0000000000
156797  17.471  -81.329  33.754 0.0000000000
156798  18.896  -80.232  33.224 0.0000000000
156799  17.909  -80.851  33.156 0.0000000000
156800  16.844  -81.255  33.228 0.0000000000
156801  16.227  -81.108  32.766 0.0000000000
156802  15.562  -80.954  32.322 0.0000000000
156803  14.862  -80.852  31.864 0.0000000000
156804  19.896  -77.682  31.603 0.0000000000
156805  19.414  -78.573  31.240 0.0000000000
156806  18.512  -79.256  31.041 0.0000000000
156807  18.232  -78.716  30.044 0.0000000000
156808  17.912  -79.248  30.527 0.0000000000
156809  17.495  -79.749  31.009 0.0000000000
156810  16.393  -80.148  31.053 0.0000000000
156811  15.314  -80.492  31.160 0.0000000000
156812  14.169  -80.889  31.422 0.0000000000
156813  13.550  -80.870  31.023 0.0000000000
156814  12.984  -80.805  30.619 0.0000000000
156815  12.438  -80.665  30.200 0.0000000000
156816  14.151  -80.313  29.325 0.0000000000
156817  13.032  -80.488  29.479 0.0000000000
156818  11.965  -80.442  29.643 0.0000000000
156819  11.464  -80.122  29.085 0.0000000000
156820  11.067  -79.708  28.544 0.0000000000
156821  10.664  -79.347  28.105 0.0000000000
156824  19.805  -73.674  29.204 0.0000000000
156825  19.808  -73.087  28.528 0.0000000000
156826  19.704  -73.977  28.505 0.0000000000
156827  19.593  -74.826  28.515 0.0000000000
156828  19.182  -75.835  27.917 0.0000000000
156829  18.587  -76.624  27.464 0.0000000000
156830  17.845  -77.412  27.159 0.0000000000
156831  19.471  -74.292  25.681 0.0000000000
156832  19.111  -75.045  25.725 0.0000000000
156833  18.703  -75.771  25.777 0.0000000000
156834  17.876  -76.944  24.647 0.0000000000
156835  18.100  -76.664  25.315 0.0000000000
156836  18.319  -76.421  25.992 0.0000000000
156837  17.918  -77.014  26.253 0.0000000000
156838  17.512  -77.578  26.586 0.0000000000
156839  17.110  -78.125  27.000 0.0000000000
156840  16.321  -78.792  26.929 0.0000000000
156841  15.405  -79.349  26.908 0.0000000000
156842  14.295  -79.609  26.956 0.0000000000
156843  14.349  -79.202  25.732 0.0000000000
156844  13.812  -79.426  26.382 0.0000000000
156845  13.185  -79.630  27.023 0.0000000000
156846  12.123  -79.425  27.162 0.0000000000
156847  11.218  -79.172  27.408 0.0000000000
156848  10.317  -78.984  27.653 0.0000000000
156849  9.946  -78.646  27.225 0.0000000000
156850  9.604  -78.311  26.822 0.0000000000
156851  9.219  -77.970  26.465 0.0000000000
156852  10.573  -77.966  25.446 0.0000000000
156853  9.704  -77.777  25.792 0.0000000000
156854  8.838  -77.589  26.104 0.0000000000
156855  8.480  -77.195  25.791 0.0000000000
156856  8.156  -76.738  25.463 0.0000000000
156857  7.798  -76.286  25.128 0.0000000000
156858  12.593  -77.277  22.708 0.0000000000
156859  11.722  -77.003  22.986 0.0000000000
156860  10.846  -76.730  23.372 0.0000000000
156861  11.125  -75.789  22.525 0.0000000000
156862  10.520  -76.138  23.079 0.0000000000
156863  9.914  -76.467  23.772 0.0000000000
156864  9.111  -76.229  24.100 0.0000000000
156865  8.307  -75.981  24.468 0.0000000000
156866  7.536  -75.819  24.734 0.0000000000
