#!ascii label  , from subject fsaverage vox2ras=TkReg
1184
14  32.645  18.694  47.165 0.0000000000
109  37.994  15.694  38.372 0.0000000000
215  25.935  15.072  42.674 0.0000000000
242  39.834  20.379  45.545 0.0000000000
366  30.542  8.668  50.335 0.0000000000
379  37.640  10.104  55.153 0.0000000000
695  29.794  16.600  44.666 0.0000000000
722  35.775  20.169  47.993 0.0000000000
1083  39.272  20.608  38.678 0.0000000000
1085  37.216  18.277  34.918 0.0000000000
1587  37.972  22.297  42.036 0.0000000000
1588  41.728  18.431  42.131 0.0000000000
1810  24.750  11.455  44.793 0.0000000000
1811  28.913  12.088  46.214 0.0000000000
1812  32.036  13.986  49.166 0.0000000000
1843  35.207  14.346  51.212 0.0000000000
1844  33.409  9.297  54.220 0.0000000000
2134  39.591  15.795  50.414 0.0000000000
2135  41.787  14.921  46.168 0.0000000000
2136  39.341  12.710  42.234 0.0000000000
3003  39.096  18.127  38.834 0.0000000000
3004  38.525  19.441  36.891 0.0000000000
3005  37.185  17.062  36.831 0.0000000000
3520  23.950  15.100  43.460 0.0000000000
3522  23.801  17.100  42.111 0.0000000000
3603  37.742  22.478  45.654 0.0000000000
3605  38.828  21.391  43.854 0.0000000000
3606  39.944  20.567  42.189 0.0000000000
3607  41.240  19.719  43.865 0.0000000000
3980  28.974  8.224  48.327 0.0000000000
3981  28.230  9.905  46.471 0.0000000000
3982  30.119  10.497  48.113 0.0000000000
3983  30.419  12.847  47.689 0.0000000000
3984  31.628  11.287  50.028 0.0000000000
4051  32.921  11.791  52.031 0.0000000000
4052  31.851  8.794  52.395 0.0000000000
4691  40.335  21.121  33.458 0.0000000000
4703  36.393  12.153  53.478 0.0000000000
4704  37.174  15.123  51.154 0.0000000000
4705  38.700  12.878  52.998 0.0000000000
4709  40.634  13.910  44.160 0.0000000000
5857  27.990  15.707  43.415 0.0000000000
5858  25.975  17.326  41.802 0.0000000000
5908  37.707  20.456  47.353 0.0000000000
6135  29.148  6.584  49.918 0.0000000000
6175  30.338  6.388  51.845 0.0000000000
6559  39.107  21.753  36.762 0.0000000000
6560  38.934  20.712  34.972 0.0000000000
7544  38.757  21.241  40.294 0.0000000000
7545  40.432  19.508  40.519 0.0000000000
7546  40.011  16.899  40.343 0.0000000000
8064  25.630  13.269  43.645 0.0000000000
8065  25.966  9.652  45.383 0.0000000000
8066  27.029  11.567  44.887 0.0000000000
8067  27.687  13.573  44.177 0.0000000000
8068  29.387  14.388  45.490 0.0000000000
8069  31.044  15.463  46.696 0.0000000000
8070  32.588  16.333  47.886 0.0000000000
8155  33.959  16.623  48.950 0.0000000000
8156  33.601  14.370  50.629 0.0000000000
8157  34.563  12.155  53.335 0.0000000000
8158  35.335  9.865  55.222 0.0000000000
8159  31.783  6.366  54.016 0.0000000000
8160  33.671  6.735  55.743 0.0000000000
8161  36.199  7.345  56.105 0.0000000000
8968  35.524  17.144  48.934 0.0000000000
8969  37.630  17.903  49.002 0.0000000000
8970  39.947  18.308  48.000 0.0000000000
8972  41.352  15.813  48.353 0.0000000000
8973  41.768  17.978  45.849 0.0000000000
8974  42.186  16.962  44.030 0.0000000000
8975  40.758  15.636  42.153 0.0000000000
8976  39.119  14.289  40.027 0.0000000000
8984  38.073  11.474  40.222 0.0000000000
8985  37.546  12.932  37.811 0.0000000000
10295  31.950  18.206  46.533 0.0000000000
10322  33.313  19.260  47.615 0.0000000000
10683  38.496  16.903  38.705 0.0000000000
10684  38.087  17.624  37.886 0.0000000000
10685  37.494  16.368  37.678 0.0000000000
10686  36.703  15.757  36.603 0.0000000000
10687  37.176  15.122  37.326 0.0000000000
11200  24.831  15.042  42.829 0.0000000000
11201  23.878  16.081  42.731 0.0000000000
11202  24.888  16.071  42.181 0.0000000000
11283  38.662  21.290  45.585 0.0000000000
11284  38.327  22.011  44.650 0.0000000000
11285  39.424  20.917  44.666 0.0000000000
11286  40.069  20.526  43.830 0.0000000000
11287  40.640  20.083  44.696 0.0000000000
11660  29.754  8.352  49.355 0.0000000000
11661  29.580  9.311  48.287 0.0000000000
11662  30.481  9.614  49.237 0.0000000000
11663  30.889  10.853  49.066 0.0000000000
11664  31.201  9.920  50.220 0.0000000000
11731  31.884  10.044  51.209 0.0000000000
11732  31.248  8.737  51.377 0.0000000000
12383  36.948  11.108  54.316 0.0000000000
12384  37.563  12.476  53.285 0.0000000000
12385  38.214  11.458  53.941 0.0000000000
13600  28.884  16.075  43.996 0.0000000000
13601  28.009  16.886  43.032 0.0000000000
13686  36.803  21.402  47.122 0.0000000000
13687  36.731  20.327  47.771 0.0000000000
14768  38.916  21.499  38.519 0.0000000000
14769  38.853  22.120  37.607 0.0000000000
14770  39.123  21.148  37.745 0.0000000000
14771  37.828  18.897  35.906 0.0000000000
14772  38.589  20.105  35.849 0.0000000000
14773  38.090  19.495  34.908 0.0000000000
14774  38.681  19.918  34.070 0.0000000000
16324  24.893  18.201  41.500 0.0000000000
16571  37.695  23.162  43.049 0.0000000000
16576  38.044  22.084  40.086 0.0000000000
16577  38.322  21.590  41.086 0.0000000000
16578  41.069  19.735  42.202 0.0000000000
16579  40.437  20.094  41.374 0.0000000000
16580  41.126  19.039  41.321 0.0000000000
16581  40.540  18.173  40.459 0.0000000000
16582  41.024  17.629  41.263 0.0000000000
17692  24.181  12.382  44.724 0.0000000000
17693  24.541  13.242  44.096 0.0000000000
17694  25.212  12.336  44.282 0.0000000000
17696  25.413  8.873  45.702 0.0000000000
17697  26.581  8.860  45.955 0.0000000000
17698  28.660  10.968  46.401 0.0000000000
17699  27.667  10.719  45.685 0.0000000000
17700  28.077  11.800  45.470 0.0000000000
17701  27.451  12.561  44.575 0.0000000000
17702  28.332  12.838  45.225 0.0000000000
17703  28.560  13.933  44.810 0.0000000000
17704  29.139  13.203  45.934 0.0000000000
17705  31.240  13.420  48.425 0.0000000000
17706  30.683  14.252  47.263 0.0000000000
17707  31.505  14.762  47.921 0.0000000000
17708  31.829  15.866  47.347 0.0000000000
17709  32.323  15.220  48.491 0.0000000000
17911  33.056  15.398  49.221 0.0000000000
17912  32.812  14.263  49.987 0.0000000000
17913  33.241  10.638  53.263 0.0000000000
17914  33.717  12.114  52.809 0.0000000000
17915  34.096  10.899  53.956 0.0000000000
17916  34.957  11.014  54.372 0.0000000000
17917  34.371  9.656  54.873 0.0000000000
17918  30.026  5.249  52.227 0.0000000000
17919  30.993  6.397  52.939 0.0000000000
17920  30.613  5.157  53.340 0.0000000000
17922  32.562  5.223  55.248 0.0000000000
17923  33.962  5.569  55.519 0.0000000000
17924  35.009  7.074  56.053 0.0000000000
19868  34.480  15.491  50.009 0.0000000000
19869  34.672  16.894  49.056 0.0000000000
19870  35.317  15.724  49.939 0.0000000000
19871  38.381  15.498  50.976 0.0000000000
19872  37.460  16.551  50.016 0.0000000000
19873  38.661  16.880  49.726 0.0000000000
19874  38.774  18.143  48.693 0.0000000000
19875  39.821  17.120  49.199 0.0000000000
19879  41.409  13.873  47.375 0.0000000000
19881  41.837  15.401  47.220 0.0000000000
19882  41.661  16.910  47.046 0.0000000000
19883  42.084  16.502  45.963 0.0000000000
19884  42.173  17.563  44.914 0.0000000000
19885  41.983  16.004  45.036 0.0000000000
19886  39.981  13.293  43.182 0.0000000000
19887  40.771  14.848  43.092 0.0000000000
19888  40.058  14.207  42.075 0.0000000000
19889  39.897  14.937  41.123 0.0000000000
19890  39.384  13.492  41.055 0.0000000000
19912  37.932  12.209  38.957 0.0000000000
23137  30.587  17.090  45.214 0.0000000000
23837  39.479  19.403  38.831 0.0000000000
23838  39.103  19.981  37.938 0.0000000000
23839  38.659  18.760  37.901 0.0000000000
23840  37.826  18.314  36.880 0.0000000000
23841  37.090  17.765  35.888 0.0000000000
24769  22.893  17.186  42.769 0.0000000000
24770  22.826  18.205  42.233 0.0000000000
24919  37.633  23.275  44.876 0.0000000000
24920  37.927  22.647  43.847 0.0000000000
24921  38.282  21.864  42.957 0.0000000000
24922  38.816  21.222  42.038 0.0000000000
24923  39.428  20.876  42.976 0.0000000000
24924  40.650  20.212  43.013 0.0000000000
24925  41.647  19.191  43.001 0.0000000000
25593  24.215  10.628  45.250 0.0000000000
25594  28.008  8.076  47.421 0.0000000000
25595  27.664  8.890  46.517 0.0000000000
25596  28.656  9.066  47.409 0.0000000000
25597  29.238  10.197  47.303 0.0000000000
25598  29.511  11.296  47.186 0.0000000000
25599  29.699  12.479  46.941 0.0000000000
25600  30.287  11.655  47.997 0.0000000000
25601  31.086  12.059  48.815 0.0000000000
25602  31.861  12.610  49.707 0.0000000000
25723  32.564  12.956  50.612 0.0000000000
25724  32.295  11.515  51.002 0.0000000000
25725  32.507  10.267  52.269 0.0000000000
25726  32.552  8.904  53.415 0.0000000000
26875  40.340  22.022  34.264 0.0000000000
26897  35.760  13.241  52.374 0.0000000000
26898  36.102  14.612  51.108 0.0000000000
26899  36.896  13.504  52.235 0.0000000000
26900  38.043  13.985  52.191 0.0000000000
26901  39.221  14.385  51.787 0.0000000000
26906  41.051  13.508  46.264 0.0000000000
26907  41.288  14.467  45.147 0.0000000000
26908  40.435  13.005  45.121 0.0000000000
29023  27.007  15.337  42.947 0.0000000000
29024  25.955  16.198  42.149 0.0000000000
29025  27.016  16.474  42.452 0.0000000000
29144  37.004  22.581  46.498 0.0000000000
29145  37.740  21.503  46.385 0.0000000000
29146  38.802  20.529  46.519 0.0000000000
29672  29.054  7.396  49.256 0.0000000000
29673  29.828  7.591  50.269 0.0000000000
29767  30.420  7.549  51.275 0.0000000000
29768  29.776  6.505  50.829 0.0000000000
30663  39.458  22.322  35.871 0.0000000000
30664  39.051  20.616  36.873 0.0000000000
30665  39.204  21.335  35.855 0.0000000000
30666  39.623  21.751  35.087 0.0000000000
30667  39.593  21.015  34.236 0.0000000000
32772  24.893  17.096  41.742 0.0000000000
32773  23.856  18.158  41.751 0.0000000000
32774  22.910  19.374  41.777 0.0000000000
33093  38.432  21.752  39.241 0.0000000000
33094  39.123  20.970  39.531 0.0000000000
33095  39.326  20.908  41.289 0.0000000000
33096  39.679  20.474  40.512 0.0000000000
33097  39.767  20.061  39.621 0.0000000000
33098  39.984  18.782  39.677 0.0000000000
33099  39.556  17.504  39.655 0.0000000000
33100  38.926  16.301  39.377 0.0000000000
34505  24.757  14.104  43.406 0.0000000000
34506  25.832  14.104  43.160 0.0000000000
34508  24.821  9.711  45.451 0.0000000000
34509  25.349  10.566  45.017 0.0000000000
34510  27.138  9.738  45.804 0.0000000000
34511  26.467  10.566  45.166 0.0000000000
34512  25.905  11.486  44.647 0.0000000000
34513  26.439  12.389  44.194 0.0000000000
34514  26.715  13.313  43.748 0.0000000000
34515  26.912  14.315  43.369 0.0000000000
34516  27.891  14.698  43.766 0.0000000000
34517  28.792  15.095  44.419 0.0000000000
34518  29.627  15.468  45.086 0.0000000000
34519  29.920  13.663  46.576 0.0000000000
34520  30.170  14.839  46.121 0.0000000000
34521  30.460  15.996  45.650 0.0000000000
34522  31.266  16.513  46.183 0.0000000000
34523  31.981  16.946  46.847 0.0000000000
34524  32.718  17.476  47.443 0.0000000000
34771  33.353  17.707  47.991 0.0000000000
34772  33.295  16.560  48.496 0.0000000000
34773  33.740  15.533  49.814 0.0000000000
34774  34.417  14.427  51.010 0.0000000000
34775  33.366  13.193  51.408 0.0000000000
34776  34.155  13.408  52.019 0.0000000000
34777  34.966  13.196  52.322 0.0000000000
34778  35.395  12.175  53.524 0.0000000000
34779  35.901  11.077  54.433 0.0000000000
34780  36.493  9.996  55.215 0.0000000000
34781  31.113  7.538  52.310 0.0000000000
34782  31.773  7.614  53.357 0.0000000000
34783  32.645  7.775  54.326 0.0000000000
34784  31.448  5.149  54.441 0.0000000000
34785  32.585  6.494  54.977 0.0000000000
34786  33.553  8.062  55.171 0.0000000000
34787  34.666  8.361  55.716 0.0000000000
34788  35.869  8.600  55.921 0.0000000000
34789  37.080  8.802  55.822 0.0000000000
37150  34.070  18.069  48.335 0.0000000000
37151  34.859  18.441  48.349 0.0000000000
37152  35.700  18.703  48.384 0.0000000000
37153  36.319  16.073  49.971 0.0000000000
37154  36.527  17.515  49.012 0.0000000000
37155  36.716  18.983  48.386 0.0000000000
37156  37.717  19.315  48.262 0.0000000000
37157  38.830  19.366  47.596 0.0000000000
37158  39.990  19.362  46.709 0.0000000000
37164  40.581  15.855  49.551 0.0000000000
37165  40.858  17.215  48.248 0.0000000000
37166  40.987  18.321  46.897 0.0000000000
37167  41.017  19.206  45.741 0.0000000000
37168  41.655  18.944  44.891 0.0000000000
37169  42.088  18.430  44.002 0.0000000000
37170  41.993  17.732  43.061 0.0000000000
37171  41.555  15.435  44.086 0.0000000000
37172  41.533  16.332  43.096 0.0000000000
37173  41.381  16.988  42.167 0.0000000000
37174  40.421  16.325  41.230 0.0000000000
37175  39.486  15.619  40.203 0.0000000000
37176  38.584  14.976  39.115 0.0000000000
37200  38.723  12.038  41.322 0.0000000000
37201  38.656  12.792  40.037 0.0000000000
37202  38.286  13.526  38.924 0.0000000000
37203  37.750  14.299  38.056 0.0000000000
41015  32.315  18.481  46.844 0.0000000000
41042  32.986  18.949  47.401 0.0000000000
41403  38.213  16.303  38.534 0.0000000000
41404  37.907  16.611  38.131 0.0000000000
41405  37.723  16.020  38.044 0.0000000000
41406  37.305  15.703  37.537 0.0000000000
41407  37.585  15.390  37.880 0.0000000000
41920  25.384  15.036  42.695 0.0000000000
41921  24.881  15.572  42.484 0.0000000000
41922  25.412  15.572  42.370 0.0000000000
42003  39.239  20.854  45.553 0.0000000000
42004  39.059  21.128  45.109 0.0000000000
42005  39.665  20.669  45.103 0.0000000000
42006  40.059  20.529  44.687 0.0000000000
42007  40.272  20.217  45.135 0.0000000000
42380  30.172  8.531  49.806 0.0000000000
42381  30.158  8.990  49.302 0.0000000000
42382  30.509  9.123  49.793 0.0000000000
42383  30.816  9.731  49.693 0.0000000000
42384  30.887  9.271  50.288 0.0000000000
42451  31.281  9.355  50.806 0.0000000000
42452  30.953  8.727  50.856 0.0000000000
43103  37.306  10.597  54.743 0.0000000000
43104  37.560  11.270  54.207 0.0000000000
43105  37.919  10.781  54.555 0.0000000000
44320  29.341  16.311  44.415 0.0000000000
44321  28.925  16.739  43.833 0.0000000000
44406  36.262  20.843  47.715 0.0000000000
44407  36.264  20.262  47.916 0.0000000000
45488  39.143  21.077  38.614 0.0000000000
45489  39.101  21.350  38.139 0.0000000000
45490  39.166  20.862  38.219 0.0000000000
45491  37.469  18.594  35.380 0.0000000000
45492  37.922  19.182  35.409 0.0000000000
45493  37.640  18.868  34.896 0.0000000000
45494  37.889  19.125  34.460 0.0000000000
47291  37.791  22.749  42.553 0.0000000000
47292  37.629  23.380  42.575 0.0000000000
47293  37.750  22.909  42.045 0.0000000000
47295  37.890  22.504  41.524 0.0000000000
47296  37.978  22.130  41.075 0.0000000000
47297  38.128  21.883  41.532 0.0000000000
47298  41.533  19.194  42.162 0.0000000000
47299  41.212  19.452  41.770 0.0000000000
47300  41.492  18.750  41.733 0.0000000000
47301  41.183  18.340  41.276 0.0000000000
47302  41.455  18.028  41.674 0.0000000000
48410  24.177  11.465  44.948 0.0000000000
48412  24.496  11.935  44.705 0.0000000000
48413  24.732  12.372  44.480 0.0000000000
48414  25.031  11.852  44.558 0.0000000000
48416  26.265  8.424  46.025 0.0000000000
48417  26.824  8.378  46.243 0.0000000000
48418  28.803  11.535  46.305 0.0000000000
48419  28.353  11.388  45.916 0.0000000000
48420  28.504  11.910  45.852 0.0000000000
48421  28.217  12.330  45.347 0.0000000000
48422  28.622  12.443  45.718 0.0000000000
48423  28.731  13.031  45.523 0.0000000000
48424  29.007  12.651  46.099 0.0000000000
48425  31.616  13.702  48.821 0.0000000000
48426  31.363  14.102  48.172 0.0000000000
48427  31.746  14.370  48.528 0.0000000000
48428  31.917  14.976  48.224 0.0000000000
48429  32.176  14.635  48.851 0.0000000000
48631  32.546  14.778  49.249 0.0000000000
48632  32.418  14.180  49.547 0.0000000000
48633  33.280  9.890  53.788 0.0000000000
48634  33.627  10.645  53.636 0.0000000000
48635  33.740  10.099  54.099 0.0000000000
48636  34.203  10.227  54.467 0.0000000000
48637  33.820  9.483  54.647 0.0000000000
48639  30.330  5.166  52.739 0.0000000000
50588  34.822  14.926  50.622 0.0000000000
50589  34.865  15.550  49.994 0.0000000000
50590  35.253  15.066  50.564 0.0000000000
50591  38.981  15.592  50.808 0.0000000000
50592  38.528  16.203  50.375 0.0000000000
50593  39.137  16.287  50.141 0.0000000000
50594  39.244  16.965  49.509 0.0000000000
50595  39.705  16.442  49.802 0.0000000000
50599  41.624  14.356  46.826 0.0000000000
50600  41.686  14.615  47.344 0.0000000000
50601  41.895  15.108  46.769 0.0000000000
50602  41.979  15.952  46.571 0.0000000000
50603  42.020  15.680  46.119 0.0000000000
50604  42.094  16.285  45.514 0.0000000000
50605  41.867  15.425  45.569 0.0000000000
50606  39.670  13.007  42.712 0.0000000000
50607  40.036  13.754  42.635 0.0000000000
50608  39.708  13.465  42.135 0.0000000000
50609  39.727  13.854  41.588 0.0000000000
50610  39.400  13.115  41.665 0.0000000000
55088  39.348  18.728  38.842 0.0000000000
55089  39.090  19.032  38.389 0.0000000000
55090  38.860  18.488  38.353 0.0000000000
55091  37.632  17.360  37.353 0.0000000000
55092  37.938  17.967  37.398 0.0000000000
55093  37.483  17.704  36.876 0.0000000000
55094  37.383  18.033  36.378 0.0000000000
55095  37.109  17.423  36.361 0.0000000000
55096  36.781  17.095  35.893 0.0000000000
55097  36.837  16.762  36.313 0.0000000000
56637  23.501  15.637  43.490 0.0000000000
56638  23.816  16.607  42.397 0.0000000000
56639  23.395  16.618  42.721 0.0000000000
56640  23.328  17.144  42.448 0.0000000000
56641  22.815  17.680  42.479 0.0000000000
56642  23.313  17.656  42.177 0.0000000000
56888  37.424  22.985  45.762 0.0000000000
56889  37.431  23.423  45.393 0.0000000000
56890  37.701  22.889  45.278 0.0000000000
56891  38.566  21.687  44.242 0.0000000000
56892  38.121  22.340  44.223 0.0000000000
56893  38.319  21.965  43.807 0.0000000000
56894  38.087  22.236  43.393 0.0000000000
56895  38.545  21.631  43.407 0.0000000000
56896  38.775  21.323  42.957 0.0000000000
56897  39.105  21.101  43.368 0.0000000000
56898  40.703  20.144  43.837 0.0000000000
56899  40.385  20.391  43.448 0.0000000000
56900  40.967  19.959  43.427 0.0000000000
56901  41.171  19.745  42.996 0.0000000000
56902  41.448  19.485  43.415 0.0000000000
58015  28.494  8.090  47.854 0.0000000000
58016  28.321  8.623  47.442 0.0000000000
58017  28.777  8.635  47.882 0.0000000000
58018  29.855  9.878  48.209 0.0000000000
58019  29.425  9.733  47.794 0.0000000000
58020  29.674  10.291  47.723 0.0000000000
58021  29.420  10.784  47.260 0.0000000000
58022  29.839  10.873  47.653 0.0000000000
58023  29.935  11.471  47.585 0.0000000000
58024  30.228  11.076  48.080 0.0000000000
58025  31.299  11.088  49.485 0.0000000000
58026  30.999  11.441  48.948 0.0000000000
58027  31.411  11.728  49.410 0.0000000000
58028  31.464  12.389  49.260 0.0000000000
58029  31.761  11.960  49.883 0.0000000000
58231  32.114  12.118  50.258 0.0000000000
58232  31.992  11.426  50.443 0.0000000000
58233  31.927  9.472  51.866 0.0000000000
58234  32.194  10.181  51.809 0.0000000000
58235  32.217  9.493  52.342 0.0000000000
58236  32.521  9.672  52.890 0.0000000000
58237  32.180  8.856  52.928 0.0000000000
60151  40.386  21.552  33.874 0.0000000000
60153  40.770  21.581  33.494 0.0000000000
60188  36.071  12.659  52.979 0.0000000000
60189  36.306  13.318  52.259 0.0000000000
60190  36.663  12.791  52.851 0.0000000000
60191  38.133  12.700  53.140 0.0000000000
60192  37.824  13.228  52.729 0.0000000000
60193  38.402  13.449  52.645 0.0000000000
60194  38.634  14.205  52.095 0.0000000000
60195  38.995  13.701  52.403 0.0000000000
60204  40.738  13.230  45.712 0.0000000000
63835  27.515  15.502  43.147 0.0000000000
63836  27.034  15.918  42.692 0.0000000000
63837  27.525  16.063  42.917 0.0000000000
64098  37.211  20.869  47.231 0.0000000000
64099  37.259  21.449  46.800 0.0000000000
64100  37.716  20.961  46.878 0.0000000000
64101  38.257  20.987  46.449 0.0000000000
64102  38.240  20.502  46.920 0.0000000000
65226  28.716  6.929  49.107 0.0000000000
65227  29.049  6.957  49.583 0.0000000000
65228  29.433  7.458  49.754 0.0000000000
65229  29.486  7.069  50.123 0.0000000000
65431  29.834  7.001  50.619 0.0000000000
65432  29.449  6.497  50.353 0.0000000000
67346  39.001  21.953  37.185 0.0000000000
67348  39.111  22.247  36.648 0.0000000000
67350  39.233  22.050  36.299 0.0000000000
67351  38.848  19.672  37.411 0.0000000000
67352  39.064  20.264  37.396 0.0000000000
67353  38.848  19.992  36.892 0.0000000000
67354  38.706  20.435  35.394 0.0000000000
67355  38.895  20.717  35.909 0.0000000000
67356  39.076  21.017  35.455 0.0000000000
67357  39.374  21.553  35.492 0.0000000000
67358  39.320  21.230  35.055 0.0000000000
67359  39.609  21.390  34.652 0.0000000000
67360  39.222  20.876  34.603 0.0000000000
67362  39.010  20.044  33.716 0.0000000000
72003  25.964  16.738  41.974 0.0000000000
72004  25.449  16.643  41.953 0.0000000000
72005  25.435  17.199  41.761 0.0000000000
72006  24.387  18.698  41.478 0.0000000000
72007  24.371  18.088  41.572 0.0000000000
72008  23.879  18.698  41.598 0.0000000000
72009  23.365  18.782  41.764 0.0000000000
72010  23.436  19.311  41.559 0.0000000000
72768  38.346  21.636  40.159 0.0000000000
72769  38.232  21.904  39.639 0.0000000000
72770  38.564  21.470  39.769 0.0000000000
72771  38.730  21.332  39.426 0.0000000000
72772  38.955  21.091  39.945 0.0000000000
72773  39.405  20.858  42.135 0.0000000000
72774  39.072  21.039  41.667 0.0000000000
72775  39.647  20.723  41.757 0.0000000000
72776  40.453  19.823  40.943 0.0000000000
72777  40.041  20.262  40.955 0.0000000000
72778  40.098  20.043  40.493 0.0000000000
72779  39.784  20.304  40.058 0.0000000000
72780  40.078  19.791  40.053 0.0000000000
72781  39.934  19.476  39.673 0.0000000000
72782  40.240  19.187  40.114 0.0000000000
72783  40.336  17.512  40.426 0.0000000000
72784  40.086  17.799  40.055 0.0000000000
72785  39.777  17.171  39.986 0.0000000000
72786  39.232  16.888  39.545 0.0000000000
72787  39.489  16.626  39.898 0.0000000000
76115  25.067  13.245  43.812 0.0000000000
76116  24.656  13.664  43.745 0.0000000000
76117  25.181  13.693  43.512 0.0000000000
76118  25.238  14.189  43.234 0.0000000000
76119  25.751  13.660  43.401 0.0000000000
76123  25.735  9.273  45.492 0.0000000000
76124  25.098  9.313  45.529 0.0000000000
76125  25.366  9.668  45.360 0.0000000000
76126  25.101  10.105  45.222 0.0000000000
76127  25.633  10.068  45.244 0.0000000000
76128  27.964  9.428  46.513 0.0000000000
76129  27.419  9.298  46.114 0.0000000000
76130  27.719  9.779  46.053 0.0000000000
76131  27.337  11.139  45.237 0.0000000000
76132  27.065  10.627  45.368 0.0000000000
76133  26.750  11.049  45.058 0.0000000000
76134  26.187  10.970  44.880 0.0000000000
76135  26.464  11.482  44.745 0.0000000000
76136  26.186  11.924  44.405 0.0000000000
76137  26.716  11.974  44.562 0.0000000000
76138  27.590  13.070  44.397 0.0000000000
76139  27.102  12.992  44.172 0.0000000000
76140  27.213  13.444  43.977 0.0000000000
76141  26.809  13.821  43.548 0.0000000000
76142  27.316  13.950  43.755 0.0000000000
76143  27.396  14.485  43.543 0.0000000000
76144  27.791  14.146  43.981 0.0000000000
76145  28.986  14.159  45.144 0.0000000000
76146  28.673  14.511  44.610 0.0000000000
76147  29.088  14.726  44.946 0.0000000000
76148  29.177  15.263  44.753 0.0000000000
76149  29.512  14.970  45.285 0.0000000000
76150  30.068  12.676  47.323 0.0000000000
76151  29.790  13.085  46.785 0.0000000000
76152  30.164  13.274  47.119 0.0000000000
76153  30.858  14.889  46.986 0.0000000000
76154  30.455  14.590  46.693 0.0000000000
76155  30.626  15.227  46.441 0.0000000000
76156  30.332  15.427  45.884 0.0000000000
76157  30.786  15.760  46.156 0.0000000000
76158  30.895  16.283  45.901 0.0000000000
76159  31.181  16.012  46.432 0.0000000000
76160  32.189  15.996  47.617 0.0000000000
76161  31.951  16.403  47.080 0.0000000000
76162  32.284  16.600  47.397 0.0000000000
76163  32.350  17.218  47.195 0.0000000000
76164  32.682  16.878  47.675 0.0000000000
76771  33.026  17.035  48.026 0.0000000000
76772  32.962  16.471  48.281 0.0000000000
76773  33.294  14.913  49.879 0.0000000000
76774  33.402  15.458  49.474 0.0000000000
76775  33.673  14.956  50.226 0.0000000000
76776  34.048  14.998  50.384 0.0000000000
76777  34.019  14.435  50.829 0.0000000000
76778  32.808  12.444  51.263 0.0000000000
76779  32.958  13.174  51.005 0.0000000000
76780  33.157  12.516  51.754 0.0000000000
76781  34.175  12.109  53.133 0.0000000000
76782  33.946  12.832  52.447 0.0000000000
76783  34.360  12.735  52.705 0.0000000000
76784  34.520  13.290  52.228 0.0000000000
76785  34.782  12.709  52.883 0.0000000000
76786  35.155  12.721  52.962 0.0000000000
76787  34.967  12.161  53.480 0.0000000000
76788  35.142  10.471  54.806 0.0000000000
76789  35.446  11.120  54.431 0.0000000000
76790  35.615  10.492  54.854 0.0000000000
76791  36.166  10.493  54.895 0.0000000000
76792  35.894  9.906  55.295 0.0000000000
76793  30.417  7.022  51.598 0.0000000000
76794  30.787  7.587  51.813 0.0000000000
76795  30.712  6.948  52.125 0.0000000000
76796  31.388  6.361  53.494 0.0000000000
76797  31.365  6.975  53.172 0.0000000000
76798  31.819  6.998  53.757 0.0000000000
76799  32.208  7.665  53.872 0.0000000000
76800  32.249  7.060  54.227 0.0000000000
76804  33.128  5.951  55.552 0.0000000000
76805  32.502  5.883  55.261 0.0000000000
76806  33.077  6.611  55.411 0.0000000000
76807  33.109  7.258  55.142 0.0000000000
76808  33.632  7.401  55.488 0.0000000000
76809  34.149  8.204  55.498 0.0000000000
76810  34.175  7.517  55.791 0.0000000000
76811  35.564  7.211  56.066 0.0000000000
76812  35.440  7.813  56.061 0.0000000000
76813  36.013  7.963  56.064 0.0000000000
76814  36.453  8.728  55.907 0.0000000000
76815  36.666  8.050  56.007 0.0000000000
76816  37.284  8.147  55.887 0.0000000000
82643  33.663  17.180  48.462 0.0000000000
82644  33.723  17.891  48.185 0.0000000000
82645  34.031  17.290  48.598 0.0000000000
82646  35.106  17.033  48.991 0.0000000000
82647  34.772  17.654  48.661 0.0000000000
82648  35.211  17.796  48.657 0.0000000000
82649  35.267  18.596  48.409 0.0000000000
82650  35.613  17.926  48.612 0.0000000000
82651  36.622  14.901  51.137 0.0000000000
82652  36.221  15.342  50.519 0.0000000000
82653  36.736  15.653  50.564 0.0000000000
82654  37.563  17.226  49.486 0.0000000000
82655  36.951  17.027  49.460 0.0000000000
82656  37.064  17.743  49.035 0.0000000000
82657  36.633  18.247  48.635 0.0000000000
82658  37.156  18.432  48.645 0.0000000000
82659  37.202  19.149  48.305 0.0000000000
82660  37.671  18.573  48.604 0.0000000000
82661  39.397  18.237  48.342 0.0000000000
82662  38.813  18.793  48.172 0.0000000000
82663  39.409  18.818  47.795 0.0000000000
82664  39.401  19.368  47.183 0.0000000000
82665  39.982  18.837  47.348 0.0000000000
82677  41.444  15.071  48.393 0.0000000000
82679  41.168  15.139  49.035 0.0000000000
82680  40.841  15.165  49.636 0.0000000000
82681  41.053  15.821  49.000 0.0000000000
82682  40.716  16.534  48.912 0.0000000000
82683  41.165  16.498  48.313 0.0000000000
82684  41.763  17.469  46.385 0.0000000000
82685  41.386  17.632  46.954 0.0000000000
82686  41.444  18.170  46.317 0.0000000000
82687  41.025  18.764  46.283 0.0000000000
82688  41.467  18.641  45.758 0.0000000000
82689  41.390  19.086  45.319 0.0000000000
82690  41.750  18.487  45.360 0.0000000000
82691  42.230  17.254  44.514 0.0000000000
82692  42.181  18.021  44.468 0.0000000000
82693  42.187  17.713  44.019 0.0000000000
82694  42.109  18.093  43.510 0.0000000000
82695  42.076  17.377  43.544 0.0000000000
82696  40.971  14.220  44.639 0.0000000000
82697  41.424  14.923  44.621 0.0000000000
82698  41.100  14.687  44.116 0.0000000000
82699  40.811  15.262  42.619 0.0000000000
82700  41.216  15.583  43.063 0.0000000000
82701  41.202  15.998  42.586 0.0000000000
82702  41.506  16.705  42.611 0.0000000000
82703  41.064  16.358  42.149 0.0000000000
82704  40.919  16.661  41.685 0.0000000000
82705  40.616  16.002  41.685 0.0000000000
82706  39.506  14.607  40.571 0.0000000000
82707  39.706  15.273  40.664 0.0000000000
82708  39.292  14.960  40.104 0.0000000000
82709  39.040  15.282  39.663 0.0000000000
82710  38.867  14.641  39.558 0.0000000000
82771  38.425  11.749  40.786 0.0000000000
82772  38.728  12.438  40.705 0.0000000000
82773  38.367  12.095  40.186 0.0000000000
82774  37.720  12.526  38.361 0.0000000000
82775  38.098  12.832  38.880 0.0000000000
82776  37.938  13.224  38.370 0.0000000000
82777  38.024  13.942  38.494 0.0000000000
82778  37.628  13.617  37.925 0.0000000000
82779  37.329  14.003  37.555 0.0000000000
82780  37.272  13.331  37.393 0.0000000000
92308  33.687  19.491  47.793 0.0000000000
92957  38.788  17.530  38.816 0.0000000000
92958  38.585  17.923  38.358 0.0000000000
92959  38.248  17.262  38.346 0.0000000000
92960  37.765  16.990  37.769 0.0000000000
92961  37.327  16.725  37.266 0.0000000000
92962  36.932  16.420  36.726 0.0000000000
92963  37.063  16.060  37.155 0.0000000000
92964  36.883  15.435  36.979 0.0000000000
92965  36.779  14.776  36.829 0.0000000000
93886  24.364  15.032  43.127 0.0000000000
93887  23.914  15.602  43.059 0.0000000000
93888  24.370  15.577  42.797 0.0000000000
93889  24.319  16.093  42.435 0.0000000000
93890  24.339  16.536  42.157 0.0000000000
94037  38.161  21.925  45.557 0.0000000000
94038  38.065  22.336  45.108 0.0000000000
94039  38.524  21.663  45.115 0.0000000000
94040  38.828  21.409  44.678 0.0000000000
94041  39.136  21.157  44.264 0.0000000000
94042  39.435  20.891  43.794 0.0000000000
94043  39.749  20.713  44.235 0.0000000000
94044  40.370  20.329  44.254 0.0000000000
94045  40.932  19.899  44.251 0.0000000000
94714  29.328  8.284  48.858 0.0000000000
94715  29.293  8.766  48.317 0.0000000000
94716  29.679  8.847  48.850 0.0000000000
94717  30.028  9.444  48.762 0.0000000000
94718  30.285  10.073  48.690 0.0000000000
94719  30.468  10.688  48.614 0.0000000000
94720  30.726  10.228  49.156 0.0000000000
94721  31.086  10.406  49.581 0.0000000000
94722  31.455  10.589  50.140 0.0000000000
94843  31.784  10.716  50.596 0.0000000000
94844  31.550  10.022  50.714 0.0000000000
94845  31.599  9.354  51.304 0.0000000000
94846  31.600  8.795  51.905 0.0000000000
96017  36.632  11.647  53.946 0.0000000000
96018  36.954  12.317  53.362 0.0000000000
96019  37.222  11.765  53.773 0.0000000000
96020  37.847  11.960  53.648 0.0000000000
96021  38.470  12.115  53.479 0.0000000000
98206  28.444  15.867  43.699 0.0000000000
98207  28.003  16.299  43.213 0.0000000000
98208  28.479  16.457  43.474 0.0000000000
98363  36.302  21.410  47.397 0.0000000000
98364  36.754  20.859  47.455 0.0000000000
98365  37.217  20.391  47.555 0.0000000000
100310  38.659  21.880  38.452 0.0000000000
100312  38.869  21.764  38.093 0.0000000000
100313  39.031  21.633  37.671 0.0000000000
100314  39.095  21.458  37.238 0.0000000000
100315  38.182  19.227  36.352 0.0000000000
100316  38.577  19.751  36.361 0.0000000000
100317  38.242  19.507  35.883 0.0000000000
100318  38.339  19.805  35.404 0.0000000000
100319  38.518  20.125  34.922 0.0000000000
100320  38.813  20.340  34.519 0.0000000000
100321  38.370  19.737  34.472 0.0000000000
100322  38.162  19.338  34.048 0.0000000000
103107  25.955  17.842  41.700 0.0000000000
103108  25.427  17.733  41.615 0.0000000000
103555  37.673  23.564  43.568 0.0000000000
103565  37.899  22.363  40.553 0.0000000000
103566  38.150  21.829  40.603 0.0000000000
103567  38.549  21.397  40.727 0.0000000000
103568  40.515  20.208  42.211 0.0000000000
103569  40.202  20.369  41.794 0.0000000000
103570  40.741  19.945  41.795 0.0000000000
103571  40.820  19.631  41.367 0.0000000000
103572  40.759  19.284  40.932 0.0000000000
103573  40.525  18.898  40.519 0.0000000000
103574  40.884  18.627  40.883 0.0000000000
103575  40.799  17.931  40.876 0.0000000000
103576  40.562  17.257  40.823 0.0000000000
105574  24.404  12.800  44.434 0.0000000000
105575  24.922  12.790  44.186 0.0000000000
105576  25.413  12.796  43.971 0.0000000000
105580  26.012  8.842  45.754 0.0000000000
105581  26.306  9.212  45.614 0.0000000000
105582  28.472  10.410  46.436 0.0000000000
105583  27.982  10.297  46.018 0.0000000000
105584  28.176  10.845  45.973 0.0000000000
105585  27.891  11.236  45.614 0.0000000000
105586  27.561  11.633  45.120 0.0000000000
105587  27.276  12.068  44.722 0.0000000000
105588  27.752  12.155  44.988 0.0000000000
105589  27.911  12.682  44.844 0.0000000000
105590  28.007  13.208  44.667 0.0000000000
105591  28.101  13.748  44.494 0.0000000000
105592  28.451  13.397  45.025 0.0000000000
105593  28.843  13.626  45.339 0.0000000000
105594  29.271  13.795  45.707 0.0000000000
105595  30.830  13.172  48.082 0.0000000000
105596  30.534  13.549  47.485 0.0000000000
105597  30.984  13.870  47.830 0.0000000000
105598  31.134  14.504  47.575 0.0000000000
105599  31.292  15.097  47.304 0.0000000000
105600  31.443  15.643  47.023 0.0000000000
105601  31.672  15.321  47.624 0.0000000000
105602  32.081  15.518  47.917 0.0000000000
105603  32.463  15.778  48.160 0.0000000000
105967  32.867  15.899  48.542 0.0000000000
105968  32.707  15.329  48.936 0.0000000000
105969  32.936  14.839  49.604 0.0000000000
105970  33.204  14.296  50.291 0.0000000000
105971  33.126  11.232  52.624 0.0000000000
105972  33.365  12.064  52.423 0.0000000000
105973  33.472  11.310  53.106 0.0000000000
105974  33.938  11.401  53.422 0.0000000000
105975  34.349  11.547  53.685 0.0000000000
105976  34.745  11.600  53.924 0.0000000000
105977  34.530  10.947  54.218 0.0000000000
105978  34.652  10.340  54.682 0.0000000000
105979  34.819  9.762  55.118 0.0000000000
105980  30.229  5.833  52.085 0.0000000000
105981  30.661  6.382  52.387 0.0000000000
105982  30.537  5.788  52.625 0.0000000000
105983  30.919  5.744  53.133 0.0000000000
105984  31.220  5.733  53.732 0.0000000000
105988  33.297  5.371  55.422 0.0000000000
105989  33.830  6.061  55.797 0.0000000000
105990  34.355  6.866  55.952 0.0000000000
105991  34.484  6.300  55.876 0.0000000000
105992  35.097  6.474  55.907 0.0000000000
109490  34.176  16.070  49.531 0.0000000000
109491  34.295  16.759  49.067 0.0000000000
109492  34.553  16.169  49.517 0.0000000000
109493  34.950  16.227  49.453 0.0000000000
109494  35.424  16.410  49.366 0.0000000000
109495  37.772  15.324  51.157 0.0000000000
109496  37.320  15.868  50.536 0.0000000000
109497  37.894  16.026  50.549 0.0000000000
109498  38.032  16.680  49.975 0.0000000000
109499  38.137  17.327  49.455 0.0000000000
109500  38.200  18.062  48.904 0.0000000000
109501  38.726  17.499  49.181 0.0000000000
109502  39.347  17.630  48.917 0.0000000000
109503  39.892  17.740  48.641 0.0000000000
109511  41.481  14.154  47.881 0.0000000000
109512  41.623  14.894  47.853 0.0000000000
109513  41.613  15.694  47.755 0.0000000000
109514  41.522  16.395  47.685 0.0000000000
109515  41.782  16.187  47.169 0.0000000000
109516  41.928  16.749  46.496 0.0000000000
109517  42.002  17.286  45.899 0.0000000000
109518  42.020  17.793  45.375 0.0000000000
109519  42.139  17.017  45.402 0.0000000000
109520  42.186  16.773  45.005 0.0000000000
109521  42.102  16.526  44.530 0.0000000000
109522  40.314  13.577  43.662 0.0000000000
109523  40.723  14.352  43.664 0.0000000000
109524  40.380  14.061  43.116 0.0000000000
109525  40.412  14.539  42.577 0.0000000000
109526  40.412  14.942  42.087 0.0000000000
109527  40.329  15.304  41.647 0.0000000000
109528  40.037  14.541  41.564 0.0000000000
109529  39.665  14.231  41.063 0.0000000000
109530  39.306  13.892  40.534 0.0000000000
109568  37.993  11.844  39.603 0.0000000000
115423  30.172  16.890  44.927 0.0000000000
115546  35.335  20.104  48.022 0.0000000000
117059  39.412  20.022  38.784 0.0000000000
117060  39.250  20.325  38.332 0.0000000000
117061  39.284  19.695  38.370 0.0000000000
117062  38.905  19.335  37.927 0.0000000000
117063  38.558  19.098  37.417 0.0000000000
117064  38.384  18.226  37.899 0.0000000000
117065  38.246  18.540  37.403 0.0000000000
117066  38.178  18.876  36.903 0.0000000000
117067  37.789  18.615  36.402 0.0000000000
117068  37.370  18.320  35.876 0.0000000000
117069  37.118  18.051  35.399 0.0000000000
119229  23.465  16.109  43.090 0.0000000000
119233  22.371  18.309  42.653 0.0000000000
119234  22.412  18.819  42.335 0.0000000000
119583  37.563  23.571  44.487 0.0000000000
119584  37.910  22.639  44.708 0.0000000000
119585  37.793  22.970  44.344 0.0000000000
119586  37.708  23.286  43.966 0.0000000000
119587  37.800  22.905  43.480 0.0000000000
119588  37.912  22.496  42.985 0.0000000000
119589  38.081  22.085  42.515 0.0000000000
119590  38.288  21.676  42.019 0.0000000000
119591  38.513  21.500  42.490 0.0000000000
119592  39.104  21.058  42.517 0.0000000000
119593  39.745  20.717  42.600 0.0000000000
119594  39.721  20.689  43.376 0.0000000000
119595  40.070  20.570  43.036 0.0000000000
119596  40.299  20.427  42.608 0.0000000000
119597  40.873  19.997  42.610 0.0000000000
119598  41.374  19.483  42.603 0.0000000000
119599  41.759  18.873  42.560 0.0000000000
121155  24.482  11.062  44.984 0.0000000000
121156  27.544  7.983  46.888 0.0000000000
121157  27.363  8.415  46.530 0.0000000000
121158  27.865  8.454  46.912 0.0000000000
121159  28.166  8.941  46.911 0.0000000000
121160  28.489  9.473  46.883 0.0000000000
121161  29.076  9.184  47.866 0.0000000000
121162  28.968  9.622  47.352 0.0000000000
121163  28.797  9.986  46.872 0.0000000000
121164  29.014  10.576  46.802 0.0000000000
121165  29.165  11.151  46.739 0.0000000000
121166  29.255  11.709  46.690 0.0000000000
121167  29.299  12.253  46.575 0.0000000000
121168  29.609  11.869  47.075 0.0000000000
121169  29.992  12.080  47.484 0.0000000000
121170  30.334  12.246  47.876 0.0000000000
121171  30.604  11.269  48.534 0.0000000000
121172  30.701  11.821  48.431 0.0000000000
121173  30.748  12.471  48.279 0.0000000000
121174  31.151  12.728  48.673 0.0000000000
121175  31.530  13.046  49.066 0.0000000000
121176  31.926  13.309  49.451 0.0000000000
121459  32.351  13.513  49.836 0.0000000000
121460  32.231  12.813  50.056 0.0000000000
121461  32.441  12.243  50.835 0.0000000000
121462  32.626  11.717  51.485 0.0000000000
121463  32.110  10.770  51.119 0.0000000000
121464  32.429  10.981  51.672 0.0000000000
121465  32.742  11.055  52.179 0.0000000000
121466  32.851  10.413  52.769 0.0000000000
121467  32.906  9.716  53.358 0.0000000000
121468  32.919  9.135  53.904 0.0000000000
124199  35.452  13.859  51.810 0.0000000000
124200  35.603  14.514  51.180 0.0000000000
124201  35.939  13.935  51.730 0.0000000000
124202  36.499  14.084  51.688 0.0000000000
124203  37.058  14.299  51.677 0.0000000000
124204  37.227  12.985  52.808 0.0000000000
124205  37.433  13.807  52.228 0.0000000000
124206  37.651  14.622  51.704 0.0000000000
124207  38.248  14.765  51.571 0.0000000000
124208  38.809  14.957  51.451 0.0000000000
124209  39.411  15.075  51.119 0.0000000000
124219  41.279  13.713  46.760 0.0000000000
124220  41.439  14.178  46.269 0.0000000000
124221  41.552  14.668  45.711 0.0000000000
124222  41.181  13.983  45.706 0.0000000000
124223  40.864  13.761  45.164 0.0000000000
124224  40.530  13.473  44.666 0.0000000000
124226  40.131  12.766  44.571 0.0000000000
124227  40.197  13.216  44.154 0.0000000000
124228  39.869  12.895  43.638 0.0000000000
124229  39.550  12.582  43.212 0.0000000000
124230  39.231  12.282  42.815 0.0000000000
129241  26.478  15.224  42.788 0.0000000000
129242  25.951  15.665  42.395 0.0000000000
129243  26.501  15.743  42.426 0.0000000000
129244  26.508  16.317  42.278 0.0000000000
129245  26.497  16.829  42.070 0.0000000000
129246  27.529  16.654  42.735 0.0000000000
129247  27.016  17.078  42.333 0.0000000000
129248  26.487  17.382  41.940 0.0000000000
129573  37.089  23.108  46.195 0.0000000000
129574  37.393  22.520  46.079 0.0000000000
129575  36.918  22.000  46.792 0.0000000000
129576  37.314  22.005  46.429 0.0000000000
129577  37.765  22.017  46.022 0.0000000000
129578  38.216  21.463  46.004 0.0000000000
129579  38.758  20.936  46.038 0.0000000000
129580  39.352  20.432  46.050 0.0000000000
131000  28.160  7.612  47.789 0.0000000000
131001  28.627  7.732  48.281 0.0000000000
131003  28.678  7.293  48.729 0.0000000000
131004  28.989  7.782  48.805 0.0000000000
131005  29.393  7.865  49.335 0.0000000000
131006  29.806  7.962  49.792 0.0000000000
131007  30.180  8.132  50.360 0.0000000000
131263  30.558  8.109  50.852 0.0000000000
131264  30.170  7.524  50.773 0.0000000000
131265  30.157  7.034  51.078 0.0000000000
131266  30.068  6.499  51.341 0.0000000000
131268  29.665  5.946  51.013 0.0000000000
131269  29.954  5.866  51.542 0.0000000000
131270  29.764  5.300  51.739 0.0000000000
133696  39.159  20.621  37.859 0.0000000000
133697  39.136  20.911  37.322 0.0000000000
133698  39.133  21.241  36.828 0.0000000000
133699  38.873  20.336  36.395 0.0000000000
133700  39.081  21.009  36.354 0.0000000000
133701  39.200  21.549  36.366 0.0000000000
133702  39.337  21.844  35.930 0.0000000000
133703  39.548  22.087  35.495 0.0000000000
133704  39.874  22.257  35.106 0.0000000000
133705  39.959  21.915  34.692 0.0000000000
133706  40.008  21.493  34.268 0.0000000000
133707  39.977  21.103  33.858 0.0000000000
133708  39.144  20.510  34.145 0.0000000000
133709  39.487  20.604  33.783 0.0000000000
133710  39.830  20.605  33.423 0.0000000000
133742  37.942  9.516  55.368 0.0000000000
133743  38.267  10.186  54.879 0.0000000000
139524  25.446  16.112  42.098 0.0000000000
139525  24.880  16.567  41.950 0.0000000000
139526  24.343  17.048  41.936 0.0000000000
139527  24.877  17.673  41.615 0.0000000000
139528  24.339  17.585  41.721 0.0000000000
139529  23.833  17.625  41.929 0.0000000000
139530  23.325  18.254  41.971 0.0000000000
139531  22.842  18.798  42.016 0.0000000000
140461  38.400  22.008  38.781 0.0000000000
140462  38.671  21.593  38.919 0.0000000000
140463  38.977  21.212  39.027 0.0000000000
140464  39.280  20.842  39.093 0.0000000000
140465  38.550  21.390  41.580 0.0000000000
140466  38.779  21.209  41.205 0.0000000000
140467  38.986  21.080  40.803 0.0000000000
140468  39.915  20.509  41.372 0.0000000000
140469  39.535  20.676  40.913 0.0000000000
140470  39.216  20.886  40.435 0.0000000000
140471  39.372  20.729  40.032 0.0000000000
140472  39.495  20.574  39.584 0.0000000000
140473  39.489  20.327  39.174 0.0000000000
140474  39.645  19.753  39.234 0.0000000000
140475  39.707  19.089  39.278 0.0000000000
140476  39.602  18.396  39.277 0.0000000000
140477  40.266  18.473  40.060 0.0000000000
140478  39.814  18.101  39.677 0.0000000000
140479  39.309  17.787  39.268 0.0000000000
140480  39.010  17.189  39.193 0.0000000000
140481  38.709  16.594  39.037 0.0000000000
140482  38.481  15.983  38.878 0.0000000000
144546  23.908  14.652  43.833 0.0000000000
144547  24.233  13.710  44.054 0.0000000000
144548  24.299  14.137  43.711 0.0000000000
144549  24.341  14.616  43.401 0.0000000000
144550  24.800  14.568  43.121 0.0000000000
144551  25.309  14.585  42.998 0.0000000000
144552  25.880  14.575  42.906 0.0000000000
144559  24.501  10.173  45.394 0.0000000000
144560  24.739  10.532  45.184 0.0000000000
144561  25.072  11.010  44.912 0.0000000000
144562  27.109  8.836  46.189 0.0000000000
144563  26.851  9.260  45.884 0.0000000000
144564  26.568  9.676  45.576 0.0000000000
144565  27.408  10.189  45.741 0.0000000000
144566  26.818  10.149  45.503 0.0000000000
144567  26.198  10.096  45.286 0.0000000000
144568  25.919  10.520  45.050 0.0000000000
144569  25.620  11.036  44.825 0.0000000000
144570  25.289  11.455  44.731 0.0000000000
144571  25.514  11.875  44.512 0.0000000000
144572  25.748  12.385  44.213 0.0000000000
144573  25.973  12.829  43.945 0.0000000000
144574  26.925  12.458  44.383 0.0000000000
144575  26.599  12.855  43.976 0.0000000000
144576  26.151  13.265  43.679 0.0000000000
144577  26.265  13.733  43.369 0.0000000000
144578  26.342  14.227  43.140 0.0000000000
144579  26.433  14.741  42.972 0.0000000000
144580  26.959  14.814  43.146 0.0000000000
144581  27.471  15.029  43.366 0.0000000000
144582  27.948  15.199  43.580 0.0000000000
144583  28.222  14.315  44.301 0.0000000000
144584  28.299  14.825  44.119 0.0000000000
144585  28.376  15.340  43.923 0.0000000000
144586  28.850  15.564  44.175 0.0000000000
144587  29.270  15.793  44.574 0.0000000000
144588  29.738  16.028  44.868 0.0000000000
144589  29.413  12.825  46.422 0.0000000000
144590  29.548  13.426  46.253 0.0000000000
144591  29.643  14.016  46.073 0.0000000000
144592  30.280  13.900  46.917 0.0000000000
144593  30.057  14.237  46.356 0.0000000000
144594  29.776  14.605  45.828 0.0000000000
144595  29.924  15.179  45.567 0.0000000000
144596  30.087  15.763  45.306 0.0000000000
144597  30.164  16.335  45.114 0.0000000000
144598  30.548  16.567  45.404 0.0000000000
144599  30.952  16.801  45.689 0.0000000000
144600  31.340  17.026  45.954 0.0000000000
144601  31.565  16.164  46.767 0.0000000000
144602  31.619  16.697  46.534 0.0000000000
144603  31.638  17.272  46.321 0.0000000000
144604  31.981  17.566  46.667 0.0000000000
144605  32.381  17.807  47.003 0.0000000000
144606  32.702  18.075  47.279 0.0000000000
145339  33.054  18.206  47.527 0.0000000000
145340  33.052  17.575  47.723 0.0000000000
145341  33.335  17.120  48.223 0.0000000000
145342  33.610  16.589  48.790 0.0000000000
145343  33.178  15.964  48.843 0.0000000000
145344  33.511  16.004  49.125 0.0000000000
145345  33.858  16.093  49.346 0.0000000000
145346  34.100  15.539  49.948 0.0000000000
145347  34.515  14.967  50.505 0.0000000000
145348  34.782  14.365  51.159 0.0000000000
145349  32.685  13.630  50.328 0.0000000000
145350  33.096  13.714  50.668 0.0000000000
145351  33.505  13.798  51.004 0.0000000000
145352  33.530  12.764  52.121 0.0000000000
145353  33.751  13.319  51.732 0.0000000000
145354  33.917  13.878  51.280 0.0000000000
145355  34.304  13.910  51.505 0.0000000000
145356  34.690  13.777  51.682 0.0000000000
145357  35.098  13.742  51.764 0.0000000000
145358  35.327  13.264  52.400 0.0000000000
145359  35.602  12.672  52.934 0.0000000000
145360  35.860  12.131  53.536 0.0000000000
145361  35.192  11.607  53.991 0.0000000000
145362  35.650  11.639  54.028 0.0000000000
145363  36.178  11.637  53.957 0.0000000000
145364  36.381  11.065  54.436 0.0000000000
145365  36.733  10.568  54.772 0.0000000000
145366  37.057  10.052  55.203 0.0000000000
145367  30.849  8.137  51.381 0.0000000000
145368  31.181  8.165  51.937 0.0000000000
145369  31.493  8.156  52.397 0.0000000000
145370  31.060  6.948  52.635 0.0000000000
145371  31.369  7.506  52.813 0.0000000000
145372  31.801  8.105  52.914 0.0000000000
145373  32.190  8.281  53.448 0.0000000000
145374  32.554  8.378  53.937 0.0000000000
145375  33.037  8.508  54.298 0.0000000000
145377  31.009  5.156  53.898 0.0000000000
145378  31.644  5.793  54.291 0.0000000000
145379  31.906  5.178  54.901 0.0000000000
145380  32.014  5.752  54.736 0.0000000000
145381  32.180  6.380  54.534 0.0000000000
145382  32.660  7.131  54.723 0.0000000000
145383  33.089  7.922  54.779 0.0000000000
145384  33.478  8.768  54.752 0.0000000000
145385  33.977  8.869  55.055 0.0000000000
145386  34.521  8.986  55.363 0.0000000000
145387  35.052  9.125  55.539 0.0000000000
145388  34.822  7.669  55.971 0.0000000000
145389  35.229  8.452  55.887 0.0000000000
145390  35.583  9.225  55.643 0.0000000000
145391  36.211  9.307  55.672 0.0000000000
145392  36.784  9.408  55.603 0.0000000000
145393  37.415  9.508  55.537 0.0000000000
145394  37.637  8.840  55.699 0.0000000000
152416  33.351  18.445  47.775 0.0000000000
152417  33.719  18.692  47.964 0.0000000000
152418  34.121  18.905  48.086 0.0000000000
152419  34.397  17.478  48.661 0.0000000000
152420  34.440  18.315  48.364 0.0000000000
152421  34.456  19.125  48.147 0.0000000000
152422  34.882  19.238  48.180 0.0000000000
152423  35.298  19.383  48.192 0.0000000000
152424  35.754  19.454  48.156 0.0000000000
152425  35.723  15.198  50.539 0.0000000000
152426  35.799  15.889  49.936 0.0000000000
152427  35.909  16.581  49.362 0.0000000000
152428  36.850  16.314  49.983 0.0000000000
152429  36.423  16.797  49.456 0.0000000000
152430  35.981  17.366  48.951 0.0000000000
152431  36.062  18.056  48.635 0.0000000000
152432  36.138  18.806  48.389 0.0000000000
152433  36.217  19.552  48.147 0.0000000000
152434  36.677  19.698  48.136 0.0000000000
152435  37.199  19.798  47.965 0.0000000000
152436  37.725  19.896  47.860 0.0000000000
152437  38.240  18.750  48.424 0.0000000000
152438  38.267  19.376  47.951 0.0000000000
152439  38.254  19.947  47.462 0.0000000000
152440  38.824  19.979  47.040 0.0000000000
152441  39.399  19.900  46.604 0.0000000000
152442  39.966  19.899  46.061 0.0000000000
152443  38.528  10.856  54.315 0.0000000000
152444  38.783  11.544  53.756 0.0000000000
152445  38.994  12.311  53.201 0.0000000000
152451  39.974  15.142  50.678 0.0000000000
152459  40.423  15.162  50.224 0.0000000000
152460  40.079  15.819  50.014 0.0000000000
152461  40.221  16.487  49.410 0.0000000000
152462  40.347  17.172  48.800 0.0000000000
152463  40.450  17.790  48.175 0.0000000000
152464  41.293  17.076  47.640 0.0000000000
152465  40.946  17.762  47.571 0.0000000000
152466  40.517  18.367  47.452 0.0000000000
152467  40.531  18.808  46.773 0.0000000000
152468  40.534  19.279  46.219 0.0000000000
152469  40.462  19.752  45.681 0.0000000000
152470  40.908  19.657  45.202 0.0000000000
152471  41.160  19.546  44.749 0.0000000000
152472  41.476  19.378  44.360 0.0000000000
152473  42.004  18.315  44.890 0.0000000000
152474  41.874  18.773  44.359 0.0000000000
152475  41.722  19.131  43.889 0.0000000000
152476  41.880  18.815  43.486 0.0000000000
152477  41.953  18.459  43.046 0.0000000000
152478  41.896  18.069  42.605 0.0000000000
152479  41.651  15.179  45.101 0.0000000000
152480  41.772  15.733  44.567 0.0000000000
152481  41.880  16.236  44.038 0.0000000000
152482  41.181  15.150  43.566 0.0000000000
152483  41.573  15.913  43.571 0.0000000000
152484  41.901  16.658  43.544 0.0000000000
152485  41.858  17.012  43.085 0.0000000000
152486  41.748  17.341  42.634 0.0000000000
152487  41.678  17.651  42.167 0.0000000000
152488  41.231  17.283  41.708 0.0000000000
152489  40.776  16.955  41.236 0.0000000000
152490  40.254  16.607  40.770 0.0000000000
152491  40.153  15.665  41.173 0.0000000000
152492  39.934  15.988  40.725 0.0000000000
152493  39.728  16.289  40.297 0.0000000000
152494  39.227  15.950  39.778 0.0000000000
152495  38.797  15.618  39.274 0.0000000000
152496  38.286  15.340  38.706 0.0000000000
152559  38.994  11.928  42.316 0.0000000000
152567  38.709  11.643  41.823 0.0000000000
152568  39.045  12.341  41.775 0.0000000000
152569  39.074  12.765  41.189 0.0000000000
152570  39.035  13.147  40.537 0.0000000000
152571  38.902  13.530  40.004 0.0000000000
152572  38.267  12.452  39.516 0.0000000000
152573  38.510  13.170  39.432 0.0000000000
152574  38.678  13.888  39.510 0.0000000000
152575  38.430  14.284  39.039 0.0000000000
152576  38.171  14.648  38.616 0.0000000000
152577  37.875  14.969  38.190 0.0000000000
152578  37.474  14.684  37.691 0.0000000000
152579  37.050  14.373  37.216 0.0000000000
