#!ascii label  , from subject fsaverage vox2ras=TkReg
1656
83  25.394  -61.603  0.720 0.0000000000
133  23.440  -62.208  13.888 0.0000000000
204  20.722  -51.940  -3.679 0.0000000000
289  13.410  -56.283  20.540 0.0000000000
290  17.104  -55.322  13.655 0.0000000000
437  15.948  -69.554  4.087 0.0000000000
558  26.541  -65.330  6.886 0.0000000000
770  8.363  -57.478  15.384 0.0000000000
968  20.888  -66.258  1.831 0.0000000000
1225  24.337  -61.205  19.085 0.0000000000
1227  20.445  -65.734  13.029 0.0000000000
1230  23.120  -68.914  7.732 0.0000000000
1231  23.402  -63.571  8.796 0.0000000000
1518  22.029  -56.928  -0.755 0.0000000000
1519  23.738  -51.505  -1.910 0.0000000000
1520  20.363  -44.955  -3.452 0.0000000000
1673  20.897  -56.484  19.095 0.0000000000
1674  21.270  -57.923  14.436 0.0000000000
1675  15.542  -54.806  17.712 0.0000000000
1676  9.729  -54.945  13.575 0.0000000000
2311  24.333  -69.307  4.223 0.0000000000
2312  28.075  -64.337  3.294 0.0000000000
2313  23.129  -59.860  9.147 0.0000000000
2314  27.058  -59.870  6.868 0.0000000000
2888  23.472  -64.141  1.116 0.0000000000
2889  18.862  -64.063  1.394 0.0000000000
2890  21.584  -61.956  0.627 0.0000000000
3145  24.179  -61.761  16.495 0.0000000000
3146  23.758  -64.787  15.640 0.0000000000
3147  22.740  -64.662  13.154 0.0000000000
3148  19.844  -65.392  10.765 0.0000000000
3149  22.117  -64.722  10.730 0.0000000000
3150  22.339  -64.951  8.574 0.0000000000
3151  22.988  -62.975  11.256 0.0000000000
3748  19.909  -56.689  21.251 0.0000000000
3749  17.391  -55.652  20.606 0.0000000000
3750  18.247  -55.249  18.830 0.0000000000
3751  14.757  -55.397  19.301 0.0000000000
3752  5.849  -56.732  13.039 0.0000000000
3753  9.287  -56.209  14.572 0.0000000000
3754  6.573  -55.649  11.763 0.0000000000
3755  7.366  -54.507  10.738 0.0000000000
4351  21.144  -54.478  -2.150 0.0000000000
5132  25.143  -67.370  7.103 0.0000000000
5133  24.247  -69.682  6.124 0.0000000000
5134  26.296  -67.649  5.641 0.0000000000
5135  26.360  -67.054  3.779 0.0000000000
5136  27.676  -65.245  5.381 0.0000000000
5137  19.245  -56.427  14.214 0.0000000000
5138  21.707  -59.210  11.696 0.0000000000
5139  20.182  -57.576  11.539 0.0000000000
5141  23.567  -57.736  7.714 0.0000000000
5993  9.443  -57.832  19.094 0.0000000000
5994  11.099  -56.707  18.259 0.0000000000
5995  7.027  -58.554  16.289 0.0000000000
5996  5.082  -57.278  14.557 0.0000000000
6350  18.102  -68.002  2.779 0.0000000000
6351  12.878  -67.046  4.144 0.0000000000
6352  15.567  -65.633  2.557 0.0000000000
6355  20.682  -48.877  -5.100 0.0000000000
6816  21.732  -67.059  14.649 0.0000000000
6817  17.882  -65.676  14.118 0.0000000000
6819  17.366  -64.944  11.508 0.0000000000
6824  23.514  -66.152  7.734 0.0000000000
6825  24.680  -64.531  7.678 0.0000000000
6826  14.655  -54.319  12.853 0.0000000000
6827  17.978  -56.406  11.298 0.0000000000
7379  26.168  -59.005  0.564 0.0000000000
7380  23.581  -59.461  0.061 0.0000000000
7381  24.477  -56.771  -0.499 0.0000000000
7382  23.193  -54.331  -1.825 0.0000000000
7383  22.542  -51.813  -3.128 0.0000000000
7384  22.448  -48.616  -1.158 0.0000000000
7385  22.710  -48.483  -2.798 0.0000000000
7386  22.117  -48.546  -4.180 0.0000000000
7744  23.128  -58.525  19.234 0.0000000000
7745  23.191  -59.053  16.644 0.0000000000
7746  22.803  -59.839  14.372 0.0000000000
7747  21.147  -56.994  16.870 0.0000000000
7748  18.776  -55.540  16.613 0.0000000000
7749  16.347  -54.673  15.775 0.0000000000
7750  12.039  -55.755  17.186 0.0000000000
7751  12.669  -54.887  15.971 0.0000000000
7752  13.554  -54.165  14.569 0.0000000000
7753  10.665  -53.988  12.627 0.0000000000
8536  20.155  -59.564  0.393 0.0000000000
9488  18.402  -71.535  4.682 0.0000000000
9489  21.834  -71.014  7.320 0.0000000000
9490  21.890  -71.123  5.185 0.0000000000
9491  20.524  -69.885  3.579 0.0000000000
9492  23.181  -67.989  2.734 0.0000000000
9493  25.482  -65.716  2.123 0.0000000000
9494  27.227  -62.999  1.628 0.0000000000
9495  22.702  -60.939  11.687 0.0000000000
9496  23.628  -61.766  9.133 0.0000000000
9497  25.286  -62.427  7.651 0.0000000000
9498  21.940  -57.952  8.949 0.0000000000
9499  24.985  -60.114  7.653 0.0000000000
9500  27.311  -62.695  6.865 0.0000000000
9501  28.790  -62.204  5.252 0.0000000000
9502  29.028  -61.334  3.186 0.0000000000
9503  27.799  -60.099  1.557 0.0000000000
10568  24.518  -62.894  0.869 0.0000000000
10569  22.538  -63.042  0.838 0.0000000000
10570  23.612  -61.862  0.560 0.0000000000
10825  23.810  -61.955  15.211 0.0000000000
10826  23.799  -63.333  14.876 0.0000000000
10827  23.318  -63.503  13.530 0.0000000000
10828  22.282  -64.697  11.960 0.0000000000
10829  22.933  -63.637  12.249 0.0000000000
10830  22.699  -63.911  10.995 0.0000000000
10831  23.127  -62.610  12.584 0.0000000000
11425  12.426  -56.877  21.152 0.0000000000
11427  14.628  -56.236  21.536 0.0000000000
11428  16.649  -55.985  21.466 0.0000000000
11429  15.382  -55.799  20.824 0.0000000000
11430  16.032  -55.406  20.084 0.0000000000
11431  14.084  -55.841  19.939 0.0000000000
11432  5.536  -55.119  12.854 0.0000000000
11433  6.200  -56.155  12.345 0.0000000000
11434  5.779  -54.783  12.071 0.0000000000
11435  6.095  -54.424  11.483 0.0000000000
12031  20.804  -53.276  -2.924 0.0000000000
12032  19.753  -54.657  -2.058 0.0000000000
12033  19.542  -53.419  -2.904 0.0000000000
12812  25.957  -66.399  6.954 0.0000000000
12813  25.809  -67.686  6.444 0.0000000000
12814  26.589  -66.540  6.297 0.0000000000
12815  27.030  -66.477  5.575 0.0000000000
12816  27.243  -65.423  6.221 0.0000000000
12817  18.168  -55.890  13.986 0.0000000000
12818  19.553  -57.029  12.889 0.0000000000
12819  18.505  -56.447  12.697 0.0000000000
13827  6.241  -59.696  18.468 0.0000000000
13828  8.358  -58.644  19.527 0.0000000000
13829  7.420  -58.836  18.067 0.0000000000
13830  8.336  -58.185  17.720 0.0000000000
13831  6.196  -59.026  16.808 0.0000000000
13833  4.925  -57.274  15.473 0.0000000000
13835  5.340  -55.612  14.630 0.0000000000
14423  19.442  -67.181  2.273 0.0000000000
14424  16.783  -66.757  2.598 0.0000000000
14425  18.305  -65.983  2.066 0.0000000000
14431  20.716  -47.121  -5.629 0.0000000000
14432  19.591  -49.094  -5.291 0.0000000000
15197  24.420  -62.877  18.801 0.0000000000
15198  22.363  -65.747  14.006 0.0000000000
15199  22.908  -66.098  15.079 0.0000000000
15200  21.128  -66.414  13.858 0.0000000000
15201  19.682  -66.700  14.151 0.0000000000
15202  19.125  -65.720  13.444 0.0000000000
15203  17.522  -65.084  12.939 0.0000000000
15204  18.750  -65.312  12.402 0.0000000000
15205  20.002  -65.333  9.474 0.0000000000
15206  18.777  -65.267  9.637 0.0000000000
15212  23.032  -64.332  8.660 0.0000000000
15213  22.781  -65.384  7.828 0.0000000000
15214  23.472  -64.782  7.956 0.0000000000
15215  24.185  -65.396  7.706 0.0000000000
15216  23.905  -64.043  8.017 0.0000000000
16224  25.336  -57.989  0.061 0.0000000000
16226  24.145  -52.774  -1.276 0.0000000000
16227  24.027  -54.183  -1.232 0.0000000000
16228  23.604  -52.958  -1.997 0.0000000000
16229  22.860  -53.147  -2.455 0.0000000000
16230  23.233  -51.685  -2.627 0.0000000000
16234  20.058  -45.333  -2.849 0.0000000000
16235  21.520  -46.985  -2.373 0.0000000000
16236  21.684  -46.796  -3.076 0.0000000000
16237  22.519  -48.484  -3.529 0.0000000000
16238  21.688  -46.600  -3.809 0.0000000000
16239  21.653  -46.674  -4.485 0.0000000000
16240  20.679  -44.799  -4.104 0.0000000000
17005  20.538  -56.580  20.220 0.0000000000
17006  21.767  -57.424  20.331 0.0000000000
17007  22.175  -57.430  19.205 0.0000000000
17008  23.255  -58.705  17.975 0.0000000000
17009  22.280  -57.586  17.973 0.0000000000
17010  22.267  -57.929  16.798 0.0000000000
17011  21.068  -56.683  18.032 0.0000000000
17012  16.921  -54.957  18.332 0.0000000000
17013  18.539  -55.280  17.753 0.0000000000
17014  17.317  -54.887  17.320 0.0000000000
17015  17.638  -55.005  16.239 0.0000000000
17016  15.940  -54.660  16.813 0.0000000000
17017  9.832  -57.107  16.865 0.0000000000
17018  11.636  -56.230  17.737 0.0000000000
17019  10.344  -56.603  16.437 0.0000000000
17020  9.430  -55.562  14.064 0.0000000000
17021  11.011  -55.471  15.393 0.0000000000
17022  11.250  -54.906  14.871 0.0000000000
17023  13.030  -54.474  15.298 0.0000000000
17024  11.520  -54.408  14.355 0.0000000000
17025  12.065  -54.012  13.788 0.0000000000
17026  10.188  -54.399  13.117 0.0000000000
17028  7.864  -54.075  10.337 0.0000000000
18811  22.734  -58.250  -0.284 0.0000000000
18812  21.907  -59.576  0.136 0.0000000000
18813  21.200  -58.238  -0.081 0.0000000000
21156  19.221  -72.298  5.498 0.0000000000
21159  22.585  -70.123  7.580 0.0000000000
21160  24.437  -69.607  5.192 0.0000000000
21161  23.251  -70.471  5.635 0.0000000000
21162  23.114  -70.236  4.641 0.0000000000
21163  21.276  -70.606  4.235 0.0000000000
21164  22.576  -69.712  3.788 0.0000000000
21165  21.860  -68.965  3.135 0.0000000000
21166  23.896  -68.707  3.440 0.0000000000
21167  27.275  -65.746  3.509 0.0000000000
21168  26.088  -66.447  2.849 0.0000000000
21169  27.022  -65.085  2.613 0.0000000000
21170  26.451  -64.386  1.844 0.0000000000
21171  27.830  -63.680  2.305 0.0000000000
21172  22.107  -58.836  14.411 0.0000000000
21173  22.667  -60.449  13.022 0.0000000000
21174  22.122  -59.497  13.078 0.0000000000
21175  22.349  -59.572  10.394 0.0000000000
21176  22.780  -60.532  10.367 0.0000000000
21177  23.502  -60.853  9.112 0.0000000000
21178  24.305  -62.070  8.194 0.0000000000
21179  24.257  -61.089  8.165 0.0000000000
21181  19.901  -57.169  10.136 0.0000000000
21182  20.942  -57.015  9.058 0.0000000000
21183  25.477  -58.752  7.343 0.0000000000
21184  24.419  -58.879  7.635 0.0000000000
21185  26.082  -59.992  7.293 0.0000000000
21186  26.325  -61.340  7.312 0.0000000000
21187  27.341  -61.248  6.870 0.0000000000
21188  28.154  -62.543  6.193 0.0000000000
21189  28.197  -61.076  6.228 0.0000000000
21191  28.943  -60.456  4.294 0.0000000000
21193  28.500  -60.636  2.273 0.0000000000
23630  22.233  -65.304  1.420 0.0000000000
23631  19.823  -65.090  1.548 0.0000000000
23632  21.340  -64.183  1.187 0.0000000000
23633  20.319  -63.055  0.987 0.0000000000
23634  19.480  -61.911  0.911 0.0000000000
24093  24.377  -61.431  17.835 0.0000000000
24094  24.395  -63.055  17.494 0.0000000000
24095  24.154  -63.236  16.166 0.0000000000
24096  23.324  -64.643  14.404 0.0000000000
24097  21.777  -65.369  12.908 0.0000000000
24098  19.961  -65.425  12.009 0.0000000000
24099  21.244  -65.272  11.879 0.0000000000
24100  21.060  -65.231  10.678 0.0000000000
24101  21.241  -65.262  9.438 0.0000000000
24103  22.117  -64.764  9.580 0.0000000000
24104  22.740  -64.111  9.807 0.0000000000
24105  23.093  -63.259  9.930 0.0000000000
24714  23.917  -51.357  -1.084 0.0000000000
25180  18.671  -56.136  20.986 0.0000000000
25181  19.199  -55.871  19.955 0.0000000000
25182  19.558  -55.809  19.057 0.0000000000
25183  17.835  -55.367  19.750 0.0000000000
25184  16.517  -55.111  19.235 0.0000000000
25185  15.204  -55.051  18.488 0.0000000000
25186  6.880  -57.477  14.023 0.0000000000
25187  8.876  -56.889  14.940 0.0000000000
25188  7.381  -56.835  13.573 0.0000000000
25189  7.696  -56.171  13.106 0.0000000000
25190  7.981  -55.476  12.536 0.0000000000
25191  8.456  -54.880  12.023 0.0000000000
25192  6.923  -55.059  11.224 0.0000000000
25193  6.377  -53.935  10.904 0.0000000000
26263  21.484  -55.733  -1.402 0.0000000000
26264  20.604  -56.902  -0.628 0.0000000000
26265  20.114  -55.814  -1.282 0.0000000000
27670  24.195  -68.250  7.329 0.0000000000
27671  23.742  -69.474  6.980 0.0000000000
27672  24.867  -68.698  6.691 0.0000000000
27673  25.315  -68.795  5.796 0.0000000000
27674  25.507  -68.589  4.889 0.0000000000
27675  25.390  -68.215  3.933 0.0000000000
27676  26.401  -67.440  4.727 0.0000000000
27677  27.265  -66.228  4.606 0.0000000000
27678  27.997  -64.845  4.324 0.0000000000
27679  20.248  -57.120  14.361 0.0000000000
27680  21.412  -58.603  13.078 0.0000000000
27681  20.544  -57.776  12.994 0.0000000000
27682  21.023  -58.370  11.620 0.0000000000
27683  21.779  -58.700  10.288 0.0000000000
27685  21.819  -56.935  8.235 0.0000000000
27688  26.348  -58.519  6.948 0.0000000000
27689  27.804  -59.672  6.260 0.0000000000
29344  10.372  -57.698  20.500 0.0000000000
29345  11.487  -56.996  19.990 0.0000000000
29346  12.234  -56.504  19.465 0.0000000000
29347  10.326  -57.255  18.672 0.0000000000
29348  9.132  -57.629  17.298 0.0000000000
29349  7.757  -58.012  15.833 0.0000000000
29350  5.181  -58.509  15.932 0.0000000000
29351  5.738  -58.378  15.127 0.0000000000
29352  6.311  -58.006  14.506 0.0000000000
29353  5.432  -57.059  13.799 0.0000000000
29354  5.410  -55.446  13.698 0.0000000000
30176  16.934  -68.779  3.364 0.0000000000
30177  14.502  -68.294  4.009 0.0000000000
30178  15.545  -67.565  3.234 0.0000000000
30179  14.093  -66.299  3.283 0.0000000000
30181  17.252  -64.876  1.915 0.0000000000
30187  20.646  -50.537  -4.407 0.0000000000
30188  19.519  -52.054  -3.759 0.0000000000
30189  19.495  -50.634  -4.573 0.0000000000
31262  24.049  -64.718  16.931 0.0000000000
31263  23.286  -66.267  16.191 0.0000000000
31265  20.181  -67.625  14.613 0.0000000000
31272  18.590  -65.259  11.057 0.0000000000
31283  22.548  -66.613  7.813 0.0000000000
31284  23.402  -67.540  7.823 0.0000000000
31285  24.299  -66.782  7.565 0.0000000000
31286  25.125  -65.918  7.436 0.0000000000
31287  25.658  -64.989  7.375 0.0000000000
31288  15.958  -54.813  13.277 0.0000000000
31289  17.502  -55.862  12.455 0.0000000000
31290  16.420  -55.358  12.229 0.0000000000
32645  25.897  -60.321  0.608 0.0000000000
32646  24.475  -60.506  0.385 0.0000000000
32647  25.001  -59.280  0.255 0.0000000000
32648  24.099  -58.152  -0.218 0.0000000000
32649  23.291  -56.950  -0.721 0.0000000000
32650  24.659  -55.460  -0.616 0.0000000000
32651  23.736  -55.607  -1.048 0.0000000000
32652  22.661  -55.677  -1.339 0.0000000000
32653  22.182  -54.477  -2.046 0.0000000000
32654  21.917  -53.217  -2.757 0.0000000000
32655  21.732  -51.841  -3.460 0.0000000000
32658  23.370  -49.888  -1.607 0.0000000000
32660  22.650  -48.483  -1.972 0.0000000000
32661  23.301  -50.045  -2.390 0.0000000000
32662  22.931  -50.163  -3.109 0.0000000000
32663  22.348  -50.281  -3.674 0.0000000000
32664  21.601  -50.367  -4.119 0.0000000000
32665  21.492  -48.678  -4.721 0.0000000000
33637  22.775  -58.418  20.467 0.0000000000
33638  23.843  -59.809  19.196 0.0000000000
33639  23.929  -60.033  17.892 0.0000000000
33640  23.805  -60.324  16.614 0.0000000000
33641  23.543  -60.653  15.320 0.0000000000
33642  23.301  -61.015  14.147 0.0000000000
33643  23.059  -59.384  15.565 0.0000000000
33644  22.233  -58.358  15.610 0.0000000000
33645  21.221  -57.384  15.731 0.0000000000
33646  19.799  -55.945  18.018 0.0000000000
33647  19.915  -56.218  16.816 0.0000000000
33648  20.039  -56.615  15.619 0.0000000000
33649  19.017  -55.911  15.435 0.0000000000
33650  17.932  -55.354  15.118 0.0000000000
33651  16.744  -54.874  14.720 0.0000000000
33652  12.871  -55.980  18.897 0.0000000000
33653  13.387  -55.543  18.290 0.0000000000
33654  13.758  -55.171  17.653 0.0000000000
33655  10.724  -56.031  15.940 0.0000000000
33656  12.345  -55.331  16.614 0.0000000000
33657  14.080  -54.780  16.914 0.0000000000
33658  14.551  -54.548  16.105 0.0000000000
33659  15.005  -54.420  15.227 0.0000000000
33660  15.555  -54.512  14.250 0.0000000000
33661  14.130  -54.102  13.733 0.0000000000
33662  12.683  -53.820  13.068 0.0000000000
33663  11.308  -53.709  12.108 0.0000000000
33664  8.962  -54.323  11.605 0.0000000000
33665  9.440  -53.931  11.200 0.0000000000
35872  22.771  -60.746  0.283 0.0000000000
35873  20.813  -60.771  0.506 0.0000000000
38702  17.338  -70.590  4.178 0.0000000000
38705  20.933  -71.921  6.956 0.0000000000
38706  23.035  -70.464  6.645 0.0000000000
38707  21.954  -71.261  6.263 0.0000000000
38708  20.816  -71.932  5.815 0.0000000000
38709  20.250  -71.493  4.835 0.0000000000
38710  19.400  -70.740  4.085 0.0000000000
38711  18.353  -69.809  3.554 0.0000000000
38712  19.469  -69.009  3.015 0.0000000000
38713  20.791  -68.132  2.626 0.0000000000
38714  22.142  -67.117  2.207 0.0000000000
38715  25.017  -67.686  3.104 0.0000000000
38716  24.297  -66.954  2.452 0.0000000000
38717  23.368  -66.103  1.846 0.0000000000
38718  24.595  -64.926  1.529 0.0000000000
38719  25.595  -63.656  1.264 0.0000000000
38720  26.391  -62.270  1.092 0.0000000000
38721  23.066  -61.517  12.871 0.0000000000
38722  22.979  -61.928  11.465 0.0000000000
38723  23.223  -62.315  10.130 0.0000000000
38724  22.265  -60.101  11.715 0.0000000000
38725  23.098  -61.334  10.385 0.0000000000
38726  23.625  -62.709  8.933 0.0000000000
38727  24.226  -63.110  8.131 0.0000000000
38728  25.073  -63.529  7.663 0.0000000000
38729  26.063  -63.867  7.331 0.0000000000
38730  19.082  -56.986  11.419 0.0000000000
38731  20.992  -57.890  10.184 0.0000000000
38732  22.658  -58.894  8.998 0.0000000000
38733  22.758  -57.907  8.111 0.0000000000
38734  23.511  -58.989  8.111 0.0000000000
38735  24.026  -60.060  8.169 0.0000000000
38736  25.201  -61.259  7.636 0.0000000000
38737  26.355  -62.683  7.291 0.0000000000
38738  27.025  -64.121  6.863 0.0000000000
38739  27.794  -64.058  6.157 0.0000000000
38740  28.349  -63.752  5.259 0.0000000000
38741  28.706  -63.286  4.215 0.0000000000
38742  28.767  -60.821  5.324 0.0000000000
38743  29.087  -61.839  4.220 0.0000000000
38744  28.779  -62.719  3.129 0.0000000000
38745  28.452  -62.127  2.276 0.0000000000
38746  27.741  -61.484  1.563 0.0000000000
38747  26.887  -60.870  1.025 0.0000000000
38748  27.060  -59.555  1.020 0.0000000000
41288  24.955  -62.232  0.789 0.0000000000
41289  24.050  -62.406  0.687 0.0000000000
41290  24.516  -61.748  0.595 0.0000000000
41545  23.643  -62.104  14.573 0.0000000000
41546  23.650  -62.755  14.419 0.0000000000
41547  23.417  -62.840  13.761 0.0000000000
41548  23.095  -63.559  12.891 0.0000000000
41549  23.234  -62.938  13.088 0.0000000000
41550  23.080  -63.135  12.425 0.0000000000
41551  23.295  -62.414  13.237 0.0000000000
42145  12.949  -56.555  20.865 0.0000000000
42146  13.535  -56.502  21.396 0.0000000000
42147  13.996  -56.238  21.080 0.0000000000
42148  15.033  -56.017  21.180 0.0000000000
42149  14.404  -56.003  20.737 0.0000000000
42150  14.730  -55.806  20.403 0.0000000000
42151  13.742  -56.049  20.295 0.0000000000
42152  5.694  -54.283  13.089 0.0000000000
42153  5.672  -54.945  12.461 0.0000000000
42743  15.542  -69.927  4.462 0.0000000000
42745  14.802  -69.309  4.454 0.0000000000
42751  20.760  -52.613  -3.315 0.0000000000
42752  20.176  -53.334  -2.908 0.0000000000
42753  20.165  -52.679  -3.330 0.0000000000
43532  26.252  -65.871  6.908 0.0000000000
43533  26.296  -66.531  6.634 0.0000000000
43534  26.616  -65.976  6.576 0.0000000000
43535  26.934  -65.990  6.249 0.0000000000
43536  26.940  -65.453  6.551 0.0000000000
43537  17.595  -55.607  13.820 0.0000000000
43538  18.319  -56.165  13.375 0.0000000000
43539  17.800  -55.880  13.210 0.0000000000
44547  5.827  -59.596  17.919 0.0000000000
44548  6.840  -59.279  18.290 0.0000000000
44549  6.364  -59.271  17.650 0.0000000000
44550  6.818  -58.980  17.416 0.0000000000
44551  5.771  -59.225  17.116 0.0000000000
45143  20.136  -66.732  2.059 0.0000000000
45144  18.879  -66.574  2.140 0.0000000000
45145  19.610  -66.141  1.906 0.0000000000
45915  24.196  -61.097  19.750 0.0000000000
45917  24.447  -62.043  18.965 0.0000000000
45918  21.432  -65.875  13.395 0.0000000000
45919  21.795  -66.133  13.911 0.0000000000
45920  20.815  -66.067  13.472 0.0000000000
45921  20.119  -66.149  13.619 0.0000000000
45922  19.856  -65.776  13.260 0.0000000000
45923  18.973  -65.422  12.974 0.0000000000
45924  19.570  -65.519  12.743 0.0000000000
45932  23.212  -63.956  8.730 0.0000000000
45933  23.215  -64.498  8.232 0.0000000000
45934  23.430  -64.157  8.291 0.0000000000
45935  23.700  -64.423  7.993 0.0000000000
45936  23.634  -63.795  8.351 0.0000000000
46946  23.972  -52.138  -1.631 0.0000000000
46947  23.915  -52.865  -1.659 0.0000000000
46948  23.710  -52.248  -1.981 0.0000000000
46949  23.411  -52.350  -2.293 0.0000000000
46950  23.512  -51.595  -2.281 0.0000000000
46954  20.220  -45.158  -3.134 0.0000000000
46955  20.902  -46.019  -2.921 0.0000000000
46956  21.006  -45.866  -3.247 0.0000000000
46957  21.694  -46.683  -3.445 0.0000000000
46958  21.094  -45.705  -3.600 0.0000000000
46959  21.217  -45.691  -3.943 0.0000000000
46960  20.523  -44.849  -3.776 0.0000000000
47725  20.736  -56.519  19.653 0.0000000000
47726  21.392  -56.937  19.742 0.0000000000
47727  21.553  -56.937  19.143 0.0000000000
47728  22.263  -57.488  18.598 0.0000000000
47729  21.646  -57.002  18.554 0.0000000000
47730  21.700  -57.117  18.012 0.0000000000
47731  20.990  -56.531  18.599 0.0000000000
47732  16.226  -54.853  18.028 0.0000000000
47733  17.105  -54.905  17.849 0.0000000000
47734  16.413  -54.775  17.590 0.0000000000
47735  16.626  -54.755  17.089 0.0000000000
47736  15.707  -54.695  17.302 0.0000000000
47737  9.118  -57.303  16.130 0.0000000000
47738  10.086  -56.852  16.649 0.0000000000
47739  9.387  -57.054  15.912 0.0000000000
47740  9.564  -55.256  13.826 0.0000000000
47741  10.359  -55.216  14.486 0.0000000000
47742  10.476  -54.949  14.270 0.0000000000
47743  11.370  -54.658  14.623 0.0000000000
47744  10.633  -54.666  14.038 0.0000000000
47745  10.850  -54.405  13.772 0.0000000000
47746  9.932  -54.644  13.362 0.0000000000
49531  22.341  -57.582  -0.498 0.0000000000
49532  21.996  -58.267  -0.203 0.0000000000
49533  21.631  -57.595  -0.406 0.0000000000
51877  22.596  -69.198  8.016 0.0000000000
51878  22.330  -69.836  7.982 0.0000000000
51879  22.887  -69.548  7.674 0.0000000000
51880  24.457  -69.485  4.702 0.0000000000
51881  23.815  -69.951  4.882 0.0000000000
51882  23.732  -69.783  4.409 0.0000000000
51883  22.859  -70.008  4.177 0.0000000000
51884  23.497  -69.543  3.981 0.0000000000
51885  23.240  -69.222  3.608 0.0000000000
51886  24.127  -69.035  3.828 0.0000000000
51887  27.674  -65.051  3.408 0.0000000000
51888  27.198  -65.422  3.013 0.0000000000
51889  27.623  -64.690  2.880 0.0000000000
51890  27.448  -64.397  2.464 0.0000000000
51891  28.021  -63.993  2.746 0.0000000000
51892  21.738  -58.326  14.475 0.0000000000
51893  22.088  -59.140  13.770 0.0000000000
51894  21.747  -58.674  13.791 0.0000000000
51895  22.722  -59.711  9.747 0.0000000000
51896  22.947  -60.208  9.735 0.0000000000
51897  23.325  -60.345  9.117 0.0000000000
51898  23.877  -60.981  8.550 0.0000000000
51899  23.761  -60.486  8.577 0.0000000000
51901  19.895  -56.708  9.579 0.0000000000
51902  20.440  -56.659  9.062 0.0000000000
51903  26.324  -59.314  7.124 0.0000000000
51904  25.863  -59.423  7.340 0.0000000000
51905  26.610  -59.976  7.111 0.0000000000
51906  26.799  -60.656  7.107 0.0000000000
51907  27.310  -60.593  6.876 0.0000000000
51908  27.791  -61.158  6.589 0.0000000000
51909  27.706  -60.482  6.617 0.0000000000
54743  22.929  -64.727  1.262 0.0000000000
54744  21.819  -64.719  1.283 0.0000000000
54745  22.431  -64.184  1.112 0.0000000000
54746  22.050  -62.509  0.721 0.0000000000
54747  21.460  -63.065  0.893 0.0000000000
54748  20.980  -62.513  0.797 0.0000000000
54749  19.888  -62.483  0.916 0.0000000000
54750  20.546  -61.938  0.749 0.0000000000
55515  24.280  -61.575  17.157 0.0000000000
55516  24.319  -62.342  17.039 0.0000000000
55517  24.219  -62.466  16.378 0.0000000000
55518  23.370  -64.058  14.016 0.0000000000
55519  23.622  -64.002  14.676 0.0000000000
55520  23.049  -64.616  13.793 0.0000000000
55521  22.624  -65.128  13.579 0.0000000000
55522  22.342  -65.048  13.015 0.0000000000
55523  21.453  -65.315  12.403 0.0000000000
55524  22.050  -65.051  12.511 0.0000000000
55525  22.116  -64.708  11.361 0.0000000000
55526  21.623  -65.025  11.328 0.0000000000
55527  21.595  -65.040  10.677 0.0000000000
55528  21.108  -65.255  10.032 0.0000000000
55529  21.663  -65.037  10.073 0.0000000000
55530  21.702  -65.069  9.520 0.0000000000
55531  22.097  -64.738  10.165 0.0000000000
55532  22.876  -63.463  11.125 0.0000000000
55533  22.656  -64.047  10.371 0.0000000000
55534  22.856  -63.592  10.488 0.0000000000
55535  22.917  -63.677  9.905 0.0000000000
55536  23.013  -63.129  10.557 0.0000000000
57325  17.059  -55.834  21.049 0.0000000000
57326  17.662  -56.017  21.279 0.0000000000
57327  18.028  -55.881  20.819 0.0000000000
57328  19.015  -56.003  20.482 0.0000000000
57329  18.263  -55.691  20.322 0.0000000000
57330  18.512  -55.598  19.867 0.0000000000
57331  17.614  -55.490  20.177 0.0000000000
57332  15.390  -55.367  19.716 0.0000000000
57333  16.266  -55.219  19.679 0.0000000000
57334  15.642  -55.199  19.308 0.0000000000
57335  15.860  -55.049  18.886 0.0000000000
57336  14.982  -55.225  18.892 0.0000000000
57337  6.297  -57.183  13.458 0.0000000000
57338  7.161  -57.158  13.781 0.0000000000
57339  6.539  -56.920  13.166 0.0000000000
57340  6.424  -55.929  12.067 0.0000000000
57341  6.916  -56.325  12.592 0.0000000000
57342  7.082  -55.971  12.361 0.0000000000
57343  7.818  -55.825  12.806 0.0000000000
57344  7.238  -55.641  12.087 0.0000000000
57345  7.376  -55.361  11.800 0.0000000000
57346  6.758  -55.359  11.530 0.0000000000
57348  6.230  -54.209  11.183 0.0000000000
59131  21.266  -55.122  -1.768 0.0000000000
59132  20.808  -55.745  -1.353 0.0000000000
59133  20.643  -55.150  -1.730 0.0000000000
59134  19.027  -54.757  -2.081 0.0000000000
59135  19.204  -55.403  -1.653 0.0000000000
61477  24.691  -67.841  7.213 0.0000000000
61478  24.562  -68.510  7.028 0.0000000000
61479  25.050  -68.053  6.933 0.0000000000
61480  26.060  -67.704  6.048 0.0000000000
61481  25.610  -68.294  6.123 0.0000000000
61482  25.817  -68.282  5.679 0.0000000000
61483  25.452  -68.714  5.369 0.0000000000
61484  25.939  -68.141  5.265 0.0000000000
61485  26.008  -68.000  4.812 0.0000000000
61486  26.364  -67.562  5.191 0.0000000000
61487  27.369  -65.869  5.502 0.0000000000
61488  27.169  -66.369  5.125 0.0000000000
61489  27.513  -65.758  5.013 0.0000000000
61490  27.622  -65.620  4.512 0.0000000000
61491  27.869  -65.079  4.887 0.0000000000
61492  19.728  -56.729  14.290 0.0000000000
61493  20.379  -57.444  13.682 0.0000000000
61494  19.875  -57.052  13.626 0.0000000000
61495  19.834  -57.322  12.212 0.0000000000
61496  20.285  -57.679  12.301 0.0000000000
61497  20.610  -57.962  11.592 0.0000000000
61498  21.380  -58.608  10.903 0.0000000000
61499  20.974  -58.186  10.882 0.0000000000
61506  25.517  -58.021  7.203 0.0000000000
64525  8.930  -58.242  19.317 0.0000000000
64526  9.357  -58.161  20.044 0.0000000000
64527  9.927  -57.784  19.820 0.0000000000
64528  10.960  -57.358  20.267 0.0000000000
64529  10.450  -57.390  19.570 0.0000000000
64530  10.942  -57.093  19.370 0.0000000000
64531  9.878  -57.527  18.896 0.0000000000
64532  7.723  -58.363  17.030 0.0000000000
64533  8.783  -57.883  17.506 0.0000000000
64534  8.099  -58.078  16.792 0.0000000000
64535  8.466  -57.819  16.556 0.0000000000
64536  7.397  -58.256  16.074 0.0000000000
64540  4.991  -57.295  14.995 0.0000000000
64541  5.107  -58.008  15.147 0.0000000000
64542  5.308  -57.955  14.754 0.0000000000
64543  6.024  -58.203  14.805 0.0000000000
64544  5.549  -57.799  14.416 0.0000000000
64545  5.789  -57.719  14.047 0.0000000000
64546  5.259  -57.194  14.180 0.0000000000
64547  5.683  -54.717  14.767 0.0000000000
64548  5.336  -55.538  14.153 0.0000000000
64549  5.617  -54.681  14.303 0.0000000000
64550  5.614  -54.563  13.862 0.0000000000
66308  17.515  -68.402  3.049 0.0000000000
66309  16.272  -68.191  3.250 0.0000000000
66310  16.824  -67.803  2.957 0.0000000000
66311  16.115  -66.174  2.560 0.0000000000
66312  15.458  -66.528  2.884 0.0000000000
66313  14.750  -65.985  2.911 0.0000000000
66314  13.470  -65.768  3.339 0.0000000000
66315  14.225  -65.422  2.933 0.0000000000
66316  19.372  -64.561  1.502 0.0000000000
66317  18.600  -64.969  1.729 0.0000000000
66318  18.089  -64.466  1.640 0.0000000000
66331  20.703  -49.683  -4.797 0.0000000000
66332  20.121  -50.595  -4.511 0.0000000000
66333  20.134  -49.804  -4.883 0.0000000000
66334  19.009  -49.083  -5.330 0.0000000000
66335  18.914  -49.907  -4.946 0.0000000000
68633  24.164  -63.951  16.582 0.0000000000
68634  24.270  -63.884  17.235 0.0000000000
68635  23.930  -64.757  16.295 0.0000000000
68636  22.355  -66.636  14.803 0.0000000000
68637  23.106  -66.210  15.601 0.0000000000
68638  22.588  -66.785  15.329 0.0000000000
68639  22.832  -66.888  15.887 0.0000000000
68640  21.960  -67.289  15.102 0.0000000000
68641  21.230  -67.714  14.926 0.0000000000
68642  20.967  -67.402  14.583 0.0000000000
68643  18.756  -66.190  14.163 0.0000000000
68644  18.980  -66.731  14.496 0.0000000000
68645  18.091  -66.204  14.558 0.0000000000
68649  16.937  -65.321  13.839 0.0000000000
68650  17.368  -65.004  12.285 0.0000000000
68651  16.695  -64.866  12.503 0.0000000000
68652  16.608  -64.752  11.726 0.0000000000
68655  19.819  -65.406  11.404 0.0000000000
68656  19.181  -65.362  11.550 0.0000000000
68657  19.184  -65.366  10.903 0.0000000000
68677  21.923  -65.141  8.485 0.0000000000
68679  22.082  -65.237  8.061 0.0000000000
68680  23.124  -65.729  7.708 0.0000000000
68681  22.680  -65.959  7.705 0.0000000000
68682  23.032  -66.391  7.779 0.0000000000
68683  22.985  -67.104  7.880 0.0000000000
68684  23.443  -66.830  7.775 0.0000000000
68685  23.835  -67.213  7.663 0.0000000000
68686  23.880  -66.481  7.677 0.0000000000
68687  24.453  -64.993  7.708 0.0000000000
68688  24.635  -65.675  7.597 0.0000000000
68689  24.910  -65.219  7.566 0.0000000000
68690  25.393  -65.479  7.418 0.0000000000
68691  25.173  -64.759  7.530 0.0000000000
68692  15.313  -54.559  13.075 0.0000000000
68693  16.166  -55.059  12.753 0.0000000000
68694  15.567  -54.807  12.571 0.0000000000
71708  26.052  -59.642  0.574 0.0000000000
71709  25.430  -59.782  0.423 0.0000000000
71710  25.609  -59.133  0.386 0.0000000000
71711  24.901  -57.410  -0.210 0.0000000000
71712  24.738  -58.072  -0.103 0.0000000000
71713  24.303  -57.491  -0.368 0.0000000000
71714  23.642  -57.555  -0.460 0.0000000000
71715  23.904  -56.909  -0.618 0.0000000000
71719  23.627  -54.250  -1.559 0.0000000000
71720  23.883  -54.900  -1.169 0.0000000000
71721  23.423  -54.928  -1.421 0.0000000000
71722  23.220  -55.611  -1.235 0.0000000000
71723  22.914  -54.990  -1.606 0.0000000000
71724  22.364  -55.077  -1.731 0.0000000000
71725  22.704  -54.425  -1.976 0.0000000000
71726  22.677  -52.486  -2.812 0.0000000000
71727  22.428  -53.199  -2.634 0.0000000000
71728  22.261  -52.522  -2.992 0.0000000000
71729  21.798  -52.555  -3.131 0.0000000000
71730  22.148  -51.874  -3.295 0.0000000000
71734  22.239  -48.651  -0.762 0.0000000000
71736  22.847  -49.233  -0.947 0.0000000000
71737  23.322  -49.887  -1.170 0.0000000000
71738  23.013  -49.241  -1.388 0.0000000000
71742  22.264  -47.680  -2.569 0.0000000000
71743  22.175  -47.743  -2.178 0.0000000000
71744  22.717  -48.473  -2.429 0.0000000000
71745  23.070  -49.211  -2.203 0.0000000000
71746  23.041  -49.282  -2.610 0.0000000000
71747  23.145  -50.119  -2.758 0.0000000000
71748  22.921  -49.304  -2.979 0.0000000000
71749  22.374  -48.500  -3.885 0.0000000000
71750  22.525  -49.403  -3.653 0.0000000000
71751  22.234  -49.490  -3.942 0.0000000000
71752  21.988  -50.328  -3.903 0.0000000000
71753  21.918  -49.506  -4.192 0.0000000000
71754  21.575  -49.539  -4.431 0.0000000000
71755  21.806  -48.606  -4.451 0.0000000000
71756  21.306  -45.710  -4.649 0.0000000000
71757  21.531  -46.735  -4.816 0.0000000000
74058  22.506  -57.949  19.793 0.0000000000
74059  22.314  -57.921  20.379 0.0000000000
74060  22.985  -58.485  19.841 0.0000000000
74061  23.360  -59.062  19.874 0.0000000000
74062  23.512  -59.152  19.217 0.0000000000
74063  23.948  -59.898  18.523 0.0000000000
74064  23.608  -59.170  18.595 0.0000000000
74065  23.241  -58.836  17.326 0.0000000000
74066  23.593  -59.487  17.321 0.0000000000
74067  23.521  -59.663  16.651 0.0000000000
74068  23.704  -60.469  16.006 0.0000000000
74069  23.407  -59.868  15.961 0.0000000000
74070  23.307  -60.048  15.393 0.0000000000
74071  23.100  -59.212  16.097 0.0000000000
74072  21.729  -57.457  16.838 0.0000000000
74073  22.235  -58.140  16.209 0.0000000000
74074  21.739  -57.645  16.252 0.0000000000
74075  21.781  -57.881  15.622 0.0000000000
74076  21.184  -57.198  16.281 0.0000000000
74077  18.867  -55.494  18.964 0.0000000000
74078  19.677  -55.865  18.540 0.0000000000
74079  19.039  -55.542  18.453 0.0000000000
74080  18.649  -55.404  17.186 0.0000000000
74081  19.243  -55.724  17.320 0.0000000000
74082  19.342  -55.876  16.732 0.0000000000
74083  20.011  -56.402  16.202 0.0000000000
74084  19.439  -56.041  16.136 0.0000000000
74085  19.498  -56.242  15.532 0.0000000000
74086  18.898  -55.711  16.019 0.0000000000
74087  17.010  -54.830  16.027 0.0000000000
74088  17.790  -55.173  15.687 0.0000000000
74089  17.180  -54.952  15.466 0.0000000000
74090  17.358  -55.091  14.913 0.0000000000
74091  16.553  -54.760  15.247 0.0000000000
74092  11.680  -56.586  18.848 0.0000000000
74093  12.564  -56.245  19.194 0.0000000000
74094  11.988  -56.350  18.598 0.0000000000
74095  11.866  -55.993  17.475 0.0000000000
74096  12.534  -55.837  18.078 0.0000000000
74097  12.722  -55.640  17.758 0.0000000000
74098  13.579  -55.360  17.966 0.0000000000
74099  12.878  -55.423  17.456 0.0000000000
74100  9.094  -56.544  14.753 0.0000000000
74101  9.840  -56.475  15.469 0.0000000000
74102  10.032  -56.141  15.267 0.0000000000
74103  11.828  -55.123  15.722 0.0000000000
74104  11.683  -55.401  16.016 0.0000000000
74105  12.515  -55.111  16.298 0.0000000000
74106  13.216  -55.048  16.814 0.0000000000
74107  13.388  -54.858  16.455 0.0000000000
74108  14.324  -54.668  16.524 0.0000000000
74109  13.608  -54.681  16.093 0.0000000000
74110  13.279  -54.284  14.959 0.0000000000
74111  14.071  -54.370  15.337 0.0000000000
74112  14.298  -54.294  14.919 0.0000000000
74113  15.233  -54.425  14.771 0.0000000000
74114  14.575  -54.274  14.468 0.0000000000
74115  14.892  -54.323  13.985 0.0000000000
74116  13.850  -54.102  14.147 0.0000000000
74117  11.356  -53.989  13.253 0.0000000000
74118  12.342  -53.882  13.460 0.0000000000
74119  11.673  -53.854  12.913 0.0000000000
74120  12.043  -53.744  12.592 0.0000000000
74121  10.982  -53.833  12.334 0.0000000000
74122  7.849  -54.765  11.263 0.0000000000
74123  8.681  -54.586  11.783 0.0000000000
74124  8.138  -54.482  11.080 0.0000000000
74125  8.150  -53.849  10.126 0.0000000000
74126  8.609  -54.052  10.664 0.0000000000
74127  8.884  -53.858  10.496 0.0000000000
74128  9.693  -53.800  11.009 0.0000000000
79426  13.667  -67.657  4.080 0.0000000000
79427  13.182  -68.049  4.518 0.0000000000
79428  12.360  -67.435  4.597 0.0000000000
79471  24.059  -59.999  0.235 0.0000000000
79472  23.611  -60.639  0.306 0.0000000000
79473  23.215  -60.102  0.183 0.0000000000
79474  21.055  -59.562  0.268 0.0000000000
79475  21.407  -60.197  0.324 0.0000000000
79476  20.452  -60.190  0.453 0.0000000000
79479  19.814  -56.975  -0.535 0.0000000000
79480  20.084  -57.573  -0.252 0.0000000000
79494  18.842  -52.092  -3.783 0.0000000000
79495  18.837  -52.828  -3.365 0.0000000000
86511  17.897  -71.078  4.385 0.0000000000
86515  21.696  -70.841  7.768 0.0000000000
86517  21.321  -71.289  7.613 0.0000000000
86518  20.917  -71.754  7.468 0.0000000000
86519  21.411  -71.460  7.131 0.0000000000
86520  24.040  -69.593  6.569 0.0000000000
86521  23.454  -69.948  6.824 0.0000000000
86522  23.654  -70.039  6.340 0.0000000000
86523  22.597  -70.807  5.416 0.0000000000
86524  22.573  -70.905  5.915 0.0000000000
86525  21.959  -71.234  5.706 0.0000000000
86526  21.417  -71.607  6.040 0.0000000000
86527  21.343  -71.534  5.484 0.0000000000
86528  20.571  -71.815  5.303 0.0000000000
86529  21.089  -71.380  4.949 0.0000000000
86530  20.938  -70.275  3.870 0.0000000000
86531  20.363  -70.712  4.131 0.0000000000
86532  19.902  -70.310  3.801 0.0000000000
86533  18.902  -70.287  3.792 0.0000000000
86534  19.435  -69.874  3.524 0.0000000000
86535  18.892  -69.432  3.290 0.0000000000
86536  20.046  -69.473  3.297 0.0000000000
86537  22.517  -68.463  2.929 0.0000000000
86538  21.357  -68.545  2.861 0.0000000000
86539  22.064  -68.073  2.652 0.0000000000
86540  21.495  -67.660  2.387 0.0000000000
86541  22.723  -67.557  2.465 0.0000000000
86542  25.864  -67.660  3.874 0.0000000000
86543  25.208  -67.986  3.508 0.0000000000
86544  25.720  -67.418  3.423 0.0000000000
86545  25.809  -66.098  2.474 0.0000000000
86546  25.265  -66.751  2.625 0.0000000000
86547  24.908  -66.361  2.279 0.0000000000
86548  23.875  -66.478  2.103 0.0000000000
86549  24.504  -65.935  1.958 0.0000000000
86550  24.013  -65.538  1.694 0.0000000000
86551  25.057  -65.315  1.802 0.0000000000
86552  26.878  -63.701  1.723 0.0000000000
86553  26.063  -64.052  1.535 0.0000000000
86554  26.488  -63.307  1.426 0.0000000000
86555  26.025  -62.940  1.168 0.0000000000
86556  26.813  -62.614  1.355 0.0000000000
86557  23.073  -60.408  14.278 0.0000000000
86558  23.150  -61.245  13.515 0.0000000000
86559  22.961  -60.678  13.645 0.0000000000
86560  22.669  -60.689  12.349 0.0000000000
86561  22.847  -61.212  12.267 0.0000000000
86562  22.868  -61.417  11.600 0.0000000000
86563  23.041  -62.103  10.751 0.0000000000
86564  23.012  -61.660  10.893 0.0000000000
86565  21.512  -58.916  12.414 0.0000000000
86566  21.851  -59.360  12.423 0.0000000000
86567  21.987  -59.657  11.721 0.0000000000
86568  23.246  -61.148  9.761 0.0000000000
86569  22.943  -60.932  10.390 0.0000000000
86570  23.359  -61.573  9.717 0.0000000000
86571  23.399  -62.052  9.618 0.0000000000
86572  23.662  -62.251  9.070 0.0000000000
86573  23.893  -62.913  8.500 0.0000000000
86574  23.958  -62.437  8.591 0.0000000000
86575  24.769  -62.251  7.892 0.0000000000
86576  24.712  -62.789  7.905 0.0000000000
86577  25.199  -62.978  7.667 0.0000000000
86578  25.569  -63.689  7.511 0.0000000000
86579  25.740  -63.157  7.481 0.0000000000
86580  17.695  -56.174  11.905 0.0000000000
86581  18.308  -56.417  11.914 0.0000000000
86582  18.530  -56.698  11.344 0.0000000000
86583  21.006  -57.493  9.523 0.0000000000
86584  20.467  -57.518  10.159 0.0000000000
86585  21.452  -57.933  9.538 0.0000000000
86586  21.856  -58.394  9.570 0.0000000000
86587  22.289  -58.430  8.943 0.0000000000
86588  22.692  -57.320  7.942 0.0000000000
86589  22.307  -57.397  8.192 0.0000000000
86590  23.139  -57.806  7.907 0.0000000000
86591  24.757  -59.502  7.651 0.0000000000
86592  23.952  -58.946  7.829 0.0000000000
86593  24.262  -59.549  7.825 0.0000000000
86594  23.804  -59.525  8.120 0.0000000000
86595  24.495  -60.115  7.843 0.0000000000
86596  24.633  -60.626  7.873 0.0000000000
86597  25.102  -60.677  7.638 0.0000000000
86598  26.906  -62.031  7.150 0.0000000000
86599  26.363  -62.018  7.321 0.0000000000
86600  26.854  -62.740  7.120 0.0000000000
86601  26.738  -63.399  7.107 0.0000000000
86602  27.189  -63.460  6.873 0.0000000000
86603  27.421  -64.108  6.549 0.0000000000
86604  27.601  -63.391  6.545 0.0000000000
86605  28.524  -62.380  5.738 0.0000000000
86606  28.327  -63.171  5.720 0.0000000000
86607  28.611  -62.971  5.256 0.0000000000
86608  28.580  -63.525  4.770 0.0000000000
86609  28.840  -62.744  4.758 0.0000000000
86610  28.092  -59.521  5.888 0.0000000000
86611  28.356  -60.240  5.840 0.0000000000
86612  28.572  -60.118  5.364 0.0000000000
86613  29.075  -60.980  3.721 0.0000000000
86614  29.068  -61.178  4.275 0.0000000000
86615  29.106  -61.623  3.700 0.0000000000
86616  29.021  -62.282  3.686 0.0000000000
86617  28.980  -62.009  3.188 0.0000000000
86618  28.652  -62.425  2.681 0.0000000000
86619  28.804  -61.702  2.722 0.0000000000
86620  28.152  -60.369  1.892 0.0000000000
86621  28.175  -61.040  1.896 0.0000000000
86622  27.800  -60.738  1.546 0.0000000000
86623  27.325  -61.184  1.251 0.0000000000
86624  27.419  -60.432  1.241 0.0000000000
86625  27.015  -60.156  1.009 0.0000000000
86626  27.468  -59.820  1.269 0.0000000000
92750  24.027  -63.531  0.978 0.0000000000
92751  23.016  -63.603  0.953 0.0000000000
92752  23.578  -63.014  0.814 0.0000000000
92753  23.096  -62.479  0.679 0.0000000000
92754  22.632  -61.934  0.572 0.0000000000
93213  23.984  -61.844  15.828 0.0000000000
93214  24.026  -62.545  15.692 0.0000000000
93215  23.844  -62.645  15.046 0.0000000000
93216  23.570  -63.426  14.226 0.0000000000
93217  23.118  -64.113  13.389 0.0000000000
93218  22.507  -64.662  12.597 0.0000000000
93219  22.855  -64.150  12.721 0.0000000000
93220  22.685  -64.206  12.074 0.0000000000
93221  22.509  -64.254  11.459 0.0000000000
93222  22.463  -64.317  10.867 0.0000000000
93223  22.766  -63.790  11.620 0.0000000000
93224  22.988  -63.314  11.785 0.0000000000
93225  23.024  -62.804  11.917 0.0000000000
94298  16.210  -56.180  21.843 0.0000000000
94299  15.636  -56.071  21.549 0.0000000000
94300  16.039  -55.873  21.179 0.0000000000
94301  16.418  -55.688  20.763 0.0000000000
94302  16.724  -55.504  20.403 0.0000000000
94303  15.723  -55.615  20.461 0.0000000000
94304  15.049  -55.586  20.052 0.0000000000
94305  14.414  -55.616  19.614 0.0000000000
94306  5.590  -56.081  12.818 0.0000000000
94307  6.019  -56.442  12.684 0.0000000000
94308  5.762  -55.756  12.452 0.0000000000
94309  5.892  -55.554  12.011 0.0000000000
94310  6.094  -55.360  11.765 0.0000000000
94311  6.264  -55.134  11.499 0.0000000000
94312  5.928  -54.635  11.732 0.0000000000
95383  20.951  -53.892  -2.496 0.0000000000
95384  20.464  -54.567  -2.076 0.0000000000
95385  20.298  -53.962  -2.478 0.0000000000
95386  19.606  -54.021  -2.463 0.0000000000
95387  18.916  -54.122  -2.507 0.0000000000
96790  25.549  -66.879  7.008 0.0000000000
96791  25.497  -67.551  6.812 0.0000000000
96792  25.922  -67.056  6.717 0.0000000000
96793  26.218  -67.120  6.363 0.0000000000
96794  26.467  -67.105  5.997 0.0000000000
96795  26.667  -67.070  5.607 0.0000000000
96796  26.851  -66.519  5.951 0.0000000000
96797  27.196  -65.937  5.903 0.0000000000
96798  27.467  -65.347  5.837 0.0000000000
96799  18.729  -56.155  14.118 0.0000000000
96800  19.382  -56.716  13.565 0.0000000000
96801  18.846  -56.443  13.503 0.0000000000
96802  19.022  -56.728  12.813 0.0000000000
96803  19.313  -57.005  12.144 0.0000000000
98617  6.731  -59.661  19.148 0.0000000000
98619  7.311  -59.209  18.975 0.0000000000
98620  7.940  -58.750  18.810 0.0000000000
98621  8.471  -58.336  18.591 0.0000000000
98622  8.896  -58.011  18.403 0.0000000000
98623  7.882  -58.502  17.897 0.0000000000
98624  7.305  -58.655  17.254 0.0000000000
98625  6.627  -58.757  16.567 0.0000000000
98630  5.065  -56.483  14.990 0.0000000000
98631  5.133  -56.473  14.555 0.0000000000
98632  5.321  -55.649  15.084 0.0000000000
98633  5.750  -54.781  15.227 0.0000000000
99689  18.674  -67.563  2.545 0.0000000000
99690  17.370  -67.373  2.697 0.0000000000
99691  18.146  -66.989  2.390 0.0000000000
99692  17.529  -66.386  2.314 0.0000000000
99693  16.960  -65.813  2.281 0.0000000000
99694  18.415  -63.542  1.309 0.0000000000
99695  17.594  -63.981  1.526 0.0000000000
99703  20.724  -48.005  -5.372 0.0000000000
99704  20.161  -49.012  -5.222 0.0000000000
99705  20.229  -48.150  -5.542 0.0000000000
99706  19.707  -48.246  -5.661 0.0000000000
99707  19.152  -48.273  -5.730 0.0000000000
101083  24.323  -63.739  18.561 0.0000000000
101084  23.196  -65.387  14.786 0.0000000000
101085  23.389  -65.481  15.375 0.0000000000
101086  22.721  -65.937  14.597 0.0000000000
101087  22.090  -66.406  14.355 0.0000000000
101088  21.415  -66.774  14.238 0.0000000000
101089  20.676  -67.046  14.264 0.0000000000
101090  20.404  -66.587  13.950 0.0000000000
101091  19.415  -66.178  13.844 0.0000000000
101092  18.487  -65.664  13.766 0.0000000000
101093  17.676  -65.299  13.558 0.0000000000
101094  18.334  -65.326  13.246 0.0000000000
101095  18.158  -65.179  12.675 0.0000000000
101096  17.981  -65.137  12.028 0.0000000000
101097  19.922  -65.367  10.106 0.0000000000
101098  19.261  -65.367  10.225 0.0000000000
101099  19.403  -65.313  9.558 0.0000000000
101110  22.716  -64.674  8.658 0.0000000000
101111  22.475  -65.101  8.077 0.0000000000
101112  22.893  -64.827  8.155 0.0000000000
101113  23.202  -65.109  7.891 0.0000000000
101114  23.492  -65.445  7.739 0.0000000000
101115  23.874  -65.773  7.701 0.0000000000
101116  23.785  -65.112  7.804 0.0000000000
101117  24.030  -64.725  7.816 0.0000000000
101118  24.248  -64.310  7.823 0.0000000000
101119  13.995  -54.097  12.581 0.0000000000
102930  25.740  -58.477  0.331 0.0000000000
102933  25.017  -56.748  -0.285 0.0000000000
102934  24.372  -53.435  -0.838 0.0000000000
102935  24.375  -54.162  -0.910 0.0000000000
102936  24.112  -53.506  -1.257 0.0000000000
102937  23.799  -53.574  -1.631 0.0000000000
102938  23.434  -53.642  -1.958 0.0000000000
102939  23.017  -53.752  -2.140 0.0000000000
102940  23.251  -53.064  -2.246 0.0000000000
102941  23.066  -52.442  -2.577 0.0000000000
102942  22.905  -51.742  -2.915 0.0000000000
102950  20.778  -46.165  -2.603 0.0000000000
102951  21.641  -46.920  -2.708 0.0000000000
102952  22.317  -47.647  -2.952 0.0000000000
102953  22.636  -48.477  -3.162 0.0000000000
102954  22.283  -47.630  -3.324 0.0000000000
102955  22.185  -47.580  -3.686 0.0000000000
102956  22.074  -47.601  -4.029 0.0000000000
102957  21.938  -47.678  -4.341 0.0000000000
102958  21.730  -46.670  -4.148 0.0000000000
102959  21.291  -45.697  -4.291 0.0000000000
102960  20.805  -44.764  -4.456 0.0000000000
104337  20.248  -56.647  20.729 0.0000000000
104338  20.904  -56.999  20.812 0.0000000000
104339  21.168  -56.927  20.313 0.0000000000
104340  21.977  -57.411  19.780 0.0000000000
104341  22.673  -57.962  19.209 0.0000000000
104342  23.219  -58.574  18.596 0.0000000000
104343  22.789  -58.004  18.618 0.0000000000
104344  22.829  -58.092  17.994 0.0000000000
104345  22.786  -58.243  17.343 0.0000000000
104346  22.753  -58.386  16.774 0.0000000000
104347  22.292  -57.729  17.408 0.0000000000
104348  21.780  -57.297  17.425 0.0000000000
104349  21.136  -56.830  17.447 0.0000000000
104350  17.605  -55.079  18.610 0.0000000000
104351  18.410  -55.236  18.324 0.0000000000
104352  17.761  -55.055  18.102 0.0000000000
104353  17.910  -55.037  17.566 0.0000000000
104354  18.070  -55.137  16.994 0.0000000000
104355  18.214  -55.226  16.426 0.0000000000
104356  17.482  -54.930  16.783 0.0000000000
104357  16.821  -54.759  16.589 0.0000000000
104358  16.158  -54.635  16.311 0.0000000000
104359  10.485  -56.886  17.607 0.0000000000
104360  11.386  -56.467  18.004 0.0000000000
104361  10.753  -56.644  17.353 0.0000000000
104362  10.985  -56.387  17.119 0.0000000000
104363  11.201  -56.153  16.846 0.0000000000
104364  9.355  -55.892  14.326 0.0000000000
104365  10.175  -55.843  15.024 0.0000000000
104366  10.293  -55.535  14.767 0.0000000000
104367  11.113  -55.154  15.099 0.0000000000
104368  11.955  -54.894  15.443 0.0000000000
104369  12.845  -54.686  15.629 0.0000000000
104370  12.110  -54.662  15.157 0.0000000000
104371  12.249  -54.423  14.886 0.0000000000
104372  12.510  -54.231  14.538 0.0000000000
104373  12.794  -54.071  14.211 0.0000000000
104374  11.786  -54.201  14.067 0.0000000000
104375  11.103  -54.186  13.525 0.0000000000
104376  10.447  -54.174  12.905 0.0000000000
104377  6.988  -54.088  10.438 0.0000000000
104378  7.619  -54.281  10.546 0.0000000000
104379  7.232  -53.866  10.217 0.0000000000
107560  12.149  -66.474  4.203 0.0000000000
107587  23.122  -58.885  -0.120 0.0000000000
107588  22.761  -59.540  0.049 0.0000000000
107589  22.341  -58.911  -0.067 0.0000000000
107590  21.564  -58.909  0.059 0.0000000000
107591  20.749  -58.902  0.195 0.0000000000
111810  18.807  -71.958  5.051 0.0000000000
111814  22.029  -70.382  7.889 0.0000000000
111815  22.270  -70.575  7.477 0.0000000000
111816  24.378  -69.691  5.692 0.0000000000
111817  23.763  -70.115  5.882 0.0000000000
111818  23.830  -70.064  5.377 0.0000000000
111819  23.221  -70.380  5.140 0.0000000000
111820  22.487  -70.672  4.909 0.0000000000
111821  21.628  -70.908  4.673 0.0000000000
111822  22.210  -70.451  4.416 0.0000000000
111823  21.913  -70.172  4.005 0.0000000000
111824  21.590  -69.833  3.667 0.0000000000
111825  21.189  -69.439  3.355 0.0000000000
111826  22.273  -69.374  3.424 0.0000000000
111827  22.950  -68.849  3.232 0.0000000000
111828  23.567  -68.360  3.047 0.0000000000
111829  26.839  -66.414  3.651 0.0000000000
111830  26.251  -66.798  3.299 0.0000000000
111831  26.744  -66.137  3.154 0.0000000000
111832  26.572  -65.787  2.720 0.0000000000
111833  26.306  -65.421  2.346 0.0000000000
111834  25.995  -65.018  1.972 0.0000000000
111835  26.777  -64.747  2.223 0.0000000000
111836  27.202  -64.092  2.079 0.0000000000
111837  27.566  -63.408  1.902 0.0000000000
111838  22.472  -59.316  14.407 0.0000000000
111839  22.737  -60.121  13.774 0.0000000000
111840  22.410  -59.632  13.753 0.0000000000
111841  22.418  -59.935  13.052 0.0000000000
111842  22.449  -60.257  12.366 0.0000000000
111843  21.987  -59.437  11.019 0.0000000000
111844  22.250  -59.900  11.029 0.0000000000
111845  22.609  -60.082  10.380 0.0000000000
111846  23.140  -60.699  9.733 0.0000000000
111847  23.574  -61.304  9.140 0.0000000000
111848  23.942  -61.905  8.608 0.0000000000
111849  23.938  -61.464  8.564 0.0000000000
111850  24.319  -61.585  8.176 0.0000000000
111851  24.767  -61.728  7.883 0.0000000000
111853  18.900  -56.827  10.718 0.0000000000
111854  19.351  -56.845  10.105 0.0000000000
111855  20.423  -57.051  9.579 0.0000000000
111856  21.465  -57.463  9.006 0.0000000000
111857  24.483  -58.196  7.532 0.0000000000
111858  24.007  -58.282  7.672 0.0000000000
111859  24.921  -58.843  7.474 0.0000000000
111860  25.264  -59.448  7.476 0.0000000000
111861  25.512  -60.065  7.476 0.0000000000
111862  25.676  -60.698  7.472 0.0000000000
111863  26.242  -60.660  7.289 0.0000000000
111864  26.851  -61.328  7.095 0.0000000000
111865  27.355  -61.952  6.872 0.0000000000
111866  27.735  -62.610  6.554 0.0000000000
111867  27.810  -61.852  6.589 0.0000000000
111868  28.242  -61.813  6.196 0.0000000000
111869  28.564  -61.657  5.741 0.0000000000
111871  28.710  -59.935  4.850 0.0000000000
111873  28.942  -60.266  3.777 0.0000000000
111874  28.940  -60.642  3.219 0.0000000000
111875  28.811  -60.987  2.720 0.0000000000
111876  28.725  -60.309  2.736 0.0000000000
111877  28.404  -60.044  2.266 0.0000000000
116576  21.570  -65.792  1.612 0.0000000000
116577  20.360  -65.687  1.662 0.0000000000
116578  21.043  -65.218  1.444 0.0000000000
116579  20.622  -64.653  1.364 0.0000000000
116580  20.108  -64.113  1.300 0.0000000000
116581  21.952  -63.658  1.006 0.0000000000
116582  20.773  -63.598  1.097 0.0000000000
116583  19.595  -63.559  1.199 0.0000000000
116584  19.162  -63.034  1.106 0.0000000000
117657  24.386  -61.340  18.450 0.0000000000
117658  24.453  -62.169  18.290 0.0000000000
117659  24.404  -62.240  17.690 0.0000000000
117660  24.277  -63.135  16.848 0.0000000000
117661  24.007  -64.025  15.906 0.0000000000
117662  23.985  -63.258  15.533 0.0000000000
117663  23.849  -63.995  15.316 0.0000000000
117664  23.595  -64.702  15.025 0.0000000000
117665  22.882  -65.241  14.167 0.0000000000
117666  22.037  -65.577  13.412 0.0000000000
117667  21.108  -65.605  12.898 0.0000000000
117668  20.140  -65.528  12.543 0.0000000000
117669  20.847  -65.449  12.434 0.0000000000
117670  20.603  -65.393  11.894 0.0000000000
117671  20.510  -65.374  11.309 0.0000000000
117672  21.851  -65.031  11.947 0.0000000000
117673  21.128  -65.228  11.298 0.0000000000
117674  20.480  -65.346  10.690 0.0000000000
117675  20.499  -65.337  10.058 0.0000000000
117676  20.617  -65.339  9.420 0.0000000000
117677  20.792  -65.329  8.830 0.0000000000
117679  21.290  -65.209  8.913 0.0000000000
117680  21.772  -65.050  8.982 0.0000000000
117681  22.220  -64.847  9.052 0.0000000000
117682  22.451  -64.390  10.272 0.0000000000
117683  22.474  -64.465  9.687 0.0000000000
117684  22.593  -64.572  9.183 0.0000000000
117685  22.845  -64.198  9.244 0.0000000000
117686  23.047  -63.809  9.290 0.0000000000
117687  23.230  -63.409  9.342 0.0000000000
119105  24.088  -52.077  -1.218 0.0000000000
119106  23.892  -51.435  -1.515 0.0000000000
119117  19.487  -44.290  -3.391 0.0000000000
120191  18.910  -56.486  21.603 0.0000000000
120192  17.261  -56.166  21.694 0.0000000000
120193  18.301  -56.247  21.447 0.0000000000
120194  19.293  -56.406  21.129 0.0000000000
120195  19.635  -56.335  20.643 0.0000000000
120196  19.875  -56.213  20.096 0.0000000000
120197  20.056  -56.115  19.557 0.0000000000
120198  20.232  -56.116  19.097 0.0000000000
120199  19.401  -55.818  19.499 0.0000000000
120200  18.716  -55.529  19.423 0.0000000000
120201  18.047  -55.290  19.298 0.0000000000
120202  16.960  -55.335  19.964 0.0000000000
120203  17.189  -55.220  19.523 0.0000000000
120204  17.438  -55.148  19.084 0.0000000000
120205  16.742  -55.019  18.800 0.0000000000
120206  16.045  -54.944  18.470 0.0000000000
120207  15.359  -54.920  18.110 0.0000000000
120208  7.599  -57.572  14.671 0.0000000000
120209  8.637  -57.209  15.130 0.0000000000
120210  7.871  -57.249  14.439 0.0000000000
120211  8.119  -56.916  14.245 0.0000000000
120212  8.312  -56.570  14.054 0.0000000000
120213  6.725  -56.580  12.901 0.0000000000
120214  7.526  -56.535  13.352 0.0000000000
120215  8.425  -56.254  13.872 0.0000000000
120216  8.517  -55.905  13.601 0.0000000000
120217  8.653  -55.540  13.300 0.0000000000
120218  8.805  -55.227  13.052 0.0000000000
120219  9.029  -54.919  12.806 0.0000000000
120220  8.196  -55.167  12.281 0.0000000000
120221  7.626  -55.032  11.548 0.0000000000
120222  7.106  -54.779  10.901 0.0000000000
120223  6.395  -54.958  11.212 0.0000000000
120224  6.582  -54.586  10.944 0.0000000000
120225  6.739  -54.308  10.662 0.0000000000
122719  21.743  -56.317  -1.065 0.0000000000
122720  21.336  -56.912  -0.702 0.0000000000
122721  21.080  -56.327  -1.038 0.0000000000
122722  20.384  -56.344  -0.944 0.0000000000
122723  19.595  -56.503  -0.884 0.0000000000
122724  19.939  -55.244  -1.631 0.0000000000
122725  19.387  -55.957  -1.229 0.0000000000
126004  23.634  -68.596  7.499 0.0000000000
126005  23.427  -69.229  7.388 0.0000000000
126006  24.003  -68.896  7.173 0.0000000000
126007  24.344  -69.137  6.804 0.0000000000
126008  24.595  -69.231  6.385 0.0000000000
126009  25.354  -68.213  6.569 0.0000000000
126010  25.115  -68.783  6.260 0.0000000000
126011  24.789  -69.261  5.947 0.0000000000
126012  24.935  -69.225  5.507 0.0000000000
126013  24.998  -69.114  5.026 0.0000000000
126014  24.985  -68.989  4.511 0.0000000000
126015  24.888  -68.799  4.069 0.0000000000
126016  25.508  -68.429  4.416 0.0000000000
126017  26.003  -67.841  4.352 0.0000000000
126018  26.443  -67.251  4.267 0.0000000000
126019  26.751  -66.983  5.143 0.0000000000
126020  26.846  -66.835  4.671 0.0000000000
126021  26.903  -66.648  4.165 0.0000000000
126022  27.297  -66.013  4.037 0.0000000000
126023  27.680  -65.327  3.925 0.0000000000
126024  28.053  -64.603  3.815 0.0000000000
126025  20.769  -57.528  14.395 0.0000000000
126026  21.345  -58.276  13.742 0.0000000000
126027  20.869  -57.852  13.731 0.0000000000
126028  20.996  -58.186  13.055 0.0000000000
126029  21.170  -58.509  12.339 0.0000000000
126030  20.065  -57.378  12.952 0.0000000000
126031  20.762  -58.098  12.290 0.0000000000
126032  21.411  -58.782  11.641 0.0000000000
126033  21.706  -59.005  10.978 0.0000000000
126034  22.085  -59.095  10.363 0.0000000000
126035  22.489  -59.219  9.754 0.0000000000
126039  22.192  -56.824  7.993 0.0000000000
126040  23.114  -57.234  7.749 0.0000000000
126043  24.051  -57.639  7.577 0.0000000000
126044  25.038  -58.122  7.374 0.0000000000
126045  25.956  -58.633  7.144 0.0000000000
126046  26.741  -59.199  6.889 0.0000000000
126047  27.490  -59.795  6.626 0.0000000000
126048  27.150  -59.119  6.588 0.0000000000
130119  11.369  -57.256  20.861 0.0000000000
130120  11.957  -56.944  20.588 0.0000000000
130121  12.449  -56.631  20.282 0.0000000000
130122  12.815  -56.388  20.016 0.0000000000
130123  11.886  -56.743  19.720 0.0000000000
130124  11.321  -56.849  19.103 0.0000000000
130125  10.727  -56.985  18.452 0.0000000000
130126  9.317  -57.711  18.209 0.0000000000
130127  9.740  -57.439  18.001 0.0000000000
130128  10.121  -57.171  17.819 0.0000000000
130129  9.495  -57.371  17.070 0.0000000000
130130  8.836  -57.548  16.334 0.0000000000
130131  8.100  -57.725  15.619 0.0000000000
130132  5.288  -58.977  16.666 0.0000000000
130133  5.594  -58.903  16.263 0.0000000000
130134  5.981  -58.705  15.976 0.0000000000
130135  4.962  -57.963  15.653 0.0000000000
130136  5.434  -58.473  15.512 0.0000000000
130137  6.328  -58.580  15.633 0.0000000000
130138  6.692  -58.346  15.383 0.0000000000
130139  7.009  -58.095  15.133 0.0000000000
130140  7.294  -57.880  14.903 0.0000000000
130141  6.624  -57.739  14.287 0.0000000000
130142  6.066  -57.410  13.785 0.0000000000
130143  5.622  -56.890  13.416 0.0000000000
130144  5.175  -56.428  14.102 0.0000000000
130145  5.326  -56.296  13.683 0.0000000000
130146  5.473  -56.185  13.249 0.0000000000
130147  5.480  -55.306  13.282 0.0000000000
130148  5.632  -54.409  13.460 0.0000000000
132374  16.435  -69.164  3.716 0.0000000000
132375  15.243  -68.918  4.029 0.0000000000
132376  15.739  -68.549  3.614 0.0000000000
132377  14.995  -67.917  3.610 0.0000000000
132378  14.214  -67.292  3.656 0.0000000000
132379  16.141  -67.148  2.904 0.0000000000
132380  14.824  -66.915  3.251 0.0000000000
132381  13.453  -66.672  3.714 0.0000000000
132382  12.761  -66.118  3.757 0.0000000000
132385  19.100  -65.559  1.788 0.0000000000
132386  17.784  -65.387  1.992 0.0000000000
132387  16.406  -65.272  2.223 0.0000000000
132388  16.803  -64.350  1.838 0.0000000000
132389  15.901  -64.741  2.183 0.0000000000
132390  15.040  -65.086  2.547 0.0000000000
132403  20.649  -51.274  -4.040 0.0000000000
132404  20.113  -52.021  -3.719 0.0000000000
132405  20.091  -51.346  -4.115 0.0000000000
132406  19.491  -51.400  -4.161 0.0000000000
132407  18.797  -51.405  -4.192 0.0000000000
132408  19.526  -49.879  -4.935 0.0000000000
132409  18.862  -50.644  -4.586 0.0000000000
132415  19.199  -47.506  -6.026 0.0000000000
135320  24.458  -62.989  18.120 0.0000000000
135321  24.365  -63.802  17.908 0.0000000000
135322  24.160  -64.661  17.663 0.0000000000
135323  23.578  -65.516  15.960 0.0000000000
135324  23.725  -65.521  16.584 0.0000000000
135325  23.851  -65.482  17.263 0.0000000000
135326  23.489  -66.212  16.883 0.0000000000
135332  19.892  -67.207  14.418 0.0000000000
135333  19.154  -67.285  14.681 0.0000000000
135342  16.821  -65.033  13.209 0.0000000000
135348  19.314  -65.404  12.164 0.0000000000
135349  18.573  -65.256  11.759 0.0000000000
135350  17.966  -65.095  11.218 0.0000000000
135351  18.656  -65.282  10.349 0.0000000000
135352  18.014  -65.091  10.448 0.0000000000
135353  17.337  -64.875  10.627 0.0000000000
135375  22.791  -68.547  7.976 0.0000000000
135379  22.348  -65.575  7.795 0.0000000000
135382  22.480  -67.325  7.938 0.0000000000
135383  22.902  -67.802  7.932 0.0000000000
135384  23.288  -68.233  7.782 0.0000000000
135385  23.793  -67.907  7.614 0.0000000000
135386  24.290  -67.556  7.468 0.0000000000
135387  24.767  -67.139  7.353 0.0000000000
135388  24.289  -66.059  7.608 0.0000000000
135389  24.743  -66.342  7.488 0.0000000000
135390  25.166  -66.648  7.262 0.0000000000
135391  25.537  -66.182  7.216 0.0000000000
135392  25.841  -65.697  7.183 0.0000000000
135393  26.103  -65.173  7.148 0.0000000000
135394  16.563  -55.049  13.481 0.0000000000
135395  17.307  -55.597  13.048 0.0000000000
135396  16.738  -55.297  12.917 0.0000000000
135397  16.936  -55.581  12.371 0.0000000000
135398  17.146  -55.880  11.814 0.0000000000
139163  25.698  -60.993  0.677 0.0000000000
139164  24.948  -61.046  0.554 0.0000000000
139165  25.225  -60.415  0.485 0.0000000000
139166  24.770  -59.894  0.307 0.0000000000
139167  24.334  -59.389  0.143 0.0000000000
139168  25.188  -58.652  0.157 0.0000000000
139169  24.549  -58.725  0.021 0.0000000000
139170  23.863  -58.815  -0.069 0.0000000000
139171  23.398  -58.231  -0.284 0.0000000000
139172  22.988  -57.572  -0.505 0.0000000000
139173  22.654  -56.934  -0.789 0.0000000000
139176  24.587  -56.123  -0.576 0.0000000000
139177  24.310  -54.849  -0.914 0.0000000000
139178  24.215  -55.534  -0.850 0.0000000000
139179  24.086  -56.215  -0.746 0.0000000000
139180  23.552  -56.294  -0.891 0.0000000000
139181  22.964  -56.284  -1.031 0.0000000000
139182  22.361  -56.314  -1.060 0.0000000000
139183  22.083  -55.735  -1.388 0.0000000000
139184  21.826  -55.121  -1.755 0.0000000000
139185  21.666  -54.492  -2.104 0.0000000000
139186  22.555  -53.823  -2.282 0.0000000000
139187  22.054  -53.859  -2.391 0.0000000000
139188  21.540  -53.844  -2.479 0.0000000000
139189  21.371  -53.248  -2.852 0.0000000000
139190  21.277  -52.597  -3.229 0.0000000000
139191  21.250  -51.882  -3.584 0.0000000000
139198  23.644  -50.575  -0.918 0.0000000000
139199  23.661  -50.670  -1.347 0.0000000000
139200  23.627  -50.749  -1.766 0.0000000000
139203  21.914  -47.933  -1.386 0.0000000000
139204  21.411  -47.085  -2.034 0.0000000000
139205  22.077  -47.863  -1.774 0.0000000000
139206  22.573  -48.548  -1.558 0.0000000000
139207  23.053  -49.184  -1.786 0.0000000000
139208  23.386  -49.935  -2.016 0.0000000000
139209  23.523  -50.810  -2.183 0.0000000000
139210  23.329  -50.900  -2.548 0.0000000000
139211  23.079  -50.963  -2.871 0.0000000000
139212  22.785  -51.014  -3.163 0.0000000000
139213  22.752  -49.348  -3.326 0.0000000000
139214  22.672  -50.217  -3.417 0.0000000000
139215  22.444  -51.069  -3.410 0.0000000000
139216  22.078  -51.087  -3.604 0.0000000000
139217  21.662  -51.112  -3.785 0.0000000000
139218  21.192  -51.181  -3.936 0.0000000000
139219  21.138  -50.457  -4.278 0.0000000000
139220  21.183  -49.590  -4.651 0.0000000000
139221  21.114  -48.771  -4.931 0.0000000000
139222  21.702  -47.670  -4.653 0.0000000000
139224  21.119  -47.911  -5.170 0.0000000000
142031  24.005  -60.357  19.824 0.0000000000
142035  21.535  -57.411  20.901 0.0000000000
142036  22.071  -57.868  20.977 0.0000000000
142038  23.193  -58.949  20.519 0.0000000000
142039  23.732  -59.673  19.868 0.0000000000
142040  24.157  -60.479  19.216 0.0000000000
142041  24.231  -60.596  18.512 0.0000000000
142042  24.199  -60.726  17.836 0.0000000000
142043  24.133  -60.882  17.194 0.0000000000
142044  23.610  -59.354  17.947 0.0000000000
142045  23.888  -60.204  17.264 0.0000000000
142046  24.035  -61.038  16.555 0.0000000000
142047  23.869  -61.143  15.931 0.0000000000
142048  23.721  -61.292  15.294 0.0000000000
142049  23.572  -61.439  14.619 0.0000000000
142050  23.411  -61.614  14.024 0.0000000000
142051  23.419  -60.824  14.746 0.0000000000
142052  23.201  -60.204  14.869 0.0000000000
142053  22.919  -59.599  14.965 0.0000000000
142054  22.712  -58.613  16.201 0.0000000000
142055  22.657  -58.851  15.605 0.0000000000
142056  22.561  -59.061  15.003 0.0000000000
142057  22.165  -58.588  15.010 0.0000000000
142058  21.728  -58.088  15.071 0.0000000000
142059  21.229  -57.631  15.113 0.0000000000
142060  20.325  -56.196  18.585 0.0000000000
142061  20.408  -56.293  18.033 0.0000000000
142062  20.466  -56.408  17.456 0.0000000000
142063  19.173  -55.599  17.896 0.0000000000
142064  19.834  -56.042  17.422 0.0000000000
142065  20.517  -56.583  16.869 0.0000000000
142066  20.598  -56.791  16.266 0.0000000000
142067  20.618  -57.001  15.687 0.0000000000
142068  20.651  -57.251  15.060 0.0000000000
142069  20.106  -56.845  14.996 0.0000000000
142070  19.611  -56.472  14.925 0.0000000000
142071  19.151  -56.159  14.835 0.0000000000
142072  18.353  -55.414  15.866 0.0000000000
142073  18.495  -55.629  15.298 0.0000000000
142074  18.665  -55.894  14.729 0.0000000000
142075  18.068  -55.626  14.553 0.0000000000
142076  17.468  -55.358  14.376 0.0000000000
142077  16.910  -55.107  14.189 0.0000000000
142078  13.136  -56.143  19.766 0.0000000000
142079  13.446  -55.907  19.443 0.0000000000
142080  13.762  -55.656  19.124 0.0000000000
142081  12.266  -56.095  18.329 0.0000000000
142082  13.151  -55.710  18.612 0.0000000000
142083  14.047  -55.463  18.800 0.0000000000
142084  14.279  -55.284  18.433 0.0000000000
142085  14.476  -55.101  18.092 0.0000000000
142086  14.660  -54.944  17.739 0.0000000000
142087  9.626  -56.776  15.684 0.0000000000
142088  10.538  -56.323  16.186 0.0000000000
142089  11.373  -55.895  16.579 0.0000000000
142090  10.898  -55.768  15.677 0.0000000000
142091  11.511  -55.644  16.299 0.0000000000
142092  12.182  -55.515  16.897 0.0000000000
142093  13.058  -55.242  17.167 0.0000000000
142094  13.924  -54.981  17.295 0.0000000000
142095  14.828  -54.785  17.346 0.0000000000
142096  15.027  -54.676  16.933 0.0000000000
142097  15.254  -54.601  16.478 0.0000000000
142098  15.472  -54.529  16.001 0.0000000000
142099  13.808  -54.513  15.708 0.0000000000
142100  14.775  -54.448  15.671 0.0000000000
142101  15.703  -54.547  15.504 0.0000000000
142102  15.914  -54.588  15.016 0.0000000000
142103  16.176  -54.698  14.494 0.0000000000
142104  16.402  -54.865  13.990 0.0000000000
142105  15.787  -54.638  13.756 0.0000000000
142106  15.119  -54.399  13.541 0.0000000000
142107  14.417  -54.162  13.320 0.0000000000
142108  13.088  -53.954  13.817 0.0000000000
142109  13.385  -53.937  13.432 0.0000000000
142110  13.698  -53.946  13.011 0.0000000000
142111  13.049  -53.823  12.671 0.0000000000
142112  12.345  -53.733  12.237 0.0000000000
142113  11.624  -53.665  11.764 0.0000000000
142114  9.265  -54.636  12.552 0.0000000000
142115  9.528  -54.386  12.365 0.0000000000
142116  9.820  -54.136  12.206 0.0000000000
142117  8.392  -54.242  10.909 0.0000000000
142118  9.214  -54.084  11.429 0.0000000000
142119  10.033  -53.953  11.931 0.0000000000
142120  10.306  -53.811  11.704 0.0000000000
142121  10.611  -53.688  11.498 0.0000000000
148546  13.981  -68.661  4.475 0.0000000000
148600  24.079  -61.173  0.463 0.0000000000
148601  23.171  -61.294  0.426 0.0000000000
148602  22.193  -61.377  0.458 0.0000000000
148603  22.320  -60.177  0.215 0.0000000000
148604  21.801  -60.774  0.376 0.0000000000
148605  21.199  -61.351  0.562 0.0000000000
148606  20.192  -61.359  0.706 0.0000000000
148609  20.876  -57.542  -0.321 0.0000000000
148610  20.371  -58.223  0.021 0.0000000000
148627  19.520  -52.764  -3.322 0.0000000000
148628  18.861  -53.515  -2.921 0.0000000000
157063  16.289  -70.443  4.430 0.0000000000
157064  16.679  -70.078  4.081 0.0000000000
157073  20.397  -72.348  6.811 0.0000000000
157074  23.153  -69.819  7.276 0.0000000000
157075  22.850  -70.326  7.138 0.0000000000
157076  22.414  -70.767  6.987 0.0000000000
157077  23.143  -70.533  6.124 0.0000000000
157078  22.524  -70.937  6.448 0.0000000000
157079  21.876  -71.173  6.836 0.0000000000
157080  21.414  -71.590  6.614 0.0000000000
157081  20.903  -71.978  6.368 0.0000000000
157082  20.293  -72.324  6.200 0.0000000000
157083  20.113  -72.197  5.657 0.0000000000
157084  19.736  -71.903  5.160 0.0000000000
157085  19.365  -71.536  4.736 0.0000000000
157086  20.750  -71.068  4.515 0.0000000000
157087  19.853  -71.135  4.436 0.0000000000
157088  18.917  -71.138  4.383 0.0000000000
157089  18.395  -70.688  4.080 0.0000000000
157090  17.824  -70.209  3.863 0.0000000000
157091  17.185  -69.699  3.751 0.0000000000
157092  17.724  -69.307  3.444 0.0000000000
157093  18.211  -68.895  3.145 0.0000000000
157094  18.851  -68.509  2.848 0.0000000000
157095  20.689  -69.013  3.055 0.0000000000
157096  20.082  -68.558  2.783 0.0000000000
157097  19.436  -68.068  2.651 0.0000000000
157098  20.116  -67.644  2.427 0.0000000000
157099  20.832  -67.189  2.201 0.0000000000
157100  21.507  -66.692  2.001 0.0000000000
157101  24.689  -68.525  3.647 0.0000000000
157102  24.468  -68.258  3.226 0.0000000000
157103  24.123  -67.887  2.904 0.0000000000
157104  25.570  -67.074  2.979 0.0000000000
157105  24.653  -67.368  2.793 0.0000000000
157106  23.717  -67.496  2.619 0.0000000000
157107  23.312  -67.001  2.307 0.0000000000
157108  22.744  -66.618  2.019 0.0000000000
157109  22.158  -66.231  1.792 0.0000000000
157110  22.828  -65.707  1.620 0.0000000000
157111  23.489  -65.133  1.460 0.0000000000
157112  24.074  -64.539  1.308 0.0000000000
157113  25.580  -64.686  1.659 0.0000000000
157114  25.129  -64.344  1.388 0.0000000000
157115  24.584  -63.926  1.162 0.0000000000
157116  25.090  -63.264  1.024 0.0000000000
157117  25.493  -62.573  0.965 0.0000000000
157118  25.867  -61.927  0.894 0.0000000000
157119  23.261  -61.827  13.379 0.0000000000
157120  23.090  -62.031  12.752 0.0000000000
157121  23.035  -62.269  12.042 0.0000000000
157122  22.882  -60.983  12.955 0.0000000000
157123  22.996  -61.746  12.150 0.0000000000
157124  23.034  -62.466  11.328 0.0000000000
157125  23.089  -62.636  10.624 0.0000000000
157126  23.198  -62.779  10.023 0.0000000000
157127  23.395  -62.955  9.447 0.0000000000
157128  21.787  -59.038  13.087 0.0000000000
157129  22.172  -59.842  12.377 0.0000000000
157130  22.526  -60.523  11.689 0.0000000000
157131  22.467  -60.338  11.043 0.0000000000
157132  22.706  -60.709  11.057 0.0000000000
157133  22.893  -61.170  11.004 0.0000000000
157134  23.205  -61.884  10.243 0.0000000000
157135  23.413  -62.522  9.515 0.0000000000
157136  23.556  -63.150  8.874 0.0000000000
157137  23.781  -63.364  8.413 0.0000000000
157138  24.073  -63.603  8.060 0.0000000000
157139  24.439  -63.835  7.839 0.0000000000
157140  24.280  -62.585  8.178 0.0000000000
157141  24.609  -63.334  7.863 0.0000000000
157142  24.912  -64.069  7.655 0.0000000000
157143  25.429  -64.284  7.507 0.0000000000
157144  25.874  -64.431  7.352 0.0000000000
157145  26.339  -64.595  7.138 0.0000000000
157146  18.037  -56.149  12.552 0.0000000000
157147  18.787  -56.708  12.054 0.0000000000
157148  19.653  -57.248  11.524 0.0000000000
157149  19.446  -57.125  10.769 0.0000000000
157150  20.034  -57.430  10.825 0.0000000000
157151  20.549  -57.786  10.850 0.0000000000
157152  21.414  -58.323  10.215 0.0000000000
157153  22.223  -58.836  9.630 0.0000000000
157154  22.914  -59.372  9.104 0.0000000000
157155  21.446  -57.019  8.575 0.0000000000
157156  21.902  -57.415  8.562 0.0000000000
157157  22.384  -57.941  8.477 0.0000000000
157158  23.571  -58.341  7.843 0.0000000000
157159  23.167  -58.434  8.061 0.0000000000
157160  22.740  -58.453  8.470 0.0000000000
157161  23.071  -58.960  8.497 0.0000000000
157162  23.371  -59.468  8.531 0.0000000000
157163  23.592  -60.005  8.603 0.0000000000
157164  24.177  -60.580  8.188 0.0000000000
157165  24.709  -61.192  7.871 0.0000000000
157166  25.319  -61.874  7.680 0.0000000000
157167  25.747  -61.320  7.477 0.0000000000
157168  25.836  -61.956  7.483 0.0000000000
157169  25.836  -62.574  7.472 0.0000000000
157170  26.258  -63.304  7.299 0.0000000000
157171  26.564  -64.010  7.117 0.0000000000
157172  26.814  -64.728  6.879 0.0000000000
157173  27.194  -64.783  6.564 0.0000000000
157174  27.511  -64.750  6.218 0.0000000000
157175  27.773  -64.657  5.774 0.0000000000
157176  27.983  -63.294  6.185 0.0000000000
157177  28.078  -63.926  5.726 0.0000000000
157178  28.030  -64.511  5.300 0.0000000000
157179  28.243  -64.312  4.802 0.0000000000
157180  28.358  -64.062  4.251 0.0000000000
157181  28.430  -63.827  3.721 0.0000000000
157182  28.083  -60.369  6.255 0.0000000000
157183  28.507  -60.948  5.788 0.0000000000
157184  28.849  -61.513  5.219 0.0000000000
157185  28.878  -60.653  4.834 0.0000000000
157186  28.981  -61.360  4.778 0.0000000000
157187  28.978  -62.053  4.731 0.0000000000
157188  28.966  -62.533  4.206 0.0000000000
157189  28.809  -63.014  3.650 0.0000000000
157190  28.460  -63.524  3.174 0.0000000000
157191  28.384  -63.162  2.611 0.0000000000
157192  28.182  -62.895  2.223 0.0000000000
157193  27.920  -62.660  1.887 0.0000000000
157194  28.588  -61.357  2.296 0.0000000000
157195  28.111  -61.818  1.901 0.0000000000
157196  27.524  -62.258  1.591 0.0000000000
157197  27.112  -61.916  1.289 0.0000000000
157198  26.645  -61.574  1.018 0.0000000000
157199  26.190  -61.257  0.847 0.0000000000
157200  26.429  -60.590  0.820 0.0000000000
157201  26.576  -59.863  0.774 0.0000000000
157202  26.630  -59.320  0.790 0.0000000000
