#!ascii label  , from subject fsaverage vox2ras=TkReg
528
41  61.501  -34.900  -14.218 0.0000000000
451  64.428  -36.168  -7.635 0.0000000000
837  65.671  -29.606  -12.717 0.0000000000
841  57.822  -34.781  -15.378 0.0000000000
2010  64.219  -31.186  -9.422 0.0000000000
2011  64.834  -35.647  -11.914 0.0000000000
2526  56.472  -41.188  -14.465 0.0000000000
2527  54.805  -42.042  -17.100 0.0000000000
2757  63.950  -32.155  -13.824 0.0000000000
2759  61.932  -31.996  -15.190 0.0000000000
2760  60.189  -31.866  -16.045 0.0000000000
2761  59.608  -34.661  -14.852 0.0000000000
4408  61.683  -32.707  -8.965 0.0000000000
4409  64.298  -33.525  -8.588 0.0000000000
4410  65.777  -33.059  -10.093 0.0000000000
4411  64.770  -35.643  -9.580 0.0000000000
5671  56.847  -44.540  -16.188 0.0000000000
5672  55.194  -41.817  -15.541 0.0000000000
5673  56.596  -44.883  -17.903 0.0000000000
6113  65.197  -27.900  -11.275 0.0000000000
6120  57.888  -31.297  -16.137 0.0000000000
6121  55.778  -34.420  -15.794 0.0000000000
8607  60.677  -30.910  -9.925 0.0000000000
8608  63.452  -29.314  -10.384 0.0000000000
8609  65.782  -30.407  -10.814 0.0000000000
8610  65.483  -32.635  -12.185 0.0000000000
8611  63.481  -35.401  -13.597 0.0000000000
10106  62.917  -38.285  -12.607 0.0000000000
10107  61.474  -38.279  -13.988 0.0000000000
10133  58.973  -41.048  -13.926 0.0000000000
10134  58.842  -37.676  -14.000 0.0000000000
10135  56.667  -37.630  -14.290 0.0000000000
10136  54.892  -38.144  -14.959 0.0000000000
10137  53.861  -38.260  -16.274 0.0000000000
10437  62.709  -33.517  -14.114 0.0000000000
10438  62.926  -32.026  -14.447 0.0000000000
10439  61.702  -33.431  -14.617 0.0000000000
10440  60.817  -33.419  -15.046 0.0000000000
10441  60.600  -34.796  -14.541 0.0000000000
12087  63.572  -35.472  -7.437 0.0000000000
12088  63.294  -34.284  -8.057 0.0000000000
12089  64.329  -34.918  -8.074 0.0000000000
12090  64.823  -34.498  -8.922 0.0000000000
12091  64.738  -35.814  -8.575 0.0000000000
13351  57.483  -46.048  -17.221 0.0000000000
13352  56.745  -44.761  -17.042 0.0000000000
13353  57.414  -46.189  -18.192 0.0000000000
14027  65.806  -28.621  -11.934 0.0000000000
14029  65.626  -28.153  -12.989 0.0000000000
14037  59.051  -33.313  -15.786 0.0000000000
14038  59.074  -31.567  -16.175 0.0000000000
14039  57.984  -33.119  -15.963 0.0000000000
14040  56.821  -32.844  -16.039 0.0000000000
14041  56.838  -34.697  -15.630 0.0000000000
18980  62.988  -31.856  -9.084 0.0000000000
18981  61.293  -31.743  -9.443 0.0000000000
18982  62.639  -30.926  -9.593 0.0000000000
18983  62.060  -30.138  -10.128 0.0000000000
18984  63.961  -30.273  -9.868 0.0000000000
18985  65.005  -29.738  -10.399 0.0000000000
18986  65.266  -30.806  -9.933 0.0000000000
18987  65.549  -34.277  -10.978 0.0000000000
18988  65.894  -32.857  -11.085 0.0000000000
18989  65.307  -34.200  -12.099 0.0000000000
18990  64.634  -33.949  -12.908 0.0000000000
18991  64.399  -35.664  -12.899 0.0000000000
22702  62.353  -38.470  -13.514 0.0000000000
22703  61.257  -39.805  -13.428 0.0000000000
22767  57.026  -42.693  -14.684 0.0000000000
22768  57.988  -42.402  -14.145 0.0000000000
22769  57.649  -40.936  -14.142 0.0000000000
22770  58.871  -39.381  -13.994 0.0000000000
22771  57.468  -39.229  -14.046 0.0000000000
22772  57.709  -37.544  -14.098 0.0000000000
22773  56.426  -39.382  -14.256 0.0000000000
22774  54.947  -41.986  -16.278 0.0000000000
22775  54.808  -40.083  -15.143 0.0000000000
22776  54.396  -40.269  -15.882 0.0000000000
22777  54.294  -38.270  -15.603 0.0000000000
22778  54.187  -40.232  -16.560 0.0000000000
23393  64.967  -30.893  -13.405 0.0000000000
23394  65.186  -29.358  -13.721 0.0000000000
23395  64.139  -30.703  -14.219 0.0000000000
23396  63.173  -30.562  -15.055 0.0000000000
23397  62.275  -30.538  -15.863 0.0000000000
23399  61.094  -32.037  -15.696 0.0000000000
23400  59.886  -33.400  -15.476 0.0000000000
23401  58.696  -34.655  -15.114 0.0000000000
26366  63.201  -32.983  -8.631 0.0000000000
26367  64.338  -32.332  -8.954 0.0000000000
26368  65.309  -31.966  -9.613 0.0000000000
26369  65.259  -33.169  -9.216 0.0000000000
26370  65.411  -34.306  -9.935 0.0000000000
26371  64.849  -35.555  -10.750 0.0000000000
28638  57.168  -44.192  -15.350 0.0000000000
28639  56.322  -43.114  -15.260 0.0000000000
28640  55.736  -41.519  -14.913 0.0000000000
28641  55.947  -43.410  -15.883 0.0000000000
28642  55.833  -43.457  -16.704 0.0000000000
28643  55.655  -43.587  -17.560 0.0000000000
36080  59.910  -30.113  -10.550 0.0000000000
36081  61.375  -29.241  -10.816 0.0000000000
36082  62.825  -28.389  -10.952 0.0000000000
36083  64.554  -28.580  -10.774 0.0000000000
36084  65.655  -29.132  -11.080 0.0000000000
36085  65.884  -29.971  -11.733 0.0000000000
36086  65.876  -31.696  -10.438 0.0000000000
36087  65.881  -31.389  -11.490 0.0000000000
36088  65.490  -31.120  -12.540 0.0000000000
36089  64.766  -32.409  -13.125 0.0000000000
36090  63.708  -33.716  -13.560 0.0000000000
36091  62.477  -35.136  -13.999 0.0000000000
40549  64.381  -36.859  -9.143 0.0000000000
40550  64.204  -36.770  -10.103 0.0000000000
40551  64.084  -36.747  -11.234 0.0000000000
40554  63.993  -36.990  -12.412 0.0000000000
40555  63.557  -37.220  -13.415 0.0000000000
40556  62.540  -36.893  -13.987 0.0000000000
40557  61.438  -36.573  -14.200 0.0000000000
40636  60.147  -39.605  -13.945 0.0000000000
40637  60.238  -37.949  -14.066 0.0000000000
40638  60.265  -36.307  -14.216 0.0000000000
40639  59.117  -36.022  -14.330 0.0000000000
40640  58.164  -36.055  -14.497 0.0000000000
40641  57.208  -36.136  -14.655 0.0000000000
40642  55.463  -39.802  -14.604 0.0000000000
40643  55.717  -37.910  -14.534 0.0000000000
40644  56.317  -36.219  -14.935 0.0000000000
40645  55.440  -36.256  -15.291 0.0000000000
40646  54.530  -36.113  -15.748 0.0000000000
40650  55.420  -43.644  -18.288 0.0000000000
41157  62.152  -34.200  -14.127 0.0000000000
41158  62.201  -33.503  -14.362 0.0000000000
41159  61.606  -34.129  -14.360 0.0000000000
41160  61.174  -34.111  -14.575 0.0000000000
41161  61.058  -34.863  -14.385 0.0000000000
42807  64.094  -35.792  -7.455 0.0000000000
42808  63.966  -35.175  -7.730 0.0000000000
42809  64.398  -35.526  -7.875 0.0000000000
42810  64.598  -35.359  -8.284 0.0000000000
42811  64.621  -35.971  -8.094 0.0000000000
44072  57.476  -46.102  -17.722 0.0000000000
44747  65.821  -29.088  -12.357 0.0000000000
44748  65.786  -28.334  -12.488 0.0000000000
44749  65.680  -28.906  -12.920 0.0000000000
44757  58.471  -34.048  -15.570 0.0000000000
44758  58.548  -33.230  -15.897 0.0000000000
44759  57.974  -34.025  -15.724 0.0000000000
44760  57.468  -33.901  -15.808 0.0000000000
44761  57.370  -34.773  -15.508 0.0000000000
49700  63.630  -31.486  -9.178 0.0000000000
49701  62.826  -31.372  -9.305 0.0000000000
49702  63.456  -31.023  -9.435 0.0000000000
49703  63.298  -30.574  -9.727 0.0000000000
49704  64.089  -30.745  -9.592 0.0000000000
49705  64.632  -30.504  -9.826 0.0000000000
49706  64.766  -30.950  -9.682 0.0000000000
49707  65.216  -34.904  -11.428 0.0000000000
49708  65.502  -34.272  -11.541 0.0000000000
49709  65.083  -34.889  -11.968 0.0000000000
49710  64.866  -34.861  -12.452 0.0000000000
49711  64.726  -35.650  -12.453 0.0000000000
53487  56.726  -42.017  -14.578 0.0000000000
53488  57.264  -41.810  -14.361 0.0000000000
53489  57.048  -40.989  -14.304 0.0000000000
53490  57.560  -40.100  -14.104 0.0000000000
53491  56.905  -40.144  -14.217 0.0000000000
53492  56.959  -39.246  -14.139 0.0000000000
53493  56.354  -40.262  -14.344 0.0000000000
53494  54.880  -41.989  -16.702 0.0000000000
53495  54.639  -41.145  -16.058 0.0000000000
53496  54.525  -41.158  -16.423 0.0000000000
53497  54.278  -40.267  -16.226 0.0000000000
53498  54.477  -41.152  -16.802 0.0000000000
54347  64.489  -31.513  -13.629 0.0000000000
54348  64.560  -30.751  -13.841 0.0000000000
54349  63.987  -31.366  -14.011 0.0000000000
54350  62.406  -32.001  -14.830 0.0000000000
54351  63.036  -31.289  -14.748 0.0000000000
54352  62.547  -31.262  -15.139 0.0000000000
54353  62.721  -30.529  -15.472 0.0000000000
54354  62.054  -31.260  -15.501 0.0000000000
54355  61.628  -31.285  -15.749 0.0000000000
54356  61.525  -32.001  -15.462 0.0000000000
54357  60.177  -34.068  -14.941 0.0000000000
54358  60.306  -33.413  -15.272 0.0000000000
54359  59.693  -34.049  -15.146 0.0000000000
54360  59.325  -34.023  -15.318 0.0000000000
54361  59.139  -34.649  -14.997 0.0000000000
59300  63.744  -33.921  -8.292 0.0000000000
59301  63.187  -33.679  -8.402 0.0000000000
59302  63.774  -33.229  -8.572 0.0000000000
59303  63.780  -32.627  -8.772 0.0000000000
59304  64.348  -32.863  -8.774 0.0000000000
59305  64.865  -32.719  -9.054 0.0000000000
59306  64.805  -33.282  -8.890 0.0000000000
59307  64.872  -35.137  -9.312 0.0000000000
59308  65.089  -34.367  -9.384 0.0000000000
59309  65.041  -34.920  -9.755 0.0000000000
59310  65.187  -34.842  -10.262 0.0000000000
59311  64.820  -35.524  -10.129 0.0000000000
63087  57.207  -45.151  -16.205 0.0000000000
63088  57.371  -44.928  -15.750 0.0000000000
63089  56.989  -44.381  -15.758 0.0000000000
63090  56.738  -43.721  -15.360 0.0000000000
63091  56.463  -43.890  -15.760 0.0000000000
63092  56.091  -43.261  -15.564 0.0000000000
63093  56.370  -44.000  -16.153 0.0000000000
63094  56.706  -44.832  -17.489 0.0000000000
63095  56.287  -44.109  -16.869 0.0000000000
63096  56.225  -44.197  -17.310 0.0000000000
63097  55.764  -43.485  -17.135 0.0000000000
63098  56.141  -44.264  -17.718 0.0000000000
65125  64.798  -29.300  -14.213 0.0000000000
65147  60.663  -31.081  -16.111 0.0000000000
65149  60.157  -30.902  -16.179 0.0000000000
65150  58.474  -31.443  -16.156 0.0000000000
65151  58.992  -30.649  -16.261 0.0000000000
65157  56.371  -33.608  -15.905 0.0000000000
65158  56.268  -32.690  -16.084 0.0000000000
65159  55.784  -33.445  -15.974 0.0000000000
65161  55.212  -34.280  -15.881 0.0000000000
79978  60.998  -31.325  -9.681 0.0000000000
79979  60.317  -31.745  -9.654 0.0000000000
79980  60.009  -31.321  -9.892 0.0000000000
79982  59.591  -30.929  -10.112 0.0000000000
79983  59.197  -30.502  -10.382 0.0000000000
79984  60.278  -30.529  -10.201 0.0000000000
79985  62.780  -29.691  -10.215 0.0000000000
79986  61.788  -29.668  -10.427 0.0000000000
79987  62.493  -29.276  -10.554 0.0000000000
79988  62.134  -28.813  -10.883 0.0000000000
79989  63.164  -28.869  -10.679 0.0000000000
79990  63.756  -28.460  -10.805 0.0000000000
79991  64.075  -28.958  -10.579 0.0000000000
79992  65.515  -30.038  -10.512 0.0000000000
79993  65.434  -29.433  -10.739 0.0000000000
79994  65.744  -29.821  -10.929 0.0000000000
79995  65.856  -29.563  -11.393 0.0000000000
79996  65.898  -30.189  -11.276 0.0000000000
79997  65.670  -32.505  -9.801 0.0000000000
79998  65.642  -31.824  -10.009 0.0000000000
79999  65.856  -32.373  -10.262 0.0000000000
80000  65.732  -32.743  -11.646 0.0000000000
80001  65.925  -32.130  -11.279 0.0000000000
80002  65.754  -31.960  -11.851 0.0000000000
80003  65.707  -31.258  -12.024 0.0000000000
80004  65.506  -31.862  -12.347 0.0000000000
80005  65.214  -31.765  -12.808 0.0000000000
80006  65.154  -32.527  -12.690 0.0000000000
80007  64.064  -34.690  -13.278 0.0000000000
80008  64.206  -33.853  -13.252 0.0000000000
80009  63.572  -34.551  -13.584 0.0000000000
80010  63.082  -34.405  -13.809 0.0000000000
80011  62.988  -35.273  -13.831 0.0000000000
91127  64.452  -36.950  -8.679 0.0000000000
91132  64.144  -36.717  -10.654 0.0000000000
91140  63.583  -37.446  -12.025 0.0000000000
91141  63.495  -37.645  -12.553 0.0000000000
91142  63.836  -37.148  -12.941 0.0000000000
91143  63.352  -37.834  -13.062 0.0000000000
91144  61.927  -38.407  -13.800 0.0000000000
91145  62.517  -37.769  -13.858 0.0000000000
91146  61.989  -37.619  -14.017 0.0000000000
91147  61.979  -36.724  -14.110 0.0000000000
91148  61.484  -37.469  -14.093 0.0000000000
91340  58.482  -41.728  -14.033 0.0000000000
91342  59.054  -41.735  -13.839 0.0000000000
91344  59.599  -41.102  -13.753 0.0000000000
91345  60.120  -40.373  -13.762 0.0000000000
91346  59.535  -40.283  -13.923 0.0000000000
91347  58.879  -38.509  -13.984 0.0000000000
91348  59.569  -38.624  -14.007 0.0000000000
91349  59.535  -37.806  -14.007 0.0000000000
91350  60.268  -37.087  -14.106 0.0000000000
91351  59.575  -36.939  -14.092 0.0000000000
91352  59.691  -36.152  -14.259 0.0000000000
91353  58.984  -36.850  -14.117 0.0000000000
91354  57.179  -37.562  -14.188 0.0000000000
91355  57.940  -36.775  -14.246 0.0000000000
91356  57.441  -36.826  -14.324 0.0000000000
91357  57.702  -36.112  -14.582 0.0000000000
91358  56.921  -36.867  -14.428 0.0000000000
91359  55.408  -41.659  -15.199 0.0000000000
91360  55.549  -40.672  -14.739 0.0000000000
91361  55.229  -40.839  -15.020 0.0000000000
91362  54.755  -39.144  -15.035 0.0000000000
91363  55.107  -38.952  -14.736 0.0000000000
91364  55.287  -38.023  -14.720 0.0000000000
91365  55.960  -36.967  -14.721 0.0000000000
91366  55.542  -37.074  -14.867 0.0000000000
91367  55.845  -36.268  -15.105 0.0000000000
91368  55.110  -37.164  -15.045 0.0000000000
91369  54.060  -38.266  -15.942 0.0000000000
91370  54.463  -37.215  -15.535 0.0000000000
91371  54.141  -37.188  -15.912 0.0000000000
91372  54.110  -36.072  -15.953 0.0000000000
91380  55.859  -44.265  -18.549 0.0000000000
92513  63.386  -32.825  -13.958 0.0000000000
92514  63.507  -32.119  -14.190 0.0000000000
92515  62.839  -32.751  -14.282 0.0000000000
92516  62.309  -32.718  -14.595 0.0000000000
92517  61.816  -32.699  -14.901 0.0000000000
92518  61.420  -32.694  -15.117 0.0000000000
92519  61.264  -33.410  -14.835 0.0000000000
92520  60.685  -34.085  -14.744 0.0000000000
92521  60.103  -34.677  -14.668 0.0000000000
95484  62.753  -34.721  -7.869 0.0000000000
95485  63.392  -34.935  -7.789 0.0000000000
95486  63.812  -34.565  -8.036 0.0000000000
95487  64.216  -34.269  -8.363 0.0000000000
95488  64.605  -34.043  -8.724 0.0000000000
95489  64.586  -34.687  -8.505 0.0000000000
95490  64.753  -35.228  -8.755 0.0000000000
95491  64.740  -35.752  -9.068 0.0000000000
97758  57.499  -45.958  -16.655 0.0000000000
97759  57.121  -45.304  -16.711 0.0000000000
97760  56.777  -44.660  -16.604 0.0000000000
97761  57.109  -45.391  -17.156 0.0000000000
97762  57.101  -45.440  -17.632 0.0000000000
97763  57.009  -45.504  -18.042 0.0000000000
98975  65.587  -28.204  -11.555 0.0000000000
98977  65.657  -27.933  -12.064 0.0000000000
98993  59.606  -32.594  -15.924 0.0000000000
98994  59.661  -31.709  -16.164 0.0000000000
98995  59.091  -32.468  -16.035 0.0000000000
98996  58.553  -32.341  -16.097 0.0000000000
98997  57.963  -32.210  -16.077 0.0000000000
98998  57.369  -32.062  -16.084 0.0000000000
98999  57.363  -32.990  -15.986 0.0000000000
99000  56.932  -33.763  -15.864 0.0000000000
99001  56.320  -34.563  -15.712 0.0000000000
107890  62.339  -32.265  -9.027 0.0000000000
107891  61.561  -32.214  -9.211 0.0000000000
107892  62.200  -31.766  -9.224 0.0000000000
107893  61.980  -31.326  -9.469 0.0000000000
107894  61.684  -30.897  -9.748 0.0000000000
107895  61.352  -30.523  -9.996 0.0000000000
107896  62.330  -30.539  -9.845 0.0000000000
107897  63.000  -30.171  -9.962 0.0000000000
107898  63.669  -29.796  -10.127 0.0000000000
107899  64.293  -29.455  -10.348 0.0000000000
107900  64.502  -30.024  -10.101 0.0000000000
107901  65.104  -30.262  -10.133 0.0000000000
107902  65.579  -30.620  -10.359 0.0000000000
107903  65.782  -33.655  -10.507 0.0000000000
107904  65.892  -32.977  -10.574 0.0000000000
107905  65.778  -33.603  -11.046 0.0000000000
107906  65.663  -33.533  -11.572 0.0000000000
107907  65.439  -33.456  -12.111 0.0000000000
107908  65.092  -33.302  -12.579 0.0000000000
107909  65.003  -34.080  -12.533 0.0000000000
107910  64.513  -34.813  -12.908 0.0000000000
107911  63.978  -35.581  -13.282 0.0000000000
114590  62.724  -38.457  -13.118 0.0000000000
114591  62.127  -39.026  -13.116 0.0000000000
114592  61.819  -39.171  -13.508 0.0000000000
114593  61.378  -39.103  -13.798 0.0000000000
114707  57.337  -43.241  -14.654 0.0000000000
114708  57.736  -43.087  -14.370 0.0000000000
114709  57.471  -42.465  -14.389 0.0000000000
114710  57.854  -41.709  -14.169 0.0000000000
114711  58.321  -40.981  -14.044 0.0000000000
114712  58.899  -40.226  -14.006 0.0000000000
114713  58.220  -40.137  -14.018 0.0000000000
114714  58.168  -39.284  -13.984 0.0000000000
114715  58.136  -38.390  -13.938 0.0000000000
114716  58.261  -37.591  -14.037 0.0000000000
114717  57.567  -38.351  -14.000 0.0000000000
114718  57.014  -38.383  -14.116 0.0000000000
114719  56.487  -38.477  -14.257 0.0000000000
114720  55.056  -41.931  -15.900 0.0000000000
114721  54.951  -40.959  -15.342 0.0000000000
114722  54.782  -41.091  -15.713 0.0000000000
114723  54.545  -40.199  -15.500 0.0000000000
114724  54.476  -39.263  -15.368 0.0000000000
114725  54.558  -38.253  -15.267 0.0000000000
114726  54.264  -39.331  -15.700 0.0000000000
114727  54.142  -39.361  -16.025 0.0000000000
114728  54.019  -39.315  -16.385 0.0000000000
116021  65.346  -30.233  -13.125 0.0000000000
116022  65.465  -29.484  -13.268 0.0000000000
116023  65.035  -30.132  -13.620 0.0000000000
116024  64.646  -30.052  -14.076 0.0000000000
116025  64.211  -29.973  -14.515 0.0000000000
116026  63.502  -31.298  -14.372 0.0000000000
116027  63.657  -30.641  -14.634 0.0000000000
116028  63.762  -29.916  -14.935 0.0000000000
116029  63.330  -29.857  -15.351 0.0000000000
116033  61.767  -30.476  -16.092 0.0000000000
116034  61.167  -31.238  -15.957 0.0000000000
116035  60.666  -31.988  -15.890 0.0000000000
116036  60.960  -32.733  -15.391 0.0000000000
116037  60.515  -32.757  -15.633 0.0000000000
116038  60.094  -32.709  -15.774 0.0000000000
116039  59.487  -33.362  -15.651 0.0000000000
116040  58.922  -34.037  -15.443 0.0000000000
116041  58.244  -34.739  -15.245 0.0000000000
122955  61.820  -33.278  -8.679 0.0000000000
122956  62.608  -34.145  -8.248 0.0000000000
122957  62.554  -33.404  -8.512 0.0000000000
122958  62.421  -32.830  -8.770 0.0000000000
122959  63.065  -32.418  -8.864 0.0000000000
122960  63.726  -32.055  -8.970 0.0000000000
122961  64.328  -31.756  -9.184 0.0000000000
122962  64.842  -31.521  -9.480 0.0000000000
122963  64.882  -32.134  -9.241 0.0000000000
122964  65.317  -32.604  -9.401 0.0000000000
122965  65.573  -33.116  -9.644 0.0000000000
122966  65.015  -33.876  -9.056 0.0000000000
122967  65.352  -33.774  -9.470 0.0000000000
122968  65.615  -33.701  -9.949 0.0000000000
122969  65.518  -34.281  -10.442 0.0000000000
122970  65.280  -34.874  -10.831 0.0000000000
122971  64.864  -35.608  -11.341 0.0000000000
128260  57.367  -43.967  -14.962 0.0000000000
128261  56.979  -43.457  -14.971 0.0000000000
128262  56.669  -42.917  -14.951 0.0000000000
128263  56.284  -42.233  -14.826 0.0000000000
128264  56.091  -41.347  -14.661 0.0000000000
128265  56.015  -42.399  -15.096 0.0000000000
128266  55.747  -42.570  -15.402 0.0000000000
128267  55.563  -42.694  -15.738 0.0000000000
128268  56.330  -44.055  -16.515 0.0000000000
128269  55.878  -43.444  -16.288 0.0000000000
128270  55.445  -42.768  -16.100 0.0000000000
128271  55.332  -42.782  -16.506 0.0000000000
128272  55.279  -42.765  -16.908 0.0000000000
128273  55.219  -42.779  -17.300 0.0000000000
130876  65.487  -28.753  -13.424 0.0000000000
130907  59.590  -30.757  -16.226 0.0000000000
130916  56.800  -31.893  -16.125 0.0000000000
149210  60.642  -32.174  -9.425 0.0000000000
149217  58.867  -30.020  -10.735 0.0000000000
149218  59.614  -29.654  -10.956 0.0000000000
149219  61.032  -30.096  -10.314 0.0000000000
149220  60.627  -29.674  -10.707 0.0000000000
149221  60.311  -29.244  -11.107 0.0000000000
149222  61.058  -28.809  -11.190 0.0000000000
149225  63.384  -27.950  -11.046 0.0000000000
149226  64.230  -28.060  -10.921 0.0000000000
149227  64.921  -28.223  -11.008 0.0000000000
149228  64.806  -29.128  -10.620 0.0000000000
149229  65.184  -28.793  -10.878 0.0000000000
149230  65.454  -28.453  -11.149 0.0000000000
149231  65.760  -28.869  -11.489 0.0000000000
149232  65.879  -29.300  -11.896 0.0000000000
149233  65.794  -29.770  -12.241 0.0000000000
149234  65.287  -31.325  -9.812 0.0000000000
149235  65.614  -31.183  -10.198 0.0000000000
149236  65.835  -31.047  -10.641 0.0000000000
149237  65.943  -32.249  -10.756 0.0000000000
149238  65.944  -31.545  -10.953 0.0000000000
149239  65.890  -30.883  -11.143 0.0000000000
149240  65.856  -30.669  -11.656 0.0000000000
149241  65.743  -30.490  -12.156 0.0000000000
149242  65.554  -30.365  -12.650 0.0000000000
149243  65.245  -31.011  -12.994 0.0000000000
149244  64.876  -31.652  -13.265 0.0000000000
149245  64.360  -32.268  -13.503 0.0000000000
149246  64.694  -33.181  -12.998 0.0000000000
149247  64.269  -33.070  -13.369 0.0000000000
149248  63.845  -32.907  -13.673 0.0000000000
149249  63.213  -33.593  -13.843 0.0000000000
149250  62.620  -34.297  -13.954 0.0000000000
149251  61.965  -35.010  -14.126 0.0000000000
162600  64.576  -36.603  -7.898 0.0000000000
162601  64.621  -36.437  -8.387 0.0000000000
162602  64.616  -36.324  -8.866 0.0000000000
162603  64.569  -36.285  -9.330 0.0000000000
162605  64.299  -36.799  -9.607 0.0000000000
162606  64.501  -36.223  -9.837 0.0000000000
162607  64.465  -36.214  -10.389 0.0000000000
162608  64.454  -36.236  -10.984 0.0000000000
162609  64.473  -36.223  -11.587 0.0000000000
162616  63.658  -37.336  -11.472 0.0000000000
162617  64.033  -36.840  -11.842 0.0000000000
162618  64.430  -36.309  -12.165 0.0000000000
162619  64.301  -36.416  -12.702 0.0000000000
162620  64.034  -36.499  -13.220 0.0000000000
162621  63.542  -36.349  -13.574 0.0000000000
162622  62.995  -37.852  -13.508 0.0000000000
162623  63.109  -37.073  -13.802 0.0000000000
162624  62.998  -36.164  -13.847 0.0000000000
162625  62.460  -35.972  -14.027 0.0000000000
162626  61.942  -35.838  -14.120 0.0000000000
162627  61.458  -35.740  -14.191 0.0000000000
162863  60.745  -39.758  -13.796 0.0000000000
162864  60.804  -38.964  -14.002 0.0000000000
162865  59.507  -39.482  -14.007 0.0000000000
162866  60.196  -38.785  -14.052 0.0000000000
162867  60.883  -38.133  -14.074 0.0000000000
162868  60.886  -37.277  -14.119 0.0000000000
162869  60.883  -36.460  -14.213 0.0000000000
162870  60.900  -35.635  -14.276 0.0000000000
162871  60.432  -35.529  -14.375 0.0000000000
162872  59.906  -35.405  -14.500 0.0000000000
162873  59.378  -35.319  -14.619 0.0000000000
162874  58.444  -36.788  -14.177 0.0000000000
162875  58.626  -36.001  -14.409 0.0000000000
162876  58.864  -35.286  -14.725 0.0000000000
162877  58.385  -35.339  -14.795 0.0000000000
162878  57.961  -35.370  -14.889 0.0000000000
162879  57.525  -35.404  -14.994 0.0000000000
162880  55.890  -40.427  -14.493 0.0000000000
162881  55.929  -39.576  -14.405 0.0000000000
162882  56.017  -38.661  -14.347 0.0000000000
162883  55.121  -39.953  -14.842 0.0000000000
162884  55.546  -38.820  -14.509 0.0000000000
162885  56.196  -37.762  -14.396 0.0000000000
162886  56.430  -36.913  -14.560 0.0000000000
162887  56.769  -36.178  -14.784 0.0000000000
162888  57.082  -35.424  -15.116 0.0000000000
162889  56.629  -35.476  -15.278 0.0000000000
162890  56.170  -35.456  -15.448 0.0000000000
162891  55.702  -35.345  -15.620 0.0000000000
162892  54.719  -37.222  -15.262 0.0000000000
162893  54.984  -36.189  -15.516 0.0000000000
162894  55.098  -35.202  -15.742 0.0000000000
162895  54.592  -35.099  -15.867 0.0000000000
162900  56.879  -45.560  -18.425 0.0000000000
162903  56.443  -44.945  -18.275 0.0000000000
162904  55.999  -44.300  -18.100 0.0000000000
162905  55.542  -43.658  -17.918 0.0000000000
162906  55.098  -42.847  -17.703 0.0000000000
162915  54.725  -42.131  -17.471 0.0000000000
162916  54.418  -41.162  -17.161 0.0000000000
162917  54.147  -40.187  -16.902 0.0000000000
