#!ascii label  , from subject fsaverage vox2ras=TkReg
765
536  -32.910  -21.661  8.528 0.0000000000
537  -34.801  -19.568  0.703 0.0000000000
538  -34.851  -16.785  -5.950 0.0000000000
1181  -37.870  -14.410  7.806 0.0000000000
1182  -38.364  -13.011  4.183 0.0000000000
1183  -35.044  -18.719  -2.817 0.0000000000
1184  -37.434  -11.679  0.766 0.0000000000
2249  -36.059  -15.575  11.286 0.0000000000
2250  -33.443  -20.183  4.628 0.0000000000
2252  -38.758  -23.707  -4.606 0.0000000000
2253  -40.249  -21.030  -7.572 0.0000000000
2254  -41.836  -17.907  -10.414 0.0000000000
3102  -36.134  -10.068  4.509 0.0000000000
3103  -38.008  -12.310  2.430 0.0000000000
3104  -36.577  -8.961  3.297 0.0000000000
4975  -32.816  -22.356  10.608 0.0000000000
4983  -35.842  -16.204  5.049 0.0000000000
4984  -35.932  -16.951  6.979 0.0000000000
4985  -34.075  -19.748  2.672 0.0000000000
4986  -34.084  -23.278  1.010 0.0000000000
4987  -35.066  -22.976  -0.855 0.0000000000
4989  -35.827  -22.471  -2.710 0.0000000000
4990  -34.860  -17.819  -4.333 0.0000000000
4991  -36.810  -20.482  -5.921 0.0000000000
4992  -37.407  -19.332  -7.403 0.0000000000
4993  -41.073  -19.543  -9.004 0.0000000000
4994  -37.931  -18.056  -8.736 0.0000000000
4995  -39.037  -16.991  -10.279 0.0000000000
4996  -35.520  -16.075  -7.696 0.0000000000
6731  -34.737  -19.382  11.916 0.0000000000
6735  -38.301  -13.669  6.008 0.0000000000
6736  -35.530  -15.734  3.040 0.0000000000
6737  -35.228  -19.312  -1.112 0.0000000000
6738  -35.417  -15.482  1.108 0.0000000000
6739  -35.282  -15.102  -0.640 0.0000000000
6740  -34.616  -14.300  -2.069 0.0000000000
6741  -33.879  -14.069  -4.035 0.0000000000
6742  -36.261  -11.412  -0.828 0.0000000000
9307  -35.317  -18.710  10.290 0.0000000000
9308  -37.093  -15.049  9.654 0.0000000000
9309  -35.703  -17.868  8.696 0.0000000000
9310  -33.104  -20.865  6.535 0.0000000000
9311  -33.132  -23.652  3.027 0.0000000000
9317  -36.327  -21.557  -4.378 0.0000000000
9318  -39.562  -22.403  -6.146 0.0000000000
9321  -44.763  -17.697  -9.191 0.0000000000
9323  -42.946  -16.191  -11.593 0.0000000000
10783  -36.448  -9.565  3.873 0.0000000000
12655  -32.858  -22.016  9.560 0.0000000000
12656  -32.009  -23.323  8.857 0.0000000000
12657  -32.169  -23.026  7.799 0.0000000000
12659  -32.304  -22.763  6.783 0.0000000000
12663  -34.760  -17.658  2.942 0.0000000000
12664  -34.538  -17.859  3.899 0.0000000000
12665  -34.453  -19.676  1.672 0.0000000000
12666  -34.352  -21.467  0.709 0.0000000000
12667  -34.754  -21.354  -0.250 0.0000000000
12668  -35.492  -22.761  -1.789 0.0000000000
12669  -35.062  -21.156  -1.137 0.0000000000
12670  -34.776  -17.254  -5.112 0.0000000000
12671  -35.874  -18.692  -6.062 0.0000000000
12672  -36.096  -18.175  -6.827 0.0000000000
12673  -37.671  -18.688  -8.077 0.0000000000
12674  -36.293  -17.521  -7.521 0.0000000000
12675  -36.763  -17.108  -8.343 0.0000000000
12676  -35.135  -16.407  -6.828 0.0000000000
15058  -34.467  -19.546  12.863 0.0000000000
15063  -37.448  -12.025  5.169 0.0000000000
15064  -37.116  -12.425  5.984 0.0000000000
15065  -38.344  -13.341  5.072 0.0000000000
15066  -37.472  -14.691  4.677 0.0000000000
15067  -37.207  -14.350  3.777 0.0000000000
15068  -35.497  -15.561  2.096 0.0000000000
15069  -36.949  -13.993  2.906 0.0000000000
15070  -37.772  -11.950  1.587 0.0000000000
15071  -36.252  -13.593  0.981 0.0000000000
15072  -36.069  -13.293  0.201 0.0000000000
15073  -34.937  -14.779  -1.395 0.0000000000
15074  -35.639  -13.049  -0.600 0.0000000000
15075  -35.130  -12.852  -1.338 0.0000000000
15076  -36.920  -11.585  -0.081 0.0000000000
20705  -35.595  -15.706  12.163 0.0000000000
20706  -35.939  -17.374  11.908 0.0000000000
20707  -36.338  -17.114  11.096 0.0000000000
20708  -36.058  -13.405  8.523 0.0000000000
20709  -35.687  -13.723  9.363 0.0000000000
20710  -37.544  -14.744  8.717 0.0000000000
20711  -34.319  -18.452  5.870 0.0000000000
20712  -35.803  -17.417  7.835 0.0000000000
20713  -34.221  -18.808  6.809 0.0000000000
20714  -34.151  -19.279  7.697 0.0000000000
20715  -33.268  -20.453  5.634 0.0000000000
20716  -32.753  -22.192  4.667 0.0000000000
20717  -33.092  -21.942  3.637 0.0000000000
20725  -38.279  -24.240  -3.791 0.0000000000
20730  -35.158  -19.043  -2.011 0.0000000000
20731  -35.401  -20.629  -3.025 0.0000000000
20732  -35.473  -20.163  -3.807 0.0000000000
20733  -38.461  -20.896  -6.944 0.0000000000
20734  -38.132  -21.570  -6.170 0.0000000000
20735  -39.938  -21.732  -6.860 0.0000000000
20736  -41.474  -22.185  -6.557 0.0000000000
20737  -41.924  -21.381  -7.236 0.0000000000
20739  -42.306  -20.576  -7.939 0.0000000000
20740  -41.430  -18.742  -9.707 0.0000000000
20741  -43.050  -18.876  -9.299 0.0000000000
20742  -43.301  -18.011  -9.977 0.0000000000
20743  -44.983  -16.762  -9.824 0.0000000000
20744  -43.685  -17.074  -10.607 0.0000000000
20745  -44.208  -16.045  -11.121 0.0000000000
20746  -42.447  -17.078  -11.039 0.0000000000
20748  -39.677  -16.398  -11.057 0.0000000000
24016  -37.758  -11.604  4.387 0.0000000000
24017  -38.283  -12.669  3.286 0.0000000000
24018  -37.903  -11.251  3.604 0.0000000000
24019  -37.878  -10.804  2.845 0.0000000000
24020  -37.949  -10.305  2.099 0.0000000000
24021  -37.889  -10.133  1.310 0.0000000000
24022  -36.813  -8.725  2.629 0.0000000000
27400  -34.651  -14.063  11.092 0.0000000000
27401  -37.668  -15.482  6.576 0.0000000000
27402  -37.701  -15.820  7.538 0.0000000000
27403  -35.949  -16.500  6.099 0.0000000000
27404  -34.388  -18.082  4.911 0.0000000000
27405  -33.747  -19.936  3.659 0.0000000000
27406  -33.480  -21.674  2.702 0.0000000000
27407  -33.912  -21.579  1.659 0.0000000000
27408  -34.589  -23.120  0.102 0.0000000000
27409  -35.807  -24.380  -1.137 0.0000000000
27411  -36.275  -24.078  -2.049 0.0000000000
27412  -36.717  -23.690  -2.940 0.0000000000
27413  -37.122  -23.280  -3.830 0.0000000000
27414  -34.908  -18.338  -3.564 0.0000000000
27415  -35.616  -19.759  -4.554 0.0000000000
27416  -35.716  -19.211  -5.345 0.0000000000
27417  -37.105  -19.930  -6.693 0.0000000000
27418  -38.884  -20.290  -7.673 0.0000000000
27419  -40.678  -20.283  -8.311 0.0000000000
27420  -39.117  -19.594  -8.354 0.0000000000
27421  -39.535  -18.930  -9.078 0.0000000000
27422  -39.917  -18.209  -9.782 0.0000000000
27423  -40.501  -17.541  -10.495 0.0000000000
27424  -38.479  -17.522  -9.522 0.0000000000
27425  -37.218  -16.667  -9.163 0.0000000000
31065  -33.695  -21.194  12.275 0.0000000000
31066  -33.802  -20.982  11.244 0.0000000000
31067  -33.870  -20.705  10.239 0.0000000000
31072  -36.387  -13.048  7.679 0.0000000000
31074  -36.811  -12.757  6.840 0.0000000000
31075  -38.101  -14.073  6.917 0.0000000000
31076  -37.713  -15.043  5.640 0.0000000000
31077  -35.798  -15.942  4.051 0.0000000000
31078  -34.932  -17.674  1.839 0.0000000000
31079  -35.066  -19.402  -0.190 0.0000000000
31080  -35.165  -17.537  0.921 0.0000000000
31081  -35.229  -17.396  0.083 0.0000000000
31082  -35.207  -17.309  -0.866 0.0000000000
31083  -36.578  -13.779  1.915 0.0000000000
31084  -35.406  -15.329  0.173 0.0000000000
31085  -35.012  -17.015  -1.674 0.0000000000
31086  -34.735  -16.659  -2.421 0.0000000000
31087  -34.451  -16.147  -3.252 0.0000000000
31088  -34.221  -15.693  -4.028 0.0000000000
31089  -34.066  -15.440  -5.050 0.0000000000
31090  -34.171  -14.206  -3.068 0.0000000000
31091  -34.586  -12.704  -2.191 0.0000000000
38159  -35.547  -17.602  12.658 0.0000000000
38160  -35.010  -19.080  11.069 0.0000000000
38161  -33.955  -20.263  9.338 0.0000000000
38163  -35.186  -13.973  10.178 0.0000000000
38164  -36.582  -15.312  10.491 0.0000000000
38165  -37.507  -16.151  8.482 0.0000000000
38166  -37.149  -16.501  9.383 0.0000000000
38167  -36.803  -16.872  10.256 0.0000000000
38168  -35.524  -18.369  9.481 0.0000000000
38169  -34.054  -19.818  8.470 0.0000000000
38170  -32.974  -21.272  7.554 0.0000000000
38171  -32.518  -22.510  5.699 0.0000000000
38174  -33.609  -23.477  2.002 0.0000000000
38189  -35.274  -20.971  -2.145 0.0000000000
38190  -36.102  -22.059  -3.596 0.0000000000
38191  -37.469  -22.780  -4.630 0.0000000000
38192  -36.577  -21.021  -5.184 0.0000000000
38193  -37.789  -22.212  -5.401 0.0000000000
38194  -39.110  -23.053  -5.405 0.0000000000
38201  -42.602  -19.797  -8.627 0.0000000000
38202  -44.451  -18.698  -8.564 0.0000000000
38208  -44.767  -14.917  -11.595 0.0000000000
38209  -43.615  -15.173  -12.162 0.0000000000
38210  -40.982  -16.883  -11.153 0.0000000000
38211  -41.590  -16.101  -11.793 0.0000000000
38212  -42.279  -15.257  -12.431 0.0000000000
38216  -34.249  -15.224  -6.005 0.0000000000
43375  -32.884  -21.844  9.056 0.0000000000
43376  -32.442  -22.497  8.640 0.0000000000
43377  -32.510  -22.324  8.156 0.0000000000
43378  -32.247  -22.858  7.320 0.0000000000
43379  -32.537  -22.156  7.640 0.0000000000
43383  -34.734  -18.628  1.767 0.0000000000
43384  -34.563  -18.725  2.192 0.0000000000
43385  -34.619  -19.619  1.180 0.0000000000
43386  -34.552  -20.505  0.724 0.0000000000
43387  -34.720  -20.438  0.236 0.0000000000
43388  -34.915  -21.258  -0.672 0.0000000000
43389  -34.883  -20.384  -0.256 0.0000000000
43390  -34.799  -17.006  -5.531 0.0000000000
43391  -35.379  -17.727  -5.995 0.0000000000
43392  -35.463  -17.508  -6.421 0.0000000000
43393  -36.169  -17.846  -7.161 0.0000000000
43394  -35.536  -17.167  -6.792 0.0000000000
43395  -35.721  -16.973  -7.201 0.0000000000
43396  -34.975  -16.587  -6.384 0.0000000000
45783  -38.172  -12.492  4.735 0.0000000000
45784  -38.123  -12.672  5.177 0.0000000000
45785  -38.325  -13.187  4.636 0.0000000000
45786  -38.046  -13.883  4.462 0.0000000000
45787  -37.973  -13.668  4.056 0.0000000000
45788  -37.076  -14.139  3.378 0.0000000000
45789  -37.820  -13.505  3.589 0.0000000000
45790  -37.594  -11.806  1.167 0.0000000000
45791  -36.962  -12.580  0.948 0.0000000000
45792  -36.777  -12.511  0.486 0.0000000000
45793  -35.879  -13.225  -0.250 0.0000000000
45794  -36.560  -12.377  0.099 0.0000000000
45795  -36.263  -12.301  -0.284 0.0000000000
45796  -37.194  -11.649  0.373 0.0000000000
51423  -35.165  -14.885  11.635 0.0000000000
51425  -35.814  -15.647  11.714 0.0000000000
51426  -36.198  -16.446  11.725 0.0000000000
51427  -36.383  -16.355  11.266 0.0000000000
51428  -37.119  -13.890  8.227 0.0000000000
51429  -36.898  -14.078  8.643 0.0000000000
51430  -37.733  -14.585  8.266 0.0000000000
51431  -33.789  -19.319  5.210 0.0000000000
51432  -34.228  -18.646  6.313 0.0000000000
51433  -33.726  -19.462  5.706 0.0000000000
51434  -33.672  -19.600  6.201 0.0000000000
51435  -33.358  -20.306  5.130 0.0000000000
51436  -33.100  -21.177  4.621 0.0000000000
51437  -33.214  -21.039  4.112 0.0000000000
51445  -38.483  -23.978  -4.228 0.0000000000
51449  -39.677  -23.759  -4.898 0.0000000000
51450  -35.105  -18.899  -2.405 0.0000000000
51451  -35.214  -19.644  -2.918 0.0000000000
51452  -35.205  -19.449  -3.310 0.0000000000
51453  -39.354  -21.009  -7.289 0.0000000000
51454  -39.177  -21.362  -6.925 0.0000000000
51455  -40.103  -21.380  -7.213 0.0000000000
51456  -40.930  -21.629  -7.095 0.0000000000
51457  -41.098  -21.247  -7.447 0.0000000000
51458  -42.131  -20.982  -7.601 0.0000000000
51459  -41.265  -20.881  -7.814 0.0000000000
51460  -41.634  -18.312  -10.073 0.0000000000
51461  -42.430  -18.431  -9.897 0.0000000000
51462  -42.572  -18.012  -10.216 0.0000000000
51463  -43.472  -17.539  -10.281 0.0000000000
51464  -42.783  -17.557  -10.541 0.0000000000
51465  -43.153  -17.124  -10.847 0.0000000000
51466  -42.174  -17.490  -10.721 0.0000000000
55386  -36.761  -11.112  4.793 0.0000000000
55387  -36.983  -10.977  4.394 0.0000000000
55388  -37.837  -11.439  3.992 0.0000000000
55389  -37.157  -10.772  4.035 0.0000000000
55390  -36.408  -9.237  3.575 0.0000000000
55391  -37.263  -10.264  3.359 0.0000000000
55392  -37.241  -9.954  3.044 0.0000000000
55393  -37.892  -10.557  2.480 0.0000000000
55394  -37.325  -9.709  2.698 0.0000000000
55395  -37.452  -9.544  2.354 0.0000000000
55396  -36.709  -8.856  2.942 0.0000000000
61005  -32.799  -22.505  11.137 0.0000000000
61007  -32.373  -22.953  10.289 0.0000000000
61028  -36.795  -15.820  5.867 0.0000000000
61029  -36.822  -16.000  6.377 0.0000000000
61030  -35.885  -16.385  5.557 0.0000000000
61031  -34.267  -18.814  3.238 0.0000000000
61032  -34.436  -17.936  4.416 0.0000000000
61033  -34.119  -18.903  3.745 0.0000000000
61034  -34.012  -19.003  4.278 0.0000000000
61035  -33.896  -19.825  3.180 0.0000000000
61036  -33.760  -20.762  2.609 0.0000000000
61037  -33.952  -20.662  2.150 0.0000000000
61038  -34.654  -22.266  -0.133 0.0000000000
61039  -34.433  -22.337  0.345 0.0000000000
61040  -34.841  -23.040  -0.361 0.0000000000
61041  -35.131  -23.776  -0.533 0.0000000000
61042  -35.368  -23.682  -1.029 0.0000000000
61043  -36.036  -24.234  -1.587 0.0000000000
61044  -35.606  -23.578  -1.503 0.0000000000
61045  -35.629  -22.619  -2.234 0.0000000000
61046  -36.062  -23.283  -2.429 0.0000000000
61047  -36.241  -23.104  -2.849 0.0000000000
61048  -36.919  -23.476  -3.393 0.0000000000
61049  -36.441  -22.941  -3.332 0.0000000000
61050  -34.898  -18.055  -3.929 0.0000000000
61051  -35.225  -18.794  -4.508 0.0000000000
61052  -35.258  -18.516  -4.842 0.0000000000
61053  -36.590  -19.042  -6.785 0.0000000000
61054  -36.458  -19.330  -6.443 0.0000000000
61055  -37.256  -19.629  -7.037 0.0000000000
61056  -37.968  -20.155  -7.198 0.0000000000
61057  -38.106  -19.848  -7.559 0.0000000000
61058  -38.972  -19.936  -7.991 0.0000000000
61059  -38.242  -19.494  -7.917 0.0000000000
61060  -37.836  -18.377  -8.423 0.0000000000
61061  -38.556  -18.846  -8.592 0.0000000000
61062  -38.725  -18.536  -8.941 0.0000000000
61063  -39.717  -18.550  -9.417 0.0000000000
61064  -38.893  -18.179  -9.287 0.0000000000
61065  -39.177  -17.892  -9.672 0.0000000000
61066  -38.198  -17.794  -9.131 0.0000000000
61067  -36.127  -16.577  -8.026 0.0000000000
61068  -36.977  -16.879  -8.736 0.0000000000
61069  -36.361  -16.377  -8.437 0.0000000000
61070  -36.623  -16.157  -8.836 0.0000000000
68215  -34.618  -19.453  12.389 0.0000000000
68216  -34.199  -20.309  12.107 0.0000000000
68217  -34.277  -20.198  11.594 0.0000000000
68218  -33.844  -20.844  10.752 0.0000000000
68219  -34.348  -20.095  11.091 0.0000000000
68226  -35.345  -12.472  7.999 0.0000000000
68227  -35.517  -12.306  7.609 0.0000000000
68231  -37.897  -12.994  6.068 0.0000000000
68232  -36.927  -12.573  6.401 0.0000000000
68233  -37.776  -13.207  6.506 0.0000000000
68234  -37.629  -13.382  6.951 0.0000000000
68235  -38.266  -13.845  6.498 0.0000000000
68236  -38.237  -14.625  6.295 0.0000000000
68237  -38.237  -14.393  5.835 0.0000000000
68238  -36.447  -15.123  3.939 0.0000000000
68239  -36.644  -15.274  4.418 0.0000000000
68240  -35.673  -15.843  3.532 0.0000000000
68241  -35.139  -16.717  2.985 0.0000000000
68242  -35.070  -16.626  2.491 0.0000000000
68243  -35.096  -17.566  1.380 0.0000000000
68244  -35.140  -16.575  1.995 0.0000000000
68245  -35.397  -15.453  1.624 0.0000000000
68246  -35.190  -16.440  1.092 0.0000000000
68247  -35.218  -16.426  0.617 0.0000000000
68248  -35.184  -17.351  -0.383 0.0000000000
68249  -35.270  -16.412  0.112 0.0000000000
68250  -38.137  -12.462  2.892 0.0000000000
68251  -37.598  -13.168  2.625 0.0000000000
68252  -37.363  -13.027  2.177 0.0000000000
68253  -35.652  -14.290  0.197 0.0000000000
68254  -35.700  -14.411  0.601 0.0000000000
68255  -35.317  -15.272  -0.310 0.0000000000
68256  -35.232  -16.215  -0.745 0.0000000000
68257  -35.134  -16.042  -1.135 0.0000000000
68258  -34.911  -16.794  -2.028 0.0000000000
68259  -35.011  -15.882  -1.482 0.0000000000
68260  -34.765  -14.532  -1.721 0.0000000000
68261  -34.655  -15.448  -2.284 0.0000000000
68262  -34.499  -15.202  -2.631 0.0000000000
68263  -34.273  -15.923  -3.608 0.0000000000
68264  -34.358  -14.978  -2.988 0.0000000000
68265  -34.176  -14.979  -3.552 0.0000000000
68266  -34.391  -14.276  -2.540 0.0000000000
68267  -35.655  -12.121  -1.041 0.0000000000
68268  -34.829  -12.820  -1.766 0.0000000000
68269  -35.277  -12.064  -1.454 0.0000000000
68272  -37.635  -9.360  1.543 0.0000000000
68273  -37.963  -10.086  0.818 0.0000000000
85158  -35.736  -18.058  11.133 0.0000000000
85159  -35.585  -18.197  11.533 0.0000000000
85160  -35.144  -18.917  10.665 0.0000000000
85161  -34.527  -19.724  10.216 0.0000000000
85162  -34.629  -19.520  9.799 0.0000000000
85166  -36.475  -14.408  9.481 0.0000000000
85167  -35.467  -13.849  9.760 0.0000000000
85168  -36.245  -14.550  9.934 0.0000000000
85169  -35.997  -14.682  10.355 0.0000000000
85170  -36.815  -15.195  10.066 0.0000000000
85171  -36.867  -16.411  7.288 0.0000000000
85172  -37.538  -15.978  7.991 0.0000000000
85173  -36.793  -16.610  7.744 0.0000000000
85174  -35.789  -17.628  8.338 0.0000000000
85175  -36.671  -16.997  8.660 0.0000000000
85176  -36.544  -17.211  9.105 0.0000000000
85177  -36.997  -16.695  9.825 0.0000000000
85178  -36.444  -17.438  9.521 0.0000000000
85179  -36.245  -17.654  9.894 0.0000000000
85180  -35.609  -18.094  9.080 0.0000000000
85181  -33.566  -20.049  7.113 0.0000000000
85182  -34.122  -19.532  8.095 0.0000000000
85183  -33.514  -20.306  7.531 0.0000000000
85184  -33.432  -20.536  8.001 0.0000000000
85185  -33.032  -21.086  7.032 0.0000000000
85186  -32.665  -21.868  6.609 0.0000000000
85187  -32.753  -21.694  6.087 0.0000000000
85188  -32.859  -22.921  3.799 0.0000000000
85189  -32.692  -23.017  4.312 0.0000000000
85193  -33.717  -22.495  1.816 0.0000000000
85194  -33.467  -22.621  2.256 0.0000000000
85195  -33.854  -23.367  1.520 0.0000000000
85230  -35.184  -19.351  -0.679 0.0000000000
85231  -35.153  -20.225  -1.183 0.0000000000
85232  -35.203  -20.164  -1.691 0.0000000000
85233  -35.774  -21.137  -3.768 0.0000000000
85234  -35.671  -21.376  -3.343 0.0000000000
85235  -36.219  -21.845  -3.993 0.0000000000
85236  -36.750  -22.463  -4.193 0.0000000000
85237  -36.881  -22.191  -4.543 0.0000000000
85238  -36.175  -20.145  -5.298 0.0000000000
85239  -36.122  -20.451  -4.978 0.0000000000
85240  -36.727  -20.777  -5.551 0.0000000000
85241  -38.838  -22.033  -6.177 0.0000000000
85242  -37.975  -21.908  -5.783 0.0000000000
85243  -38.678  -22.385  -5.806 0.0000000000
85244  -38.444  -22.663  -5.433 0.0000000000
85245  -39.375  -22.732  -5.797 0.0000000000
85246  -40.027  -23.091  -5.650 0.0000000000
85247  -40.266  -22.725  -6.021 0.0000000000
85260  -40.871  -19.899  -8.669 0.0000000000
85261  -41.691  -20.091  -8.520 0.0000000000
85262  -41.849  -19.688  -8.879 0.0000000000
85263  -43.941  -18.351  -9.307 0.0000000000
85264  -43.791  -18.828  -8.951 0.0000000000
85265  -44.606  -18.215  -8.862 0.0000000000
85270  -45.160  -16.208  -10.099 0.0000000000
85277  -43.598  -16.153  -11.385 0.0000000000
85278  -44.509  -15.482  -11.358 0.0000000000
85279  -43.936  -15.636  -11.625 0.0000000000
85280  -44.222  -15.063  -11.898 0.0000000000
85281  -43.292  -15.668  -11.898 0.0000000000
85282  -39.755  -17.293  -10.412 0.0000000000
85283  -40.733  -17.233  -10.836 0.0000000000
85284  -40.017  -16.982  -10.760 0.0000000000
85285  -39.936  -16.074  -11.381 0.0000000000
85286  -40.613  -16.304  -11.457 0.0000000000
85287  -40.903  -15.956  -11.781 0.0000000000
85288  -41.962  -15.680  -12.110 0.0000000000
85289  -41.277  -15.573  -12.142 0.0000000000
85297  -33.889  -14.803  -4.530 0.0000000000
85298  -34.166  -15.366  -5.535 0.0000000000
85299  -33.961  -14.708  -5.058 0.0000000000
93137  -36.314  -9.869  4.159 0.0000000000
96507  -32.832  -22.188  10.050 0.0000000000
96508  -32.398  -22.806  9.743 0.0000000000
96509  -32.393  -22.652  9.157 0.0000000000
96510  -32.089  -23.209  8.305 0.0000000000
96513  -32.026  -23.640  6.988 0.0000000000
96514  -32.092  -23.547  6.481 0.0000000000
96515  -32.224  -23.436  5.901 0.0000000000
96521  -35.143  -16.802  4.084 0.0000000000
96522  -35.049  -16.943  4.609 0.0000000000
96523  -34.652  -17.788  3.392 0.0000000000
96524  -34.397  -18.812  2.646 0.0000000000
96525  -34.268  -19.728  2.150 0.0000000000
96526  -34.140  -20.567  1.693 0.0000000000
96527  -34.371  -20.576  1.174 0.0000000000
96528  -34.553  -21.452  0.174 0.0000000000
96529  -34.875  -22.220  -0.631 0.0000000000
96530  -35.297  -22.911  -1.360 0.0000000000
96531  -35.042  -22.145  -1.083 0.0000000000
96532  -35.215  -21.986  -1.504 0.0000000000
96533  -35.338  -21.862  -1.996 0.0000000000
96534  -34.754  -17.603  -4.761 0.0000000000
96535  -35.269  -18.278  -5.228 0.0000000000
96536  -35.298  -17.983  -5.598 0.0000000000
96537  -35.970  -18.413  -6.431 0.0000000000
96538  -36.711  -18.751  -7.150 0.0000000000
96539  -37.518  -19.006  -7.737 0.0000000000
96540  -36.810  -18.436  -7.479 0.0000000000
96541  -36.966  -18.134  -7.828 0.0000000000
96542  -37.110  -17.824  -8.191 0.0000000000
96543  -37.354  -17.606  -8.573 0.0000000000
96544  -36.526  -17.340  -7.942 0.0000000000
96545  -35.909  -16.768  -7.623 0.0000000000
96546  -35.305  -16.234  -7.258 0.0000000000
100835  -35.001  -18.598  12.730 0.0000000000
100841  -36.328  -11.482  5.533 0.0000000000
100842  -36.103  -11.733  5.847 0.0000000000
100843  -37.260  -12.218  5.567 0.0000000000
100844  -38.029  -12.827  5.607 0.0000000000
100845  -38.400  -13.447  5.545 0.0000000000
100846  -38.305  -14.236  5.344 0.0000000000
100847  -38.099  -14.059  4.892 0.0000000000
100848  -37.337  -14.566  4.211 0.0000000000
100849  -36.298  -15.021  3.438 0.0000000000
100850  -35.431  -15.630  2.586 0.0000000000
100851  -36.201  -14.861  3.026 0.0000000000
100852  -36.143  -14.729  2.558 0.0000000000
100853  -36.052  -14.617  2.099 0.0000000000
100854  -37.815  -12.146  1.979 0.0000000000
100855  -37.170  -12.921  1.717 0.0000000000
100856  -37.065  -12.750  1.333 0.0000000000
100857  -36.248  -13.379  0.640 0.0000000000
100858  -35.573  -14.166  -0.186 0.0000000000
100859  -35.150  -14.942  -1.010 0.0000000000
100860  -35.375  -14.074  -0.607 0.0000000000
100861  -35.129  -13.939  -0.957 0.0000000000
100862  -35.004  -13.698  -1.297 0.0000000000
100863  -34.735  -13.634  -1.683 0.0000000000
100864  -35.408  -12.959  -0.964 0.0000000000
100865  -35.975  -12.197  -0.661 0.0000000000
100866  -36.627  -11.501  -0.458 0.0000000000
110998  -35.754  -16.578  12.537 0.0000000000
110999  -35.947  -16.522  12.121 0.0000000000
111000  -36.202  -17.241  11.539 0.0000000000
111001  -35.948  -17.892  10.754 0.0000000000
111002  -35.032  -12.811  8.826 0.0000000000
111003  -34.883  -12.894  9.293 0.0000000000
111004  -35.866  -13.569  8.935 0.0000000000
111005  -36.708  -14.261  9.052 0.0000000000
111006  -37.285  -14.884  9.185 0.0000000000
111007  -35.053  -17.631  6.503 0.0000000000
111008  -35.894  -17.187  7.431 0.0000000000
111009  -34.980  -17.837  6.938 0.0000000000
111010  -34.938  -18.070  7.366 0.0000000000
111011  -34.826  -18.317  7.794 0.0000000000
111012  -34.857  -18.540  8.207 0.0000000000
111013  -34.150  -19.045  7.234 0.0000000000
111014  -33.635  -19.814  6.687 0.0000000000
111015  -33.200  -20.649  6.116 0.0000000000
111016  -32.860  -21.495  5.602 0.0000000000
111017  -32.950  -21.350  5.128 0.0000000000
111018  -32.929  -22.062  4.177 0.0000000000
111019  -33.059  -22.822  3.294 0.0000000000
111020  -34.620  -23.986  0.367 0.0000000000
111021  -34.367  -24.109  0.840 0.0000000000
111033  -38.065  -24.479  -3.357 0.0000000000
111042  -35.213  -19.151  -1.551 0.0000000000
111043  -35.245  -20.002  -2.094 0.0000000000
111044  -35.220  -19.796  -2.482 0.0000000000
111045  -35.433  -20.388  -3.400 0.0000000000
111046  -35.867  -20.874  -4.145 0.0000000000
111047  -37.613  -20.748  -6.457 0.0000000000
111048  -37.499  -21.073  -6.102 0.0000000000
111049  -38.308  -21.247  -6.551 0.0000000000
111050  -38.973  -21.669  -6.554 0.0000000000
111051  -39.708  -22.051  -6.500 0.0000000000
111052  -40.462  -22.368  -6.405 0.0000000000
111053  -40.721  -21.992  -6.749 0.0000000000
111054  -41.710  -21.789  -6.896 0.0000000000
111057  -42.884  -21.016  -7.305 0.0000000000
111058  -43.036  -20.601  -7.638 0.0000000000
111059  -43.221  -20.180  -7.978 0.0000000000
111060  -41.250  -19.123  -9.349 0.0000000000
111061  -42.062  -19.264  -9.197 0.0000000000
111062  -42.233  -18.866  -9.552 0.0000000000
111063  -43.207  -18.458  -9.642 0.0000000000
111064  -44.076  -17.891  -9.634 0.0000000000
111065  -44.877  -17.219  -9.514 0.0000000000
111066  -44.172  -17.422  -9.952 0.0000000000
111067  -44.360  -16.956  -10.266 0.0000000000
111068  -44.524  -16.419  -10.536 0.0000000000
111069  -44.809  -15.869  -10.787 0.0000000000
111070  -43.959  -16.556  -10.855 0.0000000000
111071  -43.342  -16.653  -11.130 0.0000000000
111072  -42.657  -16.667  -11.334 0.0000000000
111073  -38.396  -16.631  -10.139 0.0000000000
111074  -39.339  -16.697  -10.650 0.0000000000
111075  -38.665  -16.365  -10.497 0.0000000000
117476  -36.536  -11.296  5.156 0.0000000000
117477  -37.600  -11.819  4.774 0.0000000000
117478  -38.384  -12.291  4.315 0.0000000000
117479  -38.285  -12.837  3.749 0.0000000000
117480  -38.283  -12.125  3.896 0.0000000000
117481  -38.309  -11.919  3.529 0.0000000000
117482  -38.248  -11.701  3.141 0.0000000000
117483  -37.219  -10.525  3.686 0.0000000000
117484  -37.900  -10.990  3.238 0.0000000000
117485  -38.202  -11.558  2.634 0.0000000000
117486  -38.099  -11.358  2.236 0.0000000000
117487  -38.103  -11.138  1.847 0.0000000000
117488  -37.964  -10.959  1.437 0.0000000000
117489  -37.824  -10.909  1.041 0.0000000000
117490  -37.949  -10.187  1.762 0.0000000000
117491  -37.506  -9.442  1.976 0.0000000000
125374  -35.397  -14.814  11.208 0.0000000000
125375  -38.123  -14.983  7.222 0.0000000000
125376  -38.028  -15.137  7.714 0.0000000000
125377  -37.662  -15.637  7.072 0.0000000000
125378  -36.903  -16.183  6.857 0.0000000000
125379  -35.983  -16.728  6.530 0.0000000000
125380  -35.069  -17.074  5.079 0.0000000000
125381  -35.007  -17.184  5.570 0.0000000000
125382  -35.053  -17.403  6.049 0.0000000000
125383  -34.315  -18.264  5.424 0.0000000000
125384  -33.886  -19.114  4.774 0.0000000000
125385  -33.551  -20.025  4.127 0.0000000000
125386  -33.363  -20.925  3.625 0.0000000000
125387  -33.560  -20.848  3.108 0.0000000000
125388  -33.692  -21.628  2.186 0.0000000000
125389  -33.926  -22.457  1.303 0.0000000000
125390  -34.128  -21.571  1.153 0.0000000000
125391  -34.194  -22.404  0.790 0.0000000000
125392  -34.342  -23.200  0.552 0.0000000000
125393  -34.840  -23.878  -0.081 0.0000000000
125394  -35.527  -24.464  -0.652 0.0000000000
125398  -36.783  -24.674  -2.085 0.0000000000
125399  -37.044  -24.474  -2.530 0.0000000000
125400  -35.863  -23.457  -1.979 0.0000000000
125401  -36.522  -23.915  -2.498 0.0000000000
125402  -37.260  -24.263  -2.970 0.0000000000
125403  -37.472  -24.029  -3.402 0.0000000000
125404  -37.672  -23.783  -3.833 0.0000000000
125405  -37.852  -23.565  -4.237 0.0000000000
125406  -34.971  -18.540  -3.221 0.0000000000
125407  -35.213  -19.259  -3.714 0.0000000000
125408  -35.193  -19.099  -4.166 0.0000000000
125409  -35.672  -19.489  -4.954 0.0000000000
125410  -36.254  -19.862  -5.683 0.0000000000
125411  -35.795  -18.958  -5.719 0.0000000000
125412  -36.345  -19.589  -6.061 0.0000000000
125413  -36.937  -20.183  -6.286 0.0000000000
125414  -37.777  -20.467  -6.825 0.0000000000
125415  -38.671  -20.603  -7.285 0.0000000000
125416  -39.549  -20.698  -7.645 0.0000000000
125417  -40.436  -20.656  -7.946 0.0000000000
125418  -39.697  -20.338  -7.994 0.0000000000
125419  -39.883  -19.978  -8.372 0.0000000000
125420  -40.057  -19.613  -8.715 0.0000000000
125421  -38.371  -19.172  -8.250 0.0000000000
125422  -39.286  -19.252  -8.686 0.0000000000
125423  -40.265  -19.254  -9.086 0.0000000000
125424  -40.489  -18.867  -9.433 0.0000000000
125425  -40.689  -18.470  -9.818 0.0000000000
125426  -40.873  -18.113  -10.157 0.0000000000
125427  -41.215  -17.739  -10.500 0.0000000000
125428  -40.214  -17.879  -10.150 0.0000000000
125429  -39.502  -17.601  -10.064 0.0000000000
125430  -38.753  -17.272  -9.915 0.0000000000
125431  -37.600  -17.357  -8.974 0.0000000000
125432  -37.824  -17.105  -9.351 0.0000000000
125433  -38.120  -16.877  -9.764 0.0000000000
125434  -37.505  -16.451  -9.547 0.0000000000
134788  -33.308  -21.912  12.020 0.0000000000
134789  -33.290  -21.851  11.458 0.0000000000
134790  -34.080  -20.401  12.558 0.0000000000
134791  -33.768  -21.125  11.757 0.0000000000
134792  -33.310  -21.711  10.896 0.0000000000
134793  -33.326  -21.563  10.383 0.0000000000
134794  -33.351  -21.377  9.917 0.0000000000
134795  -33.342  -21.196  9.367 0.0000000000
134804  -35.208  -12.655  8.418 0.0000000000
134805  -36.213  -13.244  8.079 0.0000000000
134806  -37.248  -13.720  7.777 0.0000000000
134813  -36.576  -12.924  7.272 0.0000000000
134814  -37.496  -13.556  7.398 0.0000000000
134815  -38.118  -14.229  7.370 0.0000000000
134816  -38.125  -14.820  6.758 0.0000000000
134817  -37.682  -15.268  6.119 0.0000000000
134818  -36.841  -15.602  5.422 0.0000000000
134819  -37.683  -14.854  5.159 0.0000000000
134820  -36.769  -15.391  4.946 0.0000000000
134821  -35.877  -16.002  4.587 0.0000000000
134822  -35.113  -16.725  3.539 0.0000000000
134823  -34.869  -17.650  2.387 0.0000000000
134824  -34.911  -18.617  1.248 0.0000000000
134825  -34.928  -19.460  0.291 0.0000000000
134826  -35.032  -18.532  0.822 0.0000000000
134827  -35.173  -18.488  0.329 0.0000000000
134828  -35.230  -18.454  -0.112 0.0000000000
134829  -35.175  -16.516  1.541 0.0000000000
134830  -35.232  -17.488  0.476 0.0000000000
134831  -35.289  -18.396  -0.572 0.0000000000
134832  -35.205  -18.294  -1.009 0.0000000000
134833  -35.121  -18.198  -1.419 0.0000000000
134834  -35.064  -18.116  -1.852 0.0000000000
134835  -37.717  -13.325  3.127 0.0000000000
134836  -36.819  -13.838  2.425 0.0000000000
134837  -35.888  -14.593  1.560 0.0000000000
134838  -36.420  -13.696  1.427 0.0000000000
134839  -35.799  -14.508  1.074 0.0000000000
134840  -35.408  -15.427  0.633 0.0000000000
134841  -35.289  -16.339  -0.335 0.0000000000
134842  -35.117  -17.270  -1.263 0.0000000000
134843  -34.946  -17.946  -2.253 0.0000000000
134844  -34.827  -17.739  -2.621 0.0000000000
134845  -34.746  -17.536  -2.966 0.0000000000
134846  -34.668  -17.305  -3.393 0.0000000000
134847  -34.826  -15.708  -1.896 0.0000000000
134848  -34.583  -16.403  -2.873 0.0000000000
134849  -34.568  -17.036  -3.822 0.0000000000
134850  -34.393  -16.823  -4.228 0.0000000000
134851  -34.406  -16.487  -4.581 0.0000000000
134852  -34.370  -16.262  -4.994 0.0000000000
134853  -34.404  -16.134  -5.509 0.0000000000
134854  -34.145  -15.611  -4.558 0.0000000000
134855  -34.027  -14.888  -4.071 0.0000000000
134856  -34.007  -14.119  -3.564 0.0000000000
134857  -34.524  -13.570  -2.139 0.0000000000
134858  -34.303  -13.461  -2.616 0.0000000000
134859  -34.079  -13.343  -3.052 0.0000000000
134863  -37.834  -10.911  0.537 0.0000000000
134864  -37.465  -10.836  0.110 0.0000000000
155437  -35.229  -18.485  12.293 0.0000000000
155438  -35.720  -17.475  12.264 0.0000000000
155439  -35.390  -18.349  11.882 0.0000000000
155440  -34.890  -19.242  11.466 0.0000000000
155441  -34.452  -19.927  10.615 0.0000000000
155442  -33.918  -20.472  9.791 0.0000000000
155443  -33.385  -20.977  8.909 0.0000000000
155447  -34.698  -13.081  9.711 0.0000000000
155448  -34.462  -13.148  10.119 0.0000000000
155450  -34.892  -14.009  10.636 0.0000000000
155451  -35.655  -14.754  10.768 0.0000000000
155452  -36.299  -15.477  10.867 0.0000000000
155453  -37.897  -15.294  8.178 0.0000000000
155454  -37.782  -15.411  8.692 0.0000000000
155455  -37.524  -15.570  9.165 0.0000000000
155456  -36.731  -16.816  8.221 0.0000000000
155457  -37.317  -16.299  8.960 0.0000000000
155458  -37.367  -15.716  9.646 0.0000000000
155459  -37.091  -15.901  10.035 0.0000000000
155460  -36.956  -16.073  10.475 0.0000000000
155461  -36.673  -16.258  10.848 0.0000000000
155462  -36.610  -17.018  10.674 0.0000000000
155463  -36.111  -17.742  10.351 0.0000000000
155464  -35.470  -18.516  9.906 0.0000000000
155465  -34.829  -18.789  8.643 0.0000000000
155466  -34.802  -19.041  9.041 0.0000000000
155467  -34.745  -19.282  9.411 0.0000000000
155468  -34.022  -20.039  8.892 0.0000000000
155469  -33.409  -20.771  8.433 0.0000000000
155470  -32.944  -21.465  8.050 0.0000000000
155471  -32.609  -21.999  7.133 0.0000000000
155472  -32.399  -22.646  6.207 0.0000000000
155473  -32.384  -23.299  5.351 0.0000000000
155474  -32.636  -22.331  5.183 0.0000000000
155475  -32.522  -23.166  4.821 0.0000000000
155480  -33.273  -21.840  3.140 0.0000000000
155481  -33.269  -22.744  2.745 0.0000000000
155482  -33.366  -23.560  2.499 0.0000000000
155525  -35.020  -20.293  -0.685 0.0000000000
155526  -35.187  -21.053  -1.588 0.0000000000
155527  -35.486  -21.740  -2.483 0.0000000000
155528  -35.357  -20.824  -2.587 0.0000000000
155529  -35.587  -21.571  -2.928 0.0000000000
155530  -35.979  -22.278  -3.181 0.0000000000
155531  -36.608  -22.714  -3.760 0.0000000000
155532  -37.294  -23.084  -4.237 0.0000000000
155533  -38.087  -23.288  -4.639 0.0000000000
155534  -35.556  -19.958  -4.175 0.0000000000
155535  -35.979  -20.637  -4.541 0.0000000000
155536  -36.454  -21.284  -4.763 0.0000000000
155537  -37.331  -21.361  -5.712 0.0000000000
155538  -37.149  -21.656  -5.319 0.0000000000
155539  -37.001  -21.912  -4.923 0.0000000000
155540  -37.628  -22.490  -5.017 0.0000000000
155541  -38.256  -22.987  -5.049 0.0000000000
155542  -38.946  -23.409  -5.010 0.0000000000
155543  -39.805  -23.404  -5.288 0.0000000000
155546  -41.193  -22.623  -6.193 0.0000000000
155561  -41.469  -20.487  -8.166 0.0000000000
155562  -42.467  -20.180  -8.285 0.0000000000
155563  -43.369  -19.749  -8.320 0.0000000000
155564  -42.849  -19.321  -8.951 0.0000000000
155565  -43.582  -19.300  -8.630 0.0000000000
155582  -45.087  -15.292  -11.034 0.0000000000
155587  -43.908  -14.682  -12.417 0.0000000000
155588  -41.502  -17.369  -10.836 0.0000000000
155589  -41.696  -17.011  -11.131 0.0000000000
155590  -41.966  -16.603  -11.430 0.0000000000
155591  -40.330  -16.656  -11.140 0.0000000000
155592  -41.282  -16.480  -11.473 0.0000000000
155593  -42.288  -16.148  -11.741 0.0000000000
155594  -42.637  -15.698  -12.044 0.0000000000
155595  -42.963  -15.255  -12.331 0.0000000000
155596  -43.266  -14.782  -12.621 0.0000000000
155606  -34.499  -15.991  -5.982 0.0000000000
155607  -34.597  -15.862  -6.444 0.0000000000
155608  -34.742  -15.650  -6.858 0.0000000000
