#!ascii label  , from subject fsaverage vox2ras=TkReg
807
46  -41.863  -22.613  39.018 0.0000000000
468  -55.533  -18.862  46.498 0.0000000000
1023  -45.879  -20.195  46.624 0.0000000000
1024  -52.913  -17.937  50.026 0.0000000000
1025  -49.431  -20.308  44.484 0.0000000000
1029  -57.903  -16.315  35.350 0.0000000000
1552  -44.775  -20.843  36.416 0.0000000000
2054  -53.678  -23.172  43.528 0.0000000000
2055  -51.772  -18.958  41.368 0.0000000000
2056  -56.580  -18.701  43.048 0.0000000000
2057  -53.393  -21.354  38.708 0.0000000000
2058  -53.845  -20.053  34.323 0.0000000000
2059  -54.403  -20.174  30.539 0.0000000000
2943  -43.948  -21.531  42.856 0.0000000000
2944  -47.856  -20.280  45.694 0.0000000000
2945  -45.572  -21.572  41.711 0.0000000000
4506  -54.493  -18.553  48.272 0.0000000000
4507  -54.683  -19.915  49.708 0.0000000000
4508  -55.367  -20.744  47.749 0.0000000000
4509  -54.087  -23.428  45.851 0.0000000000
4510  -55.670  -21.179  45.738 0.0000000000
4512  -48.295  -20.104  38.983 0.0000000000
4517  -55.316  -20.409  41.256 0.0000000000
4518  -55.220  -19.833  38.939 0.0000000000
4519  -53.558  -20.587  36.391 0.0000000000
4520  -55.293  -19.039  36.846 0.0000000000
4521  -57.933  -15.872  33.019 0.0000000000
4522  -55.792  -17.946  32.757 0.0000000000
6447  -47.701  -18.816  49.919 0.0000000000
6448  -51.060  -17.719  51.444 0.0000000000
6449  -49.615  -18.632  48.884 0.0000000000
6450  -51.509  -18.820  47.634 0.0000000000
6451  -52.912  -18.826  46.055 0.0000000000
6457  -57.568  -17.015  37.546 0.0000000000
7456  -43.303  -22.018  37.600 0.0000000000
8080  -42.622  -21.155  44.100 0.0000000000
8731  -51.423  -24.748  42.675 0.0000000000
8732  -51.155  -23.803  40.537 0.0000000000
8733  -46.939  -21.098  40.240 0.0000000000
8734  -50.697  -20.074  42.789 0.0000000000
8735  -54.030  -18.466  44.331 0.0000000000
8737  -54.948  -17.764  43.022 0.0000000000
8738  -56.169  -18.852  44.823 0.0000000000
8739  -55.560  -20.940  43.538 0.0000000000
8740  -53.420  -22.213  41.144 0.0000000000
8741  -51.236  -22.733  38.201 0.0000000000
8742  -51.542  -22.099  36.034 0.0000000000
8743  -52.081  -21.655  33.770 0.0000000000
8744  -52.861  -21.607  32.002 0.0000000000
8745  -55.504  -18.445  34.836 0.0000000000
8746  -54.073  -19.948  32.346 0.0000000000
8747  -53.695  -22.153  30.744 0.0000000000
10623  -42.907  -22.197  40.891 0.0000000000
10624  -44.792  -21.619  42.307 0.0000000000
10625  -43.658  -22.171  40.270 0.0000000000
12186  -55.006  -18.756  47.371 0.0000000000
12187  -55.251  -19.362  48.212 0.0000000000
12188  -55.633  -19.669  47.212 0.0000000000
12189  -55.558  -21.028  46.749 0.0000000000
12190  -55.960  -19.832  46.266 0.0000000000
12199  -55.264  -19.439  37.848 0.0000000000
12200  -56.239  -18.515  38.163 0.0000000000
14583  -46.829  -19.488  48.371 0.0000000000
14584  -48.689  -18.640  49.412 0.0000000000
14585  -47.814  -19.430  47.851 0.0000000000
14586  -48.638  -20.303  45.136 0.0000000000
14587  -49.713  -19.541  46.854 0.0000000000
14588  -50.563  -19.561  46.224 0.0000000000
14589  -52.305  -18.849  46.847 0.0000000000
14590  -51.341  -19.510  45.497 0.0000000000
17731  -41.637  -21.742  42.289 0.0000000000
19271  -52.037  -17.756  50.754 0.0000000000
19273  -53.413  -18.224  50.935 0.0000000000
19281  -53.907  -23.393  44.710 0.0000000000
19282  -52.792  -24.276  44.315 0.0000000000
19283  -52.606  -24.033  43.230 0.0000000000
19284  -51.275  -24.345  41.612 0.0000000000
19285  -52.442  -23.626  42.103 0.0000000000
19286  -44.026  -21.507  36.957 0.0000000000
19287  -45.063  -21.561  38.885 0.0000000000
19288  -45.809  -21.062  38.285 0.0000000000
19289  -50.002  -19.595  40.235 0.0000000000
19290  -49.438  -20.248  40.862 0.0000000000
19291  -51.232  -19.595  41.963 0.0000000000
19292  -52.432  -19.223  43.668 0.0000000000
19293  -52.896  -18.867  42.835 0.0000000000
19299  -56.103  -17.934  43.330 0.0000000000
19300  -55.743  -18.120  44.048 0.0000000000
19301  -56.372  -18.788  43.993 0.0000000000
19302  -56.163  -19.855  44.341 0.0000000000
19303  -56.238  -19.811  43.353 0.0000000000
19304  -54.318  -21.009  40.013 0.0000000000
19305  -54.418  -21.340  41.243 0.0000000000
19306  -53.389  -21.791  39.942 0.0000000000
19307  -52.258  -22.506  39.762 0.0000000000
19308  -52.300  -22.040  38.574 0.0000000000
19309  -51.267  -22.380  37.068 0.0000000000
19310  -52.401  -21.703  37.356 0.0000000000
19311  -53.726  -20.297  35.387 0.0000000000
19312  -52.807  -21.054  35.081 0.0000000000
19313  -53.055  -20.833  34.068 0.0000000000
19314  -52.455  -21.556  32.813 0.0000000000
19315  -53.269  -20.676  33.072 0.0000000000
19316  -57.779  -16.678  36.500 0.0000000000
19317  -56.567  -17.671  36.189 0.0000000000
19318  -56.749  -17.412  35.138 0.0000000000
19319  -54.951  -18.921  31.506 0.0000000000
19320  -54.799  -19.002  32.549 0.0000000000
19321  -54.254  -20.004  31.443 0.0000000000
19322  -53.780  -20.896  31.390 0.0000000000
19323  -53.994  -21.194  30.600 0.0000000000
23727  -44.948  -20.890  44.791 0.0000000000
23728  -46.903  -20.220  46.144 0.0000000000
23729  -45.842  -20.946  44.263 0.0000000000
23730  -46.696  -20.969  43.733 0.0000000000
23731  -47.502  -20.950  43.140 0.0000000000
26540  -53.748  -18.227  49.229 0.0000000000
26541  -54.122  -18.620  50.107 0.0000000000
26542  -54.771  -18.986  49.150 0.0000000000
26543  -55.143  -20.256  48.731 0.0000000000
26544  -54.849  -21.906  48.048 0.0000000000
26545  -54.137  -23.429  47.041 0.0000000000
26546  -54.945  -22.215  47.019 0.0000000000
26547  -54.995  -22.351  46.006 0.0000000000
26548  -54.928  -22.338  44.833 0.0000000000
26550  -46.463  -20.507  37.670 0.0000000000
26551  -47.153  -19.864  37.108 0.0000000000
26552  -48.977  -19.355  38.491 0.0000000000
26553  -50.692  -18.823  39.798 0.0000000000
26561  -55.214  -20.171  40.042 0.0000000000
26562  -54.302  -20.656  38.763 0.0000000000
26563  -53.483  -20.983  37.556 0.0000000000
26564  -54.307  -20.291  37.692 0.0000000000
26565  -54.408  -19.848  36.608 0.0000000000
26566  -54.505  -19.534  35.589 0.0000000000
26567  -57.902  -16.064  34.165 0.0000000000
26568  -56.841  -17.166  34.082 0.0000000000
26569  -56.817  -16.944  32.938 0.0000000000
26570  -55.842  -17.890  31.673 0.0000000000
26571  -55.055  -18.971  30.581 0.0000000000
30401  -49.551  -18.016  50.859 0.0000000000
30402  -50.404  -17.937  50.238 0.0000000000
30403  -51.388  -17.985  49.654 0.0000000000
30404  -48.830  -19.433  47.416 0.0000000000
30405  -50.632  -18.714  48.331 0.0000000000
30406  -52.330  -18.191  48.897 0.0000000000
30407  -53.135  -18.332  48.114 0.0000000000
30408  -53.823  -18.477  47.262 0.0000000000
30409  -54.442  -18.502  46.372 0.0000000000
30424  -58.805  -15.472  36.618 0.0000000000
30427  -58.943  -15.116  35.432 0.0000000000
30428  -59.120  -14.923  34.190 0.0000000000
32847  -40.763  -22.617  37.229 0.0000000000
32848  -42.588  -22.395  38.302 0.0000000000
34546  -46.240  -19.507  49.017 0.0000000000
34547  -45.222  -20.095  47.256 0.0000000000
34550  -44.219  -20.767  45.333 0.0000000000
34551  -43.224  -21.342  43.470 0.0000000000
34552  -42.315  -22.031  41.625 0.0000000000
34553  -41.328  -22.588  39.811 0.0000000000
36441  -52.930  -24.275  45.451 0.0000000000
36442  -51.562  -24.836  43.749 0.0000000000
36443  -50.239  -25.288  42.048 0.0000000000
36444  -50.206  -25.002  40.990 0.0000000000
36445  -50.127  -24.408  40.015 0.0000000000
36446  -50.118  -23.855  38.947 0.0000000000
36447  -44.370  -21.922  39.577 0.0000000000
36448  -46.237  -21.420  40.962 0.0000000000
36449  -48.168  -20.906  42.403 0.0000000000
36450  -47.585  -20.694  39.579 0.0000000000
36451  -48.837  -20.683  41.628 0.0000000000
36452  -50.120  -20.262  43.700 0.0000000000
36453  -51.827  -19.484  44.587 0.0000000000
36454  -53.485  -18.697  45.126 0.0000000000
36455  -54.918  -18.410  45.525 0.0000000000
36458  -52.426  -18.163  40.958 0.0000000000
36460  -54.108  -17.531  41.953 0.0000000000
36461  -53.411  -18.234  42.315 0.0000000000
36462  -54.400  -18.163  43.594 0.0000000000
36463  -55.365  -18.268  44.799 0.0000000000
36464  -55.936  -18.874  45.585 0.0000000000
36465  -56.087  -19.896  45.345 0.0000000000
36466  -55.650  -21.153  44.636 0.0000000000
36467  -54.768  -22.072  43.610 0.0000000000
36468  -55.422  -20.698  42.359 0.0000000000
36469  -54.615  -21.683  42.416 0.0000000000
36470  -53.582  -22.692  42.423 0.0000000000
36471  -52.288  -23.103  40.881 0.0000000000
36472  -51.185  -23.258  39.365 0.0000000000
36473  -50.211  -23.394  37.752 0.0000000000
36474  -50.367  -23.024  36.659 0.0000000000
36475  -50.523  -22.816  35.585 0.0000000000
36477  -52.566  -21.389  36.184 0.0000000000
36478  -51.797  -21.881  34.891 0.0000000000
36483  -56.339  -18.067  37.205 0.0000000000
36484  -55.371  -18.712  35.912 0.0000000000
36485  -54.551  -19.363  34.579 0.0000000000
36486  -55.718  -18.194  33.800 0.0000000000
36487  -54.645  -19.177  33.531 0.0000000000
36488  -53.936  -19.940  33.254 0.0000000000
36489  -53.500  -20.717  32.187 0.0000000000
36490  -53.281  -21.821  31.331 0.0000000000
41343  -42.363  -22.445  39.952 0.0000000000
41344  -43.287  -22.200  40.574 0.0000000000
41345  -42.749  -22.420  39.631 0.0000000000
42906  -55.265  -18.791  46.938 0.0000000000
42907  -55.425  -19.172  47.298 0.0000000000
42908  -55.668  -19.260  46.868 0.0000000000
42909  -55.800  -19.772  46.745 0.0000000000
42910  -55.857  -19.298  46.416 0.0000000000
42919  -56.261  -18.692  38.631 0.0000000000
45303  -46.412  -19.814  47.521 0.0000000000
45304  -47.338  -19.431  48.126 0.0000000000
45305  -46.863  -19.839  47.275 0.0000000000
45306  -49.044  -20.305  44.814 0.0000000000
45307  -49.587  -19.931  45.782 0.0000000000
45308  -50.039  -19.938  45.413 0.0000000000
45309  -50.955  -19.566  45.876 0.0000000000
45310  -50.367  -19.940  45.047 0.0000000000
49991  -52.457  -17.808  50.444 0.0000000000
49992  -52.771  -17.872  50.892 0.0000000000
49993  -53.141  -17.997  50.531 0.0000000000
50001  -53.825  -23.315  44.147 0.0000000000
50002  -53.244  -23.772  43.985 0.0000000000
50003  -53.203  -23.627  43.483 0.0000000000
50004  -52.536  -23.840  42.702 0.0000000000
50005  -53.080  -23.441  42.848 0.0000000000
50006  -44.450  -21.179  36.724 0.0000000000
50007  -44.942  -21.277  37.666 0.0000000000
50008  -45.293  -20.972  37.378 0.0000000000
50009  -50.895  -19.297  40.842 0.0000000000
50010  -50.661  -19.638  41.151 0.0000000000
50011  -51.513  -19.287  41.657 0.0000000000
50012  -52.122  -19.238  42.459 0.0000000000
50013  -52.365  -18.937  42.145 0.0000000000
50019  -56.410  -18.268  43.269 0.0000000000
50020  -56.286  -18.325  43.689 0.0000000000
50021  -56.480  -18.750  43.528 0.0000000000
50022  -56.388  -19.272  43.737 0.0000000000
50023  -56.467  -19.211  43.230 0.0000000000
50024  -53.862  -21.212  39.385 0.0000000000
50025  -53.904  -21.418  40.009 0.0000000000
50026  -53.388  -21.579  39.336 0.0000000000
50027  -52.833  -21.921  39.264 0.0000000000
50028  -52.864  -21.711  38.653 0.0000000000
50029  -52.346  -21.825  37.982 0.0000000000
50030  -52.896  -21.500  38.041 0.0000000000
50031  -53.770  -20.138  34.842 0.0000000000
50032  -53.389  -20.548  34.743 0.0000000000
50033  -53.499  -20.415  34.216 0.0000000000
50034  -53.188  -20.722  33.558 0.0000000000
50035  -53.562  -20.347  33.673 0.0000000000
50036  -57.853  -16.489  35.910 0.0000000000
50037  -57.309  -17.043  35.831 0.0000000000
50038  -57.363  -16.899  35.298 0.0000000000
50039  -54.634  -19.533  30.968 0.0000000000
50040  -54.568  -19.556  31.425 0.0000000000
50041  -54.349  -20.103  30.975 0.0000000000
50042  -54.092  -20.580  31.006 0.0000000000
50043  -54.252  -20.703  30.586 0.0000000000
50044  -54.152  -21.376  30.263 0.0000000000
50045  -54.327  -20.813  30.202 0.0000000000
54903  -44.355  -21.204  43.738 0.0000000000
54904  -45.428  -20.910  44.534 0.0000000000
54905  -44.824  -21.270  43.516 0.0000000000
54906  -45.220  -21.611  42.022 0.0000000000
54907  -45.702  -21.326  42.958 0.0000000000
54908  -46.114  -21.285  42.698 0.0000000000
54909  -47.085  -20.955  43.413 0.0000000000
54910  -46.522  -21.254  42.426 0.0000000000
59591  -54.142  -18.413  48.747 0.0000000000
59592  -54.330  -18.541  49.224 0.0000000000
59593  -54.675  -18.695  48.766 0.0000000000
59594  -55.386  -19.999  48.003 0.0000000000
59595  -55.235  -19.831  48.513 0.0000000000
59596  -55.240  -20.568  48.265 0.0000000000
59597  -55.046  -21.137  48.389 0.0000000000
59598  -55.142  -21.352  47.946 0.0000000000
59599  -54.952  -22.092  47.586 0.0000000000
59600  -55.223  -21.479  47.483 0.0000000000
59601  -55.623  -21.103  46.243 0.0000000000
59602  -55.318  -21.776  46.411 0.0000000000
59603  -55.334  -21.800  45.874 0.0000000000
59604  -54.938  -22.399  45.410 0.0000000000
59605  -55.360  -21.800  45.317 0.0000000000
59607  -46.312  -20.032  36.468 0.0000000000
59610  -48.364  -19.286  37.528 0.0000000000
59611  -49.288  -19.015  38.244 0.0000000000
59612  -49.864  -19.081  39.155 0.0000000000
59613  -50.193  -18.730  38.934 0.0000000000
59624  -55.738  -19.557  39.536 0.0000000000
59626  -55.205  -20.017  39.454 0.0000000000
59627  -54.730  -20.458  39.398 0.0000000000
59628  -54.734  -20.268  38.808 0.0000000000
59629  -54.299  -20.481  38.204 0.0000000000
59630  -54.749  -20.086  38.273 0.0000000000
59631  -55.231  -19.235  37.316 0.0000000000
59632  -54.792  -19.650  37.238 0.0000000000
59633  -54.835  -19.440  36.713 0.0000000000
59634  -54.454  -19.665  36.097 0.0000000000
59635  -54.879  -19.280  36.204 0.0000000000
59636  -57.901  -15.951  33.597 0.0000000000
59637  -57.336  -16.515  33.551 0.0000000000
59638  -57.329  -16.406  32.975 0.0000000000
59640  -56.316  -17.390  31.694 0.0000000000
59642  -55.415  -18.401  31.084 0.0000000000
66783  -48.103  -18.465  50.718 0.0000000000
66784  -49.016  -18.056  51.150 0.0000000000
66785  -48.652  -18.369  50.432 0.0000000000
66786  -49.195  -18.578  49.155 0.0000000000
66787  -49.580  -18.221  49.877 0.0000000000
66788  -50.067  -18.207  49.574 0.0000000000
66789  -50.863  -17.956  49.924 0.0000000000
66790  -50.520  -18.277  49.285 0.0000000000
66791  -47.422  -20.230  45.950 0.0000000000
66792  -47.903  -19.825  46.848 0.0000000000
66793  -48.359  -19.860  46.616 0.0000000000
66794  -50.647  -19.164  47.285 0.0000000000
66795  -50.156  -19.110  47.603 0.0000000000
66796  -51.077  -18.767  47.981 0.0000000000
66797  -51.483  -18.403  48.672 0.0000000000
66798  -51.990  -18.461  48.303 0.0000000000
66799  -52.806  -18.250  48.541 0.0000000000
66800  -52.374  -18.514  47.889 0.0000000000
66801  -52.592  -18.829  46.480 0.0000000000
66802  -53.116  -18.599  47.040 0.0000000000
66803  -53.425  -18.588  46.658 0.0000000000
66804  -54.127  -18.496  46.816 0.0000000000
66805  -53.736  -18.609  46.232 0.0000000000
66844  -59.026  -14.999  34.806 0.0000000000
76216  -45.644  -19.816  48.107 0.0000000000
76217  -44.862  -20.095  47.521 0.0000000000
76224  -43.827  -20.684  45.626 0.0000000000
76225  -43.408  -20.971  44.693 0.0000000000
76226  -43.744  -21.043  44.442 0.0000000000
76227  -42.885  -21.241  43.771 0.0000000000
76228  -41.197  -22.106  41.433 0.0000000000
76229  -42.020  -21.913  41.975 0.0000000000
76230  -41.511  -22.252  41.063 0.0000000000
76231  -41.850  -22.336  40.706 0.0000000000
76232  -41.018  -22.541  40.152 0.0000000000
80854  -54.482  -19.170  49.962 0.0000000000
80855  -54.142  -18.924  50.436 0.0000000000
80856  -54.418  -19.606  50.206 0.0000000000
80876  -54.071  -23.457  46.399 0.0000000000
80877  -53.566  -23.919  46.267 0.0000000000
80878  -53.476  -23.929  45.650 0.0000000000
80879  -52.078  -24.523  43.481 0.0000000000
80880  -52.187  -24.576  44.092 0.0000000000
80881  -51.469  -24.825  43.191 0.0000000000
80882  -50.914  -25.098  42.910 0.0000000000
80883  -50.842  -25.064  42.342 0.0000000000
80884  -50.231  -25.207  41.510 0.0000000000
80885  -50.800  -24.913  41.850 0.0000000000
80886  -51.200  -24.078  41.076 0.0000000000
80887  -50.703  -24.406  40.823 0.0000000000
80888  -50.669  -24.112  40.296 0.0000000000
80889  -50.136  -24.107  39.514 0.0000000000
80890  -50.619  -23.837  39.765 0.0000000000
80891  -42.991  -22.216  37.951 0.0000000000
80892  -43.477  -22.203  38.945 0.0000000000
80893  -43.865  -22.012  38.577 0.0000000000
80894  -46.019  -21.331  39.566 0.0000000000
80895  -45.688  -21.472  39.936 0.0000000000
80896  -46.607  -21.284  40.632 0.0000000000
80897  -47.182  -21.181  41.681 0.0000000000
80898  -47.548  -21.056  41.312 0.0000000000
80899  -47.391  -20.316  38.316 0.0000000000
80900  -47.034  -20.631  38.615 0.0000000000
80901  -47.927  -20.425  39.289 0.0000000000
80902  -50.044  -20.199  41.811 0.0000000000
80903  -49.158  -20.483  41.232 0.0000000000
80904  -49.760  -20.398  42.236 0.0000000000
80905  -49.435  -20.541  42.653 0.0000000000
80906  -50.359  -20.233  43.222 0.0000000000
80907  -50.949  -19.908  44.169 0.0000000000
80908  -51.248  -19.813  43.704 0.0000000000
80909  -53.231  -18.789  44.015 0.0000000000
80910  -52.944  -18.931  44.433 0.0000000000
80911  -53.779  -18.577  44.711 0.0000000000
80912  -54.209  -18.462  45.351 0.0000000000
80913  -54.503  -18.378  44.962 0.0000000000
80920  -51.935  -18.137  40.164 0.0000000000
80921  -52.849  -17.759  40.791 0.0000000000
80925  -55.212  -17.491  42.786 0.0000000000
80926  -54.875  -17.334  42.331 0.0000000000
80927  -54.516  -17.618  42.499 0.0000000000
80928  -53.756  -17.862  42.117 0.0000000000
80929  -54.180  -17.955  42.713 0.0000000000
80930  -53.911  -18.221  42.946 0.0000000000
80931  -54.638  -17.965  43.293 0.0000000000
80932  -56.017  -18.410  44.528 0.0000000000
80933  -55.554  -18.186  44.455 0.0000000000
80934  -55.870  -18.472  44.859 0.0000000000
80935  -55.674  -18.508  45.212 0.0000000000
80936  -56.028  -18.887  45.216 0.0000000000
80937  -56.105  -19.346  45.528 0.0000000000
80938  -56.185  -19.356  45.079 0.0000000000
80939  -55.919  -20.404  43.981 0.0000000000
80940  -55.886  -20.520  44.467 0.0000000000
80941  -55.565  -21.058  44.057 0.0000000000
80942  -55.288  -21.672  44.145 0.0000000000
80943  -55.137  -21.502  43.543 0.0000000000
80944  -55.833  -20.041  41.781 0.0000000000
80945  -55.855  -20.166  42.316 0.0000000000
80946  -55.376  -20.533  41.813 0.0000000000
80947  -53.951  -21.796  41.174 0.0000000000
80948  -54.505  -21.555  41.810 0.0000000000
80949  -54.012  -21.968  41.763 0.0000000000
80950  -54.106  -22.189  42.404 0.0000000000
80951  -53.497  -22.465  41.770 0.0000000000
80952  -52.915  -22.957  41.616 0.0000000000
80953  -52.868  -22.664  41.080 0.0000000000
80954  -51.749  -22.625  38.992 0.0000000000
80955  -51.715  -22.897  39.559 0.0000000000
80956  -51.193  -22.976  38.812 0.0000000000
80957  -50.649  -23.305  38.546 0.0000000000
80958  -50.707  -23.061  37.971 0.0000000000
80959  -50.279  -23.185  37.209 0.0000000000
80960  -50.777  -22.876  37.382 0.0000000000
80961  -51.388  -22.235  36.554 0.0000000000
80962  -50.895  -22.595  36.338 0.0000000000
80963  -51.013  -22.458  35.829 0.0000000000
80965  -51.157  -22.362  35.271 0.0000000000
80966  -53.530  -20.805  37.002 0.0000000000
80967  -53.025  -21.150  36.896 0.0000000000
80968  -53.147  -20.989  36.317 0.0000000000
80969  -52.372  -21.325  34.450 0.0000000000
80970  -52.290  -21.464  34.989 0.0000000000
80971  -51.900  -21.740  34.318 0.0000000000
80972  -51.426  -22.195  34.211 0.0000000000
80973  -51.613  -22.121  33.662 0.0000000000
80975  -51.834  -22.080  33.173 0.0000000000
80976  -52.647  -21.561  32.375 0.0000000000
80977  -52.305  -22.029  32.303 0.0000000000
80978  -52.547  -22.065  31.918 0.0000000000
80980  -52.768  -22.172  31.572 0.0000000000
80981  -57.425  -17.197  38.025 0.0000000000
80982  -56.827  -17.761  37.849 0.0000000000
80983  -56.981  -17.559  37.375 0.0000000000
80984  -56.042  -18.040  35.528 0.0000000000
80985  -55.954  -18.201  36.036 0.0000000000
80986  -55.449  -18.568  35.397 0.0000000000
80987  -54.943  -19.068  35.205 0.0000000000
80988  -54.991  -18.919  34.744 0.0000000000
80989  -56.307  -17.562  33.430 0.0000000000
80990  -56.271  -17.666  33.952 0.0000000000
80991  -55.755  -18.051  33.289 0.0000000000
80992  -54.415  -19.493  32.407 0.0000000000
80993  -54.741  -19.082  33.016 0.0000000000
80994  -54.329  -19.548  32.927 0.0000000000
80995  -54.259  -19.584  33.444 0.0000000000
80996  -54.002  -19.940  32.804 0.0000000000
80997  -53.681  -20.311  32.666 0.0000000000
80998  -53.771  -20.331  32.264 0.0000000000
80999  -53.720  -21.521  31.022 0.0000000000
81000  -53.529  -21.356  31.385 0.0000000000
81001  -53.486  -21.960  31.066 0.0000000000
92847  -43.412  -21.895  41.853 0.0000000000
92848  -44.399  -21.596  42.593 0.0000000000
92849  -43.824  -21.919  41.587 0.0000000000
92850  -44.244  -21.914  41.291 0.0000000000
92851  -44.611  -21.876  40.986 0.0000000000
95660  -54.777  -18.662  47.825 0.0000000000
95661  -54.954  -18.861  48.291 0.0000000000
95662  -55.177  -19.032  47.778 0.0000000000
95663  -55.449  -19.544  47.698 0.0000000000
95664  -55.556  -20.226  47.509 0.0000000000
95665  -55.478  -20.919  47.262 0.0000000000
95666  -55.693  -20.289  46.980 0.0000000000
95667  -55.790  -20.397  46.544 0.0000000000
95668  -55.883  -20.462  46.087 0.0000000000
95682  -55.809  -19.348  39.011 0.0000000000
95683  -55.273  -19.653  38.372 0.0000000000
95684  -55.771  -19.155  38.446 0.0000000000
95685  -55.768  -18.985  37.990 0.0000000000
95686  -55.773  -18.826  37.503 0.0000000000
95688  -57.333  -16.325  32.390 0.0000000000
99975  -47.290  -19.145  49.194 0.0000000000
99976  -48.211  -18.689  49.702 0.0000000000
99977  -47.761  -19.085  48.911 0.0000000000
99978  -48.244  -19.015  48.646 0.0000000000
99979  -48.751  -19.001  48.409 0.0000000000
99980  -48.275  -20.278  45.432 0.0000000000
99981  -48.791  -19.908  46.342 0.0000000000
99982  -49.218  -19.921  46.036 0.0000000000
99983  -50.185  -19.568  46.557 0.0000000000
99984  -51.088  -19.178  46.942 0.0000000000
99985  -51.982  -18.821  47.244 0.0000000000
99986  -51.445  -19.202  46.588 0.0000000000
99987  -51.799  -19.210  46.238 0.0000000000
99988  -52.124  -19.143  45.827 0.0000000000
105641  -42.136  -21.412  43.186 0.0000000000
108413  -51.610  -17.713  51.079 0.0000000000
108415  -52.355  -17.805  51.276 0.0000000000
108418  -54.737  -20.694  49.409 0.0000000000
108431  -54.038  -23.418  45.308 0.0000000000
108432  -53.438  -23.933  45.081 0.0000000000
108433  -53.400  -23.843  44.607 0.0000000000
108434  -52.711  -24.158  43.780 0.0000000000
108435  -51.979  -24.395  42.914 0.0000000000
108436  -51.365  -24.566  42.159 0.0000000000
108437  -51.881  -24.244  42.390 0.0000000000
108438  -51.830  -23.989  41.883 0.0000000000
108439  -51.768  -23.749  41.316 0.0000000000
108440  -43.655  -21.770  37.280 0.0000000000
108441  -44.216  -21.796  38.251 0.0000000000
108442  -44.566  -21.538  37.955 0.0000000000
108443  -45.432  -21.301  38.615 0.0000000000
108444  -46.324  -21.110  39.237 0.0000000000
108445  -49.168  -19.847  39.639 0.0000000000
108446  -48.831  -20.189  39.952 0.0000000000
108447  -49.718  -19.920  40.547 0.0000000000
108448  -50.317  -19.964  41.432 0.0000000000
108449  -50.941  -19.865  42.349 0.0000000000
108450  -51.569  -19.722  43.266 0.0000000000
108451  -51.851  -19.503  42.809 0.0000000000
108452  -52.634  -19.092  43.209 0.0000000000
108453  -53.424  -18.670  43.592 0.0000000000
108462  -55.837  -17.595  42.947 0.0000000000
108463  -55.633  -17.724  43.243 0.0000000000
108464  -55.343  -17.870  43.542 0.0000000000
108465  -55.932  -18.008  43.662 0.0000000000
108466  -56.199  -18.358  44.118 0.0000000000
108467  -56.291  -18.811  44.410 0.0000000000
108468  -56.268  -19.300  44.663 0.0000000000
108469  -56.335  -19.299  44.207 0.0000000000
108470  -56.174  -19.843  43.850 0.0000000000
108471  -55.884  -20.356  43.431 0.0000000000
108472  -54.798  -20.746  40.657 0.0000000000
108473  -54.871  -20.880  41.227 0.0000000000
108474  -54.363  -21.165  40.603 0.0000000000
108475  -53.944  -21.603  40.607 0.0000000000
108476  -53.361  -21.996  40.517 0.0000000000
108477  -52.820  -22.383  40.467 0.0000000000
108478  -52.817  -22.125  39.856 0.0000000000
108479  -52.253  -22.273  39.180 0.0000000000
108480  -51.738  -22.397  38.409 0.0000000000
108481  -51.252  -22.531  37.657 0.0000000000
108482  -51.782  -22.183  37.857 0.0000000000
108483  -51.826  -22.029  37.294 0.0000000000
108484  -51.933  -21.906  36.694 0.0000000000
108485  -53.644  -20.453  35.877 0.0000000000
108486  -53.226  -20.818  35.748 0.0000000000
108487  -53.319  -20.706  35.197 0.0000000000
108488  -52.878  -20.946  34.558 0.0000000000
108489  -52.553  -21.215  33.892 0.0000000000
108490  -52.285  -21.588  33.273 0.0000000000
108491  -52.733  -21.153  33.413 0.0000000000
108492  -52.833  -21.117  32.910 0.0000000000
108493  -53.053  -21.123  32.517 0.0000000000
108494  -57.674  -16.837  37.040 0.0000000000
108495  -57.118  -17.363  36.878 0.0000000000
108496  -57.198  -17.193  36.347 0.0000000000
108497  -56.662  -17.535  35.680 0.0000000000
108498  -56.142  -17.915  35.007 0.0000000000
108499  -55.367  -18.404  32.087 0.0000000000
108500  -55.283  -18.487  32.634 0.0000000000
108501  -54.914  -18.962  32.021 0.0000000000
108502  -54.497  -19.480  31.938 0.0000000000
108503  -54.175  -19.971  31.895 0.0000000000
108504  -53.852  -20.351  31.861 0.0000000000
108505  -53.996  -20.485  31.431 0.0000000000
108506  -53.933  -21.052  30.998 0.0000000000
108507  -53.896  -21.718  30.687 0.0000000000
108508  -53.902  -22.304  30.461 0.0000000000
108509  -54.058  -21.880  30.405 0.0000000000
116799  -45.404  -20.560  45.690 0.0000000000
116800  -46.416  -20.223  46.392 0.0000000000
116801  -45.919  -20.591  45.444 0.0000000000
116802  -46.441  -20.586  45.243 0.0000000000
116803  -46.854  -20.608  44.980 0.0000000000
116804  -45.279  -21.266  43.289 0.0000000000
116805  -46.262  -20.956  44.014 0.0000000000
116806  -47.291  -20.606  44.738 0.0000000000
116807  -47.694  -20.619  44.464 0.0000000000
116808  -48.093  -20.626  44.167 0.0000000000
116809  -48.467  -20.645  43.850 0.0000000000
123362  -53.354  -18.080  49.652 0.0000000000
123363  -53.584  -18.178  50.107 0.0000000000
123364  -53.995  -18.352  49.679 0.0000000000
123365  -54.453  -18.782  49.640 0.0000000000
123366  -54.760  -19.411  49.480 0.0000000000
123367  -55.061  -19.153  48.715 0.0000000000
123368  -55.045  -19.598  48.990 0.0000000000
123369  -54.919  -20.124  49.241 0.0000000000
123370  -54.944  -20.921  48.896 0.0000000000
123371  -54.834  -21.666  48.592 0.0000000000
123372  -54.562  -22.525  48.156 0.0000000000
123373  -54.169  -23.242  47.562 0.0000000000
123374  -54.564  -22.715  47.612 0.0000000000
123375  -54.609  -22.810  47.042 0.0000000000
123376  -54.603  -22.853  46.495 0.0000000000
123377  -55.280  -21.629  46.896 0.0000000000
123378  -54.972  -22.286  46.494 0.0000000000
123379  -54.572  -22.908  45.980 0.0000000000
123380  -54.462  -22.933  45.365 0.0000000000
123381  -54.400  -22.904  44.808 0.0000000000
123382  -54.337  -22.815  44.233 0.0000000000
123384  -45.625  -20.664  37.080 0.0000000000
123385  -45.942  -20.361  36.762 0.0000000000
123386  -46.819  -20.181  37.397 0.0000000000
123387  -47.715  -19.974  38.052 0.0000000000
123388  -47.504  -19.482  36.856 0.0000000000
123389  -48.054  -19.635  37.795 0.0000000000
123390  -48.625  -19.755  38.702 0.0000000000
123391  -49.493  -19.481  39.350 0.0000000000
123392  -50.332  -19.204  39.991 0.0000000000
123393  -51.209  -18.904  40.612 0.0000000000
123411  -55.250  -20.384  40.621 0.0000000000
123412  -54.755  -20.627  40.031 0.0000000000
123413  -54.314  -20.825  39.402 0.0000000000
123414  -53.887  -20.999  38.762 0.0000000000
123415  -53.445  -21.175  38.093 0.0000000000
123416  -53.914  -20.823  38.169 0.0000000000
123417  -53.911  -20.656  37.606 0.0000000000
123418  -53.928  -20.462  37.062 0.0000000000
123419  -54.790  -19.883  37.695 0.0000000000
123420  -54.363  -20.077  37.108 0.0000000000
123421  -53.973  -20.255  36.514 0.0000000000
123422  -54.041  -20.057  35.995 0.0000000000
123423  -54.098  -19.888  35.476 0.0000000000
123424  -54.174  -19.800  34.974 0.0000000000
123425  -57.910  -16.182  34.724 0.0000000000
123426  -57.424  -16.749  34.788 0.0000000000
123427  -57.356  -16.665  34.132 0.0000000000
123428  -56.827  -17.072  33.516 0.0000000000
123429  -56.308  -17.484  32.882 0.0000000000
123430  -56.846  -16.816  32.383 0.0000000000
123431  -56.294  -17.423  32.268 0.0000000000
123432  -55.830  -17.886  32.243 0.0000000000
123433  -55.391  -18.362  31.603 0.0000000000
123434  -55.006  -18.908  31.054 0.0000000000
123435  -54.712  -19.559  30.556 0.0000000000
132979  -50.316  -17.792  51.191 0.0000000000
132980  -49.066  -18.296  50.131 0.0000000000
132981  -49.890  -17.973  50.537 0.0000000000
132982  -50.760  -17.774  50.835 0.0000000000
132983  -51.235  -17.778  50.540 0.0000000000
132984  -51.716  -17.794  50.229 0.0000000000
132985  -52.118  -17.865  49.872 0.0000000000
132986  -47.377  -19.829  47.045 0.0000000000
132987  -48.316  -19.428  47.623 0.0000000000
132988  -49.237  -19.043  48.154 0.0000000000
132989  -49.233  -19.492  47.128 0.0000000000
132990  -49.724  -19.061  47.901 0.0000000000
132991  -50.087  -18.655  48.629 0.0000000000
132992  -50.977  -18.324  48.993 0.0000000000
132993  -51.834  -18.095  49.266 0.0000000000
132994  -52.593  -17.993  49.494 0.0000000000
132995  -53.047  -18.100  49.097 0.0000000000
132996  -53.490  -18.265  48.661 0.0000000000
132997  -53.877  -18.366  48.222 0.0000000000
132998  -52.779  -18.554  47.484 0.0000000000
132999  -53.545  -18.384  47.701 0.0000000000
133000  -54.243  -18.452  47.807 0.0000000000
133001  -54.484  -18.536  47.354 0.0000000000
133002  -54.762  -18.564  46.939 0.0000000000
133003  -55.061  -18.582  46.466 0.0000000000
133040  -58.207  -16.313  37.154 0.0000000000
133041  -58.294  -16.089  36.620 0.0000000000
133042  -58.363  -15.906  35.998 0.0000000000
133050  -58.860  -15.307  36.024 0.0000000000
133051  -58.438  -15.737  35.394 0.0000000000
133052  -58.483  -15.572  34.801 0.0000000000
133053  -58.510  -15.442  34.213 0.0000000000
133054  -58.540  -15.385  33.598 0.0000000000
139743  -41.325  -22.667  38.123 0.0000000000
139744  -42.221  -22.519  38.684 0.0000000000
139745  -41.694  -22.542  37.741 0.0000000000
139746  -42.077  -22.376  37.379 0.0000000000
139747  -42.445  -22.199  37.032 0.0000000000
139750  -42.834  -21.939  36.710 0.0000000000
139751  -43.238  -21.648  36.406 0.0000000000
144668  -46.956  -19.181  49.502 0.0000000000
144669  -46.512  -19.495  48.702 0.0000000000
144670  -46.099  -19.784  47.883 0.0000000000
144671  -45.539  -20.136  46.926 0.0000000000
144678  -44.379  -20.356  46.621 0.0000000000
144679  -44.719  -20.421  46.329 0.0000000000
144680  -45.042  -20.491  46.004 0.0000000000
144681  -44.555  -20.836  45.034 0.0000000000
144682  -44.092  -21.120  44.135 0.0000000000
144683  -43.600  -21.434  43.159 0.0000000000
144684  -42.474  -21.531  42.882 0.0000000000
144685  -42.824  -21.665  42.539 0.0000000000
144686  -43.127  -21.784  42.207 0.0000000000
144687  -42.634  -22.126  41.266 0.0000000000
144688  -42.122  -22.421  40.308 0.0000000000
144689  -41.588  -22.632  39.382 0.0000000000
144768  -40.480  -22.742  39.202 0.0000000000
144769  -40.756  -22.751  38.833 0.0000000000
144770  -41.015  -22.720  38.494 0.0000000000
144771  -40.478  -22.738  37.591 0.0000000000
150264  -53.700  -18.362  50.564 0.0000000000
150291  -53.641  -23.853  46.799 0.0000000000
150292  -53.001  -24.277  46.026 0.0000000000
150293  -52.284  -24.556  45.074 0.0000000000
150294  -52.833  -24.287  44.870 0.0000000000
150295  -52.260  -24.563  44.627 0.0000000000
150296  -51.637  -24.789  44.275 0.0000000000
150297  -50.980  -25.030  43.435 0.0000000000
150303  -50.769  -24.680  41.360 0.0000000000
150304  -50.163  -24.689  40.502 0.0000000000
150309  -43.133  -22.325  39.267 0.0000000000
150310  -44.032  -22.059  39.924 0.0000000000
150311  -44.972  -21.778  40.613 0.0000000000
150312  -44.724  -21.755  39.240 0.0000000000
150313  -45.351  -21.632  40.289 0.0000000000
150314  -45.932  -21.517  41.328 0.0000000000
150315  -46.922  -21.224  42.081 0.0000000000
150316  -47.854  -20.946  42.789 0.0000000000
150317  -48.839  -20.595  43.458 0.0000000000
150318  -46.157  -20.805  37.982 0.0000000000
150319  -46.697  -20.866  38.905 0.0000000000
150320  -47.217  -20.941  39.882 0.0000000000
150321  -48.512  -20.496  40.252 0.0000000000
150322  -48.218  -20.723  40.605 0.0000000000
150323  -47.898  -20.908  40.944 0.0000000000
150324  -48.528  -20.799  42.020 0.0000000000
150325  -49.138  -20.611  43.062 0.0000000000
150326  -49.763  -20.318  44.073 0.0000000000
150327  -50.643  -19.968  44.623 0.0000000000
150328  -51.580  -19.515  45.067 0.0000000000
150329  -52.397  -19.102  45.373 0.0000000000
150330  -52.119  -19.364  44.110 0.0000000000
150331  -52.710  -19.037  44.886 0.0000000000
150332  -53.189  -18.775  45.615 0.0000000000
150333  -53.993  -18.521  45.824 0.0000000000
150334  -54.705  -18.473  45.953 0.0000000000
150335  -55.265  -18.595  46.019 0.0000000000
150342  -51.091  -18.433  39.581 0.0000000000
150343  -51.581  -18.501  40.411 0.0000000000
150344  -52.069  -18.569  41.138 0.0000000000
150351  -53.280  -17.826  41.467 0.0000000000
150352  -52.957  -18.209  41.660 0.0000000000
150353  -52.640  -18.600  41.862 0.0000000000
150354  -53.121  -18.565  42.552 0.0000000000
150355  -53.677  -18.465  43.246 0.0000000000
150356  -54.244  -18.311  43.983 0.0000000000
150357  -55.131  -18.053  43.827 0.0000000000
150358  -54.951  -18.124  44.237 0.0000000000
150359  -54.761  -18.281  44.601 0.0000000000
150360  -55.158  -18.346  45.155 0.0000000000
150361  -55.475  -18.559  45.591 0.0000000000
150362  -55.718  -18.873  46.029 0.0000000000
150363  -56.014  -19.308  45.959 0.0000000000
150364  -56.075  -19.899  45.832 0.0000000000
150365  -55.908  -20.503  45.547 0.0000000000
150366  -56.136  -19.886  44.849 0.0000000000
150367  -55.914  -20.514  45.043 0.0000000000
150368  -55.666  -21.173  45.129 0.0000000000
150369  -55.353  -21.770  44.706 0.0000000000
150370  -54.842  -22.216  44.192 0.0000000000
150371  -54.277  -22.624  43.624 0.0000000000
150372  -56.282  -19.712  42.825 0.0000000000
150373  -55.861  -20.312  42.851 0.0000000000
150374  -55.493  -20.834  42.970 0.0000000000
150375  -54.922  -21.048  41.805 0.0000000000
150376  -55.012  -21.243  42.378 0.0000000000
150377  -55.128  -21.378  43.002 0.0000000000
150378  -54.655  -21.871  43.005 0.0000000000
150379  -54.206  -22.414  43.044 0.0000000000
150380  -53.636  -22.945  42.965 0.0000000000
150381  -52.987  -23.204  42.230 0.0000000000
150382  -52.331  -23.349  41.462 0.0000000000
150383  -51.731  -23.480  40.692 0.0000000000
150384  -52.265  -22.801  40.337 0.0000000000
150385  -51.718  -23.202  40.124 0.0000000000
150386  -51.165  -23.535  39.903 0.0000000000
150387  -50.630  -23.570  39.125 0.0000000000
150388  -50.125  -23.607  38.337 0.0000000000
150393  -50.840  -22.731  36.881 0.0000000000
150394  -50.441  -22.909  36.090 0.0000000000
150399  -52.941  -21.328  37.444 0.0000000000
150400  -52.448  -21.536  36.759 0.0000000000
150401  -52.007  -21.761  36.112 0.0000000000
150402  -52.708  -21.214  35.626 0.0000000000
150403  -52.168  -21.626  35.561 0.0000000000
150404  -51.665  -22.009  35.432 0.0000000000
150405  -51.292  -22.314  34.725 0.0000000000
150411  -52.075  -22.044  32.712 0.0000000000
150417  -56.735  -17.978  38.315 0.0000000000
150418  -56.275  -18.310  37.675 0.0000000000
150419  -55.773  -18.610  37.002 0.0000000000
150420  -56.474  -17.868  36.707 0.0000000000
150421  -55.838  -18.400  36.536 0.0000000000
150422  -55.310  -18.880  36.336 0.0000000000
150423  -54.903  -19.168  35.674 0.0000000000
150424  -54.547  -19.447  35.100 0.0000000000
150425  -54.212  -19.715  34.465 0.0000000000
150426  -56.813  -17.311  34.650 0.0000000000
150427  -56.224  -17.787  34.433 0.0000000000
150428  -55.629  -18.320  34.328 0.0000000000
150429  -55.233  -18.580  33.151 0.0000000000
150430  -55.166  -18.688  33.658 0.0000000000
150431  -55.048  -18.808  34.198 0.0000000000
150432  -54.561  -19.249  34.083 0.0000000000
150433  -54.226  -19.656  33.935 0.0000000000
150434  -53.898  -19.968  33.818 0.0000000000
150435  -53.607  -20.298  33.171 0.0000000000
150436  -53.396  -20.673  32.645 0.0000000000
150437  -53.211  -21.149  32.109 0.0000000000
150438  -53.619  -20.780  31.794 0.0000000000
150439  -53.341  -21.209  31.736 0.0000000000
150440  -53.032  -21.662  31.593 0.0000000000
150441  -53.034  -22.316  31.279 0.0000000000
