#!ascii label  , from subject fsaverage vox2ras=TkReg
1920
12  -52.451  -6.617  38.510 0.0000000000
62  -62.601  -15.008  18.966 0.0000000000
182  -61.722  -9.075  11.044 0.0000000000
226  -50.489  -8.596  21.767 0.0000000000
362  -47.466  -10.437  43.566 0.0000000000
471  -61.965  -8.884  26.891 0.0000000000
472  -57.259  -9.290  17.539 0.0000000000
703  -45.504  -10.083  36.417 0.0000000000
705  -48.335  -7.505  33.289 0.0000000000
706  -50.201  -5.485  30.458 0.0000000000
856  -40.113  -13.703  40.215 0.0000000000
907  -60.504  -16.399  22.856 0.0000000000
1031  -61.667  -12.203  30.088 0.0000000000
1033  -53.489  -3.799  23.644 0.0000000000
1034  -53.862  -9.050  19.790 0.0000000000
1035  -55.233  -3.204  20.462 0.0000000000
1036  -56.074  -3.489  17.332 0.0000000000
1480  -63.363  -12.992  14.959 0.0000000000
1481  -59.944  -16.536  15.334 0.0000000000
1482  -59.611  -12.086  13.093 0.0000000000
1558  -51.804  -4.381  26.992 0.0000000000
1802  -49.850  -8.351  41.337 0.0000000000
1822  -42.983  -12.183  38.312 0.0000000000
2062  -61.559  -14.411  26.086 0.0000000000
2063  -63.344  -11.613  23.267 0.0000000000
2065  -60.566  -9.976  22.101 0.0000000000
2066  -63.246  -10.075  18.543 0.0000000000
2067  -60.889  -9.036  14.481 0.0000000000
2068  -57.843  -4.601  13.802 0.0000000000
2612  -53.783  -5.607  37.162 0.0000000000
2623  -48.812  -8.330  37.428 0.0000000000
2624  -46.978  -8.761  34.941 0.0000000000
2625  -50.357  -7.132  35.924 0.0000000000
2626  -51.537  -6.043  34.631 0.0000000000
2827  -61.805  -15.563  20.891 0.0000000000
2829  -60.906  -16.570  18.754 0.0000000000
2954  -54.393  -3.405  22.162 0.0000000000
2956  -57.100  -0.873  22.109 0.0000000000
3427  -62.856  -11.198  12.619 0.0000000000
3428  -61.777  -12.901  13.431 0.0000000000
3429  -61.215  -10.660  11.186 0.0000000000
3553  -53.662  -3.730  32.214 0.0000000000
3554  -51.007  -4.698  28.782 0.0000000000
3555  -54.509  -2.785  30.675 0.0000000000
3556  -55.065  -2.450  28.737 0.0000000000
3962  -48.693  -9.225  42.666 0.0000000000
3963  -51.633  -7.504  43.994 0.0000000000
3964  -50.438  -8.639  45.426 0.0000000000
4003  -43.697  -12.466  41.678 0.0000000000
4004  -41.654  -13.163  39.112 0.0000000000
4005  -45.098  -11.186  40.846 0.0000000000
4006  -46.329  -10.159  39.891 0.0000000000
4528  -62.181  -10.203  28.804 0.0000000000
4529  -61.836  -13.258  27.967 0.0000000000
4530  -62.645  -11.301  26.846 0.0000000000
4531  -62.568  -12.766  24.891 0.0000000000
4532  -63.020  -9.924  25.153 0.0000000000
4536  -55.576  -9.151  18.828 0.0000000000
4537  -57.010  -10.993  20.790 0.0000000000
4538  -58.990  -10.636  19.476 0.0000000000
4539  -62.168  -9.567  20.479 0.0000000000
4540  -60.694  -9.907  17.899 0.0000000000
4541  -62.313  -9.680  16.388 0.0000000000
4542  -59.113  -9.365  16.120 0.0000000000
4543  -57.557  -0.977  18.285 0.0000000000
4544  -56.790  -4.211  15.463 0.0000000000
4545  -57.745  -1.357  16.186 0.0000000000
5800  -60.413  -7.124  10.518 0.0000000000
5801  -60.326  -8.433  9.903 0.0000000000
5871  -42.189  -11.583  35.024 0.0000000000
5873  -43.671  -10.146  33.814 0.0000000000
5874  -45.049  -8.869  32.267 0.0000000000
5875  -46.294  -7.888  30.283 0.0000000000
5876  -47.250  -7.126  28.701 0.0000000000
5877  -49.321  -6.521  31.895 0.0000000000
5878  -52.629  -4.900  33.392 0.0000000000
6122  -46.029  -11.569  44.381 0.0000000000
6148  -42.173  -12.992  42.680 0.0000000000
6465  -51.316  -6.039  22.046 0.0000000000
6466  -52.129  -8.839  20.754 0.0000000000
6467  -52.535  -6.061  20.683 0.0000000000
6468  -53.732  -6.070  19.448 0.0000000000
6469  -54.979  -6.270  18.107 0.0000000000
6470  -56.089  -6.649  16.694 0.0000000000
6471  -55.750  -3.178  18.979 0.0000000000
6472  -57.230  -0.730  20.380 0.0000000000
7294  -63.154  -14.211  16.971 0.0000000000
7295  -61.715  -16.205  16.751 0.0000000000
7296  -62.007  -15.028  15.303 0.0000000000
7297  -59.903  -14.804  14.739 0.0000000000
7299  -59.011  -9.891  10.973 0.0000000000
7470  -48.161  -6.563  26.977 0.0000000000
7471  -49.096  -6.174  25.217 0.0000000000
7472  -50.155  -6.073  23.530 0.0000000000
7473  -52.610  -4.146  25.243 0.0000000000
8042  -51.120  -7.586  39.846 0.0000000000
8044  -52.774  -6.584  42.432 0.0000000000
8094  -38.282  -14.608  37.865 0.0000000000
8095  -39.743  -13.956  36.851 0.0000000000
8096  -40.955  -12.808  36.046 0.0000000000
8097  -44.289  -11.072  37.429 0.0000000000
8098  -47.560  -9.300  38.808 0.0000000000
8754  -60.233  -14.877  28.283 0.0000000000
8755  -60.341  -16.032  26.625 0.0000000000
8756  -60.416  -17.338  25.581 0.0000000000
8757  -61.162  -15.529  24.512 0.0000000000
8758  -62.213  -14.186  22.835 0.0000000000
8759  -63.043  -13.255  21.071 0.0000000000
8763  -54.840  -11.063  21.661 0.0000000000
8765  -61.398  -8.816  24.685 0.0000000000
8766  -62.822  -9.361  22.981 0.0000000000
8767  -63.609  -10.728  20.989 0.0000000000
8768  -63.628  -12.500  18.778 0.0000000000
8769  -63.697  -11.525  16.571 0.0000000000
8770  -63.132  -10.461  14.454 0.0000000000
8771  -61.853  -8.901  12.670 0.0000000000
8772  -57.452  -7.123  15.216 0.0000000000
8773  -59.112  -7.126  13.703 0.0000000000
8774  -60.269  -7.057  12.131 0.0000000000
8775  -58.568  -5.099  12.153 0.0000000000
10292  -53.128  -6.111  37.840 0.0000000000
10294  -54.238  -5.690  38.981 0.0000000000
10303  -50.567  -7.494  37.989 0.0000000000
10304  -49.610  -7.724  36.695 0.0000000000
10305  -51.382  -6.860  37.221 0.0000000000
10306  -52.055  -6.331  36.556 0.0000000000
10507  -62.212  -15.273  19.996 0.0000000000
10508  -61.467  -16.120  19.781 0.0000000000
10509  -61.897  -15.958  18.857 0.0000000000
11107  -62.387  -10.230  11.693 0.0000000000
11108  -62.174  -11.042  11.719 0.0000000000
11109  -61.626  -9.910  10.932 0.0000000000
11233  -55.299  -2.881  32.930 0.0000000000
11234  -54.093  -3.223  31.535 0.0000000000
11235  -55.739  -2.361  32.263 0.0000000000
11236  -56.007  -1.950  31.395 0.0000000000
11642  -48.104  -9.813  43.165 0.0000000000
11643  -49.690  -8.983  44.095 0.0000000000
11644  -49.118  -9.574  44.599 0.0000000000
11683  -45.574  -11.445  42.629 0.0000000000
11684  -44.441  -11.852  41.232 0.0000000000
11685  -46.253  -10.759  42.211 0.0000000000
11686  -46.904  -10.158  41.830 0.0000000000
12208  -62.111  -9.396  27.855 0.0000000000
12209  -62.449  -10.677  27.885 0.0000000000
12210  -62.531  -9.889  26.964 0.0000000000
12211  -62.928  -10.521  26.042 0.0000000000
12212  -62.552  -9.309  26.062 0.0000000000
12216  -56.467  -9.217  18.254 0.0000000000
12217  -57.222  -10.242  19.131 0.0000000000
12218  -58.092  -10.121  18.382 0.0000000000
12219  -59.823  -10.265  18.732 0.0000000000
12220  -58.906  -9.965  17.646 0.0000000000
12221  -59.929  -9.818  16.920 0.0000000000
12222  -58.103  -9.354  16.849 0.0000000000
12223  -58.485  0.099  18.506 0.0000000000
12224  -57.733  -1.191  17.237 0.0000000000
13507  -59.657  -6.228  10.337 0.0000000000
13508  -59.899  -6.773  9.768 0.0000000000
13623  -43.862  -10.830  35.718 0.0000000000
13624  -42.921  -10.830  34.466 0.0000000000
13625  -44.570  -10.195  35.081 0.0000000000
13626  -47.639  -8.167  34.153 0.0000000000
13627  -46.010  -8.841  33.653 0.0000000000
13628  -46.674  -8.222  32.782 0.0000000000
13629  -45.660  -8.338  31.273 0.0000000000
13630  -47.280  -7.641  31.888 0.0000000000
13631  -47.747  -7.206  31.150 0.0000000000
13632  -48.834  -7.046  32.602 0.0000000000
13633  -53.204  -5.248  35.257 0.0000000000
13634  -52.107  -5.468  33.964 0.0000000000
13635  -53.764  -4.618  34.688 0.0000000000
13636  -54.337  -4.002  34.067 0.0000000000
14042  -45.151  -11.937  44.834 0.0000000000
14084  -41.304  -12.854  43.428 0.0000000000
14085  -43.243  -12.606  44.027 0.0000000000
14086  -44.088  -12.428  43.488 0.0000000000
14242  -60.013  -17.293  23.648 0.0000000000
14613  -52.311  -4.930  22.746 0.0000000000
14614  -51.903  -6.084  21.324 0.0000000000
14615  -52.805  -4.738  22.036 0.0000000000
14616  -54.858  -3.263  21.285 0.0000000000
14617  -53.803  -4.580  20.579 0.0000000000
14618  -54.376  -4.553  19.779 0.0000000000
14619  -54.359  -6.120  18.746 0.0000000000
14620  -54.818  -4.544  19.079 0.0000000000
14621  -55.206  -4.645  18.376 0.0000000000
14622  -55.539  -3.180  19.673 0.0000000000
14623  -58.002  0.289  22.668 0.0000000000
14624  -57.145  -0.769  21.375 0.0000000000
14625  -58.130  0.374  21.708 0.0000000000
14626  -58.240  0.304  20.635 0.0000000000
16042  -63.370  -13.663  15.997 0.0000000000
16043  -62.766  -14.730  16.045 0.0000000000
16044  -62.846  -13.918  15.124 0.0000000000
16045  -60.717  -12.511  13.121 0.0000000000
16046  -60.947  -13.757  14.186 0.0000000000
16047  -59.874  -13.349  14.137 0.0000000000
16048  -58.771  -14.488  14.811 0.0000000000
16049  -58.747  -12.944  14.269 0.0000000000
16050  -59.321  -8.127  9.644 0.0000000000
16051  -59.790  -9.138  10.216 0.0000000000
16052  -58.619  -8.934  10.193 0.0000000000
16413  -48.623  -6.340  29.540 0.0000000000
16414  -47.691  -6.840  27.861 0.0000000000
16415  -49.068  -5.921  28.658 0.0000000000
16416  -51.403  -4.506  27.834 0.0000000000
16417  -49.896  -5.389  26.890 0.0000000000
16418  -50.328  -5.248  25.997 0.0000000000
16419  -49.594  -6.117  24.351 0.0000000000
16420  -50.818  -5.156  25.146 0.0000000000
16421  -51.316  -5.087  24.240 0.0000000000
16422  -52.224  -4.264  26.089 0.0000000000
17642  -50.475  -7.954  40.606 0.0000000000
17643  -52.106  -7.116  41.187 0.0000000000
17644  -51.470  -7.552  41.912 0.0000000000
17645  -52.117  -6.796  45.186 0.0000000000
17763  -38.363  -14.124  39.690 0.0000000000
17764  -37.539  -14.694  38.488 0.0000000000
17765  -39.139  -14.123  38.995 0.0000000000
17766  -42.312  -12.706  38.704 0.0000000000
17767  -40.663  -13.515  37.942 0.0000000000
17768  -41.286  -13.066  37.580 0.0000000000
17769  -40.388  -13.414  36.423 0.0000000000
17770  -41.933  -12.507  37.200 0.0000000000
17771  -42.583  -11.924  36.696 0.0000000000
17772  -43.614  -11.639  37.891 0.0000000000
17773  -48.091  -9.205  40.732 0.0000000000
17774  -46.948  -9.745  39.427 0.0000000000
17775  -48.692  -8.825  40.076 0.0000000000
17776  -49.308  -8.412  39.390 0.0000000000
18270  -60.901  -16.530  15.905 0.0000000000
18271  -60.636  -16.786  16.768 0.0000000000
18272  -59.702  -16.957  16.022 0.0000000000
19338  -61.107  -13.278  30.402 0.0000000000
19339  -60.245  -14.456  29.366 0.0000000000
19340  -61.099  -13.665  29.266 0.0000000000
19341  -61.727  -13.803  26.917 0.0000000000
19342  -61.080  -14.655  27.208 0.0000000000
19343  -61.044  -15.282  26.480 0.0000000000
19344  -60.466  -16.720  26.117 0.0000000000
19345  -61.029  -15.914  25.809 0.0000000000
19346  -60.850  -16.444  25.159 0.0000000000
19347  -61.336  -15.015  25.308 0.0000000000
19348  -63.022  -12.112  24.156 0.0000000000
19349  -62.386  -13.508  23.906 0.0000000000
19350  -62.854  -12.948  23.104 0.0000000000
19351  -62.624  -13.713  22.022 0.0000000000
19352  -63.212  -12.470  22.117 0.0000000000
19361  -53.001  -8.986  20.285 0.0000000000
19362  -53.348  -10.206  21.040 0.0000000000
19363  -54.295  -10.249  20.567 0.0000000000
19364  -58.820  -10.911  21.470 0.0000000000
19365  -57.777  -11.192  22.081 0.0000000000
19368  -60.965  -9.340  23.419 0.0000000000
19369  -62.135  -8.981  23.855 0.0000000000
19370  -61.871  -9.217  22.643 0.0000000000
19371  -62.786  -9.717  19.529 0.0000000000
19372  -63.175  -9.766  20.802 0.0000000000
19373  -63.561  -10.425  19.765 0.0000000000
19374  -63.703  -11.671  19.827 0.0000000000
19375  -63.702  -11.236  18.690 0.0000000000
19376  -63.681  -12.075  17.695 0.0000000000
19377  -63.555  -10.708  17.562 0.0000000000
19378  -61.723  -9.509  15.362 0.0000000000
19379  -62.830  -9.949  15.496 0.0000000000
19380  -62.203  -9.571  14.391 0.0000000000
19381  -62.594  -9.760  13.375 0.0000000000
19382  -61.467  -8.804  13.607 0.0000000000
19383  -55.897  -5.040  16.749 0.0000000000
19384  -56.738  -6.965  15.955 0.0000000000
19385  -56.359  -5.372  15.928 0.0000000000
19386  -57.319  -4.415  14.634 0.0000000000
19387  -57.619  -5.842  14.483 0.0000000000
19388  -58.358  -5.887  13.735 0.0000000000
19389  -59.755  -6.939  12.933 0.0000000000
19390  -58.950  -5.884  12.851 0.0000000000
19391  -59.403  -6.145  12.047 0.0000000000
19392  -58.281  -4.856  12.962 0.0000000000
23132  -54.308  -5.069  36.535 0.0000000000
23151  -47.152  -9.211  36.953 0.0000000000
23152  -46.264  -9.424  35.730 0.0000000000
23153  -47.923  -8.593  36.210 0.0000000000
23154  -48.657  -7.966  35.443 0.0000000000
23155  -49.332  -7.346  34.642 0.0000000000
23156  -49.921  -6.813  33.957 0.0000000000
23157  -50.940  -6.620  35.267 0.0000000000
23158  -52.653  -5.794  35.887 0.0000000000
23521  -61.136  -15.807  21.867 0.0000000000
23522  -60.023  -16.591  21.815 0.0000000000
23523  -60.790  -16.255  20.754 0.0000000000
23524  -60.296  -16.666  19.778 0.0000000000
23746  -53.938  -3.558  22.934 0.0000000000
23748  -55.669  -2.297  22.860 0.0000000000
23749  -55.936  -2.113  21.998 0.0000000000
23750  -56.150  -1.989  21.261 0.0000000000
23751  -57.026  -1.030  22.815 0.0000000000
24601  -63.204  -12.133  13.810 0.0000000000
24602  -62.725  -13.057  14.039 0.0000000000
24603  -62.515  -12.109  12.867 0.0000000000
24604  -61.551  -11.809  12.195 0.0000000000
24605  -60.489  -11.399  11.978 0.0000000000
24825  -51.863  -4.612  31.312 0.0000000000
24826  -50.618  -5.017  29.677 0.0000000000
24827  -52.321  -4.102  30.599 0.0000000000
24828  -52.734  -3.727  29.810 0.0000000000
24829  -53.100  -3.516  28.916 0.0000000000
24830  -53.445  -3.418  27.943 0.0000000000
24831  -54.792  -2.583  29.752 0.0000000000
25562  -49.320  -8.714  42.077 0.0000000000
25563  -50.831  -7.955  42.708 0.0000000000
25564  -50.272  -8.433  43.451 0.0000000000
25565  -51.070  -8.047  44.755 0.0000000000
25635  -41.889  -13.220  40.829 0.0000000000
25636  -40.882  -13.546  39.606 0.0000000000
25637  -42.660  -12.816  40.320 0.0000000000
25638  -43.333  -12.284  39.927 0.0000000000
25639  -44.042  -11.688  39.501 0.0000000000
25640  -44.681  -11.161  39.064 0.0000000000
25641  -45.695  -10.640  40.405 0.0000000000
25642  -47.513  -9.600  41.360 0.0000000000
25938  -58.802  -16.503  14.934 0.0000000000
26580  -62.042  -11.192  29.576 0.0000000000
26581  -61.788  -12.726  29.013 0.0000000000
26582  -62.268  -11.653  28.599 0.0000000000
26583  -62.321  -12.271  27.561 0.0000000000
26584  -62.237  -12.866  26.519 0.0000000000
26585  -62.016  -13.520  25.540 0.0000000000
26586  -62.679  -12.039  25.887 0.0000000000
26587  -63.074  -11.303  25.105 0.0000000000
26588  -63.302  -10.715  24.319 0.0000000000
26594  -54.709  -9.105  19.330 0.0000000000
26595  -55.264  -10.285  20.150 0.0000000000
26596  -56.241  -10.282  19.685 0.0000000000
26597  -58.029  -10.827  20.166 0.0000000000
26598  -59.796  -10.531  20.731 0.0000000000
26599  -61.465  -9.636  21.306 0.0000000000
26600  -60.711  -10.147  20.001 0.0000000000
26601  -61.523  -9.809  19.175 0.0000000000
26602  -62.188  -9.686  18.283 0.0000000000
26603  -62.766  -9.874  17.376 0.0000000000
26604  -61.552  -9.711  17.215 0.0000000000
26605  -60.938  -9.603  16.184 0.0000000000
26606  -60.095  -9.250  15.325 0.0000000000
26607  -56.587  -2.160  17.931 0.0000000000
26608  -56.364  -3.839  16.413 0.0000000000
26609  -56.897  -2.436  16.932 0.0000000000
26610  -57.110  -2.713  15.889 0.0000000000
26611  -57.356  -2.943  14.945 0.0000000000
26612  -57.580  -3.280  14.038 0.0000000000
26613  -57.620  -1.619  15.160 0.0000000000
28894  -61.081  -8.107  10.688 0.0000000000
28895  -61.101  -8.734  10.391 0.0000000000
28896  -60.560  -7.717  10.051 0.0000000000
28897  -59.755  -7.385  9.523 0.0000000000
29057  -41.362  -11.706  33.690 0.0000000000
29058  -42.024  -10.936  33.033 0.0000000000
29059  -42.783  -10.267  32.387 0.0000000000
29060  -45.332  -9.506  34.448 0.0000000000
29061  -44.384  -9.486  33.094 0.0000000000
29062  -43.521  -9.641  31.569 0.0000000000
29067  -46.765  -7.496  29.467 0.0000000000
29068  -48.166  -6.784  30.340 0.0000000000
29069  -49.737  -6.046  31.181 0.0000000000
29070  -50.439  -6.291  33.253 0.0000000000
29071  -50.955  -5.797  32.645 0.0000000000
29072  -51.382  -5.203  32.005 0.0000000000
29073  -53.194  -4.307  32.806 0.0000000000
29074  -54.889  -3.458  33.563 0.0000000000
29642  -46.772  -11.034  43.992 0.0000000000
29643  -48.401  -10.227  44.982 0.0000000000
29644  -47.717  -10.660  45.453 0.0000000000
29699  -39.313  -13.632  40.922 0.0000000000
29701  -40.307  -13.242  42.169 0.0000000000
29702  -41.096  -13.372  41.455 0.0000000000
29703  -42.929  -12.883  42.100 0.0000000000
29704  -44.903  -11.995  43.024 0.0000000000
30441  -50.750  -7.311  21.652 0.0000000000
30442  -51.282  -8.713  21.305 0.0000000000
30443  -51.446  -7.379  21.041 0.0000000000
30444  -52.157  -7.441  20.500 0.0000000000
30445  -52.881  -7.498  19.969 0.0000000000
30446  -53.271  -4.646  21.320 0.0000000000
30447  -53.117  -5.993  20.091 0.0000000000
30448  -53.618  -7.627  19.411 0.0000000000
30449  -54.339  -7.718  18.862 0.0000000000
30450  -55.125  -7.802  18.274 0.0000000000
30451  -55.880  -7.942  17.676 0.0000000000
30452  -56.620  -8.165  16.973 0.0000000000
30453  -55.554  -6.403  17.433 0.0000000000
30454  -55.544  -4.791  17.561 0.0000000000
30455  -55.883  -3.289  18.190 0.0000000000
30456  -56.278  -1.922  20.556 0.0000000000
30457  -56.339  -1.911  19.802 0.0000000000
30458  -56.429  -1.983  18.892 0.0000000000
30459  -57.362  -0.828  19.312 0.0000000000
30460  -58.370  0.181  19.511 0.0000000000
32416  -62.847  -14.623  17.931 0.0000000000
32417  -62.237  -15.663  17.785 0.0000000000
32418  -62.524  -15.316  16.879 0.0000000000
32419  -61.928  -15.757  16.002 0.0000000000
32420  -61.047  -15.929  15.346 0.0000000000
32421  -61.954  -14.013  14.536 0.0000000000
32422  -61.026  -15.037  14.869 0.0000000000
32423  -59.940  -15.845  14.945 0.0000000000
32424  -58.712  -15.673  14.832 0.0000000000
32427  -60.795  -9.515  10.456 0.0000000000
32428  -60.166  -10.254  10.976 0.0000000000
32429  -59.354  -10.983  11.943 0.0000000000
32431  -58.111  -10.582  12.115 0.0000000000
32432  -58.486  -11.636  13.196 0.0000000000
32888  -47.566  -7.414  25.548 0.0000000000
32889  -49.464  -5.639  27.752 0.0000000000
32890  -48.585  -6.330  26.083 0.0000000000
32891  -48.115  -7.257  24.691 0.0000000000
32892  -48.711  -7.220  23.867 0.0000000000
32893  -49.352  -7.214  23.057 0.0000000000
32894  -50.046  -7.242  22.290 0.0000000000
32895  -50.748  -6.057  22.705 0.0000000000
32896  -51.816  -4.994  23.497 0.0000000000
32897  -53.035  -4.014  24.389 0.0000000000
32898  -53.769  -3.352  27.010 0.0000000000
34442  -51.803  -7.104  39.186 0.0000000000
34443  -53.419  -6.252  39.814 0.0000000000
34444  -52.681  -6.724  40.459 0.0000000000
34447  -52.140  -7.052  43.251 0.0000000000
34453  -49.862  -9.277  45.917 0.0000000000
34593  -39.936  -13.926  38.389 0.0000000000
34594  -39.063  -14.356  37.296 0.0000000000
34599  -41.564  -12.216  35.533 0.0000000000
34600  -43.166  -11.417  36.214 0.0000000000
34601  -44.903  -10.572  36.924 0.0000000000
34602  -45.320  -10.651  38.620 0.0000000000
34603  -45.918  -10.252  38.114 0.0000000000
34604  -46.531  -9.734  37.601 0.0000000000
34605  -48.189  -8.824  38.118 0.0000000000
34606  -49.909  -7.976  38.632 0.0000000000
35211  -61.357  -16.441  17.721 0.0000000000
35212  -60.142  -16.937  17.756 0.0000000000
36513  -61.088  -14.142  28.143 0.0000000000
36514  -60.287  -15.423  27.359 0.0000000000
36520  -60.523  -16.910  24.367 0.0000000000
36521  -60.975  -16.010  23.671 0.0000000000
36522  -61.793  -14.216  24.637 0.0000000000
36523  -61.584  -14.771  23.702 0.0000000000
36524  -61.424  -15.273  22.778 0.0000000000
36525  -62.058  -14.946  21.777 0.0000000000
36526  -62.452  -14.532  20.934 0.0000000000
36527  -62.831  -14.148  19.972 0.0000000000
36537  -52.414  -10.062  21.448 0.0000000000
36540  -55.945  -11.069  21.263 0.0000000000
36545  -61.661  -8.669  25.819 0.0000000000
36546  -62.368  -8.966  25.004 0.0000000000
36547  -62.952  -9.566  24.144 0.0000000000
36548  -63.357  -10.279  23.216 0.0000000000
36549  -62.606  -9.351  21.745 0.0000000000
36550  -63.350  -9.898  22.056 0.0000000000
36551  -63.526  -11.105  22.184 0.0000000000
36552  -63.486  -11.976  21.103 0.0000000000
36553  -63.353  -12.855  19.983 0.0000000000
36554  -63.154  -13.702  18.857 0.0000000000
36555  -63.444  -13.401  17.812 0.0000000000
36556  -63.611  -12.935  16.731 0.0000000000
36557  -63.608  -12.376  15.706 0.0000000000
36558  -63.245  -10.308  16.468 0.0000000000
36559  -63.478  -10.994  15.525 0.0000000000
36560  -63.505  -11.625  14.626 0.0000000000
36561  -63.174  -10.883  13.468 0.0000000000
36562  -62.652  -10.044  12.479 0.0000000000
36563  -61.909  -9.030  11.812 0.0000000000
36564  -57.363  -8.360  16.278 0.0000000000
36565  -58.177  -8.492  15.533 0.0000000000
36566  -59.072  -8.392  14.664 0.0000000000
36567  -56.964  -5.698  15.173 0.0000000000
36568  -58.297  -7.170  14.463 0.0000000000
36569  -59.960  -8.163  13.907 0.0000000000
36570  -60.628  -7.968  13.130 0.0000000000
36571  -61.027  -7.921  12.293 0.0000000000
36572  -61.184  -8.035  11.436 0.0000000000
36573  -60.403  -7.099  11.321 0.0000000000
36574  -59.593  -6.251  11.202 0.0000000000
41012  -52.791  -6.364  38.180 0.0000000000
41013  -53.735  -5.925  38.395 0.0000000000
41014  -53.404  -6.158  38.724 0.0000000000
41023  -51.521  -7.050  38.232 0.0000000000
41024  -50.981  -7.184  37.618 0.0000000000
41025  -51.943  -6.729  37.838 0.0000000000
41026  -52.272  -6.463  37.504 0.0000000000
41227  -62.415  -15.151  19.496 0.0000000000
41228  -62.082  -15.610  19.425 0.0000000000
41229  -62.288  -15.519  18.919 0.0000000000
41827  -62.094  -9.695  11.370 0.0000000000
41828  -62.032  -10.095  11.289 0.0000000000
41829  -61.713  -9.483  10.961 0.0000000000
41954  -55.523  -2.618  32.600 0.0000000000
42362  -47.783  -10.124  43.373 0.0000000000
42363  -48.623  -9.721  43.847 0.0000000000
42364  -48.292  -10.040  44.098 0.0000000000
42403  -46.542  -10.910  43.081 0.0000000000
42404  -45.899  -11.117  42.422 0.0000000000
42405  -46.838  -10.596  42.871 0.0000000000
42406  -47.162  -10.291  42.677 0.0000000000
42928  -62.038  -9.089  27.380 0.0000000000
42929  -62.331  -9.641  27.421 0.0000000000
42930  -62.310  -9.305  26.934 0.0000000000
42931  -62.548  -9.550  26.474 0.0000000000
42932  -62.271  -9.063  26.455 0.0000000000
42936  -56.854  -9.258  17.914 0.0000000000
42937  -57.272  -9.773  18.317 0.0000000000
42938  -57.636  -9.746  17.946 0.0000000000
42939  -58.502  -10.039  18.039 0.0000000000
42940  -58.009  -9.730  17.570 0.0000000000
42941  -58.495  -9.740  17.229 0.0000000000
42942  -57.675  -9.325  17.191 0.0000000000
42944  -58.522  0.023  17.947 0.0000000000
44343  -44.696  -10.464  36.035 0.0000000000
44344  -44.241  -10.493  35.415 0.0000000000
44345  -45.055  -10.139  35.755 0.0000000000
44346  -47.973  -7.834  33.708 0.0000000000
44347  -47.146  -8.196  33.482 0.0000000000
44348  -47.465  -7.892  33.062 0.0000000000
44349  -46.961  -7.893  32.315 0.0000000000
44350  -47.811  -7.579  32.627 0.0000000000
44351  -48.067  -7.346  32.250 0.0000000000
44352  -48.590  -7.277  32.951 0.0000000000
44353  -54.018  -4.853  35.600 0.0000000000
44354  -53.483  -4.904  34.976 0.0000000000
44355  -54.332  -4.546  35.311 0.0000000000
44762  -44.699  -12.046  45.084 0.0000000000
44804  -42.782  -12.583  44.412 0.0000000000
44805  -43.779  -12.372  44.711 0.0000000000
44806  -44.219  -12.322  44.437 0.0000000000
44962  -60.287  -16.767  23.264 0.0000000000
44964  -59.991  -16.872  22.784 0.0000000000
45333  -52.874  -4.366  23.177 0.0000000000
45334  -52.564  -4.857  22.374 0.0000000000
45335  -53.125  -4.253  22.821 0.0000000000
45336  -55.051  -3.230  20.857 0.0000000000
45337  -54.551  -3.854  20.503 0.0000000000
45338  -54.774  -3.821  20.114 0.0000000000
45339  -54.610  -4.534  19.406 0.0000000000
45340  -54.964  -3.821  19.722 0.0000000000
45341  -55.144  -3.841  19.367 0.0000000000
45342  -55.394  -3.187  20.085 0.0000000000
45344  -58.065  0.349  22.212 0.0000000000
45345  -58.439  0.968  22.364 0.0000000000
45346  -58.520  0.947  21.818 0.0000000000
46762  -63.384  -13.331  15.467 0.0000000000
46763  -63.158  -13.832  15.515 0.0000000000
46764  -63.137  -13.445  15.008 0.0000000000
46765  -60.176  -12.281  13.060 0.0000000000
46766  -60.296  -12.929  13.597 0.0000000000
46767  -59.768  -12.705  13.642 0.0000000000
46768  -59.305  -13.154  14.182 0.0000000000
46769  -59.208  -12.479  13.712 0.0000000000
46771  -58.994  -8.510  9.865 0.0000000000
47133  -49.401  -5.901  29.985 0.0000000000
47134  -48.853  -6.108  29.095 0.0000000000
47135  -49.629  -5.664  29.578 0.0000000000
47136  -51.590  -4.455  27.390 0.0000000000
47137  -50.842  -4.880  26.954 0.0000000000
47138  -51.041  -4.843  26.478 0.0000000000
47139  -50.566  -5.202  25.576 0.0000000000
47140  -51.257  -4.799  26.033 0.0000000000
47141  -51.478  -4.751  25.586 0.0000000000
47142  -52.014  -4.318  26.526 0.0000000000
48362  -50.146  -8.168  40.949 0.0000000000
48363  -50.973  -7.765  41.262 0.0000000000
48364  -50.652  -7.963  41.649 0.0000000000
48483  -39.240  -13.900  39.942 0.0000000000
48484  -38.722  -14.164  39.329 0.0000000000
48485  -39.619  -13.899  39.558 0.0000000000
48486  -42.669  -12.435  38.517 0.0000000000
48487  -41.797  -12.872  38.145 0.0000000000
48488  -42.142  -12.599  37.966 0.0000000000
48489  -41.608  -12.789  37.401 0.0000000000
48490  -42.429  -12.357  37.762 0.0000000000
48491  -42.765  -12.055  37.543 0.0000000000
48492  -43.283  -11.934  38.101 0.0000000000
48493  -48.999  -8.743  41.050 0.0000000000
48494  -48.394  -9.023  40.404 0.0000000000
48495  -49.308  -8.563  40.699 0.0000000000
48496  -49.600  -8.389  40.337 0.0000000000
48990  -60.386  -16.549  15.575 0.0000000000
48991  -60.318  -16.748  15.948 0.0000000000
48992  -59.830  -16.786  15.636 0.0000000000
50058  -61.444  -12.731  30.295 0.0000000000
50059  -61.116  -13.470  29.832 0.0000000000
50060  -61.447  -12.968  29.723 0.0000000000
50061  -61.640  -14.114  26.500 0.0000000000
50062  -61.386  -14.532  26.704 0.0000000000
50063  -61.333  -14.868  26.333 0.0000000000
50064  -61.043  -15.609  26.110 0.0000000000
50065  -61.285  -15.202  25.931 0.0000000000
50066  -61.192  -15.471  25.581 0.0000000000
50067  -61.483  -14.711  25.683 0.0000000000
50068  -63.202  -11.863  23.759 0.0000000000
50069  -62.944  -12.548  23.638 0.0000000000
50070  -63.117  -12.280  23.194 0.0000000000
50071  -63.037  -12.699  22.636 0.0000000000
50072  -63.309  -12.045  22.669 0.0000000000
50081  -53.431  -9.046  20.034 0.0000000000
50082  -53.586  -9.670  20.386 0.0000000000
50083  -54.052  -9.701  20.135 0.0000000000
50084  -59.771  -10.498  21.792 0.0000000000
50085  -59.266  -10.742  22.165 0.0000000000
50086  -60.066  -10.206  22.468 0.0000000000
50088  -60.760  -9.668  22.763 0.0000000000
50089  -61.424  -9.253  23.083 0.0000000000
50090  -61.225  -9.468  22.391 0.0000000000
50091  -63.034  -9.882  19.048 0.0000000000
50092  -63.261  -9.988  19.678 0.0000000000
50093  -63.450  -10.265  19.178 0.0000000000
50094  -63.653  -10.832  19.239 0.0000000000
50095  -63.557  -10.597  18.617 0.0000000000
50096  -63.635  -10.971  18.123 0.0000000000
50097  -63.411  -10.352  18.033 0.0000000000
50098  -61.314  -9.336  14.900 0.0000000000
50099  -61.970  -9.524  14.889 0.0000000000
50100  -61.610  -9.282  14.448 0.0000000000
50101  -61.843  -9.218  13.970 0.0000000000
50102  -61.217  -8.914  14.055 0.0000000000
50103  -55.969  -4.231  16.977 0.0000000000
50104  -56.113  -5.200  16.338 0.0000000000
50105  -56.122  -4.421  16.566 0.0000000000
50106  -57.583  -4.509  14.211 0.0000000000
50107  -57.801  -5.229  14.147 0.0000000000
50108  -58.092  -5.220  13.759 0.0000000000
50109  -58.668  -5.874  13.317 0.0000000000
50110  -58.348  -5.266  13.330 0.0000000000
50111  -58.593  -5.376  12.877 0.0000000000
50112  -58.075  -4.723  13.392 0.0000000000
53912  -54.061  -5.344  36.840 0.0000000000
53943  -47.955  -8.802  37.217 0.0000000000
53944  -47.537  -8.911  36.587 0.0000000000
53945  -48.345  -8.478  36.802 0.0000000000
53946  -49.964  -7.419  36.336 0.0000000000
53947  -49.125  -7.846  36.070 0.0000000000
53948  -49.467  -7.554  35.682 0.0000000000
53949  -48.990  -7.657  35.044 0.0000000000
53950  -49.815  -7.271  35.316 0.0000000000
53951  -50.140  -7.002  34.990 0.0000000000
53952  -50.637  -6.891  35.586 0.0000000000
53953  -52.898  -5.953  36.864 0.0000000000
53954  -52.382  -6.058  36.207 0.0000000000
53955  -53.224  -5.698  36.548 0.0000000000
53956  -53.524  -5.444  36.247 0.0000000000
54562  -61.484  -15.676  21.375 0.0000000000
54563  -61.014  -16.015  21.289 0.0000000000
54564  -61.397  -15.915  20.797 0.0000000000
54565  -61.232  -16.369  19.250 0.0000000000
54566  -60.918  -16.417  19.744 0.0000000000
54567  -60.650  -16.623  19.251 0.0000000000
54568  -59.945  -16.822  19.331 0.0000000000
54569  -60.272  -16.762  18.808 0.0000000000
54939  -55.814  -2.186  22.375 0.0000000000
54940  -56.397  -1.683  22.720 0.0000000000
54941  -56.502  -1.592  22.371 0.0000000000
54942  -56.967  -1.152  23.112 0.0000000000
56362  -63.057  -11.664  13.173 0.0000000000
56363  -62.886  -12.140  13.278 0.0000000000
56364  -62.742  -11.659  12.679 0.0000000000
56365  -61.693  -10.849  11.394 0.0000000000
56366  -61.916  -11.433  11.901 0.0000000000
56367  -61.400  -11.243  11.672 0.0000000000
56368  -61.052  -11.630  12.083 0.0000000000
56369  -60.910  -11.049  11.506 0.0000000000
56733  -52.705  -4.220  31.781 0.0000000000
56734  -52.088  -4.346  30.956 0.0000000000
56735  -53.007  -3.915  31.436 0.0000000000
56736  -54.311  -2.986  31.115 0.0000000000
56737  -53.444  -3.398  30.688 0.0000000000
56738  -53.648  -3.233  30.254 0.0000000000
56739  -52.911  -3.607  29.376 0.0000000000
56740  -53.808  -3.110  29.802 0.0000000000
56741  -53.954  -3.026  29.337 0.0000000000
56742  -54.675  -2.649  30.260 0.0000000000
57962  -48.998  -8.951  42.387 0.0000000000
57963  -49.779  -8.571  42.776 0.0000000000
57964  -49.476  -8.829  43.085 0.0000000000
57965  -50.103  -8.860  44.796 0.0000000000
57966  -50.421  -8.568  44.496 0.0000000000
57967  -50.758  -8.334  45.115 0.0000000000
57968  -51.357  -7.832  45.344 0.0000000000
57969  -51.062  -8.106  45.658 0.0000000000
58083  -42.805  -12.868  41.183 0.0000000000
58084  -42.252  -13.075  40.548 0.0000000000
58085  -43.170  -12.639  40.983 0.0000000000
58086  -44.770  -11.525  41.049 0.0000000000
58087  -43.895  -12.089  40.571 0.0000000000
58088  -44.205  -11.759  40.368 0.0000000000
58089  -43.693  -11.985  39.747 0.0000000000
58090  -44.527  -11.461  40.143 0.0000000000
58091  -44.867  -11.182  39.903 0.0000000000
58092  -45.381  -10.901  40.641 0.0000000000
58093  -47.771  -9.698  42.297 0.0000000000
58094  -47.211  -9.871  41.614 0.0000000000
58095  -48.072  -9.445  42.057 0.0000000000
58096  -48.370  -9.166  41.765 0.0000000000
59658  -62.141  -10.694  29.236 0.0000000000
59659  -62.174  -11.412  29.109 0.0000000000
59660  -62.317  -10.926  28.735 0.0000000000
59661  -62.556  -10.957  27.365 0.0000000000
59662  -62.440  -11.468  27.763 0.0000000000
59663  -62.513  -11.759  27.240 0.0000000000
59664  -62.312  -12.553  27.042 0.0000000000
59665  -62.491  -12.098  26.727 0.0000000000
59666  -62.408  -12.440  26.227 0.0000000000
59667  -62.666  -11.662  26.361 0.0000000000
59668  -62.978  -10.210  25.606 0.0000000000
59669  -63.030  -10.930  25.585 0.0000000000
59670  -63.144  -10.596  25.150 0.0000000000
59671  -63.204  -10.970  24.727 0.0000000000
59672  -63.198  -10.298  24.717 0.0000000000
59681  -55.141  -9.131  19.101 0.0000000000
59682  -55.442  -9.774  19.507 0.0000000000
59683  -55.883  -9.751  19.221 0.0000000000
59684  -58.059  -10.518  19.229 0.0000000000
59685  -57.601  -10.584  19.573 0.0000000000
59686  -58.508  -10.740  19.821 0.0000000000
59687  -58.903  -10.813  20.447 0.0000000000
59688  -59.409  -10.657  20.049 0.0000000000
59689  -60.258  -10.338  20.361 0.0000000000
59690  -59.864  -10.463  19.713 0.0000000000
59691  -60.260  -10.095  18.335 0.0000000000
59692  -60.670  -10.071  18.983 0.0000000000
59693  -61.142  -9.896  18.546 0.0000000000
59694  -61.887  -9.724  18.745 0.0000000000
59695  -61.510  -9.767  18.094 0.0000000000
59696  -61.870  -9.693  17.685 0.0000000000
59697  -61.121  -9.794  17.565 0.0000000000
59698  -59.566  -9.616  16.477 0.0000000000
59699  -60.499  -9.684  16.586 0.0000000000
59700  -60.075  -9.542  16.110 0.0000000000
59701  -60.510  -9.464  15.728 0.0000000000
59702  -59.617  -9.323  15.730 0.0000000000
59703  -57.040  -1.568  18.140 0.0000000000
59704  -56.739  -2.288  17.443 0.0000000000
59705  -57.186  -1.699  17.632 0.0000000000
59706  -57.749  -1.280  16.704 0.0000000000
59707  -57.339  -1.901  16.565 0.0000000000
59708  -57.383  -2.032  16.045 0.0000000000
59709  -57.241  -2.843  15.408 0.0000000000
59710  -57.428  -2.138  15.553 0.0000000000
59711  -57.458  -2.256  15.072 0.0000000000
59712  -57.695  -1.458  15.664 0.0000000000
63562  -60.756  -7.633  10.571 0.0000000000
63563  -60.840  -7.941  10.328 0.0000000000
63564  -60.510  -7.434  10.236 0.0000000000
63566  -59.885  -7.061  9.604 0.0000000000
63567  -59.438  -6.918  9.388 0.0000000000
63568  -59.282  -7.259  9.351 0.0000000000
63903  -41.426  -12.025  34.703 0.0000000000
63904  -41.054  -12.099  33.975 0.0000000000
63905  -41.767  -11.626  34.408 0.0000000000
63906  -43.301  -10.461  34.141 0.0000000000
63907  -42.452  -10.855  33.789 0.0000000000
63908  -42.831  -10.490  33.484 0.0000000000
63909  -42.407  -10.582  32.697 0.0000000000
63910  -43.197  -10.157  33.158 0.0000000000
63911  -46.627  -9.094  35.341 0.0000000000
63912  -45.780  -9.490  35.061 0.0000000000
63913  -46.163  -9.153  34.703 0.0000000000
63914  -45.542  -8.850  32.954 0.0000000000
63915  -45.242  -9.176  33.436 0.0000000000
63916  -44.707  -9.171  32.704 0.0000000000
63917  -43.918  -9.512  32.344 0.0000000000
63918  -44.260  -9.178  31.939 0.0000000000
63920  -44.631  -8.950  31.485 0.0000000000
63921  -46.002  -8.101  30.831 0.0000000000
63927  -46.527  -7.696  29.853 0.0000000000
63928  -48.511  -6.901  31.512 0.0000000000
63929  -47.934  -7.006  30.739 0.0000000000
63930  -48.702  -6.675  31.117 0.0000000000
63931  -48.944  -6.404  30.741 0.0000000000
63932  -49.529  -6.285  31.550 0.0000000000
63933  -50.715  -6.446  34.258 0.0000000000
63934  -50.203  -6.537  33.603 0.0000000000
63935  -50.972  -6.185  33.889 0.0000000000
63936  -52.365  -5.205  33.683 0.0000000000
63937  -51.507  -5.627  33.323 0.0000000000
63938  -51.754  -5.342  33.010 0.0000000000
63939  -51.150  -5.498  32.326 0.0000000000
63940  -52.012  -5.044  32.694 0.0000000000
63941  -52.250  -4.766  32.385 0.0000000000
63942  -52.899  -4.591  33.102 0.0000000000
63944  -54.635  -3.746  33.837 0.0000000000
65162  -46.421  -11.305  44.207 0.0000000000
65163  -47.217  -10.886  44.766 0.0000000000
65164  -46.795  -11.152  44.942 0.0000000000
65281  -38.431  -13.822  40.695 0.0000000000
65282  -38.905  -13.560  41.273 0.0000000000
65286  -41.753  -12.959  43.016 0.0000000000
65287  -40.834  -13.038  42.773 0.0000000000
65288  -41.229  -13.160  42.377 0.0000000000
65289  -40.721  -13.317  41.808 0.0000000000
65290  -41.657  -13.188  42.047 0.0000000000
65291  -42.055  -13.151  41.736 0.0000000000
65292  -42.538  -12.981  42.398 0.0000000000
65293  -45.052  -11.998  43.948 0.0000000000
65294  -44.468  -12.256  43.266 0.0000000000
65295  -45.455  -11.762  43.728 0.0000000000
65296  -45.826  -11.521  43.513 0.0000000000
65775  -59.772  -16.711  21.333 0.0000000000
66873  -50.989  -6.659  21.781 0.0000000000
66874  -51.102  -7.334  21.351 0.0000000000
66875  -51.297  -6.696  21.458 0.0000000000
66876  -52.225  -6.083  20.981 0.0000000000
66877  -51.963  -6.738  20.827 0.0000000000
66878  -52.319  -6.726  20.534 0.0000000000
66879  -52.536  -7.437  20.228 0.0000000000
66880  -52.646  -6.726  20.252 0.0000000000
66881  -54.181  -3.467  22.560 0.0000000000
66882  -53.561  -4.074  22.080 0.0000000000
66883  -53.782  -4.008  21.696 0.0000000000
66884  -53.692  -5.273  19.938 0.0000000000
66885  -53.392  -5.281  20.297 0.0000000000
66886  -53.413  -6.010  19.786 0.0000000000
66887  -53.286  -6.798  19.688 0.0000000000
66888  -53.611  -6.847  19.397 0.0000000000
66889  -53.952  -7.650  19.148 0.0000000000
66890  -53.935  -6.893  19.093 0.0000000000
66891  -54.660  -6.213  18.434 0.0000000000
66892  -54.643  -6.980  18.439 0.0000000000
66893  -55.006  -7.057  18.120 0.0000000000
66894  -55.506  -7.858  17.990 0.0000000000
66895  -55.355  -7.131  17.830 0.0000000000
66896  -55.673  -7.225  17.519 0.0000000000
66897  -55.273  -6.340  17.774 0.0000000000
66898  -55.438  -3.895  18.612 0.0000000000
66899  -55.368  -4.726  17.952 0.0000000000
66900  -55.559  -3.944  18.216 0.0000000000
66901  -55.692  -4.013  17.838 0.0000000000
66902  -55.821  -3.220  18.613 0.0000000000
66903  -56.609  -1.405  21.672 0.0000000000
66904  -56.203  -1.973  20.880 0.0000000000
66905  -56.677  -1.383  21.324 0.0000000000
66906  -57.184  -0.735  20.900 0.0000000000
66907  -56.694  -1.282  20.607 0.0000000000
66908  -56.752  -1.281  20.131 0.0000000000
66909  -56.379  -1.944  19.355 0.0000000000
66910  -56.791  -1.333  19.647 0.0000000000
66911  -56.818  -1.391  19.132 0.0000000000
66912  -57.295  -0.759  19.839 0.0000000000
66913  -58.649  0.888  20.708 0.0000000000
66914  -58.305  0.254  20.075 0.0000000000
66915  -58.705  0.832  20.143 0.0000000000
66916  -58.747  0.781  19.605 0.0000000000
71167  -63.005  -14.443  17.449 0.0000000000
71168  -62.710  -14.937  17.382 0.0000000000
71169  -62.881  -14.770  16.902 0.0000000000
71170  -62.426  -14.872  15.656 0.0000000000
71171  -62.359  -15.239  16.052 0.0000000000
71172  -61.984  -15.353  15.687 0.0000000000
71173  -61.512  -15.848  15.651 0.0000000000
71174  -61.523  -15.521  15.354 0.0000000000
71175  -62.278  -13.046  13.693 0.0000000000
71176  -62.364  -13.531  14.243 0.0000000000
71177  -61.886  -13.434  14.011 0.0000000000
71178  -60.490  -14.301  14.541 0.0000000000
71179  -61.011  -14.393  14.561 0.0000000000
71180  -60.466  -14.931  14.763 0.0000000000
71181  -60.472  -15.482  14.926 0.0000000000
71182  -59.886  -15.378  14.852 0.0000000000
71183  -59.327  -15.788  14.859 0.0000000000
71184  -59.264  -15.282  14.862 0.0000000000
71185  -58.223  -14.277  14.884 0.0000000000
71186  -58.167  -14.980  14.877 0.0000000000
71190  -60.758  -8.578  10.105 0.0000000000
71191  -60.986  -9.109  10.374 0.0000000000
71192  -60.580  -8.984  10.154 0.0000000000
71193  -59.416  -9.537  10.476 0.0000000000
71194  -59.982  -9.692  10.566 0.0000000000
71195  -59.595  -10.073  10.943 0.0000000000
71196  -59.769  -10.626  11.416 0.0000000000
71197  -59.190  -10.422  11.442 0.0000000000
71204  -58.325  -11.111  12.654 0.0000000000
71205  -57.905  -11.472  13.276 0.0000000000
71206  -58.060  -12.020  13.809 0.0000000000
72276  -47.934  -6.695  27.414 0.0000000000
72277  -47.331  -7.173  27.087 0.0000000000
72278  -47.579  -7.023  26.665 0.0000000000
72280  -47.804  -6.930  26.239 0.0000000000
72281  -50.814  -4.850  29.244 0.0000000000
72282  -50.026  -5.299  28.704 0.0000000000
72283  -50.232  -5.183  28.260 0.0000000000
72284  -49.419  -5.769  26.051 0.0000000000
72285  -49.184  -5.877  26.463 0.0000000000
72286  -48.833  -6.239  25.640 0.0000000000
72287  -48.272  -6.769  25.375 0.0000000000
72288  -48.528  -6.679  24.964 0.0000000000
72289  -48.415  -7.224  24.277 0.0000000000
72290  -48.829  -6.672  24.482 0.0000000000
72291  -49.876  -6.096  23.928 0.0000000000
72292  -49.404  -6.624  23.623 0.0000000000
72293  -49.704  -6.627  23.218 0.0000000000
72294  -49.695  -7.223  22.666 0.0000000000
72295  -50.023  -6.638  22.820 0.0000000000
72296  -50.347  -6.642  22.438 0.0000000000
72297  -50.444  -6.069  23.084 0.0000000000
72298  -51.961  -4.616  24.759 0.0000000000
72299  -51.586  -5.031  23.874 0.0000000000
72300  -52.194  -4.555  24.347 0.0000000000
72301  -52.427  -4.505  23.926 0.0000000000
72302  -52.820  -4.089  24.796 0.0000000000
72303  -54.238  -2.897  28.397 0.0000000000
72304  -53.597  -3.386  27.482 0.0000000000
72305  -54.413  -2.843  27.935 0.0000000000
75962  -51.488  -7.331  39.483 0.0000000000
75963  -52.307  -6.934  39.812 0.0000000000
75964  -51.950  -7.151  40.159 0.0000000000
75965  -52.477  -6.888  41.817 0.0000000000
75966  -52.806  -6.638  41.454 0.0000000000
75967  -53.076  -6.365  42.045 0.0000000000
75970  -51.264  -7.766  43.382 0.0000000000
75971  -51.543  -7.580  43.006 0.0000000000
75972  -51.872  -7.278  43.622 0.0000000000
75985  -48.812  -10.017  45.691 0.0000000000
75986  -49.184  -9.718  45.491 0.0000000000
76326  -37.911  -14.664  38.154 0.0000000000
76328  -37.485  -15.035  37.554 0.0000000000
76330  -37.909  -14.927  37.276 0.0000000000
76331  -41.288  -13.367  39.340 0.0000000000
76332  -40.400  -13.678  38.980 0.0000000000
76333  -40.782  -13.504  38.721 0.0000000000
76334  -40.194  -13.766  37.401 0.0000000000
76335  -39.828  -13.949  37.642 0.0000000000
76336  -39.395  -14.159  37.083 0.0000000000
76337  -38.636  -14.623  36.817 0.0000000000
76338  -38.985  -14.419  36.558 0.0000000000
76340  -39.352  -14.150  36.306 0.0000000000
76341  -40.661  -13.134  36.232 0.0000000000
76342  -40.002  -13.566  35.838 0.0000000000
76343  -40.253  -13.302  35.629 0.0000000000
76345  -40.533  -13.011  35.411 0.0000000000
76346  -40.825  -12.686  35.174 0.0000000000
76347  -41.246  -12.528  35.788 0.0000000000
76348  -43.405  -11.536  37.067 0.0000000000
76349  -42.891  -11.655  36.447 0.0000000000
76350  -43.729  -11.267  36.830 0.0000000000
76351  -44.056  -10.992  36.567 0.0000000000
76352  -44.593  -10.830  37.185 0.0000000000
76353  -45.492  -10.660  39.472 0.0000000000
76354  -45.016  -10.886  38.862 0.0000000000
76355  -45.792  -10.436  39.227 0.0000000000
76356  -47.236  -9.557  39.129 0.0000000000
76357  -46.436  -10.005  38.748 0.0000000000
76358  -46.741  -9.781  38.464 0.0000000000
76359  -46.228  -9.992  37.865 0.0000000000
76360  -47.027  -9.549  38.182 0.0000000000
76361  -47.343  -9.300  37.882 0.0000000000
76362  -47.889  -9.052  38.474 0.0000000000
76363  -50.191  -8.021  39.624 0.0000000000
76364  -49.610  -8.202  39.002 0.0000000000
76365  -50.512  -7.795  39.252 0.0000000000
76366  -50.830  -7.561  38.887 0.0000000000
77850  -62.014  -15.987  17.298 0.0000000000
77851  -61.828  -16.116  17.767 0.0000000000
77852  -61.548  -16.354  17.241 0.0000000000
77853  -59.986  -16.975  16.862 0.0000000000
77854  -60.402  -16.868  17.257 0.0000000000
77855  -59.736  -17.050  17.349 0.0000000000
81051  -60.242  -14.656  28.808 0.0000000000
81055  -59.748  -15.538  27.808 0.0000000000
81056  -61.835  -12.996  28.480 0.0000000000
81057  -61.475  -13.465  28.565 0.0000000000
81058  -61.478  -13.732  28.039 0.0000000000
81059  -60.717  -15.351  26.875 0.0000000000
81060  -60.722  -15.078  27.277 0.0000000000
81061  -60.309  -15.734  26.971 0.0000000000
81062  -59.831  -16.144  27.037 0.0000000000
81063  -59.928  -16.415  26.767 0.0000000000
81065  -60.024  -16.789  26.557 0.0000000000
81066  -60.488  -17.027  25.840 0.0000000000
81073  -61.014  -16.017  24.889 0.0000000000
81074  -60.711  -16.712  24.754 0.0000000000
81075  -60.886  -16.224  24.466 0.0000000000
81076  -60.735  -16.438  24.050 0.0000000000
81077  -61.093  -15.771  24.123 0.0000000000
81078  -62.276  -13.153  25.218 0.0000000000
81079  -61.884  -13.890  25.065 0.0000000000
81080  -62.200  -13.506  24.730 0.0000000000
81081  -62.288  -13.842  23.372 0.0000000000
81082  -61.949  -14.185  23.762 0.0000000000
81083  -61.878  -14.470  23.262 0.0000000000
81084  -61.515  -15.043  23.216 0.0000000000
81085  -61.828  -14.765  22.742 0.0000000000
81086  -61.758  -15.103  22.220 0.0000000000
81087  -62.137  -14.562  22.295 0.0000000000
81088  -62.839  -13.458  21.561 0.0000000000
81089  -62.525  -14.115  21.466 0.0000000000
81090  -62.746  -13.903  21.013 0.0000000000
81091  -62.644  -14.366  20.458 0.0000000000
81092  -62.935  -13.723  20.503 0.0000000000
81116  -51.698  -8.786  21.050 0.0000000000
81117  -51.811  -9.422  21.298 0.0000000000
81118  -52.229  -9.476  21.060 0.0000000000
81119  -54.016  -10.669  21.281 0.0000000000
81120  -53.570  -10.686  21.525 0.0000000000
81124  -56.128  -10.717  20.441 0.0000000000
81125  -55.612  -10.730  20.657 0.0000000000
81126  -56.482  -11.042  21.031 0.0000000000
81138  -61.557  -8.701  25.244 0.0000000000
81139  -62.027  -8.800  25.412 0.0000000000
81140  -61.928  -8.793  24.861 0.0000000000
81141  -62.500  -9.138  23.422 0.0000000000
81142  -62.592  -9.174  24.023 0.0000000000
81143  -62.884  -9.451  23.574 0.0000000000
81144  -63.179  -9.885  23.693 0.0000000000
81145  -63.152  -9.749  23.106 0.0000000000
81146  -61.827  -9.593  20.905 0.0000000000
81147  -62.060  -9.394  21.566 0.0000000000
81148  -62.389  -9.451  21.131 0.0000000000
81149  -63.522  -10.150  20.932 0.0000000000
81150  -63.290  -9.845  21.407 0.0000000000
81151  -63.523  -10.268  21.563 0.0000000000
81152  -63.506  -10.465  22.132 0.0000000000
81153  -63.572  -10.893  21.607 0.0000000000
81154  -63.515  -11.523  21.653 0.0000000000
81155  -63.603  -11.348  21.046 0.0000000000
81156  -63.682  -12.088  19.297 0.0000000000
81157  -63.581  -12.240  19.938 0.0000000000
81158  -63.520  -12.684  19.356 0.0000000000
81159  -63.271  -13.326  19.389 0.0000000000
81160  -63.419  -13.097  18.788 0.0000000000
81161  -63.325  -13.537  18.337 0.0000000000
81162  -63.542  -12.945  18.297 0.0000000000
81163  -63.698  -11.799  17.145 0.0000000000
81164  -63.649  -12.496  17.207 0.0000000000
81165  -63.680  -12.255  16.666 0.0000000000
81166  -63.624  -12.681  16.235 0.0000000000
81167  -63.664  -11.997  16.134 0.0000000000
81168  -62.544  -9.793  16.873 0.0000000000
81169  -63.019  -10.062  16.908 0.0000000000
81170  -62.809  -9.932  16.436 0.0000000000
81171  -63.023  -10.184  14.984 0.0000000000
81172  -63.217  -10.422  15.503 0.0000000000
81173  -63.328  -10.738  15.008 0.0000000000
81174  -63.536  -11.347  15.076 0.0000000000
81175  -63.387  -11.036  14.511 0.0000000000
81176  -63.366  -11.246  14.033 0.0000000000
81177  -63.184  -10.699  13.948 0.0000000000
81178  -62.259  -9.348  12.971 0.0000000000
81179  -62.656  -9.912  12.921 0.0000000000
81180  -62.348  -9.451  12.571 0.0000000000
81181  -62.328  -9.544  12.127 0.0000000000
81182  -61.915  -8.962  12.250 0.0000000000
81183  -56.327  -7.430  16.814 0.0000000000
81184  -56.971  -8.271  16.635 0.0000000000
81185  -56.662  -7.588  16.442 0.0000000000
81186  -57.083  -7.060  15.584 0.0000000000
81187  -57.408  -7.784  15.708 0.0000000000
81188  -57.778  -7.843  15.334 0.0000000000
81189  -58.610  -8.448  15.084 0.0000000000
81190  -58.192  -7.817  14.941 0.0000000000
81191  -56.559  -4.017  15.934 0.0000000000
81192  -56.536  -4.771  15.727 0.0000000000
81193  -56.786  -4.960  15.299 0.0000000000
81194  -58.326  -6.532  14.079 0.0000000000
81195  -57.945  -6.517  14.444 0.0000000000
81196  -58.716  -7.165  14.083 0.0000000000
81197  -59.113  -7.768  14.159 0.0000000000
81198  -59.558  -7.713  13.787 0.0000000000
81199  -60.319  -8.050  13.524 0.0000000000
81200  -59.909  -7.584  13.415 0.0000000000
81201  -60.004  -6.946  12.535 0.0000000000
81202  -60.460  -7.411  12.597 0.0000000000
81203  -60.611  -7.457  12.198 0.0000000000
81204  -61.121  -7.954  11.865 0.0000000000
81205  -60.722  -7.497  11.792 0.0000000000
81206  -60.792  -7.541  11.377 0.0000000000
81207  -60.324  -7.046  11.754 0.0000000000
81208  -58.985  -5.640  12.068 0.0000000000
81209  -59.538  -6.212  11.638 0.0000000000
81210  -59.091  -5.714  11.655 0.0000000000
81211  -59.164  -5.785  11.190 0.0000000000
81212  -58.693  -5.193  11.722 0.0000000000
81214  -57.726  -3.468  13.596 0.0000000000
92252  -53.463  -5.858  37.503 0.0000000000
92253  -54.349  -5.409  37.746 0.0000000000
92254  -54.058  -5.665  38.070 0.0000000000
92271  -49.694  -7.907  37.734 0.0000000000
92272  -49.204  -8.027  37.051 0.0000000000
92273  -50.072  -7.609  37.360 0.0000000000
92274  -50.444  -7.337  36.970 0.0000000000
92275  -50.849  -7.030  36.573 0.0000000000
92276  -51.184  -6.750  36.238 0.0000000000
92277  -51.717  -6.598  36.890 0.0000000000
92278  -52.569  -6.201  37.175 0.0000000000
92641  -62.019  -15.385  20.472 0.0000000000
92642  -61.661  -15.824  20.357 0.0000000000
92643  -61.870  -15.725  19.915 0.0000000000
92644  -61.699  -16.045  19.320 0.0000000000
92645  -61.436  -16.298  18.788 0.0000000000
93721  -62.641  -10.731  12.107 0.0000000000
93722  -62.555  -11.157  12.138 0.0000000000
93723  -62.314  -10.635  11.628 0.0000000000
93724  -61.905  -10.476  11.274 0.0000000000
93725  -61.452  -10.279  10.995 0.0000000000
93945  -54.548  -3.298  32.634 0.0000000000
93946  -53.888  -3.472  31.899 0.0000000000
93947  -54.773  -3.021  32.301 0.0000000000
93948  -54.949  -2.778  31.927 0.0000000000
93949  -55.123  -2.579  31.532 0.0000000000
93950  -55.291  -2.407  31.080 0.0000000000
93951  -55.905  -2.114  31.883 0.0000000000
94682  -48.418  -9.532  42.919 0.0000000000
94683  -49.212  -9.125  43.387 0.0000000000
94684  -48.925  -9.422  43.627 0.0000000000
94685  -49.404  -9.289  44.366 0.0000000000
94686  -49.791  -9.153  45.057 0.0000000000
94755  -44.642  -11.993  42.090 0.0000000000
94756  -44.086  -12.200  41.419 0.0000000000
94757  -44.992  -11.671  41.878 0.0000000000
94758  -45.329  -11.321  41.704 0.0000000000
94759  -45.664  -10.969  41.515 0.0000000000
94760  -45.984  -10.655  41.306 0.0000000000
94761  -46.619  -10.401  42.015 0.0000000000
94762  -47.469  -9.986  42.493 0.0000000000
95700  -62.161  -9.768  28.335 0.0000000000
95701  -62.339  -10.435  28.349 0.0000000000
95702  -62.355  -10.024  27.899 0.0000000000
95703  -62.535  -10.278  27.402 0.0000000000
95704  -62.672  -10.562  26.907 0.0000000000
95705  -62.774  -10.881  26.445 0.0000000000
95706  -62.733  -10.175  26.512 0.0000000000
95707  -62.774  -9.852  26.034 0.0000000000
95708  -62.801  -9.603  25.618 0.0000000000
95714  -56.026  -9.178  18.558 0.0000000000
95715  -56.352  -9.754  18.955 0.0000000000
95716  -56.825  -9.770  18.685 0.0000000000
95717  -57.661  -10.189  18.750 0.0000000000
95718  -58.503  -10.421  18.888 0.0000000000
95719  -59.406  -10.439  19.104 0.0000000000
95720  -58.954  -10.283  18.530 0.0000000000
95721  -59.377  -10.156  18.140 0.0000000000
95722  -59.809  -10.029  17.748 0.0000000000
95723  -60.275  -9.915  17.386 0.0000000000
95724  -59.391  -9.908  17.275 0.0000000000
95725  -59.028  -9.681  16.842 0.0000000000
95726  -58.593  -9.389  16.505 0.0000000000
95727  -58.060  -0.481  18.395 0.0000000000
95728  -57.671  -1.103  17.760 0.0000000000
95729  -58.142  -0.532  17.869 0.0000000000
95730  -58.164  -0.634  17.325 0.0000000000
95731  -58.159  -0.721  16.780 0.0000000000
95732  -58.122  -0.800  16.249 0.0000000000
98041  -60.051  -6.683  10.423 0.0000000000
98042  -60.171  -6.958  10.123 0.0000000000
98043  -59.833  -6.496  10.002 0.0000000000
98247  -43.006  -11.201  35.401 0.0000000000
98248  -42.539  -11.221  34.757 0.0000000000
98249  -43.337  -10.824  35.106 0.0000000000
98250  -43.736  -10.502  34.778 0.0000000000
98251  -44.137  -10.154  34.473 0.0000000000
98252  -47.319  -8.446  34.552 0.0000000000
98253  -46.523  -8.806  34.311 0.0000000000
98254  -46.854  -8.494  33.900 0.0000000000
98255  -46.356  -8.520  33.243 0.0000000000
98256  -45.878  -8.542  32.503 0.0000000000
98257  -45.381  -8.594  31.798 0.0000000000
98258  -46.176  -8.248  32.014 0.0000000000
98259  -46.483  -7.972  31.520 0.0000000000
98260  -46.791  -7.725  31.050 0.0000000000
98261  -46.991  -7.560  30.692 0.0000000000
98262  -47.520  -7.427  31.523 0.0000000000
98263  -48.299  -7.120  31.880 0.0000000000
98264  -49.093  -6.774  32.235 0.0000000000
98265  -52.378  -5.616  34.956 0.0000000000
98266  -51.819  -5.754  34.293 0.0000000000
98267  -52.685  -5.343  34.624 0.0000000000
98268  -52.977  -5.050  34.320 0.0000000000
98269  -53.241  -4.729  34.024 0.0000000000
98270  -53.476  -4.455  33.761 0.0000000000
98271  -54.043  -4.327  34.385 0.0000000000
99002  -45.590  -11.782  44.601 0.0000000000
99003  -46.388  -11.372  45.151 0.0000000000
99004  -45.981  -11.555  45.376 0.0000000000
99078  -42.229  -12.766  43.698 0.0000000000
99079  -42.639  -12.828  43.385 0.0000000000
99080  -43.097  -12.780  43.058 0.0000000000
99081  -43.674  -12.543  43.745 0.0000000000
99082  -44.622  -12.213  44.168 0.0000000000
100029  -51.778  -5.482  22.354 0.0000000000
100030  -51.602  -6.059  21.692 0.0000000000
100031  -52.023  -5.433  22.003 0.0000000000
100032  -52.287  -5.394  21.633 0.0000000000
100033  -52.553  -5.358  21.285 0.0000000000
100034  -54.619  -3.334  21.742 0.0000000000
100035  -54.050  -3.942  21.318 0.0000000000
100036  -54.292  -3.919  20.884 0.0000000000
100037  -54.092  -4.569  20.179 0.0000000000
100038  -54.005  -5.313  19.559 0.0000000000
100039  -54.050  -6.092  19.099 0.0000000000
100040  -54.299  -5.313  19.184 0.0000000000
100041  -54.557  -5.335  18.849 0.0000000000
100042  -54.791  -5.375  18.531 0.0000000000
100043  -55.055  -5.435  18.173 0.0000000000
100044  -55.013  -4.584  18.747 0.0000000000
100045  -55.302  -3.863  18.996 0.0000000000
100046  -55.658  -3.160  19.328 0.0000000000
100047  -57.571  -0.311  22.444 0.0000000000
100048  -57.120  -0.818  21.758 0.0000000000
100049  -57.607  -0.241  22.038 0.0000000000
100050  -57.657  -0.185  21.569 0.0000000000
100051  -57.694  -0.200  21.051 0.0000000000
100052  -57.752  -0.222  20.531 0.0000000000
100053  -58.183  0.329  21.173 0.0000000000
100054  -58.598  0.907  21.260 0.0000000000
102604  -63.274  -13.942  16.502 0.0000000000
102605  -63.017  -14.486  16.472 0.0000000000
102606  -63.117  -14.193  16.001 0.0000000000
102607  -62.859  -14.358  15.633 0.0000000000
102608  -62.449  -14.473  15.249 0.0000000000
102609  -61.251  -12.735  13.245 0.0000000000
102610  -61.366  -13.310  13.825 0.0000000000
102611  -60.831  -13.155  13.711 0.0000000000
102612  -60.412  -13.630  14.119 0.0000000000
102613  -59.917  -14.128  14.524 0.0000000000
102614  -59.320  -14.649  14.808 0.0000000000
102615  -59.347  -13.876  14.541 0.0000000000
102616  -58.788  -13.726  14.698 0.0000000000
102617  -58.254  -13.507  14.733 0.0000000000
102618  -59.893  -8.233  9.752 0.0000000000
102619  -60.096  -8.753  10.016 0.0000000000
102620  -59.590  -8.604  9.914 0.0000000000
102621  -59.259  -9.002  10.156 0.0000000000
102622  -58.822  -9.398  10.566 0.0000000000
103269  -47.903  -6.724  29.060 0.0000000000
103270  -47.465  -6.964  28.308 0.0000000000
103271  -48.125  -6.541  28.659 0.0000000000
103272  -48.363  -6.362  28.257 0.0000000000
103273  -48.573  -6.231  27.815 0.0000000000
103274  -51.237  -4.553  28.315 0.0000000000
103275  -50.410  -5.069  27.825 0.0000000000
103276  -50.619  -4.965  27.398 0.0000000000
103277  -50.106  -5.300  26.436 0.0000000000
103278  -49.664  -5.691  25.596 0.0000000000
103279  -49.341  -6.120  24.815 0.0000000000
103280  -49.923  -5.651  25.115 0.0000000000
103281  -50.203  -5.613  24.695 0.0000000000
103282  -50.448  -5.585  24.260 0.0000000000
103283  -50.695  -5.562  23.823 0.0000000000
103284  -51.049  -5.133  24.647 0.0000000000
103285  -51.729  -4.683  25.172 0.0000000000
103286  -52.420  -4.212  25.665 0.0000000000
105482  -50.786  -7.786  40.227 0.0000000000
105483  -51.607  -7.351  40.514 0.0000000000
105484  -51.309  -7.557  40.900 0.0000000000
105485  -51.778  -7.338  41.551 0.0000000000
105486  -52.172  -7.127  42.208 0.0000000000
105487  -51.888  -7.236  44.591 0.0000000000
105488  -52.123  -6.978  44.229 0.0000000000
105489  -52.342  -6.560  44.809 0.0000000000
105699  -37.550  -14.385  39.427 0.0000000000
105701  -37.945  -14.406  39.043 0.0000000000
105702  -38.323  -14.399  38.711 0.0000000000
105703  -38.695  -14.351  38.407 0.0000000000
105704  -41.995  -12.950  38.897 0.0000000000
105705  -41.157  -13.309  38.523 0.0000000000
105706  -41.459  -13.106  38.325 0.0000000000
105707  -40.992  -13.298  37.742 0.0000000000
105708  -40.516  -13.493  37.206 0.0000000000
105709  -40.084  -13.702  36.624 0.0000000000
105710  -40.811  -13.239  37.016 0.0000000000
105711  -41.101  -12.979  36.817 0.0000000000
105712  -41.397  -12.685  36.625 0.0000000000
105713  -41.700  -12.389  36.388 0.0000000000
105714  -42.264  -12.239  36.975 0.0000000000
105715  -43.095  -11.776  37.314 0.0000000000
105716  -43.972  -11.335  37.662 0.0000000000
105717  -47.205  -9.665  40.359 0.0000000000
105718  -46.649  -9.941  39.676 0.0000000000
105719  -47.500  -9.463  40.099 0.0000000000
105720  -47.798  -9.253  39.784 0.0000000000
105721  -48.123  -9.036  39.460 0.0000000000
105722  -48.462  -8.813  39.127 0.0000000000
105723  -48.997  -8.617  39.755 0.0000000000
105724  -49.887  -8.213  39.982 0.0000000000
106614  -61.332  -16.390  16.295 0.0000000000
106615  -61.191  -16.528  16.748 0.0000000000
106616  -60.784  -16.669  16.307 0.0000000000
106617  -60.183  -16.878  16.395 0.0000000000
106618  -59.555  -17.054  16.485 0.0000000000
108536  -60.722  -13.903  29.902 0.0000000000
108537  -60.721  -14.057  29.348 0.0000000000
108538  -60.696  -14.258  28.805 0.0000000000
108539  -61.792  -13.512  27.437 0.0000000000
108540  -61.462  -13.978  27.558 0.0000000000
108541  -61.424  -14.221  27.082 0.0000000000
108542  -61.060  -14.948  26.837 0.0000000000
108543  -60.704  -15.669  26.536 0.0000000000
108544  -60.402  -16.393  26.392 0.0000000000
108545  -60.743  -15.993  26.244 0.0000000000
108546  -60.759  -16.287  25.967 0.0000000000
108547  -60.729  -16.587  25.710 0.0000000000
108548  -60.647  -16.871  25.402 0.0000000000
108549  -60.976  -16.196  25.497 0.0000000000
108550  -61.081  -15.752  25.237 0.0000000000
108551  -61.237  -15.289  24.919 0.0000000000
108552  -62.819  -12.410  24.545 0.0000000000
108553  -62.482  -13.144  24.399 0.0000000000
108554  -62.737  -12.819  24.038 0.0000000000
108555  -62.649  -13.225  23.517 0.0000000000
108556  -62.562  -13.573  22.991 0.0000000000
108557  -62.470  -13.980  22.437 0.0000000000
108558  -62.767  -13.317  22.600 0.0000000000
108559  -62.940  -13.114  22.091 0.0000000000
108560  -63.112  -12.870  21.594 0.0000000000
108575  -52.572  -8.916  20.525 0.0000000000
108576  -52.697  -9.566  20.841 0.0000000000
108577  -53.149  -9.632  20.617 0.0000000000
108578  -53.810  -10.201  20.790 0.0000000000
108579  -54.525  -10.686  21.060 0.0000000000
108580  -57.878  -11.055  21.134 0.0000000000
108581  -57.363  -11.164  21.416 0.0000000000
108582  -58.309  -11.063  21.791 0.0000000000
108588  -61.215  -9.028  24.052 0.0000000000
108589  -61.772  -8.867  24.282 0.0000000000
108590  -61.615  -9.028  23.667 0.0000000000
108591  -62.017  -9.092  23.251 0.0000000000
108592  -62.413  -9.177  22.809 0.0000000000
108593  -62.475  -9.560  19.998 0.0000000000
108594  -62.718  -9.520  20.678 0.0000000000
108595  -63.005  -9.729  20.176 0.0000000000
108596  -63.390  -10.064  20.266 0.0000000000
108597  -63.595  -10.589  20.375 0.0000000000
108598  -63.658  -11.194  20.415 0.0000000000
108599  -63.682  -11.042  19.800 0.0000000000
108600  -63.737  -11.481  19.251 0.0000000000
108601  -63.723  -11.895  18.726 0.0000000000
108602  -63.669  -12.331  18.238 0.0000000000
108603  -63.722  -11.660  18.189 0.0000000000
108604  -63.694  -11.377  17.647 0.0000000000
108605  -63.654  -11.103  17.080 0.0000000000
108606  -62.062  -9.598  15.869 0.0000000000
108607  -62.591  -9.786  15.962 0.0000000000
108608  -62.323  -9.639  15.406 0.0000000000
108609  -62.552  -9.750  14.940 0.0000000000
108610  -62.760  -9.918  14.454 0.0000000000
108611  -62.881  -10.138  13.897 0.0000000000
108612  -62.415  -9.641  13.869 0.0000000000
108613  -62.061  -9.239  13.472 0.0000000000
108614  -61.691  -8.837  13.126 0.0000000000
108615  -55.945  -5.872  16.652 0.0000000000
108616  -56.380  -6.789  16.312 0.0000000000
108617  -56.207  -6.044  16.272 0.0000000000
108618  -56.491  -6.179  15.900 0.0000000000
108619  -56.813  -6.297  15.527 0.0000000000
108620  -57.051  -4.309  15.055 0.0000000000
108621  -57.106  -5.067  14.904 0.0000000000
108622  -57.458  -5.162  14.512 0.0000000000
108623  -58.011  -5.883  14.125 0.0000000000
108624  -58.702  -6.510  13.703 0.0000000000
108625  -59.474  -7.006  13.334 0.0000000000
108626  -59.053  -6.453  13.316 0.0000000000
108627  -59.330  -6.418  12.884 0.0000000000
108628  -59.598  -6.492  12.473 0.0000000000
108629  -59.823  -6.605  12.077 0.0000000000
108630  -59.206  -6.031  12.449 0.0000000000
108631  -58.833  -5.544  12.465 0.0000000000
108632  -58.450  -4.984  12.506 0.0000000000
115455  -46.337  -9.664  36.698 0.0000000000
115456  -45.878  -9.760  36.087 0.0000000000
115457  -46.692  -9.359  36.368 0.0000000000
115458  -47.078  -9.030  35.971 0.0000000000
115459  -47.478  -8.697  35.549 0.0000000000
115460  -48.750  -8.165  36.468 0.0000000000
115461  -48.292  -8.276  35.830 0.0000000000
115462  -47.805  -8.397  35.195 0.0000000000
115463  -48.146  -8.091  34.818 0.0000000000
115464  -48.491  -7.761  34.400 0.0000000000
115465  -48.836  -7.428  33.965 0.0000000000
115466  -49.141  -7.156  33.590 0.0000000000
115467  -49.631  -7.082  34.305 0.0000000000
115468  -50.441  -6.717  34.635 0.0000000000
115469  -51.256  -6.331  34.968 0.0000000000
115470  -51.495  -6.475  35.910 0.0000000000
115471  -51.797  -6.202  35.590 0.0000000000
115472  -52.102  -5.912  35.277 0.0000000000
115473  -52.929  -5.531  35.568 0.0000000000
115474  -53.735  -5.142  35.900 0.0000000000
116323  -60.805  -16.047  22.371 0.0000000000
116324  -60.277  -16.500  22.339 0.0000000000
116325  -60.574  -16.146  21.803 0.0000000000
116326  -60.390  -16.370  21.282 0.0000000000
116327  -60.147  -16.570  20.770 0.0000000000
116328  -61.170  -16.178  20.255 0.0000000000
116329  -60.541  -16.478  20.249 0.0000000000
116330  -59.880  -16.733  20.288 0.0000000000
116842  -53.719  -3.675  23.285 0.0000000000
116844  -54.565  -3.030  23.310 0.0000000000
116845  -54.832  -2.928  22.932 0.0000000000
116847  -55.477  -2.380  23.268 0.0000000000
116848  -55.014  -2.883  22.536 0.0000000000
116849  -55.235  -2.749  22.101 0.0000000000
116850  -55.418  -2.651  21.664 0.0000000000
116851  -55.548  -2.629  21.230 0.0000000000
116852  -55.720  -2.581  20.867 0.0000000000
116853  -56.042  -2.056  21.647 0.0000000000
116854  -56.560  -1.492  22.013 0.0000000000
116855  -57.068  -0.942  22.458 0.0000000000
116857  -57.489  -0.455  23.169 0.0000000000
116858  -57.544  -0.387  22.796 0.0000000000
116859  -57.951  0.220  23.067 0.0000000000
118843  -63.312  -12.601  14.408 0.0000000000
118844  -63.105  -13.047  14.468 0.0000000000
118845  -63.002  -12.607  13.908 0.0000000000
118846  -62.610  -12.605  13.477 0.0000000000
118847  -62.172  -12.528  13.112 0.0000000000
118848  -62.376  -11.587  12.270 0.0000000000
118849  -62.053  -11.984  12.498 0.0000000000
118850  -61.648  -12.354  12.770 0.0000000000
118851  -61.145  -12.162  12.649 0.0000000000
118852  -60.606  -11.955  12.558 0.0000000000
118853  -60.037  -11.731  12.510 0.0000000000
119361  -51.019  -5.046  30.887 0.0000000000
119362  -50.413  -5.224  30.069 0.0000000000
119363  -51.226  -4.779  30.487 0.0000000000
119364  -51.436  -4.548  30.125 0.0000000000
119365  -51.658  -4.372  29.708 0.0000000000
119366  -53.241  -3.636  31.071 0.0000000000
119367  -52.558  -3.881  30.230 0.0000000000
119368  -51.875  -4.220  29.257 0.0000000000
119369  -52.073  -4.101  28.804 0.0000000000
119370  -52.271  -4.025  28.329 0.0000000000
119371  -52.455  -3.941  27.922 0.0000000000
119372  -52.644  -3.872  27.499 0.0000000000
119373  -53.295  -3.450  28.412 0.0000000000
119374  -54.102  -2.970  28.856 0.0000000000
119375  -54.917  -2.520  29.235 0.0000000000
119376  -55.451  -2.258  30.592 0.0000000000
119377  -55.585  -2.129  30.069 0.0000000000
121082  -49.576  -8.528  41.721 0.0000000000
121083  -50.357  -8.149  42.050 0.0000000000
121084  -50.071  -8.346  42.428 0.0000000000
121085  -50.552  -8.157  43.113 0.0000000000
121086  -50.980  -8.001  43.752 0.0000000000
121087  -49.980  -8.706  43.782 0.0000000000
121088  -50.693  -8.271  44.115 0.0000000000
121089  -51.379  -7.761  44.367 0.0000000000
121090  -51.655  -7.506  44.952 0.0000000000
121091  -51.868  -7.083  45.556 0.0000000000
121251  -40.984  -13.514  40.524 0.0000000000
121252  -40.509  -13.654  39.891 0.0000000000
121253  -41.415  -13.378  40.213 0.0000000000
121254  -41.788  -13.202  39.927 0.0000000000
121255  -42.147  -13.005  39.683 0.0000000000
121256  -43.532  -12.383  40.798 0.0000000000
121257  -42.987  -12.572  40.114 0.0000000000
121258  -42.488  -12.777  39.500 0.0000000000
121259  -42.837  -12.504  39.309 0.0000000000
121260  -43.164  -12.230  39.105 0.0000000000
121261  -43.508  -11.924  38.903 0.0000000000
121262  -43.825  -11.684  38.691 0.0000000000
121263  -44.368  -11.420  39.277 0.0000000000
121264  -45.197  -10.899  39.707 0.0000000000
121265  -46.024  -10.393  40.144 0.0000000000
121266  -46.299  -10.363  41.092 0.0000000000
121267  -46.612  -10.076  40.865 0.0000000000
121268  -46.910  -9.860  40.620 0.0000000000
121269  -47.785  -9.385  41.059 0.0000000000
121270  -48.674  -8.933  41.426 0.0000000000
121962  -59.390  -16.523  15.122 0.0000000000
121963  -59.337  -16.805  15.356 0.0000000000
123456  -61.894  -11.652  29.880 0.0000000000
123457  -61.737  -12.454  29.551 0.0000000000
123458  -61.978  -11.928  29.350 0.0000000000
123459  -62.055  -12.183  28.835 0.0000000000
123460  -62.090  -12.468  28.314 0.0000000000
123461  -62.412  -11.198  28.243 0.0000000000
123462  -62.293  -11.986  28.069 0.0000000000
123463  -62.103  -12.754  27.808 0.0000000000
123464  -62.083  -13.055  27.288 0.0000000000
123465  -61.998  -13.354  26.734 0.0000000000
123466  -61.891  -13.635  26.263 0.0000000000
123467  -61.787  -13.932  25.817 0.0000000000
123468  -62.126  -13.179  26.008 0.0000000000
123469  -62.359  -12.782  25.722 0.0000000000
123470  -62.601  -12.418  25.388 0.0000000000
123471  -62.868  -11.282  25.996 0.0000000000
123472  -62.905  -11.662  25.530 0.0000000000
123473  -62.901  -11.992  25.047 0.0000000000
123474  -63.058  -11.689  24.628 0.0000000000
123475  -63.230  -11.385  24.287 0.0000000000
123476  -63.352  -11.162  23.828 0.0000000000
123488  -54.281  -9.072  19.550 0.0000000000
123489  -54.508  -9.727  19.899 0.0000000000
123490  -54.964  -9.743  19.691 0.0000000000
123491  -55.757  -10.294  19.933 0.0000000000
123492  -56.631  -10.691  20.200 0.0000000000
123493  -56.706  -10.253  19.407 0.0000000000
123494  -57.126  -10.653  19.931 0.0000000000
123495  -57.546  -10.916  20.509 0.0000000000
123496  -58.391  -10.949  20.808 0.0000000000
123497  -59.341  -10.739  21.120 0.0000000000
123498  -60.238  -10.286  21.425 0.0000000000
123499  -61.047  -9.782  21.721 0.0000000000
123500  -60.662  -10.094  21.050 0.0000000000
123501  -61.060  -9.919  20.657 0.0000000000
123502  -61.510  -9.785  20.236 0.0000000000
123503  -60.283  -10.261  19.360 0.0000000000
123504  -61.117  -9.942  19.583 0.0000000000
123505  -61.894  -9.693  19.783 0.0000000000
123506  -62.214  -9.660  19.332 0.0000000000
123507  -62.503  -9.698  18.896 0.0000000000
123508  -62.754  -9.794  18.425 0.0000000000
123509  -62.995  -9.954  17.943 0.0000000000
123510  -62.486  -9.743  17.845 0.0000000000
123511  -62.259  -9.705  17.307 0.0000000000
123512  -61.980  -9.647  16.827 0.0000000000
123513  -60.805  -9.777  17.088 0.0000000000
123514  -61.297  -9.683  16.707 0.0000000000
123515  -61.725  -9.626  16.292 0.0000000000
123516  -61.341  -9.544  15.777 0.0000000000
123517  -60.943  -9.395  15.319 0.0000000000
123518  -60.515  -9.149  14.905 0.0000000000
123519  -56.266  -2.811  17.665 0.0000000000
123520  -56.200  -3.681  16.888 0.0000000000
123521  -56.400  -2.967  17.184 0.0000000000
123522  -56.561  -3.105  16.679 0.0000000000
123523  -56.726  -3.278  16.167 0.0000000000
123524  -57.290  -1.820  17.103 0.0000000000
123525  -56.988  -2.578  16.381 0.0000000000
123526  -56.903  -3.440  15.683 0.0000000000
123527  -57.108  -3.570  15.245 0.0000000000
123528  -57.304  -3.672  14.788 0.0000000000
123529  -57.503  -3.789  14.359 0.0000000000
123530  -57.699  -3.933  13.943 0.0000000000
123531  -57.459  -3.102  14.492 0.0000000000
123532  -57.445  -2.454  14.576 0.0000000000
128896  -61.393  -8.571  10.841 0.0000000000
128897  -61.407  -8.893  10.696 0.0000000000
128898  -61.143  -8.426  10.518 0.0000000000
128899  -60.846  -8.215  10.193 0.0000000000
128900  -60.475  -8.060  9.925 0.0000000000
128901  -60.220  -7.257  9.881 0.0000000000
128902  -60.181  -7.560  9.747 0.0000000000
128903  -60.076  -7.897  9.689 0.0000000000
128904  -59.604  -7.738  9.535 0.0000000000
128905  -59.074  -7.660  9.411 0.0000000000
129332  -42.083  -11.255  34.086 0.0000000000
129333  -41.687  -11.300  33.377 0.0000000000
129338  -45.425  -9.805  35.435 0.0000000000
129339  -44.951  -9.835  34.768 0.0000000000
129340  -44.515  -9.827  34.136 0.0000000000
129341  -45.681  -9.173  34.059 0.0000000000
129342  -44.875  -9.517  33.782 0.0000000000
129343  -44.056  -9.794  33.464 0.0000000000
129344  -43.571  -9.828  32.759 0.0000000000
129345  -43.157  -9.947  31.974 0.0000000000
129350  -44.936  -8.686  31.017 0.0000000000
129359  -47.026  -7.309  29.087 0.0000000000
129360  -47.210  -7.347  30.302 0.0000000000
129361  -47.456  -7.128  29.897 0.0000000000
129362  -47.726  -6.901  29.489 0.0000000000
129363  -48.396  -6.562  29.943 0.0000000000
129364  -49.175  -6.149  30.369 0.0000000000
129365  -49.969  -5.765  30.820 0.0000000000
129366  -49.386  -6.920  33.231 0.0000000000
129367  -49.638  -6.666  32.872 0.0000000000
129368  -49.881  -6.409  32.535 0.0000000000
129369  -51.267  -5.901  33.628 0.0000000000
129370  -50.700  -6.043  32.941 0.0000000000
129371  -50.117  -6.175  32.255 0.0000000000
129372  -50.359  -5.916  31.955 0.0000000000
129373  -50.583  -5.637  31.636 0.0000000000
129374  -50.816  -5.332  31.287 0.0000000000
129375  -51.641  -4.900  31.678 0.0000000000
129376  -52.484  -4.488  32.077 0.0000000000
129377  -53.431  -4.011  32.514 0.0000000000
129378  -53.741  -4.168  33.500 0.0000000000
129379  -54.018  -3.873  33.227 0.0000000000
129380  -54.298  -3.585  32.930 0.0000000000
129381  -55.109  -3.152  33.252 0.0000000000
130922  -47.114  -10.745  43.769 0.0000000000
130923  -47.971  -10.313  44.298 0.0000000000
130924  -47.615  -10.592  44.521 0.0000000000
130925  -48.094  -10.430  45.223 0.0000000000
130926  -48.414  -10.320  45.893 0.0000000000
130927  -47.305  -10.897  45.673 0.0000000000
131073  -37.943  -14.111  40.047 0.0000000000
131074  -38.861  -13.864  40.326 0.0000000000
131075  -39.719  -13.695  40.552 0.0000000000
131080  -39.904  -13.163  42.531 0.0000000000
131081  -39.392  -13.340  41.920 0.0000000000
131082  -39.819  -13.434  41.549 0.0000000000
131083  -40.235  -13.524  41.154 0.0000000000
131084  -40.607  -13.550  40.817 0.0000000000
131085  -41.510  -13.297  41.148 0.0000000000
131086  -42.427  -13.050  41.432 0.0000000000
131087  -43.305  -12.700  41.889 0.0000000000
131088  -43.510  -12.661  42.797 0.0000000000
131089  -43.908  -12.489  42.556 0.0000000000
131090  -44.296  -12.265  42.321 0.0000000000
131091  -45.290  -11.713  42.808 0.0000000000
131092  -46.207  -11.224  43.301 0.0000000000
131700  -59.715  -16.934  22.321 0.0000000000
133069  -61.410  -12.505  30.834 0.0000000000
133070  -61.603  -11.962  30.616 0.0000000000
133079  -61.778  -11.421  30.388 0.0000000000
133080  -61.899  -10.934  30.062 0.0000000000
133081  -61.951  -10.466  29.699 0.0000000000
133082  -61.968  -10.010  29.280 0.0000000000
133085  -61.935  -9.609  28.759 0.0000000000
133086  -61.833  -9.236  28.283 0.0000000000
133089  -50.553  -7.943  21.664 0.0000000000
133090  -50.885  -8.628  21.527 0.0000000000
133091  -50.967  -8.007  21.336 0.0000000000
133092  -51.361  -8.082  21.086 0.0000000000
133093  -51.730  -8.136  20.835 0.0000000000
133094  -51.612  -6.703  21.170 0.0000000000
133095  -51.792  -7.420  20.775 0.0000000000
133096  -52.098  -8.171  20.581 0.0000000000
133097  -52.503  -8.186  20.323 0.0000000000
133098  -52.910  -8.254  20.066 0.0000000000
133099  -53.311  -8.309  19.815 0.0000000000
133100  -53.386  -4.130  22.472 0.0000000000
133101  -53.036  -4.677  21.676 0.0000000000
133102  -52.824  -5.322  20.972 0.0000000000
133103  -53.526  -4.605  20.944 0.0000000000
133104  -53.109  -5.289  20.655 0.0000000000
133105  -52.829  -6.015  20.386 0.0000000000
133106  -52.950  -6.746  19.961 0.0000000000
133107  -53.258  -7.574  19.688 0.0000000000
133108  -53.714  -8.372  19.562 0.0000000000
133109  -54.081  -8.396  19.305 0.0000000000
133110  -54.467  -8.409  19.044 0.0000000000
133111  -54.889  -8.443  18.785 0.0000000000
133112  -54.281  -6.897  18.778 0.0000000000
133113  -54.730  -7.763  18.566 0.0000000000
133114  -55.322  -8.512  18.521 0.0000000000
133115  -55.758  -8.546  18.226 0.0000000000
133116  -56.141  -8.605  17.915 0.0000000000
133117  -56.525  -8.682  17.577 0.0000000000
133118  -56.941  -8.802  17.213 0.0000000000
133119  -56.248  -8.048  17.333 0.0000000000
133120  -56.002  -7.315  17.170 0.0000000000
133121  -55.819  -6.524  17.077 0.0000000000
133122  -55.315  -5.529  17.809 0.0000000000
133123  -55.541  -5.628  17.438 0.0000000000
133124  -55.715  -5.682  17.032 0.0000000000
133125  -55.731  -4.872  17.185 0.0000000000
133126  -55.824  -4.114  17.428 0.0000000000
133127  -55.969  -3.376  17.761 0.0000000000
133128  -55.847  -2.542  20.484 0.0000000000
133129  -55.941  -2.524  20.102 0.0000000000
133130  -56.031  -2.508  19.787 0.0000000000
133131  -56.678  -1.320  20.996 0.0000000000
133132  -56.340  -1.875  20.229 0.0000000000
133133  -56.050  -2.520  19.432 0.0000000000
133134  -56.073  -2.558  19.016 0.0000000000
133135  -56.119  -2.614  18.544 0.0000000000
133136  -56.171  -2.675  18.131 0.0000000000
133137  -56.460  -2.053  18.405 0.0000000000
133138  -56.864  -1.464  18.605 0.0000000000
133139  -57.448  -0.907  18.785 0.0000000000
133140  -57.821  -0.260  19.999 0.0000000000
133141  -57.884  -0.344  19.415 0.0000000000
133142  -57.972  -0.415  18.903 0.0000000000
133143  -58.432  0.157  19.038 0.0000000000
138502  -62.726  -14.823  18.423 0.0000000000
138503  -62.440  -15.351  18.352 0.0000000000
138504  -62.567  -15.147  17.852 0.0000000000
138505  -62.390  -15.470  17.341 0.0000000000
138506  -62.171  -15.829  16.844 0.0000000000
138507  -62.649  -15.063  16.457 0.0000000000
138508  -62.251  -15.637  16.413 0.0000000000
138509  -61.831  -16.062  16.339 0.0000000000
138510  -61.442  -16.259  15.915 0.0000000000
138511  -60.986  -16.265  15.599 0.0000000000
138512  -60.525  -16.287  15.326 0.0000000000
138513  -62.806  -13.493  14.583 0.0000000000
138514  -62.422  -14.023  14.817 0.0000000000
138515  -62.000  -14.572  14.996 0.0000000000
138516  -61.474  -13.874  14.339 0.0000000000
138517  -61.525  -14.563  14.771 0.0000000000
138518  -61.522  -15.123  15.075 0.0000000000
138519  -61.005  -15.587  15.099 0.0000000000
138520  -60.509  -15.934  15.109 0.0000000000
138521  -59.970  -16.228  15.117 0.0000000000
138522  -59.376  -16.193  14.950 0.0000000000
138523  -58.766  -16.148  14.821 0.0000000000
138525  -58.725  -15.124  14.842 0.0000000000
138526  -58.122  -15.560  14.812 0.0000000000
138531  -61.343  -9.273  10.633 0.0000000000
138532  -61.214  -9.692  10.661 0.0000000000
138533  -60.988  -10.077  10.770 0.0000000000
138534  -60.316  -9.322  10.311 0.0000000000
138535  -60.505  -9.882  10.658 0.0000000000
138536  -60.705  -10.455  11.040 0.0000000000
138537  -60.352  -10.811  11.398 0.0000000000
138538  -59.923  -11.175  11.920 0.0000000000
138539  -59.469  -11.493  12.497 0.0000000000
138542  -58.383  -9.735  11.042 0.0000000000
138544  -57.917  -10.079  11.598 0.0000000000
138545  -58.593  -10.227  11.505 0.0000000000
138546  -58.750  -10.752  12.026 0.0000000000
138547  -58.904  -11.290  12.566 0.0000000000
138548  -59.058  -11.837  13.129 0.0000000000
138549  -58.640  -12.243  13.749 0.0000000000
138550  -58.219  -12.695  14.352 0.0000000000
139863  -49.826  -5.464  29.133 0.0000000000
139864  -49.265  -5.771  28.203 0.0000000000
139865  -48.785  -6.100  27.342 0.0000000000
139866  -49.673  -5.516  27.325 0.0000000000
139867  -48.990  -5.974  26.881 0.0000000000
139868  -48.369  -6.451  26.531 0.0000000000
139869  -48.032  -6.850  25.795 0.0000000000
139870  -47.805  -7.352  25.116 0.0000000000
139872  -48.080  -7.841  24.144 0.0000000000
139873  -48.388  -7.809  23.702 0.0000000000
139874  -48.705  -7.797  23.324 0.0000000000
139875  -49.122  -6.644  24.043 0.0000000000
139876  -49.020  -7.212  23.446 0.0000000000
139877  -49.061  -7.810  22.964 0.0000000000
139878  -49.436  -7.829  22.618 0.0000000000
139879  -49.827  -7.872  22.278 0.0000000000
139880  -50.186  -7.902  21.969 0.0000000000
139881  -50.400  -7.283  21.958 0.0000000000
139882  -50.699  -6.612  22.106 0.0000000000
139883  -51.056  -6.041  22.370 0.0000000000
139884  -50.980  -5.535  23.429 0.0000000000
139885  -51.245  -5.512  23.059 0.0000000000
139886  -51.504  -5.496  22.698 0.0000000000
139887  -52.063  -4.973  23.118 0.0000000000
139888  -52.641  -4.452  23.539 0.0000000000
139889  -53.252  -3.916  24.016 0.0000000000
139890  -52.833  -3.828  27.046 0.0000000000
139891  -52.979  -3.791  26.573 0.0000000000
139892  -53.150  -3.737  26.117 0.0000000000
139895  -53.333  -3.668  25.688 0.0000000000
144362  -52.123  -6.866  38.861 0.0000000000
144363  -53.003  -6.436  39.126 0.0000000000
144364  -52.655  -6.699  39.471 0.0000000000
144365  -53.026  -6.492  40.148 0.0000000000
144366  -53.396  -6.196  40.727 0.0000000000
144367  -52.420  -6.902  40.818 0.0000000000
144368  -53.087  -6.417  41.095 0.0000000000
144373  -51.143  -7.754  42.307 0.0000000000
144374  -51.860  -7.354  42.605 0.0000000000
144375  -52.449  -6.844  42.845 0.0000000000
144376  -52.387  -6.713  43.837 0.0000000000
144377  -52.662  -6.446  43.420 0.0000000000
144391  -48.787  -9.885  44.805 0.0000000000
144392  -49.491  -9.474  45.269 0.0000000000
144393  -50.154  -8.972  45.678 0.0000000000
144396  -50.786  -8.385  45.951 0.0000000000
144807  -39.996  -13.825  39.255 0.0000000000
144808  -39.548  -14.036  38.701 0.0000000000
144809  -39.078  -14.256  38.094 0.0000000000
144810  -40.292  -13.759  38.141 0.0000000000
144811  -39.469  -14.109  37.852 0.0000000000
144812  -38.692  -14.503  37.563 0.0000000000
144813  -38.277  -14.774  37.050 0.0000000000
144819  -39.681  -13.898  36.080 0.0000000000
144826  -41.136  -12.356  34.947 0.0000000000
144827  -41.902  -11.879  35.277 0.0000000000
144828  -42.032  -12.112  36.154 0.0000000000
144829  -42.347  -11.835  35.913 0.0000000000
144830  -42.679  -11.526  35.652 0.0000000000
144831  -43.510  -11.133  35.966 0.0000000000
144832  -44.376  -10.725  36.283 0.0000000000
144833  -45.207  -10.321  36.681 0.0000000000
144834  -44.151  -11.404  38.471 0.0000000000
144835  -44.458  -11.130  38.253 0.0000000000
144836  -44.788  -10.873  38.010 0.0000000000
144837  -46.127  -10.215  39.021 0.0000000000
144838  -45.612  -10.446  38.368 0.0000000000
144839  -45.105  -10.625  37.796 0.0000000000
144840  -45.407  -10.399  37.548 0.0000000000
144841  -45.706  -10.174  37.259 0.0000000000
144842  -46.027  -9.925  36.977 0.0000000000
144843  -46.850  -9.470  37.319 0.0000000000
144844  -47.655  -9.046  37.559 0.0000000000
144845  -48.491  -8.590  37.769 0.0000000000
144846  -48.760  -8.578  38.773 0.0000000000
144847  -49.065  -8.360  38.397 0.0000000000
144848  -49.383  -8.138  38.027 0.0000000000
144849  -50.225  -7.742  38.307 0.0000000000
144850  -51.136  -7.326  38.547 0.0000000000
146643  -62.088  -15.835  18.331 0.0000000000
146644  -61.664  -16.226  18.263 0.0000000000
146645  -61.130  -16.517  18.231 0.0000000000
146646  -61.022  -16.633  17.225 0.0000000000
146647  -60.789  -16.703  17.713 0.0000000000
146648  -60.537  -16.767  18.239 0.0000000000
146649  -59.866  -16.953  18.333 0.0000000000
146652  -59.191  -17.007  15.714 0.0000000000
149497  -53.884  -5.984  39.380 0.0000000000
150507  -61.469  -13.218  29.159 0.0000000000
150508  -61.078  -13.890  28.688 0.0000000000
150509  -60.677  -14.500  28.249 0.0000000000
150510  -61.107  -14.425  27.652 0.0000000000
150511  -60.716  -14.785  27.732 0.0000000000
150512  -60.263  -15.122  27.790 0.0000000000
150513  -59.778  -15.842  27.392 0.0000000000
150519  -60.105  -17.142  26.302 0.0000000000
150528  -60.530  -17.178  25.025 0.0000000000
150529  -60.348  -17.438  24.642 0.0000000000
150531  -60.302  -17.079  23.991 0.0000000000
150532  -60.555  -16.641  23.636 0.0000000000
150533  -60.788  -16.220  23.241 0.0000000000
150534  -61.676  -14.253  25.403 0.0000000000
150535  -61.532  -14.597  24.993 0.0000000000
150536  -61.440  -14.856  24.564 0.0000000000
150537  -62.059  -13.897  24.232 0.0000000000
150538  -61.676  -14.488  24.175 0.0000000000
150539  -61.351  -15.102  24.130 0.0000000000
150540  -61.323  -15.368  23.687 0.0000000000
150541  -61.207  -15.612  23.227 0.0000000000
150542  -61.025  -15.840  22.799 0.0000000000
150543  -61.307  -15.544  22.307 0.0000000000
150544  -61.636  -15.402  21.787 0.0000000000
150545  -61.941  -15.264  21.342 0.0000000000
150546  -62.365  -14.372  21.884 0.0000000000
150547  -62.276  -14.748  21.362 0.0000000000
150548  -62.172  -15.050  20.910 0.0000000000
150549  -62.367  -14.892  20.447 0.0000000000
150550  -62.547  -14.754  19.960 0.0000000000
150551  -62.722  -14.550  19.465 0.0000000000
150579  -51.337  -9.328  21.531 0.0000000000
150582  -52.876  -10.136  21.248 0.0000000000
150588  -54.778  -10.281  20.355 0.0000000000
150589  -55.094  -10.721  20.876 0.0000000000
150590  -55.367  -11.063  21.464 0.0000000000
150591  -56.849  -11.228  21.670 0.0000000000
150592  -56.293  -11.270  21.888 0.0000000000
150605  -61.851  -8.754  26.360 0.0000000000
150606  -62.167  -8.908  25.965 0.0000000000
150607  -62.470  -9.098  25.568 0.0000000000
150608  -62.744  -9.368  25.115 0.0000000000
150609  -62.273  -8.946  24.452 0.0000000000
150610  -62.690  -9.255  24.585 0.0000000000
150611  -62.992  -9.698  24.673 0.0000000000
150612  -63.196  -10.103  24.212 0.0000000000
150613  -63.351  -10.509  23.791 0.0000000000
150614  -63.425  -10.936  23.277 0.0000000000
150615  -61.688  -9.388  21.986 0.0000000000
150616  -62.272  -9.249  22.179 0.0000000000
150617  -62.747  -9.315  22.360 0.0000000000
150618  -62.910  -9.536  21.293 0.0000000000
150619  -63.037  -9.561  21.889 0.0000000000
150620  -63.102  -9.603  22.524 0.0000000000
150621  -63.383  -10.051  22.618 0.0000000000
150622  -63.476  -10.697  22.701 0.0000000000
150623  -63.464  -11.352  22.730 0.0000000000
150624  -63.437  -11.724  22.181 0.0000000000
150625  -63.349  -12.158  21.646 0.0000000000
150626  -63.277  -12.614  21.098 0.0000000000
150627  -63.594  -11.795  20.491 0.0000000000
150628  -63.426  -12.400  20.552 0.0000000000
150629  -63.207  -13.057  20.541 0.0000000000
150630  -63.107  -13.532  19.979 0.0000000000
150631  -62.973  -13.942  19.430 0.0000000000
150632  -62.823  -14.334  18.889 0.0000000000
150633  -63.023  -14.137  18.391 0.0000000000
150634  -63.178  -13.999  17.881 0.0000000000
150635  -63.307  -13.820  17.375 0.0000000000
150636  -63.604  -12.750  17.760 0.0000000000
150637  -63.532  -13.150  17.279 0.0000000000
150638  -63.423  -13.560  16.872 0.0000000000
150639  -63.515  -13.311  16.361 0.0000000000
150640  -63.531  -13.037  15.826 0.0000000000
150641  -63.520  -12.697  15.301 0.0000000000
150642  -63.228  -10.184  17.416 0.0000000000
150643  -63.425  -10.497  16.965 0.0000000000
150644  -63.539  -10.846  16.492 0.0000000000
150645  -63.056  -10.127  16.003 0.0000000000
150646  -63.382  -10.640  15.992 0.0000000000
150647  -63.593  -11.239  16.014 0.0000000000
150648  -63.614  -11.692  15.585 0.0000000000
150649  -63.572  -12.019  15.159 0.0000000000
150650  -63.475  -12.313  14.764 0.0000000000
150651  -63.391  -11.889  14.201 0.0000000000
150652  -63.244  -11.465  13.570 0.0000000000
150653  -63.040  -11.050  12.998 0.0000000000
150654  -62.936  -10.324  13.401 0.0000000000
150655  -62.923  -10.483  12.930 0.0000000000
150656  -62.831  -10.623  12.476 0.0000000000
150657  -62.577  -10.159  12.038 0.0000000000
150658  -62.242  -9.631  11.712 0.0000000000
150659  -61.844  -9.065  11.413 0.0000000000
150660  -57.305  -8.844  16.875 0.0000000000
150661  -57.703  -8.895  16.533 0.0000000000
150662  -58.132  -8.962  16.188 0.0000000000
150663  -57.034  -7.691  16.080 0.0000000000
150664  -57.764  -8.423  15.907 0.0000000000
150665  -58.635  -9.011  15.789 0.0000000000
150666  -59.128  -8.992  15.358 0.0000000000
150667  -59.598  -8.906  14.925 0.0000000000
150668  -60.039  -8.781  14.523 0.0000000000
150669  -56.313  -4.592  16.153 0.0000000000
150670  -56.642  -5.575  15.503 0.0000000000
150671  -57.170  -6.384  15.164 0.0000000000
150672  -57.280  -5.784  14.837 0.0000000000
150673  -57.552  -6.461  14.806 0.0000000000
150674  -57.844  -7.141  14.854 0.0000000000
150675  -58.653  -7.798  14.547 0.0000000000
150676  -59.540  -8.313  14.282 0.0000000000
150677  -60.443  -8.621  14.130 0.0000000000
150678  -60.782  -8.485  13.735 0.0000000000
150679  -61.060  -8.383  13.320 0.0000000000
150680  -61.294  -8.411  12.880 0.0000000000
150681  -60.209  -7.477  13.018 0.0000000000
150682  -60.885  -7.942  12.721 0.0000000000
150683  -61.435  -8.425  12.445 0.0000000000
150684  -61.511  -8.440  12.013 0.0000000000
150685  -61.547  -8.529  11.577 0.0000000000
150686  -61.495  -8.553  11.178 0.0000000000
150687  -61.163  -8.073  11.028 0.0000000000
150688  -60.834  -7.621  10.930 0.0000000000
150689  -60.477  -7.176  10.872 0.0000000000
150690  -59.947  -6.657  11.673 0.0000000000
150691  -60.034  -6.697  11.257 0.0000000000
150692  -60.069  -6.704  10.842 0.0000000000
150693  -59.644  -6.256  10.758 0.0000000000
150696  -57.879  -4.097  13.472 0.0000000000
150697  -58.022  -4.264  13.048 0.0000000000
150698  -58.140  -4.409  12.643 0.0000000000
