#!ascii label  , from subject fsaverage vox2ras=TkReg
651
97  15.622  -42.157  57.546 0.0000000000
482  7.893  -49.636  58.563 0.0000000000
1017  16.728  -42.515  52.964 0.0000000000
1056  10.494  -48.377  61.937 0.0000000000
1057  12.843  -47.254  58.345 0.0000000000
1058  10.020  -49.041  55.164 0.0000000000
1546  12.652  -38.651  59.135 0.0000000000
1547  14.327  -38.001  55.039 0.0000000000
2093  6.994  -51.632  61.144 0.0000000000
2094  9.108  -53.319  57.055 0.0000000000
2095  7.601  -51.634  55.143 0.0000000000
2935  15.641  -44.404  56.313 0.0000000000
2937  16.136  -42.320  55.274 0.0000000000
2975  15.168  -42.751  59.552 0.0000000000
2977  14.892  -45.014  58.150 0.0000000000
2978  13.971  -46.798  56.546 0.0000000000
4489  15.351  -37.952  52.961 0.0000000000
4603  9.118  -49.094  60.255 0.0000000000
4604  7.742  -49.715  61.899 0.0000000000
4605  6.889  -50.383  60.001 0.0000000000
4606  7.973  -52.246  58.990 0.0000000000
4607  7.439  -51.465  57.796 0.0000000000
4608  8.588  -52.453  56.014 0.0000000000
4609  7.184  -50.532  56.801 0.0000000000
4611  7.857  -48.949  54.057 0.0000000000
6508  11.741  -47.788  60.110 0.0000000000
6509  10.481  -48.779  58.367 0.0000000000
6510  9.022  -49.379  56.807 0.0000000000
6511  11.645  -48.368  56.695 0.0000000000
7444  14.656  -39.973  58.594 0.0000000000
7445  15.219  -39.958  56.405 0.0000000000
7446  13.449  -38.277  57.097 0.0000000000
8706  15.951  -40.019  54.192 0.0000000000
8707  16.733  -40.185  51.925 0.0000000000
8845  9.163  -49.117  63.555 0.0000000000
8846  7.288  -50.818  63.474 0.0000000000
8848  8.620  -52.945  59.803 0.0000000000
8852  9.034  -54.120  54.511 0.0000000000
8853  8.471  -52.721  53.685 0.0000000000
8854  7.506  -49.661  55.677 0.0000000000
8855  6.822  -50.715  54.186 0.0000000000
10615  15.742  -43.329  56.949 0.0000000000
10616  16.003  -43.401  55.785 0.0000000000
10617  15.888  -42.254  56.378 0.0000000000
10655  15.439  -42.415  58.553 0.0000000000
10656  15.146  -43.939  58.854 0.0000000000
10657  15.463  -43.644  57.908 0.0000000000
10658  15.280  -44.678  57.203 0.0000000000
12283  8.479  -49.341  59.391 0.0000000000
12284  7.781  -49.573  60.287 0.0000000000
12285  7.306  -49.912  59.350 0.0000000000
12286  6.997  -50.899  58.889 0.0000000000
12287  7.053  -50.416  58.284 0.0000000000
12288  7.267  -50.982  57.303 0.0000000000
12289  7.485  -50.025  57.682 0.0000000000
14683  13.514  -46.537  59.210 0.0000000000
14684  12.943  -46.808  60.103 0.0000000000
14685  12.318  -47.523  59.225 0.0000000000
14686  11.119  -48.329  59.199 0.0000000000
14687  11.751  -48.107  58.368 0.0000000000
14688  11.080  -48.619  57.574 0.0000000000
14689  12.247  -47.868  57.498 0.0000000000
14691  13.288  -47.480  55.724 0.0000000000
16360  13.733  -39.179  58.919 0.0000000000
16361  14.112  -39.105  57.845 0.0000000000
16362  13.059  -38.486  58.122 0.0000000000
16490  12.634  -38.870  60.168 0.0000000000
16492  13.708  -39.398  59.916 0.0000000000
16493  14.575  -40.224  59.599 0.0000000000
19218  14.784  -38.873  55.743 0.0000000000
19219  15.549  -39.954  55.292 0.0000000000
19220  15.261  -38.900  54.680 0.0000000000
19221  15.855  -37.965  51.887 0.0000000000
19222  16.163  -39.010  52.472 0.0000000000
19563  11.261  -47.830  62.661 0.0000000000
19565  9.824  -48.750  62.740 0.0000000000
19566  6.981  -50.671  61.721 0.0000000000
19567  7.363  -50.261  62.721 0.0000000000
19568  7.019  -51.295  62.354 0.0000000000
19569  7.286  -51.772  62.975 0.0000000000
19570  7.360  -52.043  61.673 0.0000000000
19572  7.708  -52.296  60.513 0.0000000000
19573  8.632  -52.705  58.010 0.0000000000
19574  8.891  -53.089  58.416 0.0000000000
19575  9.247  -53.800  57.468 0.0000000000
19579  9.320  -54.219  56.188 0.0000000000
19580  8.155  -52.033  55.516 0.0000000000
19581  8.924  -53.081  55.231 0.0000000000
19582  8.592  -52.594  54.767 0.0000000000
19583  8.896  -53.437  54.085 0.0000000000
19584  8.037  -52.115  54.300 0.0000000000
19585  9.570  -49.225  55.972 0.0000000000
19586  8.254  -49.535  56.167 0.0000000000
19587  8.648  -49.314  55.327 0.0000000000
19588  6.838  -49.014  53.553 0.0000000000
19589  6.819  -49.511  54.316 0.0000000000
19590  6.579  -50.062  53.651 0.0000000000
19591  7.313  -51.234  53.444 0.0000000000
23716  16.271  -43.431  54.629 0.0000000000
23717  16.403  -42.367  54.182 0.0000000000
23789  14.056  -46.233  58.313 0.0000000000
23790  13.444  -47.000  57.477 0.0000000000
23791  14.540  -45.933  57.465 0.0000000000
26508  13.599  -37.200  54.306 0.0000000000
26509  14.821  -37.953  54.030 0.0000000000
26510  14.197  -37.104  53.326 0.0000000000
26715  9.770  -48.769  61.039 0.0000000000
26716  9.064  -49.087  61.940 0.0000000000
26717  8.388  -49.332  61.099 0.0000000000
26718  7.168  -49.954  61.017 0.0000000000
26719  6.812  -50.968  60.590 0.0000000000
26720  7.337  -51.912  60.026 0.0000000000
26721  7.085  -51.435  59.500 0.0000000000
26722  7.658  -51.889  58.420 0.0000000000
26723  8.302  -52.351  57.468 0.0000000000
26724  8.916  -52.911  56.618 0.0000000000
26725  8.045  -51.968  56.920 0.0000000000
26726  7.667  -51.563  56.351 0.0000000000
26727  7.278  -51.098  55.955 0.0000000000
26728  10.313  -48.708  54.313 0.0000000000
26729  8.982  -49.054  54.552 0.0000000000
30539  11.828  -47.464  61.838 0.0000000000
30541  12.410  -47.115  60.994 0.0000000000
30542  11.123  -48.088  61.050 0.0000000000
30543  10.452  -48.522  60.143 0.0000000000
30544  9.807  -48.926  59.299 0.0000000000
30545  9.123  -49.177  58.487 0.0000000000
30546  8.504  -49.484  57.662 0.0000000000
30547  9.770  -49.111  57.574 0.0000000000
30548  10.354  -48.943  56.740 0.0000000000
30549  10.881  -48.773  55.887 0.0000000000
30550  12.777  -47.657  56.608 0.0000000000
30551  12.053  -48.193  55.788 0.0000000000
30552  11.278  -48.534  55.039 0.0000000000
32818  15.282  -41.034  58.107 0.0000000000
32819  15.529  -41.056  56.973 0.0000000000
32820  14.935  -39.970  57.495 0.0000000000
32821  14.437  -38.964  56.781 0.0000000000
32822  13.877  -38.104  56.086 0.0000000000
32823  12.291  -37.807  57.360 0.0000000000
32824  12.666  -37.538  56.342 0.0000000000
32825  13.111  -37.358  55.301 0.0000000000
32986  14.952  -41.555  60.142 0.0000000000
32987  15.134  -41.284  59.126 0.0000000000
36366  15.801  -41.094  55.857 0.0000000000
36367  16.083  -41.142  54.763 0.0000000000
36368  16.457  -41.278  53.614 0.0000000000
36369  15.718  -38.952  53.598 0.0000000000
36370  16.347  -40.134  53.044 0.0000000000
36371  16.801  -41.367  52.422 0.0000000000
36784  8.386  -49.430  62.768 0.0000000000
36785  7.972  -49.860  63.669 0.0000000000
36793  8.335  -52.656  59.429 0.0000000000
36802  9.223  -53.662  55.738 0.0000000000
36803  9.162  -54.740  54.985 0.0000000000
36808  7.862  -49.752  56.961 0.0000000000
36809  7.286  -50.055  56.290 0.0000000000
36810  7.058  -50.563  55.544 0.0000000000
36811  7.668  -49.299  54.812 0.0000000000
36812  6.842  -50.057  55.014 0.0000000000
36813  7.157  -51.130  54.751 0.0000000000
36814  7.649  -51.717  53.961 0.0000000000
36815  8.209  -52.209  53.134 0.0000000000
41335  15.703  -42.744  57.252 0.0000000000
41336  15.846  -42.790  56.660 0.0000000000
41337  15.769  -42.196  56.952 0.0000000000
41375  15.531  -42.297  58.059 0.0000000000
41376  15.478  -43.069  58.244 0.0000000000
41377  15.616  -42.898  57.748 0.0000000000
41378  15.610  -43.457  57.415 0.0000000000
43003  8.145  -49.468  58.970 0.0000000000
43004  7.842  -49.570  59.426 0.0000000000
43005  7.597  -49.748  58.976 0.0000000000
43006  7.143  -50.141  58.862 0.0000000000
43007  7.405  -49.955  58.496 0.0000000000
43008  7.249  -50.177  57.990 0.0000000000
43009  7.682  -49.814  58.132 0.0000000000
45403  13.187  -46.923  58.803 0.0000000000
45404  12.896  -47.012  59.232 0.0000000000
45405  12.581  -47.362  58.802 0.0000000000
45406  12.025  -47.837  58.774 0.0000000000
45407  12.325  -47.667  58.403 0.0000000000
45408  12.026  -47.960  57.964 0.0000000000
45409  12.528  -47.554  57.915 0.0000000000
47080  13.214  -38.887  59.046 0.0000000000
47081  13.410  -38.857  58.511 0.0000000000
47082  12.866  -38.591  58.624 0.0000000000
47210  12.662  -38.761  59.655 0.0000000000
47211  13.190  -39.106  60.029 0.0000000000
47212  13.213  -38.993  59.550 0.0000000000
47213  13.737  -39.282  59.436 0.0000000000
49938  14.592  -38.436  55.409 0.0000000000
49939  15.021  -38.885  55.204 0.0000000000
49940  14.834  -38.430  54.865 0.0000000000
49942  16.278  -38.495  51.676 0.0000000000
50283  10.854  -48.147  62.287 0.0000000000
50284  10.525  -48.349  62.702 0.0000000000
50285  10.138  -48.571  62.319 0.0000000000
50286  6.859  -51.169  61.436 0.0000000000
50287  6.977  -51.019  62.024 0.0000000000
50288  6.973  -51.500  61.743 0.0000000000
50289  7.145  -51.689  62.011 0.0000000000
50290  7.160  -51.838  61.393 0.0000000000
50291  7.478  -52.170  61.079 0.0000000000
50292  7.235  -51.977  60.819 0.0000000000
50293  8.894  -52.982  57.525 0.0000000000
50294  8.987  -53.197  57.699 0.0000000000
50295  9.197  -53.560  57.266 0.0000000000
50296  9.336  -54.249  57.043 0.0000000000
50297  9.321  -54.030  56.815 0.0000000000
50298  9.355  -54.496  56.435 0.0000000000
50299  9.263  -53.769  56.597 0.0000000000
50300  7.847  -51.802  55.350 0.0000000000
50301  8.360  -52.253  55.143 0.0000000000
50302  8.070  -52.056  54.905 0.0000000000
50303  8.344  -52.367  54.517 0.0000000000
50304  7.758  -51.863  54.697 0.0000000000
50305  9.832  -49.150  55.573 0.0000000000
50306  9.122  -49.294  55.633 0.0000000000
50307  9.318  -49.208  55.226 0.0000000000
50309  6.517  -49.462  53.655 0.0000000000
50310  6.491  -49.785  53.325 0.0000000000
50311  6.721  -50.374  53.298 0.0000000000
54882  15.768  -44.456  55.708 0.0000000000
54883  16.092  -42.845  55.521 0.0000000000
54884  16.123  -43.402  55.217 0.0000000000
54885  16.223  -42.880  54.957 0.0000000000
54886  16.354  -42.968  54.398 0.0000000000
54887  16.286  -42.392  54.732 0.0000000000
55003  15.041  -44.501  58.510 0.0000000000
55005  14.711  -45.147  58.640 0.0000000000
55006  14.315  -45.798  58.704 0.0000000000
55007  14.534  -45.629  58.243 0.0000000000
55008  14.326  -46.069  57.890 0.0000000000
55009  14.726  -45.482  57.809 0.0000000000
55010  15.487  -44.551  56.757 0.0000000000
55011  15.149  -45.176  56.849 0.0000000000
59539  13.935  -37.149  53.818 0.0000000000
59883  9.400  -48.947  60.634 0.0000000000
59884  9.043  -49.094  61.070 0.0000000000
59885  8.717  -49.241  60.664 0.0000000000
59886  7.237  -49.900  60.176 0.0000000000
59887  7.446  -49.715  60.648 0.0000000000
59888  7.005  -50.123  60.528 0.0000000000
59889  6.850  -50.425  60.878 0.0000000000
59890  6.789  -50.656  60.302 0.0000000000
59891  6.902  -51.195  60.048 0.0000000000
59892  6.868  -50.892  59.758 0.0000000000
59893  7.200  -51.187  58.384 0.0000000000
59894  7.266  -51.417  58.599 0.0000000000
59895  7.532  -51.681  58.125 0.0000000000
59896  7.975  -52.113  57.952 0.0000000000
59897  7.840  -51.930  57.652 0.0000000000
59898  8.169  -52.176  57.211 0.0000000000
59899  7.743  -51.712  57.370 0.0000000000
59900  7.180  -50.755  57.044 0.0000000000
59901  7.435  -51.290  56.803 0.0000000000
59902  7.221  -51.018  56.606 0.0000000000
59903  7.430  -51.358  56.168 0.0000000000
59904  7.192  -50.797  56.396 0.0000000000
67086  12.352  -47.355  60.092 0.0000000000
67087  12.640  -46.983  60.525 0.0000000000
67088  12.102  -47.471  60.589 0.0000000000
67089  11.762  -47.659  61.048 0.0000000000
67090  11.438  -47.945  60.606 0.0000000000
67091  10.784  -48.309  60.612 0.0000000000
67092  11.116  -48.194  60.135 0.0000000000
67093  10.806  -48.563  58.772 0.0000000000
67094  10.477  -48.666  59.238 0.0000000000
67095  10.160  -48.859  58.822 0.0000000000
67096  9.498  -49.057  58.885 0.0000000000
67097  9.842  -49.009  58.407 0.0000000000
67098  9.454  -49.142  58.034 0.0000000000
67099  10.139  -48.960  57.977 0.0000000000
67100  11.379  -48.484  57.123 0.0000000000
67101  10.731  -48.788  57.146 0.0000000000
67102  11.017  -48.662  56.724 0.0000000000
67103  10.623  -48.855  56.306 0.0000000000
67104  11.276  -48.595  56.290 0.0000000000
67105  13.728  -46.893  57.012 0.0000000000
67106  13.110  -47.344  57.031 0.0000000000
67107  13.391  -47.256  56.580 0.0000000000
67109  12.666  -47.844  55.764 0.0000000000
67110  12.268  -48.096  55.376 0.0000000000
67111  11.673  -48.382  55.410 0.0000000000
67112  11.897  -48.245  55.010 0.0000000000
67113  11.459  -48.397  54.638 0.0000000000
72115  15.002  -40.500  58.366 0.0000000000
72116  15.142  -40.477  57.807 0.0000000000
72117  14.787  -39.949  58.044 0.0000000000
72118  13.769  -38.663  57.457 0.0000000000
72119  14.252  -39.011  57.315 0.0000000000
72120  13.957  -38.589  56.943 0.0000000000
72121  14.186  -38.520  56.441 0.0000000000
72122  13.667  -38.164  56.599 0.0000000000
72124  12.073  -37.917  57.866 0.0000000000
72129  12.873  -37.443  55.822 0.0000000000
72514  14.726  -40.996  60.395 0.0000000000
72515  14.632  -40.123  59.091 0.0000000000
72516  14.919  -40.712  59.373 0.0000000000
72517  14.955  -40.624  58.857 0.0000000000
72518  15.235  -41.174  58.615 0.0000000000
80688  15.417  -40.529  56.687 0.0000000000
80689  15.666  -41.097  56.419 0.0000000000
80690  15.535  -40.518  56.138 0.0000000000
80691  15.744  -39.987  54.776 0.0000000000
80692  15.845  -40.545  55.031 0.0000000000
80693  16.039  -40.615  54.488 0.0000000000
80694  16.280  -41.248  54.195 0.0000000000
80695  16.218  -40.629  53.906 0.0000000000
80696  15.085  -37.936  53.500 0.0000000000
80697  15.306  -38.427  53.827 0.0000000000
80698  15.557  -38.431  53.306 0.0000000000
80699  16.489  -39.596  52.200 0.0000000000
80700  16.254  -39.554  52.729 0.0000000000
80701  16.526  -40.156  52.472 0.0000000000
80702  16.599  -40.758  52.733 0.0000000000
80703  16.766  -40.782  52.173 0.0000000000
81726  9.897  -48.717  63.539 0.0000000000
81730  8.898  -49.287  64.003 0.0000000000
81731  8.350  -49.372  61.939 0.0000000000
81732  8.746  -49.229  62.346 0.0000000000
81733  8.066  -49.572  62.337 0.0000000000
81734  7.286  -50.532  63.102 0.0000000000
81735  7.634  -50.061  63.206 0.0000000000
81736  7.476  -50.309  63.589 0.0000000000
81737  7.796  -50.056  64.092 0.0000000000
81738  7.455  -50.576  64.008 0.0000000000
81740  7.336  -51.076  63.841 0.0000000000
81748  8.341  -52.690  60.435 0.0000000000
81753  7.640  -52.069  59.504 0.0000000000
81754  7.794  -52.265  59.745 0.0000000000
81755  8.138  -52.448  59.257 0.0000000000
81756  9.174  -53.613  58.076 0.0000000000
81757  8.976  -53.310  58.602 0.0000000000
81775  8.742  -52.669  56.341 0.0000000000
81776  9.124  -53.247  56.181 0.0000000000
81777  8.952  -53.000  55.912 0.0000000000
81778  9.046  -53.583  54.851 0.0000000000
81779  9.138  -53.890  55.090 0.0000000000
81780  9.097  -54.447  54.756 0.0000000000
81785  8.679  -53.058  53.877 0.0000000000
81786  8.853  -53.921  53.694 0.0000000000
81787  8.743  -53.519  53.528 0.0000000000
81789  8.635  -53.156  53.349 0.0000000000
81790  8.754  -49.411  57.239 0.0000000000
81791  8.166  -49.625  57.337 0.0000000000
81792  8.395  -49.570  56.837 0.0000000000
81793  7.884  -49.575  55.937 0.0000000000
81794  7.727  -49.724  56.285 0.0000000000
81795  7.390  -49.838  56.012 0.0000000000
81796  7.134  -50.300  55.912 0.0000000000
81797  7.117  -50.030  55.654 0.0000000000
81798  8.430  -49.001  54.302 0.0000000000
81799  8.287  -49.137  54.686 0.0000000000
81800  7.748  -49.123  54.432 0.0000000000
81801  6.716  -50.049  54.276 0.0000000000
81802  6.874  -49.762  54.665 0.0000000000
81803  6.759  -50.371  54.612 0.0000000000
81804  6.855  -50.588  54.931 0.0000000000
81805  6.959  -50.938  54.492 0.0000000000
81806  7.374  -51.430  54.352 0.0000000000
81807  7.206  -51.250  54.096 0.0000000000
81808  7.640  -51.455  53.072 0.0000000000
81809  7.784  -51.716  53.288 0.0000000000
81810  8.110  -51.966  52.895 0.0000000000
92833  15.710  -43.887  56.643 0.0000000000
92834  15.836  -43.924  56.046 0.0000000000
92835  15.863  -43.362  56.358 0.0000000000
92836  15.967  -42.827  56.082 0.0000000000
92837  16.013  -42.278  55.820 0.0000000000
92905  15.296  -42.551  59.072 0.0000000000
92906  15.182  -43.357  59.216 0.0000000000
92907  15.331  -43.154  58.756 0.0000000000
92908  15.308  -43.746  58.414 0.0000000000
92909  15.224  -44.324  58.052 0.0000000000
92910  15.115  -44.857  57.694 0.0000000000
92911  15.398  -44.156  57.570 0.0000000000
92912  15.566  -44.013  57.090 0.0000000000
95835  8.805  -49.220  59.832 0.0000000000
95836  8.427  -49.357  60.267 0.0000000000
95837  8.144  -49.457  59.860 0.0000000000
95838  7.524  -49.713  59.821 0.0000000000
95839  7.058  -50.127  59.666 0.0000000000
95840  6.872  -50.624  59.393 0.0000000000
95841  6.925  -50.426  59.131 0.0000000000
95842  7.008  -50.682  58.615 0.0000000000
95843  7.157  -50.928  58.078 0.0000000000
95844  7.361  -51.188  57.570 0.0000000000
95845  7.128  -50.692  57.790 0.0000000000
95846  7.197  -50.480  57.506 0.0000000000
95847  7.264  -50.297  57.205 0.0000000000
100155  13.766  -46.145  59.640 0.0000000000
100156  13.523  -46.289  60.105 0.0000000000
100157  13.247  -46.633  59.685 0.0000000000
100158  12.635  -47.170  59.678 0.0000000000
100159  12.056  -47.659  59.705 0.0000000000
100160  11.421  -48.071  59.648 0.0000000000
100161  11.732  -47.947  59.237 0.0000000000
100162  11.423  -48.208  58.780 0.0000000000
100163  11.123  -48.452  58.348 0.0000000000
100164  10.788  -48.703  57.977 0.0000000000
100165  11.443  -48.362  57.979 0.0000000000
100166  11.707  -48.243  57.537 0.0000000000
100167  11.971  -48.126  57.093 0.0000000000
100169  13.642  -47.169  56.140 0.0000000000
103174  14.221  -39.532  58.767 0.0000000000
103175  14.390  -39.517  58.222 0.0000000000
103176  13.949  -39.164  58.365 0.0000000000
103177  13.611  -38.771  57.985 0.0000000000
103178  13.288  -38.375  57.602 0.0000000000
103410  13.203  -39.230  60.581 0.0000000000
103411  13.714  -39.549  60.451 0.0000000000
103412  14.166  -39.934  60.295 0.0000000000
103413  14.544  -40.373  60.110 0.0000000000
103414  14.170  -39.783  59.776 0.0000000000
103415  14.253  -39.669  59.298 0.0000000000
108318  15.004  -39.398  56.081 0.0000000000
108319  15.368  -39.932  55.857 0.0000000000
108320  15.195  -39.375  55.530 0.0000000000
108321  15.410  -39.411  54.992 0.0000000000
108322  15.649  -39.443  54.484 0.0000000000
108323  15.585  -37.951  52.422 0.0000000000
108324  15.787  -38.459  52.731 0.0000000000
108325  16.042  -38.476  52.176 0.0000000000
108326  16.411  -39.049  51.951 0.0000000000
108327  16.715  -39.624  51.667 0.0000000000
108941  10.930  -48.061  63.085 0.0000000000
108942  10.198  -48.554  63.138 0.0000000000
108943  9.491  -48.928  63.155 0.0000000000
108944  7.254  -50.157  61.866 0.0000000000
108945  7.515  -49.983  62.324 0.0000000000
108946  7.157  -50.486  62.235 0.0000000000
108947  7.115  -50.773  62.578 0.0000000000
108948  7.149  -51.044  62.929 0.0000000000
108949  7.225  -51.323  63.265 0.0000000000
108950  7.181  -51.538  62.663 0.0000000000
108951  7.314  -51.924  62.329 0.0000000000
108952  7.569  -52.176  61.962 0.0000000000
108954  7.730  -52.322  61.332 0.0000000000
108955  7.932  -52.442  60.767 0.0000000000
108956  8.188  -52.565  60.235 0.0000000000
108957  8.315  -52.461  58.522 0.0000000000
108958  8.521  -52.675  58.738 0.0000000000
108959  8.759  -52.899  58.190 0.0000000000
108960  9.075  -53.394  57.880 0.0000000000
108961  9.289  -54.005  57.650 0.0000000000
108970  8.410  -52.252  55.719 0.0000000000
108971  8.773  -52.729  55.612 0.0000000000
108972  8.596  -52.484  55.366 0.0000000000
108973  8.775  -52.816  55.015 0.0000000000
108974  8.950  -53.257  54.653 0.0000000000
108975  9.010  -53.766  54.308 0.0000000000
108976  8.795  -52.996  54.403 0.0000000000
108977  8.543  -52.698  54.180 0.0000000000
108978  8.269  -52.386  53.989 0.0000000000
108979  9.290  -49.298  56.393 0.0000000000
108980  8.609  -49.483  56.470 0.0000000000
108981  8.885  -49.387  56.054 0.0000000000
108982  8.495  -49.431  55.752 0.0000000000
108983  8.058  -49.442  55.473 0.0000000000
108984  7.303  -48.924  53.810 0.0000000000
108985  7.254  -49.137  54.193 0.0000000000
108986  6.831  -49.240  53.931 0.0000000000
108987  6.608  -49.761  53.990 0.0000000000
108988  6.689  -50.359  53.912 0.0000000000
108989  7.023  -51.013  53.810 0.0000000000
108990  6.803  -50.673  53.582 0.0000000000
108991  7.163  -50.926  53.228 0.0000000000
108992  7.525  -51.199  52.835 0.0000000000
116772  15.969  -43.942  55.477 0.0000000000
116773  16.110  -43.948  54.900 0.0000000000
116775  16.389  -43.541  54.051 0.0000000000
116776  16.487  -42.939  53.858 0.0000000000
116777  16.573  -42.387  53.579 0.0000000000
116943  14.032  -45.995  59.153 0.0000000000
116944  13.780  -46.405  58.761 0.0000000000
116945  13.462  -46.784  58.359 0.0000000000
116946  13.135  -47.120  57.913 0.0000000000
116947  13.768  -46.628  57.919 0.0000000000
116948  14.041  -46.497  57.459 0.0000000000
116949  14.274  -46.386  56.982 0.0000000000
116950  14.941  -45.351  57.345 0.0000000000
116951  14.734  -45.817  56.977 0.0000000000
119287  12.046  -38.484  59.266 0.0000000000
119288  12.277  -38.362  58.721 0.0000000000
123288  13.988  -37.585  54.682 0.0000000000
123289  14.553  -37.950  54.543 0.0000000000
123290  14.289  -37.563  54.186 0.0000000000
123291  14.561  -37.519  53.673 0.0000000000
123292  14.838  -37.520  53.186 0.0000000000
123295  15.088  -37.501  52.646 0.0000000000
123771  10.142  -48.585  61.475 0.0000000000
123772  9.774  -48.769  61.906 0.0000000000
123773  9.423  -48.954  61.474 0.0000000000
123774  8.740  -49.220  61.519 0.0000000000
123775  7.994  -49.501  61.520 0.0000000000
123776  8.057  -49.447  60.697 0.0000000000
123777  7.669  -49.612  61.084 0.0000000000
123778  7.408  -49.844  61.460 0.0000000000
123779  7.026  -50.288  61.375 0.0000000000
123780  6.847  -50.794  61.121 0.0000000000
123781  6.912  -51.324  60.865 0.0000000000
123782  7.101  -51.753  60.569 0.0000000000
123783  7.028  -51.496  60.318 0.0000000000
123784  7.200  -51.702  59.781 0.0000000000
123785  7.476  -51.881  59.244 0.0000000000
123786  7.032  -51.146  59.171 0.0000000000
123787  7.344  -51.673  58.923 0.0000000000
123788  7.802  -52.092  58.719 0.0000000000
123789  8.156  -52.300  58.201 0.0000000000
123790  8.514  -52.500  57.757 0.0000000000
123791  8.778  -52.762  57.308 0.0000000000
123792  9.004  -53.096  56.852 0.0000000000
123793  8.638  -52.617  57.052 0.0000000000
123794  8.485  -52.416  56.758 0.0000000000
123795  8.346  -52.236  56.454 0.0000000000
123796  7.618  -51.476  57.093 0.0000000000
123797  7.888  -51.767  56.620 0.0000000000
123798  8.151  -52.029  56.162 0.0000000000
123799  7.917  -51.817  55.921 0.0000000000
123800  7.637  -51.582  55.757 0.0000000000
123801  7.453  -51.378  55.573 0.0000000000
123802  10.124  -48.871  54.711 0.0000000000
123803  9.512  -49.101  54.819 0.0000000000
123804  9.615  -48.902  54.399 0.0000000000
123805  9.127  -48.905  54.143 0.0000000000
123806  8.561  -48.849  53.882 0.0000000000
133354  11.503  -47.696  62.280 0.0000000000
133355  11.166  -47.978  61.902 0.0000000000
133359  13.232  -46.439  60.494 0.0000000000
133362  12.086  -47.331  61.426 0.0000000000
133363  11.476  -47.803  61.449 0.0000000000
133364  10.847  -48.221  61.509 0.0000000000
133365  10.466  -48.420  61.050 0.0000000000
133366  10.103  -48.631  60.616 0.0000000000
133367  9.770  -48.823  60.188 0.0000000000
133368  10.803  -48.419  59.631 0.0000000000
133369  10.128  -48.732  59.710 0.0000000000
133370  9.470  -48.973  59.764 0.0000000000
133371  9.137  -49.101  59.358 0.0000000000
133372  8.787  -49.237  58.950 0.0000000000
133373  8.461  -49.378  58.543 0.0000000000
133374  8.201  -49.522  58.151 0.0000000000
133375  8.797  -49.322  58.079 0.0000000000
133376  9.101  -49.274  57.635 0.0000000000
133377  9.420  -49.248  57.180 0.0000000000
133378  10.429  -48.893  57.561 0.0000000000
133379  10.075  -49.045  57.152 0.0000000000
133380  9.697  -49.175  56.762 0.0000000000
133381  9.963  -49.091  56.348 0.0000000000
133382  10.230  -49.020  55.927 0.0000000000
133383  10.471  -48.925  55.524 0.0000000000
133384  12.810  -47.456  57.470 0.0000000000
133385  12.493  -47.771  57.032 0.0000000000
133386  12.197  -48.037  56.631 0.0000000000
133387  13.038  -47.566  56.165 0.0000000000
133388  12.426  -47.950  56.191 0.0000000000
133389  11.862  -48.282  56.238 0.0000000000
133390  11.487  -48.493  55.846 0.0000000000
133391  11.066  -48.659  55.452 0.0000000000
133392  10.619  -48.794  55.067 0.0000000000
133393  10.852  -48.652  54.669 0.0000000000
139660  15.497  -41.560  57.828 0.0000000000
139661  15.592  -41.581  57.256 0.0000000000
139662  15.382  -41.024  57.541 0.0000000000
139663  15.252  -40.492  57.252 0.0000000000
139664  15.094  -39.972  56.936 0.0000000000
139665  14.558  -39.490  57.697 0.0000000000
139666  14.695  -39.458  57.140 0.0000000000
139667  14.874  -39.438  56.627 0.0000000000
139668  14.614  -38.931  56.271 0.0000000000
139669  14.359  -38.468  55.921 0.0000000000
139670  14.076  -38.035  55.566 0.0000000000
139671  12.461  -38.234  58.260 0.0000000000
139672  12.723  -38.121  57.740 0.0000000000
139673  12.899  -38.011  57.227 0.0000000000
139675  12.457  -37.646  56.867 0.0000000000
139676  13.088  -37.877  56.741 0.0000000000
139677  13.306  -37.771  56.227 0.0000000000
139678  13.499  -37.713  55.699 0.0000000000
139679  13.748  -37.621  55.194 0.0000000000
139680  13.371  -37.277  54.797 0.0000000000
140148  15.104  -42.159  59.844 0.0000000000
140149  14.811  -40.845  59.878 0.0000000000
140150  15.046  -41.387  59.612 0.0000000000
140151  15.228  -41.974  59.341 0.0000000000
140152  15.307  -41.835  58.850 0.0000000000
140153  15.404  -41.728  58.335 0.0000000000
150066  15.750  -41.639  56.700 0.0000000000
150067  15.864  -41.677  56.128 0.0000000000
150068  15.999  -41.712  55.587 0.0000000000
150069  15.687  -40.498  55.587 0.0000000000
150070  15.936  -41.128  55.319 0.0000000000
150071  16.133  -41.758  55.043 0.0000000000
150072  16.279  -41.764  54.498 0.0000000000
150073  16.458  -41.837  53.894 0.0000000000
150074  16.613  -41.894  53.284 0.0000000000
150075  15.067  -38.393  54.357 0.0000000000
150076  15.477  -38.929  54.133 0.0000000000
150077  15.836  -39.498  53.882 0.0000000000
150078  15.934  -38.987  53.003 0.0000000000
150079  16.062  -39.507  53.329 0.0000000000
150080  16.154  -40.095  53.608 0.0000000000
150081  16.428  -40.716  53.313 0.0000000000
150082  16.622  -41.316  53.020 0.0000000000
150083  16.771  -41.942  52.710 0.0000000000
151318  9.448  -48.929  62.338 0.0000000000
151319  9.123  -49.066  62.761 0.0000000000
151320  8.743  -49.285  63.177 0.0000000000
151321  7.811  -49.796  62.791 0.0000000000
151322  8.142  -49.618  63.226 0.0000000000
151323  8.509  -49.457  63.624 0.0000000000
151324  8.316  -49.643  64.099 0.0000000000
151345  7.493  -52.109  60.260 0.0000000000
151346  7.997  -52.457  59.952 0.0000000000
151347  8.472  -52.756  59.681 0.0000000000
151348  8.650  -52.835  58.951 0.0000000000
151349  8.733  -53.033  59.127 0.0000000000
151350  8.845  -53.211  59.285 0.0000000000
151372  9.194  -53.491  56.380 0.0000000000
151373  9.285  -53.942  55.958 0.0000000000
151374  9.275  -54.444  55.576 0.0000000000
151375  9.106  -53.410  55.457 0.0000000000
151376  9.240  -54.182  55.334 0.0000000000
151384  8.897  -54.281  53.940 0.0000000000
151390  7.949  -49.705  57.756 0.0000000000
151391  7.671  -49.896  57.337 0.0000000000
151392  7.399  -50.082  56.908 0.0000000000
151393  8.072  -49.635  56.561 0.0000000000
151394  7.573  -49.888  56.604 0.0000000000
151395  7.230  -50.298  56.551 0.0000000000
151396  7.160  -50.561  56.152 0.0000000000
151397  7.173  -50.853  55.756 0.0000000000
151398  7.296  -51.135  55.392 0.0000000000
151399  8.810  -49.189  54.939 0.0000000000
151400  8.152  -49.281  55.068 0.0000000000
151401  7.616  -49.486  55.231 0.0000000000
151402  7.220  -49.373  54.566 0.0000000000
151403  7.204  -49.577  54.985 0.0000000000
151404  7.118  -49.814  55.364 0.0000000000
151405  6.927  -50.286  55.307 0.0000000000
151406  7.051  -50.842  55.186 0.0000000000
151407  7.395  -51.380  54.954 0.0000000000
151408  7.564  -51.639  54.525 0.0000000000
151409  7.840  -51.944  54.107 0.0000000000
151410  8.113  -52.187  53.793 0.0000000000
151411  7.484  -51.506  53.695 0.0000000000
151412  7.954  -51.960  53.534 0.0000000000
151413  8.346  -52.496  53.428 0.0000000000
151414  8.521  -52.862  53.062 0.0000000000
