#!ascii label  , from subject fsaverage vox2ras=TkReg
611
47  22.078  -23.401  55.980 0.0000000000
48  13.097  -34.414  67.140 0.0000000000
373  15.233  -30.473  57.196 0.0000000000
859  18.229  -27.174  55.639 0.0000000000
861  13.912  -25.068  65.691 0.0000000000
1452  20.342  -23.640  60.521 0.0000000000
1828  15.852  -25.817  60.303 0.0000000000
1829  12.037  -29.449  60.770 0.0000000000
1830  10.033  -33.739  62.923 0.0000000000
2777  21.219  -25.395  53.548 0.0000000000
2778  19.676  -27.439  53.881 0.0000000000
2779  20.092  -25.404  55.495 0.0000000000
2965  15.118  -33.181  66.927 0.0000000000
2966  17.000  -31.168  71.374 0.0000000000
2967  14.862  -32.184  71.259 0.0000000000
4015  19.528  -23.459  62.754 0.0000000000
4016  18.098  -24.818  60.269 0.0000000000
4017  17.290  -24.137  62.607 0.0000000000
4019  12.813  -27.011  63.066 0.0000000000
4020  11.078  -29.037  63.190 0.0000000000
4021  10.888  -31.613  61.548 0.0000000000
6152  18.266  -29.342  54.654 0.0000000000
6153  16.447  -28.792  56.078 0.0000000000
6155  16.064  -23.788  65.317 0.0000000000
7224  21.235  -23.469  58.355 0.0000000000
7225  22.778  -22.305  61.413 0.0000000000
7226  21.963  -22.482  63.421 0.0000000000
7486  11.182  -35.531  67.669 0.0000000000
8108  15.528  -33.240  63.612 0.0000000000
8109  13.449  -34.114  63.892 0.0000000000
8110  19.131  -25.234  57.919 0.0000000000
8111  16.906  -26.591  57.795 0.0000000000
8112  14.959  -28.000  58.055 0.0000000000
8113  14.802  -25.278  62.839 0.0000000000
8114  13.785  -27.303  60.489 0.0000000000
8115  13.457  -29.923  58.757 0.0000000000
8116  12.466  -31.824  60.065 0.0000000000
8117  11.865  -33.582  61.916 0.0000000000
8118  11.458  -34.908  64.494 0.0000000000
8119  9.642  -35.506  65.152 0.0000000000
10457  21.568  -24.284  54.653 0.0000000000
10458  20.707  -25.313  54.576 0.0000000000
10459  21.037  -24.409  55.633 0.0000000000
10645  14.112  -33.799  66.970 0.0000000000
10646  15.014  -32.743  69.114 0.0000000000
10647  14.011  -33.445  69.142 0.0000000000
11690  16.158  -30.680  56.626 0.0000000000
11694  14.770  -31.247  57.994 0.0000000000
11695  19.085  -23.300  63.929 0.0000000000
11696  18.403  -23.862  62.577 0.0000000000
11697  17.845  -23.691  63.796 0.0000000000
11699  11.574  -27.716  64.513 0.0000000000
11701  10.284  -30.128  63.320 0.0000000000
14090  18.946  -27.408  54.677 0.0000000000
14091  18.922  -28.447  54.187 0.0000000000
14092  18.122  -28.171  55.013 0.0000000000
14093  17.358  -29.041  55.380 0.0000000000
14094  17.342  -27.954  55.802 0.0000000000
15888  23.190  -22.206  60.242 0.0000000000
17797  14.699  -33.469  62.251 0.0000000000
17798  14.453  -33.718  63.672 0.0000000000
17799  13.667  -33.781  62.471 0.0000000000
17800  20.782  -23.561  59.407 0.0000000000
17801  20.211  -24.359  58.119 0.0000000000
17802  19.734  -24.340  59.268 0.0000000000
17803  16.977  -25.359  60.201 0.0000000000
17804  17.435  -25.653  59.033 0.0000000000
17805  16.420  -26.155  59.109 0.0000000000
17806  15.862  -27.274  57.890 0.0000000000
17807  15.304  -26.815  59.090 0.0000000000
17808  14.812  -24.497  65.468 0.0000000000
17809  15.300  -24.585  63.960 0.0000000000
17810  14.277  -25.242  64.188 0.0000000000
17811  12.326  -28.172  61.792 0.0000000000
17812  13.305  -27.167  61.775 0.0000000000
17813  12.879  -28.287  60.587 0.0000000000
17814  13.372  -28.608  59.411 0.0000000000
17815  12.718  -29.684  59.698 0.0000000000
17816  12.942  -30.961  59.355 0.0000000000
17817  12.109  -30.751  60.139 0.0000000000
17818  10.397  -32.704  62.166 0.0000000000
17819  11.246  -32.779  61.438 0.0000000000
17820  10.912  -33.794  62.451 0.0000000000
17821  11.662  -34.358  63.248 0.0000000000
17822  10.703  -34.591  63.498 0.0000000000
17823  10.546  -35.305  64.846 0.0000000000
17824  9.804  -34.663  63.932 0.0000000000
23431  20.428  -26.395  53.650 0.0000000000
23432  19.774  -26.446  54.518 0.0000000000
23433  19.197  -26.295  55.557 0.0000000000
23767  16.135  -32.603  66.866 0.0000000000
23768  17.092  -31.580  69.258 0.0000000000
23769  16.011  -32.108  69.088 0.0000000000
23770  15.935  -31.600  71.250 0.0000000000
25657  19.980  -23.542  61.708 0.0000000000
25658  19.221  -24.292  60.376 0.0000000000
25659  18.804  -24.079  61.428 0.0000000000
25660  17.578  -24.614  61.266 0.0000000000
25661  16.493  -24.981  61.389 0.0000000000
25662  12.983  -25.808  65.811 0.0000000000
25663  13.363  -26.036  64.332 0.0000000000
25664  12.442  -26.852  64.444 0.0000000000
25665  11.906  -27.998  63.083 0.0000000000
25666  11.516  -29.264  61.913 0.0000000000
25667  11.393  -30.513  61.121 0.0000000000
25668  10.804  -30.298  62.178 0.0000000000
25669  10.176  -31.502  62.549 0.0000000000
29713  17.671  -30.239  55.323 0.0000000000
29714  16.686  -29.857  55.921 0.0000000000
29715  15.759  -29.629  56.583 0.0000000000
32219  22.794  -22.591  57.514 0.0000000000
32220  21.641  -23.480  57.152 0.0000000000
32221  22.381  -22.742  58.683 0.0000000000
32222  21.909  -22.791  59.825 0.0000000000
32223  21.463  -22.890  60.914 0.0000000000
32225  22.291  -22.445  62.434 0.0000000000
32226  21.028  -23.009  61.945 0.0000000000
32227  20.668  -23.027  62.933 0.0000000000
32932  12.065  -34.923  67.474 0.0000000000
32933  12.943  -34.166  69.375 0.0000000000
32934  11.939  -34.830  69.614 0.0000000000
34632  16.368  -32.732  65.200 0.0000000000
34633  15.285  -33.284  65.156 0.0000000000
34634  14.299  -33.837  65.314 0.0000000000
34635  13.250  -34.344  65.452 0.0000000000
34636  20.619  -24.357  56.890 0.0000000000
34637  19.717  -25.299  56.720 0.0000000000
34638  18.623  -26.134  56.667 0.0000000000
34639  18.535  -25.043  59.070 0.0000000000
34640  18.005  -25.937  57.827 0.0000000000
34641  17.550  -26.862  56.671 0.0000000000
34642  16.565  -27.668  56.743 0.0000000000
34643  15.660  -28.417  57.010 0.0000000000
34644  14.930  -29.170  57.417 0.0000000000
34645  16.649  -24.005  63.911 0.0000000000
34646  15.963  -24.727  62.612 0.0000000000
34647  15.341  -25.592  61.455 0.0000000000
34648  13.787  -26.117  62.974 0.0000000000
34649  14.279  -26.239  61.642 0.0000000000
34650  14.794  -26.542  60.362 0.0000000000
34651  14.265  -27.772  59.187 0.0000000000
34652  14.101  -29.025  58.315 0.0000000000
34653  14.328  -30.167  57.923 0.0000000000
34654  13.832  -31.081  58.593 0.0000000000
34655  13.442  -31.978  59.464 0.0000000000
34656  13.114  -32.750  60.426 0.0000000000
34657  11.629  -31.710  60.720 0.0000000000
34658  12.190  -32.782  60.946 0.0000000000
34659  12.835  -33.460  61.564 0.0000000000
34660  12.633  -34.075  62.813 0.0000000000
34661  12.406  -34.483  64.227 0.0000000000
34662  12.218  -34.820  65.807 0.0000000000
34663  11.290  -35.317  66.011 0.0000000000
34664  10.416  -35.777  66.273 0.0000000000
36691  13.774  -32.873  71.365 0.0000000000
41177  21.790  -23.830  55.282 0.0000000000
41178  21.328  -24.394  55.156 0.0000000000
41179  21.571  -23.869  55.847 0.0000000000
41187  22.730  -22.835  56.283 0.0000000000
41189  22.412  -23.243  55.592 0.0000000000
41190  22.159  -23.722  54.938 0.0000000000
41365  13.583  -34.113  67.067 0.0000000000
41366  14.045  -33.687  67.983 0.0000000000
41367  13.554  -33.981  68.137 0.0000000000
42410  15.702  -30.620  56.951 0.0000000000
42411  15.938  -31.086  57.058 0.0000000000
42412  15.498  -30.981  57.310 0.0000000000
42413  15.259  -31.368  57.694 0.0000000000
42414  15.026  -30.892  57.601 0.0000000000
42416  18.512  -23.498  63.851 0.0000000000
42417  18.229  -23.383  64.517 0.0000000000
44810  18.569  -27.307  55.161 0.0000000000
44811  18.493  -27.884  54.802 0.0000000000
44812  18.157  -27.667  55.278 0.0000000000
44813  17.690  -28.109  55.402 0.0000000000
44814  17.744  -27.603  55.715 0.0000000000
48518  14.167  -33.654  62.306 0.0000000000
48519  13.782  -33.573  61.782 0.0000000000
48520  20.574  -23.546  60.021 0.0000000000
48521  20.259  -23.934  59.336 0.0000000000
48522  20.037  -23.978  59.903 0.0000000000
48523  16.502  -25.500  60.327 0.0000000000
48524  16.674  -25.768  59.615 0.0000000000
48525  16.109  -26.002  59.658 0.0000000000
48526  15.845  -26.501  59.065 0.0000000000
48527  15.600  -26.261  59.736 0.0000000000
48528  14.342  -24.792  65.554 0.0000000000
48529  14.555  -24.854  64.761 0.0000000000
48530  14.026  -25.213  64.878 0.0000000000
48531  12.172  -28.811  61.233 0.0000000000
48532  12.566  -28.288  61.176 0.0000000000
48533  12.447  -28.911  60.647 0.0000000000
48534  12.746  -29.050  60.092 0.0000000000
48535  12.356  -29.566  60.223 0.0000000000
48536  12.388  -30.208  59.896 0.0000000000
48537  12.033  -30.064  60.404 0.0000000000
48538  10.206  -33.222  62.531 0.0000000000
48539  10.635  -33.312  62.225 0.0000000000
48540  10.473  -33.704  62.641 0.0000000000
48541  10.785  -34.163  62.919 0.0000000000
48542  10.337  -34.247  63.183 0.0000000000
48543  10.242  -34.687  63.747 0.0000000000
48544  9.930  -34.191  63.359 0.0000000000
54407  21.094  -26.025  53.052 0.0000000000
54408  20.766  -26.481  53.188 0.0000000000
54409  20.833  -25.930  53.584 0.0000000000
54410  20.414  -25.336  55.118 0.0000000000
54411  20.232  -25.888  54.549 0.0000000000
54412  19.914  -25.941  54.954 0.0000000000
54413  19.506  -26.436  55.004 0.0000000000
54414  19.673  -25.859  55.589 0.0000000000
54447  21.674  -24.774  53.625 0.0000000000
54970  15.594  -32.893  66.870 0.0000000000
54971  16.090  -32.350  67.987 0.0000000000
54972  15.579  -32.653  67.978 0.0000000000
54973  14.959  -32.436  70.220 0.0000000000
54974  15.464  -32.153  70.181 0.0000000000
54975  15.381  -31.900  71.278 0.0000000000
54976  15.855  -31.471  72.209 0.0000000000
54977  15.266  -31.709  72.195 0.0000000000
58120  19.719  -23.571  62.094 0.0000000000
58121  19.351  -23.899  61.477 0.0000000000
58122  19.119  -23.864  61.979 0.0000000000
58123  17.715  -24.133  62.500 0.0000000000
58124  17.943  -24.218  61.866 0.0000000000
58125  17.394  -24.387  61.912 0.0000000000
58126  17.043  -24.752  61.334 0.0000000000
58127  16.808  -24.668  61.909 0.0000000000
58128  12.537  -26.252  65.877 0.0000000000
58129  12.767  -26.266  65.142 0.0000000000
58130  12.237  -26.728  65.205 0.0000000000
58131  11.305  -28.394  63.785 0.0000000000
58132  11.758  -27.854  63.802 0.0000000000
58133  11.523  -28.455  63.143 0.0000000000
58134  11.694  -28.634  62.501 0.0000000000
58135  11.295  -29.149  62.545 0.0000000000
58136  11.148  -29.779  62.060 0.0000000000
58137  10.903  -29.680  62.601 0.0000000000
58139  10.190  -30.754  62.879 0.0000000000
65305  20.008  -27.566  53.392 0.0000000000
65307  19.693  -28.038  53.620 0.0000000000
65308  18.572  -28.902  54.400 0.0000000000
65309  18.997  -29.021  54.046 0.0000000000
65314  17.928  -29.741  54.971 0.0000000000
65315  16.903  -28.917  55.751 0.0000000000
65316  16.978  -29.497  55.612 0.0000000000
65317  16.540  -29.305  55.981 0.0000000000
65318  16.191  -29.722  56.244 0.0000000000
65319  16.082  -29.216  56.367 0.0000000000
66993  17.059  -31.358  70.344 0.0000000000
70698  22.556  -22.690  58.090 0.0000000000
70699  22.943  -22.383  58.914 0.0000000000
70700  22.919  -22.276  60.757 0.0000000000
70701  22.504  -22.504  60.096 0.0000000000
70702  22.318  -22.511  60.627 0.0000000000
70703  21.596  -22.914  60.207 0.0000000000
70704  22.034  -22.614  61.068 0.0000000000
70710  22.175  -22.448  62.980 0.0000000000
70711  21.652  -22.770  62.061 0.0000000000
70712  21.512  -22.775  62.624 0.0000000000
70713  20.904  -23.022  62.485 0.0000000000
70714  21.356  -22.716  63.259 0.0000000000
72385  11.612  -35.263  67.605 0.0000000000
72386  12.013  -34.936  68.553 0.0000000000
72387  11.562  -35.220  68.613 0.0000000000
76427  15.914  -33.032  64.345 0.0000000000
76428  15.831  -33.024  65.133 0.0000000000
76429  15.396  -33.286  64.327 0.0000000000
76430  13.953  -33.923  63.838 0.0000000000
76431  14.363  -33.810  64.520 0.0000000000
76432  13.913  -34.048  64.615 0.0000000000
76433  13.785  -34.074  65.358 0.0000000000
76434  13.348  -34.252  64.583 0.0000000000
76435  21.364  -23.454  57.729 0.0000000000
76436  21.096  -23.815  57.039 0.0000000000
76437  20.887  -23.933  57.568 0.0000000000
76438  19.637  -24.786  57.954 0.0000000000
76439  19.964  -24.835  57.420 0.0000000000
76440  19.385  -25.203  57.346 0.0000000000
76441  19.101  -25.734  56.685 0.0000000000
76442  18.847  -25.734  57.211 0.0000000000
76443  18.719  -24.515  60.357 0.0000000000
76444  18.849  -24.621  59.757 0.0000000000
76445  18.319  -24.967  59.679 0.0000000000
76446  17.180  -26.062  58.443 0.0000000000
76447  17.788  -25.753  58.470 0.0000000000
76448  17.435  -26.296  57.786 0.0000000000
76449  17.758  -26.392  57.217 0.0000000000
76450  17.216  -26.811  57.149 0.0000000000
76451  17.068  -27.248  56.685 0.0000000000
76452  16.689  -27.143  57.192 0.0000000000
76453  15.401  -27.674  57.942 0.0000000000
76454  15.751  -27.843  57.370 0.0000000000
76455  15.320  -28.236  57.551 0.0000000000
76456  15.265  -28.860  57.164 0.0000000000
76457  14.870  -28.629  57.671 0.0000000000
76459  16.956  -23.726  64.494 0.0000000000
76460  16.355  -23.910  64.597 0.0000000000
76461  15.038  -24.936  63.364 0.0000000000
76462  15.678  -24.558  63.304 0.0000000000
76463  15.301  -25.004  62.700 0.0000000000
76464  15.657  -25.128  62.046 0.0000000000
76465  15.056  -25.458  62.122 0.0000000000
76466  13.058  -26.481  63.653 0.0000000000
76467  13.605  -26.015  63.678 0.0000000000
76468  13.351  -26.500  63.069 0.0000000000
76469  13.479  -27.263  61.102 0.0000000000
76470  13.713  -26.736  61.713 0.0000000000
76471  13.963  -26.772  61.076 0.0000000000
76472  14.576  -26.305  61.042 0.0000000000
76473  14.242  -26.976  60.386 0.0000000000
76474  14.483  -27.098  59.766 0.0000000000
76475  14.009  -27.499  59.847 0.0000000000
76476  13.371  -29.313  59.026 0.0000000000
76477  13.760  -28.768  58.852 0.0000000000
76478  13.778  -29.421  58.524 0.0000000000
76479  14.170  -29.571  58.066 0.0000000000
76480  13.891  -30.036  58.333 0.0000000000
76481  14.039  -30.659  58.227 0.0000000000
76482  13.592  -30.549  58.593 0.0000000000
76483  12.692  -31.417  59.649 0.0000000000
76484  13.150  -31.443  59.302 0.0000000000
76485  12.961  -31.975  59.737 0.0000000000
76486  13.275  -32.368  59.933 0.0000000000
76487  12.780  -32.308  60.174 0.0000000000
76488  11.134  -31.027  61.293 0.0000000000
76489  11.446  -31.191  60.813 0.0000000000
76490  11.201  -31.753  61.111 0.0000000000
76491  11.540  -33.201  61.629 0.0000000000
76492  11.707  -32.781  61.192 0.0000000000
76493  12.023  -33.183  61.422 0.0000000000
76494  12.515  -33.127  61.168 0.0000000000
76495  12.380  -33.539  61.715 0.0000000000
76496  12.752  -33.762  62.135 0.0000000000
76497  12.244  -33.844  62.345 0.0000000000
76498  11.556  -34.665  63.842 0.0000000000
76499  12.001  -34.441  63.681 0.0000000000
76500  11.912  -34.699  64.430 0.0000000000
76501  12.291  -34.700  64.975 0.0000000000
76502  11.831  -34.917  65.168 0.0000000000
76503  11.754  -35.025  65.884 0.0000000000
76504  11.365  -35.138  65.161 0.0000000000
76505  10.092  -35.398  65.011 0.0000000000
76506  10.486  -35.554  65.517 0.0000000000
76507  10.000  -35.717  65.682 0.0000000000
76508  9.958  -35.963  66.415 0.0000000000
81498  12.831  -33.943  70.570 0.0000000000
81499  13.351  -33.545  70.405 0.0000000000
92549  21.375  -24.816  54.078 0.0000000000
92550  20.938  -25.411  54.019 0.0000000000
92551  21.113  -24.921  54.527 0.0000000000
92552  20.869  -24.866  55.074 0.0000000000
92553  20.596  -24.892  55.633 0.0000000000
92574  21.915  -24.241  54.276 0.0000000000
92887  14.611  -33.524  66.851 0.0000000000
92888  15.075  -32.975  68.011 0.0000000000
92889  14.566  -33.335  67.961 0.0000000000
92890  14.519  -33.079  69.150 0.0000000000
92891  14.466  -32.808  70.190 0.0000000000
94776  14.585  -31.618  58.437 0.0000000000
94777  19.314  -23.449  63.284 0.0000000000
94778  18.987  -23.604  62.707 0.0000000000
94779  18.715  -23.573  63.213 0.0000000000
94780  18.151  -23.703  63.248 0.0000000000
94781  17.536  -23.880  63.196 0.0000000000
94783  11.832  -27.185  65.217 0.0000000000
94785  11.087  -28.264  64.517 0.0000000000
94786  10.842  -28.922  63.816 0.0000000000
94787  10.663  -29.591  63.229 0.0000000000
99088  19.300  -27.431  54.245 0.0000000000
99089  19.280  -27.938  53.983 0.0000000000
99090  18.907  -27.910  54.399 0.0000000000
99091  18.503  -28.413  54.532 0.0000000000
99092  18.164  -28.760  54.793 0.0000000000
99093  17.806  -29.159  55.017 0.0000000000
99094  17.734  -28.544  55.175 0.0000000000
99095  17.299  -28.533  55.549 0.0000000000
99096  16.881  -28.335  55.959 0.0000000000
103336  10.726  -35.797  67.802 0.0000000000
103337  11.115  -35.525  68.711 0.0000000000
105761  15.122  -33.428  62.858 0.0000000000
105762  14.979  -33.477  63.640 0.0000000000
105763  14.611  -33.628  62.969 0.0000000000
105764  14.041  -33.799  63.015 0.0000000000
105765  13.538  -33.980  63.138 0.0000000000
105766  21.050  -23.483  59.010 0.0000000000
105767  20.703  -23.913  58.224 0.0000000000
105768  20.495  -23.931  58.788 0.0000000000
105769  19.954  -24.320  58.668 0.0000000000
105770  19.433  -24.750  58.598 0.0000000000
105771  17.501  -25.134  60.193 0.0000000000
105772  17.698  -25.272  59.568 0.0000000000
105773  17.192  -25.472  59.657 0.0000000000
105774  16.921  -25.890  59.061 0.0000000000
105775  16.630  -26.354  58.430 0.0000000000
105776  16.356  -26.911  57.804 0.0000000000
105777  16.111  -26.691  58.500 0.0000000000
105778  15.624  -26.972  58.535 0.0000000000
105779  15.100  -27.379  58.557 0.0000000000
105780  15.462  -24.122  65.352 0.0000000000
105781  15.712  -24.200  64.682 0.0000000000
105782  15.120  -24.427  64.787 0.0000000000
105783  14.812  -24.840  64.147 0.0000000000
105784  14.498  -25.290  63.494 0.0000000000
105785  12.572  -27.603  62.437 0.0000000000
105786  13.050  -27.101  62.381 0.0000000000
105787  12.785  -27.694  61.779 0.0000000000
105788  13.032  -27.779  61.115 0.0000000000
105789  13.253  -27.867  60.503 0.0000000000
105790  13.579  -27.975  59.893 0.0000000000
105791  13.131  -28.463  59.956 0.0000000000
105792  13.059  -29.126  59.523 0.0000000000
105793  13.042  -29.743  59.250 0.0000000000
105794  13.167  -30.423  59.057 0.0000000000
105795  12.781  -30.310  59.414 0.0000000000
105796  12.491  -30.769  59.731 0.0000000000
105797  12.245  -31.347  60.011 0.0000000000
105798  10.620  -32.208  61.879 0.0000000000
105799  11.033  -32.220  61.446 0.0000000000
105800  10.817  -32.758  61.843 0.0000000000
105801  11.079  -33.274  61.931 0.0000000000
105802  11.394  -33.694  62.138 0.0000000000
105803  11.744  -33.942  62.497 0.0000000000
105804  11.284  -34.122  62.817 0.0000000000
105805  11.162  -34.485  63.356 0.0000000000
105806  11.054  -34.820  63.916 0.0000000000
105807  10.980  -35.110  64.631 0.0000000000
105808  10.613  -35.001  64.190 0.0000000000
105809  10.172  -35.081  64.324 0.0000000000
105810  9.708  -35.140  64.530 0.0000000000
116108  20.396  -26.978  53.304 0.0000000000
116109  20.032  -27.071  53.672 0.0000000000
116110  20.549  -25.819  54.097 0.0000000000
116111  20.101  -26.511  54.059 0.0000000000
116112  19.696  -26.873  54.186 0.0000000000
116113  19.369  -26.967  54.567 0.0000000000
116114  19.048  -26.848  55.069 0.0000000000
116115  18.688  -26.811  55.543 0.0000000000
116893  16.664  -32.276  66.979 0.0000000000
116894  17.136  -31.805  68.135 0.0000000000
116895  16.598  -32.057  68.112 0.0000000000
116896  16.575  -31.794  69.190 0.0000000000
116897  16.499  -31.584  70.247 0.0000000000
116898  15.538  -32.407  69.091 0.0000000000
116899  15.975  -31.856  70.155 0.0000000000
116900  16.461  -31.357  71.319 0.0000000000
116901  16.395  -31.299  72.184 0.0000000000
121303  20.170  -23.571  61.138 0.0000000000
121304  19.789  -23.886  60.384 0.0000000000
121305  19.651  -23.880  61.092 0.0000000000
121306  19.005  -24.185  60.893 0.0000000000
121307  18.467  -24.431  60.877 0.0000000000
121308  18.440  -24.113  61.873 0.0000000000
121309  18.168  -24.413  61.337 0.0000000000
121310  17.943  -24.692  60.835 0.0000000000
121311  17.268  -24.944  60.786 0.0000000000
121312  16.751  -25.152  60.812 0.0000000000
121313  16.139  -25.397  60.825 0.0000000000
121314  13.368  -25.439  65.717 0.0000000000
121315  13.599  -25.513  64.995 0.0000000000
121316  13.189  -25.893  65.099 0.0000000000
121317  12.921  -26.332  64.459 0.0000000000
121318  12.628  -26.968  63.704 0.0000000000
121319  12.041  -27.266  64.488 0.0000000000
121320  12.165  -27.416  63.754 0.0000000000
121321  12.382  -27.505  63.109 0.0000000000
121322  12.065  -28.139  62.423 0.0000000000
121323  11.895  -28.744  61.856 0.0000000000
121324  11.761  -29.350  61.322 0.0000000000
121325  11.700  -29.989  60.897 0.0000000000
121326  11.416  -29.885  61.467 0.0000000000
121327  11.104  -30.421  61.630 0.0000000000
121328  10.810  -30.943  61.792 0.0000000000
121329  10.522  -30.250  62.767 0.0000000000
121330  10.469  -30.880  62.308 0.0000000000
121331  10.497  -31.594  62.039 0.0000000000
121332  10.239  -32.167  62.293 0.0000000000
121333  10.015  -32.768  62.568 0.0000000000
121334  9.808  -33.264  62.890 0.0000000000
131107  19.338  -28.495  53.814 0.0000000000
131116  17.472  -29.578  55.298 0.0000000000
131117  17.136  -30.019  55.594 0.0000000000
131118  16.882  -30.377  55.895 0.0000000000
131119  16.410  -30.284  56.240 0.0000000000
131120  15.924  -30.145  56.581 0.0000000000
131121  15.493  -30.030  56.912 0.0000000000
137927  22.429  -22.980  56.746 0.0000000000
137928  21.873  -23.375  56.564 0.0000000000
137929  22.190  -23.026  57.278 0.0000000000
137930  22.008  -23.071  57.934 0.0000000000
137931  21.674  -23.122  58.427 0.0000000000
137932  22.759  -22.452  59.429 0.0000000000
137933  22.069  -22.805  59.224 0.0000000000
137934  21.565  -23.094  59.096 0.0000000000
137935  21.324  -23.185  59.650 0.0000000000
137936  21.132  -23.188  60.172 0.0000000000
137937  20.950  -23.248  60.734 0.0000000000
137943  22.436  -22.398  61.835 0.0000000000
137944  21.899  -22.630  61.728 0.0000000000
137945  21.298  -23.034  61.397 0.0000000000
137946  20.691  -23.283  61.256 0.0000000000
137947  20.504  -23.312  61.777 0.0000000000
137948  20.312  -23.288  62.312 0.0000000000
137949  20.101  -23.269  62.808 0.0000000000
137950  21.053  -22.753  63.679 0.0000000000
137951  20.565  -22.928  63.598 0.0000000000
137952  19.921  -23.211  63.436 0.0000000000
137953  19.609  -23.165  63.898 0.0000000000
139990  12.603  -34.661  67.346 0.0000000000
139991  13.031  -34.305  68.261 0.0000000000
139992  12.513  -34.604  68.448 0.0000000000
139993  12.455  -34.464  69.622 0.0000000000
144924  16.775  -32.339  66.127 0.0000000000
144925  16.237  -32.669  66.019 0.0000000000
144926  15.712  -32.959  65.982 0.0000000000
144927  15.201  -33.243  66.020 0.0000000000
144928  14.840  -33.545  64.390 0.0000000000
144929  14.758  -33.560  65.164 0.0000000000
144930  14.670  -33.570  66.012 0.0000000000
144931  14.205  -33.841  66.084 0.0000000000
144932  13.684  -34.130  66.197 0.0000000000
144933  13.185  -34.398  66.290 0.0000000000
144934  21.315  -23.929  56.373 0.0000000000
144935  20.824  -24.395  56.250 0.0000000000
144936  20.389  -24.790  56.263 0.0000000000
144937  20.369  -24.407  57.448 0.0000000000
144938  20.123  -24.847  56.785 0.0000000000
144939  19.897  -25.319  56.177 0.0000000000
144940  19.381  -25.785  56.083 0.0000000000
144941  18.850  -26.318  56.038 0.0000000000
144942  18.395  -26.614  56.131 0.0000000000
144943  19.447  -24.299  59.802 0.0000000000
144944  19.083  -24.729  59.101 0.0000000000
144945  18.859  -25.067  58.545 0.0000000000
144946  18.000  -25.366  59.040 0.0000000000
144947  18.260  -25.463  58.448 0.0000000000
144948  18.646  -25.467  57.996 0.0000000000
144949  18.338  -26.003  57.281 0.0000000000
144950  18.079  -26.512  56.656 0.0000000000
144951  17.873  -27.006  56.155 0.0000000000
144952  17.413  -27.383  56.228 0.0000000000
144953  16.920  -27.818  56.258 0.0000000000
144954  16.486  -28.209  56.382 0.0000000000
144955  16.179  -27.406  57.301 0.0000000000
144956  16.113  -27.988  56.887 0.0000000000
144957  16.049  -28.655  56.556 0.0000000000
144958  15.667  -29.044  56.735 0.0000000000
144959  15.324  -29.457  56.976 0.0000000000
144960  15.038  -29.846  57.231 0.0000000000
144961  17.593  -23.541  64.516 0.0000000000
144962  17.302  -23.813  63.927 0.0000000000
144963  16.860  -24.135  63.175 0.0000000000
144964  15.909  -24.304  63.864 0.0000000000
144965  16.257  -24.320  63.258 0.0000000000
144966  16.606  -24.428  62.615 0.0000000000
144967  16.220  -24.882  61.949 0.0000000000
144968  15.907  -25.251  61.439 0.0000000000
144969  15.590  -25.708  60.866 0.0000000000
144970  13.739  -25.591  64.224 0.0000000000
144971  13.999  -25.712  63.521 0.0000000000
144972  14.233  -25.723  62.815 0.0000000000
144973  13.517  -26.593  62.350 0.0000000000
144974  14.050  -26.155  62.369 0.0000000000
144975  14.520  -25.829  62.210 0.0000000000
144976  14.887  -25.786  61.659 0.0000000000
144977  15.130  -25.976  60.991 0.0000000000
144978  15.327  -26.180  60.311 0.0000000000
144979  15.061  -26.652  59.734 0.0000000000
144980  14.814  -27.217  59.159 0.0000000000
144981  14.633  -27.807  58.607 0.0000000000
144982  13.841  -28.150  59.299 0.0000000000
144983  14.179  -28.331  58.709 0.0000000000
144984  14.549  -28.428  58.204 0.0000000000
144985  14.532  -29.081  57.863 0.0000000000
144986  14.587  -29.669  57.643 0.0000000000
144987  14.776  -30.278  57.585 0.0000000000
144988  14.521  -30.740  57.888 0.0000000000
144989  14.315  -31.180  58.300 0.0000000000
144990  14.076  -31.547  58.728 0.0000000000
144991  13.366  -30.987  58.970 0.0000000000
144992  13.633  -31.533  58.999 0.0000000000
144993  13.932  -31.964  59.121 0.0000000000
144997  11.735  -30.593  60.609 0.0000000000
144998  11.834  -31.252  60.444 0.0000000000
144999  12.068  -31.857  60.385 0.0000000000
145000  11.403  -32.300  61.054 0.0000000000
145001  11.861  -32.314  60.821 0.0000000000
145002  12.320  -32.296  60.439 0.0000000000
145003  12.603  -32.730  60.658 0.0000000000
145004  13.000  -33.107  61.012 0.0000000000
145005  13.402  -33.382  61.372 0.0000000000
145006  13.272  -33.665  62.026 0.0000000000
145007  13.126  -33.913  62.627 0.0000000000
145008  13.009  -34.116  63.249 0.0000000000
145009  12.113  -34.139  62.964 0.0000000000
145010  12.511  -34.283  63.477 0.0000000000
145011  12.916  -34.319  63.993 0.0000000000
145012  12.830  -34.493  64.828 0.0000000000
145013  12.758  -34.581  65.606 0.0000000000
145014  12.654  -34.676  66.422 0.0000000000
145015  12.157  -34.882  66.610 0.0000000000
145016  11.684  -35.160  66.722 0.0000000000
145017  11.206  -35.439  66.827 0.0000000000
145018  10.909  -35.376  65.376 0.0000000000
145019  10.835  -35.564  66.115 0.0000000000
145020  10.797  -35.691  66.948 0.0000000000
145021  10.340  -35.922  67.069 0.0000000000
151039  13.449  -33.807  69.251 0.0000000000
151040  13.908  -33.170  70.245 0.0000000000
151041  14.310  -32.553  71.239 0.0000000000
151044  14.675  -31.998  72.260 0.0000000000
