#!ascii label  , from subject fsaverage vox2ras=TkReg
933
105  44.782  -10.413  27.890 0.0000000000
234  40.907  -10.440  34.626 0.0000000000
726  46.146  -8.162  38.703 0.0000000000
1059  48.823  -11.563  27.081 0.0000000000
1061  49.640  -14.179  31.796 0.0000000000
1098  46.871  -6.653  30.412 0.0000000000
1099  52.521  -3.728  29.877 0.0000000000
1100  47.853  -7.052  25.733 0.0000000000
1101  50.756  -8.873  23.284 0.0000000000
1572  42.117  -9.850  30.762 0.0000000000
1573  44.336  -14.457  30.624 0.0000000000
1596  46.535  -7.794  34.461 0.0000000000
2979  46.576  -10.934  27.112 0.0000000000
2980  49.117  -12.990  29.439 0.0000000000
2981  46.508  -12.768  28.769 0.0000000000
3018  45.040  -8.119  28.598 0.0000000000
3019  47.120  -6.545  27.977 0.0000000000
3020  46.175  -8.598  26.818 0.0000000000
3021  47.692  -9.372  25.619 0.0000000000
3579  41.293  -9.969  32.682 0.0000000000
3580  40.931  -11.989  30.932 0.0000000000
3581  39.699  -12.074  32.372 0.0000000000
3618  43.587  -9.590  36.621 0.0000000000
3619  46.300  -7.910  36.614 0.0000000000
3620  43.773  -9.028  34.680 0.0000000000
3621  43.911  -8.466  32.682 0.0000000000
4623  47.244  -15.774  33.419 0.0000000000
4736  52.167  -3.419  27.187 0.0000000000
4737  55.670  -1.885  30.047 0.0000000000
4743  52.000  -10.845  25.429 0.0000000000
4744  52.919  -9.917  23.173 0.0000000000
5892  40.828  -11.139  36.522 0.0000000000
5893  38.853  -12.406  34.182 0.0000000000
5916  43.531  -10.091  38.464 0.0000000000
6513  51.225  -11.615  27.838 0.0000000000
6515  51.887  -12.613  30.477 0.0000000000
6584  49.608  -5.946  32.373 0.0000000000
6585  52.641  -4.282  32.218 0.0000000000
6586  49.684  -5.324  30.035 0.0000000000
6587  49.561  -5.073  27.397 0.0000000000
6588  49.731  -5.390  24.852 0.0000000000
6589  50.583  -6.208  22.946 0.0000000000
6590  49.065  -7.823  24.190 0.0000000000
6591  49.651  -10.258  25.109 0.0000000000
7506  43.319  -10.047  29.079 0.0000000000
7507  44.295  -12.391  29.018 0.0000000000
7508  42.410  -12.078  29.814 0.0000000000
7509  42.288  -14.400  30.915 0.0000000000
7563  49.094  -6.543  36.453 0.0000000000
7564  49.375  -6.371  34.424 0.0000000000
7565  46.764  -7.269  32.457 0.0000000000
7566  44.361  -8.104  30.539 0.0000000000
8870  46.851  -14.430  30.877 0.0000000000
9016  52.023  -7.350  21.720 0.0000000000
9017  53.951  -8.679  21.062 0.0000000000
10659  45.634  -10.575  27.419 0.0000000000
10660  46.498  -11.907  27.876 0.0000000000
10661  45.454  -11.611  28.016 0.0000000000
10698  44.752  -9.230  28.059 0.0000000000
10699  45.558  -8.316  27.639 0.0000000000
10700  45.450  -9.441  27.354 0.0000000000
10701  46.226  -9.774  26.776 0.0000000000
11259  41.079  -10.158  33.661 0.0000000000
11260  40.318  -10.943  32.460 0.0000000000
11261  40.005  -11.100  33.429 0.0000000000
11298  42.200  -10.036  35.691 0.0000000000
11299  43.685  -9.304  35.641 0.0000000000
11300  42.286  -9.698  34.676 0.0000000000
11301  42.359  -9.410  33.710 0.0000000000
12416  52.015  -3.600  25.766 0.0000000000
12417  53.649  -2.640  27.309 0.0000000000
12423  52.780  -11.044  27.128 0.0000000000
12424  53.199  -10.882  25.754 0.0000000000
13659  40.789  -11.488  37.499 0.0000000000
13660  39.543  -11.903  36.268 0.0000000000
13699  43.468  -10.226  39.407 0.0000000000
13700  42.125  -10.899  38.390 0.0000000000
13701  42.142  -10.688  37.470 0.0000000000
14694  50.063  -11.700  27.389 0.0000000000
14695  51.548  -12.089  29.218 0.0000000000
14696  50.297  -12.308  28.719 0.0000000000
14697  49.309  -13.598  30.652 0.0000000000
14698  50.757  -13.393  31.209 0.0000000000
14813  48.214  -6.298  31.368 0.0000000000
14814  49.666  -5.663  31.247 0.0000000000
14815  48.230  -6.020  30.199 0.0000000000
14816  47.446  -6.728  26.780 0.0000000000
14817  48.334  -5.871  27.661 0.0000000000
14818  48.458  -5.984  26.427 0.0000000000
14819  49.524  -5.197  26.072 0.0000000000
14820  48.778  -6.203  25.296 0.0000000000
14821  49.226  -6.576  24.293 0.0000000000
14822  48.386  -7.423  24.866 0.0000000000
14823  48.151  -10.538  26.094 0.0000000000
14824  48.633  -9.814  25.259 0.0000000000
14825  49.251  -10.895  26.095 0.0000000000
14826  50.361  -11.139  26.330 0.0000000000
16494  42.696  -9.899  29.911 0.0000000000
16495  42.827  -11.051  29.369 0.0000000000
16496  42.049  -10.965  30.059 0.0000000000
16497  40.611  -13.206  31.197 0.0000000000
16498  41.421  -13.204  30.693 0.0000000000
16499  41.343  -14.400  31.227 0.0000000000
16615  47.429  -7.279  38.676 0.0000000000
16616  46.461  -7.856  35.568 0.0000000000
16617  47.714  -7.222  36.504 0.0000000000
16618  47.873  -7.229  35.451 0.0000000000
16619  49.219  -6.463  35.439 0.0000000000
16620  47.992  -7.150  34.467 0.0000000000
16621  48.042  -6.887  33.428 0.0000000000
16622  46.707  -7.581  33.485 0.0000000000
16623  42.799  -8.987  31.695 0.0000000000
16624  44.142  -8.251  31.643 0.0000000000
16625  43.169  -8.901  30.705 0.0000000000
16626  43.605  -8.947  29.670 0.0000000000
19622  44.245  -13.412  29.776 0.0000000000
19623  45.358  -13.515  29.717 0.0000000000
19624  45.511  -14.451  30.678 0.0000000000
19966  52.634  -4.008  31.069 0.0000000000
19967  54.277  -3.370  32.183 0.0000000000
19968  54.251  -3.105  31.129 0.0000000000
19988  50.485  -7.529  22.919 0.0000000000
19989  51.234  -6.716  22.263 0.0000000000
19990  51.320  -8.064  22.481 0.0000000000
19991  54.098  -10.301  23.320 0.0000000000
19992  53.398  -9.312  22.097 0.0000000000
19993  54.601  -9.868  22.141 0.0000000000
19994  55.110  -9.293  21.040 0.0000000000
23793  47.654  -11.235  26.895 0.0000000000
23794  48.940  -12.334  28.203 0.0000000000
23795  47.690  -12.156  27.911 0.0000000000
23796  47.740  -12.903  28.934 0.0000000000
23797  48.032  -13.691  30.131 0.0000000000
23864  45.781  -7.247  29.407 0.0000000000
23865  46.927  -6.490  29.198 0.0000000000
23866  46.010  -7.304  28.304 0.0000000000
23867  46.418  -7.437  27.241 0.0000000000
23868  46.953  -7.789  26.288 0.0000000000
23869  47.543  -8.169  25.516 0.0000000000
23870  46.895  -8.962  26.126 0.0000000000
23871  47.136  -10.145  26.351 0.0000000000
24873  41.660  -9.860  31.710 0.0000000000
24874  41.373  -10.909  30.809 0.0000000000
24875  40.808  -10.938  31.561 0.0000000000
24876  40.269  -12.045  31.576 0.0000000000
24877  39.894  -13.247  31.793 0.0000000000
24944  44.928  -8.918  37.665 0.0000000000
24945  46.120  -8.023  37.641 0.0000000000
24946  44.981  -8.751  36.664 0.0000000000
24947  45.059  -8.587  35.623 0.0000000000
24948  45.125  -8.416  34.574 0.0000000000
24949  45.239  -8.140  33.571 0.0000000000
24950  43.838  -8.741  33.678 0.0000000000
24951  42.490  -9.121  32.711 0.0000000000
26750  44.507  -15.440  31.674 0.0000000000
26751  45.780  -15.316  31.787 0.0000000000
26752  45.978  -16.053  33.078 0.0000000000
26753  47.397  -16.195  34.870 0.0000000000
26956  52.359  -3.486  28.604 0.0000000000
26957  54.200  -2.834  30.045 0.0000000000
26958  53.936  -2.670  28.668 0.0000000000
26969  51.234  -10.048  24.096 0.0000000000
26970  51.754  -9.382  23.146 0.0000000000
26971  52.379  -10.421  24.232 0.0000000000
26972  53.630  -10.650  24.495 0.0000000000
29106  40.803  -10.804  35.551 0.0000000000
29107  39.765  -11.342  34.368 0.0000000000
29108  39.646  -11.628  35.354 0.0000000000
29109  38.562  -12.544  35.121 0.0000000000
29161  46.092  -8.264  39.816 0.0000000000
29163  44.926  -9.239  39.548 0.0000000000
29164  44.890  -9.138  38.559 0.0000000000
29165  43.520  -9.884  37.528 0.0000000000
29166  42.137  -10.352  36.563 0.0000000000
30555  52.479  -11.401  28.281 0.0000000000
30557  52.894  -11.820  29.581 0.0000000000
30558  53.236  -12.263  30.906 0.0000000000
30560  50.521  -12.841  29.985 0.0000000000
30561  52.144  -13.068  31.771 0.0000000000
30722  51.032  -5.488  33.386 0.0000000000
30723  52.639  -4.565  33.340 0.0000000000
30724  51.131  -5.208  32.334 0.0000000000
30725  51.111  -4.903  31.110 0.0000000000
30726  51.037  -4.563  29.850 0.0000000000
30727  48.274  -5.849  28.930 0.0000000000
30728  49.572  -5.150  28.737 0.0000000000
30729  50.895  -4.363  28.625 0.0000000000
30730  50.739  -4.273  27.224 0.0000000000
30731  50.684  -4.342  25.831 0.0000000000
30732  50.807  -4.571  24.546 0.0000000000
30733  51.091  -4.952  23.467 0.0000000000
30734  50.042  -5.751  23.817 0.0000000000
30735  49.829  -6.989  23.503 0.0000000000
30736  49.839  -8.305  23.624 0.0000000000
30737  48.360  -8.618  24.913 0.0000000000
30738  49.223  -9.085  24.424 0.0000000000
30739  50.206  -9.617  24.151 0.0000000000
30740  50.781  -10.619  25.175 0.0000000000
30741  51.562  -11.197  26.695 0.0000000000
32988  44.022  -10.151  28.431 0.0000000000
32989  44.461  -11.363  28.352 0.0000000000
32990  43.632  -11.192  28.786 0.0000000000
32991  43.326  -12.274  29.386 0.0000000000
32992  43.205  -13.270  29.980 0.0000000000
32993  41.650  -12.019  30.334 0.0000000000
32994  42.275  -13.212  30.306 0.0000000000
32995  43.245  -14.403  30.716 0.0000000000
32996  43.412  -15.521  31.628 0.0000000000
32999  39.220  -12.253  33.294 0.0000000000
33000  39.257  -13.348  32.464 0.0000000000
33143  47.580  -7.160  37.597 0.0000000000
33144  48.977  -6.518  37.534 0.0000000000
33147  50.728  -5.802  35.477 0.0000000000
33148  50.879  -5.679  34.414 0.0000000000
33149  49.502  -6.198  33.413 0.0000000000
33150  48.162  -6.598  32.419 0.0000000000
33151  46.818  -6.941  31.451 0.0000000000
33152  45.364  -7.834  32.533 0.0000000000
33153  45.487  -7.605  31.477 0.0000000000
33154  45.597  -7.391  30.429 0.0000000000
33155  44.645  -8.061  29.528 0.0000000000
33156  44.175  -9.061  28.832 0.0000000000
36854  45.359  -12.550  28.805 0.0000000000
36855  46.636  -13.649  29.818 0.0000000000
36856  48.278  -14.395  31.279 0.0000000000
36857  47.096  -15.218  32.099 0.0000000000
36858  48.437  -15.017  32.534 0.0000000000
37270  55.781  -2.090  31.176 0.0000000000
37294  51.514  -5.392  22.550 0.0000000000
37297  52.319  -8.701  22.210 0.0000000000
37298  52.907  -8.011  21.337 0.0000000000
41379  45.192  -10.513  27.651 0.0000000000
41380  45.549  -11.129  27.708 0.0000000000
41381  45.077  -10.995  27.877 0.0000000000
41418  44.748  -9.805  27.895 0.0000000000
41419  45.083  -9.304  27.700 0.0000000000
41420  45.126  -9.932  27.583 0.0000000000
41421  45.503  -10.013  27.333 0.0000000000
41979  40.979  -10.315  34.178 0.0000000000
41980  40.481  -10.580  33.511 0.0000000000
41981  40.364  -10.715  34.000 0.0000000000
42018  41.527  -10.215  35.169 0.0000000000
42019  42.244  -9.864  35.188 0.0000000000
42020  41.577  -10.035  34.633 0.0000000000
42021  41.634  -9.887  34.166 0.0000000000
43136  52.010  -3.713  25.069 0.0000000000
43143  53.271  -11.007  27.925 0.0000000000
43144  53.410  -10.897  27.289 0.0000000000
44379  40.743  -11.619  37.955 0.0000000000
44380  40.113  -11.791  37.368 0.0000000000
44419  42.145  -10.965  38.842 0.0000000000
44420  41.420  -11.350  38.390 0.0000000000
44421  41.446  -11.253  37.902 0.0000000000
45414  49.408  -11.697  27.208 0.0000000000
45415  50.152  -12.013  28.052 0.0000000000
45416  49.524  -12.044  27.846 0.0000000000
45417  49.480  -13.869  31.209 0.0000000000
45418  50.162  -13.787  31.484 0.0000000000
45419  50.310  -14.040  32.094 0.0000000000
45533  47.523  -6.467  30.911 0.0000000000
45534  48.235  -6.137  30.800 0.0000000000
45535  47.525  -6.333  30.337 0.0000000000
45536  47.640  -6.864  26.253 0.0000000000
45537  47.942  -6.371  26.641 0.0000000000
45538  48.117  -6.483  26.070 0.0000000000
45539  48.588  -6.100  25.833 0.0000000000
45540  48.309  -6.621  25.505 0.0000000000
45541  48.545  -6.782  25.046 0.0000000000
45542  48.096  -7.232  25.284 0.0000000000
45543  48.448  -11.050  26.483 0.0000000000
45544  48.702  -10.726  26.068 0.0000000000
45545  49.054  -11.219  26.562 0.0000000000
45546  49.635  -11.346  26.720 0.0000000000
47214  42.402  -9.868  30.332 0.0000000000
47215  42.320  -10.438  29.960 0.0000000000
47216  42.036  -10.388  30.345 0.0000000000
47217  40.513  -13.818  31.402 0.0000000000
47218  40.940  -13.770  31.142 0.0000000000
47333  46.795  -7.706  39.293 0.0000000000
47334  47.417  -7.299  39.245 0.0000000000
47335  46.765  -7.674  38.720 0.0000000000
47336  46.506  -7.820  35.018 0.0000000000
47337  47.174  -7.526  35.504 0.0000000000
47338  47.221  -7.517  35.022 0.0000000000
47339  47.936  -7.206  34.944 0.0000000000
47340  47.284  -7.475  34.492 0.0000000000
47341  47.348  -7.388  33.947 0.0000000000
47342  46.619  -7.710  33.978 0.0000000000
47343  42.405  -9.361  31.222 0.0000000000
47344  42.974  -8.933  31.196 0.0000000000
47345  42.608  -9.366  30.740 0.0000000000
47346  42.839  -9.389  30.260 0.0000000000
50342  44.294  -13.932  30.180 0.0000000000
50343  44.840  -13.947  30.159 0.0000000000
50344  44.907  -14.451  30.625 0.0000000000
50686  52.597  -3.873  30.490 0.0000000000
50687  53.476  -3.554  31.105 0.0000000000
50688  53.391  -3.442  30.512 0.0000000000
50708  50.587  -8.232  23.043 0.0000000000
50709  50.881  -7.780  22.684 0.0000000000
50710  51.039  -8.464  22.865 0.0000000000
50711  54.737  -10.421  23.438 0.0000000000
50712  54.295  -10.087  22.674 0.0000000000
50713  54.995  -10.295  22.860 0.0000000000
50714  55.227  -10.106  22.256 0.0000000000
55014  47.086  -11.084  26.988 0.0000000000
55015  47.643  -11.704  27.411 0.0000000000
55016  47.065  -11.557  27.407 0.0000000000
55017  46.503  -12.357  28.305 0.0000000000
55018  47.093  -12.456  28.334 0.0000000000
55019  47.117  -12.867  28.837 0.0000000000
55020  47.871  -13.304  29.524 0.0000000000
55021  47.228  -13.268  29.368 0.0000000000
55133  45.367  -7.653  28.946 0.0000000000
55134  45.882  -7.265  28.841 0.0000000000
55135  45.515  -7.719  28.437 0.0000000000
55136  45.822  -8.442  27.239 0.0000000000
55137  45.964  -7.870  27.470 0.0000000000
55138  46.230  -7.998  27.011 0.0000000000
55139  46.664  -7.585  26.742 0.0000000000
55140  46.547  -8.178  26.541 0.0000000000
55141  46.894  -8.366  26.163 0.0000000000
55142  46.536  -8.759  26.450 0.0000000000
55143  46.359  -10.337  26.891 0.0000000000
55144  46.670  -9.950  26.543 0.0000000000
55145  46.858  -10.526  26.698 0.0000000000
55146  47.366  -10.698  26.577 0.0000000000
56814  41.477  -9.887  32.230 0.0000000000
56815  41.221  -10.365  31.656 0.0000000000
56816  40.999  -10.400  32.101 0.0000000000
56817  39.970  -11.482  32.415 0.0000000000
56818  40.198  -11.441  31.985 0.0000000000
56819  39.956  -12.066  31.939 0.0000000000
56820  40.056  -12.633  31.682 0.0000000000
56821  39.742  -12.660  32.026 0.0000000000
56933  44.281  -9.280  37.134 0.0000000000
56934  44.954  -8.833  37.170 0.0000000000
56935  44.315  -9.171  36.637 0.0000000000
56936  43.727  -9.163  35.160 0.0000000000
56937  44.397  -8.953  35.635 0.0000000000
56938  44.424  -8.813  35.143 0.0000000000
56939  45.095  -8.507  35.091 0.0000000000
56940  44.465  -8.714  34.636 0.0000000000
56941  44.518  -8.604  34.133 0.0000000000
56942  43.802  -8.887  34.169 0.0000000000
56943  41.770  -9.594  33.140 0.0000000000
56944  42.412  -9.264  33.219 0.0000000000
56945  41.873  -9.523  32.637 0.0000000000
56946  42.023  -9.457  32.162 0.0000000000
59942  44.590  -15.899  32.208 0.0000000000
59943  45.225  -15.807  32.298 0.0000000000
59944  45.352  -16.179  32.931 0.0000000000
60286  52.246  -3.447  27.910 0.0000000000
60287  53.131  -3.077  28.616 0.0000000000
60288  52.987  -3.050  27.918 0.0000000000
60308  51.637  -10.537  24.683 0.0000000000
60309  51.795  -10.231  24.136 0.0000000000
60310  52.208  -10.657  24.769 0.0000000000
60311  53.817  -10.814  25.952 0.0000000000
60312  53.450  -10.842  25.110 0.0000000000
60313  54.075  -10.777  25.310 0.0000000000
60314  54.305  -10.690  24.687 0.0000000000
64014  40.816  -10.975  36.052 0.0000000000
64015  40.212  -11.180  35.460 0.0000000000
64016  40.201  -11.349  35.930 0.0000000000
64017  38.940  -12.322  36.139 0.0000000000
64018  39.019  -12.194  35.686 0.0000000000
64136  43.522  -10.178  38.938 0.0000000000
64137  44.224  -9.756  39.481 0.0000000000
64138  44.232  -9.705  38.997 0.0000000000
64139  44.892  -9.222  39.031 0.0000000000
64140  44.187  -9.649  38.517 0.0000000000
64141  44.210  -9.542  38.064 0.0000000000
64142  43.528  -9.989  37.998 0.0000000000
64143  41.448  -10.937  37.009 0.0000000000
64144  42.130  -10.520  37.012 0.0000000000
64145  41.467  -10.736  36.545 0.0000000000
64146  41.463  -10.551  36.084 0.0000000000
67119  51.844  -11.525  28.106 0.0000000000
67120  52.669  -11.618  28.957 0.0000000000
67121  52.043  -11.743  28.762 0.0000000000
67122  51.739  -12.346  29.851 0.0000000000
67123  52.393  -12.180  30.075 0.0000000000
67124  52.586  -12.443  30.715 0.0000000000
67126  52.690  -12.712  31.367 0.0000000000
67127  49.015  -12.667  28.815 0.0000000000
67128  49.716  -12.647  29.075 0.0000000000
67129  49.793  -12.931  29.687 0.0000000000
67130  51.589  -13.489  32.120 0.0000000000
67131  51.489  -13.256  31.509 0.0000000000
67478  50.331  -5.740  32.852 0.0000000000
67479  51.081  -5.351  32.834 0.0000000000
67480  50.362  -5.606  32.301 0.0000000000
67481  49.704  -5.499  30.619 0.0000000000
67482  50.386  -5.304  31.161 0.0000000000
67483  50.403  -5.127  30.555 0.0000000000
67484  51.104  -4.728  30.517 0.0000000000
67485  50.377  -4.968  29.946 0.0000000000
67486  47.014  -6.494  28.594 0.0000000000
67487  47.579  -6.200  29.054 0.0000000000
67488  47.646  -6.191  28.421 0.0000000000
67489  48.954  -5.489  27.508 0.0000000000
67490  48.932  -5.484  28.168 0.0000000000
67491  49.564  -5.086  28.056 0.0000000000
67492  50.239  -4.750  28.682 0.0000000000
67493  50.189  -4.696  27.994 0.0000000000
67494  50.821  -4.302  27.923 0.0000000000
67495  50.138  -4.682  27.305 0.0000000000
67496  49.606  -5.259  25.443 0.0000000000
67497  50.090  -4.769  25.927 0.0000000000
67498  50.150  -4.849  25.284 0.0000000000
67499  50.711  -4.433  25.187 0.0000000000
67500  50.241  -4.971  24.667 0.0000000000
67501  50.367  -5.127  24.095 0.0000000000
67502  49.877  -5.552  24.320 0.0000000000
67503  49.134  -7.193  24.164 0.0000000000
67504  49.516  -6.762  23.871 0.0000000000
67505  49.447  -7.402  23.834 0.0000000000
67506  49.819  -7.651  23.507 0.0000000000
67507  49.426  -8.058  23.899 0.0000000000
67508  47.574  -8.775  25.537 0.0000000000
67509  47.938  -8.397  25.206 0.0000000000
67510  48.018  -9.004  25.263 0.0000000000
67511  49.134  -10.040  25.162 0.0000000000
67512  48.924  -9.460  24.836 0.0000000000
67513  49.392  -9.697  24.682 0.0000000000
67514  49.703  -9.348  24.261 0.0000000000
67515  49.928  -9.955  24.619 0.0000000000
67516  50.482  -10.170  24.603 0.0000000000
67517  50.203  -10.464  25.094 0.0000000000
67518  50.765  -11.454  27.052 0.0000000000
67519  50.969  -11.196  26.503 0.0000000000
67520  51.357  -11.406  27.250 0.0000000000
67521  51.974  -11.317  27.486 0.0000000000
72519  43.664  -10.094  28.740 0.0000000000
72520  43.804  -10.673  28.585 0.0000000000
72521  43.445  -10.576  28.871 0.0000000000
72522  42.591  -11.590  29.593 0.0000000000
72523  42.997  -11.639  29.315 0.0000000000
72524  42.857  -12.179  29.597 0.0000000000
72525  43.268  -12.770  29.653 0.0000000000
72526  42.794  -12.689  29.841 0.0000000000
72527  41.119  -11.466  30.850 0.0000000000
72528  41.455  -11.451  30.503 0.0000000000
72529  41.286  -11.995  30.625 0.0000000000
72530  41.797  -13.781  30.747 0.0000000000
72531  41.847  -13.197  30.484 0.0000000000
72532  42.246  -13.802  30.587 0.0000000000
72533  42.737  -13.816  30.454 0.0000000000
72534  42.746  -14.386  30.797 0.0000000000
72535  43.318  -14.942  31.140 0.0000000000
72536  42.823  -14.988  31.230 0.0000000000
72542  39.289  -11.861  34.279 0.0000000000
72543  39.425  -11.755  33.795 0.0000000000
72544  39.024  -12.335  33.729 0.0000000000
72546  38.963  -13.393  32.823 0.0000000000
72886  46.192  -7.958  37.125 0.0000000000
72887  46.830  -7.583  37.607 0.0000000000
72888  46.915  -7.529  37.097 0.0000000000
72889  48.418  -6.877  36.491 0.0000000000
72890  48.301  -6.875  37.004 0.0000000000
72891  49.033  -6.532  36.983 0.0000000000
72893  49.771  -6.201  36.961 0.0000000000
72895  49.847  -6.174  36.453 0.0000000000
72896  49.288  -6.405  34.939 0.0000000000
72897  49.927  -6.176  35.472 0.0000000000
72898  50.041  -6.108  34.967 0.0000000000
72899  50.804  -5.750  34.940 0.0000000000
72900  50.115  -6.049  34.444 0.0000000000
72901  50.190  -5.972  33.927 0.0000000000
72902  49.422  -6.299  33.933 0.0000000000
72903  47.421  -7.086  32.934 0.0000000000
72904  48.093  -6.731  32.928 0.0000000000
72905  47.456  -6.923  32.433 0.0000000000
72906  47.487  -6.758  31.938 0.0000000000
72907  46.786  -7.102  31.949 0.0000000000
72908  44.543  -8.333  33.109 0.0000000000
72909  45.276  -7.996  33.033 0.0000000000
72910  44.609  -8.176  32.619 0.0000000000
72911  44.268  -8.155  31.087 0.0000000000
72912  44.807  -7.926  31.576 0.0000000000
72913  44.904  -7.820  31.024 0.0000000000
72914  45.558  -7.488  30.943 0.0000000000
72915  44.990  -7.731  30.489 0.0000000000
72916  45.056  -7.668  29.962 0.0000000000
72917  44.488  -8.076  30.031 0.0000000000
72918  43.403  -9.492  29.344 0.0000000000
72919  43.852  -9.010  29.253 0.0000000000
72920  43.689  -9.568  28.967 0.0000000000
72921  44.024  -9.611  28.612 0.0000000000
81902  44.353  -11.868  28.667 0.0000000000
81903  44.875  -11.959  28.499 0.0000000000
81904  44.825  -12.467  28.889 0.0000000000
81905  46.086  -14.023  30.237 0.0000000000
81906  45.982  -13.595  29.761 0.0000000000
81907  46.722  -14.044  30.327 0.0000000000
81908  47.426  -14.062  30.487 0.0000000000
81909  47.542  -14.418  31.056 0.0000000000
81910  46.520  -15.633  32.570 0.0000000000
81911  46.446  -15.266  31.939 0.0000000000
81912  47.172  -15.516  32.757 0.0000000000
81914  48.499  -15.221  33.183 0.0000000000
81916  49.132  -14.854  32.814 0.0000000000
82936  52.663  -4.420  32.801 0.0000000000
82937  53.431  -4.084  33.388 0.0000000000
82938  53.450  -3.962  32.821 0.0000000000
82939  55.067  -2.866  32.270 0.0000000000
82944  54.975  -2.344  30.053 0.0000000000
82945  55.048  -2.450  30.619 0.0000000000
82946  55.750  -1.979  30.626 0.0000000000
83003  50.780  -5.540  23.161 0.0000000000
83004  51.258  -5.165  23.020 0.0000000000
83005  51.012  -5.824  22.747 0.0000000000
83006  51.625  -7.038  21.978 0.0000000000
83007  51.641  -6.331  21.988 0.0000000000
83008  51.983  -6.642  21.670 0.0000000000
83010  52.362  -6.978  21.353 0.0000000000
83011  52.320  -9.657  23.143 0.0000000000
83012  52.027  -9.054  22.668 0.0000000000
83013  52.583  -9.349  22.627 0.0000000000
83014  53.657  -8.981  21.579 0.0000000000
83015  53.116  -8.667  21.639 0.0000000000
83016  53.413  -8.352  21.184 0.0000000000
83017  53.225  -7.679  20.898 0.0000000000
83018  53.723  -8.026  20.691 0.0000000000
92913  46.096  -10.771  27.254 0.0000000000
92914  46.563  -11.442  27.483 0.0000000000
92915  46.052  -11.291  27.583 0.0000000000
92916  45.962  -11.760  27.924 0.0000000000
92917  45.947  -12.214  28.317 0.0000000000
92984  44.880  -8.626  28.271 0.0000000000
92985  45.287  -8.212  28.122 0.0000000000
92986  45.158  -8.748  27.862 0.0000000000
92987  45.458  -8.875  27.460 0.0000000000
92988  45.790  -9.017  27.067 0.0000000000
92989  46.187  -9.161  26.744 0.0000000000
92990  45.820  -9.593  27.055 0.0000000000
92991  45.910  -10.161  27.104 0.0000000000
93993  41.174  -10.053  33.164 0.0000000000
93994  40.771  -10.464  32.550 0.0000000000
93995  40.626  -10.485  33.033 0.0000000000
93996  40.116  -11.020  32.923 0.0000000000
93997  39.769  -11.546  32.866 0.0000000000
94064  42.885  -9.805  36.127 0.0000000000
94065  43.634  -9.452  36.117 0.0000000000
94066  42.923  -9.644  35.653 0.0000000000
94067  42.980  -9.478  35.171 0.0000000000
94068  43.038  -9.339  34.678 0.0000000000
94069  43.065  -9.184  34.172 0.0000000000
94070  42.326  -9.546  34.171 0.0000000000
94071  41.698  -9.745  33.685 0.0000000000
96076  52.079  -3.489  26.478 0.0000000000
96077  52.880  -3.051  27.223 0.0000000000
96078  52.779  -3.101  26.513 0.0000000000
96089  52.361  -11.011  26.271 0.0000000000
96090  52.594  -10.891  25.579 0.0000000000
96091  52.985  -10.970  26.446 0.0000000000
96092  53.569  -10.837  26.590 0.0000000000
98313  40.829  -11.305  36.991 0.0000000000
98314  40.172  -11.499  36.399 0.0000000000
98315  40.142  -11.648  36.882 0.0000000000
98316  39.508  -12.023  36.727 0.0000000000
98387  42.794  -10.582  38.868 0.0000000000
98388  42.790  -10.519  38.371 0.0000000000
98389  42.809  -10.404  37.954 0.0000000000
98390  42.116  -10.811  37.937 0.0000000000
98391  41.445  -11.108  37.454 0.0000000000
100176  50.659  -11.672  27.601 0.0000000000
100177  51.437  -11.849  28.572 0.0000000000
100178  50.757  -11.936  28.279 0.0000000000
100179  50.931  -12.220  28.955 0.0000000000
100180  51.085  -12.492  29.613 0.0000000000
100181  49.214  -13.317  30.052 0.0000000000
100182  49.916  -13.213  30.317 0.0000000000
100183  50.034  -13.508  30.927 0.0000000000
100184  50.868  -13.689  31.797 0.0000000000
100391  48.904  -6.139  31.882 0.0000000000
100392  49.634  -5.812  31.831 0.0000000000
100393  48.932  -5.976  31.297 0.0000000000
100394  48.957  -5.805  30.693 0.0000000000
100395  48.962  -5.657  30.095 0.0000000000
100396  47.264  -6.622  27.376 0.0000000000
100397  47.719  -6.204  27.799 0.0000000000
100398  47.789  -6.285  27.204 0.0000000000
100399  48.376  -5.925  27.033 0.0000000000
100400  48.975  -5.521  26.863 0.0000000000
100401  49.535  -5.121  26.727 0.0000000000
100402  48.994  -5.610  26.244 0.0000000000
100403  49.088  -5.691  25.647 0.0000000000
100404  49.244  -5.778  25.072 0.0000000000
100405  49.414  -5.965  24.551 0.0000000000
100406  48.988  -6.355  24.798 0.0000000000
100407  48.829  -6.983  24.582 0.0000000000
100408  48.720  -7.615  24.510 0.0000000000
100409  47.868  -9.952  25.811 0.0000000000
100410  48.139  -9.583  25.421 0.0000000000
100411  48.375  -10.163  25.688 0.0000000000
100412  48.910  -10.378  25.605 0.0000000000
100413  49.412  -10.559  25.599 0.0000000000
100414  49.972  -10.728  25.648 0.0000000000
100415  49.752  -11.024  26.175 0.0000000000
100416  50.194  -11.430  26.899 0.0000000000
103416  43.003  -9.949  29.492 0.0000000000
103417  43.061  -10.513  29.206 0.0000000000
103418  42.671  -10.474  29.576 0.0000000000
103419  42.432  -11.009  29.706 0.0000000000
103420  42.209  -11.530  29.873 0.0000000000
103421  40.729  -12.610  31.068 0.0000000000
103422  41.084  -12.605  30.801 0.0000000000
103423  41.017  -13.196  30.926 0.0000000000
103424  41.360  -13.767  30.932 0.0000000000
103425  41.826  -14.420  31.065 0.0000000000
103430  38.451  -12.977  34.127 0.0000000000
103431  38.677  -12.901  33.675 0.0000000000
103635  48.121  -6.863  38.710 0.0000000000
103636  46.388  -7.905  36.097 0.0000000000
103637  47.025  -7.552  36.555 0.0000000000
103638  47.113  -7.551  36.025 0.0000000000
103639  47.813  -7.227  35.997 0.0000000000
103640  48.498  -6.870  35.954 0.0000000000
103641  49.171  -6.528  35.926 0.0000000000
103642  48.529  -6.863  35.410 0.0000000000
103643  48.611  -6.836  34.952 0.0000000000
103644  48.648  -6.768  34.461 0.0000000000
103645  48.689  -6.666  33.956 0.0000000000
103646  48.007  -7.035  33.939 0.0000000000
103647  47.381  -7.242  33.436 0.0000000000
103648  46.775  -7.432  32.979 0.0000000000
103649  43.301  -8.688  32.142 0.0000000000
103650  44.017  -8.358  32.183 0.0000000000
103651  43.470  -8.596  31.626 0.0000000000
103652  43.603  -8.529  31.148 0.0000000000
103653  43.757  -8.486  30.618 0.0000000000
103654  43.933  -8.469  30.056 0.0000000000
103655  43.378  -8.910  30.160 0.0000000000
103656  43.142  -9.409  29.754 0.0000000000
109046  44.236  -12.891  29.386 0.0000000000
109047  44.769  -12.950  29.279 0.0000000000
109048  44.769  -13.438  29.705 0.0000000000
109049  45.452  -13.983  30.184 0.0000000000
109050  46.183  -14.447  30.748 0.0000000000
109051  47.939  -15.766  34.386 0.0000000000
109052  47.889  -15.597  33.633 0.0000000000
109666  52.645  -4.143  31.630 0.0000000000
109667  53.467  -3.837  32.199 0.0000000000
109668  53.475  -3.702  31.620 0.0000000000
109669  54.312  -3.239  31.675 0.0000000000
109670  55.073  -2.744  31.723 0.0000000000
109706  50.477  -6.847  22.895 0.0000000000
109707  50.889  -6.479  22.585 0.0000000000
109708  50.841  -7.105  22.591 0.0000000000
109709  51.244  -7.368  22.331 0.0000000000
109710  51.629  -7.720  22.112 0.0000000000
109711  53.507  -10.139  23.238 0.0000000000
109712  53.153  -9.627  22.656 0.0000000000
109713  53.735  -9.876  22.678 0.0000000000
109714  53.999  -9.575  22.067 0.0000000000
109715  54.234  -9.282  21.556 0.0000000000
109716  54.517  -8.963  21.010 0.0000000000
109717  54.842  -9.585  21.589 0.0000000000
109718  55.480  -9.827  21.672 0.0000000000
116955  48.240  -11.406  26.969 0.0000000000
116956  48.822  -11.977  27.646 0.0000000000
116957  48.229  -11.847  27.493 0.0000000000
116958  48.271  -12.266  28.008 0.0000000000
116959  48.343  -12.646  28.605 0.0000000000
116960  47.100  -12.031  27.868 0.0000000000
116961  47.706  -12.545  28.422 0.0000000000
116962  48.437  -12.987  29.192 0.0000000000
116963  48.543  -13.328  29.775 0.0000000000
116964  48.674  -13.676  30.370 0.0000000000
116965  48.830  -13.986  31.006 0.0000000000
117122  46.287  -6.905  29.885 0.0000000000
117123  46.890  -6.553  29.812 0.0000000000
117124  46.336  -6.868  29.312 0.0000000000
117125  46.423  -6.862  28.733 0.0000000000
117126  46.532  -6.896  28.160 0.0000000000
117127  45.728  -7.776  27.948 0.0000000000
117128  46.195  -7.355  27.774 0.0000000000
117129  46.715  -6.970  27.559 0.0000000000
117130  46.932  -7.079  26.999 0.0000000000
117131  47.147  -7.239  26.482 0.0000000000
117132  47.369  -7.447  26.000 0.0000000000
117133  47.651  -7.632  25.554 0.0000000000
117134  47.245  -7.985  25.888 0.0000000000
117135  47.227  -8.567  25.830 0.0000000000
117136  47.275  -9.166  25.854 0.0000000000
117137  46.571  -9.354  26.457 0.0000000000
117138  46.966  -9.557  26.199 0.0000000000
117139  47.400  -9.750  25.972 0.0000000000
117140  47.611  -10.343  26.203 0.0000000000
117141  47.898  -10.874  26.504 0.0000000000
119475  41.871  -9.849  31.215 0.0000000000
119476  41.752  -10.355  30.757 0.0000000000
119477  41.436  -10.365  31.210 0.0000000000
119478  41.073  -10.922  31.185 0.0000000000
119479  40.806  -11.453  31.227 0.0000000000
119480  40.554  -10.919  31.999 0.0000000000
119481  40.507  -11.434  31.610 0.0000000000
119482  40.598  -12.017  31.241 0.0000000000
119483  40.389  -12.635  31.357 0.0000000000
119484  40.228  -13.226  31.487 0.0000000000
119485  40.126  -13.861  31.666 0.0000000000
119642  45.534  -8.540  38.172 0.0000000000
119643  46.135  -8.081  38.188 0.0000000000
119644  45.517  -8.472  37.688 0.0000000000
119645  45.515  -8.413  37.158 0.0000000000
119646  45.613  -8.333  36.655 0.0000000000
119647  44.356  -9.066  36.134 0.0000000000
119648  45.012  -8.662  36.164 0.0000000000
119649  45.687  -8.277  36.126 0.0000000000
119650  45.737  -8.237  35.593 0.0000000000
119651  45.800  -8.173  35.045 0.0000000000
119652  45.847  -8.085  34.500 0.0000000000
119653  45.886  -7.985  33.978 0.0000000000
119654  45.207  -8.274  34.095 0.0000000000
119655  44.572  -8.475  33.626 0.0000000000
119656  43.875  -8.598  33.185 0.0000000000
119657  43.079  -9.027  33.669 0.0000000000
119658  43.146  -8.894  33.179 0.0000000000
119659  43.204  -8.786  32.666 0.0000000000
119660  42.638  -9.052  32.197 0.0000000000
119661  42.220  -9.391  31.711 0.0000000000
123854  44.417  -14.962  31.127 0.0000000000
123855  45.006  -14.932  31.119 0.0000000000
123856  45.143  -15.390  31.682 0.0000000000
123857  45.881  -15.724  32.421 0.0000000000
123858  46.631  -15.930  33.236 0.0000000000
123860  46.735  -16.178  33.918 0.0000000000
123861  47.334  -15.986  34.141 0.0000000000
123862  48.010  -15.935  35.115 0.0000000000
124336  52.454  -3.580  29.256 0.0000000000
124337  53.348  -3.301  29.917 0.0000000000
124338  53.272  -3.167  29.287 0.0000000000
124339  54.050  -2.751  29.340 0.0000000000
124340  54.870  -2.275  29.421 0.0000000000
124341  53.806  -2.629  28.007 0.0000000000
124342  54.770  -2.221  28.752 0.0000000000
124367  50.935  -9.460  23.655 0.0000000000
124368  51.228  -9.098  23.177 0.0000000000
124369  51.451  -9.702  23.630 0.0000000000
124370  52.057  -9.966  23.659 0.0000000000
124371  52.659  -10.173  23.713 0.0000000000
124372  52.807  -10.755  24.908 0.0000000000
124373  52.988  -10.554  24.332 0.0000000000
124374  53.258  -10.350  23.787 0.0000000000
124375  53.870  -10.506  23.888 0.0000000000
124376  54.537  -10.566  24.087 0.0000000000
129468  40.849  -10.599  35.079 0.0000000000
129469  40.318  -10.869  34.545 0.0000000000
129470  40.254  -11.020  35.002 0.0000000000
129471  39.717  -11.473  34.891 0.0000000000
129472  39.183  -11.957  34.751 0.0000000000
129473  39.585  -11.774  35.805 0.0000000000
129474  39.109  -12.052  35.228 0.0000000000
129475  38.701  -12.475  34.647 0.0000000000
129618  46.728  -7.765  39.837 0.0000000000
129619  46.132  -8.229  39.245 0.0000000000
129626  45.550  -8.760  39.622 0.0000000000
129627  45.557  -8.702  39.131 0.0000000000
129628  45.559  -8.612  38.609 0.0000000000
129629  44.911  -9.016  38.109 0.0000000000
129630  44.245  -9.416  37.596 0.0000000000
129631  43.549  -9.734  37.084 0.0000000000
129632  42.825  -10.278  37.522 0.0000000000
129633  42.845  -10.136  37.069 0.0000000000
129634  42.861  -9.962  36.587 0.0000000000
129635  42.162  -10.186  36.120 0.0000000000
129636  41.485  -10.379  35.629 0.0000000000
133401  53.138  -11.259  28.453 0.0000000000
133403  53.352  -11.469  29.186 0.0000000000
133404  53.574  -11.645  29.826 0.0000000000
133405  53.778  -11.837  30.488 0.0000000000
133406  52.208  -11.956  29.422 0.0000000000
133407  53.082  -12.032  30.241 0.0000000000
133412  49.616  -12.344  28.456 0.0000000000
133413  50.427  -12.590  29.381 0.0000000000
133414  51.209  -12.739  30.240 0.0000000000
133415  50.630  -13.099  30.591 0.0000000000
133416  51.330  -12.978  30.863 0.0000000000
133417  52.023  -12.852  31.133 0.0000000000
133856  51.727  -5.191  33.876 0.0000000000
133857  52.575  -4.707  33.859 0.0000000000
133858  51.824  -5.043  33.368 0.0000000000
133859  51.882  -4.893  32.872 0.0000000000
133860  51.887  -4.749  32.299 0.0000000000
133861  50.371  -5.480  31.758 0.0000000000
133862  51.126  -5.062  31.715 0.0000000000
133863  51.856  -4.611  31.678 0.0000000000
133864  51.823  -4.476  31.085 0.0000000000
133865  51.808  -4.312  30.462 0.0000000000
133866  51.760  -4.158  29.851 0.0000000000
133867  47.539  -6.221  29.700 0.0000000000
133868  48.249  -5.920  29.565 0.0000000000
133869  48.940  -5.557  29.464 0.0000000000
133870  48.312  -5.815  28.289 0.0000000000
133871  48.923  -5.508  28.830 0.0000000000
133872  49.628  -5.217  29.400 0.0000000000
133873  50.276  -4.849  29.301 0.0000000000
133874  50.968  -4.449  29.252 0.0000000000
133875  51.671  -4.037  29.244 0.0000000000
133876  51.604  -3.929  28.592 0.0000000000
133877  51.508  -3.866  27.892 0.0000000000
133878  51.426  -3.838  27.153 0.0000000000
133879  50.078  -4.718  26.586 0.0000000000
133880  50.695  -4.290  26.517 0.0000000000
133881  51.372  -3.862  26.398 0.0000000000
133882  51.353  -3.971  25.762 0.0000000000
133883  51.384  -4.074  25.110 0.0000000000
133884  51.436  -4.209  24.467 0.0000000000
133885  51.484  -4.406  23.873 0.0000000000
133886  50.937  -4.747  23.981 0.0000000000
133887  50.563  -5.313  23.606 0.0000000000
133888  50.301  -5.951  23.357 0.0000000000
133889  49.633  -6.152  24.051 0.0000000000
133890  49.883  -6.347  23.607 0.0000000000
133891  50.163  -6.591  23.231 0.0000000000
133892  50.158  -7.244  23.177 0.0000000000
133893  50.194  -7.931  23.245 0.0000000000
133894  50.285  -8.593  23.433 0.0000000000
133895  47.963  -7.824  25.194 0.0000000000
133896  48.316  -8.019  24.870 0.0000000000
133897  48.740  -8.204  24.527 0.0000000000
133898  48.469  -9.230  25.030 0.0000000000
133899  48.809  -8.838  24.636 0.0000000000
133900  49.096  -8.430  24.264 0.0000000000
133901  49.497  -8.671  24.033 0.0000000000
133902  49.970  -8.923  23.832 0.0000000000
133903  50.446  -9.206  23.725 0.0000000000
133904  50.697  -9.870  24.114 0.0000000000
133905  51.056  -10.355  24.624 0.0000000000
133906  51.390  -10.748  25.290 0.0000000000
133907  50.564  -10.875  25.745 0.0000000000
133908  51.157  -10.966  25.900 0.0000000000
133909  51.754  -11.008  26.086 0.0000000000
133910  52.157  -11.151  26.943 0.0000000000
133911  52.631  -11.190  27.761 0.0000000000
140154  44.398  -10.254  28.135 0.0000000000
140155  44.611  -10.857  28.109 0.0000000000
140156  44.196  -10.750  28.344 0.0000000000
140157  44.034  -11.277  28.559 0.0000000000
140158  43.911  -11.816  28.855 0.0000000000
140159  43.231  -11.095  29.048 0.0000000000
140160  43.447  -11.725  29.072 0.0000000000
140161  43.791  -12.312  29.177 0.0000000000
140162  43.743  -12.839  29.518 0.0000000000
140163  43.724  -13.338  29.862 0.0000000000
140164  43.739  -13.888  30.252 0.0000000000
140165  41.700  -10.915  30.431 0.0000000000
140166  41.828  -11.481  30.177 0.0000000000
140167  42.019  -12.055  30.063 0.0000000000
140168  41.464  -12.604  30.542 0.0000000000
140169  41.889  -12.627  30.288 0.0000000000
140170  42.338  -12.645  30.052 0.0000000000
140171  42.716  -13.249  30.151 0.0000000000
140172  43.235  -13.852  30.346 0.0000000000
140173  43.789  -14.459  30.678 0.0000000000
140174  43.856  -14.968  31.151 0.0000000000
140175  43.942  -15.479  31.644 0.0000000000
140183  39.880  -11.211  33.896 0.0000000000
140184  39.588  -11.637  33.318 0.0000000000
140185  39.450  -12.152  32.834 0.0000000000
140186  38.933  -12.840  33.223 0.0000000000
140187  39.195  -12.783  32.792 0.0000000000
140188  39.445  -12.719  32.393 0.0000000000
140189  39.567  -13.300  32.120 0.0000000000
140603  46.780  -7.632  38.145 0.0000000000
140604  47.464  -7.235  38.114 0.0000000000
140605  48.195  -6.849  38.133 0.0000000000
140606  47.642  -7.184  37.051 0.0000000000
140607  48.271  -6.838  37.570 0.0000000000
140608  48.918  -6.502  38.109 0.0000000000
140615  49.884  -6.176  35.957 0.0000000000
140616  50.655  -5.825  36.013 0.0000000000
140619  51.594  -5.343  34.925 0.0000000000
140620  51.660  -5.277  34.394 0.0000000000
140621  50.967  -5.601  33.910 0.0000000000
140622  50.290  -5.866  33.389 0.0000000000
140623  49.584  -6.075  32.880 0.0000000000
140624  48.753  -6.532  33.437 0.0000000000
140625  48.829  -6.401  32.908 0.0000000000
140626  48.879  -6.273  32.393 0.0000000000
140627  48.193  -6.451  31.901 0.0000000000
140628  47.509  -6.610  31.434 0.0000000000
140629  46.846  -6.781  30.958 0.0000000000
140630  45.905  -7.887  33.479 0.0000000000
140631  46.036  -7.754  32.966 0.0000000000
140632  46.094  -7.593  32.449 0.0000000000
140633  44.712  -8.031  32.120 0.0000000000
140634  45.424  -7.718  32.006 0.0000000000
140635  46.107  -7.425  31.938 0.0000000000
140636  46.160  -7.284  31.445 0.0000000000
140637  46.194  -7.133  30.939 0.0000000000
140638  46.229  -7.003  30.431 0.0000000000
140639  45.678  -7.304  29.919 0.0000000000
140640  45.223  -7.631  29.453 0.0000000000
140641  44.832  -8.053  29.023 0.0000000000
140642  44.134  -8.500  29.585 0.0000000000
140643  44.362  -8.527  29.131 0.0000000000
140644  44.613  -8.563  28.690 0.0000000000
140645  44.463  -9.139  28.441 0.0000000000
140646  44.390  -9.695  28.232 0.0000000000
151526  44.931  -11.461  28.165 0.0000000000
151527  45.408  -12.080  28.384 0.0000000000
151528  45.900  -12.645  28.756 0.0000000000
151529  45.310  -13.042  29.268 0.0000000000
151530  45.921  -13.122  29.261 0.0000000000
151531  46.555  -13.199  29.292 0.0000000000
151532  47.341  -13.668  29.926 0.0000000000
151533  48.128  -14.044  30.712 0.0000000000
151534  48.954  -14.307  31.533 0.0000000000
151535  45.620  -14.905  31.218 0.0000000000
151536  46.259  -14.878  31.321 0.0000000000
151537  46.940  -14.843  31.467 0.0000000000
151538  47.838  -15.399  32.958 0.0000000000
151539  47.740  -15.131  32.262 0.0000000000
151540  47.649  -14.795  31.649 0.0000000000
151541  48.319  -14.733  31.859 0.0000000000
151542  49.022  -14.628  32.145 0.0000000000
151543  49.734  -14.466  32.447 0.0000000000
152770  54.261  -3.466  32.763 0.0000000000
152776  54.191  -2.975  30.581 0.0000000000
152777  55.050  -2.595  31.161 0.0000000000
152778  55.725  -2.218  31.675 0.0000000000
152851  51.314  -6.060  22.346 0.0000000000
152852  51.787  -5.647  22.103 0.0000000000
152857  51.519  -8.746  22.744 0.0000000000
152858  51.819  -8.412  22.317 0.0000000000
152859  52.086  -8.024  21.915 0.0000000000
152860  52.840  -9.006  22.143 0.0000000000
152861  52.586  -8.325  21.749 0.0000000000
152862  52.428  -7.650  21.494 0.0000000000
152863  52.774  -7.330  21.111 0.0000000000
