#!ascii label  , from subject fsaverage vox2ras=TkReg
307
286  9.750  -79.178  28.344 0.0000000000
1222  17.528  -64.326  32.368 0.0000000000
1223  20.133  -72.236  26.501 0.0000000000
2301  17.458  -77.962  27.530 0.0000000000
2302  13.980  -77.878  22.996 0.0000000000
3737  8.021  -80.187  31.015 0.0000000000
3738  5.618  -80.486  30.863 0.0000000000
3739  6.865  -78.870  29.132 0.0000000000
3741  8.414  -77.855  26.771 0.0000000000
5111  18.060  -76.438  23.800 0.0000000000
5112  16.460  -76.308  21.245 0.0000000000
6808  19.007  -66.805  32.570 0.0000000000
6809  20.092  -71.146  29.412 0.0000000000
6810  20.229  -67.651  30.104 0.0000000000
8332  16.380  -65.013  33.784 0.0000000000
9461  13.677  -79.849  27.623 0.0000000000
9462  18.889  -75.511  26.478 0.0000000000
9463  16.032  -78.617  25.172 0.0000000000
9464  11.877  -78.526  25.574 0.0000000000
9465  10.306  -76.999  24.083 0.0000000000
11417  8.886  -79.605  29.649 0.0000000000
11418  7.457  -79.468  30.066 0.0000000000
11419  8.317  -78.963  28.764 0.0000000000
11420  7.725  -78.351  27.927 0.0000000000
11421  9.131  -78.525  27.472 0.0000000000
15187  18.372  -65.421  32.576 0.0000000000
15188  19.631  -67.205  31.376 0.0000000000
15189  19.162  -65.571  31.627 0.0000000000
16975  5.266  -80.019  29.609 0.0000000000
16976  5.378  -81.195  29.882 0.0000000000
21089  15.801  -79.248  27.478 0.0000000000
21090  20.169  -71.580  27.984 0.0000000000
21091  19.712  -73.329  27.852 0.0000000000
21092  19.557  -73.965  26.398 0.0000000000
21093  16.167  -77.707  23.108 0.0000000000
21094  17.054  -77.631  24.374 0.0000000000
21095  15.003  -78.437  23.975 0.0000000000
21096  13.826  -78.980  25.190 0.0000000000
21097  12.950  -78.301  24.195 0.0000000000
21098  11.048  -77.791  24.730 0.0000000000
21099  12.076  -77.492  23.349 0.0000000000
24089  18.454  -64.278  31.529 0.0000000000
25159  7.249  -80.933  32.353 0.0000000000
25160  6.125  -81.067  32.210 0.0000000000
25161  6.645  -80.164  31.235 0.0000000000
25162  6.037  -79.531  30.200 0.0000000000
27630  20.086  -72.910  25.067 0.0000000000
27631  19.353  -74.608  24.950 0.0000000000
27632  19.014  -75.064  23.545 0.0000000000
27633  17.348  -76.593  22.494 0.0000000000
27634  15.109  -77.216  22.007 0.0000000000
27635  13.150  -77.024  22.110 0.0000000000
27636  14.365  -76.386  21.143 0.0000000000
29333  9.668  -80.355  30.630 0.0000000000
29334  10.521  -79.906  29.244 0.0000000000
31248  19.795  -68.859  31.087 0.0000000000
31249  20.270  -69.411  29.749 0.0000000000
31250  20.520  -69.929  28.343 0.0000000000
31251  19.967  -65.943  30.436 0.0000000000
31252  20.724  -68.196  28.762 0.0000000000
31253  20.629  -70.527  26.860 0.0000000000
33598  5.494  -81.629  31.415 0.0000000000
35285  17.786  -65.650  33.279 0.0000000000
35286  16.951  -64.637  33.136 0.0000000000
35289  15.858  -63.729  32.905 0.0000000000
38620  12.481  -80.262  28.936 0.0000000000
38621  11.587  -79.585  27.837 0.0000000000
38623  19.388  -75.115  27.799 0.0000000000
38624  18.219  -76.798  26.840 0.0000000000
38625  18.536  -76.014  25.138 0.0000000000
38626  17.672  -77.249  25.624 0.0000000000
38627  16.789  -78.312  26.441 0.0000000000
38628  14.891  -79.318  26.316 0.0000000000
38629  12.703  -79.271  26.511 0.0000000000
38630  10.819  -78.801  26.988 0.0000000000
38631  10.074  -78.124  26.169 0.0000000000
38632  9.345  -77.402  25.457 0.0000000000
38634  11.409  -76.430  22.719 0.0000000000
42137  9.328  -79.364  28.978 0.0000000000
42138  8.610  -79.244  29.182 0.0000000000
42139  9.038  -79.047  28.530 0.0000000000
42140  8.740  -78.750  28.125 0.0000000000
42141  9.444  -78.848  27.896 0.0000000000
45907  17.985  -64.862  32.468 0.0000000000
45908  18.773  -65.480  32.130 0.0000000000
45909  18.415  -64.831  32.085 0.0000000000
51808  16.203  -79.066  27.960 0.0000000000
51809  16.687  -78.627  27.453 0.0000000000
51810  20.156  -71.882  27.263 0.0000000000
51811  19.920  -72.756  27.156 0.0000000000
51812  19.866  -73.134  26.422 0.0000000000
51813  15.062  -77.931  22.962 0.0000000000
51814  15.587  -78.115  23.514 0.0000000000
51815  14.514  -78.190  23.455 0.0000000000
51816  13.951  -78.438  24.044 0.0000000000
51817  13.470  -78.097  23.575 0.0000000000
51818  12.505  -77.923  23.755 0.0000000000
51819  12.984  -77.711  23.136 0.0000000000
57292  7.556  -80.534  31.693 0.0000000000
57293  6.887  -80.527  31.780 0.0000000000
57294  7.299  -80.166  31.170 0.0000000000
57295  7.188  -79.166  29.624 0.0000000000
57296  6.758  -79.463  30.190 0.0000000000
57297  6.460  -79.176  29.691 0.0000000000
57298  5.816  -79.302  29.627 0.0000000000
57299  6.176  -78.915  29.193 0.0000000000
57301  6.581  -78.596  28.679 0.0000000000
57302  8.095  -78.132  27.365 0.0000000000
61410  20.020  -73.170  24.378 0.0000000000
61411  19.643  -74.059  24.305 0.0000000000
61412  19.468  -74.241  23.571 0.0000000000
61413  17.592  -75.935  21.566 0.0000000000
61414  17.972  -75.963  22.229 0.0000000000
61415  16.924  -76.501  21.839 0.0000000000
61416  16.224  -77.037  22.160 0.0000000000
61417  15.761  -76.820  21.600 0.0000000000
61418  14.712  -76.860  21.534 0.0000000000
61419  15.331  -76.476  21.103 0.0000000000
64505  10.093  -80.119  29.931 0.0000000000
64506  10.976  -80.308  29.788 0.0000000000
68602  19.216  -67.550  32.442 0.0000000000
68603  19.586  -68.619  31.706 0.0000000000
68604  19.472  -67.759  31.874 0.0000000000
68605  19.931  -67.401  30.748 0.0000000000
68606  20.010  -68.281  30.566 0.0000000000
68607  20.254  -68.530  29.905 0.0000000000
68608  20.392  -69.649  29.063 0.0000000000
68609  20.464  -68.785  29.248 0.0000000000
68611  19.266  -65.009  31.076 0.0000000000
68616  20.785  -69.416  27.768 0.0000000000
73965  5.845  -80.768  31.515 0.0000000000
73966  5.739  -81.331  31.851 0.0000000000
73967  5.507  -81.049  31.113 0.0000000000
73969  5.475  -81.790  30.063 0.0000000000
78033  17.496  -65.777  33.684 0.0000000000
78034  17.114  -65.283  33.554 0.0000000000
78035  17.368  -65.105  33.258 0.0000000000
78036  16.659  -64.804  33.429 0.0000000000
78043  15.587  -63.935  33.254 0.0000000000
86305  14.193  -79.970  28.198 0.0000000000
86306  13.627  -80.240  28.823 0.0000000000
86307  13.115  -80.031  28.292 0.0000000000
86308  12.024  -79.944  28.400 0.0000000000
86309  12.615  -79.782  27.719 0.0000000000
86310  19.987  -70.846  30.114 0.0000000000
86312  19.960  -71.975  29.259 0.0000000000
86313  19.375  -74.446  27.146 0.0000000000
86314  19.548  -74.239  27.826 0.0000000000
86315  19.125  -75.273  27.144 0.0000000000
86316  18.874  -75.974  27.254 0.0000000000
86317  18.558  -76.204  26.633 0.0000000000
86318  18.708  -75.614  24.308 0.0000000000
86319  18.963  -75.319  25.036 0.0000000000
86320  18.298  -76.267  24.445 0.0000000000
86321  16.511  -78.140  24.750 0.0000000000
86322  17.370  -77.506  25.000 0.0000000000
86323  16.950  -78.032  25.395 0.0000000000
86324  17.219  -77.792  25.996 0.0000000000
86325  16.480  -78.513  25.833 0.0000000000
86326  15.935  -78.936  26.327 0.0000000000
86327  15.434  -78.985  25.709 0.0000000000
86328  12.834  -78.768  25.358 0.0000000000
86329  13.280  -79.126  25.856 0.0000000000
86330  12.306  -78.878  26.058 0.0000000000
86331  11.718  -79.018  26.754 0.0000000000
86332  11.335  -78.646  26.295 0.0000000000
86333  10.428  -78.440  26.573 0.0000000000
86334  10.941  -78.302  25.834 0.0000000000
86335  10.681  -77.432  24.395 0.0000000000
86336  10.196  -77.602  25.092 0.0000000000
86337  9.803  -77.221  24.760 0.0000000000
86340  12.874  -76.444  21.874 0.0000000000
86341  12.284  -76.733  22.379 0.0000000000
86342  11.996  -76.116  22.172 0.0000000000
94279  8.438  -79.882  30.329 0.0000000000
94280  7.719  -79.825  30.538 0.0000000000
94281  8.160  -79.495  29.870 0.0000000000
94282  7.892  -79.200  29.426 0.0000000000
94283  7.589  -78.907  28.983 0.0000000000
94284  7.278  -78.599  28.540 0.0000000000
94285  8.018  -78.669  28.346 0.0000000000
94286  8.431  -78.444  27.720 0.0000000000
94287  8.803  -78.229  27.112 0.0000000000
101065  18.703  -66.071  32.599 0.0000000000
101066  19.303  -66.986  31.992 0.0000000000
101067  19.069  -66.228  32.080 0.0000000000
101068  19.432  -66.359  31.539 0.0000000000
101069  19.800  -66.531  30.959 0.0000000000
104283  5.378  -80.219  30.299 0.0000000000
104284  5.331  -80.801  30.398 0.0000000000
104285  5.298  -80.595  29.757 0.0000000000
111688  15.241  -79.669  28.067 0.0000000000
111689  14.754  -79.691  27.569 0.0000000000
111690  20.155  -71.342  28.712 0.0000000000
111691  19.928  -72.209  28.587 0.0000000000
111692  19.929  -72.442  27.891 0.0000000000
111693  19.635  -73.606  27.123 0.0000000000
111694  19.227  -74.754  26.410 0.0000000000
111695  17.218  -77.163  23.400 0.0000000000
111696  17.583  -77.062  24.052 0.0000000000
111697  16.670  -77.705  23.751 0.0000000000
111698  16.078  -78.153  24.119 0.0000000000
111699  15.505  -78.573  24.578 0.0000000000
111700  14.931  -78.923  25.122 0.0000000000
111701  14.400  -78.749  24.568 0.0000000000
111702  13.385  -78.633  24.686 0.0000000000
111703  12.411  -78.437  24.863 0.0000000000
111704  11.477  -78.193  25.110 0.0000000000
111705  11.998  -78.075  24.415 0.0000000000
111706  11.564  -77.673  24.020 0.0000000000
111707  11.203  -77.250  23.696 0.0000000000
117646  17.027  -63.816  32.302 0.0000000000
117647  17.991  -64.252  31.989 0.0000000000
120147  6.650  -80.985  32.364 0.0000000000
120148  6.350  -80.588  31.742 0.0000000000
120149  6.056  -80.239  31.168 0.0000000000
120150  7.011  -79.800  30.688 0.0000000000
120151  6.378  -79.817  30.703 0.0000000000
120152  5.793  -79.974  30.586 0.0000000000
120153  5.546  -79.736  30.003 0.0000000000
125910  20.114  -72.596  25.784 0.0000000000
125911  19.812  -73.461  25.690 0.0000000000
125912  19.770  -73.789  24.971 0.0000000000
125913  19.177  -74.889  24.269 0.0000000000
125914  18.498  -75.785  23.627 0.0000000000
125915  18.785  -75.193  22.816 0.0000000000
125916  18.262  -75.881  22.953 0.0000000000
125917  17.730  -76.543  23.149 0.0000000000
125918  16.746  -77.185  22.741 0.0000000000
125919  15.584  -77.520  22.535 0.0000000000
125920  14.514  -77.600  22.472 0.0000000000
125921  13.479  -77.504  22.529 0.0000000000
125922  14.104  -77.185  22.002 0.0000000000
125923  13.791  -76.727  21.615 0.0000000000
125924  13.458  -76.123  21.395 0.0000000000
130086  8.386  -80.567  31.542 0.0000000000
130089  8.817  -80.255  30.829 0.0000000000
130090  9.238  -79.970  30.126 0.0000000000
130091  9.685  -79.731  29.436 0.0000000000
130092  10.093  -79.518  28.793 0.0000000000
135283  19.836  -69.720  30.946 0.0000000000
135284  20.004  -69.972  30.278 0.0000000000
135285  19.742  -68.013  31.239 0.0000000000
135286  20.036  -69.154  30.416 0.0000000000
135287  20.214  -70.290  29.598 0.0000000000
135288  20.292  -70.497  28.889 0.0000000000
135289  20.343  -70.753  28.171 0.0000000000
135290  20.380  -71.042  27.415 0.0000000000
135291  18.835  -64.883  31.616 0.0000000000
135292  19.573  -65.690  31.100 0.0000000000
135293  20.138  -66.783  30.296 0.0000000000
135295  20.462  -67.054  29.635 0.0000000000
135296  20.501  -67.911  29.457 0.0000000000
135297  20.644  -69.074  28.552 0.0000000000
135298  20.596  -70.235  27.589 0.0000000000
135299  20.379  -71.403  26.672 0.0000000000
135300  20.387  -71.726  25.935 0.0000000000
141922  5.948  -81.629  32.558 0.0000000000
141923  5.672  -81.921  32.153 0.0000000000
141924  5.506  -82.287  31.599 0.0000000000
141925  5.351  -81.389  30.607 0.0000000000
141926  5.417  -81.999  30.833 0.0000000000
146862  18.687  -66.812  32.986 0.0000000000
146864  18.097  -66.204  33.398 0.0000000000
146865  18.392  -66.159  32.969 0.0000000000
146866  18.051  -65.543  32.941 0.0000000000
146867  17.663  -64.971  32.905 0.0000000000
146868  17.267  -64.508  32.728 0.0000000000
146874  15.859  -64.571  33.685 0.0000000000
146875  16.196  -64.345  33.377 0.0000000000
146876  16.447  -64.179  33.006 0.0000000000
146877  16.702  -63.985  32.657 0.0000000000
156819  11.464  -80.122  29.085 0.0000000000
156820  11.067  -79.708  28.544 0.0000000000
156821  10.664  -79.347  28.105 0.0000000000
156825  19.808  -73.087  28.528 0.0000000000
156826  19.704  -73.977  28.505 0.0000000000
156828  19.182  -75.835  27.917 0.0000000000
156829  18.587  -76.624  27.464 0.0000000000
156830  17.845  -77.412  27.159 0.0000000000
156831  19.471  -74.292  25.681 0.0000000000
156832  19.111  -75.045  25.725 0.0000000000
156833  18.703  -75.771  25.777 0.0000000000
156834  17.876  -76.944  24.647 0.0000000000
156835  18.100  -76.664  25.315 0.0000000000
156836  18.319  -76.421  25.992 0.0000000000
156837  17.918  -77.014  26.253 0.0000000000
156838  17.512  -77.578  26.586 0.0000000000
156839  17.110  -78.125  27.000 0.0000000000
156840  16.321  -78.792  26.929 0.0000000000
156841  15.405  -79.349  26.908 0.0000000000
156842  14.295  -79.609  26.956 0.0000000000
156843  14.349  -79.202  25.732 0.0000000000
156844  13.812  -79.426  26.382 0.0000000000
156845  13.185  -79.630  27.023 0.0000000000
156846  12.123  -79.425  27.162 0.0000000000
156847  11.218  -79.172  27.408 0.0000000000
156848  10.317  -78.984  27.653 0.0000000000
156849  9.946  -78.646  27.225 0.0000000000
156850  9.604  -78.311  26.822 0.0000000000
156851  9.219  -77.970  26.465 0.0000000000
156852  10.573  -77.966  25.446 0.0000000000
156853  9.704  -77.777  25.792 0.0000000000
156854  8.838  -77.589  26.104 0.0000000000
156858  12.593  -77.277  22.708 0.0000000000
156859  11.722  -77.003  22.986 0.0000000000
156860  10.846  -76.730  23.372 0.0000000000
