#!ascii label  , from subject fsaverage vox2ras=TkReg
955
86  35.045  -82.677  0.649 0.0000000000
207  30.613  -90.822  -5.573 0.0000000000
577  37.205  -76.150  9.204 0.0000000000
687  27.578  -96.049  -0.129 0.0000000000
976  41.192  -80.731  3.843 0.0000000000
979  29.208  -94.718  -10.901 0.0000000000
1275  42.541  -74.408  10.523 0.0000000000
1522  29.886  -86.102  0.879 0.0000000000
1524  29.848  -91.591  -0.776 0.0000000000
1525  27.937  -96.167  -5.705 0.0000000000
2365  48.431  -74.083  10.526 0.0000000000
2366  42.459  -77.392  6.809 0.0000000000
2367  35.748  -78.439  4.623 0.0000000000
2369  32.350  -79.954  8.555 0.0000000000
2370  29.512  -82.121  4.236 0.0000000000
2371  26.604  -87.637  5.829 0.0000000000
2896  37.803  -81.742  2.080 0.0000000000
2898  37.200  -83.937  0.333 0.0000000000
3496  28.058  -88.459  1.628 0.0000000000
3497  29.680  -88.821  0.146 0.0000000000
3498  28.280  -91.226  0.753 0.0000000000
3500  28.589  -96.211  -2.441 0.0000000000
3502  26.538  -97.957  -8.534 0.0000000000
5267  39.783  -75.012  9.822 0.0000000000
5268  42.808  -75.757  8.444 0.0000000000
5269  39.441  -76.183  7.342 0.0000000000
5270  38.845  -77.655  5.498 0.0000000000
5271  36.296  -77.022  6.779 0.0000000000
5278  30.640  -80.555  6.307 0.0000000000
5279  28.182  -83.512  6.964 0.0000000000
5280  27.581  -84.906  4.946 0.0000000000
6369  29.602  -92.908  -8.095 0.0000000000
6903  44.752  -73.650  12.042 0.0000000000
6904  42.967  -74.107  13.059 0.0000000000
6905  40.472  -74.788  12.350 0.0000000000
6906  38.356  -76.063  12.059 0.0000000000
7390  32.296  -84.044  0.313 0.0000000000
7391  34.570  -85.147  -0.629 0.0000000000
7392  31.784  -86.769  -0.370 0.0000000000
7394  29.890  -91.505  -3.271 0.0000000000
7395  29.004  -93.794  -0.116 0.0000000000
7396  29.288  -93.927  -2.775 0.0000000000
7397  28.497  -93.491  -5.406 0.0000000000
7398  27.942  -95.451  -8.357 0.0000000000
7399  26.994  -96.885  -11.110 0.0000000000
9652  45.624  -74.806  10.268 0.0000000000
9653  46.312  -76.569  8.629 0.0000000000
9654  45.814  -78.690  7.281 0.0000000000
9655  41.904  -79.043  5.479 0.0000000000
9656  38.350  -79.575  3.812 0.0000000000
9657  35.275  -80.524  2.452 0.0000000000
9660  36.279  -77.677  11.429 0.0000000000
9662  34.400  -79.928  10.716 0.0000000000
9663  34.631  -77.667  8.698 0.0000000000
9664  33.415  -78.309  6.328 0.0000000000
9665  32.380  -79.655  3.908 0.0000000000
9666  31.919  -81.970  1.934 0.0000000000
9667  29.515  -84.133  2.388 0.0000000000
9668  27.842  -86.524  3.218 0.0000000000
9669  26.975  -89.284  4.103 0.0000000000
10576  36.409  -82.186  1.261 0.0000000000
10577  37.371  -82.835  1.155 0.0000000000
10578  36.145  -83.239  0.380 0.0000000000
11176  27.422  -89.677  1.898 0.0000000000
11177  28.032  -89.822  1.114 0.0000000000
11178  27.402  -90.981  1.363 0.0000000000
12947  38.463  -75.528  9.467 0.0000000000
12948  39.589  -75.581  8.462 0.0000000000
12949  38.139  -75.926  8.162 0.0000000000
12950  37.845  -76.492  7.019 0.0000000000
12951  36.731  -76.477  7.903 0.0000000000
12958  29.129  -83.030  7.841 0.0000000000
12960  27.266  -84.944  7.441 0.0000000000
14446  43.015  -80.376  4.792 0.0000000000
14454  29.430  -94.030  -9.509 0.0000000000
15348  41.344  -75.148  13.417 0.0000000000
15349  40.116  -75.596  13.351 0.0000000000
15350  39.296  -75.298  12.146 0.0000000000
15351  39.032  -76.306  13.267 0.0000000000
16246  31.012  -85.040  0.585 0.0000000000
16247  32.080  -85.480  -0.094 0.0000000000
16248  30.812  -86.410  0.161 0.0000000000
16249  29.810  -90.305  -0.272 0.0000000000
16250  30.517  -89.280  -0.602 0.0000000000
16253  29.952  -91.723  -2.016 0.0000000000
16254  27.503  -94.962  0.346 0.0000000000
16255  28.199  -93.678  0.410 0.0000000000
16256  28.479  -94.934  -0.085 0.0000000000
16257  28.107  -96.223  -4.235 0.0000000000
16258  29.004  -95.029  -2.590 0.0000000000
16259  28.512  -94.990  -4.114 0.0000000000
16260  28.757  -93.786  -4.070 0.0000000000
16261  28.160  -94.812  -5.462 0.0000000000
16262  28.123  -94.512  -6.933 0.0000000000
16263  27.848  -95.859  -7.044 0.0000000000
16265  26.763  -97.499  -9.907 0.0000000000
18879  34.338  -86.667  -0.887 0.0000000000
21561  49.043  -74.940  9.319 0.0000000000
21562  43.850  -74.121  11.275 0.0000000000
21563  45.157  -74.065  11.119 0.0000000000
21564  44.058  -74.676  10.131 0.0000000000
21565  42.790  -76.576  7.541 0.0000000000
21566  44.571  -76.263  8.497 0.0000000000
21567  44.497  -77.235  7.704 0.0000000000
21568  46.102  -77.659  7.923 0.0000000000
21569  44.234  -78.167  7.131 0.0000000000
21570  43.820  -78.999  6.397 0.0000000000
21571  42.249  -78.238  6.194 0.0000000000
21572  37.285  -77.955  4.998 0.0000000000
21573  38.625  -78.490  4.653 0.0000000000
21574  37.096  -78.876  4.126 0.0000000000
21575  36.839  -80.011  3.188 0.0000000000
21576  35.524  -79.343  3.556 0.0000000000
21583  37.264  -77.917  12.847 0.0000000000
21588  32.433  -81.199  9.425 0.0000000000
21590  33.353  -79.871  9.683 0.0000000000
21591  34.367  -78.613  9.822 0.0000000000
21592  33.534  -78.776  8.590 0.0000000000
21593  33.974  -77.955  7.528 0.0000000000
21594  32.734  -78.979  7.422 0.0000000000
21595  29.886  -81.284  5.281 0.0000000000
21596  31.280  -79.855  5.094 0.0000000000
21597  30.846  -80.763  3.982 0.0000000000
21598  32.025  -80.798  2.900 0.0000000000
21599  30.645  -81.912  3.026 0.0000000000
21600  30.634  -82.916  2.130 0.0000000000
21601  29.412  -83.092  3.311 0.0000000000
21602  26.954  -86.278  5.373 0.0000000000
21603  27.713  -85.622  4.049 0.0000000000
21604  27.085  -86.987  4.585 0.0000000000
21605  27.341  -87.857  3.773 0.0000000000
21606  26.855  -88.426  5.058 0.0000000000
23644  39.443  -81.212  2.902 0.0000000000
23645  40.396  -81.874  2.998 0.0000000000
23646  38.802  -82.380  2.068 0.0000000000
23647  38.458  -83.500  1.229 0.0000000000
24724  28.827  -87.241  1.264 0.0000000000
24725  29.676  -87.362  0.505 0.0000000000
24726  28.719  -88.593  0.834 0.0000000000
24727  28.913  -90.016  0.523 0.0000000000
24728  29.308  -91.359  0.126 0.0000000000
24729  26.943  -97.223  -1.102 0.0000000000
24730  28.359  -96.073  -0.855 0.0000000000
24731  27.371  -97.290  -2.620 0.0000000000
24732  27.288  -97.316  -4.451 0.0000000000
24733  27.295  -97.291  -5.867 0.0000000000
24734  27.331  -97.110  -7.194 0.0000000000
27912  47.575  -73.418  11.285 0.0000000000
27913  41.140  -74.619  10.099 0.0000000000
27914  42.603  -75.002  9.455 0.0000000000
27915  41.131  -75.226  8.934 0.0000000000
27916  41.070  -76.052  7.746 0.0000000000
27917  40.867  -76.737  6.896 0.0000000000
27918  40.608  -77.536  6.146 0.0000000000
27919  39.148  -76.924  6.438 0.0000000000
27920  37.542  -77.178  6.004 0.0000000000
27921  35.985  -77.627  5.651 0.0000000000
27931  31.278  -81.269  8.511 0.0000000000
27932  31.460  -80.142  7.431 0.0000000000
27933  30.247  -81.612  7.506 0.0000000000
27934  29.399  -82.056  6.553 0.0000000000
27935  28.714  -82.709  5.552 0.0000000000
27936  28.428  -83.469  4.564 0.0000000000
27937  27.684  -84.136  5.994 0.0000000000
27938  26.937  -85.637  6.432 0.0000000000
27939  26.524  -87.100  6.798 0.0000000000
30219  29.994  -91.955  -6.790 0.0000000000
30221  30.964  -91.829  -8.029 0.0000000000
31469  43.821  -73.791  12.439 0.0000000000
31470  42.683  -74.122  11.856 0.0000000000
31471  42.637  -74.762  13.761 0.0000000000
31472  41.711  -74.420  12.662 0.0000000000
31473  41.263  -74.305  11.360 0.0000000000
31474  39.980  -74.657  11.122 0.0000000000
31475  38.854  -75.241  10.908 0.0000000000
31476  37.697  -75.996  10.619 0.0000000000
32674  33.629  -83.290  0.274 0.0000000000
32675  34.773  -83.797  -0.183 0.0000000000
32676  33.384  -84.526  -0.285 0.0000000000
32677  33.206  -85.951  -0.566 0.0000000000
32678  32.835  -87.441  -0.910 0.0000000000
32679  30.546  -87.780  -0.183 0.0000000000
32680  31.514  -88.260  -0.858 0.0000000000
32684  30.104  -91.196  -4.447 0.0000000000
32685  27.792  -92.375  0.896 0.0000000000
32686  28.733  -92.511  0.347 0.0000000000
32687  29.473  -92.676  -0.428 0.0000000000
32688  29.121  -94.946  -0.955 0.0000000000
32689  29.459  -93.898  -1.285 0.0000000000
32690  29.759  -92.848  -1.568 0.0000000000
32691  29.528  -92.935  -2.995 0.0000000000
32692  29.178  -92.598  -4.210 0.0000000000
32693  29.253  -92.244  -5.512 0.0000000000
32694  28.801  -93.165  -6.853 0.0000000000
32695  28.511  -94.243  -8.263 0.0000000000
32696  28.483  -95.148  -9.597 0.0000000000
32697  27.398  -96.771  -8.478 0.0000000000
32698  27.644  -96.335  -9.744 0.0000000000
32699  28.153  -95.793  -11.041 0.0000000000
35955  35.993  -84.434  -0.343 0.0000000000
39191  46.446  -73.906  11.292 0.0000000000
39192  47.129  -74.635  10.579 0.0000000000
39193  44.351  -75.387  9.258 0.0000000000
39194  46.151  -75.569  9.459 0.0000000000
39195  47.781  -75.507  9.648 0.0000000000
39196  47.872  -76.527  8.667 0.0000000000
39197  47.620  -77.586  7.843 0.0000000000
39199  45.450  -79.404  6.465 0.0000000000
39200  43.422  -79.692  5.588 0.0000000000
39201  41.464  -79.892  4.625 0.0000000000
39202  40.375  -78.344  5.367 0.0000000000
39203  39.998  -79.198  4.568 0.0000000000
39204  39.736  -80.220  3.678 0.0000000000
39205  38.117  -80.687  2.945 0.0000000000
39206  36.553  -81.173  2.156 0.0000000000
39207  35.054  -81.698  1.462 0.0000000000
39214  38.073  -77.093  13.087 0.0000000000
39215  37.313  -76.862  11.828 0.0000000000
39216  36.527  -76.733  10.362 0.0000000000
39223  35.302  -78.648  11.058 0.0000000000
39224  35.373  -77.527  9.998 0.0000000000
39225  35.822  -76.756  8.925 0.0000000000
39226  35.244  -77.131  7.670 0.0000000000
39227  34.812  -77.629  6.543 0.0000000000
39228  34.418  -78.141  5.351 0.0000000000
39229  31.960  -79.250  6.262 0.0000000000
39230  32.802  -78.861  5.050 0.0000000000
39231  34.017  -78.886  4.062 0.0000000000
39232  33.696  -79.938  2.995 0.0000000000
39233  33.490  -81.109  1.958 0.0000000000
39234  33.448  -82.280  1.099 0.0000000000
39235  32.072  -83.040  1.035 0.0000000000
39236  30.774  -84.012  1.251 0.0000000000
39237  29.675  -85.093  1.540 0.0000000000
39238  28.453  -84.335  3.622 0.0000000000
39239  28.582  -85.316  2.787 0.0000000000
39240  28.682  -86.248  1.918 0.0000000000
39241  27.994  -87.552  2.398 0.0000000000
39242  27.405  -88.820  2.808 0.0000000000
39243  26.883  -90.074  3.000 0.0000000000
41296  35.738  -82.433  0.928 0.0000000000
41297  36.273  -82.714  0.842 0.0000000000
41298  35.613  -82.942  0.484 0.0000000000
41896  27.136  -90.272  1.951 0.0000000000
41897  27.371  -90.331  1.570 0.0000000000
41898  27.111  -90.933  1.670 0.0000000000
43667  37.830  -75.827  9.304 0.0000000000
43668  38.294  -75.682  8.804 0.0000000000
43669  37.634  -75.947  8.646 0.0000000000
43670  37.443  -76.156  8.019 0.0000000000
43671  36.954  -76.267  8.518 0.0000000000
45166  42.081  -80.547  4.319 0.0000000000
45168  41.666  -81.032  3.848 0.0000000000
45174  29.332  -94.410  -10.172 0.0000000000
45175  29.921  -93.818  -10.191 0.0000000000
46068  40.586  -75.798  13.832 0.0000000000
46069  40.052  -76.087  13.836 0.0000000000
46070  39.580  -75.899  13.319 0.0000000000
46071  39.492  -76.462  13.819 0.0000000000
46966  30.429  -85.553  0.707 0.0000000000
46967  30.948  -85.751  0.360 0.0000000000
46968  30.373  -86.251  0.506 0.0000000000
46969  29.884  -90.919  -0.558 0.0000000000
46970  30.121  -90.448  -0.737 0.0000000000
46971  30.041  -91.043  -1.001 0.0000000000
46972  30.095  -91.100  -1.568 0.0000000000
46973  29.941  -91.687  -1.334 0.0000000000
46974  27.586  -95.499  0.119 0.0000000000
46975  28.048  -94.939  0.151 0.0000000000
46976  28.119  -95.496  -0.086 0.0000000000
46977  27.907  -96.248  -5.053 0.0000000000
46978  28.313  -95.620  -4.191 0.0000000000
46979  28.142  -95.590  -4.917 0.0000000000
46980  28.310  -94.908  -4.770 0.0000000000
46981  28.014  -95.527  -5.584 0.0000000000
46982  27.961  -95.362  -6.310 0.0000000000
46983  27.902  -96.032  -6.379 0.0000000000
52281  48.845  -74.463  10.031 0.0000000000
52282  43.214  -74.309  10.863 0.0000000000
52283  43.919  -74.375  10.672 0.0000000000
52284  43.260  -74.566  10.277 0.0000000000
52285  42.671  -76.989  7.163 0.0000000000
52286  43.632  -76.908  7.605 0.0000000000
52287  43.525  -77.375  7.257 0.0000000000
52288  44.406  -77.693  7.428 0.0000000000
52289  43.361  -77.781  6.967 0.0000000000
52290  43.189  -78.218  6.672 0.0000000000
52291  42.357  -77.822  6.524 0.0000000000
52292  36.530  -78.198  4.804 0.0000000000
52293  37.196  -78.375  4.551 0.0000000000
52294  36.411  -78.612  4.345 0.0000000000
52295  36.320  -79.105  3.859 0.0000000000
52296  35.656  -78.840  4.115 0.0000000000
52308  32.336  -80.545  9.027 0.0000000000
52309  32.898  -80.543  9.575 0.0000000000
52310  32.861  -79.918  9.134 0.0000000000
52311  33.379  -79.289  9.146 0.0000000000
52312  32.947  -79.362  8.576 0.0000000000
52313  33.143  -78.871  8.010 0.0000000000
52314  32.528  -79.427  7.985 0.0000000000
52315  29.670  -81.686  4.740 0.0000000000
52316  30.343  -80.947  4.623 0.0000000000
52317  30.130  -81.435  4.091 0.0000000000
52318  30.686  -81.311  3.485 0.0000000000
52319  30.015  -81.921  3.621 0.0000000000
52320  30.002  -82.477  3.160 0.0000000000
52321  29.430  -82.557  3.766 0.0000000000
52322  26.719  -86.977  5.616 0.0000000000
52323  26.947  -86.631  4.991 0.0000000000
52324  26.795  -87.336  5.233 0.0000000000
52325  26.921  -87.702  4.848 0.0000000000
52326  26.721  -88.033  5.453 0.0000000000
54766  38.589  -81.473  2.488 0.0000000000
54767  39.070  -81.784  2.493 0.0000000000
54768  38.293  -82.045  2.045 0.0000000000
54769  37.270  -83.367  0.738 0.0000000000
54770  37.909  -83.157  1.186 0.0000000000
54771  37.823  -83.697  0.774 0.0000000000
54773  37.803  -84.247  0.388 0.0000000000
56566  28.429  -87.853  1.445 0.0000000000
56567  28.751  -87.896  1.052 0.0000000000
56568  28.354  -88.538  1.211 0.0000000000
56569  28.094  -90.500  0.934 0.0000000000
56570  28.445  -89.919  0.808 0.0000000000
56571  28.611  -90.632  0.667 0.0000000000
56572  29.111  -90.734  0.325 0.0000000000
56573  28.807  -91.310  0.458 0.0000000000
56575  27.229  -97.259  -1.766 0.0000000000
56576  26.632  -97.681  -2.689 0.0000000000
56578  26.709  -97.753  -4.465 0.0000000000
56579  26.730  -97.794  -5.240 0.0000000000
56580  27.285  -97.322  -5.195 0.0000000000
56581  26.782  -97.827  -5.929 0.0000000000
56582  26.834  -97.833  -6.543 0.0000000000
61882  40.473  -74.770  9.941 0.0000000000
61883  41.163  -74.855  9.524 0.0000000000
61884  40.427  -75.061  9.323 0.0000000000
61885  39.517  -75.896  7.863 0.0000000000
61886  40.294  -75.780  8.083 0.0000000000
61887  40.236  -76.113  7.539 0.0000000000
61888  41.010  -76.379  7.278 0.0000000000
61889  40.125  -76.453  7.079 0.0000000000
61890  39.978  -76.834  6.679 0.0000000000
61891  39.292  -76.564  6.905 0.0000000000
61892  37.063  -76.757  6.893 0.0000000000
61893  37.687  -76.844  6.505 0.0000000000
61894  36.903  -77.084  6.364 0.0000000000
61895  36.787  -77.407  5.826 0.0000000000
61896  36.140  -77.340  6.219 0.0000000000
61911  31.361  -81.907  8.885 0.0000000000
61912  30.788  -81.994  8.469 0.0000000000
61913  30.750  -81.411  8.003 0.0000000000
61914  30.229  -82.156  8.047 0.0000000000
61915  28.625  -83.248  7.403 0.0000000000
61916  29.207  -82.543  7.213 0.0000000000
61917  28.782  -82.779  6.753 0.0000000000
61918  29.028  -82.325  6.074 0.0000000000
61919  28.408  -83.061  6.264 0.0000000000
61920  28.192  -83.407  5.752 0.0000000000
61921  27.892  -83.788  6.504 0.0000000000
61922  26.961  -85.725  7.702 0.0000000000
61923  27.042  -85.301  6.954 0.0000000000
61924  26.754  -86.047  7.206 0.0000000000
61925  26.696  -86.358  6.635 0.0000000000
66399  29.787  -92.411  -7.421 0.0000000000
66400  30.455  -91.901  -7.414 0.0000000000
66401  30.264  -92.371  -8.047 0.0000000000
69079  43.377  -73.909  12.719 0.0000000000
69080  43.284  -73.972  12.148 0.0000000000
69081  42.790  -74.104  12.459 0.0000000000
69085  40.869  -74.928  12.906 0.0000000000
69086  41.517  -74.758  13.039 0.0000000000
69087  41.095  -74.586  12.461 0.0000000000
69088  41.475  -74.327  12.014 0.0000000000
69089  40.812  -74.483  11.841 0.0000000000
69090  40.604  -74.456  11.218 0.0000000000
69091  40.183  -74.688  11.749 0.0000000000
69092  38.847  -75.639  12.127 0.0000000000
69093  39.070  -75.243  11.558 0.0000000000
69094  38.588  -75.597  11.495 0.0000000000
69095  38.282  -75.617  10.761 0.0000000000
69096  38.031  -76.018  11.375 0.0000000000
71776  32.931  -83.610  0.259 0.0000000000
71777  33.489  -83.873  -0.036 0.0000000000
71778  32.832  -84.264  -0.012 0.0000000000
71779  31.944  -86.154  -0.244 0.0000000000
71780  32.656  -85.693  -0.350 0.0000000000
71781  32.514  -86.353  -0.454 0.0000000000
71782  32.990  -86.709  -0.696 0.0000000000
71783  32.289  -87.113  -0.654 0.0000000000
71784  29.609  -88.066  0.363 0.0000000000
71785  30.112  -87.516  0.150 0.0000000000
71786  30.063  -88.312  -0.025 0.0000000000
71788  30.957  -88.772  -0.752 0.0000000000
71794  30.204  -91.002  -2.818 0.0000000000
71796  30.357  -90.912  -3.452 0.0000000000
71798  29.940  -91.411  -3.901 0.0000000000
71802  28.645  -93.736  0.149 0.0000000000
71803  28.462  -93.078  0.414 0.0000000000
71804  28.890  -93.154  0.116 0.0000000000
71805  29.141  -92.595  -0.011 0.0000000000
71806  29.270  -93.275  -0.240 0.0000000000
71807  28.576  -96.128  -1.518 0.0000000000
71808  28.799  -95.515  -0.877 0.0000000000
71809  28.918  -95.565  -1.622 0.0000000000
71810  29.158  -94.473  -2.708 0.0000000000
71811  29.295  -94.453  -1.904 0.0000000000
71812  29.485  -93.976  -2.070 0.0000000000
71813  29.606  -93.401  -1.412 0.0000000000
71814  29.565  -93.475  -2.154 0.0000000000
71815  29.691  -92.914  -2.268 0.0000000000
71816  29.390  -93.463  -2.873 0.0000000000
71817  28.570  -93.610  -4.666 0.0000000000
71818  28.922  -93.255  -4.125 0.0000000000
71819  28.754  -93.042  -4.706 0.0000000000
71820  29.120  -92.381  -4.861 0.0000000000
71821  28.818  -92.883  -5.457 0.0000000000
71822  29.015  -92.707  -6.156 0.0000000000
71823  28.562  -93.354  -6.163 0.0000000000
71824  28.007  -95.032  -7.736 0.0000000000
71825  28.263  -94.347  -7.596 0.0000000000
71826  28.186  -94.868  -8.325 0.0000000000
71827  28.502  -94.720  -8.934 0.0000000000
71828  28.169  -95.272  -8.981 0.0000000000
71829  26.956  -97.565  -7.852 0.0000000000
71830  27.358  -96.954  -7.848 0.0000000000
71831  27.030  -97.391  -8.523 0.0000000000
71832  26.815  -97.244  -10.531 0.0000000000
71833  27.198  -96.934  -9.831 0.0000000000
71834  27.358  -96.665  -10.426 0.0000000000
71835  27.871  -96.080  -10.374 0.0000000000
71836  27.633  -96.360  -11.047 0.0000000000
71837  27.953  -96.022  -11.705 0.0000000000
71838  27.241  -96.521  -11.698 0.0000000000
79674  34.675  -84.396  -0.406 0.0000000000
79675  35.384  -84.073  -0.290 0.0000000000
79676  35.304  -84.788  -0.531 0.0000000000
87729  45.264  -73.533  11.989 0.0000000000
87730  45.402  -74.432  10.694 0.0000000000
87731  45.872  -74.061  11.194 0.0000000000
87732  46.074  -74.386  10.796 0.0000000000
87733  46.745  -74.249  10.948 0.0000000000
87734  46.373  -74.777  10.396 0.0000000000
87735  42.737  -75.369  8.901 0.0000000000
87736  43.481  -75.198  9.237 0.0000000000
87737  43.623  -75.584  8.809 0.0000000000
87738  45.466  -76.457  8.561 0.0000000000
87739  45.440  -75.979  8.981 0.0000000000
87740  46.274  -76.054  9.055 0.0000000000
87741  46.964  -75.580  9.594 0.0000000000
87742  47.113  -76.108  9.128 0.0000000000
87743  47.859  -76.005  9.144 0.0000000000
87744  47.093  -76.603  8.685 0.0000000000
87745  45.936  -78.239  7.632 0.0000000000
87746  46.890  -77.738  7.960 0.0000000000
87747  46.754  -78.214  7.608 0.0000000000
87748  47.354  -78.128  7.410 0.0000000000
87749  46.568  -78.698  7.234 0.0000000000
87751  45.644  -79.069  6.876 0.0000000000
87752  42.882  -79.015  5.930 0.0000000000
87753  43.650  -79.356  5.993 0.0000000000
87754  42.693  -79.402  5.538 0.0000000000
87755  42.423  -79.781  5.105 0.0000000000
87756  41.688  -79.467  5.076 0.0000000000
87757  39.703  -77.608  5.814 0.0000000000
87758  40.482  -77.953  5.757 0.0000000000
87759  39.585  -77.990  5.373 0.0000000000
87760  38.493  -79.009  4.253 0.0000000000
87761  39.299  -78.850  4.596 0.0000000000
87762  39.111  -79.354  4.195 0.0000000000
87763  39.845  -79.730  4.158 0.0000000000
87764  39.018  -79.917  3.757 0.0000000000
87765  38.981  -80.467  3.294 0.0000000000
87766  38.268  -80.132  3.391 0.0000000000
87767  36.075  -80.236  2.821 0.0000000000
87768  36.694  -80.581  2.676 0.0000000000
87769  35.957  -80.835  2.300 0.0000000000
87770  35.828  -81.413  1.768 0.0000000000
87771  35.172  -81.094  1.964 0.0000000000
87788  38.471  -77.247  13.695 0.0000000000
87789  38.092  -77.642  13.584 0.0000000000
87790  36.768  -77.798  12.150 0.0000000000
87791  37.228  -77.367  12.332 0.0000000000
87792  36.767  -77.269  11.655 0.0000000000
87793  36.922  -76.799  11.149 0.0000000000
87794  36.351  -77.171  10.929 0.0000000000
87812  34.829  -79.298  10.919 0.0000000000
87813  34.477  -78.133  9.242 0.0000000000
87814  34.851  -78.034  9.858 0.0000000000
87815  34.964  -77.542  9.327 0.0000000000
87816  35.569  -77.098  9.484 0.0000000000
87817  35.202  -77.168  8.796 0.0000000000
87818  35.520  -76.898  8.264 0.0000000000
87819  34.890  -77.340  8.178 0.0000000000
87820  33.710  -78.143  6.945 0.0000000000
87821  34.365  -77.735  7.038 0.0000000000
87822  34.145  -77.943  6.458 0.0000000000
87823  34.614  -77.880  5.953 0.0000000000
87824  33.873  -78.161  5.821 0.0000000000
87825  31.050  -80.318  6.852 0.0000000000
87826  31.678  -79.668  6.845 0.0000000000
87827  31.276  -79.860  6.275 0.0000000000
87828  31.709  -79.643  4.410 0.0000000000
87829  32.009  -79.318  5.030 0.0000000000
87830  32.530  -79.202  4.475 0.0000000000
87831  33.388  -78.822  4.553 0.0000000000
87832  33.220  -79.204  3.959 0.0000000000
87833  33.875  -79.385  3.542 0.0000000000
87834  33.031  -79.728  3.420 0.0000000000
87835  31.939  -81.382  2.397 0.0000000000
87836  32.702  -80.902  2.323 0.0000000000
87837  32.655  -81.507  1.899 0.0000000000
87838  33.444  -81.687  1.511 0.0000000000
87839  32.598  -82.102  1.521 0.0000000000
87840  32.718  -82.640  1.037 0.0000000000
87841  31.956  -82.514  1.504 0.0000000000
87842  30.053  -83.499  2.249 0.0000000000
87843  30.687  -83.467  1.669 0.0000000000
87844  30.114  -84.033  1.797 0.0000000000
87845  30.207  -84.545  1.378 0.0000000000
87846  29.600  -84.640  1.938 0.0000000000
87847  27.970  -84.201  4.758 0.0000000000
87848  28.414  -83.897  4.091 0.0000000000
87849  28.005  -84.602  4.282 0.0000000000
87850  27.780  -86.043  3.637 0.0000000000
87851  28.110  -85.469  3.417 0.0000000000
87852  28.167  -85.900  2.986 0.0000000000
87853  28.646  -85.751  2.340 0.0000000000
87854  28.170  -86.372  2.536 0.0000000000
87855  28.314  -86.895  2.154 0.0000000000
87856  27.900  -87.058  2.800 0.0000000000
87857  27.147  -88.588  3.967 0.0000000000
87858  27.396  -88.368  3.293 0.0000000000
87859  27.146  -89.062  3.442 0.0000000000
87860  27.132  -89.450  2.916 0.0000000000
87861  26.898  -89.719  3.519 0.0000000000
92764  37.085  -81.988  1.673 0.0000000000
92765  37.574  -82.306  1.608 0.0000000000
92766  36.894  -82.494  1.229 0.0000000000
92767  36.745  -83.029  0.756 0.0000000000
92768  36.660  -83.570  0.334 0.0000000000
93844  27.773  -89.052  1.808 0.0000000000
93845  28.037  -89.126  1.389 0.0000000000
93846  27.680  -89.735  1.457 0.0000000000
93847  27.690  -90.408  1.234 0.0000000000
93848  27.763  -91.068  1.042 0.0000000000
97033  39.111  -75.257  9.657 0.0000000000
97034  39.669  -75.264  9.126 0.0000000000
97035  38.930  -75.451  8.951 0.0000000000
97036  38.857  -75.739  8.304 0.0000000000
97037  38.741  -76.002  7.715 0.0000000000
97038  38.648  -76.301  7.177 0.0000000000
97039  37.993  -76.180  7.567 0.0000000000
97040  37.251  -76.430  7.435 0.0000000000
97041  36.501  -76.702  7.334 0.0000000000
97052  29.765  -82.852  8.171 0.0000000000
97054  28.611  -83.772  8.041 0.0000000000
97055  28.079  -84.018  7.639 0.0000000000
97056  27.638  -84.260  7.187 0.0000000000
97057  27.646  -84.754  7.906 0.0000000000
99744  29.483  -93.456  -8.825 0.0000000000
99745  30.109  -92.866  -8.709 0.0000000000
99746  29.996  -93.352  -9.456 0.0000000000
101354  41.893  -75.389  13.959 0.0000000000
101355  41.226  -75.587  13.833 0.0000000000
101356  40.710  -75.354  13.376 0.0000000000
101357  40.275  -75.136  12.872 0.0000000000
101358  39.868  -75.024  12.258 0.0000000000
101359  39.670  -75.425  12.791 0.0000000000
101360  39.128  -75.752  12.722 0.0000000000
101361  38.647  -76.133  12.665 0.0000000000
102970  31.636  -84.537  0.461 0.0000000000
102971  32.187  -84.743  0.101 0.0000000000
102972  31.548  -85.251  0.238 0.0000000000
102973  31.404  -85.971  0.012 0.0000000000
102974  31.267  -86.587  -0.139 0.0000000000
102975  29.742  -89.591  -0.018 0.0000000000
102976  30.098  -89.057  -0.219 0.0000000000
102977  30.137  -89.790  -0.447 0.0000000000
102978  30.456  -89.950  -0.874 0.0000000000
102982  30.117  -91.096  -2.212 0.0000000000
102983  29.895  -91.607  -2.642 0.0000000000
102985  27.724  -93.649  0.634 0.0000000000
102986  27.904  -94.341  0.385 0.0000000000
102987  28.355  -94.299  0.174 0.0000000000
102988  28.758  -94.342  -0.085 0.0000000000
102989  28.353  -96.207  -3.360 0.0000000000
102990  28.856  -95.612  -2.491 0.0000000000
102991  28.548  -95.615  -3.387 0.0000000000
102992  28.773  -95.037  -3.439 0.0000000000
102993  28.939  -94.437  -3.440 0.0000000000
102994  29.032  -93.873  -3.441 0.0000000000
102995  28.637  -94.364  -4.054 0.0000000000
102996  28.442  -94.230  -4.685 0.0000000000
102997  28.300  -94.122  -5.408 0.0000000000
102998  28.227  -94.030  -6.189 0.0000000000
102999  28.077  -94.700  -6.248 0.0000000000
103000  27.954  -95.192  -7.025 0.0000000000
103001  27.812  -95.661  -7.707 0.0000000000
103003  26.652  -97.743  -9.229 0.0000000000
103007  26.518  -97.034  -11.736 0.0000000000
107709  34.409  -85.882  -0.793 0.0000000000
107710  35.202  -85.541  -0.739 0.0000000000
112539  49.046  -75.542  8.713 0.0000000000
112540  44.366  -73.895  11.673 0.0000000000
112541  44.935  -73.811  11.577 0.0000000000
112542  44.538  -74.113  11.162 0.0000000000
112543  44.666  -74.385  10.636 0.0000000000
112544  44.859  -74.766  10.197 0.0000000000
112545  42.863  -76.149  7.969 0.0000000000
112546  43.707  -75.976  8.436 0.0000000000
112547  43.684  -76.449  8.008 0.0000000000
112548  44.534  -76.767  8.082 0.0000000000
112549  45.426  -76.960  8.160 0.0000000000
112550  46.237  -77.107  8.222 0.0000000000
112551  45.331  -77.492  7.853 0.0000000000
112552  45.183  -77.985  7.553 0.0000000000
112553  44.966  -78.513  7.233 0.0000000000
112554  44.840  -78.946  6.859 0.0000000000
112555  43.994  -78.623  6.805 0.0000000000
112556  43.031  -78.636  6.332 0.0000000000
112557  42.085  -78.628  5.846 0.0000000000
112558  38.010  -77.747  5.220 0.0000000000
112559  38.716  -78.046  5.072 0.0000000000
112560  37.910  -78.170  4.808 0.0000000000
112561  37.859  -78.664  4.378 0.0000000000
112562  37.733  -79.206  3.940 0.0000000000
112563  37.594  -79.795  3.503 0.0000000000
112564  36.976  -79.416  3.684 0.0000000000
112565  36.188  -79.654  3.320 0.0000000000
112566  35.334  -79.938  2.952 0.0000000000
112579  36.806  -78.358  12.606 0.0000000000
112580  36.313  -78.232  11.928 0.0000000000
112589  33.471  -80.602  10.107 0.0000000000
112590  33.889  -79.901  10.187 0.0000000000
112591  34.336  -79.254  10.323 0.0000000000
112592  33.821  -79.231  9.727 0.0000000000
112593  33.941  -78.706  9.184 0.0000000000
112594  34.106  -78.235  8.638 0.0000000000
112595  34.307  -77.816  8.115 0.0000000000
112596  33.729  -78.335  8.055 0.0000000000
112597  33.382  -78.463  7.463 0.0000000000
112598  33.041  -78.599  6.874 0.0000000000
112599  30.270  -80.891  5.794 0.0000000000
112600  30.935  -80.147  5.719 0.0000000000
112601  30.621  -80.484  5.178 0.0000000000
112602  31.044  -80.246  4.520 0.0000000000
112603  31.576  -80.177  3.908 0.0000000000
112604  32.193  -80.205  3.376 0.0000000000
112605  31.395  -80.732  3.402 0.0000000000
112606  31.290  -81.324  2.952 0.0000000000
112607  31.268  -81.923  2.466 0.0000000000
112608  31.272  -82.459  1.990 0.0000000000
112609  30.634  -82.445  2.574 0.0000000000
112610  30.002  -83.005  2.710 0.0000000000
112611  29.422  -83.617  2.879 0.0000000000
112612  27.249  -85.589  5.140 0.0000000000
112613  27.629  -85.287  4.489 0.0000000000
112614  27.279  -85.947  4.706 0.0000000000
112615  27.375  -86.278  4.304 0.0000000000
112616  27.454  -86.699  3.888 0.0000000000
112617  27.566  -87.173  3.473 0.0000000000
112618  27.228  -87.387  4.179 0.0000000000
112619  27.072  -88.090  4.422 0.0000000000
112620  26.973  -88.811  4.627 0.0000000000
116608  40.354  -81.020  3.304 0.0000000000
116609  40.819  -81.292  3.379 0.0000000000
116610  39.930  -81.539  2.938 0.0000000000
116611  39.560  -82.136  2.538 0.0000000000
116612  39.312  -82.726  2.096 0.0000000000
116613  38.047  -82.614  1.621 0.0000000000
116614  38.590  -82.948  1.642 0.0000000000
119128  29.277  -86.648  1.082 0.0000000000
119129  29.781  -86.736  0.687 0.0000000000
119130  29.227  -87.282  0.876 0.0000000000
119131  29.141  -87.921  0.698 0.0000000000
119132  29.225  -88.664  0.492 0.0000000000
119133  28.379  -89.218  0.987 0.0000000000
119134  28.792  -89.302  0.660 0.0000000000
119135  29.261  -89.408  0.336 0.0000000000
119136  29.404  -90.158  0.164 0.0000000000
119137  29.537  -90.834  -0.084 0.0000000000
119138  29.666  -91.465  -0.302 0.0000000000
119139  27.306  -96.670  -0.527 0.0000000000
119140  28.013  -96.046  -0.385 0.0000000000
119141  27.735  -96.718  -0.923 0.0000000000
119142  28.066  -96.767  -1.516 0.0000000000
119143  28.101  -96.800  -2.424 0.0000000000
119144  26.717  -97.728  -3.593 0.0000000000
119145  27.399  -97.308  -3.520 0.0000000000
119146  27.975  -96.807  -3.374 0.0000000000
119147  27.774  -96.794  -4.313 0.0000000000
119148  27.671  -96.785  -5.099 0.0000000000
119149  27.671  -96.693  -5.794 0.0000000000
119150  27.677  -96.594  -6.485 0.0000000000
119151  27.311  -97.223  -6.498 0.0000000000
119152  26.892  -97.717  -7.192 0.0000000000
119153  26.460  -98.113  -7.834 0.0000000000
126570  48.026  -73.725  10.968 0.0000000000
126571  41.830  -74.518  10.287 0.0000000000
126572  42.552  -74.695  9.970 0.0000000000
126573  41.838  -74.786  9.726 0.0000000000
126574  41.866  -75.101  9.189 0.0000000000
126575  41.926  -75.499  8.657 0.0000000000
126576  40.340  -75.416  8.703 0.0000000000
126577  41.100  -75.647  8.352 0.0000000000
126578  41.936  -75.912  8.123 0.0000000000
126579  41.941  -76.287  7.572 0.0000000000
126580  41.839  -76.678  7.136 0.0000000000
126581  41.696  -77.060  6.806 0.0000000000
126582  41.536  -77.449  6.471 0.0000000000
126583  40.710  -77.124  6.531 0.0000000000
126584  39.813  -77.213  6.258 0.0000000000
126585  38.983  -77.279  5.973 0.0000000000
126586  38.500  -76.654  6.672 0.0000000000
126587  38.346  -76.994  6.170 0.0000000000
126588  38.173  -77.387  5.682 0.0000000000
126589  37.401  -77.557  5.457 0.0000000000
126590  36.649  -77.786  5.291 0.0000000000
126591  35.851  -78.012  5.131 0.0000000000
126612  31.840  -81.215  8.935 0.0000000000
126613  31.782  -80.564  8.518 0.0000000000
126614  31.890  -80.003  8.007 0.0000000000
126615  31.304  -80.670  7.994 0.0000000000
126616  30.851  -80.820  7.441 0.0000000000
126617  30.430  -81.034  6.890 0.0000000000
126618  29.683  -82.325  7.663 0.0000000000
126619  29.810  -81.802  7.004 0.0000000000
126620  30.008  -81.337  6.379 0.0000000000
126621  29.623  -81.646  5.908 0.0000000000
126622  29.267  -82.011  5.397 0.0000000000
126623  29.061  -82.406  4.881 0.0000000000
126624  28.941  -82.786  4.393 0.0000000000
126625  28.538  -83.060  5.048 0.0000000000
126626  28.027  -83.791  5.244 0.0000000000
126627  27.578  -84.504  5.433 0.0000000000
126628  27.421  -84.555  6.728 0.0000000000
126629  27.243  -84.912  6.195 0.0000000000
126630  27.213  -85.218  5.618 0.0000000000
126631  26.940  -85.929  5.832 0.0000000000
126632  26.698  -86.664  6.075 0.0000000000
126633  26.568  -87.376  6.306 0.0000000000
129164  26.969  -95.996  0.049 0.0000000000
129173  26.827  -96.602  -0.269 0.0000000000
132489  30.258  -91.417  -6.157 0.0000000000
132490  31.016  -90.742  -6.095 0.0000000000
132491  30.697  -91.379  -6.763 0.0000000000
132492  31.179  -91.332  -7.368 0.0000000000
132494  30.786  -92.279  -8.683 0.0000000000
135885  44.314  -73.738  12.203 0.0000000000
135886  43.820  -73.900  11.899 0.0000000000
135887  43.259  -74.084  11.557 0.0000000000
135888  42.617  -74.168  11.174 0.0000000000
135891  42.781  -74.416  13.415 0.0000000000
135892  42.018  -74.971  13.582 0.0000000000
135893  42.159  -74.592  13.217 0.0000000000
135894  42.341  -74.277  12.838 0.0000000000
135895  42.146  -74.209  12.223 0.0000000000
135896  42.002  -74.178  11.549 0.0000000000
135897  41.901  -74.262  10.873 0.0000000000
135898  41.142  -74.412  10.693 0.0000000000
135899  40.497  -74.558  10.541 0.0000000000
135900  39.862  -74.794  10.467 0.0000000000
135901  39.585  -74.942  11.637 0.0000000000
135902  39.379  -74.917  11.046 0.0000000000
135903  39.255  -75.072  10.356 0.0000000000
135904  38.662  -75.381  10.193 0.0000000000
135905  38.036  -75.716  9.996 0.0000000000
135906  37.431  -76.063  9.893 0.0000000000
139246  34.340  -82.974  0.417 0.0000000000
139247  34.885  -83.219  0.193 0.0000000000
139248  34.200  -83.542  0.012 0.0000000000
139249  34.074  -84.143  -0.263 0.0000000000
139250  33.969  -84.796  -0.481 0.0000000000
139251  32.733  -84.974  -0.217 0.0000000000
139252  33.299  -85.233  -0.468 0.0000000000
139253  33.847  -85.534  -0.660 0.0000000000
139254  33.729  -86.294  -0.739 0.0000000000
139255  33.571  -87.044  -0.906 0.0000000000
139257  30.240  -86.864  0.316 0.0000000000
139258  30.669  -87.033  -0.024 0.0000000000
139259  31.117  -87.261  -0.292 0.0000000000
139260  30.510  -88.565  -0.411 0.0000000000
139261  31.011  -88.025  -0.514 0.0000000000
139262  31.623  -87.539  -0.600 0.0000000000
139263  32.156  -87.846  -0.902 0.0000000000
139274  30.317  -90.991  -5.019 0.0000000000
139276  27.572  -91.655  1.149 0.0000000000
139277  28.032  -91.787  0.833 0.0000000000
139278  27.994  -93.030  0.673 0.0000000000
139279  28.248  -92.463  0.633 0.0000000000
139280  28.526  -91.899  0.528 0.0000000000
139281  29.031  -91.948  0.235 0.0000000000
139282  29.394  -92.020  -0.157 0.0000000000
139283  29.668  -92.113  -0.602 0.0000000000
139284  28.506  -95.483  -0.344 0.0000000000
139285  28.834  -94.943  -0.416 0.0000000000
139286  29.090  -94.365  -0.510 0.0000000000
139287  29.134  -94.992  -1.754 0.0000000000
139288  29.324  -94.375  -1.102 0.0000000000
139289  29.287  -93.840  -0.630 0.0000000000
139290  29.514  -93.325  -0.752 0.0000000000
139291  29.716  -92.751  -0.922 0.0000000000
139292  29.842  -92.229  -1.120 0.0000000000
139293  29.865  -92.307  -1.771 0.0000000000
139294  29.762  -92.274  -2.451 0.0000000000
139295  29.618  -92.181  -3.114 0.0000000000
139296  29.144  -93.399  -3.512 0.0000000000
139297  29.336  -92.799  -3.584 0.0000000000
139298  29.499  -92.062  -3.749 0.0000000000
139299  29.559  -91.890  -4.316 0.0000000000
139300  29.678  -91.722  -4.939 0.0000000000
139301  29.846  -91.540  -5.609 0.0000000000
139302  29.591  -92.074  -6.164 0.0000000000
139303  29.344  -92.521  -6.824 0.0000000000
139304  29.174  -92.998  -7.488 0.0000000000
139305  28.407  -93.840  -6.873 0.0000000000
139306  28.661  -93.684  -7.558 0.0000000000
139307  29.007  -93.543  -8.239 0.0000000000
139308  28.971  -94.180  -8.873 0.0000000000
139309  28.900  -94.576  -9.552 0.0000000000
139310  28.819  -94.942  -10.237 0.0000000000
139311  27.658  -96.498  -7.174 0.0000000000
139312  27.634  -96.310  -7.778 0.0000000000
139313  27.695  -96.112  -8.401 0.0000000000
139314  27.099  -97.170  -9.202 0.0000000000
139315  27.474  -96.564  -9.118 0.0000000000
139316  27.842  -95.900  -9.030 0.0000000000
139317  28.072  -95.731  -9.662 0.0000000000
139318  28.346  -95.493  -10.326 0.0000000000
139319  28.667  -95.236  -10.987 0.0000000000
148845  35.490  -83.477  0.039 0.0000000000
148846  36.097  -83.766  -0.058 0.0000000000
148847  36.635  -84.115  -0.044 0.0000000000
148848  35.913  -85.194  -0.607 0.0000000000
148849  36.561  -84.819  -0.357 0.0000000000
148850  37.169  -84.491  -0.009 0.0000000000
158527  45.544  -73.732  11.566 0.0000000000
158528  46.183  -73.626  11.637 0.0000000000
158529  46.717  -73.388  11.675 0.0000000000
158530  47.040  -73.703  11.341 0.0000000000
158531  47.411  -74.071  11.005 0.0000000000
158532  47.848  -74.433  10.651 0.0000000000
158533  43.391  -74.890  9.726 0.0000000000
158534  44.204  -75.008  9.689 0.0000000000
158535  45.084  -75.149  9.759 0.0000000000
158536  44.521  -75.819  8.914 0.0000000000
158537  45.263  -75.539  9.367 0.0000000000
158538  45.891  -75.184  9.851 0.0000000000
158539  46.717  -75.135  10.052 0.0000000000
158540  47.514  -75.045  10.146 0.0000000000
158541  48.200  -74.824  10.144 0.0000000000
158542  48.483  -75.295  9.587 0.0000000000
158543  48.564  -75.805  9.018 0.0000000000
158544  48.497  -76.343  8.492 0.0000000000
158545  47.018  -77.170  8.285 0.0000000000
158546  47.770  -77.072  8.238 0.0000000000
158547  48.390  -76.897  8.036 0.0000000000
158554  44.649  -79.272  6.449 0.0000000000
158555  44.447  -79.641  6.070 0.0000000000
158556  44.229  -79.922  5.598 0.0000000000
158557  43.229  -80.011  5.193 0.0000000000
158558  42.223  -80.154  4.694 0.0000000000
158559  41.318  -80.296  4.222 0.0000000000
158560  41.425  -77.871  6.122 0.0000000000
158561  41.296  -78.290  5.766 0.0000000000
158562  41.109  -78.674  5.422 0.0000000000
158563  39.480  -78.399  4.981 0.0000000000
158564  40.182  -78.736  4.977 0.0000000000
158565  40.925  -79.103  5.021 0.0000000000
158566  40.756  -79.587  4.594 0.0000000000
158567  40.586  -80.030  4.149 0.0000000000
158568  40.477  -80.509  3.711 0.0000000000
158569  39.670  -80.748  3.246 0.0000000000
158570  38.849  -81.014  2.846 0.0000000000
158571  37.900  -81.266  2.482 0.0000000000
158572  37.443  -80.333  3.076 0.0000000000
158573  37.294  -80.915  2.574 0.0000000000
158574  37.133  -81.498  2.093 0.0000000000
158575  36.445  -81.713  1.657 0.0000000000
158576  35.751  -81.947  1.308 0.0000000000
158577  35.025  -82.208  1.043 0.0000000000
158596  38.941  -76.870  13.772 0.0000000000
158597  38.536  -76.711  13.188 0.0000000000
158598  38.198  -76.601  12.636 0.0000000000
158599  37.665  -77.485  12.991 0.0000000000
158600  37.703  -76.959  12.475 0.0000000000
158601  37.843  -76.485  11.969 0.0000000000
158602  37.486  -76.415  11.310 0.0000000000
158603  37.106  -76.381  10.520 0.0000000000
158604  36.791  -76.391  9.771 0.0000000000
158624  35.857  -78.717  11.710 0.0000000000
158625  35.789  -78.121  11.219 0.0000000000
158626  34.809  -78.621  10.430 0.0000000000
158627  35.293  -78.028  10.504 0.0000000000
158628  35.785  -77.553  10.701 0.0000000000
158629  35.940  -77.106  10.188 0.0000000000
158630  36.163  -76.723  9.624 0.0000000000
158631  36.484  -76.455  9.057 0.0000000000
158632  36.230  -76.592  8.391 0.0000000000
158633  35.956  -76.770  7.773 0.0000000000
158634  35.704  -77.002  7.226 0.0000000000
158635  34.589  -77.541  7.598 0.0000000000
158636  35.009  -77.369  7.119 0.0000000000
158637  35.526  -77.319  6.651 0.0000000000
158638  35.322  -77.617  6.059 0.0000000000
158639  35.152  -77.869  5.490 0.0000000000
158640  35.033  -78.248  4.952 0.0000000000
158641  32.094  -79.532  7.418 0.0000000000
158642  32.347  -79.093  6.837 0.0000000000
158643  32.692  -78.740  6.269 0.0000000000
158644  31.580  -79.525  5.672 0.0000000000
158645  32.333  -79.000  5.599 0.0000000000
158646  33.095  -78.533  5.676 0.0000000000
158647  33.628  -78.456  5.174 0.0000000000
158648  34.212  -78.508  4.728 0.0000000000
158649  34.879  -78.672  4.407 0.0000000000
158650  34.776  -79.096  3.814 0.0000000000
158651  34.598  -79.625  3.216 0.0000000000
158652  34.437  -80.228  2.640 0.0000000000
158653  32.839  -80.329  2.895 0.0000000000
158654  33.566  -80.520  2.439 0.0000000000
158655  34.384  -80.778  2.162 0.0000000000
158656  34.312  -81.366  1.683 0.0000000000
158657  34.246  -81.972  1.243 0.0000000000
158658  34.253  -82.479  0.826 0.0000000000
158659  33.523  -82.789  0.655 0.0000000000
158660  32.847  -83.156  0.597 0.0000000000
158661  32.200  -83.575  0.633 0.0000000000
158662  31.311  -82.972  1.557 0.0000000000
158663  31.407  -83.498  1.123 0.0000000000
158664  31.537  -84.027  0.749 0.0000000000
158665  30.880  -84.510  0.896 0.0000000000
158666  30.304  -85.035  1.008 0.0000000000
158667  29.769  -85.594  1.201 0.0000000000
158668  28.871  -83.236  3.906 0.0000000000
158669  28.897  -83.716  3.456 0.0000000000
158670  28.963  -84.241  3.001 0.0000000000
158671  28.056  -85.024  3.828 0.0000000000
158672  28.504  -84.868  3.197 0.0000000000
158673  29.039  -84.750  2.550 0.0000000000
158674  29.130  -85.195  2.148 0.0000000000
158675  29.174  -85.655  1.761 0.0000000000
158676  29.245  -86.161  1.386 0.0000000000
158677  28.778  -86.745  1.562 0.0000000000
158678  28.439  -87.380  1.776 0.0000000000
158679  28.024  -87.990  1.962 0.0000000000
158680  27.648  -87.695  3.075 0.0000000000
158681  27.688  -88.186  2.636 0.0000000000
158682  27.717  -88.610  2.169 0.0000000000
158683  27.419  -89.239  2.329 0.0000000000
158684  27.119  -89.852  2.432 0.0000000000
158703  26.589  -88.363  6.030 0.0000000000
158704  26.703  -88.758  5.636 0.0000000000
158705  26.830  -89.155  5.201 0.0000000000
