#!ascii label  , from subject fsaverage vox2ras=TkReg
1814
34  44.037  -67.727  6.992 0.0000000000
157  52.384  -53.825  -4.572 0.0000000000
346  45.326  -60.329  6.871 0.0000000000
348  45.803  -60.116  2.383 0.0000000000
570  53.835  -50.667  7.184 0.0000000000
571  49.603  -53.936  13.439 0.0000000000
627  57.029  -43.798  -9.912 0.0000000000
629  55.948  -57.675  -9.888 0.0000000000
826  42.997  -62.890  6.819 0.0000000000
827  46.911  -61.481  4.357 0.0000000000
828  42.969  -64.099  4.318 0.0000000000
1399  53.947  -54.535  -2.044 0.0000000000
1402  59.408  -45.274  -6.905 0.0000000000
1403  53.785  -48.858  -7.456 0.0000000000
1405  40.354  -68.107  -1.559 0.0000000000
1776  51.120  -61.115  3.874 0.0000000000
1777  50.185  -58.191  1.665 0.0000000000
1778  50.291  -57.138  -0.784 0.0000000000
1991  43.315  -71.231  3.675 0.0000000000
2348  51.498  -52.675  9.513 0.0000000000
2349  53.421  -56.458  10.887 0.0000000000
2351  50.418  -56.978  13.764 0.0000000000
2352  48.593  -56.403  9.127 0.0000000000
2353  44.178  -57.421  8.571 0.0000000000
2354  40.710  -60.274  9.109 0.0000000000
2516  62.190  -40.277  -9.513 0.0000000000
2518  40.540  -66.100  1.859 0.0000000000
2523  53.859  -55.662  -7.259 0.0000000000
2524  54.185  -50.914  -10.795 0.0000000000
2746  42.938  -65.210  6.933 0.0000000000
2747  43.797  -63.581  5.588 0.0000000000
2748  43.286  -66.073  5.549 0.0000000000
3319  53.113  -54.161  -3.585 0.0000000000
3321  53.752  -51.315  -4.626 0.0000000000
3322  54.791  -48.986  -5.902 0.0000000000
3323  52.902  -51.255  -6.073 0.0000000000
3916  47.141  -59.506  6.386 0.0000000000
3918  48.409  -60.938  5.554 0.0000000000
3919  46.405  -60.562  3.461 0.0000000000
3920  48.415  -59.925  3.136 0.0000000000
3921  48.003  -58.769  2.177 0.0000000000
3922  50.149  -57.071  0.158 0.0000000000
3923  47.906  -58.237  1.094 0.0000000000
5222  47.967  -52.429  12.816 0.0000000000
5224  50.613  -53.430  11.486 0.0000000000
5225  52.909  -54.620  10.480 0.0000000000
5226  52.070  -55.330  12.257 0.0000000000
5233  49.160  -56.662  11.434 0.0000000000
5235  46.351  -56.655  8.439 0.0000000000
5644  58.040  -44.371  -8.325 0.0000000000
5645  61.111  -42.769  -8.149 0.0000000000
5646  59.877  -41.916  -9.861 0.0000000000
5647  61.229  -40.129  -11.262 0.0000000000
5648  59.192  -42.360  -11.776 0.0000000000
5649  42.963  -72.991  2.136 0.0000000000
5650  41.389  -69.254  2.809 0.0000000000
5651  40.998  -70.503  1.401 0.0000000000
5652  41.540  -64.790  -2.785 0.0000000000
5663  53.681  -59.100  -6.025 0.0000000000
5664  55.334  -56.912  -8.415 0.0000000000
5665  54.225  -53.524  -9.400 0.0000000000
5666  55.481  -54.660  -10.662 0.0000000000
6094  43.879  -61.230  6.835 0.0000000000
6095  46.637  -61.444  5.771 0.0000000000
6096  45.100  -62.003  5.836 0.0000000000
6097  44.763  -62.180  4.481 0.0000000000
6098  43.969  -62.090  3.360 0.0000000000
7120  55.411  -52.674  7.895 0.0000000000
7121  55.772  -50.650  6.344 0.0000000000
7125  54.509  -55.797  -0.167 0.0000000000
7131  57.623  -47.427  -5.914 0.0000000000
7132  56.279  -46.740  -7.074 0.0000000000
7133  55.094  -46.376  -8.474 0.0000000000
7135  40.886  -71.469  -0.351 0.0000000000
7137  41.082  -68.723  -3.559 0.0000000000
7144  56.281  -55.702  -12.767 0.0000000000
7982  53.273  -59.690  2.546 0.0000000000
7983  48.929  -61.215  3.925 0.0000000000
7984  50.655  -59.880  2.735 0.0000000000
7985  52.605  -58.015  1.608 0.0000000000
7986  52.022  -56.304  -0.261 0.0000000000
7987  51.974  -56.070  -1.872 0.0000000000
7988  51.749  -56.170  -3.152 0.0000000000
8555  43.837  -69.270  5.231 0.0000000000
9600  52.638  -51.682  8.213 0.0000000000
9601  54.060  -53.680  8.986 0.0000000000
9602  54.525  -55.700  9.471 0.0000000000
9606  48.414  -54.328  15.382 0.0000000000
9609  50.971  -55.779  14.072 0.0000000000
9610  52.064  -56.921  12.341 0.0000000000
9611  51.227  -56.781  10.216 0.0000000000
9614  46.582  -58.055  7.172 0.0000000000
9615  44.514  -58.886  7.545 0.0000000000
9617  42.180  -58.628  8.996 0.0000000000
9618  42.818  -60.083  7.874 0.0000000000
9619  41.694  -61.640  7.654 0.0000000000
9620  41.477  -63.979  7.774 0.0000000000
9621  42.146  -66.503  8.203 0.0000000000
10104  64.038  -38.188  -8.767 0.0000000000
10105  63.409  -37.843  -10.544 0.0000000000
10106  62.917  -38.285  -12.607 0.0000000000
10108  42.176  -67.655  4.013 0.0000000000
10109  41.640  -65.087  3.070 0.0000000000
10110  42.628  -62.256  2.233 0.0000000000
10111  40.059  -67.272  0.392 0.0000000000
10112  41.449  -62.611  0.791 0.0000000000
10116  51.623  -56.762  -3.876 0.0000000000
10124  52.387  -57.711  -4.793 0.0000000000
10125  52.626  -54.442  -6.048 0.0000000000
10126  53.115  -52.269  -8.048 0.0000000000
10127  53.463  -49.736  -9.233 0.0000000000
10128  54.504  -47.108  -10.234 0.0000000000
10129  55.680  -52.198  -12.600 0.0000000000
10130  55.186  -48.226  -12.294 0.0000000000
10131  56.624  -44.807  -11.842 0.0000000000
10426  43.434  -66.457  7.080 0.0000000000
10427  43.364  -65.562  6.327 0.0000000000
10428  43.626  -66.872  6.316 0.0000000000
10999  52.707  -53.976  -4.035 0.0000000000
11000  53.448  -52.755  -3.960 0.0000000000
11001  52.951  -52.529  -4.545 0.0000000000
11002  53.227  -51.179  -5.322 0.0000000000
11003  52.649  -52.543  -5.264 0.0000000000
11596  46.213  -59.873  6.653 0.0000000000
11597  47.730  -60.225  6.034 0.0000000000
11598  46.842  -60.594  6.254 0.0000000000
11599  46.153  -60.295  2.914 0.0000000000
11600  47.139  -59.739  2.897 0.0000000000
11601  46.981  -59.352  2.315 0.0000000000
11602  47.913  -58.446  1.591 0.0000000000
11603  46.792  -59.117  1.806 0.0000000000
12902  48.869  -53.217  13.101 0.0000000000
12903  49.302  -52.923  12.118 0.0000000000
12904  50.174  -53.704  12.476 0.0000000000
12905  51.423  -54.347  11.917 0.0000000000
12906  50.963  -54.617  12.832 0.0000000000
13308  53.847  -49.645  6.397 0.0000000000
13324  57.513  -43.924  -9.066 0.0000000000
13325  59.032  -43.050  -9.068 0.0000000000
13326  58.527  -42.764  -9.933 0.0000000000
13327  59.452  -41.917  -10.866 0.0000000000
13328  58.150  -42.962  -10.853 0.0000000000
13329  42.996  -73.325  1.334 0.0000000000
13330  41.906  -71.872  1.736 0.0000000000
13331  41.927  -72.232  0.949 0.0000000000
13343  55.051  -58.524  -8.003 0.0000000000
13344  55.786  -57.346  -9.061 0.0000000000
13345  55.585  -55.803  -9.531 0.0000000000
13346  56.122  -56.277  -10.225 0.0000000000
13996  43.374  -61.866  6.831 0.0000000000
13997  44.605  -61.562  6.421 0.0000000000
13998  43.983  -62.268  6.376 0.0000000000
13999  43.412  -63.851  4.876 0.0000000000
14000  44.166  -62.987  4.953 0.0000000000
14001  43.710  -63.011  4.352 0.0000000000
14002  44.392  -62.129  3.888 0.0000000000
14003  43.288  -63.091  3.804 0.0000000000
15706  56.042  -53.747  8.308 0.0000000000
15707  56.489  -52.778  7.577 0.0000000000
15714  54.168  -54.951  -1.130 0.0000000000
15724  54.226  -48.793  -6.626 0.0000000000
15725  55.545  -47.884  -6.459 0.0000000000
15726  54.898  -47.692  -7.187 0.0000000000
15727  55.635  -46.476  -7.763 0.0000000000
15728  54.364  -47.646  -7.902 0.0000000000
17509  50.841  -60.953  4.751 0.0000000000
17513  52.231  -60.559  3.037 0.0000000000
17514  47.054  -61.753  5.060 0.0000000000
17515  47.901  -61.585  4.916 0.0000000000
17516  47.930  -61.343  4.163 0.0000000000
17517  49.234  -59.120  2.515 0.0000000000
17518  49.473  -59.850  2.914 0.0000000000
17519  50.383  -59.092  2.317 0.0000000000
17520  51.636  -59.047  2.200 0.0000000000
17521  51.384  -58.083  1.557 0.0000000000
17522  52.276  -57.061  0.703 0.0000000000
17523  51.128  -57.245  0.717 0.0000000000
17524  50.245  -56.956  -0.409 0.0000000000
17525  51.106  -56.535  -0.871 0.0000000000
17526  51.149  -56.600  -1.447 0.0000000000
17527  51.892  -56.224  -2.584 0.0000000000
17528  51.180  -56.795  -1.914 0.0000000000
21430  50.206  -52.214  10.107 0.0000000000
21432  50.725  -51.763  9.219 0.0000000000
21433  51.342  -51.348  8.608 0.0000000000
21434  52.068  -52.171  8.733 0.0000000000
21435  53.350  -52.641  8.478 0.0000000000
21436  52.757  -53.144  9.133 0.0000000000
21437  53.348  -55.614  10.758 0.0000000000
21438  53.845  -55.198  10.013 0.0000000000
21439  53.881  -56.134  10.190 0.0000000000
21441  53.340  -56.742  10.087 0.0000000000
21455  50.620  -56.597  14.878 0.0000000000
21456  50.368  -55.800  14.927 0.0000000000
21457  51.139  -56.547  14.035 0.0000000000
21458  51.844  -56.435  13.221 0.0000000000
21459  51.213  -56.941  13.022 0.0000000000
21460  48.759  -56.402  10.288 0.0000000000
21461  50.204  -56.702  10.806 0.0000000000
21462  49.820  -56.484  9.617 0.0000000000
21463  50.969  -56.688  9.033 0.0000000000
21467  45.299  -56.958  8.451 0.0000000000
21468  46.428  -57.269  7.674 0.0000000000
21469  45.414  -57.626  7.823 0.0000000000
21470  45.542  -58.456  7.353 0.0000000000
21471  44.297  -58.183  8.001 0.0000000000
21477  41.404  -59.394  9.137 0.0000000000
21478  42.518  -59.378  8.408 0.0000000000
21479  41.767  -60.138  8.444 0.0000000000
21480  42.202  -60.783  7.775 0.0000000000
21481  41.132  -60.972  8.310 0.0000000000
21483  40.706  -63.209  8.288 0.0000000000
21484  40.719  -64.471  8.424 0.0000000000
21485  41.649  -65.237  7.949 0.0000000000
22644  56.604  -50.666  5.832 0.0000000000
22645  55.585  -49.636  5.357 0.0000000000
22689  60.118  -45.831  -6.321 0.0000000000
22691  61.052  -44.629  -6.767 0.0000000000
22692  61.790  -41.444  -8.894 0.0000000000
22693  62.529  -41.992  -8.117 0.0000000000
22694  62.907  -40.587  -8.789 0.0000000000
22695  63.881  -39.659  -8.427 0.0000000000
22696  63.288  -39.362  -9.248 0.0000000000
22697  63.704  -37.972  -9.653 0.0000000000
22698  62.754  -39.064  -10.066 0.0000000000
22699  60.966  -40.486  -12.152 0.0000000000
22700  62.031  -39.194  -11.836 0.0000000000
22704  43.611  -70.226  4.389 0.0000000000
22705  42.929  -68.575  4.603 0.0000000000
22706  42.529  -69.496  3.871 0.0000000000
22707  40.841  -67.788  2.350 0.0000000000
22708  41.168  -67.111  2.874 0.0000000000
22709  41.014  -65.600  2.422 0.0000000000
22710  41.980  -63.587  2.644 0.0000000000
22711  41.241  -63.911  1.979 0.0000000000
22712  40.360  -69.912  -0.939 0.0000000000
22713  40.223  -69.351  0.014 0.0000000000
22714  40.123  -67.670  -0.538 0.0000000000
22716  41.093  -63.085  0.008 0.0000000000
22745  54.034  -57.359  -6.618 0.0000000000
22746  53.069  -58.330  -5.401 0.0000000000
22747  53.227  -56.632  -6.090 0.0000000000
22748  52.547  -56.044  -5.590 0.0000000000
22749  53.139  -54.959  -6.678 0.0000000000
22750  52.842  -53.274  -7.072 0.0000000000
22751  53.425  -53.918  -7.894 0.0000000000
22752  54.152  -52.353  -10.124 0.0000000000
22753  53.610  -51.676  -9.504 0.0000000000
22754  53.704  -50.297  -10.093 0.0000000000
22755  53.824  -48.354  -9.651 0.0000000000
22756  54.034  -48.975  -10.564 0.0000000000
22758  56.135  -54.051  -12.616 0.0000000000
22763  55.659  -46.561  -11.909 0.0000000000
23374  42.815  -64.004  6.823 0.0000000000
23375  43.503  -63.226  6.286 0.0000000000
23376  43.277  -64.333  6.313 0.0000000000
23377  43.391  -64.713  5.576 0.0000000000
23378  42.987  -65.086  4.895 0.0000000000
24405  53.538  -54.384  -2.960 0.0000000000
24407  54.048  -53.096  -3.403 0.0000000000
24410  55.495  -49.322  -5.208 0.0000000000
24411  54.278  -50.058  -5.299 0.0000000000
24412  53.693  -49.968  -6.035 0.0000000000
24413  53.316  -50.048  -6.888 0.0000000000
25480  48.119  -59.247  6.195 0.0000000000
25482  48.729  -59.927  5.835 0.0000000000
25483  49.294  -60.615  5.474 0.0000000000
25484  49.888  -61.206  4.784 0.0000000000
25485  46.645  -61.001  3.924 0.0000000000
25486  47.678  -60.772  3.729 0.0000000000
25487  47.388  -60.169  3.394 0.0000000000
25488  48.204  -59.293  2.769 0.0000000000
25489  49.108  -58.423  1.906 0.0000000000
25490  50.133  -57.499  0.885 0.0000000000
25491  49.029  -57.883  1.251 0.0000000000
25492  49.130  -57.625  0.661 0.0000000000
25493  49.112  -57.619  0.115 0.0000000000
26371  64.849  -35.555  -10.750 0.0000000000
27834  48.425  -52.134  11.797 0.0000000000
27835  49.739  -52.631  11.104 0.0000000000
27836  51.082  -53.076  10.477 0.0000000000
27837  52.248  -53.625  9.991 0.0000000000
27838  51.779  -54.010  10.920 0.0000000000
27839  52.476  -55.000  11.318 0.0000000000
27840  52.900  -55.947  11.615 0.0000000000
27851  49.794  -56.971  12.633 0.0000000000
27853  47.758  -56.418  11.108 0.0000000000
27854  47.421  -56.298  9.914 0.0000000000
27855  47.411  -56.434  8.740 0.0000000000
27857  45.243  -56.509  9.376 0.0000000000
27858  44.154  -56.829  9.394 0.0000000000
27864  40.189  -61.242  8.977 0.0000000000
28590  58.676  -44.870  -7.566 0.0000000000
28591  60.301  -44.205  -7.524 0.0000000000
28592  59.648  -43.592  -8.271 0.0000000000
28593  60.446  -42.311  -8.902 0.0000000000
28594  61.113  -41.110  -9.666 0.0000000000
28595  61.683  -40.121  -10.308 0.0000000000
28596  60.611  -41.017  -10.601 0.0000000000
28597  60.268  -41.297  -11.595 0.0000000000
28598  59.988  -41.670  -12.470 0.0000000000
28599  43.039  -72.225  2.932 0.0000000000
28600  42.162  -70.405  3.208 0.0000000000
28601  41.928  -71.232  2.543 0.0000000000
28602  41.135  -69.941  2.138 0.0000000000
28603  40.484  -68.385  1.701 0.0000000000
28604  40.713  -66.328  -2.213 0.0000000000
28605  40.487  -65.911  -1.179 0.0000000000
28606  41.224  -64.210  -1.850 0.0000000000
28625  54.817  -58.026  -7.210 0.0000000000
28626  54.651  -56.333  -7.897 0.0000000000
28627  54.172  -54.558  -8.480 0.0000000000
28628  54.987  -55.214  -9.007 0.0000000000
28629  54.885  -54.130  -9.962 0.0000000000
28630  54.846  -52.907  -10.840 0.0000000000
29578  44.560  -60.725  6.859 0.0000000000
29579  45.934  -60.910  6.419 0.0000000000
29580  45.324  -61.195  6.362 0.0000000000
29581  45.904  -61.637  5.842 0.0000000000
29582  46.160  -61.908  5.085 0.0000000000
29583  44.389  -62.662  5.750 0.0000000000
29584  45.164  -62.254  5.104 0.0000000000
29585  45.879  -61.684  4.528 0.0000000000
29586  45.558  -61.413  3.990 0.0000000000
29587  45.220  -61.200  3.411 0.0000000000
29588  44.828  -61.046  2.879 0.0000000000
31412  47.447  -52.732  13.883 0.0000000000
31413  48.326  -53.450  14.119 0.0000000000
31972  54.663  -51.670  7.563 0.0000000000
31973  54.841  -50.691  6.800 0.0000000000
31974  55.653  -51.697  7.141 0.0000000000
31975  56.676  -51.714  6.716 0.0000000000
31983  54.901  -56.778  0.753 0.0000000000
31997  58.428  -46.418  -6.346 0.0000000000
31998  56.226  -48.156  -5.907 0.0000000000
31999  56.965  -47.074  -6.421 0.0000000000
32000  57.790  -45.890  -6.977 0.0000000000
32001  57.100  -45.534  -7.668 0.0000000000
32002  56.446  -45.267  -8.356 0.0000000000
32003  55.942  -45.043  -9.080 0.0000000000
32005  41.836  -72.808  0.087 0.0000000000
32007  40.820  -72.108  -1.277 0.0000000000
32008  40.560  -70.310  -1.897 0.0000000000
32010  40.887  -70.615  -2.919 0.0000000000
32011  40.648  -68.425  -2.489 0.0000000000
32012  41.090  -66.732  -3.078 0.0000000000
32026  56.243  -56.794  -11.223 0.0000000000
34281  47.441  -61.237  5.704 0.0000000000
34282  48.872  -61.410  4.815 0.0000000000
34283  49.975  -61.179  3.843 0.0000000000
34284  48.621  -60.586  3.465 0.0000000000
34285  49.772  -60.550  3.270 0.0000000000
34286  51.004  -60.620  3.112 0.0000000000
34287  51.986  -59.809  2.614 0.0000000000
34288  52.932  -58.901  2.168 0.0000000000
34289  53.959  -57.887  1.616 0.0000000000
34290  53.625  -56.956  0.773 0.0000000000
34291  53.235  -56.028  -0.235 0.0000000000
34292  53.035  -55.436  -1.223 0.0000000000
34293  51.097  -56.704  -0.147 0.0000000000
34294  52.014  -56.107  -1.085 0.0000000000
34295  52.924  -55.312  -2.090 0.0000000000
34296  52.686  -55.375  -2.920 0.0000000000
34297  52.385  -55.311  -3.540 0.0000000000
34298  52.109  -55.167  -3.961 0.0000000000
35927  44.130  -68.408  6.165 0.0000000000
35929  44.574  -70.592  5.025 0.0000000000
35930  44.484  -71.631  4.134 0.0000000000
35933  44.190  -72.642  3.459 0.0000000000
39036  53.242  -51.222  7.777 0.0000000000
39037  54.004  -52.147  8.000 0.0000000000
39038  54.712  -53.167  8.391 0.0000000000
39039  55.355  -54.200  8.832 0.0000000000
39040  53.358  -54.134  9.701 0.0000000000
39041  54.509  -54.734  9.369 0.0000000000
39053  47.704  -53.718  15.092 0.0000000000
39054  49.018  -54.154  14.401 0.0000000000
39061  49.149  -55.075  15.701 0.0000000000
39062  49.748  -54.978  14.732 0.0000000000
39063  50.377  -54.871  13.758 0.0000000000
39064  51.558  -55.614  13.174 0.0000000000
39065  52.415  -56.284  12.419 0.0000000000
39066  52.823  -56.747  11.663 0.0000000000
39067  50.775  -56.995  11.957 0.0000000000
39068  51.705  -57.007  11.340 0.0000000000
39069  52.555  -56.928  10.707 0.0000000000
39070  52.242  -56.785  9.650 0.0000000000
39079  46.791  -58.856  6.722 0.0000000000
39080  45.799  -59.124  6.962 0.0000000000
39081  44.945  -59.585  7.178 0.0000000000
39084  43.064  -57.340  9.489 0.0000000000
39086  42.016  -57.964  9.658 0.0000000000
39087  43.116  -58.001  8.777 0.0000000000
39088  43.312  -58.782  8.216 0.0000000000
39089  43.667  -59.425  7.758 0.0000000000
39090  44.029  -60.129  7.363 0.0000000000
39091  43.311  -60.693  7.307 0.0000000000
39092  42.746  -61.326  7.202 0.0000000000
39093  42.376  -62.300  7.206 0.0000000000
39094  40.744  -62.031  8.241 0.0000000000
39095  41.480  -62.751  7.667 0.0000000000
39096  42.190  -63.445  7.264 0.0000000000
39097  42.236  -64.699  7.353 0.0000000000
39098  42.543  -65.918  7.580 0.0000000000
39099  43.280  -67.200  7.724 0.0000000000
40486  54.727  -49.685  5.844 0.0000000000
40543  61.871  -43.446  -7.333 0.0000000000
40549  64.381  -36.859  -9.143 0.0000000000
40550  64.204  -36.770  -10.103 0.0000000000
40551  64.084  -36.747  -11.234 0.0000000000
40552  62.311  -38.931  -10.923 0.0000000000
40553  63.163  -37.884  -11.545 0.0000000000
40554  63.993  -36.990  -12.412 0.0000000000
40558  43.459  -67.728  5.447 0.0000000000
40559  42.762  -66.801  4.802 0.0000000000
40560  42.379  -65.777  4.258 0.0000000000
40561  41.739  -68.465  3.342 0.0000000000
40562  41.687  -66.439  3.543 0.0000000000
40563  42.287  -64.609  3.706 0.0000000000
40564  42.716  -63.298  3.228 0.0000000000
40565  43.314  -62.165  2.827 0.0000000000
40566  44.234  -61.081  2.364 0.0000000000
40567  40.937  -70.906  0.520 0.0000000000
40568  40.308  -69.003  0.927 0.0000000000
40569  40.168  -66.735  1.198 0.0000000000
40570  40.299  -65.463  -0.216 0.0000000000
40571  40.377  -64.880  0.630 0.0000000000
40572  40.705  -64.334  1.357 0.0000000000
40573  41.985  -62.365  1.468 0.0000000000
40574  43.590  -60.967  1.698 0.0000000000
40575  45.249  -60.102  1.879 0.0000000000
40583  51.605  -56.402  -3.450 0.0000000000
40584  51.980  -55.317  -4.423 0.0000000000
40609  51.830  -57.234  -4.318 0.0000000000
40610  52.131  -55.638  -5.003 0.0000000000
40611  52.297  -54.058  -5.268 0.0000000000
40612  52.602  -52.824  -6.174 0.0000000000
40613  52.836  -51.608  -7.134 0.0000000000
40614  53.131  -50.459  -7.951 0.0000000000
40615  53.546  -52.894  -8.825 0.0000000000
40616  53.292  -51.033  -8.802 0.0000000000
40617  53.509  -49.170  -8.402 0.0000000000
40618  53.959  -47.898  -8.780 0.0000000000
40619  54.646  -46.624  -9.335 0.0000000000
40620  55.502  -45.244  -10.025 0.0000000000
40621  56.113  -55.242  -11.539 0.0000000000
40622  55.554  -53.493  -11.642 0.0000000000
40623  54.852  -51.572  -11.659 0.0000000000
40625  55.195  -50.121  -12.522 0.0000000000
40626  54.472  -49.539  -11.588 0.0000000000
40627  54.690  -47.617  -11.272 0.0000000000
40628  55.471  -45.804  -11.031 0.0000000000
40629  56.665  -44.101  -10.931 0.0000000000
40630  57.894  -43.490  -11.793 0.0000000000
41146  43.755  -67.096  7.053 0.0000000000
41147  43.595  -66.682  6.721 0.0000000000
41148  43.827  -67.267  6.679 0.0000000000
41719  52.509  -53.871  -4.275 0.0000000000
41720  52.843  -53.293  -4.241 0.0000000000
41721  52.616  -53.196  -4.504 0.0000000000
41722  52.772  -52.504  -4.885 0.0000000000
41723  52.513  -53.204  -4.863 0.0000000000
42316  45.770  -60.084  6.768 0.0000000000
42317  46.494  -60.199  6.463 0.0000000000
42318  46.056  -60.424  6.571 0.0000000000
42319  45.955  -60.203  2.640 0.0000000000
42320  46.571  -59.838  2.618 0.0000000000
42321  46.449  -59.720  2.360 0.0000000000
42322  46.884  -59.227  2.068 0.0000000000
42323  46.316  -59.615  2.094 0.0000000000
43622  49.273  -53.578  13.266 0.0000000000
43623  49.544  -53.455  12.782 0.0000000000
43624  49.914  -53.822  12.944 0.0000000000
43625  50.574  -54.111  12.633 0.0000000000
43626  50.282  -54.268  13.104 0.0000000000
44026  53.400  -50.171  7.008 0.0000000000
44028  53.885  -50.181  6.802 0.0000000000
44044  57.260  -43.824  -9.473 0.0000000000
44045  58.039  -43.383  -9.510 0.0000000000
44046  57.791  -43.322  -9.915 0.0000000000
44047  58.335  -42.826  -10.381 0.0000000000
44048  57.605  -43.342  -10.390 0.0000000000
44050  42.460  -72.818  1.123 0.0000000000
44051  42.462  -73.017  0.716 0.0000000000
44063  55.525  -58.108  -8.898 0.0000000000
44064  55.980  -57.516  -9.447 0.0000000000
44065  56.001  -56.760  -9.623 0.0000000000
44066  56.155  -56.959  -10.019 0.0000000000
44716  43.169  -62.332  6.843 0.0000000000
44717  43.699  -62.075  6.618 0.0000000000
44718  43.469  -62.537  6.598 0.0000000000
44719  43.196  -63.968  4.597 0.0000000000
44720  43.484  -63.441  4.604 0.0000000000
44721  43.302  -63.498  4.331 0.0000000000
44722  43.515  -63.022  4.083 0.0000000000
44723  43.086  -63.565  4.050 0.0000000000
46426  56.284  -54.243  8.465 0.0000000000
46427  56.509  -53.827  8.106 0.0000000000
46434  54.075  -54.719  -1.591 0.0000000000
46435  54.602  -54.419  -1.516 0.0000000000
46436  54.487  -54.238  -2.004 0.0000000000
46444  53.980  -48.761  -7.015 0.0000000000
46445  54.551  -48.252  -6.894 0.0000000000
46446  54.292  -48.214  -7.303 0.0000000000
46447  54.630  -47.629  -7.552 0.0000000000
46448  54.045  -48.239  -7.715 0.0000000000
48229  51.048  -61.204  4.351 0.0000000000
48230  51.599  -61.049  4.323 0.0000000000
48231  51.663  -61.040  3.890 0.0000000000
48232  52.269  -60.844  3.475 0.0000000000
48233  51.661  -60.869  3.444 0.0000000000
48234  47.022  -61.666  4.678 0.0000000000
48235  47.514  -61.600  4.619 0.0000000000
48236  47.453  -61.417  4.265 0.0000000000
48237  49.664  -58.649  2.125 0.0000000000
48238  49.813  -59.026  2.418 0.0000000000
48239  50.272  -58.635  2.009 0.0000000000
48240  50.909  -58.556  1.917 0.0000000000
48241  50.790  -58.110  1.576 0.0000000000
48242  51.218  -57.647  1.159 0.0000000000
48243  50.681  -57.682  1.208 0.0000000000
48244  50.266  -57.023  -0.625 0.0000000000
48245  50.692  -56.762  -0.918 0.0000000000
48246  50.732  -56.864  -1.096 0.0000000000
48247  51.168  -56.683  -1.678 0.0000000000
48248  50.769  -56.994  -1.308 0.0000000000
52150  50.868  -52.433  9.780 0.0000000000
52151  50.454  -51.994  9.652 0.0000000000
52152  51.126  -52.226  9.304 0.0000000000
52153  51.407  -51.981  8.959 0.0000000000
52154  51.756  -52.431  9.104 0.0000000000
52155  52.372  -52.646  8.919 0.0000000000
52156  52.099  -52.903  9.302 0.0000000000
52157  53.454  -56.036  10.842 0.0000000000
52158  53.669  -55.887  10.484 0.0000000000
52159  53.620  -56.313  10.525 0.0000000000
52160  53.682  -56.488  10.185 0.0000000000
52161  53.409  -56.670  10.500 0.0000000000
52175  50.678  -56.884  14.370 0.0000000000
52176  50.850  -56.563  14.441 0.0000000000
52177  50.896  -56.830  13.926 0.0000000000
52178  51.247  -56.794  13.537 0.0000000000
52179  50.824  -56.949  13.390 0.0000000000
52180  48.658  -56.349  9.696 0.0000000000
52181  49.311  -56.441  9.923 0.0000000000
52182  49.218  -56.420  9.356 0.0000000000
52183  49.765  -56.518  9.043 0.0000000000
52184  49.141  -56.484  8.743 0.0000000000
52187  44.775  -57.188  8.477 0.0000000000
52188  45.358  -57.290  8.103 0.0000000000
52189  44.814  -57.528  8.180 0.0000000000
52190  44.873  -57.929  7.911 0.0000000000
52191  44.243  -57.806  8.283 0.0000000000
52196  40.845  -59.405  9.546 0.0000000000
52197  41.045  -59.812  9.152 0.0000000000
52198  41.579  -59.715  8.844 0.0000000000
52199  41.238  -60.195  8.745 0.0000000000
52200  41.457  -60.576  8.374 0.0000000000
52201  40.906  -60.641  8.689 0.0000000000
52203  40.374  -64.092  8.693 0.0000000000
52205  40.878  -65.052  8.511 0.0000000000
53409  59.778  -45.545  -6.606 0.0000000000
53410  60.622  -45.262  -6.530 0.0000000000
53411  60.252  -45.017  -6.843 0.0000000000
53412  61.983  -40.767  -9.263 0.0000000000
53413  62.335  -41.010  -8.845 0.0000000000
53414  62.567  -40.412  -9.131 0.0000000000
53415  63.078  -40.008  -9.047 0.0000000000
53416  62.754  -39.843  -9.415 0.0000000000
53417  62.997  -39.177  -9.677 0.0000000000
53418  62.455  -39.708  -9.768 0.0000000000
53420  61.354  -39.972  -12.430 0.0000000000
53424  43.429  -70.742  4.047 0.0000000000
53425  42.995  -69.909  4.164 0.0000000000
53426  42.845  -70.384  3.793 0.0000000000
53427  40.629  -66.974  2.106 0.0000000000
53428  40.842  -66.683  2.375 0.0000000000
53429  40.765  -65.860  2.152 0.0000000000
53430  41.059  -64.755  2.209 0.0000000000
53431  40.783  -64.931  1.921 0.0000000000
53432  40.305  -68.986  -1.257 0.0000000000
53433  40.223  -68.735  -0.763 0.0000000000
53434  40.244  -67.832  -1.063 0.0000000000
53465  53.962  -56.528  -6.950 0.0000000000
53466  53.613  -57.013  -6.349 0.0000000000
53467  53.574  -56.148  -6.673 0.0000000000
53468  53.221  -55.812  -6.417 0.0000000000
53469  53.499  -55.311  -6.977 0.0000000000
53470  53.314  -54.425  -7.238 0.0000000000
53471  53.723  -54.819  -7.575 0.0000000000
53472  54.143  -51.641  -10.457 0.0000000000
53473  53.871  -51.311  -10.146 0.0000000000
53474  53.922  -50.628  -10.440 0.0000000000
53475  53.813  -49.637  -10.327 0.0000000000
53476  54.025  -49.964  -10.750 0.0000000000
54316  42.861  -64.602  6.868 0.0000000000
54317  43.088  -64.175  6.573 0.0000000000
54318  43.129  -64.774  6.627 0.0000000000
54319  43.334  -65.764  5.943 0.0000000000
54320  43.320  -65.140  5.974 0.0000000000
54321  43.303  -65.385  5.581 0.0000000000
54322  43.213  -64.878  5.223 0.0000000000
54323  43.120  -65.608  5.226 0.0000000000
56034  53.328  -54.298  -3.295 0.0000000000
56035  53.794  -53.780  -3.225 0.0000000000
56036  53.545  -53.669  -3.528 0.0000000000
56037  53.577  -52.034  -4.224 0.0000000000
56038  53.866  -52.190  -3.933 0.0000000000
56039  54.061  -51.496  -4.284 0.0000000000
56041  54.307  -50.818  -4.627 0.0000000000
56042  54.580  -50.193  -4.911 0.0000000000
56043  53.978  -50.655  -4.963 0.0000000000
56044  53.031  -51.197  -5.660 0.0000000000
56045  53.467  -50.566  -5.670 0.0000000000
56046  53.250  -50.588  -6.022 0.0000000000
56047  53.459  -50.003  -6.450 0.0000000000
56048  53.112  -50.637  -6.495 0.0000000000
57826  47.671  -59.412  6.258 0.0000000000
57827  48.439  -59.580  6.007 0.0000000000
57828  47.947  -59.732  6.106 0.0000000000
57829  48.074  -60.591  5.813 0.0000000000
57830  48.499  -60.428  5.734 0.0000000000
57831  48.854  -60.799  5.485 0.0000000000
57832  49.652  -60.953  5.171 0.0000000000
57833  49.221  -61.088  5.190 0.0000000000
57834  46.531  -60.783  3.712 0.0000000000
57835  47.015  -60.594  3.633 0.0000000000
57836  46.917  -60.350  3.463 0.0000000000
57837  47.516  -59.252  2.525 0.0000000000
57838  47.663  -59.476  2.864 0.0000000000
57839  48.073  -59.032  2.455 0.0000000000
57840  48.663  -58.872  2.336 0.0000000000
57841  48.570  -58.599  2.046 0.0000000000
57842  49.059  -58.137  1.579 0.0000000000
57843  48.506  -58.339  1.751 0.0000000000
57844  47.910  -58.337  1.360 0.0000000000
57845  48.506  -57.996  1.175 0.0000000000
57846  48.504  -57.943  0.915 0.0000000000
57847  49.117  -57.606  0.380 0.0000000000
57848  48.492  -57.885  0.624 0.0000000000
59311  64.820  -35.524  -10.129 0.0000000000
61749  48.195  -52.288  12.309 0.0000000000
61750  49.950  -53.163  11.853 0.0000000000
61751  49.508  -52.781  11.637 0.0000000000
61752  50.161  -53.019  11.313 0.0000000000
61753  50.394  -52.854  10.778 0.0000000000
61754  50.823  -53.265  10.974 0.0000000000
61755  51.463  -53.533  10.707 0.0000000000
61756  51.242  -53.706  11.173 0.0000000000
61757  51.756  -54.867  12.122 0.0000000000
61758  51.945  -54.681  11.620 0.0000000000
61759  52.269  -55.160  11.820 0.0000000000
61760  52.737  -55.497  11.480 0.0000000000
61761  52.565  -55.664  11.912 0.0000000000
61783  47.542  -56.330  10.500 0.0000000000
61785  46.849  -56.285  9.758 0.0000000000
61790  44.688  -56.652  9.366 0.0000000000
63009  58.350  -44.618  -7.943 0.0000000000
63010  59.165  -44.278  -7.942 0.0000000000
63011  58.851  -44.000  -8.314 0.0000000000
63012  59.462  -42.454  -9.456 0.0000000000
63013  59.742  -42.637  -9.014 0.0000000000
63014  60.129  -42.085  -9.379 0.0000000000
63015  60.780  -41.692  -9.319 0.0000000000
63016  60.486  -41.524  -9.790 0.0000000000
63017  60.838  -41.001  -10.138 0.0000000000
63018  60.250  -41.389  -10.245 0.0000000000
63019  59.301  -42.111  -11.324 0.0000000000
63020  59.862  -41.597  -11.236 0.0000000000
63021  59.712  -41.802  -11.705 0.0000000000
63022  60.111  -41.477  -12.057 0.0000000000
63023  59.645  -42.013  -12.124 0.0000000000
63024  42.947  -72.673  2.537 0.0000000000
63025  42.431  -71.754  2.743 0.0000000000
63026  42.365  -72.196  2.332 0.0000000000
63027  41.464  -71.228  1.604 0.0000000000
63028  41.483  -70.957  1.965 0.0000000000
63029  41.094  -70.252  1.770 0.0000000000
63030  40.752  -69.196  1.928 0.0000000000
63031  40.669  -69.469  1.555 0.0000000000
63032  41.087  -65.552  -2.526 0.0000000000
63033  40.939  -65.252  -2.096 0.0000000000
63034  41.391  -64.492  -2.349 0.0000000000
63065  55.315  -57.740  -8.179 0.0000000000
63066  54.966  -58.326  -7.600 0.0000000000
63067  55.129  -57.498  -7.828 0.0000000000
63068  54.809  -57.202  -7.530 0.0000000000
63069  54.996  -56.636  -8.134 0.0000000000
63070  54.840  -55.814  -8.473 0.0000000000
63071  55.169  -56.105  -8.668 0.0000000000
63072  55.610  -55.325  -10.092 0.0000000000
63073  55.291  -55.021  -9.801 0.0000000000
63074  55.162  -54.413  -10.308 0.0000000000
63075  54.835  -53.502  -10.437 0.0000000000
63076  55.140  -53.803  -10.760 0.0000000000
65026  44.208  -60.983  6.846 0.0000000000
65027  44.952  -60.957  6.599 0.0000000000
65028  44.595  -61.196  6.627 0.0000000000
65029  44.861  -61.770  6.171 0.0000000000
65030  45.267  -61.572  6.157 0.0000000000
65031  45.483  -61.783  5.820 0.0000000000
65032  46.075  -61.812  5.493 0.0000000000
65033  45.642  -61.942  5.440 0.0000000000
65034  43.720  -63.389  5.938 0.0000000000
65035  43.955  -62.857  6.059 0.0000000000
65036  44.059  -63.095  5.662 0.0000000000
65037  44.409  -62.577  4.707 0.0000000000
65038  44.641  -62.558  5.044 0.0000000000
65039  44.938  -62.229  4.780 0.0000000000
65040  45.476  -61.969  4.814 0.0000000000
65041  45.280  -61.859  4.534 0.0000000000
65042  45.727  -61.544  4.251 0.0000000000
65043  45.125  -61.766  4.249 0.0000000000
65044  44.185  -62.118  3.600 0.0000000000
65045  44.778  -61.644  3.643 0.0000000000
65046  44.571  -61.603  3.336 0.0000000000
65047  45.018  -61.094  3.142 0.0000000000
65048  44.365  -61.539  3.098 0.0000000000
68960  47.913  -53.099  13.981 0.0000000000
68961  47.654  -53.247  14.437 0.0000000000
70156  55.067  -52.167  7.713 0.0000000000
70157  55.157  -51.699  7.367 0.0000000000
70158  55.578  -52.212  7.541 0.0000000000
70159  56.986  -52.820  7.322 0.0000000000
70160  56.602  -52.255  7.162 0.0000000000
70161  57.071  -52.250  6.879 0.0000000000
70162  57.095  -51.695  6.418 0.0000000000
70179  54.690  -56.291  0.302 0.0000000000
70207  58.779  -46.645  -6.066 0.0000000000
70208  57.951  -46.956  -6.095 0.0000000000
70209  55.167  -49.160  -5.568 0.0000000000
70210  55.832  -48.775  -5.576 0.0000000000
70211  55.517  -48.593  -5.880 0.0000000000
70212  55.896  -47.270  -6.762 0.0000000000
70213  56.250  -47.431  -6.409 0.0000000000
70214  56.633  -46.902  -6.732 0.0000000000
70215  57.336  -46.506  -6.718 0.0000000000
70216  57.032  -46.290  -7.000 0.0000000000
70217  57.448  -45.697  -7.314 0.0000000000
70218  56.673  -46.114  -7.355 0.0000000000
70219  55.352  -46.418  -8.112 0.0000000000
70220  56.001  -45.882  -8.072 0.0000000000
70221  55.715  -45.792  -8.375 0.0000000000
70222  56.171  -45.130  -8.710 0.0000000000
70223  55.487  -45.726  -8.731 0.0000000000
70229  40.933  -72.331  -1.745 0.0000000000
70230  40.641  -71.191  -1.589 0.0000000000
70231  40.775  -71.398  -2.055 0.0000000000
70237  40.948  -69.619  -3.246 0.0000000000
70238  40.776  -69.471  -2.693 0.0000000000
70239  40.892  -68.553  -3.017 0.0000000000
70240  40.816  -67.597  -2.770 0.0000000000
70241  41.033  -67.770  -3.249 0.0000000000
75578  53.764  -59.272  2.418 0.0000000000
75579  46.316  -61.174  6.074 0.0000000000
75580  46.672  -61.064  6.080 0.0000000000
75581  47.023  -61.339  5.743 0.0000000000
75582  48.435  -61.448  4.423 0.0000000000
75583  48.381  -61.481  4.844 0.0000000000
75584  48.952  -61.422  4.372 0.0000000000
75585  49.464  -61.413  4.357 0.0000000000
75586  49.482  -61.269  3.857 0.0000000000
75587  48.029  -60.381  3.454 0.0000000000
75588  48.132  -60.692  3.619 0.0000000000
75589  48.523  -60.274  3.309 0.0000000000
75590  50.061  -59.849  2.838 0.0000000000
75591  49.542  -60.200  3.047 0.0000000000
75592  50.210  -60.230  3.024 0.0000000000
75593  50.371  -60.604  3.155 0.0000000000
75594  50.817  -60.273  2.926 0.0000000000
75595  51.489  -60.210  2.851 0.0000000000
75596  51.310  -59.866  2.664 0.0000000000
75597  52.136  -58.536  1.932 0.0000000000
75598  52.305  -58.957  2.203 0.0000000000
75599  52.779  -58.463  1.919 0.0000000000
75600  53.411  -58.415  1.883 0.0000000000
75601  53.269  -57.949  1.600 0.0000000000
75602  53.798  -57.432  1.218 0.0000000000
75603  53.133  -57.477  1.202 0.0000000000
75604  52.154  -56.639  0.211 0.0000000000
75605  52.771  -56.526  0.230 0.0000000000
75606  52.600  -56.167  -0.310 0.0000000000
75607  53.115  -55.670  -0.758 0.0000000000
75608  52.497  -55.913  -0.775 0.0000000000
75609  50.132  -57.268  0.503 0.0000000000
75610  50.646  -57.063  0.380 0.0000000000
75611  50.646  -56.903  -0.029 0.0000000000
75612  51.585  -56.285  -1.372 0.0000000000
75613  51.571  -56.313  -1.002 0.0000000000
75614  52.018  -56.053  -1.486 0.0000000000
75615  52.479  -55.739  -1.586 0.0000000000
75616  52.421  -55.762  -1.987 0.0000000000
75617  52.816  -55.309  -2.513 0.0000000000
75618  52.348  -55.801  -2.383 0.0000000000
75619  51.839  -56.198  -2.890 0.0000000000
75620  52.182  -55.830  -3.105 0.0000000000
75621  52.083  -55.799  -3.385 0.0000000000
75622  52.224  -55.258  -3.755 0.0000000000
75623  51.950  -55.725  -3.623 0.0000000000
79612  44.541  -71.121  4.572 0.0000000000
87340  51.979  -51.510  8.392 0.0000000000
87341  51.605  -51.099  8.329 0.0000000000
87342  52.262  -51.251  8.127 0.0000000000
87343  52.566  -50.982  7.872 0.0000000000
87344  52.931  -51.422  7.972 0.0000000000
87345  53.604  -51.657  7.920 0.0000000000
87346  53.301  -51.884  8.084 0.0000000000
87347  53.723  -53.170  8.729 0.0000000000
87348  54.030  -52.929  8.402 0.0000000000
87349  54.380  -53.406  8.686 0.0000000000
87350  55.064  -53.658  8.631 0.0000000000
87351  54.725  -53.917  8.930 0.0000000000
87352  52.555  -54.089  10.261 0.0000000000
87353  52.808  -53.872  9.817 0.0000000000
87354  53.124  -54.387  10.077 0.0000000000
87355  54.242  -55.490  9.801 0.0000000000
87356  54.157  -54.971  9.694 0.0000000000
87357  54.578  -55.228  9.441 0.0000000000
87358  54.969  -54.993  9.151 0.0000000000
87359  54.958  -55.442  9.162 0.0000000000
87385  47.782  -54.133  15.693 0.0000000000
87387  48.079  -54.022  15.238 0.0000000000
87388  48.373  -53.907  14.755 0.0000000000
87389  48.716  -54.244  14.906 0.0000000000
87407  49.546  -55.443  15.819 0.0000000000
87408  50.616  -55.775  14.498 0.0000000000
87409  50.080  -55.392  14.877 0.0000000000
87410  50.368  -55.332  14.430 0.0000000000
87411  50.072  -54.948  14.252 0.0000000000
87412  50.715  -55.335  13.938 0.0000000000
87413  51.033  -55.252  13.472 0.0000000000
87414  51.279  -55.724  13.610 0.0000000000
87415  52.019  -56.660  12.769 0.0000000000
87416  52.094  -56.344  12.788 0.0000000000
87417  52.384  -56.637  12.400 0.0000000000
87418  52.683  -56.538  12.041 0.0000000000
87419  52.454  -56.855  11.989 0.0000000000
87420  49.462  -56.835  12.054 0.0000000000
87421  50.264  -56.990  12.284 0.0000000000
87422  49.941  -56.853  11.706 0.0000000000
87423  50.705  -56.728  10.519 0.0000000000
87424  50.930  -56.894  11.108 0.0000000000
87425  51.425  -56.899  10.790 0.0000000000
87426  52.152  -56.987  11.021 0.0000000000
87427  51.904  -56.894  10.492 0.0000000000
87428  52.374  -56.889  10.232 0.0000000000
87429  51.738  -56.799  9.911 0.0000000000
87442  46.872  -56.550  8.561 0.0000000000
87443  47.454  -56.667  8.162 0.0000000000
87444  46.920  -56.805  8.034 0.0000000000
87445  46.512  -57.654  7.424 0.0000000000
87446  47.010  -57.462  7.323 0.0000000000
87447  47.095  -57.851  7.086 0.0000000000
87449  47.179  -58.259  6.847 0.0000000000
87450  47.280  -58.671  6.658 0.0000000000
87451  46.674  -58.452  6.935 0.0000000000
87452  45.022  -58.644  7.440 0.0000000000
87453  45.640  -58.803  7.151 0.0000000000
87454  45.169  -58.963  7.246 0.0000000000
87455  45.380  -59.334  7.075 0.0000000000
87456  44.707  -59.235  7.364 0.0000000000
87468  41.648  -58.633  9.419 0.0000000000
87470  42.089  -58.293  9.318 0.0000000000
87471  42.562  -57.970  9.194 0.0000000000
87472  42.641  -58.313  8.876 0.0000000000
87473  43.209  -58.400  8.488 0.0000000000
87474  42.743  -58.702  8.608 0.0000000000
87475  42.679  -59.725  8.126 0.0000000000
87476  43.083  -59.402  8.052 0.0000000000
87477  43.223  -59.758  7.847 0.0000000000
87478  43.857  -59.784  7.554 0.0000000000
87479  43.437  -60.089  7.611 0.0000000000
87480  43.671  -60.405  7.347 0.0000000000
87481  43.077  -60.384  7.601 0.0000000000
87482  41.925  -61.148  7.719 0.0000000000
87483  42.431  -61.044  7.481 0.0000000000
87484  42.215  -61.480  7.394 0.0000000000
87485  42.524  -61.794  7.174 0.0000000000
87486  42.047  -61.988  7.369 0.0000000000
87487  40.019  -61.808  8.953 0.0000000000
87488  40.455  -61.658  8.569 0.0000000000
87489  40.317  -62.213  8.552 0.0000000000
87490  41.089  -63.595  8.012 0.0000000000
87491  41.081  -62.942  7.958 0.0000000000
87492  41.461  -63.336  7.704 0.0000000000
87493  41.830  -63.148  7.434 0.0000000000
87494  41.847  -63.718  7.479 0.0000000000
87495  42.182  -64.064  7.301 0.0000000000
87496  41.875  -64.396  7.556 0.0000000000
87497  41.854  -65.859  8.068 0.0000000000
87498  42.110  -65.574  7.769 0.0000000000
87499  42.335  -66.230  7.878 0.0000000000
87500  42.893  -66.556  7.661 0.0000000000
87501  42.706  -66.887  7.970 0.0000000000
90969  55.318  -50.626  6.597 0.0000000000
90970  54.816  -50.170  6.392 0.0000000000
90971  55.259  -50.119  6.139 0.0000000000
91112  60.684  -43.491  -7.778 0.0000000000
91113  61.088  -43.804  -7.371 0.0000000000
91114  61.495  -43.064  -7.763 0.0000000000
91115  63.110  -41.561  -8.120 0.0000000000
91116  62.879  -42.292  -7.739 0.0000000000
91122  63.933  -38.875  -8.568 0.0000000000
91128  64.212  -37.503  -8.952 0.0000000000
91129  63.558  -37.857  -10.084 0.0000000000
91130  63.980  -37.337  -9.860 0.0000000000
91131  63.860  -37.306  -10.338 0.0000000000
91132  64.144  -36.717  -10.654 0.0000000000
91133  63.728  -37.310  -10.869 0.0000000000
91134  61.437  -40.057  -10.793 0.0000000000
91135  61.940  -39.571  -10.656 0.0000000000
91136  61.763  -39.600  -11.132 0.0000000000
91137  62.498  -38.718  -12.199 0.0000000000
91138  62.575  -38.541  -11.741 0.0000000000
91139  63.058  -38.080  -12.078 0.0000000000
91140  63.583  -37.446  -12.025 0.0000000000
91141  63.495  -37.645  -12.553 0.0000000000
91149  43.983  -68.791  5.700 0.0000000000
91150  43.819  -68.003  5.808 0.0000000000
91151  43.605  -68.515  5.335 0.0000000000
91152  42.516  -68.135  4.366 0.0000000000
91153  42.784  -67.682  4.694 0.0000000000
91154  42.436  -67.202  4.413 0.0000000000
91155  42.560  -66.327  4.527 0.0000000000
91156  42.209  -66.699  4.142 0.0000000000
91157  41.719  -69.892  3.037 0.0000000000
91158  41.906  -69.444  3.316 0.0000000000
91159  41.555  -68.857  3.078 0.0000000000
91160  41.304  -66.095  2.965 0.0000000000
91161  41.381  -66.811  3.165 0.0000000000
91162  41.590  -65.792  3.329 0.0000000000
91163  41.931  -65.506  3.686 0.0000000000
91164  41.963  -64.851  3.406 0.0000000000
91165  42.468  -63.979  3.465 0.0000000000
91166  42.130  -64.164  3.188 0.0000000000
91167  42.268  -62.910  2.427 0.0000000000
91168  42.626  -62.802  2.744 0.0000000000
91169  42.995  -62.204  2.557 0.0000000000
91170  43.753  -61.601  2.616 0.0000000000
91171  43.435  -61.623  2.357 0.0000000000
91172  41.324  -72.199  -0.104 0.0000000000
91173  41.358  -71.833  0.288 0.0000000000
91174  40.910  -71.181  0.080 0.0000000000
91175  40.076  -68.334  0.255 0.0000000000
91176  40.244  -69.157  0.501 0.0000000000
91177  40.140  -68.125  0.697 0.0000000000
91178  40.190  -67.894  1.070 0.0000000000
91179  40.078  -66.993  0.790 0.0000000000
91180  40.686  -64.804  -1.041 0.0000000000
91181  40.408  -65.665  -0.692 0.0000000000
91182  40.570  -64.482  -0.579 0.0000000000
91183  41.265  -62.811  0.405 0.0000000000
91184  40.684  -63.940  0.300 0.0000000000
91185  40.837  -63.645  0.709 0.0000000000
91186  40.491  -64.584  1.030 0.0000000000
91187  41.009  -63.435  1.069 0.0000000000
91188  41.247  -63.260  1.396 0.0000000000
91189  41.703  -62.464  1.136 0.0000000000
91191  43.271  -60.938  1.299 0.0000000000
91192  44.164  -60.461  1.500 0.0000000000
91193  44.464  -60.568  1.876 0.0000000000
91194  45.039  -60.042  1.627 0.0000000000
91195  45.847  -59.583  1.611 0.0000000000
91212  51.315  -57.232  -3.326 0.0000000000
91213  51.355  -56.996  -3.080 0.0000000000
91214  51.584  -56.560  -3.668 0.0000000000
91215  51.793  -55.879  -3.986 0.0000000000
91216  51.792  -56.047  -4.189 0.0000000000
91273  52.687  -58.016  -5.053 0.0000000000
91274  52.349  -58.813  -4.775 0.0000000000
91275  52.071  -58.519  -4.480 0.0000000000
91277  51.838  -58.207  -4.227 0.0000000000
91278  51.628  -57.917  -3.986 0.0000000000
91279  52.090  -57.457  -4.524 0.0000000000
91280  52.573  -55.303  -5.843 0.0000000000
91281  52.289  -55.837  -5.302 0.0000000000
91282  52.399  -55.058  -5.525 0.0000000000
91283  52.252  -54.888  -5.193 0.0000000000
91284  52.414  -54.242  -5.655 0.0000000000
91285  52.441  -53.417  -5.731 0.0000000000
91286  52.581  -53.599  -6.158 0.0000000000
91287  52.957  -52.800  -7.569 0.0000000000
91288  52.792  -52.411  -7.126 0.0000000000
91289  52.972  -51.958  -7.600 0.0000000000
91290  52.988  -51.080  -7.562 0.0000000000
91291  53.099  -51.389  -8.051 0.0000000000
91292  54.236  -54.032  -8.992 0.0000000000
91293  53.868  -53.732  -8.677 0.0000000000
91294  53.861  -53.215  -9.125 0.0000000000
91295  53.497  -50.649  -9.475 0.0000000000
91296  53.431  -51.351  -9.170 0.0000000000
91297  53.351  -50.349  -9.085 0.0000000000
91298  53.322  -50.079  -8.649 0.0000000000
91299  53.464  -49.424  -8.837 0.0000000000
91300  53.699  -48.538  -8.575 0.0000000000
91301  53.608  -48.764  -9.018 0.0000000000
91302  54.152  -47.753  -9.924 0.0000000000
91303  54.158  -47.502  -9.450 0.0000000000
91304  54.543  -46.850  -9.765 0.0000000000
91305  55.033  -45.882  -9.671 0.0000000000
91306  54.942  -46.133  -10.109 0.0000000000
91307  56.273  -56.252  -12.052 0.0000000000
91308  56.279  -56.076  -11.463 0.0000000000
91309  56.288  -55.522  -12.165 0.0000000000
91310  55.911  -53.146  -12.627 0.0000000000
91311  55.855  -53.784  -12.110 0.0000000000
91312  55.590  -52.880  -12.128 0.0000000000
91313  55.210  -52.584  -11.619 0.0000000000
91314  55.262  -51.920  -12.084 0.0000000000
91318  55.519  -48.573  -12.797 0.0000000000
91319  55.524  -49.451  -12.963 0.0000000000
91320  55.154  -49.130  -12.448 0.0000000000
91321  54.831  -49.826  -12.060 0.0000000000
91322  54.803  -48.828  -11.956 0.0000000000
91323  54.521  -48.539  -11.457 0.0000000000
91324  54.913  -47.918  -11.783 0.0000000000
91325  56.113  -45.673  -11.902 0.0000000000
91326  55.533  -46.173  -11.496 0.0000000000
91327  56.009  -45.243  -11.477 0.0000000000
91328  56.016  -44.824  -10.955 0.0000000000
91329  56.606  -44.423  -11.373 0.0000000000
91330  57.269  -43.766  -11.362 0.0000000000
91331  57.220  -44.110  -11.788 0.0000000000
92494  43.119  -65.795  7.013 0.0000000000
92495  43.244  -65.381  6.671 0.0000000000
92496  43.419  -66.009  6.699 0.0000000000
92497  43.470  -66.211  6.329 0.0000000000
92498  43.422  -66.425  5.934 0.0000000000
93525  52.924  -54.087  -3.809 0.0000000000
93526  53.308  -53.514  -3.775 0.0000000000
93527  53.068  -53.394  -4.007 0.0000000000
93528  53.179  -52.651  -4.205 0.0000000000
93529  53.314  -51.913  -4.556 0.0000000000
93530  53.480  -51.229  -4.964 0.0000000000
93531  53.064  -51.842  -4.904 0.0000000000
93532  52.861  -51.813  -5.281 0.0000000000
93533  52.773  -51.909  -5.704 0.0000000000
94600  46.656  -59.687  6.531 0.0000000000
94601  47.448  -59.872  6.201 0.0000000000
94602  46.969  -60.030  6.356 0.0000000000
94603  47.317  -60.386  6.141 0.0000000000
94604  47.627  -60.772  5.907 0.0000000000
94605  46.289  -60.427  3.181 0.0000000000
94606  46.816  -60.181  3.190 0.0000000000
94607  46.697  -60.005  2.892 0.0000000000
94608  47.043  -59.526  2.574 0.0000000000
94609  47.455  -59.010  2.229 0.0000000000
94610  47.960  -58.561  1.872 0.0000000000
94611  47.411  -58.874  1.969 0.0000000000
94612  47.342  -58.774  1.740 0.0000000000
94613  47.368  -58.626  1.494 0.0000000000
96952  48.393  -52.831  12.967 0.0000000000
96953  48.632  -52.683  12.456 0.0000000000
96954  49.084  -53.075  12.607 0.0000000000
96955  49.745  -53.310  12.305 0.0000000000
96956  50.385  -53.565  12.025 0.0000000000
96957  51.048  -53.865  11.678 0.0000000000
96958  50.814  -53.992  12.170 0.0000000000
96959  51.202  -54.476  12.368 0.0000000000
96960  51.550  -54.991  12.573 0.0000000000
97710  57.759  -44.117  -8.708 0.0000000000
97711  58.575  -43.726  -8.694 0.0000000000
97712  58.300  -43.519  -9.103 0.0000000000
97713  58.760  -42.877  -9.492 0.0000000000
97714  59.226  -42.364  -9.938 0.0000000000
97715  59.666  -41.830  -10.356 0.0000000000
97716  58.995  -42.373  -10.407 0.0000000000
97717  58.802  -42.449  -10.851 0.0000000000
97718  58.678  -42.670  -11.340 0.0000000000
97719  42.968  -73.152  1.737 0.0000000000
97720  42.388  -72.465  1.906 0.0000000000
97721  42.423  -72.639  1.523 0.0000000000
97722  41.923  -72.059  1.344 0.0000000000
97723  41.451  -71.370  1.187 0.0000000000
97745  55.449  -57.911  -8.571 0.0000000000
97746  55.573  -57.178  -8.733 0.0000000000
97747  55.512  -56.332  -8.965 0.0000000000
97748  55.778  -56.570  -9.305 0.0000000000
97749  55.844  -56.049  -9.875 0.0000000000
97750  55.851  -55.537  -10.422 0.0000000000
98920  43.599  -61.500  6.827 0.0000000000
98921  44.265  -61.396  6.633 0.0000000000
98922  43.963  -61.688  6.629 0.0000000000
98923  44.259  -61.876  6.404 0.0000000000
98924  44.518  -62.056  6.153 0.0000000000
98925  43.659  -63.719  5.222 0.0000000000
98926  43.985  -63.266  5.277 0.0000000000
98927  43.750  -63.355  4.902 0.0000000000
98928  43.902  -62.981  4.640 0.0000000000
98929  44.212  -62.575  4.396 0.0000000000
98930  44.616  -62.131  4.201 0.0000000000
98931  44.020  -62.615  4.086 0.0000000000
98932  43.824  -62.608  3.817 0.0000000000
98933  43.605  -62.592  3.551 0.0000000000
101998  55.750  -53.205  8.095 0.0000000000
101999  55.966  -52.743  7.732 0.0000000000
102000  56.273  -53.286  7.933 0.0000000000
102001  56.762  -53.335  7.740 0.0000000000
102012  54.323  -55.292  -0.676 0.0000000000
102013  54.891  -55.031  -0.549 0.0000000000
102014  54.722  -54.674  -1.025 0.0000000000
102030  54.494  -48.868  -6.255 0.0000000000
102031  55.184  -48.435  -6.185 0.0000000000
102032  54.868  -48.319  -6.512 0.0000000000
102033  55.206  -47.784  -6.825 0.0000000000
102034  55.559  -47.157  -7.118 0.0000000000
102035  55.943  -46.581  -7.410 0.0000000000
102036  55.251  -47.060  -7.456 0.0000000000
102037  54.969  -47.044  -7.820 0.0000000000
102038  54.703  -47.042  -8.185 0.0000000000
105243  50.602  -60.629  5.035 0.0000000000
105250  52.850  -60.515  3.062 0.0000000000
105251  52.761  -60.150  2.783 0.0000000000
105252  46.905  -61.678  5.465 0.0000000000
105253  47.301  -61.595  5.410 0.0000000000
105254  47.462  -61.675  5.005 0.0000000000
105255  47.949  -61.522  4.520 0.0000000000
105256  48.365  -61.259  4.040 0.0000000000
105257  48.800  -59.563  2.846 0.0000000000
105258  48.904  -59.916  3.025 0.0000000000
105259  49.363  -59.491  2.740 0.0000000000
105260  49.941  -59.458  2.644 0.0000000000
105261  50.516  -59.477  2.538 0.0000000000
105262  51.132  -59.486  2.450 0.0000000000
105263  51.008  -59.032  2.222 0.0000000000
105264  51.493  -58.583  1.915 0.0000000000
105265  51.952  -58.109  1.606 0.0000000000
105266  52.415  -57.521  1.179 0.0000000000
105267  51.809  -57.630  1.167 0.0000000000
105268  51.686  -57.181  0.711 0.0000000000
105269  51.585  -56.794  0.247 0.0000000000
105270  50.211  -56.965  -0.148 0.0000000000
105271  50.657  -56.783  -0.374 0.0000000000
105272  50.671  -56.740  -0.677 0.0000000000
105273  51.131  -56.517  -1.197 0.0000000000
105274  51.578  -56.340  -1.720 0.0000000000
105275  51.922  -56.133  -2.248 0.0000000000
105276  51.568  -56.431  -2.026 0.0000000000
105277  51.543  -56.500  -2.292 0.0000000000
105278  51.499  -56.536  -2.592 0.0000000000
112302  49.536  -52.007  10.421 0.0000000000
112304  49.778  -51.798  9.976 0.0000000000
112308  51.023  -51.531  8.888 0.0000000000
112309  51.709  -51.744  8.659 0.0000000000
112310  52.350  -51.925  8.461 0.0000000000
112311  52.996  -52.114  8.301 0.0000000000
112312  52.698  -52.381  8.577 0.0000000000
112313  53.036  -52.896  8.771 0.0000000000
112314  53.435  -53.404  9.042 0.0000000000
112315  53.159  -55.147  10.638 0.0000000000
112316  53.401  -54.916  10.259 0.0000000000
112317  53.583  -55.426  10.379 0.0000000000
112318  53.922  -55.690  10.121 0.0000000000
112319  54.191  -55.950  9.850 0.0000000000
112320  54.344  -56.143  9.482 0.0000000000
112321  53.974  -56.307  9.845 0.0000000000
112322  53.674  -56.577  9.784 0.0000000000
112323  53.291  -56.745  9.648 0.0000000000
112337  48.131  -54.425  15.853 0.0000000000
112348  50.147  -55.811  15.346 0.0000000000
112349  50.578  -56.200  14.896 0.0000000000
112350  50.797  -56.184  14.485 0.0000000000
112351  51.107  -56.147  14.092 0.0000000000
112352  51.436  -56.119  13.647 0.0000000000
112353  51.454  -56.485  13.623 0.0000000000
112354  51.638  -56.742  13.161 0.0000000000
112355  51.700  -56.937  12.697 0.0000000000
112356  48.928  -56.522  10.897 0.0000000000
112357  49.686  -56.681  11.118 0.0000000000
112358  49.475  -56.536  10.517 0.0000000000
112359  50.004  -56.572  10.211 0.0000000000
112360  50.551  -56.633  9.919 0.0000000000
112361  51.093  -56.706  9.621 0.0000000000
112362  50.420  -56.604  9.330 0.0000000000
112369  45.825  -56.787  8.409 0.0000000000
112370  46.398  -56.925  7.975 0.0000000000
112371  45.881  -57.089  8.050 0.0000000000
112372  45.936  -57.450  7.743 0.0000000000
112373  45.975  -57.858  7.494 0.0000000000
112374  46.053  -58.261  7.247 0.0000000000
112375  45.439  -58.080  7.561 0.0000000000
112376  44.923  -58.302  7.638 0.0000000000
112377  44.363  -58.537  7.753 0.0000000000
112386  41.227  -59.009  9.485 0.0000000000
112387  41.782  -59.014  9.065 0.0000000000
112388  42.323  -59.034  8.708 0.0000000000
112389  41.945  -59.382  8.791 0.0000000000
112390  42.116  -59.716  8.469 0.0000000000
112391  42.270  -60.077  8.162 0.0000000000
112392  42.495  -60.429  7.837 0.0000000000
112393  41.988  -60.502  8.096 0.0000000000
112394  41.675  -60.868  8.029 0.0000000000
112395  41.404  -61.314  7.982 0.0000000000
112397  40.279  -62.787  8.597 0.0000000000
112398  40.335  -63.451  8.618 0.0000000000
112399  40.712  -63.857  8.343 0.0000000000
112400  41.104  -64.228  8.096 0.0000000000
112401  41.506  -64.623  7.870 0.0000000000
112402  41.185  -64.845  8.180 0.0000000000
112403  41.371  -65.475  8.263 0.0000000000
112404  41.608  -66.100  8.409 0.0000000000
114486  56.201  -50.667  6.092 0.0000000000
114487  55.702  -50.092  5.868 0.0000000000
114488  56.140  -50.113  5.596 0.0000000000
114571  61.840  -44.292  -6.683 0.0000000000
114572  61.511  -42.152  -8.494 0.0000000000
114573  61.865  -42.409  -8.079 0.0000000000
114574  62.143  -41.665  -8.503 0.0000000000
114575  62.708  -41.277  -8.461 0.0000000000
114576  63.271  -40.832  -8.454 0.0000000000
114578  63.423  -40.186  -8.676 0.0000000000
114579  63.573  -39.524  -8.848 0.0000000000
114580  63.688  -38.788  -9.061 0.0000000000
114581  63.868  -38.078  -9.231 0.0000000000
114582  63.508  -38.672  -9.459 0.0000000000
114583  63.305  -38.549  -9.863 0.0000000000
114584  63.079  -38.430  -10.263 0.0000000000
114585  61.058  -40.283  -11.717 0.0000000000
114586  61.595  -39.702  -11.604 0.0000000000
114587  61.478  -39.814  -12.023 0.0000000000
114588  61.883  -39.320  -12.303 0.0000000000
114594  43.698  -69.736  4.810 0.0000000000
114595  43.369  -68.963  4.911 0.0000000000
114596  43.208  -69.423  4.508 0.0000000000
114597  42.741  -68.997  4.221 0.0000000000
114598  42.329  -68.572  3.947 0.0000000000
114599  41.097  -68.488  2.592 0.0000000000
114600  41.230  -68.161  2.849 0.0000000000
114601  40.974  -67.438  2.623 0.0000000000
114602  41.051  -66.356  2.601 0.0000000000
114603  41.357  -65.319  2.731 0.0000000000
114604  41.811  -64.309  2.872 0.0000000000
114605  41.461  -64.530  2.533 0.0000000000
114606  41.643  -63.741  2.308 0.0000000000
114607  41.905  -62.963  2.078 0.0000000000
114608  40.565  -70.703  -0.628 0.0000000000
114609  40.557  -70.445  -0.143 0.0000000000
114610  40.307  -69.613  -0.454 0.0000000000
114611  40.111  -68.541  -0.239 0.0000000000
114612  40.086  -67.453  -0.050 0.0000000000
114618  42.230  -61.721  0.805 0.0000000000
114634  51.350  -57.456  -3.497 0.0000000000
114667  53.973  -58.212  -6.301 0.0000000000
114668  53.385  -58.676  -5.668 0.0000000000
114669  53.590  -57.851  -5.984 0.0000000000
114670  53.211  -57.460  -5.731 0.0000000000
114671  52.896  -57.168  -5.442 0.0000000000
114672  52.529  -56.895  -5.181 0.0000000000
114673  52.864  -56.324  -5.847 0.0000000000
114674  52.863  -55.521  -6.152 0.0000000000
114675  52.866  -54.660  -6.388 0.0000000000
114676  52.741  -53.824  -6.594 0.0000000000
114677  52.976  -54.088  -6.954 0.0000000000
114678  53.060  -53.548  -7.518 0.0000000000
114679  53.220  -53.074  -7.997 0.0000000000
114680  54.174  -52.923  -9.778 0.0000000000
114681  53.845  -52.609  -9.492 0.0000000000
114682  53.814  -52.022  -9.816 0.0000000000
114683  53.675  -51.005  -9.839 0.0000000000
114684  53.562  -49.972  -9.700 0.0000000000
114685  53.615  -49.027  -9.448 0.0000000000
114686  53.700  -49.303  -9.896 0.0000000000
114687  53.895  -48.694  -10.120 0.0000000000
114688  54.204  -48.003  -10.427 0.0000000000
114690  56.328  -54.878  -12.690 0.0000000000
114692  56.201  -53.371  -13.140 0.0000000000
114693  55.974  -52.410  -13.136 0.0000000000
114698  55.612  -47.750  -12.582 0.0000000000
114699  55.340  -47.403  -12.068 0.0000000000
114703  57.266  -44.471  -12.212 0.0000000000
115978  42.858  -63.436  6.807 0.0000000000
115979  43.255  -63.065  6.567 0.0000000000
115980  43.101  -63.615  6.539 0.0000000000
115981  43.348  -63.778  6.245 0.0000000000
115982  43.521  -63.937  5.951 0.0000000000
115983  43.274  -64.954  6.338 0.0000000000
115984  43.380  -64.513  5.996 0.0000000000
115985  43.536  -64.093  5.556 0.0000000000
115986  43.380  -64.260  5.191 0.0000000000
115987  43.158  -64.425  4.878 0.0000000000
115988  42.951  -64.615  4.616 0.0000000000
118383  53.731  -54.460  -2.554 0.0000000000
118384  54.276  -54.039  -2.442 0.0000000000
118385  54.041  -53.897  -2.864 0.0000000000
118388  53.730  -52.889  -3.694 0.0000000000
118396  54.884  -49.615  -5.237 0.0000000000
118397  54.544  -49.512  -5.605 0.0000000000
118398  53.723  -50.575  -5.338 0.0000000000
118399  53.983  -49.994  -5.661 0.0000000000
118400  54.217  -49.465  -5.954 0.0000000000
118401  53.938  -49.402  -6.354 0.0000000000
118402  53.711  -49.388  -6.753 0.0000000000
118403  53.537  -49.422  -7.179 0.0000000000
120896  49.543  -60.146  5.556 0.0000000000
120897  48.204  -60.067  5.932 0.0000000000
120898  48.991  -60.258  5.663 0.0000000000
120899  49.798  -60.448  5.363 0.0000000000
120900  50.100  -60.799  5.123 0.0000000000
120901  50.358  -61.092  4.773 0.0000000000
120902  50.532  -61.285  4.331 0.0000000000
120903  46.796  -61.229  4.130 0.0000000000
120904  47.330  -61.137  4.015 0.0000000000
120905  47.162  -60.852  3.815 0.0000000000
120906  47.522  -60.476  3.555 0.0000000000
120907  47.911  -60.026  3.297 0.0000000000
120908  47.236  -59.945  3.188 0.0000000000
120909  47.803  -59.714  3.116 0.0000000000
120910  48.306  -59.598  2.977 0.0000000000
120911  48.710  -59.204  2.641 0.0000000000
120912  49.148  -58.765  2.238 0.0000000000
120913  49.632  -58.280  1.773 0.0000000000
120914  50.169  -57.783  1.281 0.0000000000
120915  49.619  -57.935  1.404 0.0000000000
120916  49.610  -57.661  1.022 0.0000000000
120917  49.613  -57.441  0.698 0.0000000000
120918  48.488  -58.098  1.417 0.0000000000
120919  49.094  -57.719  0.954 0.0000000000
120920  49.665  -57.304  0.398 0.0000000000
120921  49.729  -57.244  0.067 0.0000000000
120922  49.771  -57.264  -0.177 0.0000000000
120923  49.745  -57.337  -0.362 0.0000000000
122971  64.864  -35.608  -11.341 0.0000000000
126386  48.648  -51.953  11.264 0.0000000000
126387  48.847  -52.534  11.964 0.0000000000
126388  49.074  -52.381  11.440 0.0000000000
126389  49.297  -52.198  10.899 0.0000000000
126390  49.966  -52.436  10.594 0.0000000000
126391  50.625  -52.646  10.242 0.0000000000
126392  51.277  -52.885  9.971 0.0000000000
126393  51.902  -53.154  9.735 0.0000000000
126394  51.700  -53.355  10.219 0.0000000000
126395  51.993  -53.814  10.466 0.0000000000
126396  52.333  -54.303  10.675 0.0000000000
126397  51.603  -54.191  11.401 0.0000000000
126398  52.140  -54.502  11.123 0.0000000000
126399  52.679  -54.814  10.846 0.0000000000
126400  52.973  -55.343  11.012 0.0000000000
126401  53.120  -55.788  11.199 0.0000000000
126402  53.210  -56.191  11.245 0.0000000000
126425  50.122  -56.977  13.182 0.0000000000
126426  49.333  -56.920  12.997 0.0000000000
126427  48.983  -56.816  12.438 0.0000000000
126428  48.704  -56.667  11.845 0.0000000000
126431  48.474  -56.525  11.293 0.0000000000
126432  48.203  -56.424  10.703 0.0000000000
126433  48.068  -56.326  10.090 0.0000000000
126434  47.994  -56.342  9.524 0.0000000000
126435  47.999  -56.410  8.924 0.0000000000
126436  47.405  -56.328  9.337 0.0000000000
126437  46.858  -56.364  9.148 0.0000000000
126438  46.321  -56.443  8.987 0.0000000000
126441  45.765  -56.536  8.876 0.0000000000
126442  45.213  -56.686  8.853 0.0000000000
126443  44.725  -56.872  8.886 0.0000000000
126444  44.188  -57.121  8.933 0.0000000000
126456  40.421  -60.741  9.057 0.0000000000
128148  59.034  -45.052  -7.206 0.0000000000
128149  59.874  -44.744  -7.201 0.0000000000
128150  59.512  -44.526  -7.574 0.0000000000
128151  59.961  -43.896  -7.901 0.0000000000
128152  60.357  -43.190  -8.221 0.0000000000
128153  59.320  -43.282  -8.664 0.0000000000
128154  60.046  -42.899  -8.610 0.0000000000
128155  60.759  -42.527  -8.527 0.0000000000
128156  61.116  -41.886  -8.863 0.0000000000
128157  61.443  -41.263  -9.267 0.0000000000
128158  61.660  -40.625  -9.635 0.0000000000
128159  61.897  -40.175  -9.907 0.0000000000
128160  61.375  -40.556  -10.028 0.0000000000
128161  61.129  -40.529  -10.466 0.0000000000
128162  60.921  -40.590  -10.937 0.0000000000
128163  60.038  -41.455  -10.748 0.0000000000
128164  60.417  -41.115  -11.087 0.0000000000
128165  60.743  -40.738  -11.389 0.0000000000
128166  60.598  -40.924  -11.855 0.0000000000
128167  60.469  -41.141  -12.337 0.0000000000
128169  43.179  -71.738  3.301 0.0000000000
128170  42.705  -70.846  3.432 0.0000000000
128171  42.574  -71.315  3.069 0.0000000000
128172  42.050  -70.821  2.875 0.0000000000
128173  41.613  -70.267  2.700 0.0000000000
128174  41.894  -71.599  2.101 0.0000000000
128175  41.457  -70.633  2.329 0.0000000000
128176  41.241  -69.617  2.521 0.0000000000
128177  40.924  -68.884  2.279 0.0000000000
128178  40.658  -68.128  2.052 0.0000000000
128179  40.428  -67.264  1.798 0.0000000000
128180  40.490  -67.240  -1.874 0.0000000000
128181  40.370  -66.978  -1.384 0.0000000000
128182  40.602  -66.143  -1.730 0.0000000000
128183  40.774  -65.096  -1.520 0.0000000000
128184  41.092  -63.945  -1.374 0.0000000000
128228  54.475  -58.925  -6.997 0.0000000000
128229  54.333  -58.584  -6.650 0.0000000000
128230  54.437  -57.711  -6.914 0.0000000000
128231  54.409  -56.820  -7.247 0.0000000000
128232  54.232  -56.032  -7.581 0.0000000000
128233  54.066  -55.171  -7.879 0.0000000000
128234  54.455  -55.521  -8.206 0.0000000000
128235  54.563  -54.918  -8.770 0.0000000000
128236  54.577  -54.342  -9.239 0.0000000000
128237  55.307  -55.524  -9.258 0.0000000000
128238  54.963  -54.728  -9.506 0.0000000000
128239  54.550  -53.797  -9.672 0.0000000000
128240  54.481  -53.165  -10.089 0.0000000000
128241  54.503  -52.648  -10.473 0.0000000000
128242  54.451  -51.957  -10.808 0.0000000000
130750  44.875  -60.525  6.898 0.0000000000
130751  45.621  -60.623  6.646 0.0000000000
130752  45.246  -60.783  6.655 0.0000000000
130753  45.631  -61.044  6.380 0.0000000000
130754  45.969  -61.281  6.118 0.0000000000
130755  44.973  -61.374  6.407 0.0000000000
130756  45.645  -61.421  6.137 0.0000000000
130757  46.278  -61.535  5.842 0.0000000000
130758  46.511  -61.739  5.500 0.0000000000
130759  46.628  -61.829  5.089 0.0000000000
130760  46.533  -61.720  4.730 0.0000000000
130761  43.723  -62.720  6.341 0.0000000000
130762  44.234  -62.435  6.118 0.0000000000
130763  44.735  -62.301  5.822 0.0000000000
130764  44.355  -62.846  5.353 0.0000000000
130765  44.779  -62.458  5.444 0.0000000000
130766  45.220  -62.167  5.500 0.0000000000
130767  45.669  -62.033  5.087 0.0000000000
130768  46.018  -61.808  4.786 0.0000000000
130769  46.389  -61.550  4.446 0.0000000000
130770  46.279  -61.372  4.217 0.0000000000
130771  46.156  -61.173  3.993 0.0000000000
130772  46.007  -60.984  3.733 0.0000000000
130773  44.971  -61.719  3.961 0.0000000000
130774  45.396  -61.306  3.710 0.0000000000
130775  45.832  -60.848  3.440 0.0000000000
130776  45.682  -60.715  3.196 0.0000000000
130777  45.473  -60.622  2.921 0.0000000000
130778  45.279  -60.590  2.633 0.0000000000
135732  47.710  -52.560  13.353 0.0000000000
135733  48.143  -52.949  13.507 0.0000000000
135734  48.636  -53.338  13.617 0.0000000000
135735  48.965  -53.678  13.789 0.0000000000
137248  54.267  -51.173  7.350 0.0000000000
137249  54.353  -50.703  6.991 0.0000000000
137250  54.778  -51.204  7.184 0.0000000000
137251  55.263  -51.176  6.979 0.0000000000
137252  55.743  -51.150  6.753 0.0000000000
137253  56.092  -52.247  7.390 0.0000000000
137254  56.163  -51.708  6.935 0.0000000000
137255  56.232  -51.189  6.535 0.0000000000
137256  56.671  -51.186  6.269 0.0000000000
137257  57.062  -51.146  5.978 0.0000000000
137314  59.264  -46.090  -6.335 0.0000000000
137315  58.907  -45.803  -6.646 0.0000000000
137317  56.518  -48.344  -5.671 0.0000000000
137318  56.919  -47.780  -5.929 0.0000000000
137319  55.909  -48.000  -6.178 0.0000000000
137320  56.591  -47.599  -6.149 0.0000000000
137321  57.259  -47.280  -6.138 0.0000000000
137322  57.647  -46.739  -6.409 0.0000000000
137323  58.102  -46.186  -6.668 0.0000000000
137324  58.570  -45.613  -6.967 0.0000000000
137325  58.244  -45.401  -7.292 0.0000000000
137326  57.907  -45.173  -7.622 0.0000000000
137327  57.542  -45.002  -7.977 0.0000000000
137328  56.333  -45.989  -7.713 0.0000000000
137329  56.763  -45.424  -8.017 0.0000000000
137330  57.240  -44.807  -8.333 0.0000000000
137331  56.955  -44.639  -8.676 0.0000000000
137332  56.683  -44.443  -9.089 0.0000000000
137333  56.482  -44.375  -9.501 0.0000000000
137338  41.258  -72.604  -0.521 0.0000000000
137341  40.839  -71.838  -0.795 0.0000000000
137342  40.541  -70.960  -1.144 0.0000000000
137343  40.418  -70.130  -1.426 0.0000000000
137344  40.391  -69.225  -1.721 0.0000000000
137350  40.896  -71.583  -2.573 0.0000000000
137351  40.724  -70.498  -2.355 0.0000000000
137352  40.573  -69.357  -2.198 0.0000000000
137353  40.459  -68.321  -2.012 0.0000000000
137354  40.636  -67.425  -2.340 0.0000000000
137355  40.895  -66.551  -2.661 0.0000000000
137356  41.217  -65.734  -2.957 0.0000000000
137357  41.295  -66.937  -3.488 0.0000000000
137358  41.444  -65.887  -3.358 0.0000000000
137359  41.682  -64.938  -3.210 0.0000000000
137392  56.128  -57.215  -10.530 0.0000000000
143895  46.335  -60.770  6.344 0.0000000000
143896  47.138  -60.955  6.002 0.0000000000
143897  47.913  -61.114  5.629 0.0000000000
143898  47.753  -61.483  5.346 0.0000000000
143899  48.210  -61.348  5.279 0.0000000000
143900  48.716  -61.211  5.213 0.0000000000
143901  49.387  -61.317  4.794 0.0000000000
143902  49.982  -61.341  4.334 0.0000000000
143903  50.584  -61.168  3.871 0.0000000000
143904  47.815  -61.052  3.916 0.0000000000
143905  48.217  -61.004  3.816 0.0000000000
143906  48.746  -60.881  3.660 0.0000000000
143907  49.028  -60.205  3.154 0.0000000000
143908  49.171  -60.530  3.355 0.0000000000
143909  49.352  -60.886  3.595 0.0000000000
143910  49.908  -60.902  3.498 0.0000000000
143911  50.499  -60.917  3.463 0.0000000000
143912  51.108  -60.911  3.458 0.0000000000
143913  51.601  -60.567  3.045 0.0000000000
143914  52.132  -60.182  2.807 0.0000000000
143915  52.622  -59.766  2.574 0.0000000000
143916  51.799  -59.462  2.443 0.0000000000
143917  52.417  -59.394  2.384 0.0000000000
143918  53.123  -59.293  2.398 0.0000000000
143919  53.586  -58.839  2.162 0.0000000000
143920  54.075  -58.323  1.873 0.0000000000
143921  54.596  -57.814  1.526 0.0000000000
143922  54.441  -57.338  1.155 0.0000000000
143923  54.264  -56.869  0.745 0.0000000000
143924  54.071  -56.381  0.297 0.0000000000
143925  52.951  -56.996  0.744 0.0000000000
143926  53.413  -56.482  0.309 0.0000000000
143927  53.899  -55.867  -0.245 0.0000000000
143928  53.731  -55.467  -0.750 0.0000000000
143929  53.618  -55.185  -1.206 0.0000000000
143930  53.526  -55.027  -1.662 0.0000000000
143931  50.665  -57.298  0.796 0.0000000000
143932  51.101  -56.913  0.282 0.0000000000
143933  51.522  -56.504  -0.227 0.0000000000
143934  51.092  -56.609  -0.508 0.0000000000
143935  51.550  -56.381  -0.631 0.0000000000
143936  51.997  -56.179  -0.670 0.0000000000
143937  52.481  -55.774  -1.181 0.0000000000
143938  52.994  -55.368  -1.654 0.0000000000
143939  53.404  -54.934  -2.164 0.0000000000
143940  53.278  -54.869  -2.620 0.0000000000
143941  53.113  -54.875  -2.982 0.0000000000
143942  52.932  -54.854  -3.302 0.0000000000
143943  52.255  -55.839  -2.803 0.0000000000
143944  52.534  -55.353  -3.261 0.0000000000
143945  52.741  -54.811  -3.595 0.0000000000
143946  52.549  -54.673  -3.812 0.0000000000
143947  52.381  -54.591  -4.021 0.0000000000
143948  52.246  -54.535  -4.235 0.0000000000
148762  44.295  -68.356  6.934 0.0000000000
148763  44.127  -68.088  6.610 0.0000000000
148764  44.401  -68.690  6.512 0.0000000000
148765  44.355  -69.042  6.066 0.0000000000
148766  44.236  -69.472  5.570 0.0000000000
148769  44.144  -69.917  5.143 0.0000000000
148770  44.094  -70.402  4.690 0.0000000000
148771  44.018  -70.911  4.270 0.0000000000
148772  43.891  -71.432  3.930 0.0000000000
148780  44.348  -72.142  3.803 0.0000000000
148781  43.756  -71.945  3.566 0.0000000000
148782  43.605  -72.434  3.209 0.0000000000
148783  43.495  -72.902  2.797 0.0000000000
148784  43.483  -73.272  2.389 0.0000000000
148787  43.494  -73.536  1.976 0.0000000000
158037  53.181  -50.464  7.311 0.0000000000
158063  52.878  -50.763  7.623 0.0000000000
158064  53.561  -50.985  7.501 0.0000000000
158065  53.945  -51.437  7.670 0.0000000000
158066  54.359  -51.923  7.816 0.0000000000
158067  54.749  -52.428  7.970 0.0000000000
158068  53.674  -52.385  8.215 0.0000000000
158069  54.362  -52.680  8.163 0.0000000000
158070  55.037  -52.918  8.184 0.0000000000
158071  55.427  -53.415  8.363 0.0000000000
158072  55.695  -53.951  8.546 0.0000000000
158073  55.842  -54.477  8.680 0.0000000000
158074  52.507  -53.420  9.508 0.0000000000
158075  53.105  -53.636  9.400 0.0000000000
158076  53.707  -53.912  9.307 0.0000000000
158077  53.654  -54.670  9.886 0.0000000000
158078  53.962  -54.439  9.521 0.0000000000
158079  54.351  -54.181  9.189 0.0000000000
158080  54.928  -54.464  9.089 0.0000000000
158081  55.413  -54.728  8.916 0.0000000000
158115  47.326  -53.383  14.967 0.0000000000
158116  48.017  -53.584  14.587 0.0000000000
158117  48.663  -53.786  14.294 0.0000000000
158118  49.317  -54.061  13.928 0.0000000000
158139  48.773  -54.693  15.537 0.0000000000
158140  49.816  -55.420  15.328 0.0000000000
158141  49.451  -55.042  15.219 0.0000000000
158142  49.073  -54.613  15.043 0.0000000000
158143  49.384  -54.549  14.552 0.0000000000
158144  49.696  -54.483  14.060 0.0000000000
158145  49.992  -54.393  13.577 0.0000000000
158146  50.661  -54.774  13.285 0.0000000000
158147  51.305  -55.129  13.040 0.0000000000
158148  51.864  -55.481  12.725 0.0000000000
158149  51.730  -56.053  13.203 0.0000000000
158150  52.019  -55.958  12.770 0.0000000000
158151  52.312  -55.815  12.351 0.0000000000
158152  52.704  -56.138  12.022 0.0000000000
158153  53.002  -56.350  11.650 0.0000000000
158154  53.094  -56.593  11.254 0.0000000000
158155  50.565  -57.022  12.831 0.0000000000
158156  51.051  -57.062  12.494 0.0000000000
158157  51.505  -57.038  12.183 0.0000000000
158158  50.454  -56.869  11.395 0.0000000000
158159  51.226  -57.018  11.674 0.0000000000
158160  51.976  -57.052  11.861 0.0000000000
158161  52.385  -56.973  11.520 0.0000000000
158162  52.734  -56.898  11.189 0.0000000000
158163  53.094  -56.811  10.843 0.0000000000
158164  52.989  -56.894  10.402 0.0000000000
158165  52.818  -56.817  9.927 0.0000000000
158167  51.635  -56.729  9.301 0.0000000000
158185  46.964  -57.108  7.650 0.0000000000
158192  47.469  -59.053  6.444 0.0000000000
158193  46.965  -59.182  6.538 0.0000000000
158194  46.153  -58.640  7.043 0.0000000000
158195  46.231  -58.998  6.824 0.0000000000
158196  46.456  -59.305  6.673 0.0000000000
158197  46.008  -59.498  6.808 0.0000000000
158198  45.600  -59.710  6.926 0.0000000000
158199  45.139  -59.960  7.045 0.0000000000
158207  43.612  -57.094  9.401 0.0000000000
158208  43.614  -57.387  9.014 0.0000000000
158215  42.532  -57.626  9.577 0.0000000000
158216  43.083  -57.620  9.125 0.0000000000
158217  43.623  -57.697  8.680 0.0000000000
158218  43.668  -58.073  8.379 0.0000000000
158219  43.770  -58.471  8.107 0.0000000000
158220  43.867  -58.857  7.851 0.0000000000
158221  42.883  -59.061  8.324 0.0000000000
158222  43.463  -59.118  7.958 0.0000000000
158223  44.049  -59.166  7.666 0.0000000000
158224  44.288  -59.490  7.463 0.0000000000
158225  44.495  -59.845  7.280 0.0000000000
158226  44.657  -60.213  7.109 0.0000000000
158227  44.241  -60.467  7.105 0.0000000000
158228  43.909  -60.714  7.067 0.0000000000
158229  43.580  -60.951  7.049 0.0000000000
158230  42.715  -60.731  7.535 0.0000000000
158231  42.999  -60.984  7.256 0.0000000000
158232  43.316  -61.224  6.996 0.0000000000
158233  43.057  -61.626  7.006 0.0000000000
158234  42.859  -62.085  7.019 0.0000000000
158235  42.707  -62.593  7.027 0.0000000000
158236  40.648  -61.124  8.624 0.0000000000
158237  40.888  -61.487  8.269 0.0000000000
158238  41.208  -61.841  7.948 0.0000000000
158239  40.697  -62.604  8.252 0.0000000000
158240  41.105  -62.408  7.932 0.0000000000
158241  41.563  -62.209  7.648 0.0000000000
158242  41.915  -62.538  7.415 0.0000000000
158243  42.259  -62.854  7.231 0.0000000000
158244  42.578  -63.149  7.037 0.0000000000
158245  42.487  -63.746  7.057 0.0000000000
158246  42.527  -64.353  7.079 0.0000000000
158247  42.599  -64.966  7.164 0.0000000000
158248  41.960  -64.995  7.657 0.0000000000
158249  42.334  -65.296  7.480 0.0000000000
158250  42.744  -65.572  7.261 0.0000000000
158251  43.004  -66.187  7.347 0.0000000000
158252  43.388  -66.836  7.407 0.0000000000
158253  43.741  -67.482  7.395 0.0000000000
158495  43.765  -67.899  7.762 0.0000000000
158496  44.169  -68.154  7.368 0.0000000000
162412  54.368  -50.195  6.587 0.0000000000
162413  54.282  -49.698  6.114 0.0000000000
162415  55.179  -49.634  5.590 0.0000000000
162583  60.664  -44.479  -7.139 0.0000000000
162584  61.472  -44.077  -7.008 0.0000000000
162585  62.235  -43.709  -6.969 0.0000000000
162586  62.234  -42.688  -7.691 0.0000000000
162587  62.620  -43.002  -7.335 0.0000000000
162603  64.569  -36.285  -9.330 0.0000000000
162604  64.095  -37.402  -9.407 0.0000000000
162605  64.299  -36.799  -9.607 0.0000000000
162606  64.501  -36.223  -9.837 0.0000000000
162607  64.465  -36.214  -10.389 0.0000000000
162608  64.454  -36.236  -10.984 0.0000000000
162609  64.473  -36.223  -11.587 0.0000000000
162610  62.142  -39.596  -10.198 0.0000000000
162611  62.528  -38.989  -10.470 0.0000000000
162612  62.858  -38.383  -10.699 0.0000000000
162613  62.175  -39.069  -11.366 0.0000000000
162614  62.690  -38.422  -11.210 0.0000000000
162615  63.270  -37.872  -11.033 0.0000000000
162616  63.658  -37.336  -11.472 0.0000000000
162617  64.033  -36.840  -11.842 0.0000000000
162628  43.876  -67.649  6.251 0.0000000000
162629  43.628  -67.289  5.879 0.0000000000
162630  43.356  -66.911  5.504 0.0000000000
162631  43.178  -68.160  4.999 0.0000000000
162632  43.086  -67.278  5.113 0.0000000000
162633  43.067  -66.458  5.174 0.0000000000
162634  42.853  -65.954  4.880 0.0000000000
162635  42.699  -65.439  4.607 0.0000000000
162636  42.644  -64.935  4.315 0.0000000000
162637  42.293  -69.986  3.535 0.0000000000
162638  42.123  -69.034  3.610 0.0000000000
162639  41.944  -68.056  3.619 0.0000000000
162640  41.389  -67.786  3.106 0.0000000000
162641  41.616  -67.464  3.381 0.0000000000
162642  41.869  -67.126  3.718 0.0000000000
162643  42.011  -66.088  3.911 0.0000000000
162644  42.299  -65.223  3.992 0.0000000000
162645  42.652  -64.375  4.022 0.0000000000
162646  42.798  -63.785  3.751 0.0000000000
162647  43.032  -63.191  3.505 0.0000000000
162648  43.297  -62.644  3.258 0.0000000000
162649  42.333  -63.413  2.963 0.0000000000
162650  42.965  -62.740  2.999 0.0000000000
162651  43.627  -62.126  3.067 0.0000000000
162652  44.054  -61.561  2.864 0.0000000000
162653  44.532  -61.073  2.633 0.0000000000
162654  45.035  -60.563  2.362 0.0000000000
162655  41.896  -72.467  0.503 0.0000000000
162656  41.413  -71.583  0.735 0.0000000000
162657  40.966  -70.693  0.973 0.0000000000
162658  40.533  -70.162  0.291 0.0000000000
162659  40.554  -69.944  0.746 0.0000000000
162660  40.599  -69.776  1.167 0.0000000000
162661  40.380  -68.732  1.313 0.0000000000
162662  40.254  -67.603  1.461 0.0000000000
162663  40.293  -66.436  1.553 0.0000000000
162664  40.267  -66.742  -0.832 0.0000000000
162665  40.183  -66.561  -0.344 0.0000000000
162666  40.094  -66.414  0.117 0.0000000000
162667  40.604  -64.232  -0.137 0.0000000000
162668  40.290  -65.182  0.207 0.0000000000
162669  40.116  -66.124  0.526 0.0000000000
162670  40.181  -65.838  0.954 0.0000000000
162671  40.337  -65.527  1.294 0.0000000000
162672  40.540  -65.229  1.608 0.0000000000
162673  40.941  -64.110  1.677 0.0000000000
162674  41.552  -63.115  1.723 0.0000000000
162675  42.295  -62.295  1.834 0.0000000000
162676  42.481  -61.603  1.211 0.0000000000
162677  42.735  -61.580  1.581 0.0000000000
162678  43.077  -61.601  1.969 0.0000000000
162679  43.931  -61.066  2.088 0.0000000000
162680  44.732  -60.592  2.131 0.0000000000
162681  45.534  -60.087  2.105 0.0000000000
162682  46.061  -59.585  1.823 0.0000000000
162683  46.599  -59.169  1.619 0.0000000000
162684  47.185  -58.671  1.267 0.0000000000
162687  47.765  -58.271  0.870 0.0000000000
162688  48.409  -57.975  0.405 0.0000000000
162701  51.126  -57.020  -2.062 0.0000000000
162702  51.427  -56.648  -2.730 0.0000000000
162704  51.355  -56.802  -2.872 0.0000000000
162705  51.658  -56.247  -3.295 0.0000000000
162706  51.842  -55.758  -3.793 0.0000000000
162707  52.001  -55.184  -4.203 0.0000000000
162708  52.100  -54.550  -4.461 0.0000000000
162775  52.658  -59.104  -5.082 0.0000000000
162782  51.469  -57.683  -3.726 0.0000000000
162783  51.698  -56.972  -4.068 0.0000000000
162784  52.241  -56.646  -4.940 0.0000000000
162785  51.990  -56.434  -4.677 0.0000000000
162786  51.867  -56.233  -4.432 0.0000000000
162787  52.003  -55.486  -4.670 0.0000000000
162788  52.143  -54.720  -4.850 0.0000000000
162789  52.283  -53.919  -4.883 0.0000000000
162790  52.432  -53.301  -5.281 0.0000000000
162791  52.564  -52.657  -5.681 0.0000000000
162792  52.695  -52.084  -6.171 0.0000000000
162793  52.701  -53.014  -6.632 0.0000000000
162794  52.710  -52.229  -6.647 0.0000000000
162795  52.834  -51.435  -6.577 0.0000000000
162796  52.992  -50.824  -7.032 0.0000000000
162797  53.184  -50.227  -7.433 0.0000000000
162798  53.377  -49.622  -7.744 0.0000000000
162799  53.806  -54.252  -8.162 0.0000000000
162800  53.522  -53.404  -8.369 0.0000000000
162801  53.306  -52.550  -8.476 0.0000000000
162802  53.580  -52.304  -9.182 0.0000000000
162803  53.348  -51.998  -8.843 0.0000000000
162804  53.212  -51.676  -8.482 0.0000000000
162805  53.194  -50.744  -8.388 0.0000000000
162806  53.343  -49.814  -8.214 0.0000000000
162807  53.601  -48.990  -7.937 0.0000000000
162808  53.805  -48.334  -8.166 0.0000000000
162809  54.114  -47.751  -8.342 0.0000000000
162810  54.451  -47.113  -8.610 0.0000000000
162811  53.839  -48.080  -9.221 0.0000000000
162812  54.267  -47.282  -9.042 0.0000000000
162813  54.825  -46.477  -8.903 0.0000000000
162814  55.235  -45.763  -9.199 0.0000000000
162815  55.691  -45.067  -9.553 0.0000000000
162816  56.247  -44.443  -9.993 0.0000000000
162817  56.238  -56.562  -10.664 0.0000000000
162818  56.145  -55.814  -10.938 0.0000000000
162819  55.831  -54.951  -11.031 0.0000000000
162820  56.157  -54.636  -12.109 0.0000000000
162821  55.845  -54.371  -11.584 0.0000000000
162822  55.487  -54.097  -11.130 0.0000000000
162823  55.189  -53.194  -11.235 0.0000000000
162824  54.836  -52.233  -11.214 0.0000000000
162825  54.467  -51.270  -11.197 0.0000000000
162828  55.823  -51.421  -13.107 0.0000000000
162830  55.596  -50.404  -13.047 0.0000000000
162831  55.399  -51.173  -12.608 0.0000000000
162832  54.980  -50.850  -12.130 0.0000000000
162833  54.624  -50.587  -11.629 0.0000000000
162834  54.301  -50.287  -11.170 0.0000000000
162835  54.232  -49.247  -11.075 0.0000000000
162836  54.334  -48.261  -10.939 0.0000000000
162837  54.550  -47.337  -10.733 0.0000000000
162838  55.129  -47.045  -11.575 0.0000000000
162839  55.015  -46.701  -11.086 0.0000000000
162840  54.951  -46.408  -10.590 0.0000000000
162841  55.449  -45.483  -10.531 0.0000000000
162842  56.065  -44.606  -10.479 0.0000000000
162843  56.841  -43.887  -10.450 0.0000000000
162844  57.403  -43.501  -10.894 0.0000000000
162845  57.944  -43.196  -11.350 0.0000000000
162846  58.567  -42.954  -11.825 0.0000000000
162847  57.881  -43.823  -12.192 0.0000000000
162848  58.523  -43.256  -12.275 0.0000000000
162849  59.115  -42.678  -12.269 0.0000000000
162850  59.547  -42.300  -12.571 0.0000000000
